# TeX TeY TeZ ThX ThY THZ P1 P2
5.000000e-01 5.000000e-01 3.200000e-01 5.000000e-01 5.000000e-01 3.200000e-01 0.000000 0.000000 0.000000 0.000000 0.000000 0.000000 0.000000 0.000000 0.000000 0.000000 0.000000 0.000000 0.000000 
5.000000e-01 5.000000e-01 3.071645e-01 5.000000e-01 5.000000e-01 3.289626e-01 -0.014305 0.002587 0.003036 0.003058 0.003036 0.002587 0.014305 0.002093 -0.003271 -0.011948 -0.003271 0.002093 0.000000 
5.000000e-01 5.000000e-01 2.942967e-01 5.000000e-01 5.000000e-01 3.379161e-01 -0.028625 0.005178 0.006075 0.006119 0.006075 0.005178 0.028625 0.004295 -0.006490 -0.024236 -0.006490 0.004295 0.000000 
5.000000e-01 5.000000e-01 2.813969e-01 5.000000e-01 5.000000e-01 3.468604e-01 -0.042959 0.007771 0.009117 0.009183 0.009117 0.007771 0.042959 0.006624 -0.009631 -0.036944 -0.009631 0.006624 0.000000 
5.000000e-01 5.000000e-01 2.684652e-01 5.000000e-01 5.000000e-01 3.557956e-01 -0.057309 0.010367 0.012162 0.012250 0.012162 0.010367 0.057309 0.009114 -0.012649 -0.050240 -0.012649 0.009114 0.000000 
5.000000e-01 5.000000e-01 2.555020e-01 5.000000e-01 5.000000e-01 3.647216e-01 -0.071673 0.012967 0.015210 0.015320 0.015210 0.012967 0.071673 0.011783 -0.015500 -0.064241 -0.015500 0.011783 0.000000 
5.000000e-01 5.000000e-01 2.425074e-01 5.000000e-01 5.000000e-01 3.736382e-01 -0.086052 0.015568 0.018261 0.018392 0.018261 0.015568 0.086052 0.014626 -0.018151 -0.079001 -0.018151 0.014626 0.000000 
5.000000e-01 5.000000e-01 2.294816e-01 5.000000e-01 5.000000e-01 3.825454e-01 -0.100445 0.018173 0.021316 0.021468 0.021316 0.018173 0.100445 0.017664 -0.020542 -0.094689 -0.020542 0.017664 0.000000 
5.000000e-01 5.000000e-01 2.164249e-01 5.000000e-01 5.000000e-01 3.914430e-01 -0.114853 0.020779 0.024373 0.024547 0.024373 0.020779 0.114853 0.020947 -0.022558 -0.111630 -0.022558 0.020947 0.000000 
5.000000e-01 5.000000e-01 2.033374e-01 5.000000e-01 5.000000e-01 4.003312e-01 -0.129275 0.023389 0.027434 0.027630 0.027434 0.023389 0.129275 0.024445 -0.024164 -0.129838 -0.024164 0.024445 0.000000 
5.000000e-01 5.000000e-01 1.902192e-01 5.000000e-01 5.000000e-01 4.092096e-01 -0.143711 0.026000 0.030497 0.030716 0.030497 0.026000 0.143711 0.028165 -0.025268 -0.149506 -0.025268 0.028165 0.000000 
5.000000e-01 5.000000e-01 1.770703e-01 5.000000e-01 5.000000e-01 4.180784e-01 -0.158162 0.028614 0.033564 0.033806 0.033564 0.028614 0.158162 0.032173 -0.025631 -0.171246 -0.025631 0.032173 0.000000 
5.000000e-01 5.000000e-01 1.638907e-01 5.000000e-01 5.000000e-01 4.269373e-01 -0.172629 0.031230 0.036635 0.036900 0.036635 0.031230 0.172629 0.036432 -0.025201 -0.195090 -0.025201 0.036432 0.000000 
5.000000e-01 5.000000e-01 1.506801e-01 5.000000e-01 5.000000e-01 4.357864e-01 -0.187112 0.033848 0.039709 0.039997 0.039709 0.033848 0.187112 0.040942 -0.023827 -0.221343 -0.023827 0.040942 0.000000 
5.000000e-01 5.000000e-01 1.374383e-01 5.000000e-01 5.000000e-01 4.446255e-01 -0.201614 0.036470 0.042787 0.043100 0.042787 0.036470 0.201614 0.045754 -0.021115 -0.250892 -0.021115 0.045754 0.000000 
5.000000e-01 5.000000e-01 1.241646e-01 5.000000e-01 5.000000e-01 4.534545e-01 -0.216136 0.039094 0.045870 0.046208 0.045870 0.039094 0.216136 0.050833 -0.016930 -0.283943 -0.016930 0.050833 0.000000 
5.000000e-01 5.000000e-01 1.108581e-01 5.000000e-01 5.000000e-01 4.622734e-01 -0.230681 0.041722 0.048958 0.049322 0.048958 0.041722 0.230681 0.056165 -0.011061 -0.320890 -0.011061 0.056165 0.000000 
5.000000e-01 5.000000e-01 9.751743e-02 5.000000e-01 5.000000e-01 4.710820e-01 -0.245255 0.044354 0.052052 0.052443 0.052052 0.044354 0.245255 0.061784 -0.002890 -0.363045 -0.002890 0.061784 0.000000 
5.000000e-01 5.000000e-01 8.414090e-02 5.000000e-01 5.000000e-01 4.798804e-01 -0.259863 0.046991 0.055154 0.055573 0.055154 0.046991 0.259863 0.067653 0.007759 -0.410688 0.007759 0.067653 0.000000 
5.000000e-01 5.000000e-01 7.072623e-02 5.000000e-01 5.000000e-01 4.886683e-01 -0.274512 0.049635 0.058264 0.058713 0.058264 0.049635 0.274511 0.073742 0.021081 -0.464157 0.021081 0.073742 0.000000 
5.000000e-01 5.000000e-01 5.727109e-02 5.000000e-01 5.000000e-01 4.974458e-01 -0.289213 0.052287 0.061387 0.061865 0.061387 0.052287 0.289213 0.080076 0.037814 -0.524993 0.037814 0.080076 0.000000 
5.000000e-01 5.000000e-01 4.377355e-02 5.000000e-01 5.000000e-01 5.062127e-01 -0.303971 0.054948 0.064521 0.065032 0.064521 0.054948 0.303970 0.086604 0.057755 -0.592689 0.057755 0.086604 0.000000 
5.000000e-01 5.000000e-01 3.023294e-02 5.000000e-01 5.000000e-01 5.149689e-01 -0.318787 0.057619 0.067669 0.068212 0.067669 0.057619 0.318787 0.093292 0.080664 -0.666699 0.080664 0.093292 0.000000 
5.000000e-01 5.000000e-01 1.665115e-02 5.000000e-01 5.000000e-01 5.237144e-01 -0.333664 0.060299 0.070829 0.071407 0.070829 0.060299 0.333664 0.100121 0.106496 -0.746898 0.106496 0.100121 0.000000 
5.000000e-01 5.000000e-01 4.999863e-03 5.000000e-01 5.000000e-01 5.324490e-01 -0.347254 0.062743 0.073718 0.074331 0.073718 0.062743 0.347254 0.105945 0.129678 -0.818499 0.129678 0.105945 0.000000 
5.000000e-01 5.000000e-01 4.999863e-03 5.000000e-01 5.000000e-01 5.411727e-01 -0.352980 0.063756 0.074940 0.075587 0.074940 0.063756 0.352980 0.105417 0.128329 -0.820471 0.128329 0.105417 0.000000 
5.000000e-01 5.000000e-01 4.999863e-03 5.000000e-01 5.000000e-01 5.498853e-01 -0.358699 0.064766 0.076162 0.076844 0.076162 0.064766 0.358699 0.104862 0.126987 -0.822398 0.126987 0.104862 0.000000 
5.000000e-01 5.000000e-01 4.999863e-03 5.000000e-01 5.000000e-01 5.585868e-01 -0.364411 0.065772 0.077383 0.078102 0.077383 0.065772 0.364411 0.104280 0.125653 -0.824278 0.125653 0.104280 0.000000 
5.000000e-01 5.000000e-01 4.999863e-03 5.000000e-01 5.000000e-01 5.672770e-01 -0.370116 0.066775 0.078603 0.079361 0.078603 0.066775 0.370115 0.103675 0.124326 -0.826118 0.124326 0.103675 0.000000 
5.000000e-01 5.000000e-01 4.999863e-03 5.000000e-01 5.000000e-01 5.759559e-01 -0.375812 0.067774 0.079821 0.080621 0.079821 0.067774 0.375812 0.103049 0.123005 -0.827922 0.123005 0.103049 0.000000 
5.000000e-01 5.000000e-01 4.999863e-03 5.000000e-01 5.000000e-01 5.846234e-01 -0.381502 0.068770 0.081039 0.081882 0.081039 0.068770 0.381502 0.102402 0.121692 -0.829690 0.121692 0.102402 0.000000 
5.000000e-01 5.000000e-01 4.999863e-03 5.000000e-01 5.000000e-01 5.932793e-01 -0.387184 0.069763 0.082256 0.083145 0.082256 0.069763 0.387184 0.101737 0.120384 -0.831426 0.120384 0.101737 0.000000 
5.000000e-01 5.000000e-01 4.999863e-03 5.000000e-01 5.000000e-01 6.019236e-01 -0.392858 0.070752 0.083472 0.084409 0.083472 0.070752 0.392858 0.101053 0.119083 -0.833131 0.119083 0.101053 0.000000 
5.000000e-01 5.000000e-01 4.999863e-03 5.000000e-01 5.000000e-01 6.105561e-01 -0.398525 0.071737 0.084688 0.085675 0.084688 0.071737 0.398525 0.100353 0.117788 -0.834807 0.117788 0.100353 0.000000 
5.000000e-01 5.000000e-01 4.999863e-03 5.000000e-01 5.000000e-01 6.191768e-01 -0.404184 0.072718 0.085902 0.086943 0.085902 0.072718 0.404184 0.099634 0.116500 -0.836452 0.116500 0.099634 0.000000 
5.000000e-01 5.000000e-01 4.999863e-03 5.000000e-01 5.000000e-01 6.277856e-01 -0.409835 0.073695 0.087116 0.088214 0.087116 0.073695 0.409835 0.098899 0.115218 -0.838069 0.115218 0.098899 0.000000 
5.000000e-01 5.000000e-01 4.999863e-03 5.000000e-01 5.000000e-01 6.363822e-01 -0.415478 0.074667 0.088329 0.089486 0.088329 0.074667 0.415478 0.098151 0.113941 -0.839662 0.113941 0.098151 0.000000 
5.000000e-01 5.000000e-01 4.999863e-03 5.000000e-01 5.000000e-01 6.449667e-01 -0.421113 0.075635 0.089541 0.090762 0.089541 0.075635 0.421113 0.097389 0.112670 -0.841231 0.112670 0.097389 0.000000 
5.000000e-01 5.000000e-01 4.999863e-03 5.000000e-01 5.000000e-01 6.535389e-01 -0.426740 0.076598 0.090752 0.092039 0.090752 0.076598 0.426740 0.096615 0.111404 -0.842779 0.111404 0.096615 0.000000 
5.000000e-01 5.000000e-01 4.999863e-03 5.000000e-01 5.000000e-01 6.620987e-01 -0.432359 0.077557 0.091963 0.093320 0.091963 0.077557 0.432359 0.095829 0.110143 -0.844305 0.110143 0.095829 0.000000 
5.000000e-01 5.000000e-01 4.999863e-03 5.000000e-01 5.000000e-01 6.706460e-01 -0.437970 0.078511 0.093173 0.094603 0.093173 0.078511 0.437970 0.095033 0.108888 -0.845812 0.108888 0.095033 0.000000 
5.000000e-01 5.000000e-01 4.999863e-03 5.000000e-01 5.000000e-01 6.791806e-01 -0.443573 0.079459 0.094382 0.095891 0.094382 0.079459 0.443573 0.094224 0.107638 -0.847298 0.107638 0.094224 0.000000 
5.000000e-01 5.000000e-01 4.999863e-03 5.000000e-01 5.000000e-01 6.877025e-01 -0.449167 0.080401 0.095591 0.097182 0.095591 0.080401 0.449167 0.093406 0.106393 -0.848764 0.106393 0.093406 0.000000 
5.000000e-01 5.000000e-01 4.999863e-03 5.000000e-01 5.000000e-01 6.962116e-01 -0.454752 0.081338 0.096799 0.098477 0.096799 0.081338 0.454752 0.092578 0.105153 -0.850214 0.105153 0.092578 0.000000 
5.000000e-01 5.000000e-01 4.999863e-03 5.000000e-01 5.000000e-01 7.047076e-01 -0.460330 0.082269 0.098007 0.099777 0.098007 0.082269 0.460330 0.091742 0.103917 -0.851648 0.103917 0.091742 0.000000 
5.000000e-01 5.000000e-01 4.999863e-03 5.000000e-01 5.000000e-01 7.131905e-01 -0.465898 0.083194 0.099215 0.101080 0.099215 0.083194 0.465898 0.090899 0.102686 -0.853067 0.102686 0.090899 0.000000 
5.000000e-01 5.000000e-01 4.999863e-03 5.000000e-01 5.000000e-01 7.216602e-01 -0.471458 0.084113 0.100422 0.102389 0.100422 0.084113 0.471458 0.090048 0.101459 -0.854471 0.101459 0.090048 0.000000 
5.000000e-01 5.000000e-01 4.999863e-03 5.000000e-01 5.000000e-01 7.301166e-01 -0.477009 0.085026 0.101628 0.103702 0.101628 0.085026 0.477009 0.089190 0.100236 -0.855861 0.100236 0.089190 0.000000 
5.000000e-01 5.000000e-01 4.999863e-03 5.000000e-01 5.000000e-01 7.385594e-01 -0.482552 0.085930 0.102835 0.105022 0.102835 0.085930 0.482551 0.088324 0.099018 -0.857236 0.099018 0.088324 0.000000 
5.000000e-01 5.000000e-01 4.999863e-03 5.000000e-01 5.000000e-01 7.469886e-01 -0.488085 0.086828 0.104041 0.106347 0.104041 0.086828 0.488085 0.087453 0.097804 -0.858599 0.097804 0.087453 0.000000 
5.000000e-01 5.000000e-01 4.999863e-03 5.000000e-01 5.000000e-01 7.554041e-01 -0.493609 0.087718 0.105247 0.107679 0.105247 0.087718 0.493609 0.086576 0.096594 -0.859949 0.096594 0.086576 0.000000 
5.000000e-01 5.000000e-01 4.999863e-03 5.000000e-01 5.000000e-01 7.638057e-01 -0.499124 0.088601 0.106453 0.109017 0.106453 0.088601 0.499124 0.085694 0.095388 -0.861289 0.095388 0.085694 0.000000 
5.000000e-01 5.000000e-01 4.999863e-03 5.000000e-01 5.000000e-01 7.721933e-01 -0.504631 0.089476 0.107658 0.110362 0.107658 0.089476 0.504630 0.084807 0.094186 -0.862617 0.094186 0.084807 0.000000 
5.000000e-01 5.000000e-01 4.999863e-03 5.000000e-01 5.000000e-01 7.805667e-01 -0.510127 0.090342 0.108864 0.111714 0.108864 0.090342 0.510127 0.083916 0.092988 -0.863935 0.092988 0.083916 0.000000 
5.000000e-01 5.000000e-01 4.999863e-03 5.000000e-01 5.000000e-01 7.889259e-01 -0.515615 0.091199 0.110070 0.113076 0.110070 0.091199 0.515614 0.083020 0.091793 -0.865242 0.091793 0.083020 0.000000 
5.000000e-01 5.000000e-01 4.999863e-03 5.000000e-01 5.000000e-01 7.972706e-01 -0.521092 0.092047 0.111276 0.114446 0.111276 0.092047 0.521092 0.082121 0.090602 -0.866539 0.090602 0.082121 0.000000 
5.000000e-01 5.000000e-01 4.999863e-03 5.000000e-01 5.000000e-01 8.056008e-01 -0.526561 0.092885 0.112482 0.115825 0.112482 0.092885 0.526561 0.081218 0.089415 -0.867826 0.089415 0.081218 0.000000 
5.000000e-01 5.000000e-01 4.999863e-03 5.000000e-01 5.000000e-01 8.139162e-01 -0.532019 0.093714 0.113689 0.117214 0.113689 0.093714 0.532019 0.080312 0.088231 -0.869105 0.088231 0.080312 0.000000 
5.000000e-01 5.000000e-01 4.999863e-03 5.000000e-01 5.000000e-01 8.222168e-01 -0.537468 0.094532 0.114896 0.118612 0.114896 0.094532 0.537468 0.079403 0.087051 -0.870376 0.087051 0.079403 0.000000 
5.000000e-01 5.000000e-01 4.999863e-03 5.000000e-01 5.000000e-01 8.305023e-01 -0.542907 0.095341 0.116103 0.120020 0.116103 0.095341 0.542907 0.078492 0.085874 -0.871639 0.085874 0.078492 0.000000 
5.000000e-01 5.000000e-01 4.999863e-03 5.000000e-01 5.000000e-01 8.387727e-01 -0.548336 0.096137 0.117311 0.121442 0.117311 0.096137 0.548336 0.077578 0.084700 -0.872893 0.084700 0.077578 0.000000 
5.000000e-01 5.000000e-01 4.999863e-03 5.000000e-01 5.000000e-01 8.470278e-01 -0.553755 0.096920 0.118519 0.122876 0.118519 0.096920 0.553755 0.076661 0.083530 -0.874139 0.083530 0.076661 0.000000 
5.000000e-01 5.000000e-01 4.999863e-03 5.000000e-01 5.000000e-01 8.552674e-01 -0.559164 0.097692 0.119728 0.124323 0.119728 0.097692 0.559164 0.075743 0.082364 -0.875378 0.082364 0.075743 0.000000 
5.000000e-01 5.000000e-01 4.999863e-03 5.000000e-01 5.000000e-01 8.634914e-01 -0.564563 0.098452 0.120938 0.125783 0.120938 0.098452 0.564563 0.074823 0.081200 -0.876610 0.081200 0.074823 0.000000 
5.000000e-01 5.000000e-01 4.999863e-03 5.000000e-01 5.000000e-01 8.716996e-01 -0.569951 0.099198 0.122149 0.127256 0.122149 0.099198 0.569951 0.073902 0.080040 -0.877836 0.080040 0.073902 0.000000 
5.000000e-01 5.000000e-01 4.999863e-03 5.000000e-01 5.000000e-01 8.798919e-01 -0.575329 0.099932 0.123360 0.128744 0.123360 0.099932 0.575328 0.072980 0.078883 -0.879055 0.078883 0.072980 0.000000 
5.000000e-01 5.000000e-01 4.999863e-03 5.000000e-01 5.000000e-01 8.880681e-01 -0.580696 0.100649 0.124573 0.130252 0.124573 0.100649 0.580696 0.072056 0.077729 -0.880266 0.077729 0.072056 0.000000 
5.000000e-01 5.000000e-01 4.999863e-03 5.000000e-01 5.000000e-01 8.962280e-01 -0.586052 0.101351 0.125787 0.131777 0.125787 0.101351 0.586052 0.071132 0.076578 -0.881472 0.076578 0.071132 0.000000 
5.000000e-01 5.000000e-01 4.999863e-03 5.000000e-01 5.000000e-01 9.043714e-01 -0.591398 0.102038 0.127002 0.133318 0.127002 0.102038 0.591398 0.070207 0.075430 -0.882672 0.075430 0.070207 0.000000 
5.000000e-01 5.000000e-01 4.999863e-03 5.000000e-01 5.000000e-01 9.124982e-01 -0.596732 0.102709 0.128218 0.134878 0.128218 0.102709 0.596732 0.069281 0.074286 -0.883866 0.074286 0.069281 0.000000 
5.000000e-01 5.000000e-01 4.999863e-03 5.000000e-01 5.000000e-01 9.206082e-01 -0.602056 0.103365 0.129435 0.136456 0.129435 0.103365 0.602056 0.068355 0.073144 -0.885055 0.073144 0.068355 0.000000 
5.000000e-01 5.000000e-01 4.999863e-03 5.000000e-01 5.000000e-01 9.287013e-01 -0.607369 0.104000 0.130655 0.138059 0.130655 0.104000 0.607369 0.067429 0.072006 -0.886238 0.072006 0.067429 0.000000 
5.000000e-01 5.000000e-01 4.999863e-03 5.000000e-01 5.000000e-01 9.367772e-01 -0.612670 0.104617 0.131875 0.139686 0.131875 0.104617 0.612670 0.066502 0.070871 -0.887415 0.070871 0.066502 0.000000 
5.000000e-01 5.000000e-01 4.999863e-03 5.000000e-01 5.000000e-01 9.448358e-01 -0.617960 0.105215 0.133098 0.141335 0.133098 0.105215 0.617960 0.065575 0.069738 -0.888588 0.069738 0.065575 0.000000 
5.000000e-01 5.000000e-01 4.999863e-03 5.000000e-01 5.000000e-01 9.528769e-01 -0.623238 0.105794 0.134321 0.143008 0.134321 0.105794 0.623238 0.064649 0.068609 -0.889755 0.068609 0.064649 0.000000 
5.000000e-01 5.000000e-01 4.999863e-03 5.000000e-01 5.000000e-01 9.609003e-01 -0.628505 0.106354 0.135546 0.144705 0.135546 0.106354 0.628505 0.063723 0.067483 -0.890917 0.067483 0.063723 0.000000 
5.000000e-01 5.000000e-01 4.999863e-03 5.000000e-01 5.000000e-01 9.689058e-01 -0.633760 0.106890 0.136773 0.146433 0.136773 0.106890 0.633759 0.062798 0.066360 -0.892075 0.066360 0.062798 0.000000 
5.000000e-01 5.000000e-01 4.999863e-03 5.000000e-01 5.000000e-01 9.768932e-01 -0.639003 0.107401 0.138003 0.148194 0.138003 0.107401 0.639002 0.061872 0.065240 -0.893227 0.065240 0.061872 0.000000 
5.000000e-01 5.000000e-01 4.999863e-03 5.000000e-01 5.000000e-01 9.848624e-01 -0.644234 0.107891 0.139234 0.149984 0.139234 0.107891 0.644233 0.060948 0.064123 -0.894375 0.064123 0.060948 0.000000 
5.000000e-01 5.000000e-01 4.999863e-03 5.000000e-01 5.000000e-01 9.928130e-01 -0.649452 0.108358 0.140466 0.151805 0.140466 0.108358 0.649452 0.060024 0.063009 -0.895518 0.063009 0.060024 0.000000 
5.000000e-01 5.000000e-01 4.999863e-03 5.000000e-01 5.000000e-01 1.000745e+00 -0.654659 0.108801 0.141700 0.153657 0.141700 0.108801 0.654659 0.059101 0.061898 -0.896657 0.061898 0.059101 0.000000 
5.000000e-01 5.000000e-01 4.999863e-03 5.000000e-01 5.000000e-01 1.008658e+00 -0.659853 0.109214 0.142936 0.155552 0.142936 0.109214 0.659853 0.058179 0.060790 -0.897791 0.060790 0.058179 0.000000 
5.000000e-01 5.000000e-01 4.999863e-03 5.000000e-01 5.000000e-01 1.016552e+00 -0.665035 0.109599 0.144174 0.157488 0.144174 0.109599 0.665035 0.057258 0.059685 -0.898921 0.059685 0.057258 0.000000 
5.000000e-01 5.000000e-01 4.999863e-03 5.000000e-01 5.000000e-01 1.024427e+00 -0.670204 0.109957 0.145414 0.159462 0.145414 0.109957 0.670203 0.056338 0.058583 -0.900047 0.058583 0.056338 0.000000 
5.000000e-01 5.000000e-01 4.999863e-03 5.000000e-01 5.000000e-01 1.032282e+00 -0.675360 0.110288 0.146654 0.161475 0.146654 0.110288 0.675359 0.055420 0.057485 -0.901168 0.057485 0.055420 0.000000 
5.000000e-01 5.000000e-01 4.999863e-03 5.000000e-01 5.000000e-01 1.040118e+00 -0.680503 0.110590 0.147896 0.163529 0.147896 0.110590 0.680503 0.054503 0.056389 -0.902286 0.056389 0.054503 0.000000 
5.000000e-01 5.000000e-01 4.999863e-03 5.000000e-01 5.000000e-01 1.047933e+00 -0.685633 0.110853 0.149141 0.165645 0.149141 0.110853 0.685632 0.053586 0.055296 -0.903398 0.055296 0.053586 0.000000 
5.000000e-01 5.000000e-01 4.999863e-03 5.000000e-01 5.000000e-01 1.055728e+00 -0.690749 0.111084 0.150386 0.167808 0.150386 0.111084 0.690749 0.052672 0.054207 -0.904507 0.054207 0.052672 0.000000 
5.000000e-01 5.000000e-01 4.999863e-03 5.000000e-01 5.000000e-01 1.063503e+00 -0.695852 0.111284 0.151631 0.170021 0.151631 0.111284 0.695852 0.051759 0.053121 -0.905612 0.053121 0.051759 0.000000 
5.000000e-01 5.000000e-01 4.999863e-03 5.000000e-01 5.000000e-01 1.071258e+00 -0.700942 0.111452 0.152877 0.172284 0.152877 0.111452 0.700942 0.050848 0.052038 -0.906713 0.052038 0.050848 0.000000 
5.000000e-01 5.000000e-01 4.999863e-03 5.000000e-01 5.000000e-01 1.078991e+00 -0.706018 0.111580 0.154123 0.174611 0.154123 0.111580 0.706018 0.049938 0.050958 -0.907810 0.050958 0.049938 0.000000 
5.000000e-01 5.000000e-01 4.999863e-03 5.000000e-01 5.000000e-01 1.086703e+00 -0.711080 0.111665 0.155370 0.177011 0.155370 0.111665 0.711080 0.049030 0.049881 -0.908902 0.049881 0.049030 0.000000 
5.000000e-01 5.000000e-01 4.999863e-03 5.000000e-01 5.000000e-01 1.094394e+00 -0.716128 0.111714 0.156615 0.179470 0.156615 0.111714 0.716127 0.048124 0.048807 -0.909991 0.048807 0.048124 0.000000 
5.000000e-01 5.000000e-01 4.999863e-03 5.000000e-01 5.000000e-01 1.102064e+00 -0.721161 0.111726 0.157859 0.181992 0.157859 0.111726 0.721161 0.047220 0.047737 -0.911076 0.047737 0.047220 0.000000 
5.000000e-01 5.000000e-01 4.999863e-03 5.000000e-01 5.000000e-01 1.109711e+00 -0.726180 0.111698 0.159101 0.184583 0.159101 0.111698 0.726180 0.046318 0.046670 -0.912156 0.046670 0.046318 0.000000 
5.000000e-01 5.000000e-01 4.999863e-03 5.000000e-01 5.000000e-01 1.117336e+00 -0.731185 0.111615 0.160340 0.187275 0.160340 0.111615 0.731185 0.045418 0.045606 -0.913233 0.045606 0.045418 0.000000 
5.000000e-01 5.000000e-01 4.999863e-03 5.000000e-01 5.000000e-01 1.124939e+00 -0.736175 0.111491 0.161576 0.190041 0.161576 0.111491 0.736175 0.044519 0.044546 -0.914306 0.044546 0.044519 0.000000 
5.000000e-01 5.000000e-01 4.999863e-03 5.000000e-01 5.000000e-01 1.132520e+00 -0.741150 0.111325 0.162808 0.192884 0.162808 0.111325 0.741150 0.043624 0.043489 -0.915375 0.043489 0.043624 0.000000 
5.000000e-01 5.000000e-01 4.999863e-03 5.000000e-01 5.000000e-01 1.140077e+00 -0.746110 0.111117 0.164034 0.195807 0.164034 0.111117 0.746110 0.042730 0.042435 -0.916440 0.042435 0.042730 0.000000 
5.000000e-01 5.000000e-01 4.999863e-03 5.000000e-01 5.000000e-01 1.147611e+00 -0.751055 0.110844 0.165253 0.198860 0.165253 0.110844 0.751055 0.041839 0.041385 -0.917501 0.041385 0.041839 0.000000 
5.000000e-01 5.000000e-01 4.999863e-03 5.000000e-01 5.000000e-01 1.155122e+00 -0.755984 0.110525 0.166463 0.202008 0.166463 0.110525 0.755984 0.040949 0.040338 -0.918559 0.040338 0.040949 0.000000 
5.000000e-01 5.000000e-01 4.999863e-03 5.000000e-01 5.000000e-01 1.162609e+00 -0.760898 0.110159 0.167665 0.205250 0.167665 0.110159 0.760898 0.040063 0.039294 -0.919612 0.039294 0.040063 0.000000 
5.000000e-01 5.000000e-01 4.999863e-03 5.000000e-01 5.000000e-01 1.170073e+00 -0.765796 0.109746 0.168856 0.208591 0.168856 0.109746 0.765796 0.039179 0.038254 -0.920662 0.038254 0.039179 0.000000 
5.000000e-01 5.000000e-01 4.999863e-03 5.000000e-01 5.000000e-01 1.177511e+00 -0.770678 0.109259 0.170031 0.212096 0.170031 0.109259 0.770678 0.038297 0.037218 -0.921707 0.037218 0.038297 0.000000 
5.000000e-01 5.000000e-01 4.999863e-03 5.000000e-01 5.000000e-01 1.184926e+00 -0.775543 0.108721 0.171192 0.215718 0.171192 0.108721 0.775543 0.037418 0.036185 -0.922748 0.036185 0.037418 0.000000 
5.000000e-01 5.000000e-01 4.999863e-03 5.000000e-01 5.000000e-01 1.192315e+00 -0.780393 0.108132 0.172335 0.219458 0.172335 0.108132 0.780392 0.036541 0.035156 -0.923786 0.035156 0.036541 0.000000 
5.000000e-01 5.000000e-01 4.999863e-03 5.000000e-01 5.000000e-01 1.199679e+00 -0.785225 0.107488 0.173461 0.223328 0.173461 0.107488 0.785225 0.035667 0.034130 -0.924820 0.034130 0.035667 0.000000 
5.000000e-01 5.000000e-01 4.999863e-03 5.000000e-01 5.000000e-01 1.207018e+00 -0.790041 0.106763 0.174556 0.227402 0.174556 0.106763 0.790041 0.034796 0.033108 -0.925849 0.033108 0.034796 0.000000 
5.000000e-01 5.000000e-01 4.999863e-03 5.000000e-01 5.000000e-01 1.214331e+00 -0.794840 0.105984 0.175627 0.231618 0.175627 0.105984 0.794840 0.033928 0.032089 -0.926875 0.032089 0.033928 0.000000 
5.000000e-01 5.000000e-01 4.999863e-03 5.000000e-01 5.000000e-01 1.221617e+00 -0.799622 0.105150 0.176671 0.235978 0.176671 0.105150 0.799622 0.033062 0.031075 -0.927896 0.031075 0.033062 0.000000 
5.000000e-01 5.000000e-01 4.999863e-03 5.000000e-01 5.000000e-01 1.228878e+00 -0.804386 0.104247 0.177680 0.240532 0.177680 0.104247 0.804386 0.032200 0.030064 -0.928913 0.030064 0.032200 0.000000 
5.000000e-01 5.000000e-01 4.999863e-03 5.000000e-01 5.000000e-01 1.236111e+00 -0.809133 0.103265 0.178643 0.245316 0.178643 0.103265 0.809132 0.031340 0.029057 -0.929927 0.029057 0.031340 0.000000 
5.000000e-01 5.000000e-01 4.999863e-03 5.000000e-01 5.000000e-01 1.243317e+00 -0.813861 0.102226 0.179567 0.250276 0.179567 0.102226 0.813861 0.030483 0.028054 -0.930936 0.028054 0.030483 0.000000 
5.000000e-01 5.000000e-01 4.999863e-03 5.000000e-01 5.000000e-01 1.250496e+00 -0.818572 0.101129 0.180450 0.255414 0.180450 0.101129 0.818572 0.029630 0.027055 -0.931941 0.027055 0.029630 0.000000 
5.000000e-01 5.000000e-01 4.999863e-03 5.000000e-01 5.000000e-01 1.257647e+00 -0.823265 0.099941 0.181263 0.260857 0.181263 0.099941 0.823265 0.028779 0.026059 -0.932942 0.026059 0.028779 0.000000 
5.000000e-01 5.000000e-01 4.999863e-03 5.000000e-01 5.000000e-01 1.264770e+00 -0.827939 0.098685 0.182016 0.266537 0.182016 0.098685 0.827939 0.027932 0.025068 -0.933938 0.025068 0.027932 0.000000 
5.000000e-01 5.000000e-01 4.999863e-03 5.000000e-01 5.000000e-01 1.271865e+00 -0.832594 0.097371 0.182710 0.272431 0.182710 0.097371 0.832594 0.027088 0.024081 -0.934931 0.024081 0.027088 0.000000 
5.000000e-01 5.000000e-01 4.999863e-03 5.000000e-01 5.000000e-01 1.278930e+00 -0.837230 0.095981 0.183328 0.278612 0.183328 0.095981 0.837230 0.026247 0.023097 -0.935919 0.023097 0.026247 0.000000 
5.000000e-01 5.000000e-01 4.999863e-03 5.000000e-01 5.000000e-01 1.285967e+00 -0.841847 0.094502 0.183841 0.285161 0.183841 0.094502 0.841847 0.025409 0.022118 -0.936903 0.022118 0.025409 0.000000 
5.000000e-01 5.000000e-01 4.999863e-03 5.000000e-01 5.000000e-01 1.292974e+00 -0.846445 0.092964 0.184274 0.291969 0.184274 0.092964 0.846445 0.024575 0.021143 -0.937882 0.021143 0.024575 0.000000 
5.000000e-01 5.000000e-01 4.999863e-03 5.000000e-01 5.000000e-01 1.299950e+00 -0.851024 0.091366 0.184625 0.299042 0.184625 0.091366 0.851023 0.023744 0.020172 -0.938857 0.020172 0.023744 0.000000 
5.000000e-01 5.000000e-01 4.999863e-03 5.000000e-01 5.000000e-01 1.306897e+00 -0.855582 0.089659 0.184810 0.306644 0.184810 0.089659 0.855582 0.022917 0.019206 -0.939828 0.019206 0.022917 0.000000 
5.000000e-01 5.000000e-01 4.999863e-03 5.000000e-01 5.000000e-01 1.313813e+00 -0.860120 0.087893 0.184887 0.314560 0.184887 0.087893 0.860120 0.022093 0.018244 -0.940794 0.018244 0.022093 0.000000 
5.000000e-01 5.000000e-01 4.999863e-03 5.000000e-01 5.000000e-01 1.320697e+00 -0.864638 0.086070 0.184855 0.322789 0.184855 0.086070 0.864638 0.021273 0.017286 -0.941756 0.017286 0.021273 0.000000 
5.000000e-01 5.000000e-01 4.999863e-03 5.000000e-01 5.000000e-01 1.327551e+00 -0.869136 0.084148 0.184620 0.331599 0.184620 0.084148 0.869136 0.020456 0.016332 -0.942713 0.016332 0.020456 0.000000 
5.000000e-01 5.000000e-01 4.999863e-03 5.000000e-01 5.000000e-01 1.334372e+00 -0.873613 0.082157 0.184219 0.340860 0.184219 0.082157 0.873613 0.019643 0.015383 -0.943666 0.015383 0.019643 0.000000 
5.000000e-01 5.000000e-01 4.999863e-03 5.000000e-01 5.000000e-01 1.341161e+00 -0.878069 0.080112 0.183674 0.350496 0.183674 0.080112 0.878069 0.018834 0.014439 -0.944614 0.014439 0.018834 0.000000 
5.000000e-01 5.000000e-01 4.999863e-03 5.000000e-01 5.000000e-01 1.347917e+00 -0.882504 0.077977 0.182881 0.360789 0.182881 0.077977 0.882504 0.018028 0.013498 -0.945558 0.013498 0.018028 0.000000 
5.000000e-01 5.000000e-01 4.999863e-03 5.000000e-01 5.000000e-01 1.354641e+00 -0.886918 0.075768 0.181849 0.371683 0.181849 0.075768 0.886918 0.017226 0.012563 -0.946497 0.012563 0.017226 0.000000 
5.000000e-01 5.000000e-01 4.999863e-03 5.000000e-01 5.000000e-01 1.361331e+00 -0.891311 0.073509 0.180634 0.383024 0.180634 0.073509 0.891311 0.016428 0.011632 -0.947431 0.011632 0.016428 0.000000 
5.000000e-01 5.000000e-01 4.999863e-03 5.000000e-01 5.000000e-01 1.367987e+00 -0.895682 0.071166 0.179101 0.395147 0.179101 0.071166 0.895682 0.015634 0.010705 -0.948361 0.010705 0.015634 0.000000 
5.000000e-01 5.000000e-01 4.999863e-03 5.000000e-01 5.000000e-01 1.374608e+00 -0.900032 0.068753 0.177253 0.408020 0.177253 0.068753 0.900032 0.014844 0.009783 -0.949286 0.009783 0.014844 0.000000 
5.000000e-01 5.000000e-01 4.999863e-03 5.000000e-01 5.000000e-01 1.381196e+00 -0.904360 0.066295 0.175177 0.421416 0.175177 0.066295 0.904360 0.014057 0.008866 -0.950206 0.008866 0.014057 0.000000 
5.000000e-01 5.000000e-01 4.999863e-03 5.000000e-01 5.000000e-01 1.387748e+00 -0.908667 0.063756 0.172677 0.435801 0.172677 0.063756 0.908667 0.013274 0.007953 -0.951121 0.007953 0.013274 0.000000 
5.000000e-01 5.000000e-01 4.999863e-03 5.000000e-01 5.000000e-01 1.394265e+00 -0.912952 0.061156 0.169794 0.451052 0.169794 0.061156 0.912952 0.012495 0.007045 -0.952032 0.007045 0.012495 0.000000 
5.000000e-01 5.000000e-01 4.999863e-03 5.000000e-01 5.000000e-01 1.400746e+00 -0.917215 0.058518 0.166640 0.466898 0.166640 0.058518 0.917215 0.011720 0.006141 -0.952939 0.006141 0.011720 0.000000 
5.000000e-01 5.000000e-01 4.999863e-03 5.000000e-01 5.000000e-01 1.407191e+00 -0.921457 0.055799 0.162899 0.484063 0.162899 0.055799 0.921457 0.010949 0.005242 -0.953840 0.005242 0.010949 0.000000 
5.000000e-01 5.000000e-01 4.999863e-03 5.000000e-01 5.000000e-01 1.413600e+00 -0.925679 0.053035 0.158745 0.502117 0.158745 0.053035 0.925679 0.010182 0.004348 -0.954737 0.004348 0.010182 0.000000 
5.000000e-01 5.000000e-01 4.999863e-03 5.000000e-01 5.000000e-01 1.419973e+00 -0.929878 0.050242 0.154280 0.520834 0.154280 0.050242 0.929878 0.009418 0.003458 -0.955630 0.003458 0.009418 0.000000 
5.000000e-01 5.000000e-01 4.999863e-03 5.000000e-01 5.000000e-01 1.426308e+00 -0.934058 0.047364 0.148991 0.541347 0.148991 0.047364 0.934058 0.008658 0.002572 -0.956518 0.002572 0.008658 0.000000 
5.000000e-01 5.000000e-01 4.999863e-03 5.000000e-01 5.000000e-01 1.432606e+00 -0.938217 0.044464 0.143340 0.562609 0.143340 0.044464 0.938217 0.007902 0.001690 -0.957402 0.001690 0.007902 0.000000 
5.000000e-01 5.000000e-01 4.999863e-03 5.000000e-01 5.000000e-01 1.438868e+00 -0.942356 0.041525 0.137175 0.584954 0.137175 0.041525 0.942356 0.007149 0.000813 -0.958281 0.000813 0.007149 0.000000 
5.000000e-01 5.000000e-01 4.999863e-03 5.000000e-01 5.000000e-01 1.445091e+00 -0.946477 0.038532 0.130221 0.608972 0.130221 0.038532 0.946477 0.006400 -0.000060 -0.959157 -0.000060 0.006400 0.000000 
5.000000e-01 5.000000e-01 4.999863e-03 5.000000e-01 5.000000e-01 1.451277e+00 -0.950576 0.035523 0.122905 0.633720 0.122905 0.035523 0.950576 0.005654 -0.000929 -0.960028 -0.000929 0.005654 0.000000 
5.000000e-01 5.000000e-01 4.999863e-03 5.000000e-01 5.000000e-01 1.457425e+00 -0.954659 0.032468 0.114791 0.660141 0.114791 0.032468 0.954659 0.004912 -0.001794 -0.960895 -0.001794 0.004912 0.000000 
5.000000e-01 5.000000e-01 4.999863e-03 5.000000e-01 5.000000e-01 1.463535e+00 -0.958724 0.029390 0.106096 0.687752 0.106096 0.029390 0.958724 0.004173 -0.002655 -0.961759 -0.002655 0.004173 0.000000 
5.000000e-01 5.000000e-01 4.999863e-03 5.000000e-01 5.000000e-01 1.469607e+00 -0.962768 0.026299 0.097000 0.716169 0.097000 0.026299 0.962768 0.003437 -0.003512 -0.962618 -0.003512 0.003437 0.000000 
5.000000e-01 5.000000e-01 4.999863e-03 5.000000e-01 5.000000e-01 1.475640e+00 -0.966798 0.023167 0.086967 0.746530 0.086967 0.023167 0.966798 0.002704 -0.004366 -0.963474 -0.004366 0.002704 0.000000 
5.000000e-01 5.000000e-01 4.999863e-03 5.000000e-01 5.000000e-01 1.481634e+00 -0.970807 0.020036 0.076661 0.777412 0.076661 0.020036 0.970807 0.001975 -0.005216 -0.964326 -0.005216 0.001975 0.000000 
5.000000e-01 5.000000e-01 4.999863e-03 5.000000e-01 5.000000e-01 1.487589e+00 -0.974799 0.016886 0.065711 0.809606 0.065711 0.016886 0.974799 0.001249 -0.006062 -0.965173 -0.006062 0.001249 0.000000 
5.000000e-01 5.000000e-01 4.999863e-03 5.000000e-01 5.000000e-01 1.493503e+00 -0.978771 0.013731 0.054343 0.842624 0.054343 0.013731 0.978771 0.000526 -0.006903 -0.966017 -0.006903 0.000526 0.000000 
5.000000e-01 5.000000e-01 4.999863e-03 5.000000e-01 5.000000e-01 1.499377e+00 -0.982720 0.010580 0.042717 0.876126 0.042717 0.010580 0.982720 -0.000192 -0.007740 -0.966856 -0.007740 -0.000192 0.000000 
5.000000e-01 5.000000e-01 4.999863e-03 5.000000e-01 5.000000e-01 1.505208e+00 -0.986649 0.007425 0.030638 0.910525 0.030638 0.007425 0.986649 -0.000907 -0.008573 -0.967691 -0.008573 -0.000907 0.000000 
5.000000e-01 5.000000e-01 4.999863e-03 5.000000e-01 5.000000e-01 1.511006e+00 -0.990557 0.004282 0.018508 0.944978 0.018508 0.004282 0.990557 -0.001618 -0.009401 -0.968521 -0.009401 -0.001618 0.000000 
5.000000e-01 5.000000e-01 4.999863e-03 5.000000e-01 5.000000e-01 1.515057e+00 -0.993291 0.002077 0.009851 0.969435 0.009851 0.002077 0.993291 -0.002115 -0.009980 -0.969101 -0.009980 -0.002115 0.000000 
5.000000e-01 5.000000e-01 4.999863e-03 5.000000e-01 5.000000e-01 1.515057e+00 -0.993291 0.002077 0.009851 0.969435 0.009851 0.002077 0.993291 -0.002115 -0.009980 -0.969101 -0.009980 -0.002115 0.000000 
5.000000e-01 5.000000e-01 4.999863e-03 5.000000e-01 5.000000e-01 1.515057e+00 -0.993291 0.002077 0.009851 0.969435 0.009851 0.002077 0.993291 -0.002115 -0.009980 -0.969101 -0.009980 -0.002115 0.000000 
5.000000e-01 5.000000e-01 4.999863e-03 5.000000e-01 5.000000e-01 1.515057e+00 -0.993291 0.002077 0.009851 0.969435 0.009851 0.002077 0.993291 -0.002115 -0.009980 -0.969101 -0.009980 -0.002115 0.000000 
5.000000e-01 5.000000e-01 4.999863e-03 5.000000e-01 5.000000e-01 1.515057e+00 -0.993291 0.002077 0.009851 0.969435 0.009851 0.002077 0.993291 -0.002115 -0.009980 -0.969101 -0.009980 -0.002115 0.000000 
5.000000e-01 5.000000e-01 4.999863e-03 5.000000e-01 5.000000e-01 1.515057e+00 -0.993291 0.002077 0.009851 0.969435 0.009851 0.002077 0.993291 -0.002115 -0.009980 -0.969101 -0.009980 -0.002115 0.000000 
5.000000e-01 5.000000e-01 4.999863e-03 5.000000e-01 5.000000e-01 1.515057e+00 -0.993291 0.002077 0.009851 0.969435 0.009851 0.002077 0.993291 -0.002115 -0.009980 -0.969101 -0.009980 -0.002115 0.000000 
5.000000e-01 5.000000e-01 4.999863e-03 5.000000e-01 5.000000e-01 1.515057e+00 -0.993291 0.002077 0.009851 0.969435 0.009851 0.002077 0.993291 -0.002115 -0.009980 -0.969101 -0.009980 -0.002115 0.000000 
5.000000e-01 5.000000e-01 4.999863e-03 5.000000e-01 5.000000e-01 1.515057e+00 -0.993291 0.002077 0.009851 0.969435 0.009851 0.002077 0.993291 -0.002115 -0.009980 -0.969101 -0.009980 -0.002115 0.000000 
5.000000e-01 5.000000e-01 4.999863e-03 5.000000e-01 5.000000e-01 1.515057e+00 -0.993291 0.002077 0.009851 0.969435 0.009851 0.002077 0.993291 -0.002115 -0.009980 -0.969101 -0.009980 -0.002115 0.000000 
5.000000e-01 5.000000e-01 4.999863e-03 5.000000e-01 5.000000e-01 1.515057e+00 -0.993291 0.002077 0.009851 0.969435 0.009851 0.002077 0.993291 -0.002115 -0.009980 -0.969101 -0.009980 -0.002115 0.000000 
5.000000e-01 5.000000e-01 4.999863e-03 5.000000e-01 5.000000e-01 1.515057e+00 -0.993291 0.002077 0.009851 0.969435 0.009851 0.002077 0.993291 -0.002115 -0.009980 -0.969101 -0.009980 -0.002115 0.000000 
5.000000e-01 5.000000e-01 4.999863e-03 5.000000e-01 5.000000e-01 1.515057e+00 -0.993291 0.002077 0.009851 0.969435 0.009851 0.002077 0.993291 -0.002115 -0.009980 -0.969101 -0.009980 -0.002115 0.000000 
5.000000e-01 5.000000e-01 4.999863e-03 5.000000e-01 5.000000e-01 1.515057e+00 -0.993291 0.002077 0.009851 0.969435 0.009851 0.002077 0.993291 -0.002115 -0.009980 -0.969101 -0.009980 -0.002115 0.000000 
5.000000e-01 5.000000e-01 4.999863e-03 5.000000e-01 5.000000e-01 1.515057e+00 -0.993291 0.002077 0.009851 0.969435 0.009851 0.002077 0.993291 -0.002115 -0.009980 -0.969101 -0.009980 -0.002115 0.000000 
5.000000e-01 5.000000e-01 4.999863e-03 5.000000e-01 5.000000e-01 1.515057e+00 -0.993291 0.002077 0.009851 0.969435 0.009851 0.002077 0.993291 -0.002115 -0.009980 -0.969101 -0.009980 -0.002115 0.000000 
5.000000e-01 5.000000e-01 4.999863e-03 5.000000e-01 5.000000e-01 1.515057e+00 -0.993291 0.002077 0.009851 0.969435 0.009851 0.002077 0.993291 -0.002115 -0.009980 -0.969101 -0.009980 -0.002115 0.000000 
5.000000e-01 5.000000e-01 4.999863e-03 5.000000e-01 5.000000e-01 1.515057e+00 -0.993291 0.002077 0.009851 0.969435 0.009851 0.002077 0.993291 -0.002115 -0.009980 -0.969101 -0.009980 -0.002115 0.000000 
5.000000e-01 5.000000e-01 4.999863e-03 5.000000e-01 5.000000e-01 1.515057e+00 -0.993291 0.002077 0.009851 0.969435 0.009851 0.002077 0.993291 -0.002115 -0.009980 -0.969101 -0.009980 -0.002115 0.000000 
5.000000e-01 5.000000e-01 4.999863e-03 5.000000e-01 5.000000e-01 1.515057e+00 -0.993291 0.002077 0.009851 0.969435 0.009851 0.002077 0.993291 -0.002115 -0.009980 -0.969101 -0.009980 -0.002115 0.000000 
5.000000e-01 5.000000e-01 4.999863e-03 5.000000e-01 5.000000e-01 1.515057e+00 -0.993291 0.002077 0.009851 0.969435 0.009851 0.002077 0.993291 -0.002115 -0.009980 -0.969101 -0.009980 -0.002115 0.000000 
5.000000e-01 5.000000e-01 4.999863e-03 5.000000e-01 5.000000e-01 1.515057e+00 -0.993291 0.002077 0.009851 0.969435 0.009851 0.002077 0.993291 -0.002115 -0.009980 -0.969101 -0.009980 -0.002115 0.000000 
5.000000e-01 5.000000e-01 4.999863e-03 5.000000e-01 5.000000e-01 1.515057e+00 -0.993291 0.002077 0.009851 0.969435 0.009851 0.002077 0.993291 -0.002115 -0.009980 -0.969101 -0.009980 -0.002115 0.000000 
5.000000e-01 5.000000e-01 4.999863e-03 5.000000e-01 5.000000e-01 1.515057e+00 -0.993291 0.002077 0.009851 0.969435 0.009851 0.002077 0.993291 -0.002115 -0.009980 -0.969101 -0.009980 -0.002115 0.000000 
5.000000e-01 5.000000e-01 4.999863e-03 5.000000e-01 5.000000e-01 1.515057e+00 -0.993291 0.002077 0.009851 0.969435 0.009851 0.002077 0.993291 -0.002115 -0.009980 -0.969101 -0.009980 -0.002115 0.000000 
5.000000e-01 5.000000e-01 4.999863e-03 5.000000e-01 5.000000e-01 1.515057e+00 -0.993291 0.002077 0.009851 0.969435 0.009851 0.002077 0.993291 -0.002115 -0.009980 -0.969101 -0.009980 -0.002115 0.000000 
5.000000e-01 5.000000e-01 4.999863e-03 5.000000e-01 5.000000e-01 1.515057e+00 -0.993291 0.002077 0.009851 0.969435 0.009851 0.002077 0.993291 -0.002115 -0.009980 -0.969101 -0.009980 -0.002115 0.000000 
5.000000e-01 5.000000e-01 4.999863e-03 5.000000e-01 5.000000e-01 1.515057e+00 -0.993291 0.002077 0.009851 0.969435 0.009851 0.002077 0.993291 -0.002115 -0.009980 -0.969101 -0.009980 -0.002115 0.000000 
5.000000e-01 5.000000e-01 4.999863e-03 5.000000e-01 5.000000e-01 1.515057e+00 -0.993291 0.002077 0.009851 0.969435 0.009851 0.002077 0.993291 -0.002115 -0.009980 -0.969101 -0.009980 -0.002115 0.000000 
5.000000e-01 5.000000e-01 4.999863e-03 5.000000e-01 5.000000e-01 1.515057e+00 -0.993291 0.002077 0.009851 0.969435 0.009851 0.002077 0.993291 -0.002115 -0.009980 -0.969101 -0.009980 -0.002115 0.000000 
5.000000e-01 5.000000e-01 4.999863e-03 5.000000e-01 5.000000e-01 1.515057e+00 -0.993291 0.002077 0.009851 0.969435 0.009851 0.002077 0.993291 -0.002115 -0.009980 -0.969101 -0.009980 -0.002115 0.000000 
5.000000e-01 5.000000e-01 4.999863e-03 5.000000e-01 5.000000e-01 1.515057e+00 -0.993291 0.002077 0.009851 0.969435 0.009851 0.002077 0.993291 -0.002115 -0.009980 -0.969101 -0.009980 -0.002115 0.000000 
5.000000e-01 5.000000e-01 4.999863e-03 5.000000e-01 5.000000e-01 1.515057e+00 -0.993291 0.002077 0.009851 0.969435 0.009851 0.002077 0.993291 -0.002115 -0.009980 -0.969101 -0.009980 -0.002115 0.000000 
5.000000e-01 5.000000e-01 4.999863e-03 5.000000e-01 5.000000e-01 1.515057e+00 -0.993291 0.002077 0.009851 0.969435 0.009851 0.002077 0.993291 -0.002115 -0.009980 -0.969101 -0.009980 -0.002115 0.000000 
5.000000e-01 5.000000e-01 4.999863e-03 5.000000e-01 5.000000e-01 1.515057e+00 -0.993291 0.002077 0.009851 0.969435 0.009851 0.002077 0.993291 -0.002115 -0.009980 -0.969101 -0.009980 -0.002115 0.000000 
5.000000e-01 5.000000e-01 4.999863e-03 5.000000e-01 5.000000e-01 1.515057e+00 -0.993291 0.002077 0.009851 0.969435 0.009851 0.002077 0.993291 -0.002115 -0.009980 -0.969101 -0.009980 -0.002115 0.000000 
5.000000e-01 5.000000e-01 4.999863e-03 5.000000e-01 5.000000e-01 1.515057e+00 -0.993291 0.002077 0.009851 0.969435 0.009851 0.002077 0.993291 -0.002115 -0.009980 -0.969101 -0.009980 -0.002115 0.000000 
5.000000e-01 5.000000e-01 4.999863e-03 5.000000e-01 5.000000e-01 1.515057e+00 -0.993291 0.002077 0.009851 0.969435 0.009851 0.002077 0.993291 -0.002115 -0.009980 -0.969101 -0.009980 -0.002115 0.000000 
5.000000e-01 5.000000e-01 4.999863e-03 5.000000e-01 5.000000e-01 1.515057e+00 -0.993291 0.002077 0.009851 0.969435 0.009851 0.002077 0.993291 -0.002115 -0.009980 -0.969101 -0.009980 -0.002115 0.000000 
5.000000e-01 5.000000e-01 4.999863e-03 5.000000e-01 5.000000e-01 1.515057e+00 -0.993291 0.002077 0.009851 0.969435 0.009851 0.002077 0.993291 -0.002115 -0.009980 -0.969101 -0.009980 -0.002115 0.000000 
5.000000e-01 5.000000e-01 4.999863e-03 5.000000e-01 5.000000e-01 1.515057e+00 -0.993291 0.002077 0.009851 0.969435 0.009851 0.002077 0.993291 -0.002115 -0.009980 -0.969101 -0.009980 -0.002115 0.000000 
5.000000e-01 5.000000e-01 4.999863e-03 5.000000e-01 5.000000e-01 1.515057e+00 -0.993291 0.002077 0.009851 0.969435 0.009851 0.002077 0.993291 -0.002115 -0.009980 -0.969101 -0.009980 -0.002115 0.000000 
5.000000e-01 5.000000e-01 4.999863e-03 5.000000e-01 5.000000e-01 1.515057e+00 -0.993291 0.002077 0.009851 0.969435 0.009851 0.002077 0.993291 -0.002115 -0.009980 -0.969101 -0.009980 -0.002115 0.000000 
5.000000e-01 5.000000e-01 4.999863e-03 5.000000e-01 5.000000e-01 1.515057e+00 -0.993291 0.002077 0.009851 0.969435 0.009851 0.002077 0.993291 -0.002115 -0.009980 -0.969101 -0.009980 -0.002115 0.000000 
5.000000e-01 5.000000e-01 4.999863e-03 5.000000e-01 5.000000e-01 1.515057e+00 -0.993291 0.002077 0.009851 0.969435 0.009851 0.002077 0.993291 -0.002115 -0.009980 -0.969101 -0.009980 -0.002115 0.000000 
5.000000e-01 5.000000e-01 4.999863e-03 5.000000e-01 5.000000e-01 1.515057e+00 -0.993291 0.002077 0.009851 0.969435 0.009851 0.002077 0.993291 -0.002115 -0.009980 -0.969101 -0.009980 -0.002115 0.000000 
5.000000e-01 5.000000e-01 4.999863e-03 5.000000e-01 5.000000e-01 1.515057e+00 -0.993291 0.002077 0.009851 0.969435 0.009851 0.002077 0.993291 -0.002115 -0.009980 -0.969101 -0.009980 -0.002115 0.000000 
5.000000e-01 5.000000e-01 4.999863e-03 5.000000e-01 5.000000e-01 1.515057e+00 -0.993291 0.002077 0.009851 0.969435 0.009851 0.002077 0.993291 -0.002115 -0.009980 -0.969101 -0.009980 -0.002115 0.000000 
5.000000e-01 5.000000e-01 4.999863e-03 5.000000e-01 5.000000e-01 1.515057e+00 -0.993291 0.002077 0.009851 0.969435 0.009851 0.002077 0.993291 -0.002115 -0.009980 -0.969101 -0.009980 -0.002115 0.000000 
5.000000e-01 5.000000e-01 4.999863e-03 5.000000e-01 5.000000e-01 1.515057e+00 -0.993291 0.002077 0.009851 0.969435 0.009851 0.002077 0.993291 -0.002115 -0.009980 -0.969101 -0.009980 -0.002115 0.000000 
5.000000e-01 5.000000e-01 4.999863e-03 5.000000e-01 5.000000e-01 1.515057e+00 -0.993291 0.002077 0.009851 0.969435 0.009851 0.002077 0.993291 -0.002115 -0.009980 -0.969101 -0.009980 -0.002115 0.000000 
5.000000e-01 5.000000e-01 4.999863e-03 5.000000e-01 5.000000e-01 1.515057e+00 -0.993291 0.002077 0.009851 0.969435 0.009851 0.002077 0.993291 -0.002115 -0.009980 -0.969101 -0.009980 -0.002115 0.000000 
5.000000e-01 5.000000e-01 4.999863e-03 5.000000e-01 5.000000e-01 1.515057e+00 -0.993291 0.002077 0.009851 0.969435 0.009851 0.002077 0.993291 -0.002115 -0.009980 -0.969101 -0.009980 -0.002115 0.000000 
5.000000e-01 5.000000e-01 4.999863e-03 5.000000e-01 5.000000e-01 1.515057e+00 -0.993291 0.002077 0.009851 0.969435 0.009851 0.002077 0.993291 -0.002115 -0.009980 -0.969101 -0.009980 -0.002115 0.000000 
5.000000e-01 5.000000e-01 4.999863e-03 5.000000e-01 5.000000e-01 1.515057e+00 -0.993291 0.002077 0.009851 0.969435 0.009851 0.002077 0.993291 -0.002115 -0.009980 -0.969101 -0.009980 -0.002115 0.000000 
5.000000e-01 5.000000e-01 4.999863e-03 5.000000e-01 5.000000e-01 1.515057e+00 -0.993291 0.002077 0.009851 0.969435 0.009851 0.002077 0.993291 -0.002115 -0.009980 -0.969101 -0.009980 -0.002115 0.000000 
5.000000e-01 5.000000e-01 4.999863e-03 5.000000e-01 5.000000e-01 1.515057e+00 -0.993291 0.002077 0.009851 0.969435 0.009851 0.002077 0.993291 -0.002115 -0.009980 -0.969101 -0.009980 -0.002115 0.000000 
5.000000e-01 5.000000e-01 4.999863e-03 5.000000e-01 5.000000e-01 1.515057e+00 -0.993291 0.002077 0.009851 0.969435 0.009851 0.002077 0.993291 -0.002115 -0.009980 -0.969101 -0.009980 -0.002115 0.000000 
5.000000e-01 5.000000e-01 4.999863e-03 5.000000e-01 5.000000e-01 1.515057e+00 -0.993291 0.002077 0.009851 0.969435 0.009851 0.002077 0.993291 -0.002115 -0.009980 -0.969101 -0.009980 -0.002115 0.000000 
5.000000e-01 5.000000e-01 4.999863e-03 5.000000e-01 5.000000e-01 1.515057e+00 -0.993291 0.002077 0.009851 0.969435 0.009851 0.002077 0.993291 -0.002115 -0.009980 -0.969101 -0.009980 -0.002115 0.000000 
5.000000e-01 5.000000e-01 4.999863e-03 5.000000e-01 5.000000e-01 1.515057e+00 -0.993291 0.002077 0.009851 0.969435 0.009851 0.002077 0.993291 -0.002115 -0.009980 -0.969101 -0.009980 -0.002115 0.000000 
5.000000e-01 5.000000e-01 4.999863e-03 5.000000e-01 5.000000e-01 1.515057e+00 -0.993291 0.002077 0.009851 0.969435 0.009851 0.002077 0.993291 -0.002115 -0.009980 -0.969101 -0.009980 -0.002115 0.000000 
5.000000e-01 5.000000e-01 4.999863e-03 5.000000e-01 5.000000e-01 1.515057e+00 -0.993291 0.002077 0.009851 0.969435 0.009851 0.002077 0.993291 -0.002115 -0.009980 -0.969101 -0.009980 -0.002115 0.000000 
5.000000e-01 5.000000e-01 4.999863e-03 5.000000e-01 5.000000e-01 1.515057e+00 -0.993291 0.002077 0.009851 0.969435 0.009851 0.002077 0.993291 -0.002115 -0.009980 -0.969101 -0.009980 -0.002115 0.000000 
5.000000e-01 5.000000e-01 4.999863e-03 5.000000e-01 5.000000e-01 1.515057e+00 -0.993291 0.002077 0.009851 0.969435 0.009851 0.002077 0.993291 -0.002115 -0.009980 -0.969101 -0.009980 -0.002115 0.000000 
5.000000e-01 5.000000e-01 4.999863e-03 5.000000e-01 5.000000e-01 1.515057e+00 -0.993291 0.002077 0.009851 0.969435 0.009851 0.002077 0.993291 -0.002115 -0.009980 -0.969101 -0.009980 -0.002115 0.000000 
5.000000e-01 5.000000e-01 4.999863e-03 5.000000e-01 5.000000e-01 1.515057e+00 -0.993291 0.002077 0.009851 0.969435 0.009851 0.002077 0.993291 -0.002115 -0.009980 -0.969101 -0.009980 -0.002115 0.000000 
5.000000e-01 5.000000e-01 4.999863e-03 5.000000e-01 5.000000e-01 1.515057e+00 -0.993291 0.002077 0.009851 0.969435 0.009851 0.002077 0.993291 -0.002115 -0.009980 -0.969101 -0.009980 -0.002115 0.000000 
5.000000e-01 5.000000e-01 4.999863e-03 5.000000e-01 5.000000e-01 1.515057e+00 -0.993291 0.002077 0.009851 0.969435 0.009851 0.002077 0.993291 -0.002115 -0.009980 -0.969101 -0.009980 -0.002115 0.000000 
5.000000e-01 5.000000e-01 4.999863e-03 5.000000e-01 5.000000e-01 1.515057e+00 -0.993291 0.002077 0.009851 0.969435 0.009851 0.002077 0.993291 -0.002115 -0.009980 -0.969101 -0.009980 -0.002115 0.000000 
5.000000e-01 5.000000e-01 4.999863e-03 5.000000e-01 5.000000e-01 1.515057e+00 -0.993291 0.002077 0.009851 0.969435 0.009851 0.002077 0.993291 -0.002115 -0.009980 -0.969101 -0.009980 -0.002115 0.000000 
5.000000e-01 5.000000e-01 4.999863e-03 5.000000e-01 5.000000e-01 1.515057e+00 -0.993291 0.002077 0.009851 0.969435 0.009851 0.002077 0.993291 -0.002115 -0.009980 -0.969101 -0.009980 -0.002115 0.000000 
5.000000e-01 5.000000e-01 4.999863e-03 5.000000e-01 5.000000e-01 1.515057e+00 -0.993291 0.002077 0.009851 0.969435 0.009851 0.002077 0.993291 -0.002115 -0.009980 -0.969101 -0.009980 -0.002115 0.000000 
5.000000e-01 5.000000e-01 4.999863e-03 5.000000e-01 5.000000e-01 1.515057e+00 -0.993291 0.002077 0.009851 0.969435 0.009851 0.002077 0.993291 -0.002115 -0.009980 -0.969101 -0.009980 -0.002115 0.000000 
5.000000e-01 5.000000e-01 4.999863e-03 5.000000e-01 5.000000e-01 1.515057e+00 -0.993291 0.002077 0.009851 0.969435 0.009851 0.002077 0.993291 -0.002115 -0.009980 -0.969101 -0.009980 -0.002115 0.000000 
5.000000e-01 5.000000e-01 4.999863e-03 5.000000e-01 5.000000e-01 1.515057e+00 -0.993291 0.002077 0.009851 0.969435 0.009851 0.002077 0.993291 -0.002115 -0.009980 -0.969101 -0.009980 -0.002115 0.000000 
5.000000e-01 5.000000e-01 4.999863e-03 5.000000e-01 5.000000e-01 1.515057e+00 -0.993291 0.002077 0.009851 0.969435 0.009851 0.002077 0.993291 -0.002115 -0.009980 -0.969101 -0.009980 -0.002115 0.000000 
5.000000e-01 5.000000e-01 4.999863e-03 5.000000e-01 5.000000e-01 1.515057e+00 -0.993291 0.002077 0.009851 0.969435 0.009851 0.002077 0.993291 -0.002115 -0.009980 -0.969101 -0.009980 -0.002115 0.000000 
5.000000e-01 5.000000e-01 4.999863e-03 5.000000e-01 5.000000e-01 1.515057e+00 -0.993291 0.002077 0.009851 0.969435 0.009851 0.002077 0.993291 -0.002115 -0.009980 -0.969101 -0.009980 -0.002115 0.000000 
5.000000e-01 5.000000e-01 4.999863e-03 5.000000e-01 5.000000e-01 1.515057e+00 -0.993291 0.002077 0.009851 0.969435 0.009851 0.002077 0.993291 -0.002115 -0.009980 -0.969101 -0.009980 -0.002115 0.000000 
5.000000e-01 5.000000e-01 4.999863e-03 5.000000e-01 5.000000e-01 1.515057e+00 -0.993291 0.002077 0.009851 0.969435 0.009851 0.002077 0.993291 -0.002115 -0.009980 -0.969101 -0.009980 -0.002115 0.000000 
5.000000e-01 5.000000e-01 4.999863e-03 5.000000e-01 5.000000e-01 1.515057e+00 -0.993291 0.002077 0.009851 0.969435 0.009851 0.002077 0.993291 -0.002115 -0.009980 -0.969101 -0.009980 -0.002115 0.000000 
5.000000e-01 5.000000e-01 4.999863e-03 5.000000e-01 5.000000e-01 1.515057e+00 -0.993291 0.002077 0.009851 0.969435 0.009851 0.002077 0.993291 -0.002115 -0.009980 -0.969101 -0.009980 -0.002115 0.000000 
5.000000e-01 5.000000e-01 4.999863e-03 5.000000e-01 5.000000e-01 1.515057e+00 -0.993291 0.002077 0.009851 0.969435 0.009851 0.002077 0.993291 -0.002115 -0.009980 -0.969101 -0.009980 -0.002115 0.000000 
5.000000e-01 5.000000e-01 4.999863e-03 5.000000e-01 5.000000e-01 1.515057e+00 -0.993291 0.002077 0.009851 0.969435 0.009851 0.002077 0.993291 -0.002115 -0.009980 -0.969101 -0.009980 -0.002115 0.000000 
5.000000e-01 5.000000e-01 4.999863e-03 5.000000e-01 5.000000e-01 1.515057e+00 -0.993291 0.002077 0.009851 0.969435 0.009851 0.002077 0.993291 -0.002115 -0.009980 -0.969101 -0.009980 -0.002115 0.000000 
5.000000e-01 5.000000e-01 4.999863e-03 5.000000e-01 5.000000e-01 1.515057e+00 -0.993291 0.002077 0.009851 0.969435 0.009851 0.002077 0.993291 -0.002115 -0.009980 -0.969101 -0.009980 -0.002115 0.000000 
5.000000e-01 5.000000e-01 4.999863e-03 5.000000e-01 5.000000e-01 1.515057e+00 -0.993291 0.002077 0.009851 0.969435 0.009851 0.002077 0.993291 -0.002115 -0.009980 -0.969101 -0.009980 -0.002115 0.000000 
5.000000e-01 5.000000e-01 4.999863e-03 5.000000e-01 5.000000e-01 1.515057e+00 -0.993291 0.002077 0.009851 0.969435 0.009851 0.002077 0.993291 -0.002115 -0.009980 -0.969101 -0.009980 -0.002115 0.000000 
5.000000e-01 5.000000e-01 4.999863e-03 5.000000e-01 5.000000e-01 1.515057e+00 -0.993291 0.002077 0.009851 0.969435 0.009851 0.002077 0.993291 -0.002115 -0.009980 -0.969101 -0.009980 -0.002115 0.000000 
5.000000e-01 5.000000e-01 4.999863e-03 5.000000e-01 5.000000e-01 1.515057e+00 -0.993291 0.002077 0.009851 0.969435 0.009851 0.002077 0.993291 -0.002115 -0.009980 -0.969101 -0.009980 -0.002115 0.000000 
5.000000e-01 5.000000e-01 4.999863e-03 5.000000e-01 5.000000e-01 1.515057e+00 -0.993291 0.002077 0.009851 0.969435 0.009851 0.002077 0.993291 -0.002115 -0.009980 -0.969101 -0.009980 -0.002115 0.000000 
5.000000e-01 5.000000e-01 4.999863e-03 5.000000e-01 5.000000e-01 1.515057e+00 -0.993291 0.002077 0.009851 0.969435 0.009851 0.002077 0.993291 -0.002115 -0.009980 -0.969101 -0.009980 -0.002115 0.000000 
5.000000e-01 5.000000e-01 4.999863e-03 5.000000e-01 5.000000e-01 1.515057e+00 -0.993291 0.002077 0.009851 0.969435 0.009851 0.002077 0.993291 -0.002115 -0.009980 -0.969101 -0.009980 -0.002115 0.000000 
5.000000e-01 5.000000e-01 4.999863e-03 5.000000e-01 5.000000e-01 1.515057e+00 -0.993291 0.002077 0.009851 0.969435 0.009851 0.002077 0.993291 -0.002115 -0.009980 -0.969101 -0.009980 -0.002115 0.000000 
5.000000e-01 5.000000e-01 4.999863e-03 5.000000e-01 5.000000e-01 1.515057e+00 -0.993291 0.002077 0.009851 0.969435 0.009851 0.002077 0.993291 -0.002115 -0.009980 -0.969101 -0.009980 -0.002115 0.000000 
5.000000e-01 5.000000e-01 4.999863e-03 5.000000e-01 5.000000e-01 1.515057e+00 -0.993291 0.002077 0.009851 0.969435 0.009851 0.002077 0.993291 -0.002115 -0.009980 -0.969101 -0.009980 -0.002115 0.000000 
5.000000e-01 5.000000e-01 4.999863e-03 5.000000e-01 5.000000e-01 1.515057e+00 -0.993291 0.002077 0.009851 0.969435 0.009851 0.002077 0.993291 -0.002115 -0.009980 -0.969101 -0.009980 -0.002115 0.000000 
5.000000e-01 5.000000e-01 4.999863e-03 5.000000e-01 5.000000e-01 1.515057e+00 -0.993291 0.002077 0.009851 0.969435 0.009851 0.002077 0.993291 -0.002115 -0.009980 -0.969101 -0.009980 -0.002115 0.000000 
5.000000e-01 5.000000e-01 4.999863e-03 5.000000e-01 5.000000e-01 1.515057e+00 -0.993291 0.002077 0.009851 0.969435 0.009851 0.002077 0.993291 -0.002115 -0.009980 -0.969101 -0.009980 -0.002115 0.000000 
5.000000e-01 5.000000e-01 4.999863e-03 5.000000e-01 5.000000e-01 1.515057e+00 -0.993291 0.002077 0.009851 0.969435 0.009851 0.002077 0.993291 -0.002115 -0.009980 -0.969101 -0.009980 -0.002115 0.000000 
5.000000e-01 5.000000e-01 4.999863e-03 5.000000e-01 5.000000e-01 1.515057e+00 -0.993291 0.002077 0.009851 0.969435 0.009851 0.002077 0.993291 -0.002115 -0.009980 -0.969101 -0.009980 -0.002115 0.000000 
5.000000e-01 5.000000e-01 4.999863e-03 5.000000e-01 5.000000e-01 1.515057e+00 -0.993291 0.002077 0.009851 0.969435 0.009851 0.002077 0.993291 -0.002115 -0.009980 -0.969101 -0.009980 -0.002115 0.000000 
5.000000e-01 5.000000e-01 4.999863e-03 5.000000e-01 5.000000e-01 1.515057e+00 -0.993291 0.002077 0.009851 0.969435 0.009851 0.002077 0.993291 -0.002115 -0.009980 -0.969101 -0.009980 -0.002115 0.000000 
5.000000e-01 5.000000e-01 4.999863e-03 5.000000e-01 5.000000e-01 1.515057e+00 -0.993291 0.002077 0.009851 0.969435 0.009851 0.002077 0.993291 -0.002115 -0.009980 -0.969101 -0.009980 -0.002115 0.000000 
5.000000e-01 5.000000e-01 4.999863e-03 5.000000e-01 5.000000e-01 1.515057e+00 -0.993291 0.002077 0.009851 0.969435 0.009851 0.002077 0.993291 -0.002115 -0.009980 -0.969101 -0.009980 -0.002115 0.000000 
5.000000e-01 5.000000e-01 4.999863e-03 5.000000e-01 5.000000e-01 1.515057e+00 -0.993291 0.002077 0.009851 0.969435 0.009851 0.002077 0.993291 -0.002115 -0.009980 -0.969101 -0.009980 -0.002115 0.000000 
5.000000e-01 5.000000e-01 4.999863e-03 5.000000e-01 5.000000e-01 1.515057e+00 -0.993291 0.002077 0.009851 0.969435 0.009851 0.002077 0.993291 -0.002115 -0.009980 -0.969101 -0.009980 -0.002115 0.000000 
5.000000e-01 5.000000e-01 4.999863e-03 5.000000e-01 5.000000e-01 1.515057e+00 -0.993291 0.002077 0.009851 0.969435 0.009851 0.002077 0.993291 -0.002115 -0.009980 -0.969101 -0.009980 -0.002115 0.000000 
5.000000e-01 5.000000e-01 4.999863e-03 5.000000e-01 5.000000e-01 1.515057e+00 -0.993291 0.002077 0.009851 0.969435 0.009851 0.002077 0.993291 -0.002115 -0.009980 -0.969101 -0.009980 -0.002115 0.000000 
5.000000e-01 5.000000e-01 4.999863e-03 5.000000e-01 5.000000e-01 1.515057e+00 -0.993291 0.002077 0.009851 0.969435 0.009851 0.002077 0.993291 -0.002115 -0.009980 -0.969101 -0.009980 -0.002115 0.000000 
5.000000e-01 5.000000e-01 4.999863e-03 5.000000e-01 5.000000e-01 1.515057e+00 -0.993291 0.002077 0.009851 0.969435 0.009851 0.002077 0.993291 -0.002115 -0.009980 -0.969101 -0.009980 -0.002115 0.000000 
5.000000e-01 5.000000e-01 4.999863e-03 5.000000e-01 5.000000e-01 1.515057e+00 -0.993291 0.002077 0.009851 0.969435 0.009851 0.002077 0.993291 -0.002115 -0.009980 -0.969101 -0.009980 -0.002115 0.000000 
5.000000e-01 5.000000e-01 4.999863e-03 5.000000e-01 5.000000e-01 1.515057e+00 -0.993291 0.002077 0.009851 0.969435 0.009851 0.002077 0.993291 -0.002115 -0.009980 -0.969101 -0.009980 -0.002115 0.000000 
5.000000e-01 5.000000e-01 4.999863e-03 5.000000e-01 5.000000e-01 1.515057e+00 -0.993291 0.002077 0.009851 0.969435 0.009851 0.002077 0.993291 -0.002115 -0.009980 -0.969101 -0.009980 -0.002115 0.000000 
5.000000e-01 5.000000e-01 4.999863e-03 5.000000e-01 5.000000e-01 1.515057e+00 -0.993291 0.002077 0.009851 0.969435 0.009851 0.002077 0.993291 -0.002115 -0.009980 -0.969101 -0.009980 -0.002115 0.000000 
5.000000e-01 5.000000e-01 4.999863e-03 5.000000e-01 5.000000e-01 1.515057e+00 -0.993291 0.002077 0.009851 0.969435 0.009851 0.002077 0.993291 -0.002115 -0.009980 -0.969101 -0.009980 -0.002115 0.000000 
5.000000e-01 5.000000e-01 4.999863e-03 5.000000e-01 5.000000e-01 1.515057e+00 -0.993291 0.002077 0.009851 0.969435 0.009851 0.002077 0.993291 -0.002115 -0.009980 -0.969101 -0.009980 -0.002115 0.000000 
5.000000e-01 5.000000e-01 4.999863e-03 5.000000e-01 5.000000e-01 1.515057e+00 -0.993291 0.002077 0.009851 0.969435 0.009851 0.002077 0.993291 -0.002115 -0.009980 -0.969101 -0.009980 -0.002115 0.000000 
5.000000e-01 5.000000e-01 4.999863e-03 5.000000e-01 5.000000e-01 1.515057e+00 -0.993291 0.002077 0.009851 0.969435 0.009851 0.002077 0.993291 -0.002115 -0.009980 -0.969101 -0.009980 -0.002115 0.000000 
5.000000e-01 5.000000e-01 4.999863e-03 5.000000e-01 5.000000e-01 1.515057e+00 -0.993291 0.002077 0.009851 0.969435 0.009851 0.002077 0.993291 -0.002115 -0.009980 -0.969101 -0.009980 -0.002115 0.000000 
5.000000e-01 5.000000e-01 4.999863e-03 5.000000e-01 5.000000e-01 1.515057e+00 -0.993291 0.002077 0.009851 0.969435 0.009851 0.002077 0.993291 -0.002115 -0.009980 -0.969101 -0.009980 -0.002115 0.000000 
5.000000e-01 5.000000e-01 4.999863e-03 5.000000e-01 5.000000e-01 1.515057e+00 -0.993291 0.002077 0.009851 0.969435 0.009851 0.002077 0.993291 -0.002115 -0.009980 -0.969101 -0.009980 -0.002115 0.000000 
5.000000e-01 5.000000e-01 4.999863e-03 5.000000e-01 5.000000e-01 1.515057e+00 -0.993291 0.002077 0.009851 0.969435 0.009851 0.002077 0.993291 -0.002115 -0.009980 -0.969101 -0.009980 -0.002115 0.000000 
5.000000e-01 5.000000e-01 4.999863e-03 5.000000e-01 5.000000e-01 1.515057e+00 -0.993291 0.002077 0.009851 0.969435 0.009851 0.002077 0.993291 -0.002115 -0.009980 -0.969101 -0.009980 -0.002115 0.000000 
5.000000e-01 5.000000e-01 4.999863e-03 5.000000e-01 5.000000e-01 1.515057e+00 -0.993291 0.002077 0.009851 0.969435 0.009851 0.002077 0.993291 -0.002115 -0.009980 -0.969101 -0.009980 -0.002115 0.000000 
5.000000e-01 5.000000e-01 4.999863e-03 5.000000e-01 5.000000e-01 1.515057e+00 -0.993291 0.002077 0.009851 0.969435 0.009851 0.002077 0.993291 -0.002115 -0.009980 -0.969101 -0.009980 -0.002115 0.000000 
5.000000e-01 5.000000e-01 4.999863e-03 5.000000e-01 5.000000e-01 1.515057e+00 -0.993291 0.002077 0.009851 0.969435 0.009851 0.002077 0.993291 -0.002115 -0.009980 -0.969101 -0.009980 -0.002115 0.000000 
5.000000e-01 5.000000e-01 4.999863e-03 5.000000e-01 5.000000e-01 1.515057e+00 -0.993291 0.002077 0.009851 0.969435 0.009851 0.002077 0.993291 -0.002115 -0.009980 -0.969101 -0.009980 -0.002115 0.000000 
5.000000e-01 5.000000e-01 4.999863e-03 5.000000e-01 5.000000e-01 1.515057e+00 -0.993291 0.002077 0.009851 0.969435 0.009851 0.002077 0.993291 -0.002115 -0.009980 -0.969101 -0.009980 -0.002115 0.000000 
5.000000e-01 5.000000e-01 4.999863e-03 5.000000e-01 5.000000e-01 1.515057e+00 -0.993291 0.002077 0.009851 0.969435 0.009851 0.002077 0.993291 -0.002115 -0.009980 -0.969101 -0.009980 -0.002115 0.000000 
5.000000e-01 5.000000e-01 4.999863e-03 5.000000e-01 5.000000e-01 1.515057e+00 -0.993291 0.002077 0.009851 0.969435 0.009851 0.002077 0.993291 -0.002115 -0.009980 -0.969101 -0.009980 -0.002115 0.000000 
5.000000e-01 5.000000e-01 4.999863e-03 5.000000e-01 5.000000e-01 1.515057e+00 -0.993291 0.002077 0.009851 0.969435 0.009851 0.002077 0.993291 -0.002115 -0.009980 -0.969101 -0.009980 -0.002115 0.000000 
5.000000e-01 5.000000e-01 4.999863e-03 5.000000e-01 5.000000e-01 1.515057e+00 -0.993291 0.002077 0.009851 0.969435 0.009851 0.002077 0.993291 -0.002115 -0.009980 -0.969101 -0.009980 -0.002115 0.000000 
5.000000e-01 5.000000e-01 4.999863e-03 5.000000e-01 5.000000e-01 1.515057e+00 -0.993291 0.002077 0.009851 0.969435 0.009851 0.002077 0.993291 -0.002115 -0.009980 -0.969101 -0.009980 -0.002115 0.000000 
5.000000e-01 5.000000e-01 4.999863e-03 5.000000e-01 5.000000e-01 1.515057e+00 -0.993291 0.002077 0.009851 0.969435 0.009851 0.002077 0.993291 -0.002115 -0.009980 -0.969101 -0.009980 -0.002115 0.000000 
5.000000e-01 5.000000e-01 4.999863e-03 5.000000e-01 5.000000e-01 1.515057e+00 -0.993291 0.002077 0.009851 0.969435 0.009851 0.002077 0.993291 -0.002115 -0.009980 -0.969101 -0.009980 -0.002115 0.000000 
5.000000e-01 5.000000e-01 4.999863e-03 5.000000e-01 5.000000e-01 1.515057e+00 -0.993291 0.002077 0.009851 0.969435 0.009851 0.002077 0.993291 -0.002115 -0.009980 -0.969101 -0.009980 -0.002115 0.000000 
5.000000e-01 5.000000e-01 4.999863e-03 5.000000e-01 5.000000e-01 1.515057e+00 -0.993291 0.002077 0.009851 0.969435 0.009851 0.002077 0.993291 -0.002115 -0.009980 -0.969101 -0.009980 -0.002115 0.000000 
5.000000e-01 5.000000e-01 4.999863e-03 5.000000e-01 5.000000e-01 1.515057e+00 -0.993291 0.002077 0.009851 0.969435 0.009851 0.002077 0.993291 -0.002115 -0.009980 -0.969101 -0.009980 -0.002115 0.000000 
5.000000e-01 5.000000e-01 4.999863e-03 5.000000e-01 5.000000e-01 1.515057e+00 -0.993291 0.002077 0.009851 0.969435 0.009851 0.002077 0.993291 -0.002115 -0.009980 -0.969101 -0.009980 -0.002115 0.000000 
5.000000e-01 5.000000e-01 4.999863e-03 5.000000e-01 5.000000e-01 1.515057e+00 -0.993291 0.002077 0.009851 0.969435 0.009851 0.002077 0.993291 -0.002115 -0.009980 -0.969101 -0.009980 -0.002115 0.000000 
5.000000e-01 5.000000e-01 4.999863e-03 5.000000e-01 5.000000e-01 1.515057e+00 -0.993291 0.002077 0.009851 0.969435 0.009851 0.002077 0.993291 -0.002115 -0.009980 -0.969101 -0.009980 -0.002115 0.000000 
5.000000e-01 5.000000e-01 4.999863e-03 5.000000e-01 5.000000e-01 1.515057e+00 -0.993291 0.002077 0.009851 0.969435 0.009851 0.002077 0.993291 -0.002115 -0.009980 -0.969101 -0.009980 -0.002115 0.000000 
5.000000e-01 5.000000e-01 4.999863e-03 5.000000e-01 5.000000e-01 1.515057e+00 -0.993291 0.002077 0.009851 0.969435 0.009851 0.002077 0.993291 -0.002115 -0.009980 -0.969101 -0.009980 -0.002115 0.000000 
5.000000e-01 5.000000e-01 4.999863e-03 5.000000e-01 5.000000e-01 1.515057e+00 -0.993291 0.002077 0.009851 0.969435 0.009851 0.002077 0.993291 -0.002115 -0.009980 -0.969101 -0.009980 -0.002115 0.000000 
5.000000e-01 5.000000e-01 4.999863e-03 5.000000e-01 5.000000e-01 1.515057e+00 -0.993291 0.002077 0.009851 0.969435 0.009851 0.002077 0.993291 -0.002115 -0.009980 -0.969101 -0.009980 -0.002115 0.000000 
