# TeX TeY TeZ ThX ThY THZ P1 P2
5.000000e-01 5.000000e-01 9.600000e-01 5.000000e-01 5.000000e-01 9.600000e-01 0.000000 0.000000 0.000000 0.000000 0.000000 0.000000 0.000000 0.000000 0.000000 0.000000 0.000000 0.000000 0.000000 
5.000000e-01 5.000000e-01 9.494063e-01 5.000000e-01 5.000000e-01 9.680075e-01 -0.012210 0.001281 0.002844 0.003961 0.002844 0.001281 0.012210 -0.002148 -0.002611 -0.002693 -0.002611 -0.002148 0.000000 
5.000000e-01 5.000000e-01 9.387610e-01 5.000000e-01 5.000000e-01 9.759970e-01 -0.024442 0.002577 0.005689 0.007909 0.005689 0.002577 0.024442 -0.004298 -0.005226 -0.005393 -0.005226 -0.004298 0.000000 
5.000000e-01 5.000000e-01 9.280644e-01 5.000000e-01 5.000000e-01 9.839682e-01 -0.036696 0.003887 0.008537 0.011849 0.008537 0.003887 0.036696 -0.006450 -0.007847 -0.008101 -0.007847 -0.006450 0.000000 
5.000000e-01 5.000000e-01 9.173170e-01 5.000000e-01 5.000000e-01 9.919209e-01 -0.048971 0.005208 0.011386 0.015783 0.011386 0.005208 0.048971 -0.008603 -0.010474 -0.010817 -0.010474 -0.008603 0.000000 
5.000000e-01 5.000000e-01 9.065193e-01 5.000000e-01 5.000000e-01 9.998550e-01 -0.061267 0.006537 0.014238 0.019717 0.014238 0.006537 0.061267 -0.010757 -0.013105 -0.013542 -0.013105 -0.010757 0.000000 
5.000000e-01 5.000000e-01 8.956717e-01 5.000000e-01 5.000000e-01 1.007770e+00 -0.073583 0.007865 0.017093 0.023667 0.017093 0.007865 0.073583 -0.012912 -0.015742 -0.016274 -0.015742 -0.012912 0.000000 
5.000000e-01 5.000000e-01 8.847747e-01 5.000000e-01 5.000000e-01 1.015666e+00 -0.085919 0.009197 0.019951 0.027625 0.019951 0.009197 0.085919 -0.015067 -0.018384 -0.019016 -0.018384 -0.015067 0.000000 
5.000000e-01 5.000000e-01 8.738287e-01 5.000000e-01 5.000000e-01 1.023543e+00 -0.098275 0.010530 0.022811 0.031594 0.022811 0.010530 0.098275 -0.017221 -0.021032 -0.021768 -0.021032 -0.017221 0.000000 
5.000000e-01 5.000000e-01 8.628341e-01 5.000000e-01 5.000000e-01 1.031401e+00 -0.110650 0.011862 0.025674 0.035579 0.025674 0.011862 0.110650 -0.019374 -0.023685 -0.024531 -0.023685 -0.019374 0.000000 
5.000000e-01 5.000000e-01 8.517914e-01 5.000000e-01 5.000000e-01 1.039238e+00 -0.123043 0.013188 0.028539 0.039588 0.028539 0.013188 0.123043 -0.021526 -0.026344 -0.027304 -0.026344 -0.021526 0.000000 
5.000000e-01 5.000000e-01 8.407010e-01 5.000000e-01 5.000000e-01 1.047056e+00 -0.135455 0.014503 0.031409 0.043632 0.031409 0.014503 0.135455 -0.023675 -0.029008 -0.030089 -0.029008 -0.023675 0.000000 
5.000000e-01 5.000000e-01 8.295633e-01 5.000000e-01 5.000000e-01 1.054854e+00 -0.147884 0.015810 0.034280 0.047704 0.034280 0.015810 0.147884 -0.025821 -0.031678 -0.032887 -0.031678 -0.025821 0.000000 
5.000000e-01 5.000000e-01 8.183788e-01 5.000000e-01 5.000000e-01 1.062631e+00 -0.160331 0.017109 0.037154 0.051805 0.037154 0.017109 0.160331 -0.027962 -0.034354 -0.035699 -0.034354 -0.027962 0.000000 
5.000000e-01 5.000000e-01 8.071478e-01 5.000000e-01 5.000000e-01 1.070388e+00 -0.172795 0.018397 0.040030 0.055940 0.040030 0.018397 0.172795 -0.030100 -0.037035 -0.038524 -0.037035 -0.030100 0.000000 
5.000000e-01 5.000000e-01 7.958708e-01 5.000000e-01 5.000000e-01 1.078123e+00 -0.185275 0.019660 0.042910 0.060134 0.042910 0.019660 0.185275 -0.032232 -0.039723 -0.041365 -0.039723 -0.032232 0.000000 
5.000000e-01 5.000000e-01 7.845481e-01 5.000000e-01 5.000000e-01 1.085838e+00 -0.197771 0.020905 0.045791 0.064377 0.045791 0.020905 0.197771 -0.034358 -0.042417 -0.044222 -0.042417 -0.034358 0.000000 
5.000000e-01 5.000000e-01 7.731802e-01 5.000000e-01 5.000000e-01 1.093531e+00 -0.210283 0.022133 0.048675 0.068668 0.048675 0.022133 0.210283 -0.036476 -0.045117 -0.047096 -0.045117 -0.036476 0.000000 
5.000000e-01 5.000000e-01 7.617675e-01 5.000000e-01 5.000000e-01 1.101203e+00 -0.222810 0.023341 0.051559 0.073010 0.051559 0.023341 0.222810 -0.038587 -0.047823 -0.049989 -0.047823 -0.038587 0.000000 
5.000000e-01 5.000000e-01 7.503103e-01 5.000000e-01 5.000000e-01 1.108853e+00 -0.235352 0.024520 0.054445 0.077422 0.054445 0.024520 0.235352 -0.040689 -0.050536 -0.052901 -0.050536 -0.040689 0.000000 
5.000000e-01 5.000000e-01 7.388091e-01 5.000000e-01 5.000000e-01 1.116481e+00 -0.247908 0.025667 0.057331 0.081912 0.057331 0.025667 0.247908 -0.042780 -0.053256 -0.055835 -0.053256 -0.042780 0.000000 
5.000000e-01 5.000000e-01 7.272643e-01 5.000000e-01 5.000000e-01 1.124087e+00 -0.260478 0.026789 0.060216 0.086467 0.060216 0.026789 0.260479 -0.044859 -0.055984 -0.058793 -0.055984 -0.044859 0.000000 
5.000000e-01 5.000000e-01 7.156761e-01 5.000000e-01 5.000000e-01 1.131669e+00 -0.273062 0.027884 0.063101 0.091092 0.063101 0.027884 0.273062 -0.046925 -0.058718 -0.061776 -0.058718 -0.046925 0.000000 
5.000000e-01 5.000000e-01 7.040451e-01 5.000000e-01 5.000000e-01 1.139229e+00 -0.285659 0.028945 0.065983 0.095803 0.065983 0.028945 0.285659 -0.048978 -0.061460 -0.064784 -0.061460 -0.048978 0.000000 
5.000000e-01 5.000000e-01 6.923716e-01 5.000000e-01 5.000000e-01 1.146766e+00 -0.298269 0.029959 0.068862 0.100626 0.068862 0.029959 0.298269 -0.051015 -0.064209 -0.067820 -0.064209 -0.051015 0.000000 
5.000000e-01 5.000000e-01 6.806559e-01 5.000000e-01 5.000000e-01 1.154280e+00 -0.310890 0.030941 0.071737 0.105535 0.071737 0.030941 0.310890 -0.053035 -0.066967 -0.070887 -0.066967 -0.053035 0.000000 
5.000000e-01 5.000000e-01 6.688984e-01 5.000000e-01 5.000000e-01 1.161770e+00 -0.323524 0.031889 0.074606 0.110534 0.074606 0.031889 0.323524 -0.055034 -0.069733 -0.073989 -0.069733 -0.055034 0.000000 
5.000000e-01 5.000000e-01 6.570995e-01 5.000000e-01 5.000000e-01 1.169236e+00 -0.336169 0.032795 0.077467 0.115643 0.077467 0.032795 0.336169 -0.057012 -0.072508 -0.077128 -0.072508 -0.057012 0.000000 
5.000000e-01 5.000000e-01 6.452596e-01 5.000000e-01 5.000000e-01 1.176677e+00 -0.348825 0.033646 0.080318 0.120898 0.080318 0.033646 0.348825 -0.058967 -0.075292 -0.080305 -0.075292 -0.058967 0.000000 
5.000000e-01 5.000000e-01 6.333790e-01 5.000000e-01 5.000000e-01 1.184094e+00 -0.361491 0.034456 0.083157 0.126264 0.083157 0.034456 0.361491 -0.060898 -0.078086 -0.083524 -0.078086 -0.060898 0.000000 
5.000000e-01 5.000000e-01 6.214580e-01 5.000000e-01 5.000000e-01 1.191486e+00 -0.374167 0.035227 0.085985 0.131743 0.085985 0.035227 0.374167 -0.062801 -0.080889 -0.086787 -0.080889 -0.062801 0.000000 
5.000000e-01 5.000000e-01 6.094970e-01 5.000000e-01 5.000000e-01 1.198853e+00 -0.386853 0.035943 0.088796 0.137375 0.088796 0.035943 0.386854 -0.064674 -0.083702 -0.090101 -0.083702 -0.064674 0.000000 
5.000000e-01 5.000000e-01 5.974964e-01 5.000000e-01 5.000000e-01 1.206195e+00 -0.399549 0.036599 0.091584 0.143183 0.091584 0.036599 0.399549 -0.066512 -0.086527 -0.093472 -0.086527 -0.066512 0.000000 
5.000000e-01 5.000000e-01 5.854565e-01 5.000000e-01 5.000000e-01 1.213510e+00 -0.412253 0.037209 0.094352 0.149130 0.094352 0.037209 0.412253 -0.068314 -0.089362 -0.096901 -0.089362 -0.068314 0.000000 
5.000000e-01 5.000000e-01 5.733776e-01 5.000000e-01 5.000000e-01 1.220800e+00 -0.424965 0.037774 0.097099 0.155220 0.097099 0.037774 0.424965 -0.070078 -0.092209 -0.100392 -0.092209 -0.070078 0.000000 
5.000000e-01 5.000000e-01 5.612601e-01 5.000000e-01 5.000000e-01 1.228063e+00 -0.437686 0.038268 0.099809 0.161533 0.099809 0.038268 0.437686 -0.071801 -0.095067 -0.103951 -0.095067 -0.071801 0.000000 
5.000000e-01 5.000000e-01 5.491042e-01 5.000000e-01 5.000000e-01 1.235300e+00 -0.450414 0.038702 0.102483 0.168044 0.102483 0.038702 0.450414 -0.073476 -0.097937 -0.107588 -0.097937 -0.073476 0.000000 
5.000000e-01 5.000000e-01 5.369104e-01 5.000000e-01 5.000000e-01 1.242509e+00 -0.463149 0.039087 0.105124 0.174727 0.105124 0.039087 0.463149 -0.075097 -0.100821 -0.111312 -0.100821 -0.075097 0.000000 
5.000000e-01 5.000000e-01 5.246790e-01 5.000000e-01 5.000000e-01 1.249691e+00 -0.475890 0.039418 0.107726 0.181601 0.107726 0.039418 0.475890 -0.076666 -0.103717 -0.115124 -0.103717 -0.076666 0.000000 
5.000000e-01 5.000000e-01 5.124102e-01 5.000000e-01 5.000000e-01 1.256845e+00 -0.488638 0.039662 0.110261 0.188792 0.110261 0.039662 0.488638 -0.078176 -0.106626 -0.119033 -0.106626 -0.078176 0.000000 
5.000000e-01 5.000000e-01 5.001044e-01 5.000000e-01 5.000000e-01 1.263972e+00 -0.501391 0.039854 0.112745 0.196192 0.112745 0.039854 0.501391 -0.079625 -0.109548 -0.123045 -0.109548 -0.079625 0.000000 
5.000000e-01 5.000000e-01 4.877620e-01 5.000000e-01 5.000000e-01 1.271069e+00 -0.514150 0.039995 0.115178 0.203804 0.115178 0.039995 0.514150 -0.080996 -0.112484 -0.127190 -0.112484 -0.080996 0.000000 
5.000000e-01 5.000000e-01 4.753831e-01 5.000000e-01 5.000000e-01 1.278138e+00 -0.526914 0.040054 0.117527 0.211752 0.117527 0.040054 0.526914 -0.082293 -0.115433 -0.131462 -0.115433 -0.082293 0.000000 
5.000000e-01 5.000000e-01 4.629681e-01 5.000000e-01 5.000000e-01 1.285178e+00 -0.539682 0.040043 0.119789 0.220018 0.119789 0.040043 0.539682 -0.083510 -0.118394 -0.135873 -0.118394 -0.083510 0.000000 
5.000000e-01 5.000000e-01 4.505174e-01 5.000000e-01 5.000000e-01 1.292188e+00 -0.552454 0.039979 0.121977 0.228541 0.121977 0.039979 0.552454 -0.084643 -0.121367 -0.140435 -0.121367 -0.084643 0.000000 
5.000000e-01 5.000000e-01 4.380312e-01 5.000000e-01 5.000000e-01 1.299168e+00 -0.565230 0.039849 0.124072 0.237388 0.124072 0.039849 0.565230 -0.085671 -0.124351 -0.145186 -0.124351 -0.085671 0.000000 
5.000000e-01 5.000000e-01 4.255099e-01 5.000000e-01 5.000000e-01 1.306118e+00 -0.578009 0.039630 0.126024 0.246702 0.126024 0.039630 0.578009 -0.086596 -0.127344 -0.150128 -0.127344 -0.086596 0.000000 
5.000000e-01 5.000000e-01 4.129536e-01 5.000000e-01 5.000000e-01 1.313037e+00 -0.590791 0.039357 0.127875 0.256328 0.127875 0.039357 0.590791 -0.087414 -0.130344 -0.155274 -0.130344 -0.087414 0.000000 
5.000000e-01 5.000000e-01 4.003628e-01 5.000000e-01 5.000000e-01 1.319926e+00 -0.603575 0.039032 0.129621 0.266269 0.129621 0.039032 0.603575 -0.088116 -0.133349 -0.160643 -0.133349 -0.088116 0.000000 
5.000000e-01 5.000000e-01 3.877377e-01 5.000000e-01 5.000000e-01 1.326782e+00 -0.616361 0.038602 0.131150 0.276858 0.131150 0.038602 0.616361 -0.088677 -0.136355 -0.166298 -0.136355 -0.088677 0.000000 
5.000000e-01 5.000000e-01 3.750785e-01 5.000000e-01 5.000000e-01 1.333607e+00 -0.629148 0.038121 0.132543 0.287821 0.132543 0.038121 0.629148 -0.089100 -0.139356 -0.172237 -0.139356 -0.089100 0.000000 
5.000000e-01 5.000000e-01 3.623857e-01 5.000000e-01 5.000000e-01 1.340400e+00 -0.641937 0.037591 0.133801 0.299153 0.133801 0.037591 0.641937 -0.089379 -0.142348 -0.178483 -0.142348 -0.089379 0.000000 
5.000000e-01 5.000000e-01 3.496593e-01 5.000000e-01 5.000000e-01 1.347160e+00 -0.654727 0.036961 0.134781 0.311241 0.134781 0.036961 0.654727 -0.089502 -0.145323 -0.185076 -0.145323 -0.089502 0.000000 
5.000000e-01 5.000000e-01 3.368998e-01 5.000000e-01 5.000000e-01 1.353887e+00 -0.667517 0.036278 0.135566 0.323828 0.135566 0.036278 0.667517 -0.089436 -0.148268 -0.192109 -0.148268 -0.089436 0.000000 
5.000000e-01 5.000000e-01 3.241074e-01 5.000000e-01 5.000000e-01 1.360581e+00 -0.680307 0.035549 0.136178 0.336854 0.136178 0.035549 0.680307 -0.089193 -0.151174 -0.199572 -0.151174 -0.089193 0.000000 
5.000000e-01 5.000000e-01 3.112823e-01 5.000000e-01 5.000000e-01 1.367241e+00 -0.693097 0.034727 0.136430 0.350783 0.136430 0.034727 0.693097 -0.088764 -0.154029 -0.207511 -0.154029 -0.088764 0.000000 
5.000000e-01 5.000000e-01 2.984248e-01 5.000000e-01 5.000000e-01 1.373866e+00 -0.705886 0.033852 0.136423 0.365335 0.136423 0.033852 0.705886 -0.088116 -0.156807 -0.216041 -0.156807 -0.088116 0.000000 
5.000000e-01 5.000000e-01 2.855352e-01 5.000000e-01 5.000000e-01 1.380458e+00 -0.718675 0.032938 0.136200 0.380399 0.136200 0.032938 0.718675 -0.087239 -0.159485 -0.225227 -0.159485 -0.087239 0.000000 
5.000000e-01 5.000000e-01 2.726137e-01 5.000000e-01 5.000000e-01 1.387014e+00 -0.731463 0.031933 0.135498 0.396602 0.135498 0.031933 0.731463 -0.086139 -0.162043 -0.235100 -0.162043 -0.086139 0.000000 
5.000000e-01 5.000000e-01 2.596606e-01 5.000000e-01 5.000000e-01 1.393535e+00 -0.744250 0.030885 0.134485 0.413512 0.134485 0.030885 0.744250 -0.084798 -0.164447 -0.245762 -0.164447 -0.084798 0.000000 
5.000000e-01 5.000000e-01 2.466760e-01 5.000000e-01 5.000000e-01 1.400020e+00 -0.757036 0.029803 0.133213 0.431006 0.133213 0.029803 0.757036 -0.083169 -0.166623 -0.257452 -0.166623 -0.083169 0.000000 
5.000000e-01 5.000000e-01 2.336603e-01 5.000000e-01 5.000000e-01 1.406469e+00 -0.769822 0.028631 0.131280 0.450001 0.131280 0.028631 0.769822 -0.081279 -0.168552 -0.270158 -0.168552 -0.081279 0.000000 
5.000000e-01 5.000000e-01 2.206135e-01 5.000000e-01 5.000000e-01 1.412882e+00 -0.782607 0.027431 0.129026 0.469694 0.129026 0.027431 0.782607 -0.079119 -0.170177 -0.284014 -0.170177 -0.079119 0.000000 
5.000000e-01 5.000000e-01 2.075358e-01 5.000000e-01 5.000000e-01 1.419259e+00 -0.795390 0.026193 0.126377 0.490250 0.126377 0.026193 0.795390 -0.076636 -0.171360 -0.299398 -0.171360 -0.076636 0.000000 
5.000000e-01 5.000000e-01 1.944274e-01 5.000000e-01 5.000000e-01 1.425598e+00 -0.808175 0.024887 0.123005 0.512392 0.123005 0.024887 0.808175 -0.073852 -0.172045 -0.316382 -0.172045 -0.073852 0.000000 
5.000000e-01 5.000000e-01 1.812883e-01 5.000000e-01 5.000000e-01 1.431901e+00 -0.820960 0.023561 0.119284 0.535270 0.119284 0.023561 0.820960 -0.070769 -0.172143 -0.335136 -0.172143 -0.070769 0.000000 
5.000000e-01 5.000000e-01 1.681186e-01 5.000000e-01 5.000000e-01 1.438166e+00 -0.833746 0.022191 0.114947 0.559469 0.114947 0.022191 0.833746 -0.067348 -0.171434 -0.356182 -0.171434 -0.067348 0.000000 
5.000000e-01 5.000000e-01 1.549180e-01 5.000000e-01 5.000000e-01 1.444394e+00 -0.846537 0.020780 0.109939 0.585098 0.109939 0.020780 0.846537 -0.063597 -0.169760 -0.379822 -0.169760 -0.063597 0.000000 
5.000000e-01 5.000000e-01 1.416862e-01 5.000000e-01 5.000000e-01 1.450584e+00 -0.859330 0.019359 0.104580 0.611453 0.104580 0.019359 0.859330 -0.059537 -0.166999 -0.406260 -0.166999 -0.059537 0.000000 
5.000000e-01 5.000000e-01 1.284228e-01 5.000000e-01 5.000000e-01 1.456736e+00 -0.872134 0.017886 0.098308 0.639745 0.098308 0.017886 0.872134 -0.055141 -0.162795 -0.436262 -0.162795 -0.055141 0.000000 
5.000000e-01 5.000000e-01 1.151270e-01 5.000000e-01 5.000000e-01 1.462851e+00 -0.884947 0.016404 0.091584 0.668972 0.091584 0.016404 0.884947 -0.050414 -0.156831 -0.470457 -0.156831 -0.050414 0.000000 
5.000000e-01 5.000000e-01 1.017974e-01 5.000000e-01 5.000000e-01 1.468927e+00 -0.897774 0.014907 0.084342 0.699275 0.084342 0.014907 0.897774 -0.045390 -0.148965 -0.509063 -0.148965 -0.045390 0.000000 
5.000000e-01 5.000000e-01 8.843260e-02 5.000000e-01 5.000000e-01 1.474964e+00 -0.910625 0.013384 0.076291 0.731276 0.076291 0.013384 0.910625 -0.040058 -0.138662 -0.553185 -0.138662 -0.040058 0.000000 
5.000000e-01 5.000000e-01 7.503043e-02 5.000000e-01 5.000000e-01 1.480963e+00 -0.923501 0.011869 0.067967 0.763830 0.067967 0.011869 0.923501 -0.034426 -0.125509 -0.603632 -0.125509 -0.034426 0.000000 
5.000000e-01 5.000000e-01 6.158853e-02 5.000000e-01 5.000000e-01 1.486922e+00 -0.936414 0.010338 0.058898 0.797942 0.058898 0.010338 0.936414 -0.028540 -0.109484 -0.660366 -0.109484 -0.028540 0.000000 
5.000000e-01 5.000000e-01 4.810472e-02 5.000000e-01 5.000000e-01 1.492841e+00 -0.949370 0.008819 0.049518 0.832696 0.049518 0.008819 0.949370 -0.022399 -0.090075 -0.724423 -0.090075 -0.022399 0.000000 
5.000000e-01 5.000000e-01 3.457785e-02 5.000000e-01 5.000000e-01 1.498719e+00 -0.962372 0.007312 0.039801 0.868147 0.039801 0.007312 0.962372 -0.016036 -0.067370 -0.795561 -0.067370 -0.016036 0.000000 
5.000000e-01 5.000000e-01 2.100887e-02 5.000000e-01 5.000000e-01 1.504556e+00 -0.975418 0.005815 0.029710 0.904366 0.029710 0.005815 0.975418 -0.009506 -0.041988 -0.872429 -0.041988 -0.009506 0.000000 
5.000000e-01 5.000000e-01 7.404038e-03 5.000000e-01 5.000000e-01 1.510348e+00 -0.988491 0.004345 0.019572 0.940657 0.019572 0.004345 0.988491 -0.002845 -0.014445 -0.953909 -0.014445 -0.002845 0.000000 
5.000000e-01 5.000000e-01 4.999993e-03 5.000000e-01 5.000000e-01 1.515009e+00 -0.993258 0.002103 0.009953 0.969147 0.009953 0.002103 0.993258 -0.002109 -0.009973 -0.969094 -0.009973 -0.002109 0.000000 
5.000000e-01 5.000000e-01 4.999993e-03 5.000000e-01 5.000000e-01 1.515009e+00 -0.993258 0.002103 0.009953 0.969147 0.009953 0.002103 0.993258 -0.002109 -0.009973 -0.969094 -0.009973 -0.002109 0.000000 
5.000000e-01 5.000000e-01 4.999993e-03 5.000000e-01 5.000000e-01 1.515009e+00 -0.993258 0.002103 0.009953 0.969147 0.009953 0.002103 0.993258 -0.002109 -0.009973 -0.969094 -0.009973 -0.002109 0.000000 
5.000000e-01 5.000000e-01 4.999993e-03 5.000000e-01 5.000000e-01 1.515009e+00 -0.993258 0.002103 0.009953 0.969147 0.009953 0.002103 0.993258 -0.002109 -0.009973 -0.969094 -0.009973 -0.002109 0.000000 
5.000000e-01 5.000000e-01 4.999993e-03 5.000000e-01 5.000000e-01 1.515009e+00 -0.993258 0.002103 0.009953 0.969147 0.009953 0.002103 0.993258 -0.002109 -0.009973 -0.969094 -0.009973 -0.002109 0.000000 
5.000000e-01 5.000000e-01 4.999993e-03 5.000000e-01 5.000000e-01 1.515009e+00 -0.993258 0.002103 0.009953 0.969147 0.009953 0.002103 0.993258 -0.002109 -0.009973 -0.969094 -0.009973 -0.002109 0.000000 
5.000000e-01 5.000000e-01 4.999993e-03 5.000000e-01 5.000000e-01 1.515009e+00 -0.993258 0.002103 0.009953 0.969147 0.009953 0.002103 0.993258 -0.002109 -0.009973 -0.969094 -0.009973 -0.002109 0.000000 
5.000000e-01 5.000000e-01 4.999993e-03 5.000000e-01 5.000000e-01 1.515009e+00 -0.993258 0.002103 0.009953 0.969147 0.009953 0.002103 0.993258 -0.002109 -0.009973 -0.969094 -0.009973 -0.002109 0.000000 
5.000000e-01 5.000000e-01 4.999993e-03 5.000000e-01 5.000000e-01 1.515009e+00 -0.993258 0.002103 0.009953 0.969147 0.009953 0.002103 0.993258 -0.002109 -0.009973 -0.969094 -0.009973 -0.002109 0.000000 
5.000000e-01 5.000000e-01 4.999993e-03 5.000000e-01 5.000000e-01 1.515009e+00 -0.993258 0.002103 0.009953 0.969147 0.009953 0.002103 0.993258 -0.002109 -0.009973 -0.969094 -0.009973 -0.002109 0.000000 
5.000000e-01 5.000000e-01 4.999993e-03 5.000000e-01 5.000000e-01 1.515009e+00 -0.993258 0.002103 0.009953 0.969147 0.009953 0.002103 0.993258 -0.002109 -0.009973 -0.969094 -0.009973 -0.002109 0.000000 
5.000000e-01 5.000000e-01 4.999993e-03 5.000000e-01 5.000000e-01 1.515009e+00 -0.993258 0.002103 0.009953 0.969147 0.009953 0.002103 0.993258 -0.002109 -0.009973 -0.969094 -0.009973 -0.002109 0.000000 
5.000000e-01 5.000000e-01 4.999993e-03 5.000000e-01 5.000000e-01 1.515009e+00 -0.993258 0.002103 0.009953 0.969147 0.009953 0.002103 0.993258 -0.002109 -0.009973 -0.969094 -0.009973 -0.002109 0.000000 
5.000000e-01 5.000000e-01 4.999993e-03 5.000000e-01 5.000000e-01 1.515009e+00 -0.993258 0.002103 0.009953 0.969147 0.009953 0.002103 0.993258 -0.002109 -0.009973 -0.969094 -0.009973 -0.002109 0.000000 
5.000000e-01 5.000000e-01 4.999993e-03 5.000000e-01 5.000000e-01 1.515009e+00 -0.993258 0.002103 0.009953 0.969147 0.009953 0.002103 0.993258 -0.002109 -0.009973 -0.969094 -0.009973 -0.002109 0.000000 
5.000000e-01 5.000000e-01 4.999993e-03 5.000000e-01 5.000000e-01 1.515009e+00 -0.993258 0.002103 0.009953 0.969147 0.009953 0.002103 0.993258 -0.002109 -0.009973 -0.969094 -0.009973 -0.002109 0.000000 
5.000000e-01 5.000000e-01 4.999993e-03 5.000000e-01 5.000000e-01 1.515009e+00 -0.993258 0.002103 0.009953 0.969147 0.009953 0.002103 0.993258 -0.002109 -0.009973 -0.969094 -0.009973 -0.002109 0.000000 
5.000000e-01 5.000000e-01 4.999993e-03 5.000000e-01 5.000000e-01 1.515009e+00 -0.993258 0.002103 0.009953 0.969147 0.009953 0.002103 0.993258 -0.002109 -0.009973 -0.969094 -0.009973 -0.002109 0.000000 
5.000000e-01 5.000000e-01 4.999993e-03 5.000000e-01 5.000000e-01 1.515009e+00 -0.993258 0.002103 0.009953 0.969147 0.009953 0.002103 0.993258 -0.002109 -0.009973 -0.969094 -0.009973 -0.002109 0.000000 
5.000000e-01 5.000000e-01 4.999993e-03 5.000000e-01 5.000000e-01 1.515009e+00 -0.993258 0.002103 0.009953 0.969147 0.009953 0.002103 0.993258 -0.002109 -0.009973 -0.969094 -0.009973 -0.002109 0.000000 
5.000000e-01 5.000000e-01 4.999993e-03 5.000000e-01 5.000000e-01 1.515009e+00 -0.993258 0.002103 0.009953 0.969147 0.009953 0.002103 0.993258 -0.002109 -0.009973 -0.969094 -0.009973 -0.002109 0.000000 
5.000000e-01 5.000000e-01 4.999993e-03 5.000000e-01 5.000000e-01 1.515009e+00 -0.993258 0.002103 0.009953 0.969147 0.009953 0.002103 0.993258 -0.002109 -0.009973 -0.969094 -0.009973 -0.002109 0.000000 
5.000000e-01 5.000000e-01 4.999993e-03 5.000000e-01 5.000000e-01 1.515009e+00 -0.993258 0.002103 0.009953 0.969147 0.009953 0.002103 0.993258 -0.002109 -0.009973 -0.969094 -0.009973 -0.002109 0.000000 
5.000000e-01 5.000000e-01 4.999993e-03 5.000000e-01 5.000000e-01 1.515009e+00 -0.993258 0.002103 0.009953 0.969147 0.009953 0.002103 0.993258 -0.002109 -0.009973 -0.969094 -0.009973 -0.002109 0.000000 
5.000000e-01 5.000000e-01 4.999993e-03 5.000000e-01 5.000000e-01 1.515009e+00 -0.993258 0.002103 0.009953 0.969147 0.009953 0.002103 0.993258 -0.002109 -0.009973 -0.969094 -0.009973 -0.002109 0.000000 
5.000000e-01 5.000000e-01 4.999993e-03 5.000000e-01 5.000000e-01 1.515009e+00 -0.993258 0.002103 0.009953 0.969147 0.009953 0.002103 0.993258 -0.002109 -0.009973 -0.969094 -0.009973 -0.002109 0.000000 
5.000000e-01 5.000000e-01 4.999993e-03 5.000000e-01 5.000000e-01 1.515009e+00 -0.993258 0.002103 0.009953 0.969147 0.009953 0.002103 0.993258 -0.002109 -0.009973 -0.969094 -0.009973 -0.002109 0.000000 
5.000000e-01 5.000000e-01 4.999993e-03 5.000000e-01 5.000000e-01 1.515009e+00 -0.993258 0.002103 0.009953 0.969147 0.009953 0.002103 0.993258 -0.002109 -0.009973 -0.969094 -0.009973 -0.002109 0.000000 
5.000000e-01 5.000000e-01 4.999993e-03 5.000000e-01 5.000000e-01 1.515009e+00 -0.993258 0.002103 0.009953 0.969147 0.009953 0.002103 0.993258 -0.002109 -0.009973 -0.969094 -0.009973 -0.002109 0.000000 
5.000000e-01 5.000000e-01 4.999993e-03 5.000000e-01 5.000000e-01 1.515009e+00 -0.993258 0.002103 0.009953 0.969147 0.009953 0.002103 0.993258 -0.002109 -0.009973 -0.969094 -0.009973 -0.002109 0.000000 
5.000000e-01 5.000000e-01 4.999993e-03 5.000000e-01 5.000000e-01 1.515009e+00 -0.993258 0.002103 0.009953 0.969147 0.009953 0.002103 0.993258 -0.002109 -0.009973 -0.969094 -0.009973 -0.002109 0.000000 
5.000000e-01 5.000000e-01 4.999993e-03 5.000000e-01 5.000000e-01 1.515009e+00 -0.993258 0.002103 0.009953 0.969147 0.009953 0.002103 0.993258 -0.002109 -0.009973 -0.969094 -0.009973 -0.002109 0.000000 
5.000000e-01 5.000000e-01 4.999993e-03 5.000000e-01 5.000000e-01 1.515009e+00 -0.993258 0.002103 0.009953 0.969147 0.009953 0.002103 0.993258 -0.002109 -0.009973 -0.969094 -0.009973 -0.002109 0.000000 
5.000000e-01 5.000000e-01 4.999993e-03 5.000000e-01 5.000000e-01 1.515009e+00 -0.993258 0.002103 0.009953 0.969147 0.009953 0.002103 0.993258 -0.002109 -0.009973 -0.969094 -0.009973 -0.002109 0.000000 
5.000000e-01 5.000000e-01 4.999993e-03 5.000000e-01 5.000000e-01 1.515009e+00 -0.993258 0.002103 0.009953 0.969147 0.009953 0.002103 0.993258 -0.002109 -0.009973 -0.969094 -0.009973 -0.002109 0.000000 
5.000000e-01 5.000000e-01 4.999993e-03 5.000000e-01 5.000000e-01 1.515009e+00 -0.993258 0.002103 0.009953 0.969147 0.009953 0.002103 0.993258 -0.002109 -0.009973 -0.969094 -0.009973 -0.002109 0.000000 
5.000000e-01 5.000000e-01 4.999993e-03 5.000000e-01 5.000000e-01 1.515009e+00 -0.993258 0.002103 0.009953 0.969147 0.009953 0.002103 0.993258 -0.002109 -0.009973 -0.969094 -0.009973 -0.002109 0.000000 
5.000000e-01 5.000000e-01 4.999993e-03 5.000000e-01 5.000000e-01 1.515009e+00 -0.993258 0.002103 0.009953 0.969147 0.009953 0.002103 0.993258 -0.002109 -0.009973 -0.969094 -0.009973 -0.002109 0.000000 
5.000000e-01 5.000000e-01 4.999993e-03 5.000000e-01 5.000000e-01 1.515009e+00 -0.993258 0.002103 0.009953 0.969147 0.009953 0.002103 0.993258 -0.002109 -0.009973 -0.969094 -0.009973 -0.002109 0.000000 
5.000000e-01 5.000000e-01 4.999993e-03 5.000000e-01 5.000000e-01 1.515009e+00 -0.993258 0.002103 0.009953 0.969147 0.009953 0.002103 0.993258 -0.002109 -0.009973 -0.969094 -0.009973 -0.002109 0.000000 
5.000000e-01 5.000000e-01 4.999993e-03 5.000000e-01 5.000000e-01 1.515009e+00 -0.993258 0.002103 0.009953 0.969147 0.009953 0.002103 0.993258 -0.002109 -0.009973 -0.969094 -0.009973 -0.002109 0.000000 
5.000000e-01 5.000000e-01 4.999993e-03 5.000000e-01 5.000000e-01 1.515009e+00 -0.993258 0.002103 0.009953 0.969147 0.009953 0.002103 0.993258 -0.002109 -0.009973 -0.969094 -0.009973 -0.002109 0.000000 
5.000000e-01 5.000000e-01 4.999993e-03 5.000000e-01 5.000000e-01 1.515009e+00 -0.993258 0.002103 0.009953 0.969147 0.009953 0.002103 0.993258 -0.002109 -0.009973 -0.969094 -0.009973 -0.002109 0.000000 
5.000000e-01 5.000000e-01 4.999993e-03 5.000000e-01 5.000000e-01 1.515009e+00 -0.993258 0.002103 0.009953 0.969147 0.009953 0.002103 0.993258 -0.002109 -0.009973 -0.969094 -0.009973 -0.002109 0.000000 
5.000000e-01 5.000000e-01 4.999993e-03 5.000000e-01 5.000000e-01 1.515009e+00 -0.993258 0.002103 0.009953 0.969147 0.009953 0.002103 0.993258 -0.002109 -0.009973 -0.969094 -0.009973 -0.002109 0.000000 
5.000000e-01 5.000000e-01 4.999993e-03 5.000000e-01 5.000000e-01 1.515009e+00 -0.993258 0.002103 0.009953 0.969147 0.009953 0.002103 0.993258 -0.002109 -0.009973 -0.969094 -0.009973 -0.002109 0.000000 
5.000000e-01 5.000000e-01 4.999993e-03 5.000000e-01 5.000000e-01 1.515009e+00 -0.993258 0.002103 0.009953 0.969147 0.009953 0.002103 0.993258 -0.002109 -0.009973 -0.969094 -0.009973 -0.002109 0.000000 
5.000000e-01 5.000000e-01 4.999993e-03 5.000000e-01 5.000000e-01 1.515009e+00 -0.993258 0.002103 0.009953 0.969147 0.009953 0.002103 0.993258 -0.002109 -0.009973 -0.969094 -0.009973 -0.002109 0.000000 
5.000000e-01 5.000000e-01 4.999993e-03 5.000000e-01 5.000000e-01 1.515009e+00 -0.993258 0.002103 0.009953 0.969147 0.009953 0.002103 0.993258 -0.002109 -0.009973 -0.969094 -0.009973 -0.002109 0.000000 
5.000000e-01 5.000000e-01 4.999993e-03 5.000000e-01 5.000000e-01 1.515009e+00 -0.993258 0.002103 0.009953 0.969147 0.009953 0.002103 0.993258 -0.002109 -0.009973 -0.969094 -0.009973 -0.002109 0.000000 
5.000000e-01 5.000000e-01 4.999993e-03 5.000000e-01 5.000000e-01 1.515009e+00 -0.993258 0.002103 0.009953 0.969147 0.009953 0.002103 0.993258 -0.002109 -0.009973 -0.969094 -0.009973 -0.002109 0.000000 
5.000000e-01 5.000000e-01 4.999993e-03 5.000000e-01 5.000000e-01 1.515009e+00 -0.993258 0.002103 0.009953 0.969147 0.009953 0.002103 0.993258 -0.002109 -0.009973 -0.969094 -0.009973 -0.002109 0.000000 
5.000000e-01 5.000000e-01 4.999993e-03 5.000000e-01 5.000000e-01 1.515009e+00 -0.993258 0.002103 0.009953 0.969147 0.009953 0.002103 0.993258 -0.002109 -0.009973 -0.969094 -0.009973 -0.002109 0.000000 
5.000000e-01 5.000000e-01 4.999993e-03 5.000000e-01 5.000000e-01 1.515009e+00 -0.993258 0.002103 0.009953 0.969147 0.009953 0.002103 0.993258 -0.002109 -0.009973 -0.969094 -0.009973 -0.002109 0.000000 
5.000000e-01 5.000000e-01 4.999993e-03 5.000000e-01 5.000000e-01 1.515009e+00 -0.993258 0.002103 0.009953 0.969147 0.009953 0.002103 0.993258 -0.002109 -0.009973 -0.969094 -0.009973 -0.002109 0.000000 
5.000000e-01 5.000000e-01 4.999993e-03 5.000000e-01 5.000000e-01 1.515009e+00 -0.993258 0.002103 0.009953 0.969147 0.009953 0.002103 0.993258 -0.002109 -0.009973 -0.969094 -0.009973 -0.002109 0.000000 
5.000000e-01 5.000000e-01 4.999993e-03 5.000000e-01 5.000000e-01 1.515009e+00 -0.993258 0.002103 0.009953 0.969147 0.009953 0.002103 0.993258 -0.002109 -0.009973 -0.969094 -0.009973 -0.002109 0.000000 
5.000000e-01 5.000000e-01 4.999993e-03 5.000000e-01 5.000000e-01 1.515009e+00 -0.993258 0.002103 0.009953 0.969147 0.009953 0.002103 0.993258 -0.002109 -0.009973 -0.969094 -0.009973 -0.002109 0.000000 
5.000000e-01 5.000000e-01 4.999993e-03 5.000000e-01 5.000000e-01 1.515009e+00 -0.993258 0.002103 0.009953 0.969147 0.009953 0.002103 0.993258 -0.002109 -0.009973 -0.969094 -0.009973 -0.002109 0.000000 
5.000000e-01 5.000000e-01 4.999993e-03 5.000000e-01 5.000000e-01 1.515009e+00 -0.993258 0.002103 0.009953 0.969147 0.009953 0.002103 0.993258 -0.002109 -0.009973 -0.969094 -0.009973 -0.002109 0.000000 
5.000000e-01 5.000000e-01 4.999993e-03 5.000000e-01 5.000000e-01 1.515009e+00 -0.993258 0.002103 0.009953 0.969147 0.009953 0.002103 0.993258 -0.002109 -0.009973 -0.969094 -0.009973 -0.002109 0.000000 
5.000000e-01 5.000000e-01 4.999993e-03 5.000000e-01 5.000000e-01 1.515009e+00 -0.993258 0.002103 0.009953 0.969147 0.009953 0.002103 0.993258 -0.002109 -0.009973 -0.969094 -0.009973 -0.002109 0.000000 
5.000000e-01 5.000000e-01 4.999993e-03 5.000000e-01 5.000000e-01 1.515009e+00 -0.993258 0.002103 0.009953 0.969147 0.009953 0.002103 0.993258 -0.002109 -0.009973 -0.969094 -0.009973 -0.002109 0.000000 
5.000000e-01 5.000000e-01 4.999993e-03 5.000000e-01 5.000000e-01 1.515009e+00 -0.993258 0.002103 0.009953 0.969147 0.009953 0.002103 0.993258 -0.002109 -0.009973 -0.969094 -0.009973 -0.002109 0.000000 
5.000000e-01 5.000000e-01 4.999993e-03 5.000000e-01 5.000000e-01 1.515009e+00 -0.993258 0.002103 0.009953 0.969147 0.009953 0.002103 0.993258 -0.002109 -0.009973 -0.969094 -0.009973 -0.002109 0.000000 
5.000000e-01 5.000000e-01 4.999993e-03 5.000000e-01 5.000000e-01 1.515009e+00 -0.993258 0.002103 0.009953 0.969147 0.009953 0.002103 0.993258 -0.002109 -0.009973 -0.969094 -0.009973 -0.002109 0.000000 
5.000000e-01 5.000000e-01 4.999993e-03 5.000000e-01 5.000000e-01 1.515009e+00 -0.993258 0.002103 0.009953 0.969147 0.009953 0.002103 0.993258 -0.002109 -0.009973 -0.969094 -0.009973 -0.002109 0.000000 
5.000000e-01 5.000000e-01 4.999993e-03 5.000000e-01 5.000000e-01 1.515009e+00 -0.993258 0.002103 0.009953 0.969147 0.009953 0.002103 0.993258 -0.002109 -0.009973 -0.969094 -0.009973 -0.002109 0.000000 
5.000000e-01 5.000000e-01 4.999993e-03 5.000000e-01 5.000000e-01 1.515009e+00 -0.993258 0.002103 0.009953 0.969147 0.009953 0.002103 0.993258 -0.002109 -0.009973 -0.969094 -0.009973 -0.002109 0.000000 
5.000000e-01 5.000000e-01 4.999993e-03 5.000000e-01 5.000000e-01 1.515009e+00 -0.993258 0.002103 0.009953 0.969147 0.009953 0.002103 0.993258 -0.002109 -0.009973 -0.969094 -0.009973 -0.002109 0.000000 
5.000000e-01 5.000000e-01 4.999993e-03 5.000000e-01 5.000000e-01 1.515009e+00 -0.993258 0.002103 0.009953 0.969147 0.009953 0.002103 0.993258 -0.002109 -0.009973 -0.969094 -0.009973 -0.002109 0.000000 
5.000000e-01 5.000000e-01 4.999993e-03 5.000000e-01 5.000000e-01 1.515009e+00 -0.993258 0.002103 0.009953 0.969147 0.009953 0.002103 0.993258 -0.002109 -0.009973 -0.969094 -0.009973 -0.002109 0.000000 
5.000000e-01 5.000000e-01 4.999993e-03 5.000000e-01 5.000000e-01 1.515009e+00 -0.993258 0.002103 0.009953 0.969147 0.009953 0.002103 0.993258 -0.002109 -0.009973 -0.969094 -0.009973 -0.002109 0.000000 
5.000000e-01 5.000000e-01 4.999993e-03 5.000000e-01 5.000000e-01 1.515009e+00 -0.993258 0.002103 0.009953 0.969147 0.009953 0.002103 0.993258 -0.002109 -0.009973 -0.969094 -0.009973 -0.002109 0.000000 
5.000000e-01 5.000000e-01 4.999993e-03 5.000000e-01 5.000000e-01 1.515009e+00 -0.993258 0.002103 0.009953 0.969147 0.009953 0.002103 0.993258 -0.002109 -0.009973 -0.969094 -0.009973 -0.002109 0.000000 
5.000000e-01 5.000000e-01 4.999993e-03 5.000000e-01 5.000000e-01 1.515009e+00 -0.993258 0.002103 0.009953 0.969147 0.009953 0.002103 0.993258 -0.002109 -0.009973 -0.969094 -0.009973 -0.002109 0.000000 
5.000000e-01 5.000000e-01 4.999993e-03 5.000000e-01 5.000000e-01 1.515009e+00 -0.993258 0.002103 0.009953 0.969147 0.009953 0.002103 0.993258 -0.002109 -0.009973 -0.969094 -0.009973 -0.002109 0.000000 
5.000000e-01 5.000000e-01 4.999993e-03 5.000000e-01 5.000000e-01 1.515009e+00 -0.993258 0.002103 0.009953 0.969147 0.009953 0.002103 0.993258 -0.002109 -0.009973 -0.969094 -0.009973 -0.002109 0.000000 
5.000000e-01 5.000000e-01 4.999993e-03 5.000000e-01 5.000000e-01 1.515009e+00 -0.993258 0.002103 0.009953 0.969147 0.009953 0.002103 0.993258 -0.002109 -0.009973 -0.969094 -0.009973 -0.002109 0.000000 
5.000000e-01 5.000000e-01 4.999993e-03 5.000000e-01 5.000000e-01 1.515009e+00 -0.993258 0.002103 0.009953 0.969147 0.009953 0.002103 0.993258 -0.002109 -0.009973 -0.969094 -0.009973 -0.002109 0.000000 
5.000000e-01 5.000000e-01 4.999993e-03 5.000000e-01 5.000000e-01 1.515009e+00 -0.993258 0.002103 0.009953 0.969147 0.009953 0.002103 0.993258 -0.002109 -0.009973 -0.969094 -0.009973 -0.002109 0.000000 
5.000000e-01 5.000000e-01 4.999993e-03 5.000000e-01 5.000000e-01 1.515009e+00 -0.993258 0.002103 0.009953 0.969147 0.009953 0.002103 0.993258 -0.002109 -0.009973 -0.969094 -0.009973 -0.002109 0.000000 
5.000000e-01 5.000000e-01 4.999993e-03 5.000000e-01 5.000000e-01 1.515009e+00 -0.993258 0.002103 0.009953 0.969147 0.009953 0.002103 0.993258 -0.002109 -0.009973 -0.969094 -0.009973 -0.002109 0.000000 
5.000000e-01 5.000000e-01 4.999993e-03 5.000000e-01 5.000000e-01 1.515009e+00 -0.993258 0.002103 0.009953 0.969147 0.009953 0.002103 0.993258 -0.002109 -0.009973 -0.969094 -0.009973 -0.002109 0.000000 
5.000000e-01 5.000000e-01 4.999993e-03 5.000000e-01 5.000000e-01 1.515009e+00 -0.993258 0.002103 0.009953 0.969147 0.009953 0.002103 0.993258 -0.002109 -0.009973 -0.969094 -0.009973 -0.002109 0.000000 
5.000000e-01 5.000000e-01 4.999993e-03 5.000000e-01 5.000000e-01 1.515009e+00 -0.993258 0.002103 0.009953 0.969147 0.009953 0.002103 0.993258 -0.002109 -0.009973 -0.969094 -0.009973 -0.002109 0.000000 
5.000000e-01 5.000000e-01 4.999993e-03 5.000000e-01 5.000000e-01 1.515009e+00 -0.993258 0.002103 0.009953 0.969147 0.009953 0.002103 0.993258 -0.002109 -0.009973 -0.969094 -0.009973 -0.002109 0.000000 
5.000000e-01 5.000000e-01 4.999993e-03 5.000000e-01 5.000000e-01 1.515009e+00 -0.993258 0.002103 0.009953 0.969147 0.009953 0.002103 0.993258 -0.002109 -0.009973 -0.969094 -0.009973 -0.002109 0.000000 
5.000000e-01 5.000000e-01 4.999993e-03 5.000000e-01 5.000000e-01 1.515009e+00 -0.993258 0.002103 0.009953 0.969147 0.009953 0.002103 0.993258 -0.002109 -0.009973 -0.969094 -0.009973 -0.002109 0.000000 
5.000000e-01 5.000000e-01 4.999993e-03 5.000000e-01 5.000000e-01 1.515009e+00 -0.993258 0.002103 0.009953 0.969147 0.009953 0.002103 0.993258 -0.002109 -0.009973 -0.969094 -0.009973 -0.002109 0.000000 
5.000000e-01 5.000000e-01 4.999993e-03 5.000000e-01 5.000000e-01 1.515009e+00 -0.993258 0.002103 0.009953 0.969147 0.009953 0.002103 0.993258 -0.002109 -0.009973 -0.969094 -0.009973 -0.002109 0.000000 
5.000000e-01 5.000000e-01 4.999993e-03 5.000000e-01 5.000000e-01 1.515009e+00 -0.993258 0.002103 0.009953 0.969147 0.009953 0.002103 0.993258 -0.002109 -0.009973 -0.969094 -0.009973 -0.002109 0.000000 
5.000000e-01 5.000000e-01 4.999993e-03 5.000000e-01 5.000000e-01 1.515009e+00 -0.993258 0.002103 0.009953 0.969147 0.009953 0.002103 0.993258 -0.002109 -0.009973 -0.969094 -0.009973 -0.002109 0.000000 
5.000000e-01 5.000000e-01 4.999993e-03 5.000000e-01 5.000000e-01 1.515009e+00 -0.993258 0.002103 0.009953 0.969147 0.009953 0.002103 0.993258 -0.002109 -0.009973 -0.969094 -0.009973 -0.002109 0.000000 
5.000000e-01 5.000000e-01 4.999993e-03 5.000000e-01 5.000000e-01 1.515009e+00 -0.993258 0.002103 0.009953 0.969147 0.009953 0.002103 0.993258 -0.002109 -0.009973 -0.969094 -0.009973 -0.002109 0.000000 
5.000000e-01 5.000000e-01 4.999993e-03 5.000000e-01 5.000000e-01 1.515009e+00 -0.993258 0.002103 0.009953 0.969147 0.009953 0.002103 0.993258 -0.002109 -0.009973 -0.969094 -0.009973 -0.002109 0.000000 
5.000000e-01 5.000000e-01 4.999993e-03 5.000000e-01 5.000000e-01 1.515009e+00 -0.993258 0.002103 0.009953 0.969147 0.009953 0.002103 0.993258 -0.002109 -0.009973 -0.969094 -0.009973 -0.002109 0.000000 
5.000000e-01 5.000000e-01 4.999993e-03 5.000000e-01 5.000000e-01 1.515009e+00 -0.993258 0.002103 0.009953 0.969147 0.009953 0.002103 0.993258 -0.002109 -0.009973 -0.969094 -0.009973 -0.002109 0.000000 
5.000000e-01 5.000000e-01 4.999993e-03 5.000000e-01 5.000000e-01 1.515009e+00 -0.993258 0.002103 0.009953 0.969147 0.009953 0.002103 0.993258 -0.002109 -0.009973 -0.969094 -0.009973 -0.002109 0.000000 
5.000000e-01 5.000000e-01 4.999993e-03 5.000000e-01 5.000000e-01 1.515009e+00 -0.993258 0.002103 0.009953 0.969147 0.009953 0.002103 0.993258 -0.002109 -0.009973 -0.969094 -0.009973 -0.002109 0.000000 
5.000000e-01 5.000000e-01 4.999993e-03 5.000000e-01 5.000000e-01 1.515009e+00 -0.993258 0.002103 0.009953 0.969147 0.009953 0.002103 0.993258 -0.002109 -0.009973 -0.969094 -0.009973 -0.002109 0.000000 
5.000000e-01 5.000000e-01 4.999993e-03 5.000000e-01 5.000000e-01 1.515009e+00 -0.993258 0.002103 0.009953 0.969147 0.009953 0.002103 0.993258 -0.002109 -0.009973 -0.969094 -0.009973 -0.002109 0.000000 
5.000000e-01 5.000000e-01 4.999993e-03 5.000000e-01 5.000000e-01 1.515009e+00 -0.993258 0.002103 0.009953 0.969147 0.009953 0.002103 0.993258 -0.002109 -0.009973 -0.969094 -0.009973 -0.002109 0.000000 
5.000000e-01 5.000000e-01 4.999993e-03 5.000000e-01 5.000000e-01 1.515009e+00 -0.993258 0.002103 0.009953 0.969147 0.009953 0.002103 0.993258 -0.002109 -0.009973 -0.969094 -0.009973 -0.002109 0.000000 
5.000000e-01 5.000000e-01 4.999993e-03 5.000000e-01 5.000000e-01 1.515009e+00 -0.993258 0.002103 0.009953 0.969147 0.009953 0.002103 0.993258 -0.002109 -0.009973 -0.969094 -0.009973 -0.002109 0.000000 
5.000000e-01 5.000000e-01 4.999993e-03 5.000000e-01 5.000000e-01 1.515009e+00 -0.993258 0.002103 0.009953 0.969147 0.009953 0.002103 0.993258 -0.002109 -0.009973 -0.969094 -0.009973 -0.002109 0.000000 
5.000000e-01 5.000000e-01 4.999993e-03 5.000000e-01 5.000000e-01 1.515009e+00 -0.993258 0.002103 0.009953 0.969147 0.009953 0.002103 0.993258 -0.002109 -0.009973 -0.969094 -0.009973 -0.002109 0.000000 
5.000000e-01 5.000000e-01 4.999993e-03 5.000000e-01 5.000000e-01 1.515009e+00 -0.993258 0.002103 0.009953 0.969147 0.009953 0.002103 0.993258 -0.002109 -0.009973 -0.969094 -0.009973 -0.002109 0.000000 
5.000000e-01 5.000000e-01 4.999993e-03 5.000000e-01 5.000000e-01 1.515009e+00 -0.993258 0.002103 0.009953 0.969147 0.009953 0.002103 0.993258 -0.002109 -0.009973 -0.969094 -0.009973 -0.002109 0.000000 
5.000000e-01 5.000000e-01 4.999993e-03 5.000000e-01 5.000000e-01 1.515009e+00 -0.993258 0.002103 0.009953 0.969147 0.009953 0.002103 0.993258 -0.002109 -0.009973 -0.969094 -0.009973 -0.002109 0.000000 
5.000000e-01 5.000000e-01 4.999993e-03 5.000000e-01 5.000000e-01 1.515009e+00 -0.993258 0.002103 0.009953 0.969147 0.009953 0.002103 0.993258 -0.002109 -0.009973 -0.969094 -0.009973 -0.002109 0.000000 
5.000000e-01 5.000000e-01 4.999993e-03 5.000000e-01 5.000000e-01 1.515009e+00 -0.993258 0.002103 0.009953 0.969147 0.009953 0.002103 0.993258 -0.002109 -0.009973 -0.969094 -0.009973 -0.002109 0.000000 
5.000000e-01 5.000000e-01 4.999993e-03 5.000000e-01 5.000000e-01 1.515009e+00 -0.993258 0.002103 0.009953 0.969147 0.009953 0.002103 0.993258 -0.002109 -0.009973 -0.969094 -0.009973 -0.002109 0.000000 
5.000000e-01 5.000000e-01 4.999993e-03 5.000000e-01 5.000000e-01 1.515009e+00 -0.993258 0.002103 0.009953 0.969147 0.009953 0.002103 0.993258 -0.002109 -0.009973 -0.969094 -0.009973 -0.002109 0.000000 
5.000000e-01 5.000000e-01 4.999993e-03 5.000000e-01 5.000000e-01 1.515009e+00 -0.993258 0.002103 0.009953 0.969147 0.009953 0.002103 0.993258 -0.002109 -0.009973 -0.969094 -0.009973 -0.002109 0.000000 
5.000000e-01 5.000000e-01 4.999993e-03 5.000000e-01 5.000000e-01 1.515009e+00 -0.993258 0.002103 0.009953 0.969147 0.009953 0.002103 0.993258 -0.002109 -0.009973 -0.969094 -0.009973 -0.002109 0.000000 
5.000000e-01 5.000000e-01 4.999993e-03 5.000000e-01 5.000000e-01 1.515009e+00 -0.993258 0.002103 0.009953 0.969147 0.009953 0.002103 0.993258 -0.002109 -0.009973 -0.969094 -0.009973 -0.002109 0.000000 
5.000000e-01 5.000000e-01 4.999993e-03 5.000000e-01 5.000000e-01 1.515009e+00 -0.993258 0.002103 0.009953 0.969147 0.009953 0.002103 0.993258 -0.002109 -0.009973 -0.969094 -0.009973 -0.002109 0.000000 
5.000000e-01 5.000000e-01 4.999993e-03 5.000000e-01 5.000000e-01 1.515009e+00 -0.993258 0.002103 0.009953 0.969147 0.009953 0.002103 0.993258 -0.002109 -0.009973 -0.969094 -0.009973 -0.002109 0.000000 
5.000000e-01 5.000000e-01 4.999993e-03 5.000000e-01 5.000000e-01 1.515009e+00 -0.993258 0.002103 0.009953 0.969147 0.009953 0.002103 0.993258 -0.002109 -0.009973 -0.969094 -0.009973 -0.002109 0.000000 
5.000000e-01 5.000000e-01 4.999993e-03 5.000000e-01 5.000000e-01 1.515009e+00 -0.993258 0.002103 0.009953 0.969147 0.009953 0.002103 0.993258 -0.002109 -0.009973 -0.969094 -0.009973 -0.002109 0.000000 
5.000000e-01 5.000000e-01 4.999993e-03 5.000000e-01 5.000000e-01 1.515009e+00 -0.993258 0.002103 0.009953 0.969147 0.009953 0.002103 0.993258 -0.002109 -0.009973 -0.969094 -0.009973 -0.002109 0.000000 
5.000000e-01 5.000000e-01 4.999993e-03 5.000000e-01 5.000000e-01 1.515009e+00 -0.993258 0.002103 0.009953 0.969147 0.009953 0.002103 0.993258 -0.002109 -0.009973 -0.969094 -0.009973 -0.002109 0.000000 
5.000000e-01 5.000000e-01 4.999993e-03 5.000000e-01 5.000000e-01 1.515009e+00 -0.993258 0.002103 0.009953 0.969147 0.009953 0.002103 0.993258 -0.002109 -0.009973 -0.969094 -0.009973 -0.002109 0.000000 
5.000000e-01 5.000000e-01 4.999993e-03 5.000000e-01 5.000000e-01 1.515009e+00 -0.993258 0.002103 0.009953 0.969147 0.009953 0.002103 0.993258 -0.002109 -0.009973 -0.969094 -0.009973 -0.002109 0.000000 
5.000000e-01 5.000000e-01 4.999993e-03 5.000000e-01 5.000000e-01 1.515009e+00 -0.993258 0.002103 0.009953 0.969147 0.009953 0.002103 0.993258 -0.002109 -0.009973 -0.969094 -0.009973 -0.002109 0.000000 
5.000000e-01 5.000000e-01 4.999993e-03 5.000000e-01 5.000000e-01 1.515009e+00 -0.993258 0.002103 0.009953 0.969147 0.009953 0.002103 0.993258 -0.002109 -0.009973 -0.969094 -0.009973 -0.002109 0.000000 
5.000000e-01 5.000000e-01 4.999993e-03 5.000000e-01 5.000000e-01 1.515009e+00 -0.993258 0.002103 0.009953 0.969147 0.009953 0.002103 0.993258 -0.002109 -0.009973 -0.969094 -0.009973 -0.002109 0.000000 
5.000000e-01 5.000000e-01 4.999993e-03 5.000000e-01 5.000000e-01 1.515009e+00 -0.993258 0.002103 0.009953 0.969147 0.009953 0.002103 0.993258 -0.002109 -0.009973 -0.969094 -0.009973 -0.002109 0.000000 
5.000000e-01 5.000000e-01 4.999993e-03 5.000000e-01 5.000000e-01 1.515009e+00 -0.993258 0.002103 0.009953 0.969147 0.009953 0.002103 0.993258 -0.002109 -0.009973 -0.969094 -0.009973 -0.002109 0.000000 
5.000000e-01 5.000000e-01 4.999993e-03 5.000000e-01 5.000000e-01 1.515009e+00 -0.993258 0.002103 0.009953 0.969147 0.009953 0.002103 0.993258 -0.002109 -0.009973 -0.969094 -0.009973 -0.002109 0.000000 
5.000000e-01 5.000000e-01 4.999993e-03 5.000000e-01 5.000000e-01 1.515009e+00 -0.993258 0.002103 0.009953 0.969147 0.009953 0.002103 0.993258 -0.002109 -0.009973 -0.969094 -0.009973 -0.002109 0.000000 
5.000000e-01 5.000000e-01 4.999993e-03 5.000000e-01 5.000000e-01 1.515009e+00 -0.993258 0.002103 0.009953 0.969147 0.009953 0.002103 0.993258 -0.002109 -0.009973 -0.969094 -0.009973 -0.002109 0.000000 
5.000000e-01 5.000000e-01 4.999993e-03 5.000000e-01 5.000000e-01 1.515009e+00 -0.993258 0.002103 0.009953 0.969147 0.009953 0.002103 0.993258 -0.002109 -0.009973 -0.969094 -0.009973 -0.002109 0.000000 
5.000000e-01 5.000000e-01 4.999993e-03 5.000000e-01 5.000000e-01 1.515009e+00 -0.993258 0.002103 0.009953 0.969147 0.009953 0.002103 0.993258 -0.002109 -0.009973 -0.969094 -0.009973 -0.002109 0.000000 
5.000000e-01 5.000000e-01 4.999993e-03 5.000000e-01 5.000000e-01 1.515009e+00 -0.993258 0.002103 0.009953 0.969147 0.009953 0.002103 0.993258 -0.002109 -0.009973 -0.969094 -0.009973 -0.002109 0.000000 
5.000000e-01 5.000000e-01 4.999993e-03 5.000000e-01 5.000000e-01 1.515009e+00 -0.993258 0.002103 0.009953 0.969147 0.009953 0.002103 0.993258 -0.002109 -0.009973 -0.969094 -0.009973 -0.002109 0.000000 
5.000000e-01 5.000000e-01 4.999993e-03 5.000000e-01 5.000000e-01 1.515009e+00 -0.993258 0.002103 0.009953 0.969147 0.009953 0.002103 0.993258 -0.002109 -0.009973 -0.969094 -0.009973 -0.002109 0.000000 
5.000000e-01 5.000000e-01 4.999993e-03 5.000000e-01 5.000000e-01 1.515009e+00 -0.993258 0.002103 0.009953 0.969147 0.009953 0.002103 0.993258 -0.002109 -0.009973 -0.969094 -0.009973 -0.002109 0.000000 
5.000000e-01 5.000000e-01 4.999993e-03 5.000000e-01 5.000000e-01 1.515009e+00 -0.993258 0.002103 0.009953 0.969147 0.009953 0.002103 0.993258 -0.002109 -0.009973 -0.969094 -0.009973 -0.002109 0.000000 
5.000000e-01 5.000000e-01 4.999993e-03 5.000000e-01 5.000000e-01 1.515009e+00 -0.993258 0.002103 0.009953 0.969147 0.009953 0.002103 0.993258 -0.002109 -0.009973 -0.969094 -0.009973 -0.002109 0.000000 
5.000000e-01 5.000000e-01 4.999993e-03 5.000000e-01 5.000000e-01 1.515009e+00 -0.993258 0.002103 0.009953 0.969147 0.009953 0.002103 0.993258 -0.002109 -0.009973 -0.969094 -0.009973 -0.002109 0.000000 
5.000000e-01 5.000000e-01 4.999993e-03 5.000000e-01 5.000000e-01 1.515009e+00 -0.993258 0.002103 0.009953 0.969147 0.009953 0.002103 0.993258 -0.002109 -0.009973 -0.969094 -0.009973 -0.002109 0.000000 
5.000000e-01 5.000000e-01 4.999993e-03 5.000000e-01 5.000000e-01 1.515009e+00 -0.993258 0.002103 0.009953 0.969147 0.009953 0.002103 0.993258 -0.002109 -0.009973 -0.969094 -0.009973 -0.002109 0.000000 
5.000000e-01 5.000000e-01 4.999993e-03 5.000000e-01 5.000000e-01 1.515009e+00 -0.993258 0.002103 0.009953 0.969147 0.009953 0.002103 0.993258 -0.002109 -0.009973 -0.969094 -0.009973 -0.002109 0.000000 
5.000000e-01 5.000000e-01 4.999993e-03 5.000000e-01 5.000000e-01 1.515009e+00 -0.993258 0.002103 0.009953 0.969147 0.009953 0.002103 0.993258 -0.002109 -0.009973 -0.969094 -0.009973 -0.002109 0.000000 
5.000000e-01 5.000000e-01 4.999993e-03 5.000000e-01 5.000000e-01 1.515009e+00 -0.993258 0.002103 0.009953 0.969147 0.009953 0.002103 0.993258 -0.002109 -0.009973 -0.969094 -0.009973 -0.002109 0.000000 
5.000000e-01 5.000000e-01 4.999993e-03 5.000000e-01 5.000000e-01 1.515009e+00 -0.993258 0.002103 0.009953 0.969147 0.009953 0.002103 0.993258 -0.002109 -0.009973 -0.969094 -0.009973 -0.002109 0.000000 
5.000000e-01 5.000000e-01 4.999993e-03 5.000000e-01 5.000000e-01 1.515009e+00 -0.993258 0.002103 0.009953 0.969147 0.009953 0.002103 0.993258 -0.002109 -0.009973 -0.969094 -0.009973 -0.002109 0.000000 
5.000000e-01 5.000000e-01 4.999993e-03 5.000000e-01 5.000000e-01 1.515009e+00 -0.993258 0.002103 0.009953 0.969147 0.009953 0.002103 0.993258 -0.002109 -0.009973 -0.969094 -0.009973 -0.002109 0.000000 
5.000000e-01 5.000000e-01 4.999993e-03 5.000000e-01 5.000000e-01 1.515009e+00 -0.993258 0.002103 0.009953 0.969147 0.009953 0.002103 0.993258 -0.002109 -0.009973 -0.969094 -0.009973 -0.002109 0.000000 
5.000000e-01 5.000000e-01 4.999993e-03 5.000000e-01 5.000000e-01 1.515009e+00 -0.993258 0.002103 0.009953 0.969147 0.009953 0.002103 0.993258 -0.002109 -0.009973 -0.969094 -0.009973 -0.002109 0.000000 
5.000000e-01 5.000000e-01 4.999993e-03 5.000000e-01 5.000000e-01 1.515009e+00 -0.993258 0.002103 0.009953 0.969147 0.009953 0.002103 0.993258 -0.002109 -0.009973 -0.969094 -0.009973 -0.002109 0.000000 
5.000000e-01 5.000000e-01 4.999993e-03 5.000000e-01 5.000000e-01 1.515009e+00 -0.993258 0.002103 0.009953 0.969147 0.009953 0.002103 0.993258 -0.002109 -0.009973 -0.969094 -0.009973 -0.002109 0.000000 
5.000000e-01 5.000000e-01 4.999993e-03 5.000000e-01 5.000000e-01 1.515009e+00 -0.993258 0.002103 0.009953 0.969147 0.009953 0.002103 0.993258 -0.002109 -0.009973 -0.969094 -0.009973 -0.002109 0.000000 
5.000000e-01 5.000000e-01 4.999993e-03 5.000000e-01 5.000000e-01 1.515009e+00 -0.993258 0.002103 0.009953 0.969147 0.009953 0.002103 0.993258 -0.002109 -0.009973 -0.969094 -0.009973 -0.002109 0.000000 
5.000000e-01 5.000000e-01 4.999993e-03 5.000000e-01 5.000000e-01 1.515009e+00 -0.993258 0.002103 0.009953 0.969147 0.009953 0.002103 0.993258 -0.002109 -0.009973 -0.969094 -0.009973 -0.002109 0.000000 
5.000000e-01 5.000000e-01 4.999993e-03 5.000000e-01 5.000000e-01 1.515009e+00 -0.993258 0.002103 0.009953 0.969147 0.009953 0.002103 0.993258 -0.002109 -0.009973 -0.969094 -0.009973 -0.002109 0.000000 
5.000000e-01 5.000000e-01 4.999993e-03 5.000000e-01 5.000000e-01 1.515009e+00 -0.993258 0.002103 0.009953 0.969147 0.009953 0.002103 0.993258 -0.002109 -0.009973 -0.969094 -0.009973 -0.002109 0.000000 
5.000000e-01 5.000000e-01 4.999993e-03 5.000000e-01 5.000000e-01 1.515009e+00 -0.993258 0.002103 0.009953 0.969147 0.009953 0.002103 0.993258 -0.002109 -0.009973 -0.969094 -0.009973 -0.002109 0.000000 
5.000000e-01 5.000000e-01 4.999993e-03 5.000000e-01 5.000000e-01 1.515009e+00 -0.993258 0.002103 0.009953 0.969147 0.009953 0.002103 0.993258 -0.002109 -0.009973 -0.969094 -0.009973 -0.002109 0.000000 
5.000000e-01 5.000000e-01 4.999993e-03 5.000000e-01 5.000000e-01 1.515009e+00 -0.993258 0.002103 0.009953 0.969147 0.009953 0.002103 0.993258 -0.002109 -0.009973 -0.969094 -0.009973 -0.002109 0.000000 
5.000000e-01 5.000000e-01 4.999993e-03 5.000000e-01 5.000000e-01 1.515009e+00 -0.993258 0.002103 0.009953 0.969147 0.009953 0.002103 0.993258 -0.002109 -0.009973 -0.969094 -0.009973 -0.002109 0.000000 
5.000000e-01 5.000000e-01 4.999993e-03 5.000000e-01 5.000000e-01 1.515009e+00 -0.993258 0.002103 0.009953 0.969147 0.009953 0.002103 0.993258 -0.002109 -0.009973 -0.969094 -0.009973 -0.002109 0.000000 
5.000000e-01 5.000000e-01 4.999993e-03 5.000000e-01 5.000000e-01 1.515009e+00 -0.993258 0.002103 0.009953 0.969147 0.009953 0.002103 0.993258 -0.002109 -0.009973 -0.969094 -0.009973 -0.002109 0.000000 
5.000000e-01 5.000000e-01 4.999993e-03 5.000000e-01 5.000000e-01 1.515009e+00 -0.993258 0.002103 0.009953 0.969147 0.009953 0.002103 0.993258 -0.002109 -0.009973 -0.969094 -0.009973 -0.002109 0.000000 
5.000000e-01 5.000000e-01 4.999993e-03 5.000000e-01 5.000000e-01 1.515009e+00 -0.993258 0.002103 0.009953 0.969147 0.009953 0.002103 0.993258 -0.002109 -0.009973 -0.969094 -0.009973 -0.002109 0.000000 
5.000000e-01 5.000000e-01 4.999993e-03 5.000000e-01 5.000000e-01 1.515009e+00 -0.993258 0.002103 0.009953 0.969147 0.009953 0.002103 0.993258 -0.002109 -0.009973 -0.969094 -0.009973 -0.002109 0.000000 
5.000000e-01 5.000000e-01 4.999993e-03 5.000000e-01 5.000000e-01 1.515009e+00 -0.993258 0.002103 0.009953 0.969147 0.009953 0.002103 0.993258 -0.002109 -0.009973 -0.969094 -0.009973 -0.002109 0.000000 
5.000000e-01 5.000000e-01 4.999993e-03 5.000000e-01 5.000000e-01 1.515009e+00 -0.993258 0.002103 0.009953 0.969147 0.009953 0.002103 0.993258 -0.002109 -0.009973 -0.969094 -0.009973 -0.002109 0.000000 
5.000000e-01 5.000000e-01 4.999993e-03 5.000000e-01 5.000000e-01 1.515009e+00 -0.993258 0.002103 0.009953 0.969147 0.009953 0.002103 0.993258 -0.002109 -0.009973 -0.969094 -0.009973 -0.002109 0.000000 
5.000000e-01 5.000000e-01 4.999993e-03 5.000000e-01 5.000000e-01 1.515009e+00 -0.993258 0.002103 0.009953 0.969147 0.009953 0.002103 0.993258 -0.002109 -0.009973 -0.969094 -0.009973 -0.002109 0.000000 
5.000000e-01 5.000000e-01 4.999993e-03 5.000000e-01 5.000000e-01 1.515009e+00 -0.993258 0.002103 0.009953 0.969147 0.009953 0.002103 0.993258 -0.002109 -0.009973 -0.969094 -0.009973 -0.002109 0.000000 
5.000000e-01 5.000000e-01 4.999993e-03 5.000000e-01 5.000000e-01 1.515009e+00 -0.993258 0.002103 0.009953 0.969147 0.009953 0.002103 0.993258 -0.002109 -0.009973 -0.969094 -0.009973 -0.002109 0.000000 
5.000000e-01 5.000000e-01 4.999993e-03 5.000000e-01 5.000000e-01 1.515009e+00 -0.993258 0.002103 0.009953 0.969147 0.009953 0.002103 0.993258 -0.002109 -0.009973 -0.969094 -0.009973 -0.002109 0.000000 
5.000000e-01 5.000000e-01 4.999993e-03 5.000000e-01 5.000000e-01 1.515009e+00 -0.993258 0.002103 0.009953 0.969147 0.009953 0.002103 0.993258 -0.002109 -0.009973 -0.969094 -0.009973 -0.002109 0.000000 
5.000000e-01 5.000000e-01 4.999993e-03 5.000000e-01 5.000000e-01 1.515009e+00 -0.993258 0.002103 0.009953 0.969147 0.009953 0.002103 0.993258 -0.002109 -0.009973 -0.969094 -0.009973 -0.002109 0.000000 
5.000000e-01 5.000000e-01 4.999993e-03 5.000000e-01 5.000000e-01 1.515009e+00 -0.993258 0.002103 0.009953 0.969147 0.009953 0.002103 0.993258 -0.002109 -0.009973 -0.969094 -0.009973 -0.002109 0.000000 
5.000000e-01 5.000000e-01 4.999993e-03 5.000000e-01 5.000000e-01 1.515009e+00 -0.993258 0.002103 0.009953 0.969147 0.009953 0.002103 0.993258 -0.002109 -0.009973 -0.969094 -0.009973 -0.002109 0.000000 
5.000000e-01 5.000000e-01 4.999993e-03 5.000000e-01 5.000000e-01 1.515009e+00 -0.993258 0.002103 0.009953 0.969147 0.009953 0.002103 0.993258 -0.002109 -0.009973 -0.969094 -0.009973 -0.002109 0.000000 
5.000000e-01 5.000000e-01 4.999993e-03 5.000000e-01 5.000000e-01 1.515009e+00 -0.993258 0.002103 0.009953 0.969147 0.009953 0.002103 0.993258 -0.002109 -0.009973 -0.969094 -0.009973 -0.002109 0.000000 
5.000000e-01 5.000000e-01 4.999993e-03 5.000000e-01 5.000000e-01 1.515009e+00 -0.993258 0.002103 0.009953 0.969147 0.009953 0.002103 0.993258 -0.002109 -0.009973 -0.969094 -0.009973 -0.002109 0.000000 
5.000000e-01 5.000000e-01 4.999993e-03 5.000000e-01 5.000000e-01 1.515009e+00 -0.993258 0.002103 0.009953 0.969147 0.009953 0.002103 0.993258 -0.002109 -0.009973 -0.969094 -0.009973 -0.002109 0.000000 
5.000000e-01 5.000000e-01 4.999993e-03 5.000000e-01 5.000000e-01 1.515009e+00 -0.993258 0.002103 0.009953 0.969147 0.009953 0.002103 0.993258 -0.002109 -0.009973 -0.969094 -0.009973 -0.002109 0.000000 
5.000000e-01 5.000000e-01 4.999993e-03 5.000000e-01 5.000000e-01 1.515009e+00 -0.993258 0.002103 0.009953 0.969147 0.009953 0.002103 0.993258 -0.002109 -0.009973 -0.969094 -0.009973 -0.002109 0.000000 
5.000000e-01 5.000000e-01 4.999993e-03 5.000000e-01 5.000000e-01 1.515009e+00 -0.993258 0.002103 0.009953 0.969147 0.009953 0.002103 0.993258 -0.002109 -0.009973 -0.969094 -0.009973 -0.002109 0.000000 
5.000000e-01 5.000000e-01 4.999993e-03 5.000000e-01 5.000000e-01 1.515009e+00 -0.993258 0.002103 0.009953 0.969147 0.009953 0.002103 0.993258 -0.002109 -0.009973 -0.969094 -0.009973 -0.002109 0.000000 
5.000000e-01 5.000000e-01 4.999993e-03 5.000000e-01 5.000000e-01 1.515009e+00 -0.993258 0.002103 0.009953 0.969147 0.009953 0.002103 0.993258 -0.002109 -0.009973 -0.969094 -0.009973 -0.002109 0.000000 
5.000000e-01 5.000000e-01 4.999993e-03 5.000000e-01 5.000000e-01 1.515009e+00 -0.993258 0.002103 0.009953 0.969147 0.009953 0.002103 0.993258 -0.002109 -0.009973 -0.969094 -0.009973 -0.002109 0.000000 
5.000000e-01 5.000000e-01 4.999993e-03 5.000000e-01 5.000000e-01 1.515009e+00 -0.993258 0.002103 0.009953 0.969147 0.009953 0.002103 0.993258 -0.002109 -0.009973 -0.969094 -0.009973 -0.002109 0.000000 
5.000000e-01 5.000000e-01 4.999993e-03 5.000000e-01 5.000000e-01 1.515009e+00 -0.993258 0.002103 0.009953 0.969147 0.009953 0.002103 0.993258 -0.002109 -0.009973 -0.969094 -0.009973 -0.002109 0.000000 
5.000000e-01 5.000000e-01 4.999993e-03 5.000000e-01 5.000000e-01 1.515009e+00 -0.993258 0.002103 0.009953 0.969147 0.009953 0.002103 0.993258 -0.002109 -0.009973 -0.969094 -0.009973 -0.002109 0.000000 
5.000000e-01 5.000000e-01 4.999993e-03 5.000000e-01 5.000000e-01 1.515009e+00 -0.993258 0.002103 0.009953 0.969147 0.009953 0.002103 0.993258 -0.002109 -0.009973 -0.969094 -0.009973 -0.002109 0.000000 
5.000000e-01 5.000000e-01 4.999993e-03 5.000000e-01 5.000000e-01 1.515009e+00 -0.993258 0.002103 0.009953 0.969147 0.009953 0.002103 0.993258 -0.002109 -0.009973 -0.969094 -0.009973 -0.002109 0.000000 
5.000000e-01 5.000000e-01 4.999993e-03 5.000000e-01 5.000000e-01 1.515009e+00 -0.993258 0.002103 0.009953 0.969147 0.009953 0.002103 0.993258 -0.002109 -0.009973 -0.969094 -0.009973 -0.002109 0.000000 
5.000000e-01 5.000000e-01 4.999993e-03 5.000000e-01 5.000000e-01 1.515009e+00 -0.993258 0.002103 0.009953 0.969147 0.009953 0.002103 0.993258 -0.002109 -0.009973 -0.969094 -0.009973 -0.002109 0.000000 
5.000000e-01 5.000000e-01 4.999993e-03 5.000000e-01 5.000000e-01 1.515009e+00 -0.993258 0.002103 0.009953 0.969147 0.009953 0.002103 0.993258 -0.002109 -0.009973 -0.969094 -0.009973 -0.002109 0.000000 
5.000000e-01 5.000000e-01 4.999993e-03 5.000000e-01 5.000000e-01 1.515009e+00 -0.993258 0.002103 0.009953 0.969147 0.009953 0.002103 0.993258 -0.002109 -0.009973 -0.969094 -0.009973 -0.002109 0.000000 
5.000000e-01 5.000000e-01 4.999993e-03 5.000000e-01 5.000000e-01 1.515009e+00 -0.993258 0.002103 0.009953 0.969147 0.009953 0.002103 0.993258 -0.002109 -0.009973 -0.969094 -0.009973 -0.002109 0.000000 
5.000000e-01 5.000000e-01 4.999993e-03 5.000000e-01 5.000000e-01 1.515009e+00 -0.993258 0.002103 0.009953 0.969147 0.009953 0.002103 0.993258 -0.002109 -0.009973 -0.969094 -0.009973 -0.002109 0.000000 
5.000000e-01 5.000000e-01 4.999993e-03 5.000000e-01 5.000000e-01 1.515009e+00 -0.993258 0.002103 0.009953 0.969147 0.009953 0.002103 0.993258 -0.002109 -0.009973 -0.969094 -0.009973 -0.002109 0.000000 
5.000000e-01 5.000000e-01 4.999993e-03 5.000000e-01 5.000000e-01 1.515009e+00 -0.993258 0.002103 0.009953 0.969147 0.009953 0.002103 0.993258 -0.002109 -0.009973 -0.969094 -0.009973 -0.002109 0.000000 
5.000000e-01 5.000000e-01 4.999993e-03 5.000000e-01 5.000000e-01 1.515009e+00 -0.993258 0.002103 0.009953 0.969147 0.009953 0.002103 0.993258 -0.002109 -0.009973 -0.969094 -0.009973 -0.002109 0.000000 
5.000000e-01 5.000000e-01 4.999993e-03 5.000000e-01 5.000000e-01 1.515009e+00 -0.993258 0.002103 0.009953 0.969147 0.009953 0.002103 0.993258 -0.002109 -0.009973 -0.969094 -0.009973 -0.002109 0.000000 
5.000000e-01 5.000000e-01 4.999993e-03 5.000000e-01 5.000000e-01 1.515009e+00 -0.993258 0.002103 0.009953 0.969147 0.009953 0.002103 0.993258 -0.002109 -0.009973 -0.969094 -0.009973 -0.002109 0.000000 
5.000000e-01 5.000000e-01 4.999993e-03 5.000000e-01 5.000000e-01 1.515009e+00 -0.993258 0.002103 0.009953 0.969147 0.009953 0.002103 0.993258 -0.002109 -0.009973 -0.969094 -0.009973 -0.002109 0.000000 
5.000000e-01 5.000000e-01 4.999993e-03 5.000000e-01 5.000000e-01 1.515009e+00 -0.993258 0.002103 0.009953 0.969147 0.009953 0.002103 0.993258 -0.002109 -0.009973 -0.969094 -0.009973 -0.002109 0.000000 
5.000000e-01 5.000000e-01 4.999993e-03 5.000000e-01 5.000000e-01 1.515009e+00 -0.993258 0.002103 0.009953 0.969147 0.009953 0.002103 0.993258 -0.002109 -0.009973 -0.969094 -0.009973 -0.002109 0.000000 
5.000000e-01 5.000000e-01 4.999993e-03 5.000000e-01 5.000000e-01 1.515009e+00 -0.993258 0.002103 0.009953 0.969147 0.009953 0.002103 0.993258 -0.002109 -0.009973 -0.969094 -0.009973 -0.002109 0.000000 
5.000000e-01 5.000000e-01 4.999993e-03 5.000000e-01 5.000000e-01 1.515009e+00 -0.993258 0.002103 0.009953 0.969147 0.009953 0.002103 0.993258 -0.002109 -0.009973 -0.969094 -0.009973 -0.002109 0.000000 
5.000000e-01 5.000000e-01 4.999993e-03 5.000000e-01 5.000000e-01 1.515009e+00 -0.993258 0.002103 0.009953 0.969147 0.009953 0.002103 0.993258 -0.002109 -0.009973 -0.969094 -0.009973 -0.002109 0.000000 
5.000000e-01 5.000000e-01 4.999993e-03 5.000000e-01 5.000000e-01 1.515009e+00 -0.993258 0.002103 0.009953 0.969147 0.009953 0.002103 0.993258 -0.002109 -0.009973 -0.969094 -0.009973 -0.002109 0.000000 
5.000000e-01 5.000000e-01 4.999993e-03 5.000000e-01 5.000000e-01 1.515009e+00 -0.993258 0.002103 0.009953 0.969147 0.009953 0.002103 0.993258 -0.002109 -0.009973 -0.969094 -0.009973 -0.002109 0.000000 
5.000000e-01 5.000000e-01 4.999993e-03 5.000000e-01 5.000000e-01 1.515009e+00 -0.993258 0.002103 0.009953 0.969147 0.009953 0.002103 0.993258 -0.002109 -0.009973 -0.969094 -0.009973 -0.002109 0.000000 
5.000000e-01 5.000000e-01 4.999993e-03 5.000000e-01 5.000000e-01 1.515009e+00 -0.993258 0.002103 0.009953 0.969147 0.009953 0.002103 0.993258 -0.002109 -0.009973 -0.969094 -0.009973 -0.002109 0.000000 
5.000000e-01 5.000000e-01 4.999993e-03 5.000000e-01 5.000000e-01 1.515009e+00 -0.993258 0.002103 0.009953 0.969147 0.009953 0.002103 0.993258 -0.002109 -0.009973 -0.969094 -0.009973 -0.002109 0.000000 
5.000000e-01 5.000000e-01 4.999993e-03 5.000000e-01 5.000000e-01 1.515009e+00 -0.993258 0.002103 0.009953 0.969147 0.009953 0.002103 0.993258 -0.002109 -0.009973 -0.969094 -0.009973 -0.002109 0.000000 
5.000000e-01 5.000000e-01 4.999993e-03 5.000000e-01 5.000000e-01 1.515009e+00 -0.993258 0.002103 0.009953 0.969147 0.009953 0.002103 0.993258 -0.002109 -0.009973 -0.969094 -0.009973 -0.002109 0.000000 
5.000000e-01 5.000000e-01 4.999993e-03 5.000000e-01 5.000000e-01 1.515009e+00 -0.993258 0.002103 0.009953 0.969147 0.009953 0.002103 0.993258 -0.002109 -0.009973 -0.969094 -0.009973 -0.002109 0.000000 
5.000000e-01 5.000000e-01 4.999993e-03 5.000000e-01 5.000000e-01 1.515009e+00 -0.993258 0.002103 0.009953 0.969147 0.009953 0.002103 0.993258 -0.002109 -0.009973 -0.969094 -0.009973 -0.002109 0.000000 
5.000000e-01 5.000000e-01 4.999993e-03 5.000000e-01 5.000000e-01 1.515009e+00 -0.993258 0.002103 0.009953 0.969147 0.009953 0.002103 0.993258 -0.002109 -0.009973 -0.969094 -0.009973 -0.002109 0.000000 
5.000000e-01 5.000000e-01 4.999993e-03 5.000000e-01 5.000000e-01 1.515009e+00 -0.993258 0.002103 0.009953 0.969147 0.009953 0.002103 0.993258 -0.002109 -0.009973 -0.969094 -0.009973 -0.002109 0.000000 
