# TeX TeY TeZ ThX ThY THZ P1 P2
5.000000e-01 5.000000e-01 4.300000e-01 5.000000e-01 5.000000e-01 4.300000e-01 0.000000 0.000000 0.000000 0.000000 0.000000 0.000000 0.000000 0.000000 0.000000 0.000000 0.000000 0.000000 0.000000 
5.000000e-01 5.000000e-01 4.174562e-01 5.000000e-01 5.000000e-01 4.388456e-01 -0.014039 0.002520 0.002986 0.003027 0.002986 0.002520 0.014039 -0.000116 -0.003464 -0.006879 -0.003464 -0.000116 0.000000 
5.000000e-01 5.000000e-01 4.048778e-01 5.000000e-01 5.000000e-01 4.476812e-01 -0.028094 0.005044 0.005974 0.006057 0.005974 0.005044 0.028094 -0.000170 -0.006932 -0.013888 -0.006932 -0.000170 0.000000 
5.000000e-01 5.000000e-01 3.922649e-01 5.000000e-01 5.000000e-01 4.565068e-01 -0.042164 0.007571 0.008966 0.009090 0.008966 0.007571 0.042164 -0.000153 -0.010401 -0.021055 -0.010401 -0.000153 0.000000 
5.000000e-01 5.000000e-01 3.796179e-01 5.000000e-01 5.000000e-01 4.653221e-01 -0.056251 0.010101 0.011961 0.012126 0.011961 0.010101 0.056251 -0.000051 -0.013866 -0.028417 -0.013866 -0.000051 0.000000 
5.000000e-01 5.000000e-01 3.669371e-01 5.000000e-01 5.000000e-01 4.741272e-01 -0.070352 0.012635 0.014960 0.015164 0.014960 0.012635 0.070352 0.000165 -0.017319 -0.036044 -0.017319 0.000165 0.000000 
5.000000e-01 5.000000e-01 3.542227e-01 5.000000e-01 5.000000e-01 4.829220e-01 -0.084469 0.015171 0.017961 0.018205 0.017961 0.015171 0.084469 0.000489 -0.020756 -0.043936 -0.020756 0.000489 0.000000 
5.000000e-01 5.000000e-01 3.414750e-01 5.000000e-01 5.000000e-01 4.917063e-01 -0.098601 0.017710 0.020966 0.021250 0.020966 0.017710 0.098601 0.000932 -0.024168 -0.052130 -0.024168 0.000932 0.000000 
5.000000e-01 5.000000e-01 3.286944e-01 5.000000e-01 5.000000e-01 5.004801e-01 -0.112748 0.020251 0.023974 0.024298 0.023974 0.020251 0.112748 0.001522 -0.027541 -0.060709 -0.027541 0.001522 0.000000 
5.000000e-01 5.000000e-01 3.158809e-01 5.000000e-01 5.000000e-01 5.092434e-01 -0.126908 0.022794 0.026985 0.027350 0.026985 0.022794 0.126908 0.002270 -0.030860 -0.069729 -0.030860 0.002270 0.000000 
5.000000e-01 5.000000e-01 3.030350e-01 5.000000e-01 5.000000e-01 5.179959e-01 -0.141083 0.025340 0.029999 0.030406 0.029999 0.025340 0.141083 0.003177 -0.034112 -0.079214 -0.034112 0.003177 0.000000 
5.000000e-01 5.000000e-01 2.901569e-01 5.000000e-01 5.000000e-01 5.267376e-01 -0.155272 0.027887 0.033016 0.033466 0.033016 0.027887 0.155272 0.004256 -0.037278 -0.089228 -0.037278 0.004256 0.000000 
5.000000e-01 5.000000e-01 2.772468e-01 5.000000e-01 5.000000e-01 5.354684e-01 -0.169475 0.030436 0.036037 0.036530 0.036037 0.030436 0.169475 0.005560 -0.040315 -0.099965 -0.040315 0.005560 0.000000 
5.000000e-01 5.000000e-01 2.643050e-01 5.000000e-01 5.000000e-01 5.441883e-01 -0.183691 0.032986 0.039060 0.039598 0.039060 0.032986 0.183691 0.007068 -0.043205 -0.111416 -0.043205 0.007068 0.000000 
5.000000e-01 5.000000e-01 2.513317e-01 5.000000e-01 5.000000e-01 5.528970e-01 -0.197920 0.035538 0.042087 0.042670 0.042087 0.035538 0.197920 0.008790 -0.045915 -0.123671 -0.045915 0.008790 0.000000 
5.000000e-01 5.000000e-01 2.383271e-01 5.000000e-01 5.000000e-01 5.615947e-01 -0.212163 0.038091 0.045117 0.045746 0.045117 0.038091 0.212163 0.010766 -0.048374 -0.136948 -0.048374 0.010766 0.000000 
5.000000e-01 5.000000e-01 2.252914e-01 5.000000e-01 5.000000e-01 5.702810e-01 -0.226419 0.040645 0.048151 0.048828 0.048151 0.040645 0.226419 0.013005 -0.050522 -0.151386 -0.050522 0.013005 0.000000 
5.000000e-01 5.000000e-01 2.122247e-01 5.000000e-01 5.000000e-01 5.789559e-01 -0.240688 0.043199 0.051187 0.051914 0.051187 0.043199 0.240688 0.015495 -0.052312 -0.167053 -0.052312 0.015495 0.000000 
5.000000e-01 5.000000e-01 1.991274e-01 5.000000e-01 5.000000e-01 5.876194e-01 -0.254970 0.045755 0.054227 0.055006 0.054227 0.045755 0.254970 0.018262 -0.053638 -0.184217 -0.053638 0.018262 0.000000 
5.000000e-01 5.000000e-01 1.859993e-01 5.000000e-01 5.000000e-01 5.962713e-01 -0.269265 0.048310 0.057270 0.058103 0.057270 0.048310 0.269265 0.021342 -0.054341 -0.203267 -0.054341 0.021342 0.000000 
5.000000e-01 5.000000e-01 1.728405e-01 5.000000e-01 5.000000e-01 6.049116e-01 -0.283574 0.050867 0.060317 0.061206 0.060317 0.050867 0.283574 0.024703 -0.054363 -0.224253 -0.054363 0.024703 0.000000 
5.000000e-01 5.000000e-01 1.596510e-01 5.000000e-01 5.000000e-01 6.135400e-01 -0.297898 0.053424 0.063368 0.064315 0.063368 0.053424 0.297898 0.028357 -0.053546 -0.247520 -0.053546 0.028357 0.000000 
5.000000e-01 5.000000e-01 1.464304e-01 5.000000e-01 5.000000e-01 6.221566e-01 -0.312237 0.055981 0.066422 0.067430 0.066422 0.055981 0.312237 0.032351 -0.051537 -0.273865 -0.051537 0.032351 0.000000 
5.000000e-01 5.000000e-01 1.331785e-01 5.000000e-01 5.000000e-01 6.307612e-01 -0.326594 0.058539 0.069481 0.070552 0.069481 0.058539 0.326594 0.036636 -0.048284 -0.303299 -0.048284 0.036636 0.000000 
5.000000e-01 5.000000e-01 1.198943e-01 5.000000e-01 5.000000e-01 6.393536e-01 -0.340970 0.061098 0.072545 0.073683 0.072545 0.061098 0.340970 0.041210 -0.043540 -0.336309 -0.043540 0.041210 0.000000 
5.000000e-01 5.000000e-01 1.065770e-01 5.000000e-01 5.000000e-01 6.479339e-01 -0.355370 0.063658 0.075616 0.076822 0.075616 0.063658 0.355370 0.046118 -0.036667 -0.374274 -0.036667 0.046118 0.000000 
5.000000e-01 5.000000e-01 9.322511e-02 5.000000e-01 5.000000e-01 6.565018e-01 -0.369799 0.066221 0.078693 0.079973 0.078693 0.066221 0.369799 0.051300 -0.027662 -0.417076 -0.027662 0.051300 0.000000 
5.000000e-01 5.000000e-01 7.983656e-02 5.000000e-01 5.000000e-01 6.650573e-01 -0.384262 0.068786 0.081778 0.083134 0.081778 0.068786 0.384261 0.056747 -0.016192 -0.465371 -0.016192 0.056747 0.000000 
5.000000e-01 5.000000e-01 6.640916e-02 5.000000e-01 5.000000e-01 6.736002e-01 -0.398770 0.071356 0.084874 0.086310 0.084874 0.071356 0.398770 0.062487 -0.001424 -0.520897 -0.001424 0.062487 0.000000 
5.000000e-01 5.000000e-01 5.294060e-02 5.000000e-01 5.000000e-01 6.821304e-01 -0.413328 0.073932 0.087981 0.089502 0.087981 0.073932 0.413328 0.068454 0.016362 -0.582960 0.016362 0.068454 0.000000 
5.000000e-01 5.000000e-01 3.942919e-02 5.000000e-01 5.000000e-01 6.906479e-01 -0.427942 0.076514 0.091102 0.092710 0.091102 0.076514 0.427942 0.074630 0.037318 -0.651840 0.037318 0.074630 0.000000 
5.000000e-01 5.000000e-01 2.587498e-02 5.000000e-01 5.000000e-01 6.991525e-01 -0.442620 0.079103 0.094237 0.095939 0.094237 0.079103 0.442620 0.081002 0.061584 -0.727791 0.061584 0.081002 0.000000 
5.000000e-01 5.000000e-01 1.228088e-02 5.000000e-01 5.000000e-01 7.076440e-01 -0.457346 0.081697 0.097384 0.099184 0.097384 0.081697 0.457346 0.087495 0.088053 -0.808442 0.088053 0.087495 0.000000 
5.000000e-01 5.000000e-01 4.999744e-03 5.000000e-01 5.000000e-01 7.161223e-01 -0.467823 0.083513 0.099632 0.101533 0.099632 0.083513 0.467823 0.090605 0.102261 -0.853555 0.102261 0.090605 0.000000 
5.000000e-01 5.000000e-01 4.999744e-03 5.000000e-01 5.000000e-01 7.245874e-01 -0.473380 0.084429 0.100839 0.102843 0.100839 0.084429 0.473380 0.089751 0.101036 -0.854953 0.101036 0.089751 0.000000 
5.000000e-01 5.000000e-01 4.999744e-03 5.000000e-01 5.000000e-01 7.330391e-01 -0.478928 0.085339 0.102046 0.104159 0.102046 0.085339 0.478928 0.088890 0.099815 -0.856338 0.099815 0.088890 0.000000 
5.000000e-01 5.000000e-01 4.999744e-03 5.000000e-01 5.000000e-01 7.414773e-01 -0.484467 0.086242 0.103252 0.105479 0.103252 0.086242 0.484467 0.088024 0.098598 -0.857710 0.098598 0.088024 0.000000 
5.000000e-01 5.000000e-01 4.999744e-03 5.000000e-01 5.000000e-01 7.499017e-01 -0.489997 0.087138 0.104458 0.106806 0.104458 0.087138 0.489997 0.087151 0.097385 -0.859070 0.097385 0.087151 0.000000 
5.000000e-01 5.000000e-01 4.999744e-03 5.000000e-01 5.000000e-01 7.583124e-01 -0.495519 0.088025 0.105664 0.108141 0.105664 0.088025 0.495518 0.086272 0.096177 -0.860415 0.096177 0.086272 0.000000 
5.000000e-01 5.000000e-01 4.999744e-03 5.000000e-01 5.000000e-01 7.667092e-01 -0.501031 0.088904 0.106870 0.109482 0.106870 0.088904 0.501030 0.085387 0.094972 -0.861750 0.094972 0.085387 0.000000 
5.000000e-01 5.000000e-01 4.999744e-03 5.000000e-01 5.000000e-01 7.750919e-01 -0.506533 0.089776 0.108076 0.110830 0.108076 0.089776 0.506533 0.084499 0.093771 -0.863074 0.093771 0.084499 0.000000 
5.000000e-01 5.000000e-01 4.999744e-03 5.000000e-01 5.000000e-01 7.834604e-01 -0.512027 0.090639 0.109281 0.112186 0.109281 0.090639 0.512027 0.083606 0.092574 -0.864388 0.092574 0.083606 0.000000 
5.000000e-01 5.000000e-01 4.999744e-03 5.000000e-01 5.000000e-01 7.918146e-01 -0.517511 0.091494 0.110487 0.113549 0.110487 0.091494 0.517511 0.082710 0.091381 -0.865692 0.091381 0.082710 0.000000 
5.000000e-01 5.000000e-01 4.999744e-03 5.000000e-01 5.000000e-01 8.001543e-01 -0.522986 0.092339 0.111693 0.114921 0.111693 0.092339 0.522985 0.081809 0.090191 -0.866987 0.090191 0.081809 0.000000 
5.000000e-01 5.000000e-01 4.999744e-03 5.000000e-01 5.000000e-01 8.084794e-01 -0.528450 0.093174 0.112900 0.116304 0.112900 0.093174 0.528450 0.080905 0.089005 -0.868271 0.089005 0.080905 0.000000 
5.000000e-01 5.000000e-01 4.999744e-03 5.000000e-01 5.000000e-01 8.167897e-01 -0.533906 0.093998 0.114106 0.117696 0.114106 0.093998 0.533906 0.079998 0.087823 -0.869547 0.087823 0.079998 0.000000 
5.000000e-01 5.000000e-01 4.999744e-03 5.000000e-01 5.000000e-01 8.250851e-01 -0.539351 0.094813 0.115313 0.119099 0.115313 0.094813 0.539351 0.079088 0.086644 -0.870814 0.086644 0.079088 0.000000 
5.000000e-01 5.000000e-01 4.999744e-03 5.000000e-01 5.000000e-01 8.333654e-01 -0.544787 0.095616 0.116521 0.120512 0.116521 0.095616 0.544787 0.078175 0.085468 -0.872074 0.085468 0.078175 0.000000 
5.000000e-01 5.000000e-01 4.999744e-03 5.000000e-01 5.000000e-01 8.416305e-01 -0.550212 0.096409 0.117729 0.121937 0.117729 0.096409 0.550212 0.077261 0.084296 -0.873325 0.084296 0.077261 0.000000 
5.000000e-01 5.000000e-01 4.999744e-03 5.000000e-01 5.000000e-01 8.498803e-01 -0.555628 0.097190 0.118937 0.123373 0.118937 0.097190 0.555628 0.076344 0.083126 -0.874570 0.083126 0.076344 0.000000 
5.000000e-01 5.000000e-01 4.999744e-03 5.000000e-01 5.000000e-01 8.581145e-01 -0.561033 0.097957 0.120147 0.124826 0.120147 0.097957 0.561033 0.075425 0.081961 -0.875806 0.081961 0.075425 0.000000 
5.000000e-01 5.000000e-01 4.999744e-03 5.000000e-01 5.000000e-01 8.663331e-01 -0.566428 0.098711 0.121357 0.126291 0.121357 0.098711 0.566428 0.074505 0.080799 -0.877035 0.080799 0.074505 0.000000 
5.000000e-01 5.000000e-01 4.999744e-03 5.000000e-01 5.000000e-01 8.745358e-01 -0.571813 0.099452 0.122568 0.127771 0.122568 0.099452 0.571813 0.073583 0.079639 -0.878258 0.079639 0.073583 0.000000 
5.000000e-01 5.000000e-01 4.999744e-03 5.000000e-01 5.000000e-01 8.827225e-01 -0.577187 0.100180 0.123780 0.129266 0.123780 0.100180 0.577187 0.072661 0.078483 -0.879475 0.078483 0.072661 0.000000 
5.000000e-01 5.000000e-01 4.999744e-03 5.000000e-01 5.000000e-01 8.908930e-01 -0.582550 0.100894 0.124993 0.130776 0.124993 0.100894 0.582550 0.071737 0.077330 -0.880685 0.077330 0.071737 0.000000 
5.000000e-01 5.000000e-01 4.999744e-03 5.000000e-01 5.000000e-01 8.990473e-01 -0.587903 0.101592 0.126207 0.132305 0.126207 0.101592 0.587903 0.070812 0.076181 -0.881889 0.076181 0.070812 0.000000 
5.000000e-01 5.000000e-01 4.999744e-03 5.000000e-01 5.000000e-01 9.071850e-01 -0.593245 0.102272 0.127423 0.133855 0.127423 0.102272 0.593245 0.069887 0.075034 -0.883087 0.075034 0.069887 0.000000 
5.000000e-01 5.000000e-01 4.999744e-03 5.000000e-01 5.000000e-01 9.153060e-01 -0.598576 0.102937 0.128639 0.135423 0.128639 0.102937 0.598576 0.068961 0.073891 -0.884279 0.073891 0.068961 0.000000 
5.000000e-01 5.000000e-01 4.999744e-03 5.000000e-01 5.000000e-01 9.234102e-01 -0.603895 0.103585 0.129857 0.137011 0.129857 0.103585 0.603895 0.068034 0.072750 -0.885465 0.072750 0.068034 0.000000 
5.000000e-01 5.000000e-01 4.999744e-03 5.000000e-01 5.000000e-01 9.314973e-01 -0.609204 0.104216 0.131077 0.138619 0.131077 0.104216 0.609204 0.067108 0.071613 -0.886647 0.071613 0.067108 0.000000 
5.000000e-01 5.000000e-01 4.999744e-03 5.000000e-01 5.000000e-01 9.395673e-01 -0.614501 0.104828 0.132297 0.140250 0.132297 0.104828 0.614501 0.066182 0.070479 -0.887822 0.070479 0.066182 0.000000 
5.000000e-01 5.000000e-01 4.999744e-03 5.000000e-01 5.000000e-01 9.476198e-01 -0.619787 0.105418 0.133521 0.141910 0.133521 0.105418 0.619787 0.065255 0.069348 -0.888993 0.069348 0.065255 0.000000 
5.000000e-01 5.000000e-01 4.999744e-03 5.000000e-01 5.000000e-01 9.556548e-01 -0.625062 0.105989 0.134745 0.143594 0.134745 0.105989 0.625061 0.064329 0.068219 -0.890158 0.068219 0.064329 0.000000 
5.000000e-01 5.000000e-01 4.999744e-03 5.000000e-01 5.000000e-01 9.636721e-01 -0.630324 0.106539 0.135971 0.145303 0.135971 0.106539 0.630324 0.063403 0.067094 -0.891319 0.067094 0.063403 0.000000 
5.000000e-01 5.000000e-01 4.999744e-03 5.000000e-01 5.000000e-01 9.716713e-01 -0.635575 0.107069 0.137199 0.147039 0.137199 0.107069 0.635575 0.062477 0.065972 -0.892475 0.065972 0.062477 0.000000 
5.000000e-01 5.000000e-01 4.999744e-03 5.000000e-01 5.000000e-01 9.796524e-01 -0.640814 0.107577 0.138428 0.148804 0.138428 0.107577 0.640814 0.061553 0.064853 -0.893626 0.064853 0.061553 0.000000 
5.000000e-01 5.000000e-01 4.999744e-03 5.000000e-01 5.000000e-01 9.876152e-01 -0.646041 0.108056 0.139660 0.150609 0.139660 0.108056 0.646041 0.060628 0.063737 -0.894772 0.063737 0.060628 0.000000 
5.000000e-01 5.000000e-01 4.999744e-03 5.000000e-01 5.000000e-01 9.955594e-01 -0.651255 0.108512 0.140893 0.152445 0.140893 0.108512 0.651255 0.059705 0.062624 -0.895913 0.062624 0.059705 0.000000 
5.000000e-01 5.000000e-01 4.999744e-03 5.000000e-01 5.000000e-01 1.003485e+00 -0.656458 0.108944 0.142128 0.154313 0.142128 0.108944 0.656457 0.058782 0.061514 -0.897051 0.061514 0.058782 0.000000 
5.000000e-01 5.000000e-01 4.999744e-03 5.000000e-01 5.000000e-01 1.011391e+00 -0.661647 0.109351 0.143364 0.156216 0.143364 0.109351 0.661647 0.057861 0.060408 -0.898184 0.060408 0.057861 0.000000 
5.000000e-01 5.000000e-01 4.999744e-03 5.000000e-01 5.000000e-01 1.019279e+00 -0.666825 0.109730 0.144602 0.158160 0.144602 0.109730 0.666824 0.056940 0.059304 -0.899312 0.059304 0.056940 0.000000 
5.000000e-01 5.000000e-01 4.999744e-03 5.000000e-01 5.000000e-01 1.027147e+00 -0.671989 0.110075 0.145843 0.160152 0.145843 0.110075 0.671989 0.056020 0.058203 -0.900436 0.058203 0.056020 0.000000 
5.000000e-01 5.000000e-01 4.999744e-03 5.000000e-01 5.000000e-01 1.034995e+00 -0.677140 0.110393 0.147084 0.162186 0.147084 0.110393 0.677140 0.055102 0.057105 -0.901556 0.057105 0.055102 0.000000 
5.000000e-01 5.000000e-01 4.999744e-03 5.000000e-01 5.000000e-01 1.042824e+00 -0.682279 0.110681 0.148327 0.164262 0.148327 0.110681 0.682279 0.054185 0.056011 -0.902672 0.056011 0.054185 0.000000 
5.000000e-01 5.000000e-01 4.999744e-03 5.000000e-01 5.000000e-01 1.050632e+00 -0.687404 0.110941 0.149571 0.166381 0.149571 0.110941 0.687404 0.053270 0.054919 -0.903783 0.054919 0.053270 0.000000 
5.000000e-01 5.000000e-01 4.999744e-03 5.000000e-01 5.000000e-01 1.058421e+00 -0.692516 0.111161 0.150816 0.168562 0.150816 0.111161 0.692516 0.052356 0.053831 -0.904891 0.053831 0.052356 0.000000 
5.000000e-01 5.000000e-01 4.999744e-03 5.000000e-01 5.000000e-01 1.066188e+00 -0.697615 0.111345 0.152062 0.170800 0.152062 0.111345 0.697615 0.051444 0.052746 -0.905994 0.052746 0.051444 0.000000 
5.000000e-01 5.000000e-01 4.999744e-03 5.000000e-01 5.000000e-01 1.073936e+00 -0.702700 0.111496 0.153309 0.173090 0.153309 0.111496 0.702700 0.050533 0.051664 -0.907093 0.051664 0.050533 0.000000 
5.000000e-01 5.000000e-01 4.999744e-03 5.000000e-01 5.000000e-01 1.081662e+00 -0.707771 0.111613 0.154554 0.175435 0.154554 0.111613 0.707771 0.049624 0.050585 -0.908189 0.050585 0.049624 0.000000 
5.000000e-01 5.000000e-01 4.999744e-03 5.000000e-01 5.000000e-01 1.089367e+00 -0.712828 0.111692 0.155800 0.177843 0.155800 0.111692 0.712828 0.048717 0.049509 -0.909280 0.049509 0.048717 0.000000 
5.000000e-01 5.000000e-01 4.999744e-03 5.000000e-01 5.000000e-01 1.097050e+00 -0.717871 0.111723 0.157045 0.180334 0.157045 0.111723 0.717871 0.047811 0.048437 -0.910367 0.048437 0.047811 0.000000 
5.000000e-01 5.000000e-01 4.999744e-03 5.000000e-01 5.000000e-01 1.104712e+00 -0.722899 0.111716 0.158289 0.182890 0.158289 0.111716 0.722899 0.046908 0.047368 -0.911451 0.047368 0.046908 0.000000 
5.000000e-01 5.000000e-01 4.999744e-03 5.000000e-01 5.000000e-01 1.112352e+00 -0.727914 0.111670 0.159530 0.185513 0.159530 0.111670 0.727914 0.046006 0.046302 -0.912530 0.046302 0.046006 0.000000 
5.000000e-01 5.000000e-01 4.999744e-03 5.000000e-01 5.000000e-01 1.119969e+00 -0.732913 0.111585 0.160768 0.188205 0.160768 0.111585 0.732913 0.045107 0.045239 -0.913606 0.045239 0.045107 0.000000 
5.000000e-01 5.000000e-01 4.999744e-03 5.000000e-01 5.000000e-01 1.127565e+00 -0.737898 0.111441 0.162003 0.191011 0.162003 0.111441 0.737898 0.044209 0.044180 -0.914677 0.044180 0.044209 0.000000 
5.000000e-01 5.000000e-01 4.999744e-03 5.000000e-01 5.000000e-01 1.135137e+00 -0.742868 0.111253 0.163232 0.193896 0.163232 0.111253 0.742868 0.043314 0.043124 -0.915745 0.043124 0.043314 0.000000 
5.000000e-01 5.000000e-01 4.999744e-03 5.000000e-01 5.000000e-01 1.142687e+00 -0.747823 0.111023 0.164456 0.196865 0.164456 0.111023 0.747823 0.042421 0.042072 -0.916809 0.042072 0.042421 0.000000 
5.000000e-01 5.000000e-01 4.999744e-03 5.000000e-01 5.000000e-01 1.150213e+00 -0.752762 0.110748 0.165673 0.199919 0.165673 0.110748 0.752762 0.041531 0.041022 -0.917869 0.041022 0.041531 0.000000 
5.000000e-01 5.000000e-01 4.999744e-03 5.000000e-01 5.000000e-01 1.157715e+00 -0.757686 0.110407 0.166881 0.203111 0.166881 0.110407 0.757686 0.040642 0.039977 -0.918924 0.039977 0.040642 0.000000 
5.000000e-01 5.000000e-01 4.999744e-03 5.000000e-01 5.000000e-01 1.165194e+00 -0.762594 0.110016 0.168078 0.206407 0.168078 0.110016 0.762594 0.039757 0.038934 -0.919976 0.038934 0.039757 0.000000 
5.000000e-01 5.000000e-01 4.999744e-03 5.000000e-01 5.000000e-01 1.172649e+00 -0.767487 0.109577 0.169263 0.209805 0.169263 0.109577 0.767487 0.038873 0.037896 -0.921024 0.037896 0.038873 0.000000 
5.000000e-01 5.000000e-01 4.999744e-03 5.000000e-01 5.000000e-01 1.180079e+00 -0.772363 0.109090 0.170437 0.213309 0.170437 0.109090 0.772363 0.037992 0.036860 -0.922069 0.036860 0.037992 0.000000 
5.000000e-01 5.000000e-01 4.999744e-03 5.000000e-01 5.000000e-01 1.187485e+00 -0.777223 0.108526 0.171590 0.216991 0.171590 0.108526 0.777223 0.037114 0.035829 -0.923109 0.035829 0.037114 0.000000 
5.000000e-01 5.000000e-01 4.999744e-03 5.000000e-01 5.000000e-01 1.194866e+00 -0.782066 0.107909 0.172725 0.220799 0.172725 0.107909 0.782066 0.036239 0.034801 -0.924145 0.034801 0.036239 0.000000 
5.000000e-01 5.000000e-01 4.999744e-03 5.000000e-01 5.000000e-01 1.202221e+00 -0.786893 0.107239 0.173841 0.224733 0.173841 0.107239 0.786893 0.035366 0.033776 -0.925177 0.033776 0.035366 0.000000 
5.000000e-01 5.000000e-01 4.999744e-03 5.000000e-01 5.000000e-01 1.209551e+00 -0.791703 0.106512 0.174934 0.228812 0.174934 0.106512 0.791703 0.034496 0.032755 -0.926205 0.032755 0.034496 0.000000 
5.000000e-01 5.000000e-01 4.999744e-03 5.000000e-01 5.000000e-01 1.216855e+00 -0.796496 0.105702 0.175992 0.233107 0.175992 0.105702 0.796496 0.033628 0.031738 -0.927229 0.031738 0.033628 0.000000 
5.000000e-01 5.000000e-01 4.999744e-03 5.000000e-01 5.000000e-01 1.224132e+00 -0.801272 0.104837 0.177021 0.237556 0.177021 0.104837 0.801272 0.032764 0.030725 -0.928249 0.030725 0.032764 0.000000 
5.000000e-01 5.000000e-01 4.999744e-03 5.000000e-01 5.000000e-01 1.231383e+00 -0.806030 0.103917 0.178019 0.242159 0.178019 0.103917 0.806030 0.031902 0.029715 -0.929265 0.029715 0.031902 0.000000 
5.000000e-01 5.000000e-01 4.999744e-03 5.000000e-01 5.000000e-01 1.238607e+00 -0.810771 0.102921 0.178973 0.246983 0.178973 0.102921 0.810771 0.031043 0.028710 -0.930277 0.028710 0.031043 0.000000 
5.000000e-01 5.000000e-01 4.999744e-03 5.000000e-01 5.000000e-01 1.245804e+00 -0.815493 0.101848 0.179875 0.252047 0.179875 0.101848 0.815493 0.030188 0.027708 -0.931285 0.027708 0.030188 0.000000 
5.000000e-01 5.000000e-01 4.999744e-03 5.000000e-01 5.000000e-01 1.252973e+00 -0.820198 0.100717 0.180732 0.257299 0.180732 0.100717 0.820198 0.029335 0.026710 -0.932288 0.026710 0.029335 0.000000 
5.000000e-01 5.000000e-01 4.999744e-03 5.000000e-01 5.000000e-01 1.260115e+00 -0.824884 0.099529 0.181542 0.262742 0.181542 0.099529 0.824884 0.028486 0.025716 -0.933288 0.025716 0.028486 0.000000 
5.000000e-01 5.000000e-01 4.999744e-03 5.000000e-01 5.000000e-01 1.267228e+00 -0.829551 0.098240 0.182266 0.268540 0.182266 0.098240 0.829551 0.027640 0.024726 -0.934283 0.024726 0.027640 0.000000 
5.000000e-01 5.000000e-01 4.999744e-03 5.000000e-01 5.000000e-01 1.274313e+00 -0.834200 0.096889 0.182924 0.274573 0.182924 0.096889 0.834200 0.026797 0.023740 -0.935274 0.023740 0.026797 0.000000 
5.000000e-01 5.000000e-01 4.999744e-03 5.000000e-01 5.000000e-01 1.281368e+00 -0.838830 0.095480 0.183517 0.280835 0.183517 0.095480 0.838830 0.025957 0.022758 -0.936261 0.022758 0.025957 0.000000 
5.000000e-01 5.000000e-01 4.999744e-03 5.000000e-01 5.000000e-01 1.288394e+00 -0.843441 0.093986 0.184012 0.287445 0.184012 0.093986 0.843440 0.025120 0.021781 -0.937243 0.021781 0.025120 0.000000 
5.000000e-01 5.000000e-01 4.999744e-03 5.000000e-01 5.000000e-01 1.295391e+00 -0.848032 0.092410 0.184396 0.294420 0.184396 0.092410 0.848032 0.024287 0.020807 -0.938221 0.020807 0.024287 0.000000 
5.000000e-01 5.000000e-01 4.999744e-03 5.000000e-01 5.000000e-01 1.302357e+00 -0.852603 0.090775 0.184690 0.301673 0.184690 0.090775 0.852603 0.023458 0.019838 -0.939194 0.019838 0.023458 0.000000 
5.000000e-01 5.000000e-01 4.999744e-03 5.000000e-01 5.000000e-01 1.309293e+00 -0.857154 0.089070 0.184874 0.309267 0.184874 0.089070 0.857154 0.022632 0.018873 -0.940164 0.018873 0.022632 0.000000 
5.000000e-01 5.000000e-01 4.999744e-03 5.000000e-01 5.000000e-01 1.316198e+00 -0.861686 0.087266 0.184884 0.317387 0.184884 0.087266 0.861686 0.021809 0.017912 -0.941128 0.017912 0.021809 0.000000 
5.000000e-01 5.000000e-01 4.999744e-03 5.000000e-01 5.000000e-01 1.323072e+00 -0.866197 0.085404 0.184773 0.325842 0.184773 0.085404 0.866197 0.020990 0.016956 -0.942089 0.016956 0.020990 0.000000 
5.000000e-01 5.000000e-01 4.999744e-03 5.000000e-01 5.000000e-01 1.329914e+00 -0.870687 0.083485 0.184539 0.334638 0.184539 0.083485 0.870687 0.020175 0.016004 -0.943044 0.016004 0.020175 0.000000 
5.000000e-01 5.000000e-01 4.999744e-03 5.000000e-01 5.000000e-01 1.336724e+00 -0.875157 0.081456 0.184048 0.344149 0.184048 0.081456 0.875157 0.019363 0.015056 -0.943995 0.015056 0.019363 0.000000 
5.000000e-01 5.000000e-01 4.999744e-03 5.000000e-01 5.000000e-01 1.343502e+00 -0.879606 0.079372 0.183399 0.354063 0.183399 0.079372 0.879606 0.018555 0.014113 -0.944942 0.014113 0.018555 0.000000 
5.000000e-01 5.000000e-01 4.999744e-03 5.000000e-01 5.000000e-01 1.350247e+00 -0.884034 0.077236 0.182595 0.364373 0.182595 0.077236 0.884034 0.017751 0.013174 -0.945884 0.013174 0.017751 0.000000 
5.000000e-01 5.000000e-01 4.999744e-03 5.000000e-01 5.000000e-01 1.356959e+00 -0.888441 0.074994 0.181456 0.375541 0.181456 0.074994 0.888441 0.016950 0.012240 -0.946821 0.012240 0.016950 0.000000 
5.000000e-01 5.000000e-01 4.999744e-03 5.000000e-01 5.000000e-01 1.363637e+00 -0.892826 0.072697 0.180103 0.387225 0.180103 0.072697 0.892826 0.016153 0.011311 -0.947754 0.011311 0.016153 0.000000 
5.000000e-01 5.000000e-01 4.999744e-03 5.000000e-01 5.000000e-01 1.370282e+00 -0.897190 0.070354 0.178553 0.399376 0.178553 0.070354 0.897190 0.015360 0.010386 -0.948682 0.010386 0.015360 0.000000 
5.000000e-01 5.000000e-01 4.999744e-03 5.000000e-01 5.000000e-01 1.376891e+00 -0.901532 0.067909 0.176567 0.412581 0.176567 0.067909 0.901532 0.014571 0.009466 -0.949605 0.009466 0.014571 0.000000 
5.000000e-01 5.000000e-01 4.999744e-03 5.000000e-01 5.000000e-01 1.383467e+00 -0.905853 0.065415 0.174310 0.426402 0.174310 0.065415 0.905853 0.013786 0.008550 -0.950524 0.008550 0.013786 0.000000 
5.000000e-01 5.000000e-01 4.999744e-03 5.000000e-01 5.000000e-01 1.390007e+00 -0.910151 0.062880 0.171815 0.440762 0.171815 0.062880 0.910151 0.013004 0.007639 -0.951438 0.007639 0.013004 0.000000 
5.000000e-01 5.000000e-01 4.999744e-03 5.000000e-01 5.000000e-01 1.396511e+00 -0.914429 0.060246 0.168729 0.456480 0.168729 0.060246 0.914429 0.012227 0.006732 -0.952347 0.006732 0.012227 0.000000 
5.000000e-01 5.000000e-01 4.999744e-03 5.000000e-01 5.000000e-01 1.402980e+00 -0.918686 0.057576 0.165343 0.472847 0.165343 0.057576 0.918685 0.011453 0.005830 -0.953252 0.005830 0.011453 0.000000 
5.000000e-01 5.000000e-01 4.999744e-03 5.000000e-01 5.000000e-01 1.409413e+00 -0.922920 0.054861 0.161609 0.489979 0.161609 0.054861 0.922920 0.010683 0.004933 -0.954152 0.004933 0.010683 0.000000 
5.000000e-01 5.000000e-01 4.999744e-03 5.000000e-01 5.000000e-01 1.415809e+00 -0.927134 0.052067 0.157198 0.508605 0.157198 0.052067 0.927134 0.009917 0.004039 -0.955047 0.004039 0.009917 0.000000 
5.000000e-01 5.000000e-01 4.999744e-03 5.000000e-01 5.000000e-01 1.422169e+00 -0.931327 0.049244 0.152449 0.527939 0.152449 0.049244 0.931327 0.009155 0.003151 -0.955938 0.003151 0.009155 0.000000 
5.000000e-01 5.000000e-01 4.999744e-03 5.000000e-01 5.000000e-01 1.428491e+00 -0.935499 0.046372 0.147167 0.548420 0.147167 0.046372 0.935499 0.008396 0.002267 -0.956825 0.002267 0.008396 0.000000 
5.000000e-01 5.000000e-01 4.999744e-03 5.000000e-01 5.000000e-01 1.434777e+00 -0.939652 0.043445 0.141203 0.570355 0.141203 0.043445 0.939652 0.007641 0.001387 -0.957707 0.001387 0.007641 0.000000 
5.000000e-01 5.000000e-01 4.999744e-03 5.000000e-01 5.000000e-01 1.441025e+00 -0.943783 0.040498 0.134885 0.593018 0.134885 0.040498 0.943783 0.006890 0.000511 -0.958585 0.000511 0.006890 0.000000 
5.000000e-01 5.000000e-01 4.999744e-03 5.000000e-01 5.000000e-01 1.447236e+00 -0.947897 0.037495 0.127761 0.617386 0.127761 0.037495 0.947897 0.006142 -0.000361 -0.959459 -0.000361 0.006142 0.000000 
5.000000e-01 5.000000e-01 4.999744e-03 5.000000e-01 5.000000e-01 1.453408e+00 -0.951992 0.034464 0.120092 0.642880 0.120092 0.034464 0.951992 0.005397 -0.001228 -0.960329 -0.001228 0.005397 0.000000 
5.000000e-01 5.000000e-01 4.999744e-03 5.000000e-01 5.000000e-01 1.459543e+00 -0.956066 0.031416 0.111995 0.669244 0.111995 0.031416 0.956066 0.004656 -0.002092 -0.961195 -0.002092 0.004656 0.000000 
5.000000e-01 5.000000e-01 4.999744e-03 5.000000e-01 5.000000e-01 1.465640e+00 -0.960126 0.028318 0.102943 0.697604 0.102943 0.028318 0.960126 0.003918 -0.002952 -0.962057 -0.002952 0.003918 0.000000 
5.000000e-01 5.000000e-01 4.999744e-03 5.000000e-01 5.000000e-01 1.471699e+00 -0.964165 0.025216 0.093567 0.726599 0.093567 0.025216 0.964165 0.003183 -0.003808 -0.962915 -0.003808 0.003183 0.000000 
5.000000e-01 5.000000e-01 4.999744e-03 5.000000e-01 5.000000e-01 1.477718e+00 -0.968187 0.022087 0.083487 0.757039 0.083487 0.022087 0.968187 0.002451 -0.004660 -0.963770 -0.004660 0.002451 0.000000 
5.000000e-01 5.000000e-01 4.999744e-03 5.000000e-01 5.000000e-01 1.483699e+00 -0.972191 0.018944 0.072864 0.788575 0.072864 0.018944 0.972191 0.001723 -0.005509 -0.964620 -0.005509 0.001723 0.000000 
5.000000e-01 5.000000e-01 4.999744e-03 5.000000e-01 5.000000e-01 1.489640e+00 -0.976174 0.015801 0.061939 0.820694 0.061939 0.015801 0.976174 0.000999 -0.006353 -0.965466 -0.006353 0.000999 0.000000 
5.000000e-01 5.000000e-01 4.999744e-03 5.000000e-01 5.000000e-01 1.495540e+00 -0.980141 0.012638 0.050311 0.854242 0.050311 0.012638 0.980141 0.000277 -0.007193 -0.966309 -0.007193 0.000277 0.000000 
5.000000e-01 5.000000e-01 4.999744e-03 5.000000e-01 5.000000e-01 1.501399e+00 -0.984082 0.009488 0.038570 0.887966 0.038570 0.009488 0.984082 -0.000440 -0.008028 -0.967146 -0.008028 -0.000440 0.000000 
5.000000e-01 5.000000e-01 4.999744e-03 5.000000e-01 5.000000e-01 1.507216e+00 -0.988002 0.006337 0.026457 0.922413 0.026457 0.006337 0.988002 -0.001153 -0.008859 -0.967979 -0.008859 -0.001153 0.000000 
5.000000e-01 5.000000e-01 4.999744e-03 5.000000e-01 5.000000e-01 1.513000e+00 -0.991903 0.003196 0.014246 0.957018 0.014246 0.003196 0.991903 -0.001862 -0.009686 -0.968807 -0.009686 -0.001862 0.000000 
5.000000e-01 5.000000e-01 4.999744e-03 5.000000e-01 5.000000e-01 1.515034e+00 -0.993275 0.002089 0.009900 0.969297 0.009900 0.002089 0.993275 -0.002112 -0.009976 -0.969099 -0.009976 -0.002112 0.000000 
5.000000e-01 5.000000e-01 4.999744e-03 5.000000e-01 5.000000e-01 1.515034e+00 -0.993275 0.002089 0.009900 0.969297 0.009900 0.002089 0.993275 -0.002112 -0.009976 -0.969099 -0.009976 -0.002112 0.000000 
5.000000e-01 5.000000e-01 4.999744e-03 5.000000e-01 5.000000e-01 1.515034e+00 -0.993275 0.002089 0.009900 0.969297 0.009900 0.002089 0.993275 -0.002112 -0.009976 -0.969099 -0.009976 -0.002112 0.000000 
5.000000e-01 5.000000e-01 4.999744e-03 5.000000e-01 5.000000e-01 1.515034e+00 -0.993275 0.002089 0.009900 0.969297 0.009900 0.002089 0.993275 -0.002112 -0.009976 -0.969099 -0.009976 -0.002112 0.000000 
5.000000e-01 5.000000e-01 4.999744e-03 5.000000e-01 5.000000e-01 1.515034e+00 -0.993275 0.002089 0.009900 0.969297 0.009900 0.002089 0.993275 -0.002112 -0.009976 -0.969099 -0.009976 -0.002112 0.000000 
5.000000e-01 5.000000e-01 4.999744e-03 5.000000e-01 5.000000e-01 1.515034e+00 -0.993275 0.002089 0.009900 0.969297 0.009900 0.002089 0.993275 -0.002112 -0.009976 -0.969099 -0.009976 -0.002112 0.000000 
5.000000e-01 5.000000e-01 4.999744e-03 5.000000e-01 5.000000e-01 1.515034e+00 -0.993275 0.002089 0.009900 0.969297 0.009900 0.002089 0.993275 -0.002112 -0.009976 -0.969099 -0.009976 -0.002112 0.000000 
5.000000e-01 5.000000e-01 4.999744e-03 5.000000e-01 5.000000e-01 1.515034e+00 -0.993275 0.002089 0.009900 0.969297 0.009900 0.002089 0.993275 -0.002112 -0.009976 -0.969099 -0.009976 -0.002112 0.000000 
5.000000e-01 5.000000e-01 4.999744e-03 5.000000e-01 5.000000e-01 1.515034e+00 -0.993275 0.002089 0.009900 0.969297 0.009900 0.002089 0.993275 -0.002112 -0.009976 -0.969099 -0.009976 -0.002112 0.000000 
5.000000e-01 5.000000e-01 4.999744e-03 5.000000e-01 5.000000e-01 1.515034e+00 -0.993275 0.002089 0.009900 0.969297 0.009900 0.002089 0.993275 -0.002112 -0.009976 -0.969099 -0.009976 -0.002112 0.000000 
5.000000e-01 5.000000e-01 4.999744e-03 5.000000e-01 5.000000e-01 1.515034e+00 -0.993275 0.002089 0.009900 0.969297 0.009900 0.002089 0.993275 -0.002112 -0.009976 -0.969099 -0.009976 -0.002112 0.000000 
5.000000e-01 5.000000e-01 4.999744e-03 5.000000e-01 5.000000e-01 1.515034e+00 -0.993275 0.002089 0.009900 0.969297 0.009900 0.002089 0.993275 -0.002112 -0.009976 -0.969099 -0.009976 -0.002112 0.000000 
5.000000e-01 5.000000e-01 4.999744e-03 5.000000e-01 5.000000e-01 1.515034e+00 -0.993275 0.002089 0.009900 0.969297 0.009900 0.002089 0.993275 -0.002112 -0.009976 -0.969099 -0.009976 -0.002112 0.000000 
5.000000e-01 5.000000e-01 4.999744e-03 5.000000e-01 5.000000e-01 1.515034e+00 -0.993275 0.002089 0.009900 0.969297 0.009900 0.002089 0.993275 -0.002112 -0.009976 -0.969099 -0.009976 -0.002112 0.000000 
5.000000e-01 5.000000e-01 4.999744e-03 5.000000e-01 5.000000e-01 1.515034e+00 -0.993275 0.002089 0.009900 0.969297 0.009900 0.002089 0.993275 -0.002112 -0.009976 -0.969099 -0.009976 -0.002112 0.000000 
5.000000e-01 5.000000e-01 4.999744e-03 5.000000e-01 5.000000e-01 1.515034e+00 -0.993275 0.002089 0.009900 0.969297 0.009900 0.002089 0.993275 -0.002112 -0.009976 -0.969099 -0.009976 -0.002112 0.000000 
5.000000e-01 5.000000e-01 4.999744e-03 5.000000e-01 5.000000e-01 1.515034e+00 -0.993275 0.002089 0.009900 0.969297 0.009900 0.002089 0.993275 -0.002112 -0.009976 -0.969099 -0.009976 -0.002112 0.000000 
5.000000e-01 5.000000e-01 4.999744e-03 5.000000e-01 5.000000e-01 1.515034e+00 -0.993275 0.002089 0.009900 0.969297 0.009900 0.002089 0.993275 -0.002112 -0.009976 -0.969099 -0.009976 -0.002112 0.000000 
5.000000e-01 5.000000e-01 4.999744e-03 5.000000e-01 5.000000e-01 1.515034e+00 -0.993275 0.002089 0.009900 0.969297 0.009900 0.002089 0.993275 -0.002112 -0.009976 -0.969099 -0.009976 -0.002112 0.000000 
5.000000e-01 5.000000e-01 4.999744e-03 5.000000e-01 5.000000e-01 1.515034e+00 -0.993275 0.002089 0.009900 0.969297 0.009900 0.002089 0.993275 -0.002112 -0.009976 -0.969099 -0.009976 -0.002112 0.000000 
5.000000e-01 5.000000e-01 4.999744e-03 5.000000e-01 5.000000e-01 1.515034e+00 -0.993275 0.002089 0.009900 0.969297 0.009900 0.002089 0.993275 -0.002112 -0.009976 -0.969099 -0.009976 -0.002112 0.000000 
5.000000e-01 5.000000e-01 4.999744e-03 5.000000e-01 5.000000e-01 1.515034e+00 -0.993275 0.002089 0.009900 0.969297 0.009900 0.002089 0.993275 -0.002112 -0.009976 -0.969099 -0.009976 -0.002112 0.000000 
5.000000e-01 5.000000e-01 4.999744e-03 5.000000e-01 5.000000e-01 1.515034e+00 -0.993275 0.002089 0.009900 0.969297 0.009900 0.002089 0.993275 -0.002112 -0.009976 -0.969099 -0.009976 -0.002112 0.000000 
5.000000e-01 5.000000e-01 4.999744e-03 5.000000e-01 5.000000e-01 1.515034e+00 -0.993275 0.002089 0.009900 0.969297 0.009900 0.002089 0.993275 -0.002112 -0.009976 -0.969099 -0.009976 -0.002112 0.000000 
5.000000e-01 5.000000e-01 4.999744e-03 5.000000e-01 5.000000e-01 1.515034e+00 -0.993275 0.002089 0.009900 0.969297 0.009900 0.002089 0.993275 -0.002112 -0.009976 -0.969099 -0.009976 -0.002112 0.000000 
5.000000e-01 5.000000e-01 4.999744e-03 5.000000e-01 5.000000e-01 1.515034e+00 -0.993275 0.002089 0.009900 0.969297 0.009900 0.002089 0.993275 -0.002112 -0.009976 -0.969099 -0.009976 -0.002112 0.000000 
5.000000e-01 5.000000e-01 4.999744e-03 5.000000e-01 5.000000e-01 1.515034e+00 -0.993275 0.002089 0.009900 0.969297 0.009900 0.002089 0.993275 -0.002112 -0.009976 -0.969099 -0.009976 -0.002112 0.000000 
5.000000e-01 5.000000e-01 4.999744e-03 5.000000e-01 5.000000e-01 1.515034e+00 -0.993275 0.002089 0.009900 0.969297 0.009900 0.002089 0.993275 -0.002112 -0.009976 -0.969099 -0.009976 -0.002112 0.000000 
5.000000e-01 5.000000e-01 4.999744e-03 5.000000e-01 5.000000e-01 1.515034e+00 -0.993275 0.002089 0.009900 0.969297 0.009900 0.002089 0.993275 -0.002112 -0.009976 -0.969099 -0.009976 -0.002112 0.000000 
5.000000e-01 5.000000e-01 4.999744e-03 5.000000e-01 5.000000e-01 1.515034e+00 -0.993275 0.002089 0.009900 0.969297 0.009900 0.002089 0.993275 -0.002112 -0.009976 -0.969099 -0.009976 -0.002112 0.000000 
5.000000e-01 5.000000e-01 4.999744e-03 5.000000e-01 5.000000e-01 1.515034e+00 -0.993275 0.002089 0.009900 0.969297 0.009900 0.002089 0.993275 -0.002112 -0.009976 -0.969099 -0.009976 -0.002112 0.000000 
5.000000e-01 5.000000e-01 4.999744e-03 5.000000e-01 5.000000e-01 1.515034e+00 -0.993275 0.002089 0.009900 0.969297 0.009900 0.002089 0.993275 -0.002112 -0.009976 -0.969099 -0.009976 -0.002112 0.000000 
5.000000e-01 5.000000e-01 4.999744e-03 5.000000e-01 5.000000e-01 1.515034e+00 -0.993275 0.002089 0.009900 0.969297 0.009900 0.002089 0.993275 -0.002112 -0.009976 -0.969099 -0.009976 -0.002112 0.000000 
5.000000e-01 5.000000e-01 4.999744e-03 5.000000e-01 5.000000e-01 1.515034e+00 -0.993275 0.002089 0.009900 0.969297 0.009900 0.002089 0.993275 -0.002112 -0.009976 -0.969099 -0.009976 -0.002112 0.000000 
5.000000e-01 5.000000e-01 4.999744e-03 5.000000e-01 5.000000e-01 1.515034e+00 -0.993275 0.002089 0.009900 0.969297 0.009900 0.002089 0.993275 -0.002112 -0.009976 -0.969099 -0.009976 -0.002112 0.000000 
5.000000e-01 5.000000e-01 4.999744e-03 5.000000e-01 5.000000e-01 1.515034e+00 -0.993275 0.002089 0.009900 0.969297 0.009900 0.002089 0.993275 -0.002112 -0.009976 -0.969099 -0.009976 -0.002112 0.000000 
5.000000e-01 5.000000e-01 4.999744e-03 5.000000e-01 5.000000e-01 1.515034e+00 -0.993275 0.002089 0.009900 0.969297 0.009900 0.002089 0.993275 -0.002112 -0.009976 -0.969099 -0.009976 -0.002112 0.000000 
5.000000e-01 5.000000e-01 4.999744e-03 5.000000e-01 5.000000e-01 1.515034e+00 -0.993275 0.002089 0.009900 0.969297 0.009900 0.002089 0.993275 -0.002112 -0.009976 -0.969099 -0.009976 -0.002112 0.000000 
5.000000e-01 5.000000e-01 4.999744e-03 5.000000e-01 5.000000e-01 1.515034e+00 -0.993275 0.002089 0.009900 0.969297 0.009900 0.002089 0.993275 -0.002112 -0.009976 -0.969099 -0.009976 -0.002112 0.000000 
5.000000e-01 5.000000e-01 4.999744e-03 5.000000e-01 5.000000e-01 1.515034e+00 -0.993275 0.002089 0.009900 0.969297 0.009900 0.002089 0.993275 -0.002112 -0.009976 -0.969099 -0.009976 -0.002112 0.000000 
5.000000e-01 5.000000e-01 4.999744e-03 5.000000e-01 5.000000e-01 1.515034e+00 -0.993275 0.002089 0.009900 0.969297 0.009900 0.002089 0.993275 -0.002112 -0.009976 -0.969099 -0.009976 -0.002112 0.000000 
5.000000e-01 5.000000e-01 4.999744e-03 5.000000e-01 5.000000e-01 1.515034e+00 -0.993275 0.002089 0.009900 0.969297 0.009900 0.002089 0.993275 -0.002112 -0.009976 -0.969099 -0.009976 -0.002112 0.000000 
5.000000e-01 5.000000e-01 4.999744e-03 5.000000e-01 5.000000e-01 1.515034e+00 -0.993275 0.002089 0.009900 0.969297 0.009900 0.002089 0.993275 -0.002112 -0.009976 -0.969099 -0.009976 -0.002112 0.000000 
5.000000e-01 5.000000e-01 4.999744e-03 5.000000e-01 5.000000e-01 1.515034e+00 -0.993275 0.002089 0.009900 0.969297 0.009900 0.002089 0.993275 -0.002112 -0.009976 -0.969099 -0.009976 -0.002112 0.000000 
5.000000e-01 5.000000e-01 4.999744e-03 5.000000e-01 5.000000e-01 1.515034e+00 -0.993275 0.002089 0.009900 0.969297 0.009900 0.002089 0.993275 -0.002112 -0.009976 -0.969099 -0.009976 -0.002112 0.000000 
5.000000e-01 5.000000e-01 4.999744e-03 5.000000e-01 5.000000e-01 1.515034e+00 -0.993275 0.002089 0.009900 0.969297 0.009900 0.002089 0.993275 -0.002112 -0.009976 -0.969099 -0.009976 -0.002112 0.000000 
5.000000e-01 5.000000e-01 4.999744e-03 5.000000e-01 5.000000e-01 1.515034e+00 -0.993275 0.002089 0.009900 0.969297 0.009900 0.002089 0.993275 -0.002112 -0.009976 -0.969099 -0.009976 -0.002112 0.000000 
5.000000e-01 5.000000e-01 4.999744e-03 5.000000e-01 5.000000e-01 1.515034e+00 -0.993275 0.002089 0.009900 0.969297 0.009900 0.002089 0.993275 -0.002112 -0.009976 -0.969099 -0.009976 -0.002112 0.000000 
5.000000e-01 5.000000e-01 4.999744e-03 5.000000e-01 5.000000e-01 1.515034e+00 -0.993275 0.002089 0.009900 0.969297 0.009900 0.002089 0.993275 -0.002112 -0.009976 -0.969099 -0.009976 -0.002112 0.000000 
5.000000e-01 5.000000e-01 4.999744e-03 5.000000e-01 5.000000e-01 1.515034e+00 -0.993275 0.002089 0.009900 0.969297 0.009900 0.002089 0.993275 -0.002112 -0.009976 -0.969099 -0.009976 -0.002112 0.000000 
5.000000e-01 5.000000e-01 4.999744e-03 5.000000e-01 5.000000e-01 1.515034e+00 -0.993275 0.002089 0.009900 0.969297 0.009900 0.002089 0.993275 -0.002112 -0.009976 -0.969099 -0.009976 -0.002112 0.000000 
5.000000e-01 5.000000e-01 4.999744e-03 5.000000e-01 5.000000e-01 1.515034e+00 -0.993275 0.002089 0.009900 0.969297 0.009900 0.002089 0.993275 -0.002112 -0.009976 -0.969099 -0.009976 -0.002112 0.000000 
5.000000e-01 5.000000e-01 4.999744e-03 5.000000e-01 5.000000e-01 1.515034e+00 -0.993275 0.002089 0.009900 0.969297 0.009900 0.002089 0.993275 -0.002112 -0.009976 -0.969099 -0.009976 -0.002112 0.000000 
5.000000e-01 5.000000e-01 4.999744e-03 5.000000e-01 5.000000e-01 1.515034e+00 -0.993275 0.002089 0.009900 0.969297 0.009900 0.002089 0.993275 -0.002112 -0.009976 -0.969099 -0.009976 -0.002112 0.000000 
5.000000e-01 5.000000e-01 4.999744e-03 5.000000e-01 5.000000e-01 1.515034e+00 -0.993275 0.002089 0.009900 0.969297 0.009900 0.002089 0.993275 -0.002112 -0.009976 -0.969099 -0.009976 -0.002112 0.000000 
5.000000e-01 5.000000e-01 4.999744e-03 5.000000e-01 5.000000e-01 1.515034e+00 -0.993275 0.002089 0.009900 0.969297 0.009900 0.002089 0.993275 -0.002112 -0.009976 -0.969099 -0.009976 -0.002112 0.000000 
5.000000e-01 5.000000e-01 4.999744e-03 5.000000e-01 5.000000e-01 1.515034e+00 -0.993275 0.002089 0.009900 0.969297 0.009900 0.002089 0.993275 -0.002112 -0.009976 -0.969099 -0.009976 -0.002112 0.000000 
5.000000e-01 5.000000e-01 4.999744e-03 5.000000e-01 5.000000e-01 1.515034e+00 -0.993275 0.002089 0.009900 0.969297 0.009900 0.002089 0.993275 -0.002112 -0.009976 -0.969099 -0.009976 -0.002112 0.000000 
5.000000e-01 5.000000e-01 4.999744e-03 5.000000e-01 5.000000e-01 1.515034e+00 -0.993275 0.002089 0.009900 0.969297 0.009900 0.002089 0.993275 -0.002112 -0.009976 -0.969099 -0.009976 -0.002112 0.000000 
5.000000e-01 5.000000e-01 4.999744e-03 5.000000e-01 5.000000e-01 1.515034e+00 -0.993275 0.002089 0.009900 0.969297 0.009900 0.002089 0.993275 -0.002112 -0.009976 -0.969099 -0.009976 -0.002112 0.000000 
5.000000e-01 5.000000e-01 4.999744e-03 5.000000e-01 5.000000e-01 1.515034e+00 -0.993275 0.002089 0.009900 0.969297 0.009900 0.002089 0.993275 -0.002112 -0.009976 -0.969099 -0.009976 -0.002112 0.000000 
5.000000e-01 5.000000e-01 4.999744e-03 5.000000e-01 5.000000e-01 1.515034e+00 -0.993275 0.002089 0.009900 0.969297 0.009900 0.002089 0.993275 -0.002112 -0.009976 -0.969099 -0.009976 -0.002112 0.000000 
5.000000e-01 5.000000e-01 4.999744e-03 5.000000e-01 5.000000e-01 1.515034e+00 -0.993275 0.002089 0.009900 0.969297 0.009900 0.002089 0.993275 -0.002112 -0.009976 -0.969099 -0.009976 -0.002112 0.000000 
5.000000e-01 5.000000e-01 4.999744e-03 5.000000e-01 5.000000e-01 1.515034e+00 -0.993275 0.002089 0.009900 0.969297 0.009900 0.002089 0.993275 -0.002112 -0.009976 -0.969099 -0.009976 -0.002112 0.000000 
5.000000e-01 5.000000e-01 4.999744e-03 5.000000e-01 5.000000e-01 1.515034e+00 -0.993275 0.002089 0.009900 0.969297 0.009900 0.002089 0.993275 -0.002112 -0.009976 -0.969099 -0.009976 -0.002112 0.000000 
5.000000e-01 5.000000e-01 4.999744e-03 5.000000e-01 5.000000e-01 1.515034e+00 -0.993275 0.002089 0.009900 0.969297 0.009900 0.002089 0.993275 -0.002112 -0.009976 -0.969099 -0.009976 -0.002112 0.000000 
5.000000e-01 5.000000e-01 4.999744e-03 5.000000e-01 5.000000e-01 1.515034e+00 -0.993275 0.002089 0.009900 0.969297 0.009900 0.002089 0.993275 -0.002112 -0.009976 -0.969099 -0.009976 -0.002112 0.000000 
5.000000e-01 5.000000e-01 4.999744e-03 5.000000e-01 5.000000e-01 1.515034e+00 -0.993275 0.002089 0.009900 0.969297 0.009900 0.002089 0.993275 -0.002112 -0.009976 -0.969099 -0.009976 -0.002112 0.000000 
5.000000e-01 5.000000e-01 4.999744e-03 5.000000e-01 5.000000e-01 1.515034e+00 -0.993275 0.002089 0.009900 0.969297 0.009900 0.002089 0.993275 -0.002112 -0.009976 -0.969099 -0.009976 -0.002112 0.000000 
5.000000e-01 5.000000e-01 4.999744e-03 5.000000e-01 5.000000e-01 1.515034e+00 -0.993275 0.002089 0.009900 0.969297 0.009900 0.002089 0.993275 -0.002112 -0.009976 -0.969099 -0.009976 -0.002112 0.000000 
5.000000e-01 5.000000e-01 4.999744e-03 5.000000e-01 5.000000e-01 1.515034e+00 -0.993275 0.002089 0.009900 0.969297 0.009900 0.002089 0.993275 -0.002112 -0.009976 -0.969099 -0.009976 -0.002112 0.000000 
5.000000e-01 5.000000e-01 4.999744e-03 5.000000e-01 5.000000e-01 1.515034e+00 -0.993275 0.002089 0.009900 0.969297 0.009900 0.002089 0.993275 -0.002112 -0.009976 -0.969099 -0.009976 -0.002112 0.000000 
5.000000e-01 5.000000e-01 4.999744e-03 5.000000e-01 5.000000e-01 1.515034e+00 -0.993275 0.002089 0.009900 0.969297 0.009900 0.002089 0.993275 -0.002112 -0.009976 -0.969099 -0.009976 -0.002112 0.000000 
5.000000e-01 5.000000e-01 4.999744e-03 5.000000e-01 5.000000e-01 1.515034e+00 -0.993275 0.002089 0.009900 0.969297 0.009900 0.002089 0.993275 -0.002112 -0.009976 -0.969099 -0.009976 -0.002112 0.000000 
5.000000e-01 5.000000e-01 4.999744e-03 5.000000e-01 5.000000e-01 1.515034e+00 -0.993275 0.002089 0.009900 0.969297 0.009900 0.002089 0.993275 -0.002112 -0.009976 -0.969099 -0.009976 -0.002112 0.000000 
5.000000e-01 5.000000e-01 4.999744e-03 5.000000e-01 5.000000e-01 1.515034e+00 -0.993275 0.002089 0.009900 0.969297 0.009900 0.002089 0.993275 -0.002112 -0.009976 -0.969099 -0.009976 -0.002112 0.000000 
5.000000e-01 5.000000e-01 4.999744e-03 5.000000e-01 5.000000e-01 1.515034e+00 -0.993275 0.002089 0.009900 0.969297 0.009900 0.002089 0.993275 -0.002112 -0.009976 -0.969099 -0.009976 -0.002112 0.000000 
5.000000e-01 5.000000e-01 4.999744e-03 5.000000e-01 5.000000e-01 1.515034e+00 -0.993275 0.002089 0.009900 0.969297 0.009900 0.002089 0.993275 -0.002112 -0.009976 -0.969099 -0.009976 -0.002112 0.000000 
5.000000e-01 5.000000e-01 4.999744e-03 5.000000e-01 5.000000e-01 1.515034e+00 -0.993275 0.002089 0.009900 0.969297 0.009900 0.002089 0.993275 -0.002112 -0.009976 -0.969099 -0.009976 -0.002112 0.000000 
5.000000e-01 5.000000e-01 4.999744e-03 5.000000e-01 5.000000e-01 1.515034e+00 -0.993275 0.002089 0.009900 0.969297 0.009900 0.002089 0.993275 -0.002112 -0.009976 -0.969099 -0.009976 -0.002112 0.000000 
5.000000e-01 5.000000e-01 4.999744e-03 5.000000e-01 5.000000e-01 1.515034e+00 -0.993275 0.002089 0.009900 0.969297 0.009900 0.002089 0.993275 -0.002112 -0.009976 -0.969099 -0.009976 -0.002112 0.000000 
5.000000e-01 5.000000e-01 4.999744e-03 5.000000e-01 5.000000e-01 1.515034e+00 -0.993275 0.002089 0.009900 0.969297 0.009900 0.002089 0.993275 -0.002112 -0.009976 -0.969099 -0.009976 -0.002112 0.000000 
5.000000e-01 5.000000e-01 4.999744e-03 5.000000e-01 5.000000e-01 1.515034e+00 -0.993275 0.002089 0.009900 0.969297 0.009900 0.002089 0.993275 -0.002112 -0.009976 -0.969099 -0.009976 -0.002112 0.000000 
5.000000e-01 5.000000e-01 4.999744e-03 5.000000e-01 5.000000e-01 1.515034e+00 -0.993275 0.002089 0.009900 0.969297 0.009900 0.002089 0.993275 -0.002112 -0.009976 -0.969099 -0.009976 -0.002112 0.000000 
5.000000e-01 5.000000e-01 4.999744e-03 5.000000e-01 5.000000e-01 1.515034e+00 -0.993275 0.002089 0.009900 0.969297 0.009900 0.002089 0.993275 -0.002112 -0.009976 -0.969099 -0.009976 -0.002112 0.000000 
5.000000e-01 5.000000e-01 4.999744e-03 5.000000e-01 5.000000e-01 1.515034e+00 -0.993275 0.002089 0.009900 0.969297 0.009900 0.002089 0.993275 -0.002112 -0.009976 -0.969099 -0.009976 -0.002112 0.000000 
5.000000e-01 5.000000e-01 4.999744e-03 5.000000e-01 5.000000e-01 1.515034e+00 -0.993275 0.002089 0.009900 0.969297 0.009900 0.002089 0.993275 -0.002112 -0.009976 -0.969099 -0.009976 -0.002112 0.000000 
5.000000e-01 5.000000e-01 4.999744e-03 5.000000e-01 5.000000e-01 1.515034e+00 -0.993275 0.002089 0.009900 0.969297 0.009900 0.002089 0.993275 -0.002112 -0.009976 -0.969099 -0.009976 -0.002112 0.000000 
5.000000e-01 5.000000e-01 4.999744e-03 5.000000e-01 5.000000e-01 1.515034e+00 -0.993275 0.002089 0.009900 0.969297 0.009900 0.002089 0.993275 -0.002112 -0.009976 -0.969099 -0.009976 -0.002112 0.000000 
5.000000e-01 5.000000e-01 4.999744e-03 5.000000e-01 5.000000e-01 1.515034e+00 -0.993275 0.002089 0.009900 0.969297 0.009900 0.002089 0.993275 -0.002112 -0.009976 -0.969099 -0.009976 -0.002112 0.000000 
5.000000e-01 5.000000e-01 4.999744e-03 5.000000e-01 5.000000e-01 1.515034e+00 -0.993275 0.002089 0.009900 0.969297 0.009900 0.002089 0.993275 -0.002112 -0.009976 -0.969099 -0.009976 -0.002112 0.000000 
5.000000e-01 5.000000e-01 4.999744e-03 5.000000e-01 5.000000e-01 1.515034e+00 -0.993275 0.002089 0.009900 0.969297 0.009900 0.002089 0.993275 -0.002112 -0.009976 -0.969099 -0.009976 -0.002112 0.000000 
5.000000e-01 5.000000e-01 4.999744e-03 5.000000e-01 5.000000e-01 1.515034e+00 -0.993275 0.002089 0.009900 0.969297 0.009900 0.002089 0.993275 -0.002112 -0.009976 -0.969099 -0.009976 -0.002112 0.000000 
5.000000e-01 5.000000e-01 4.999744e-03 5.000000e-01 5.000000e-01 1.515034e+00 -0.993275 0.002089 0.009900 0.969297 0.009900 0.002089 0.993275 -0.002112 -0.009976 -0.969099 -0.009976 -0.002112 0.000000 
5.000000e-01 5.000000e-01 4.999744e-03 5.000000e-01 5.000000e-01 1.515034e+00 -0.993275 0.002089 0.009900 0.969297 0.009900 0.002089 0.993275 -0.002112 -0.009976 -0.969099 -0.009976 -0.002112 0.000000 
5.000000e-01 5.000000e-01 4.999744e-03 5.000000e-01 5.000000e-01 1.515034e+00 -0.993275 0.002089 0.009900 0.969297 0.009900 0.002089 0.993275 -0.002112 -0.009976 -0.969099 -0.009976 -0.002112 0.000000 
5.000000e-01 5.000000e-01 4.999744e-03 5.000000e-01 5.000000e-01 1.515034e+00 -0.993275 0.002089 0.009900 0.969297 0.009900 0.002089 0.993275 -0.002112 -0.009976 -0.969099 -0.009976 -0.002112 0.000000 
5.000000e-01 5.000000e-01 4.999744e-03 5.000000e-01 5.000000e-01 1.515034e+00 -0.993275 0.002089 0.009900 0.969297 0.009900 0.002089 0.993275 -0.002112 -0.009976 -0.969099 -0.009976 -0.002112 0.000000 
5.000000e-01 5.000000e-01 4.999744e-03 5.000000e-01 5.000000e-01 1.515034e+00 -0.993275 0.002089 0.009900 0.969297 0.009900 0.002089 0.993275 -0.002112 -0.009976 -0.969099 -0.009976 -0.002112 0.000000 
5.000000e-01 5.000000e-01 4.999744e-03 5.000000e-01 5.000000e-01 1.515034e+00 -0.993275 0.002089 0.009900 0.969297 0.009900 0.002089 0.993275 -0.002112 -0.009976 -0.969099 -0.009976 -0.002112 0.000000 
5.000000e-01 5.000000e-01 4.999744e-03 5.000000e-01 5.000000e-01 1.515034e+00 -0.993275 0.002089 0.009900 0.969297 0.009900 0.002089 0.993275 -0.002112 -0.009976 -0.969099 -0.009976 -0.002112 0.000000 
5.000000e-01 5.000000e-01 4.999744e-03 5.000000e-01 5.000000e-01 1.515034e+00 -0.993275 0.002089 0.009900 0.969297 0.009900 0.002089 0.993275 -0.002112 -0.009976 -0.969099 -0.009976 -0.002112 0.000000 
5.000000e-01 5.000000e-01 4.999744e-03 5.000000e-01 5.000000e-01 1.515034e+00 -0.993275 0.002089 0.009900 0.969297 0.009900 0.002089 0.993275 -0.002112 -0.009976 -0.969099 -0.009976 -0.002112 0.000000 
5.000000e-01 5.000000e-01 4.999744e-03 5.000000e-01 5.000000e-01 1.515034e+00 -0.993275 0.002089 0.009900 0.969297 0.009900 0.002089 0.993275 -0.002112 -0.009976 -0.969099 -0.009976 -0.002112 0.000000 
5.000000e-01 5.000000e-01 4.999744e-03 5.000000e-01 5.000000e-01 1.515034e+00 -0.993275 0.002089 0.009900 0.969297 0.009900 0.002089 0.993275 -0.002112 -0.009976 -0.969099 -0.009976 -0.002112 0.000000 
5.000000e-01 5.000000e-01 4.999744e-03 5.000000e-01 5.000000e-01 1.515034e+00 -0.993275 0.002089 0.009900 0.969297 0.009900 0.002089 0.993275 -0.002112 -0.009976 -0.969099 -0.009976 -0.002112 0.000000 
5.000000e-01 5.000000e-01 4.999744e-03 5.000000e-01 5.000000e-01 1.515034e+00 -0.993275 0.002089 0.009900 0.969297 0.009900 0.002089 0.993275 -0.002112 -0.009976 -0.969099 -0.009976 -0.002112 0.000000 
5.000000e-01 5.000000e-01 4.999744e-03 5.000000e-01 5.000000e-01 1.515034e+00 -0.993275 0.002089 0.009900 0.969297 0.009900 0.002089 0.993275 -0.002112 -0.009976 -0.969099 -0.009976 -0.002112 0.000000 
5.000000e-01 5.000000e-01 4.999744e-03 5.000000e-01 5.000000e-01 1.515034e+00 -0.993275 0.002089 0.009900 0.969297 0.009900 0.002089 0.993275 -0.002112 -0.009976 -0.969099 -0.009976 -0.002112 0.000000 
5.000000e-01 5.000000e-01 4.999744e-03 5.000000e-01 5.000000e-01 1.515034e+00 -0.993275 0.002089 0.009900 0.969297 0.009900 0.002089 0.993275 -0.002112 -0.009976 -0.969099 -0.009976 -0.002112 0.000000 
5.000000e-01 5.000000e-01 4.999744e-03 5.000000e-01 5.000000e-01 1.515034e+00 -0.993275 0.002089 0.009900 0.969297 0.009900 0.002089 0.993275 -0.002112 -0.009976 -0.969099 -0.009976 -0.002112 0.000000 
5.000000e-01 5.000000e-01 4.999744e-03 5.000000e-01 5.000000e-01 1.515034e+00 -0.993275 0.002089 0.009900 0.969297 0.009900 0.002089 0.993275 -0.002112 -0.009976 -0.969099 -0.009976 -0.002112 0.000000 
5.000000e-01 5.000000e-01 4.999744e-03 5.000000e-01 5.000000e-01 1.515034e+00 -0.993275 0.002089 0.009900 0.969297 0.009900 0.002089 0.993275 -0.002112 -0.009976 -0.969099 -0.009976 -0.002112 0.000000 
5.000000e-01 5.000000e-01 4.999744e-03 5.000000e-01 5.000000e-01 1.515034e+00 -0.993275 0.002089 0.009900 0.969297 0.009900 0.002089 0.993275 -0.002112 -0.009976 -0.969099 -0.009976 -0.002112 0.000000 
5.000000e-01 5.000000e-01 4.999744e-03 5.000000e-01 5.000000e-01 1.515034e+00 -0.993275 0.002089 0.009900 0.969297 0.009900 0.002089 0.993275 -0.002112 -0.009976 -0.969099 -0.009976 -0.002112 0.000000 
5.000000e-01 5.000000e-01 4.999744e-03 5.000000e-01 5.000000e-01 1.515034e+00 -0.993275 0.002089 0.009900 0.969297 0.009900 0.002089 0.993275 -0.002112 -0.009976 -0.969099 -0.009976 -0.002112 0.000000 
5.000000e-01 5.000000e-01 4.999744e-03 5.000000e-01 5.000000e-01 1.515034e+00 -0.993275 0.002089 0.009900 0.969297 0.009900 0.002089 0.993275 -0.002112 -0.009976 -0.969099 -0.009976 -0.002112 0.000000 
5.000000e-01 5.000000e-01 4.999744e-03 5.000000e-01 5.000000e-01 1.515034e+00 -0.993275 0.002089 0.009900 0.969297 0.009900 0.002089 0.993275 -0.002112 -0.009976 -0.969099 -0.009976 -0.002112 0.000000 
5.000000e-01 5.000000e-01 4.999744e-03 5.000000e-01 5.000000e-01 1.515034e+00 -0.993275 0.002089 0.009900 0.969297 0.009900 0.002089 0.993275 -0.002112 -0.009976 -0.969099 -0.009976 -0.002112 0.000000 
5.000000e-01 5.000000e-01 4.999744e-03 5.000000e-01 5.000000e-01 1.515034e+00 -0.993275 0.002089 0.009900 0.969297 0.009900 0.002089 0.993275 -0.002112 -0.009976 -0.969099 -0.009976 -0.002112 0.000000 
5.000000e-01 5.000000e-01 4.999744e-03 5.000000e-01 5.000000e-01 1.515034e+00 -0.993275 0.002089 0.009900 0.969297 0.009900 0.002089 0.993275 -0.002112 -0.009976 -0.969099 -0.009976 -0.002112 0.000000 
5.000000e-01 5.000000e-01 4.999744e-03 5.000000e-01 5.000000e-01 1.515034e+00 -0.993275 0.002089 0.009900 0.969297 0.009900 0.002089 0.993275 -0.002112 -0.009976 -0.969099 -0.009976 -0.002112 0.000000 
5.000000e-01 5.000000e-01 4.999744e-03 5.000000e-01 5.000000e-01 1.515034e+00 -0.993275 0.002089 0.009900 0.969297 0.009900 0.002089 0.993275 -0.002112 -0.009976 -0.969099 -0.009976 -0.002112 0.000000 
5.000000e-01 5.000000e-01 4.999744e-03 5.000000e-01 5.000000e-01 1.515034e+00 -0.993275 0.002089 0.009900 0.969297 0.009900 0.002089 0.993275 -0.002112 -0.009976 -0.969099 -0.009976 -0.002112 0.000000 
5.000000e-01 5.000000e-01 4.999744e-03 5.000000e-01 5.000000e-01 1.515034e+00 -0.993275 0.002089 0.009900 0.969297 0.009900 0.002089 0.993275 -0.002112 -0.009976 -0.969099 -0.009976 -0.002112 0.000000 
5.000000e-01 5.000000e-01 4.999744e-03 5.000000e-01 5.000000e-01 1.515034e+00 -0.993275 0.002089 0.009900 0.969297 0.009900 0.002089 0.993275 -0.002112 -0.009976 -0.969099 -0.009976 -0.002112 0.000000 
5.000000e-01 5.000000e-01 4.999744e-03 5.000000e-01 5.000000e-01 1.515034e+00 -0.993275 0.002089 0.009900 0.969297 0.009900 0.002089 0.993275 -0.002112 -0.009976 -0.969099 -0.009976 -0.002112 0.000000 
5.000000e-01 5.000000e-01 4.999744e-03 5.000000e-01 5.000000e-01 1.515034e+00 -0.993275 0.002089 0.009900 0.969297 0.009900 0.002089 0.993275 -0.002112 -0.009976 -0.969099 -0.009976 -0.002112 0.000000 
5.000000e-01 5.000000e-01 4.999744e-03 5.000000e-01 5.000000e-01 1.515034e+00 -0.993275 0.002089 0.009900 0.969297 0.009900 0.002089 0.993275 -0.002112 -0.009976 -0.969099 -0.009976 -0.002112 0.000000 
5.000000e-01 5.000000e-01 4.999744e-03 5.000000e-01 5.000000e-01 1.515034e+00 -0.993275 0.002089 0.009900 0.969297 0.009900 0.002089 0.993275 -0.002112 -0.009976 -0.969099 -0.009976 -0.002112 0.000000 
5.000000e-01 5.000000e-01 4.999744e-03 5.000000e-01 5.000000e-01 1.515034e+00 -0.993275 0.002089 0.009900 0.969297 0.009900 0.002089 0.993275 -0.002112 -0.009976 -0.969099 -0.009976 -0.002112 0.000000 
5.000000e-01 5.000000e-01 4.999744e-03 5.000000e-01 5.000000e-01 1.515034e+00 -0.993275 0.002089 0.009900 0.969297 0.009900 0.002089 0.993275 -0.002112 -0.009976 -0.969099 -0.009976 -0.002112 0.000000 
5.000000e-01 5.000000e-01 4.999744e-03 5.000000e-01 5.000000e-01 1.515034e+00 -0.993275 0.002089 0.009900 0.969297 0.009900 0.002089 0.993275 -0.002112 -0.009976 -0.969099 -0.009976 -0.002112 0.000000 
5.000000e-01 5.000000e-01 4.999744e-03 5.000000e-01 5.000000e-01 1.515034e+00 -0.993275 0.002089 0.009900 0.969297 0.009900 0.002089 0.993275 -0.002112 -0.009976 -0.969099 -0.009976 -0.002112 0.000000 
5.000000e-01 5.000000e-01 4.999744e-03 5.000000e-01 5.000000e-01 1.515034e+00 -0.993275 0.002089 0.009900 0.969297 0.009900 0.002089 0.993275 -0.002112 -0.009976 -0.969099 -0.009976 -0.002112 0.000000 
5.000000e-01 5.000000e-01 4.999744e-03 5.000000e-01 5.000000e-01 1.515034e+00 -0.993275 0.002089 0.009900 0.969297 0.009900 0.002089 0.993275 -0.002112 -0.009976 -0.969099 -0.009976 -0.002112 0.000000 
5.000000e-01 5.000000e-01 4.999744e-03 5.000000e-01 5.000000e-01 1.515034e+00 -0.993275 0.002089 0.009900 0.969297 0.009900 0.002089 0.993275 -0.002112 -0.009976 -0.969099 -0.009976 -0.002112 0.000000 
5.000000e-01 5.000000e-01 4.999744e-03 5.000000e-01 5.000000e-01 1.515034e+00 -0.993275 0.002089 0.009900 0.969297 0.009900 0.002089 0.993275 -0.002112 -0.009976 -0.969099 -0.009976 -0.002112 0.000000 
5.000000e-01 5.000000e-01 4.999744e-03 5.000000e-01 5.000000e-01 1.515034e+00 -0.993275 0.002089 0.009900 0.969297 0.009900 0.002089 0.993275 -0.002112 -0.009976 -0.969099 -0.009976 -0.002112 0.000000 
5.000000e-01 5.000000e-01 4.999744e-03 5.000000e-01 5.000000e-01 1.515034e+00 -0.993275 0.002089 0.009900 0.969297 0.009900 0.002089 0.993275 -0.002112 -0.009976 -0.969099 -0.009976 -0.002112 0.000000 
5.000000e-01 5.000000e-01 4.999744e-03 5.000000e-01 5.000000e-01 1.515034e+00 -0.993275 0.002089 0.009900 0.969297 0.009900 0.002089 0.993275 -0.002112 -0.009976 -0.969099 -0.009976 -0.002112 0.000000 
5.000000e-01 5.000000e-01 4.999744e-03 5.000000e-01 5.000000e-01 1.515034e+00 -0.993275 0.002089 0.009900 0.969297 0.009900 0.002089 0.993275 -0.002112 -0.009976 -0.969099 -0.009976 -0.002112 0.000000 
5.000000e-01 5.000000e-01 4.999744e-03 5.000000e-01 5.000000e-01 1.515034e+00 -0.993275 0.002089 0.009900 0.969297 0.009900 0.002089 0.993275 -0.002112 -0.009976 -0.969099 -0.009976 -0.002112 0.000000 
5.000000e-01 5.000000e-01 4.999744e-03 5.000000e-01 5.000000e-01 1.515034e+00 -0.993275 0.002089 0.009900 0.969297 0.009900 0.002089 0.993275 -0.002112 -0.009976 -0.969099 -0.009976 -0.002112 0.000000 
5.000000e-01 5.000000e-01 4.999744e-03 5.000000e-01 5.000000e-01 1.515034e+00 -0.993275 0.002089 0.009900 0.969297 0.009900 0.002089 0.993275 -0.002112 -0.009976 -0.969099 -0.009976 -0.002112 0.000000 
5.000000e-01 5.000000e-01 4.999744e-03 5.000000e-01 5.000000e-01 1.515034e+00 -0.993275 0.002089 0.009900 0.969297 0.009900 0.002089 0.993275 -0.002112 -0.009976 -0.969099 -0.009976 -0.002112 0.000000 
5.000000e-01 5.000000e-01 4.999744e-03 5.000000e-01 5.000000e-01 1.515034e+00 -0.993275 0.002089 0.009900 0.969297 0.009900 0.002089 0.993275 -0.002112 -0.009976 -0.969099 -0.009976 -0.002112 0.000000 
5.000000e-01 5.000000e-01 4.999744e-03 5.000000e-01 5.000000e-01 1.515034e+00 -0.993275 0.002089 0.009900 0.969297 0.009900 0.002089 0.993275 -0.002112 -0.009976 -0.969099 -0.009976 -0.002112 0.000000 
5.000000e-01 5.000000e-01 4.999744e-03 5.000000e-01 5.000000e-01 1.515034e+00 -0.993275 0.002089 0.009900 0.969297 0.009900 0.002089 0.993275 -0.002112 -0.009976 -0.969099 -0.009976 -0.002112 0.000000 
5.000000e-01 5.000000e-01 4.999744e-03 5.000000e-01 5.000000e-01 1.515034e+00 -0.993275 0.002089 0.009900 0.969297 0.009900 0.002089 0.993275 -0.002112 -0.009976 -0.969099 -0.009976 -0.002112 0.000000 
5.000000e-01 5.000000e-01 4.999744e-03 5.000000e-01 5.000000e-01 1.515034e+00 -0.993275 0.002089 0.009900 0.969297 0.009900 0.002089 0.993275 -0.002112 -0.009976 -0.969099 -0.009976 -0.002112 0.000000 
5.000000e-01 5.000000e-01 4.999744e-03 5.000000e-01 5.000000e-01 1.515034e+00 -0.993275 0.002089 0.009900 0.969297 0.009900 0.002089 0.993275 -0.002112 -0.009976 -0.969099 -0.009976 -0.002112 0.000000 
5.000000e-01 5.000000e-01 4.999744e-03 5.000000e-01 5.000000e-01 1.515034e+00 -0.993275 0.002089 0.009900 0.969297 0.009900 0.002089 0.993275 -0.002112 -0.009976 -0.969099 -0.009976 -0.002112 0.000000 
5.000000e-01 5.000000e-01 4.999744e-03 5.000000e-01 5.000000e-01 1.515034e+00 -0.993275 0.002089 0.009900 0.969297 0.009900 0.002089 0.993275 -0.002112 -0.009976 -0.969099 -0.009976 -0.002112 0.000000 
5.000000e-01 5.000000e-01 4.999744e-03 5.000000e-01 5.000000e-01 1.515034e+00 -0.993275 0.002089 0.009900 0.969297 0.009900 0.002089 0.993275 -0.002112 -0.009976 -0.969099 -0.009976 -0.002112 0.000000 
5.000000e-01 5.000000e-01 4.999744e-03 5.000000e-01 5.000000e-01 1.515034e+00 -0.993275 0.002089 0.009900 0.969297 0.009900 0.002089 0.993275 -0.002112 -0.009976 -0.969099 -0.009976 -0.002112 0.000000 
5.000000e-01 5.000000e-01 4.999744e-03 5.000000e-01 5.000000e-01 1.515034e+00 -0.993275 0.002089 0.009900 0.969297 0.009900 0.002089 0.993275 -0.002112 -0.009976 -0.969099 -0.009976 -0.002112 0.000000 
5.000000e-01 5.000000e-01 4.999744e-03 5.000000e-01 5.000000e-01 1.515034e+00 -0.993275 0.002089 0.009900 0.969297 0.009900 0.002089 0.993275 -0.002112 -0.009976 -0.969099 -0.009976 -0.002112 0.000000 
5.000000e-01 5.000000e-01 4.999744e-03 5.000000e-01 5.000000e-01 1.515034e+00 -0.993275 0.002089 0.009900 0.969297 0.009900 0.002089 0.993275 -0.002112 -0.009976 -0.969099 -0.009976 -0.002112 0.000000 
