# TeX TeY TeZ ThX ThY THZ P1 P2
5.000000e-01 5.000000e-01 1.200000e+00 5.000000e-01 5.000000e-01 1.200000e+00 0.000000 0.000000 0.000000 0.000000 0.000000 0.000000 0.000000 0.000000 0.000000 0.000000 0.000000 0.000000 0.000000 
5.000000e-01 5.000000e-01 1.190811e+00 5.000000e-01 5.000000e-01 1.207338e+00 -0.010846 -0.001532 0.002499 0.008913 0.002499 -0.001532 0.010846 -0.001961 -0.002302 -0.002319 -0.002302 -0.001961 0.000000 
5.000000e-01 5.000000e-01 1.181557e+00 5.000000e-01 5.000000e-01 1.214649e+00 -0.021716 -0.003029 0.005006 0.017762 0.005006 -0.003029 0.021716 -0.003927 -0.004609 -0.004644 -0.004609 -0.003927 0.000000 
5.000000e-01 5.000000e-01 1.172241e+00 5.000000e-01 5.000000e-01 1.221935e+00 -0.032611 -0.004493 0.007517 0.026565 0.007517 -0.004493 0.032611 -0.005897 -0.006922 -0.006974 -0.006922 -0.005897 0.000000 
5.000000e-01 5.000000e-01 1.162861e+00 5.000000e-01 5.000000e-01 1.229194e+00 -0.043530 -0.005937 0.010019 0.035367 0.010019 -0.005937 0.043530 -0.007871 -0.009239 -0.009310 -0.009239 -0.007871 0.000000 
5.000000e-01 5.000000e-01 1.153420e+00 5.000000e-01 5.000000e-01 1.236426e+00 -0.054472 -0.007381 0.012495 0.044244 0.012495 -0.007381 0.054472 -0.009848 -0.011562 -0.011652 -0.011562 -0.009848 0.000000 
5.000000e-01 5.000000e-01 1.143917e+00 5.000000e-01 5.000000e-01 1.243631e+00 -0.065437 -0.008800 0.014951 0.053136 0.014951 -0.008800 0.065437 -0.011830 -0.013890 -0.013999 -0.013890 -0.011830 0.000000 
5.000000e-01 5.000000e-01 1.134352e+00 5.000000e-01 5.000000e-01 1.250809e+00 -0.076424 -0.010198 0.017381 0.062059 0.017381 -0.010198 0.076424 -0.013814 -0.016222 -0.016351 -0.016222 -0.013814 0.000000 
5.000000e-01 5.000000e-01 1.124727e+00 5.000000e-01 5.000000e-01 1.257959e+00 -0.087433 -0.011606 0.019757 0.071132 0.019757 -0.011606 0.087433 -0.015802 -0.018560 -0.018709 -0.018560 -0.015802 0.000000 
5.000000e-01 5.000000e-01 1.115042e+00 5.000000e-01 5.000000e-01 1.265081e+00 -0.098463 -0.013011 0.022080 0.080326 0.022080 -0.013011 0.098463 -0.017793 -0.020902 -0.021073 -0.020902 -0.017793 0.000000 
5.000000e-01 5.000000e-01 1.105297e+00 5.000000e-01 5.000000e-01 1.272174e+00 -0.109513 -0.014404 0.024353 0.089614 0.024353 -0.014404 0.109513 -0.019787 -0.023248 -0.023441 -0.023248 -0.019787 0.000000 
5.000000e-01 5.000000e-01 1.095494e+00 5.000000e-01 5.000000e-01 1.279238e+00 -0.120583 -0.015797 0.026562 0.099054 0.026562 -0.015797 0.120583 -0.021784 -0.025600 -0.025816 -0.025600 -0.021784 0.000000 
5.000000e-01 5.000000e-01 1.085631e+00 5.000000e-01 5.000000e-01 1.286273e+00 -0.131673 -0.017217 0.028666 0.108774 0.028666 -0.017217 0.131673 -0.023783 -0.027955 -0.028195 -0.027955 -0.023783 0.000000 
5.000000e-01 5.000000e-01 1.075711e+00 5.000000e-01 5.000000e-01 1.293279e+00 -0.142781 -0.018632 0.030695 0.118655 0.030695 -0.018632 0.142781 -0.025785 -0.030315 -0.030581 -0.030315 -0.025785 0.000000 
5.000000e-01 5.000000e-01 1.065732e+00 5.000000e-01 5.000000e-01 1.300254e+00 -0.153908 -0.020043 0.032645 0.128703 0.032645 -0.020043 0.153908 -0.027789 -0.032679 -0.032971 -0.032679 -0.027789 0.000000 
5.000000e-01 5.000000e-01 1.055697e+00 5.000000e-01 5.000000e-01 1.307199e+00 -0.165052 -0.021499 0.034438 0.139175 0.034438 -0.021499 0.165052 -0.029795 -0.035048 -0.035368 -0.035048 -0.029795 0.000000 
5.000000e-01 5.000000e-01 1.045605e+00 5.000000e-01 5.000000e-01 1.314114e+00 -0.176213 -0.022961 0.036117 0.149902 0.036117 -0.022961 0.176213 -0.031802 -0.037420 -0.037769 -0.037420 -0.031802 0.000000 
5.000000e-01 5.000000e-01 1.035457e+00 5.000000e-01 5.000000e-01 1.320997e+00 -0.187392 -0.024424 0.037687 0.160867 0.037687 -0.024424 0.187392 -0.033811 -0.039796 -0.040177 -0.039796 -0.033811 0.000000 
5.000000e-01 5.000000e-01 1.025254e+00 5.000000e-01 5.000000e-01 1.327849e+00 -0.198586 -0.025929 0.039066 0.172311 0.039066 -0.025929 0.198586 -0.035821 -0.042177 -0.042590 -0.042177 -0.035821 0.000000 
5.000000e-01 5.000000e-01 1.014995e+00 5.000000e-01 5.000000e-01 1.334669e+00 -0.209796 -0.027456 0.040268 0.184171 0.040268 -0.027456 0.209796 -0.037832 -0.044561 -0.045009 -0.044561 -0.037832 0.000000 
5.000000e-01 5.000000e-01 1.004681e+00 5.000000e-01 5.000000e-01 1.341457e+00 -0.221020 -0.028988 0.041325 0.196347 0.041325 -0.028988 0.221021 -0.039844 -0.046949 -0.047434 -0.046949 -0.039844 0.000000 
5.000000e-01 5.000000e-01 9.943139e-01 5.000000e-01 5.000000e-01 1.348212e+00 -0.232260 -0.030559 0.042147 0.209083 0.042147 -0.030559 0.232260 -0.041856 -0.049341 -0.049865 -0.049341 -0.041856 0.000000 
5.000000e-01 5.000000e-01 9.838927e-01 5.000000e-01 5.000000e-01 1.354933e+00 -0.243514 -0.032162 0.042716 0.222406 0.042716 -0.032162 0.243514 -0.043869 -0.051737 -0.052302 -0.051737 -0.043869 0.000000 
5.000000e-01 5.000000e-01 9.734183e-01 5.000000e-01 5.000000e-01 1.361622e+00 -0.254781 -0.033773 0.043099 0.236129 0.043099 -0.033773 0.254781 -0.045881 -0.054136 -0.054746 -0.054136 -0.045881 0.000000 
5.000000e-01 5.000000e-01 9.628911e-01 5.000000e-01 5.000000e-01 1.368276e+00 -0.266061 -0.035423 0.043183 0.250540 0.043183 -0.035423 0.266061 -0.047894 -0.056539 -0.057196 -0.056539 -0.047894 0.000000 
5.000000e-01 5.000000e-01 9.523116e-01 5.000000e-01 5.000000e-01 1.374897e+00 -0.277355 -0.037108 0.042931 0.265708 0.042931 -0.037108 0.277355 -0.049905 -0.058945 -0.059653 -0.058945 -0.049905 0.000000 
5.000000e-01 5.000000e-01 9.416804e-01 5.000000e-01 5.000000e-01 1.381482e+00 -0.288660 -0.038800 0.042449 0.281362 0.042449 -0.038800 0.288660 -0.051916 -0.061356 -0.062117 -0.061356 -0.051916 0.000000 
5.000000e-01 5.000000e-01 9.309978e-01 5.000000e-01 5.000000e-01 1.388033e+00 -0.299978 -0.040533 0.041567 0.297910 0.041567 -0.040533 0.299978 -0.053925 -0.063770 -0.064588 -0.063770 -0.053925 0.000000 
5.000000e-01 5.000000e-01 9.202642e-01 5.000000e-01 5.000000e-01 1.394548e+00 -0.311308 -0.042297 0.040276 0.315349 0.040276 -0.042297 0.311308 -0.055933 -0.066187 -0.067067 -0.066187 -0.055933 0.000000 
5.000000e-01 5.000000e-01 9.094803e-01 5.000000e-01 5.000000e-01 1.401028e+00 -0.322649 -0.044064 0.038711 0.333356 0.038711 -0.044064 0.322649 -0.057939 -0.068609 -0.069554 -0.068609 -0.057939 0.000000 
5.000000e-01 5.000000e-01 8.986463e-01 5.000000e-01 5.000000e-01 1.407472e+00 -0.334002 -0.045877 0.036589 0.352580 0.036589 -0.045877 0.334003 -0.059942 -0.071034 -0.072050 -0.071034 -0.059942 0.000000 
5.000000e-01 5.000000e-01 8.877628e-01 5.000000e-01 5.000000e-01 1.413879e+00 -0.345367 -0.047709 0.034022 0.372741 0.034022 -0.047709 0.345367 -0.061943 -0.073463 -0.074555 -0.073463 -0.061943 0.000000 
5.000000e-01 5.000000e-01 8.768302e-01 5.000000e-01 5.000000e-01 1.420250e+00 -0.356742 -0.049542 0.031145 0.393536 0.031145 -0.049542 0.356742 -0.063940 -0.075896 -0.077070 -0.075896 -0.063940 0.000000 
5.000000e-01 5.000000e-01 8.658488e-01 5.000000e-01 5.000000e-01 1.426584e+00 -0.368130 -0.051428 0.027475 0.416036 0.027475 -0.051428 0.368130 -0.065934 -0.078333 -0.079594 -0.078333 -0.065934 0.000000 
5.000000e-01 5.000000e-01 8.548193e-01 5.000000e-01 5.000000e-01 1.432881e+00 -0.379528 -0.053315 0.023408 0.439343 0.023408 -0.053315 0.379528 -0.067924 -0.080775 -0.082130 -0.080775 -0.067924 0.000000 
5.000000e-01 5.000000e-01 8.437419e-01 5.000000e-01 5.000000e-01 1.439140e+00 -0.390937 -0.055212 0.018869 0.463622 0.018869 -0.055212 0.390938 -0.069910 -0.083221 -0.084676 -0.083221 -0.069910 0.000000 
5.000000e-01 5.000000e-01 8.326171e-01 5.000000e-01 5.000000e-01 1.445362e+00 -0.402360 -0.057144 0.013499 0.489651 0.013499 -0.057144 0.402361 -0.071891 -0.085672 -0.087235 -0.085672 -0.071891 0.000000 
5.000000e-01 5.000000e-01 8.214454e-01 5.000000e-01 5.000000e-01 1.451546e+00 -0.413793 -0.059068 0.007766 0.516396 0.007766 -0.059068 0.413793 -0.073866 -0.088127 -0.089807 -0.088127 -0.073866 0.000000 
5.000000e-01 5.000000e-01 8.102270e-01 5.000000e-01 5.000000e-01 1.457693e+00 -0.425239 -0.061013 0.001285 0.544697 0.001285 -0.061013 0.425239 -0.075835 -0.090588 -0.092393 -0.090588 -0.075835 0.000000 
5.000000e-01 5.000000e-01 7.989626e-01 5.000000e-01 5.000000e-01 1.463801e+00 -0.436698 -0.062964 -0.005823 0.574272 -0.005823 -0.062964 0.436698 -0.077798 -0.093054 -0.094995 -0.093054 -0.077798 0.000000 
5.000000e-01 5.000000e-01 7.876523e-01 5.000000e-01 5.000000e-01 1.469871e+00 -0.448165 -0.064904 -0.013282 0.604537 -0.013282 -0.064904 0.448166 -0.079752 -0.095525 -0.097612 -0.095525 -0.079752 0.000000 
5.000000e-01 5.000000e-01 7.762968e-01 5.000000e-01 5.000000e-01 1.475902e+00 -0.459650 -0.066870 -0.021721 0.636833 -0.021721 -0.066870 0.459650 -0.081699 -0.098002 -0.100248 -0.098002 -0.081699 0.000000 
5.000000e-01 5.000000e-01 7.648963e-01 5.000000e-01 5.000000e-01 1.481895e+00 -0.471142 -0.068817 -0.030428 0.669631 -0.030428 -0.068817 0.471142 -0.083636 -0.100485 -0.102901 -0.100485 -0.083636 0.000000 
5.000000e-01 5.000000e-01 7.534513e-01 5.000000e-01 5.000000e-01 1.487848e+00 -0.482645 -0.070763 -0.039732 0.703637 -0.039732 -0.070763 0.482646 -0.085563 -0.102973 -0.105573 -0.102973 -0.085563 0.000000 
5.000000e-01 5.000000e-01 7.419621e-01 5.000000e-01 5.000000e-01 1.493761e+00 -0.494159 -0.072701 -0.049488 0.738536 -0.049488 -0.072701 0.494159 -0.087478 -0.105468 -0.108266 -0.105468 -0.087478 0.000000 
5.000000e-01 5.000000e-01 7.304291e-01 5.000000e-01 5.000000e-01 1.499632e+00 -0.505677 -0.074616 -0.059461 0.773832 -0.059461 -0.074616 0.505678 -0.089381 -0.107968 -0.110980 -0.107968 -0.089381 0.000000 
5.000000e-01 5.000000e-01 7.188528e-01 5.000000e-01 5.000000e-01 1.505462e+00 -0.517205 -0.076522 -0.069912 0.810073 -0.069912 -0.076522 0.517205 -0.091269 -0.110474 -0.113719 -0.110474 -0.091269 0.000000 
5.000000e-01 5.000000e-01 7.072335e-01 5.000000e-01 5.000000e-01 1.511257e+00 -0.528739 -0.078400 -0.080395 0.846330 -0.080395 -0.078400 0.528739 -0.093141 -0.112987 -0.116484 -0.112987 -0.093141 0.000000 
5.000000e-01 5.000000e-01 6.955715e-01 5.000000e-01 5.000000e-01 1.515010e+00 -0.538927 -0.079165 -0.086758 0.870773 -0.086758 -0.079165 0.538927 -0.094750 -0.115219 -0.118989 -0.115219 -0.094750 0.000000 
5.000000e-01 5.000000e-01 6.838674e-01 5.000000e-01 5.000000e-01 1.515010e+00 -0.546610 -0.077875 -0.085096 0.872552 -0.085096 -0.077875 0.546610 -0.095884 -0.116926 -0.120989 -0.116926 -0.095884 0.000000 
5.000000e-01 5.000000e-01 6.721213e-01 5.000000e-01 5.000000e-01 1.515010e+00 -0.554320 -0.076572 -0.083431 0.874327 -0.083431 -0.076572 0.554321 -0.097002 -0.118645 -0.123026 -0.118645 -0.097002 0.000000 
5.000000e-01 5.000000e-01 6.603337e-01 5.000000e-01 5.000000e-01 1.515010e+00 -0.562058 -0.075258 -0.081762 0.876098 -0.081762 -0.075258 0.562058 -0.098103 -0.120376 -0.125101 -0.120376 -0.098103 0.000000 
5.000000e-01 5.000000e-01 6.485050e-01 5.000000e-01 5.000000e-01 1.515010e+00 -0.569823 -0.073931 -0.080090 0.877865 -0.080090 -0.073931 0.569823 -0.099181 -0.122120 -0.127221 -0.122120 -0.099181 0.000000 
5.000000e-01 5.000000e-01 6.366355e-01 5.000000e-01 5.000000e-01 1.515010e+00 -0.577615 -0.072593 -0.078414 0.879629 -0.078414 -0.072593 0.577615 -0.100238 -0.123877 -0.129386 -0.123877 -0.100238 0.000000 
5.000000e-01 5.000000e-01 6.247255e-01 5.000000e-01 5.000000e-01 1.515010e+00 -0.585433 -0.071245 -0.076734 0.881391 -0.076734 -0.071245 0.585433 -0.101270 -0.125646 -0.131599 -0.125646 -0.101270 0.000000 
5.000000e-01 5.000000e-01 6.127754e-01 5.000000e-01 5.000000e-01 1.515010e+00 -0.593277 -0.069887 -0.075050 0.883152 -0.075050 -0.069887 0.593277 -0.102277 -0.127430 -0.133864 -0.127430 -0.102277 0.000000 
5.000000e-01 5.000000e-01 6.007857e-01 5.000000e-01 5.000000e-01 1.515010e+00 -0.601148 -0.068520 -0.073362 0.884911 -0.073362 -0.068520 0.601148 -0.103254 -0.129227 -0.136184 -0.129227 -0.103254 0.000000 
5.000000e-01 5.000000e-01 5.887565e-01 5.000000e-01 5.000000e-01 1.515010e+00 -0.609044 -0.067143 -0.071670 0.886669 -0.071670 -0.067143 0.609044 -0.104198 -0.131040 -0.138569 -0.131040 -0.104198 0.000000 
5.000000e-01 5.000000e-01 5.766882e-01 5.000000e-01 5.000000e-01 1.515010e+00 -0.616966 -0.065756 -0.069974 0.888426 -0.069974 -0.065756 0.616966 -0.105104 -0.132867 -0.141022 -0.132867 -0.105104 0.000000 
5.000000e-01 5.000000e-01 5.645812e-01 5.000000e-01 5.000000e-01 1.515010e+00 -0.624913 -0.064361 -0.068274 0.890183 -0.068274 -0.064361 0.624913 -0.105973 -0.134710 -0.143545 -0.134710 -0.105973 0.000000 
5.000000e-01 5.000000e-01 5.524358e-01 5.000000e-01 5.000000e-01 1.515010e+00 -0.632885 -0.062958 -0.066569 0.891941 -0.066569 -0.062958 0.632886 -0.106801 -0.136569 -0.146145 -0.136569 -0.106801 0.000000 
5.000000e-01 5.000000e-01 5.402524e-01 5.000000e-01 5.000000e-01 1.515010e+00 -0.640883 -0.061547 -0.064861 0.893699 -0.064861 -0.061547 0.640883 -0.107584 -0.138444 -0.148827 -0.138444 -0.107584 0.000000 
5.000000e-01 5.000000e-01 5.280312e-01 5.000000e-01 5.000000e-01 1.515010e+00 -0.648905 -0.060128 -0.063148 0.895457 -0.063148 -0.060128 0.648905 -0.108311 -0.140336 -0.151610 -0.140336 -0.108311 0.000000 
5.000000e-01 5.000000e-01 5.157727e-01 5.000000e-01 5.000000e-01 1.515010e+00 -0.656951 -0.058701 -0.061431 0.897216 -0.061431 -0.058701 0.656951 -0.108984 -0.142245 -0.154492 -0.142245 -0.108984 0.000000 
5.000000e-01 5.000000e-01 5.034770e-01 5.000000e-01 5.000000e-01 1.515010e+00 -0.665022 -0.057267 -0.059710 0.898977 -0.059710 -0.057267 0.665022 -0.109599 -0.144171 -0.157482 -0.144171 -0.109599 0.000000 
5.000000e-01 5.000000e-01 4.911445e-01 5.000000e-01 5.000000e-01 1.515010e+00 -0.673117 -0.055826 -0.057985 0.900739 -0.057985 -0.055826 0.673117 -0.110151 -0.146114 -0.160588 -0.146114 -0.110151 0.000000 
5.000000e-01 5.000000e-01 4.787756e-01 5.000000e-01 5.000000e-01 1.515010e+00 -0.681236 -0.054378 -0.056255 0.902503 -0.056255 -0.054378 0.681236 -0.110629 -0.148074 -0.163830 -0.148074 -0.110629 0.000000 
5.000000e-01 5.000000e-01 4.663705e-01 5.000000e-01 5.000000e-01 1.515010e+00 -0.689378 -0.052924 -0.054522 0.904269 -0.054522 -0.052924 0.689378 -0.111026 -0.150051 -0.167222 -0.150051 -0.111026 0.000000 
5.000000e-01 5.000000e-01 4.539295e-01 5.000000e-01 5.000000e-01 1.515010e+00 -0.697544 -0.051463 -0.052783 0.906036 -0.052783 -0.051463 0.697544 -0.111343 -0.152045 -0.170767 -0.152045 -0.111343 0.000000 
5.000000e-01 5.000000e-01 4.414530e-01 5.000000e-01 5.000000e-01 1.515010e+00 -0.705733 -0.049996 -0.051041 0.907806 -0.051041 -0.049996 0.705733 -0.111574 -0.154053 -0.174479 -0.154053 -0.111574 0.000000 
5.000000e-01 5.000000e-01 4.289412e-01 5.000000e-01 5.000000e-01 1.515010e+00 -0.713945 -0.048523 -0.049294 0.909579 -0.049294 -0.048523 0.713945 -0.111703 -0.156076 -0.178387 -0.156076 -0.111703 0.000000 
5.000000e-01 5.000000e-01 4.163945e-01 5.000000e-01 5.000000e-01 1.515010e+00 -0.722180 -0.047043 -0.047543 0.911353 -0.047543 -0.047043 0.722180 -0.111721 -0.158111 -0.182516 -0.158111 -0.111721 0.000000 
5.000000e-01 5.000000e-01 4.038131e-01 5.000000e-01 5.000000e-01 1.515010e+00 -0.730437 -0.045559 -0.045788 0.913131 -0.045788 -0.045559 0.730437 -0.111629 -0.160155 -0.186870 -0.160155 -0.111629 0.000000 
5.000000e-01 5.000000e-01 3.911974e-01 5.000000e-01 5.000000e-01 1.515010e+00 -0.738717 -0.044068 -0.044028 0.914911 -0.044028 -0.044068 0.738717 -0.111418 -0.162205 -0.191469 -0.162205 -0.111418 0.000000 
5.000000e-01 5.000000e-01 3.785475e-01 5.000000e-01 5.000000e-01 1.515010e+00 -0.747019 -0.042573 -0.042264 0.916694 -0.042264 -0.042573 0.747020 -0.111069 -0.164258 -0.196366 -0.164258 -0.111069 0.000000 
5.000000e-01 5.000000e-01 3.658638e-01 5.000000e-01 5.000000e-01 1.515010e+00 -0.755344 -0.041072 -0.040496 0.918480 -0.040496 -0.041072 0.755344 -0.110571 -0.166306 -0.201589 -0.166306 -0.110571 0.000000 
5.000000e-01 5.000000e-01 3.531466e-01 5.000000e-01 5.000000e-01 1.515010e+00 -0.763690 -0.039565 -0.038724 0.920269 -0.038724 -0.039565 0.763690 -0.109926 -0.168344 -0.207150 -0.168344 -0.109926 0.000000 
5.000000e-01 5.000000e-01 3.403962e-01 5.000000e-01 5.000000e-01 1.515010e+00 -0.772057 -0.038054 -0.036947 0.922061 -0.036947 -0.038054 0.772057 -0.109123 -0.170363 -0.213084 -0.170363 -0.109123 0.000000 
5.000000e-01 5.000000e-01 3.276127e-01 5.000000e-01 5.000000e-01 1.515010e+00 -0.780447 -0.036538 -0.035167 0.923856 -0.035167 -0.036538 0.780447 -0.108127 -0.172348 -0.219498 -0.172348 -0.108127 0.000000 
5.000000e-01 5.000000e-01 3.147966e-01 5.000000e-01 5.000000e-01 1.515010e+00 -0.788857 -0.035017 -0.033382 0.925654 -0.033382 -0.035017 0.788857 -0.106944 -0.174287 -0.226394 -0.174287 -0.106944 0.000000 
5.000000e-01 5.000000e-01 3.019479e-01 5.000000e-01 5.000000e-01 1.515010e+00 -0.797289 -0.033491 -0.031592 0.927456 -0.031592 -0.033491 0.797289 -0.105570 -0.176167 -0.233816 -0.176167 -0.105570 0.000000 
5.000000e-01 5.000000e-01 2.890671e-01 5.000000e-01 5.000000e-01 1.515010e+00 -0.805741 -0.031961 -0.029799 0.929261 -0.029799 -0.031961 0.805741 -0.103980 -0.177961 -0.241860 -0.177961 -0.103980 0.000000 
5.000000e-01 5.000000e-01 2.761543e-01 5.000000e-01 5.000000e-01 1.515010e+00 -0.814215 -0.030426 -0.028001 0.931070 -0.028001 -0.030426 0.814215 -0.102147 -0.179634 -0.250654 -0.179634 -0.102147 0.000000 
5.000000e-01 5.000000e-01 2.632098e-01 5.000000e-01 5.000000e-01 1.515010e+00 -0.822709 -0.028887 -0.026200 0.932882 -0.026200 -0.028887 0.822709 -0.100084 -0.181167 -0.260206 -0.181167 -0.100084 0.000000 
5.000000e-01 5.000000e-01 2.502338e-01 5.000000e-01 5.000000e-01 1.515010e+00 -0.831224 -0.027343 -0.024394 0.934697 -0.024394 -0.027343 0.831224 -0.097781 -0.182525 -0.270611 -0.182525 -0.097781 0.000000 
5.000000e-01 5.000000e-01 2.372266e-01 5.000000e-01 5.000000e-01 1.515010e+00 -0.839759 -0.025795 -0.022584 0.936516 -0.022584 -0.025795 0.839759 -0.095182 -0.183618 -0.282158 -0.183618 -0.095182 0.000000 
5.000000e-01 5.000000e-01 2.241883e-01 5.000000e-01 5.000000e-01 1.515010e+00 -0.848314 -0.024243 -0.020770 0.938339 -0.020770 -0.024243 0.848314 -0.092315 -0.184418 -0.294848 -0.184418 -0.092315 0.000000 
5.000000e-01 5.000000e-01 2.111190e-01 5.000000e-01 5.000000e-01 1.515010e+00 -0.856891 -0.022686 -0.018951 0.940165 -0.018951 -0.022686 0.856891 -0.089172 -0.184864 -0.308817 -0.184864 -0.089172 0.000000 
5.000000e-01 5.000000e-01 1.980191e-01 5.000000e-01 5.000000e-01 1.515010e+00 -0.865487 -0.021125 -0.017128 0.941995 -0.017128 -0.021125 0.865487 -0.085711 -0.184812 -0.324440 -0.184812 -0.085711 0.000000 
5.000000e-01 5.000000e-01 1.848884e-01 5.000000e-01 5.000000e-01 1.515010e+00 -0.874105 -0.019560 -0.015301 0.943829 -0.015301 -0.019560 0.874105 -0.081938 -0.184167 -0.341895 -0.184167 -0.081938 0.000000 
5.000000e-01 5.000000e-01 1.717270e-01 5.000000e-01 5.000000e-01 1.515010e+00 -0.882744 -0.017991 -0.013470 0.945667 -0.013470 -0.017991 0.882745 -0.077865 -0.182841 -0.361332 -0.182841 -0.077865 0.000000 
5.000000e-01 5.000000e-01 1.585349e-01 5.000000e-01 5.000000e-01 1.515010e+00 -0.891406 -0.016418 -0.011634 0.947510 -0.011634 -0.016418 0.891406 -0.073463 -0.180604 -0.383271 -0.180604 -0.073463 0.000000 
5.000000e-01 5.000000e-01 1.453117e-01 5.000000e-01 5.000000e-01 1.515010e+00 -0.900091 -0.014839 -0.009793 0.949357 -0.009793 -0.014839 0.900091 -0.068725 -0.177230 -0.408181 -0.177230 -0.068725 0.000000 
5.000000e-01 5.000000e-01 1.320570e-01 5.000000e-01 5.000000e-01 1.515010e+00 -0.908802 -0.013256 -0.007947 0.951209 -0.007947 -0.013256 0.908802 -0.063681 -0.172604 -0.436231 -0.172604 -0.063681 0.000000 
5.000000e-01 5.000000e-01 1.187702e-01 5.000000e-01 5.000000e-01 1.515010e+00 -0.917540 -0.011668 -0.006095 0.953066 -0.006095 -0.011668 0.917540 -0.058315 -0.166361 -0.468188 -0.166361 -0.058315 0.000000 
5.000000e-01 5.000000e-01 1.054500e-01 5.000000e-01 5.000000e-01 1.515010e+00 -0.926311 -0.010073 -0.004236 0.954930 -0.004236 -0.010073 0.926311 -0.052620 -0.158081 -0.504908 -0.158081 -0.052620 0.000000 
5.000000e-01 5.000000e-01 9.209505e-02 5.000000e-01 5.000000e-01 1.515010e+00 -0.935118 -0.008472 -0.002370 0.956802 -0.002370 -0.008472 0.935118 -0.046640 -0.147658 -0.546522 -0.147658 -0.046640 0.000000 
5.000000e-01 5.000000e-01 7.870329e-02 5.000000e-01 5.000000e-01 1.515010e+00 -0.943970 -0.006862 -0.000494 0.958683 -0.000494 -0.006862 0.943970 -0.040368 -0.134574 -0.594085 -0.134574 -0.040368 0.000000 
5.000000e-01 5.000000e-01 6.527253e-02 5.000000e-01 5.000000e-01 1.515010e+00 -0.952875 -0.005243 0.001393 0.960574 0.001393 -0.005243 0.952875 -0.033810 -0.118352 -0.648550 -0.118352 -0.033810 0.000000 
5.000000e-01 5.000000e-01 5.180038e-02 5.000000e-01 5.000000e-01 1.515010e+00 -0.961837 -0.003613 0.003292 0.962479 0.003292 -0.003613 0.961837 -0.027017 -0.099110 -0.709585 -0.099110 -0.027017 0.000000 
5.000000e-01 5.000000e-01 3.828532e-02 5.000000e-01 5.000000e-01 1.515010e+00 -0.970868 -0.001970 0.005206 0.964397 0.005206 -0.001970 0.970868 -0.019995 -0.076514 -0.777850 -0.076514 -0.019995 0.000000 
5.000000e-01 5.000000e-01 2.472757e-02 5.000000e-01 5.000000e-01 1.515010e+00 -0.979967 -0.000315 0.007134 0.966330 0.007134 -0.000315 0.979967 -0.012783 -0.050843 -0.852716 -0.050843 -0.012783 0.000000 
5.000000e-01 5.000000e-01 1.113037e-02 5.000000e-01 5.000000e-01 1.515010e+00 -0.989123 0.001350 0.009074 0.968274 0.009074 0.001350 0.989123 -0.005443 -0.023015 -0.932208 -0.023015 -0.005443 0.000000 
5.000000e-01 5.000000e-01 4.999636e-03 5.000000e-01 5.000000e-01 1.515010e+00 -0.993259 0.002102 0.009951 0.969153 0.009951 0.002102 0.993259 -0.002109 -0.009973 -0.969096 -0.009973 -0.002109 0.000000 
5.000000e-01 5.000000e-01 4.999636e-03 5.000000e-01 5.000000e-01 1.515010e+00 -0.993259 0.002102 0.009951 0.969153 0.009951 0.002102 0.993259 -0.002109 -0.009973 -0.969096 -0.009973 -0.002109 0.000000 
5.000000e-01 5.000000e-01 4.999636e-03 5.000000e-01 5.000000e-01 1.515010e+00 -0.993259 0.002102 0.009951 0.969153 0.009951 0.002102 0.993259 -0.002109 -0.009973 -0.969096 -0.009973 -0.002109 0.000000 
5.000000e-01 5.000000e-01 4.999636e-03 5.000000e-01 5.000000e-01 1.515010e+00 -0.993259 0.002102 0.009951 0.969153 0.009951 0.002102 0.993259 -0.002109 -0.009973 -0.969096 -0.009973 -0.002109 0.000000 
5.000000e-01 5.000000e-01 4.999636e-03 5.000000e-01 5.000000e-01 1.515010e+00 -0.993259 0.002102 0.009951 0.969153 0.009951 0.002102 0.993259 -0.002109 -0.009973 -0.969096 -0.009973 -0.002109 0.000000 
5.000000e-01 5.000000e-01 4.999636e-03 5.000000e-01 5.000000e-01 1.515010e+00 -0.993259 0.002102 0.009951 0.969153 0.009951 0.002102 0.993259 -0.002109 -0.009973 -0.969096 -0.009973 -0.002109 0.000000 
5.000000e-01 5.000000e-01 4.999636e-03 5.000000e-01 5.000000e-01 1.515010e+00 -0.993259 0.002102 0.009951 0.969153 0.009951 0.002102 0.993259 -0.002109 -0.009973 -0.969096 -0.009973 -0.002109 0.000000 
5.000000e-01 5.000000e-01 4.999636e-03 5.000000e-01 5.000000e-01 1.515010e+00 -0.993259 0.002102 0.009951 0.969153 0.009951 0.002102 0.993259 -0.002109 -0.009973 -0.969096 -0.009973 -0.002109 0.000000 
5.000000e-01 5.000000e-01 4.999636e-03 5.000000e-01 5.000000e-01 1.515010e+00 -0.993259 0.002102 0.009951 0.969153 0.009951 0.002102 0.993259 -0.002109 -0.009973 -0.969096 -0.009973 -0.002109 0.000000 
5.000000e-01 5.000000e-01 4.999636e-03 5.000000e-01 5.000000e-01 1.515010e+00 -0.993259 0.002102 0.009951 0.969153 0.009951 0.002102 0.993259 -0.002109 -0.009973 -0.969096 -0.009973 -0.002109 0.000000 
5.000000e-01 5.000000e-01 4.999636e-03 5.000000e-01 5.000000e-01 1.515010e+00 -0.993259 0.002102 0.009951 0.969153 0.009951 0.002102 0.993259 -0.002109 -0.009973 -0.969096 -0.009973 -0.002109 0.000000 
5.000000e-01 5.000000e-01 4.999636e-03 5.000000e-01 5.000000e-01 1.515010e+00 -0.993259 0.002102 0.009951 0.969153 0.009951 0.002102 0.993259 -0.002109 -0.009973 -0.969096 -0.009973 -0.002109 0.000000 
5.000000e-01 5.000000e-01 4.999636e-03 5.000000e-01 5.000000e-01 1.515010e+00 -0.993259 0.002102 0.009951 0.969153 0.009951 0.002102 0.993259 -0.002109 -0.009973 -0.969096 -0.009973 -0.002109 0.000000 
5.000000e-01 5.000000e-01 4.999636e-03 5.000000e-01 5.000000e-01 1.515010e+00 -0.993259 0.002102 0.009951 0.969153 0.009951 0.002102 0.993259 -0.002109 -0.009973 -0.969096 -0.009973 -0.002109 0.000000 
5.000000e-01 5.000000e-01 4.999636e-03 5.000000e-01 5.000000e-01 1.515010e+00 -0.993259 0.002102 0.009951 0.969153 0.009951 0.002102 0.993259 -0.002109 -0.009973 -0.969096 -0.009973 -0.002109 0.000000 
5.000000e-01 5.000000e-01 4.999636e-03 5.000000e-01 5.000000e-01 1.515010e+00 -0.993259 0.002102 0.009951 0.969153 0.009951 0.002102 0.993259 -0.002109 -0.009973 -0.969096 -0.009973 -0.002109 0.000000 
5.000000e-01 5.000000e-01 4.999636e-03 5.000000e-01 5.000000e-01 1.515010e+00 -0.993259 0.002102 0.009951 0.969153 0.009951 0.002102 0.993259 -0.002109 -0.009973 -0.969096 -0.009973 -0.002109 0.000000 
5.000000e-01 5.000000e-01 4.999636e-03 5.000000e-01 5.000000e-01 1.515010e+00 -0.993259 0.002102 0.009951 0.969153 0.009951 0.002102 0.993259 -0.002109 -0.009973 -0.969096 -0.009973 -0.002109 0.000000 
5.000000e-01 5.000000e-01 4.999636e-03 5.000000e-01 5.000000e-01 1.515010e+00 -0.993259 0.002102 0.009951 0.969153 0.009951 0.002102 0.993259 -0.002109 -0.009973 -0.969096 -0.009973 -0.002109 0.000000 
5.000000e-01 5.000000e-01 4.999636e-03 5.000000e-01 5.000000e-01 1.515010e+00 -0.993259 0.002102 0.009951 0.969153 0.009951 0.002102 0.993259 -0.002109 -0.009973 -0.969096 -0.009973 -0.002109 0.000000 
5.000000e-01 5.000000e-01 4.999636e-03 5.000000e-01 5.000000e-01 1.515010e+00 -0.993259 0.002102 0.009951 0.969153 0.009951 0.002102 0.993259 -0.002109 -0.009973 -0.969096 -0.009973 -0.002109 0.000000 
5.000000e-01 5.000000e-01 4.999636e-03 5.000000e-01 5.000000e-01 1.515010e+00 -0.993259 0.002102 0.009951 0.969153 0.009951 0.002102 0.993259 -0.002109 -0.009973 -0.969096 -0.009973 -0.002109 0.000000 
5.000000e-01 5.000000e-01 4.999636e-03 5.000000e-01 5.000000e-01 1.515010e+00 -0.993259 0.002102 0.009951 0.969153 0.009951 0.002102 0.993259 -0.002109 -0.009973 -0.969096 -0.009973 -0.002109 0.000000 
5.000000e-01 5.000000e-01 4.999636e-03 5.000000e-01 5.000000e-01 1.515010e+00 -0.993259 0.002102 0.009951 0.969153 0.009951 0.002102 0.993259 -0.002109 -0.009973 -0.969096 -0.009973 -0.002109 0.000000 
5.000000e-01 5.000000e-01 4.999636e-03 5.000000e-01 5.000000e-01 1.515010e+00 -0.993259 0.002102 0.009951 0.969153 0.009951 0.002102 0.993259 -0.002109 -0.009973 -0.969096 -0.009973 -0.002109 0.000000 
5.000000e-01 5.000000e-01 4.999636e-03 5.000000e-01 5.000000e-01 1.515010e+00 -0.993259 0.002102 0.009951 0.969153 0.009951 0.002102 0.993259 -0.002109 -0.009973 -0.969096 -0.009973 -0.002109 0.000000 
5.000000e-01 5.000000e-01 4.999636e-03 5.000000e-01 5.000000e-01 1.515010e+00 -0.993259 0.002102 0.009951 0.969153 0.009951 0.002102 0.993259 -0.002109 -0.009973 -0.969096 -0.009973 -0.002109 0.000000 
5.000000e-01 5.000000e-01 4.999636e-03 5.000000e-01 5.000000e-01 1.515010e+00 -0.993259 0.002102 0.009951 0.969153 0.009951 0.002102 0.993259 -0.002109 -0.009973 -0.969096 -0.009973 -0.002109 0.000000 
5.000000e-01 5.000000e-01 4.999636e-03 5.000000e-01 5.000000e-01 1.515010e+00 -0.993259 0.002102 0.009951 0.969153 0.009951 0.002102 0.993259 -0.002109 -0.009973 -0.969096 -0.009973 -0.002109 0.000000 
5.000000e-01 5.000000e-01 4.999636e-03 5.000000e-01 5.000000e-01 1.515010e+00 -0.993259 0.002102 0.009951 0.969153 0.009951 0.002102 0.993259 -0.002109 -0.009973 -0.969096 -0.009973 -0.002109 0.000000 
5.000000e-01 5.000000e-01 4.999636e-03 5.000000e-01 5.000000e-01 1.515010e+00 -0.993259 0.002102 0.009951 0.969153 0.009951 0.002102 0.993259 -0.002109 -0.009973 -0.969096 -0.009973 -0.002109 0.000000 
5.000000e-01 5.000000e-01 4.999636e-03 5.000000e-01 5.000000e-01 1.515010e+00 -0.993259 0.002102 0.009951 0.969153 0.009951 0.002102 0.993259 -0.002109 -0.009973 -0.969096 -0.009973 -0.002109 0.000000 
5.000000e-01 5.000000e-01 4.999636e-03 5.000000e-01 5.000000e-01 1.515010e+00 -0.993259 0.002102 0.009951 0.969153 0.009951 0.002102 0.993259 -0.002109 -0.009973 -0.969096 -0.009973 -0.002109 0.000000 
5.000000e-01 5.000000e-01 4.999636e-03 5.000000e-01 5.000000e-01 1.515010e+00 -0.993259 0.002102 0.009951 0.969153 0.009951 0.002102 0.993259 -0.002109 -0.009973 -0.969096 -0.009973 -0.002109 0.000000 
5.000000e-01 5.000000e-01 4.999636e-03 5.000000e-01 5.000000e-01 1.515010e+00 -0.993259 0.002102 0.009951 0.969153 0.009951 0.002102 0.993259 -0.002109 -0.009973 -0.969096 -0.009973 -0.002109 0.000000 
5.000000e-01 5.000000e-01 4.999636e-03 5.000000e-01 5.000000e-01 1.515010e+00 -0.993259 0.002102 0.009951 0.969153 0.009951 0.002102 0.993259 -0.002109 -0.009973 -0.969096 -0.009973 -0.002109 0.000000 
5.000000e-01 5.000000e-01 4.999636e-03 5.000000e-01 5.000000e-01 1.515010e+00 -0.993259 0.002102 0.009951 0.969153 0.009951 0.002102 0.993259 -0.002109 -0.009973 -0.969096 -0.009973 -0.002109 0.000000 
5.000000e-01 5.000000e-01 4.999636e-03 5.000000e-01 5.000000e-01 1.515010e+00 -0.993259 0.002102 0.009951 0.969153 0.009951 0.002102 0.993259 -0.002109 -0.009973 -0.969096 -0.009973 -0.002109 0.000000 
5.000000e-01 5.000000e-01 4.999636e-03 5.000000e-01 5.000000e-01 1.515010e+00 -0.993259 0.002102 0.009951 0.969153 0.009951 0.002102 0.993259 -0.002109 -0.009973 -0.969096 -0.009973 -0.002109 0.000000 
5.000000e-01 5.000000e-01 4.999636e-03 5.000000e-01 5.000000e-01 1.515010e+00 -0.993259 0.002102 0.009951 0.969153 0.009951 0.002102 0.993259 -0.002109 -0.009973 -0.969096 -0.009973 -0.002109 0.000000 
5.000000e-01 5.000000e-01 4.999636e-03 5.000000e-01 5.000000e-01 1.515010e+00 -0.993259 0.002102 0.009951 0.969153 0.009951 0.002102 0.993259 -0.002109 -0.009973 -0.969096 -0.009973 -0.002109 0.000000 
5.000000e-01 5.000000e-01 4.999636e-03 5.000000e-01 5.000000e-01 1.515010e+00 -0.993259 0.002102 0.009951 0.969153 0.009951 0.002102 0.993259 -0.002109 -0.009973 -0.969096 -0.009973 -0.002109 0.000000 
5.000000e-01 5.000000e-01 4.999636e-03 5.000000e-01 5.000000e-01 1.515010e+00 -0.993259 0.002102 0.009951 0.969153 0.009951 0.002102 0.993259 -0.002109 -0.009973 -0.969096 -0.009973 -0.002109 0.000000 
5.000000e-01 5.000000e-01 4.999636e-03 5.000000e-01 5.000000e-01 1.515010e+00 -0.993259 0.002102 0.009951 0.969153 0.009951 0.002102 0.993259 -0.002109 -0.009973 -0.969096 -0.009973 -0.002109 0.000000 
5.000000e-01 5.000000e-01 4.999636e-03 5.000000e-01 5.000000e-01 1.515010e+00 -0.993259 0.002102 0.009951 0.969153 0.009951 0.002102 0.993259 -0.002109 -0.009973 -0.969096 -0.009973 -0.002109 0.000000 
5.000000e-01 5.000000e-01 4.999636e-03 5.000000e-01 5.000000e-01 1.515010e+00 -0.993259 0.002102 0.009951 0.969153 0.009951 0.002102 0.993259 -0.002109 -0.009973 -0.969096 -0.009973 -0.002109 0.000000 
5.000000e-01 5.000000e-01 4.999636e-03 5.000000e-01 5.000000e-01 1.515010e+00 -0.993259 0.002102 0.009951 0.969153 0.009951 0.002102 0.993259 -0.002109 -0.009973 -0.969096 -0.009973 -0.002109 0.000000 
5.000000e-01 5.000000e-01 4.999636e-03 5.000000e-01 5.000000e-01 1.515010e+00 -0.993259 0.002102 0.009951 0.969153 0.009951 0.002102 0.993259 -0.002109 -0.009973 -0.969096 -0.009973 -0.002109 0.000000 
5.000000e-01 5.000000e-01 4.999636e-03 5.000000e-01 5.000000e-01 1.515010e+00 -0.993259 0.002102 0.009951 0.969153 0.009951 0.002102 0.993259 -0.002109 -0.009973 -0.969096 -0.009973 -0.002109 0.000000 
5.000000e-01 5.000000e-01 4.999636e-03 5.000000e-01 5.000000e-01 1.515010e+00 -0.993259 0.002102 0.009951 0.969153 0.009951 0.002102 0.993259 -0.002109 -0.009973 -0.969096 -0.009973 -0.002109 0.000000 
5.000000e-01 5.000000e-01 4.999636e-03 5.000000e-01 5.000000e-01 1.515010e+00 -0.993259 0.002102 0.009951 0.969153 0.009951 0.002102 0.993259 -0.002109 -0.009973 -0.969096 -0.009973 -0.002109 0.000000 
5.000000e-01 5.000000e-01 4.999636e-03 5.000000e-01 5.000000e-01 1.515010e+00 -0.993259 0.002102 0.009951 0.969153 0.009951 0.002102 0.993259 -0.002109 -0.009973 -0.969096 -0.009973 -0.002109 0.000000 
5.000000e-01 5.000000e-01 4.999636e-03 5.000000e-01 5.000000e-01 1.515010e+00 -0.993259 0.002102 0.009951 0.969153 0.009951 0.002102 0.993259 -0.002109 -0.009973 -0.969096 -0.009973 -0.002109 0.000000 
5.000000e-01 5.000000e-01 4.999636e-03 5.000000e-01 5.000000e-01 1.515010e+00 -0.993259 0.002102 0.009951 0.969153 0.009951 0.002102 0.993259 -0.002109 -0.009973 -0.969096 -0.009973 -0.002109 0.000000 
5.000000e-01 5.000000e-01 4.999636e-03 5.000000e-01 5.000000e-01 1.515010e+00 -0.993259 0.002102 0.009951 0.969153 0.009951 0.002102 0.993259 -0.002109 -0.009973 -0.969096 -0.009973 -0.002109 0.000000 
5.000000e-01 5.000000e-01 4.999636e-03 5.000000e-01 5.000000e-01 1.515010e+00 -0.993259 0.002102 0.009951 0.969153 0.009951 0.002102 0.993259 -0.002109 -0.009973 -0.969096 -0.009973 -0.002109 0.000000 
5.000000e-01 5.000000e-01 4.999636e-03 5.000000e-01 5.000000e-01 1.515010e+00 -0.993259 0.002102 0.009951 0.969153 0.009951 0.002102 0.993259 -0.002109 -0.009973 -0.969096 -0.009973 -0.002109 0.000000 
5.000000e-01 5.000000e-01 4.999636e-03 5.000000e-01 5.000000e-01 1.515010e+00 -0.993259 0.002102 0.009951 0.969153 0.009951 0.002102 0.993259 -0.002109 -0.009973 -0.969096 -0.009973 -0.002109 0.000000 
5.000000e-01 5.000000e-01 4.999636e-03 5.000000e-01 5.000000e-01 1.515010e+00 -0.993259 0.002102 0.009951 0.969153 0.009951 0.002102 0.993259 -0.002109 -0.009973 -0.969096 -0.009973 -0.002109 0.000000 
5.000000e-01 5.000000e-01 4.999636e-03 5.000000e-01 5.000000e-01 1.515010e+00 -0.993259 0.002102 0.009951 0.969153 0.009951 0.002102 0.993259 -0.002109 -0.009973 -0.969096 -0.009973 -0.002109 0.000000 
5.000000e-01 5.000000e-01 4.999636e-03 5.000000e-01 5.000000e-01 1.515010e+00 -0.993259 0.002102 0.009951 0.969153 0.009951 0.002102 0.993259 -0.002109 -0.009973 -0.969096 -0.009973 -0.002109 0.000000 
5.000000e-01 5.000000e-01 4.999636e-03 5.000000e-01 5.000000e-01 1.515010e+00 -0.993259 0.002102 0.009951 0.969153 0.009951 0.002102 0.993259 -0.002109 -0.009973 -0.969096 -0.009973 -0.002109 0.000000 
5.000000e-01 5.000000e-01 4.999636e-03 5.000000e-01 5.000000e-01 1.515010e+00 -0.993259 0.002102 0.009951 0.969153 0.009951 0.002102 0.993259 -0.002109 -0.009973 -0.969096 -0.009973 -0.002109 0.000000 
5.000000e-01 5.000000e-01 4.999636e-03 5.000000e-01 5.000000e-01 1.515010e+00 -0.993259 0.002102 0.009951 0.969153 0.009951 0.002102 0.993259 -0.002109 -0.009973 -0.969096 -0.009973 -0.002109 0.000000 
5.000000e-01 5.000000e-01 4.999636e-03 5.000000e-01 5.000000e-01 1.515010e+00 -0.993259 0.002102 0.009951 0.969153 0.009951 0.002102 0.993259 -0.002109 -0.009973 -0.969096 -0.009973 -0.002109 0.000000 
5.000000e-01 5.000000e-01 4.999636e-03 5.000000e-01 5.000000e-01 1.515010e+00 -0.993259 0.002102 0.009951 0.969153 0.009951 0.002102 0.993259 -0.002109 -0.009973 -0.969096 -0.009973 -0.002109 0.000000 
5.000000e-01 5.000000e-01 4.999636e-03 5.000000e-01 5.000000e-01 1.515010e+00 -0.993259 0.002102 0.009951 0.969153 0.009951 0.002102 0.993259 -0.002109 -0.009973 -0.969096 -0.009973 -0.002109 0.000000 
5.000000e-01 5.000000e-01 4.999636e-03 5.000000e-01 5.000000e-01 1.515010e+00 -0.993259 0.002102 0.009951 0.969153 0.009951 0.002102 0.993259 -0.002109 -0.009973 -0.969096 -0.009973 -0.002109 0.000000 
5.000000e-01 5.000000e-01 4.999636e-03 5.000000e-01 5.000000e-01 1.515010e+00 -0.993259 0.002102 0.009951 0.969153 0.009951 0.002102 0.993259 -0.002109 -0.009973 -0.969096 -0.009973 -0.002109 0.000000 
5.000000e-01 5.000000e-01 4.999636e-03 5.000000e-01 5.000000e-01 1.515010e+00 -0.993259 0.002102 0.009951 0.969153 0.009951 0.002102 0.993259 -0.002109 -0.009973 -0.969096 -0.009973 -0.002109 0.000000 
5.000000e-01 5.000000e-01 4.999636e-03 5.000000e-01 5.000000e-01 1.515010e+00 -0.993259 0.002102 0.009951 0.969153 0.009951 0.002102 0.993259 -0.002109 -0.009973 -0.969096 -0.009973 -0.002109 0.000000 
5.000000e-01 5.000000e-01 4.999636e-03 5.000000e-01 5.000000e-01 1.515010e+00 -0.993259 0.002102 0.009951 0.969153 0.009951 0.002102 0.993259 -0.002109 -0.009973 -0.969096 -0.009973 -0.002109 0.000000 
5.000000e-01 5.000000e-01 4.999636e-03 5.000000e-01 5.000000e-01 1.515010e+00 -0.993259 0.002102 0.009951 0.969153 0.009951 0.002102 0.993259 -0.002109 -0.009973 -0.969096 -0.009973 -0.002109 0.000000 
5.000000e-01 5.000000e-01 4.999636e-03 5.000000e-01 5.000000e-01 1.515010e+00 -0.993259 0.002102 0.009951 0.969153 0.009951 0.002102 0.993259 -0.002109 -0.009973 -0.969096 -0.009973 -0.002109 0.000000 
5.000000e-01 5.000000e-01 4.999636e-03 5.000000e-01 5.000000e-01 1.515010e+00 -0.993259 0.002102 0.009951 0.969153 0.009951 0.002102 0.993259 -0.002109 -0.009973 -0.969096 -0.009973 -0.002109 0.000000 
5.000000e-01 5.000000e-01 4.999636e-03 5.000000e-01 5.000000e-01 1.515010e+00 -0.993259 0.002102 0.009951 0.969153 0.009951 0.002102 0.993259 -0.002109 -0.009973 -0.969096 -0.009973 -0.002109 0.000000 
5.000000e-01 5.000000e-01 4.999636e-03 5.000000e-01 5.000000e-01 1.515010e+00 -0.993259 0.002102 0.009951 0.969153 0.009951 0.002102 0.993259 -0.002109 -0.009973 -0.969096 -0.009973 -0.002109 0.000000 
5.000000e-01 5.000000e-01 4.999636e-03 5.000000e-01 5.000000e-01 1.515010e+00 -0.993259 0.002102 0.009951 0.969153 0.009951 0.002102 0.993259 -0.002109 -0.009973 -0.969096 -0.009973 -0.002109 0.000000 
5.000000e-01 5.000000e-01 4.999636e-03 5.000000e-01 5.000000e-01 1.515010e+00 -0.993259 0.002102 0.009951 0.969153 0.009951 0.002102 0.993259 -0.002109 -0.009973 -0.969096 -0.009973 -0.002109 0.000000 
5.000000e-01 5.000000e-01 4.999636e-03 5.000000e-01 5.000000e-01 1.515010e+00 -0.993259 0.002102 0.009951 0.969153 0.009951 0.002102 0.993259 -0.002109 -0.009973 -0.969096 -0.009973 -0.002109 0.000000 
5.000000e-01 5.000000e-01 4.999636e-03 5.000000e-01 5.000000e-01 1.515010e+00 -0.993259 0.002102 0.009951 0.969153 0.009951 0.002102 0.993259 -0.002109 -0.009973 -0.969096 -0.009973 -0.002109 0.000000 
5.000000e-01 5.000000e-01 4.999636e-03 5.000000e-01 5.000000e-01 1.515010e+00 -0.993259 0.002102 0.009951 0.969153 0.009951 0.002102 0.993259 -0.002109 -0.009973 -0.969096 -0.009973 -0.002109 0.000000 
5.000000e-01 5.000000e-01 4.999636e-03 5.000000e-01 5.000000e-01 1.515010e+00 -0.993259 0.002102 0.009951 0.969153 0.009951 0.002102 0.993259 -0.002109 -0.009973 -0.969096 -0.009973 -0.002109 0.000000 
5.000000e-01 5.000000e-01 4.999636e-03 5.000000e-01 5.000000e-01 1.515010e+00 -0.993259 0.002102 0.009951 0.969153 0.009951 0.002102 0.993259 -0.002109 -0.009973 -0.969096 -0.009973 -0.002109 0.000000 
5.000000e-01 5.000000e-01 4.999636e-03 5.000000e-01 5.000000e-01 1.515010e+00 -0.993259 0.002102 0.009951 0.969153 0.009951 0.002102 0.993259 -0.002109 -0.009973 -0.969096 -0.009973 -0.002109 0.000000 
5.000000e-01 5.000000e-01 4.999636e-03 5.000000e-01 5.000000e-01 1.515010e+00 -0.993259 0.002102 0.009951 0.969153 0.009951 0.002102 0.993259 -0.002109 -0.009973 -0.969096 -0.009973 -0.002109 0.000000 
5.000000e-01 5.000000e-01 4.999636e-03 5.000000e-01 5.000000e-01 1.515010e+00 -0.993259 0.002102 0.009951 0.969153 0.009951 0.002102 0.993259 -0.002109 -0.009973 -0.969096 -0.009973 -0.002109 0.000000 
5.000000e-01 5.000000e-01 4.999636e-03 5.000000e-01 5.000000e-01 1.515010e+00 -0.993259 0.002102 0.009951 0.969153 0.009951 0.002102 0.993259 -0.002109 -0.009973 -0.969096 -0.009973 -0.002109 0.000000 
5.000000e-01 5.000000e-01 4.999636e-03 5.000000e-01 5.000000e-01 1.515010e+00 -0.993259 0.002102 0.009951 0.969153 0.009951 0.002102 0.993259 -0.002109 -0.009973 -0.969096 -0.009973 -0.002109 0.000000 
5.000000e-01 5.000000e-01 4.999636e-03 5.000000e-01 5.000000e-01 1.515010e+00 -0.993259 0.002102 0.009951 0.969153 0.009951 0.002102 0.993259 -0.002109 -0.009973 -0.969096 -0.009973 -0.002109 0.000000 
5.000000e-01 5.000000e-01 4.999636e-03 5.000000e-01 5.000000e-01 1.515010e+00 -0.993259 0.002102 0.009951 0.969153 0.009951 0.002102 0.993259 -0.002109 -0.009973 -0.969096 -0.009973 -0.002109 0.000000 
5.000000e-01 5.000000e-01 4.999636e-03 5.000000e-01 5.000000e-01 1.515010e+00 -0.993259 0.002102 0.009951 0.969153 0.009951 0.002102 0.993259 -0.002109 -0.009973 -0.969096 -0.009973 -0.002109 0.000000 
5.000000e-01 5.000000e-01 4.999636e-03 5.000000e-01 5.000000e-01 1.515010e+00 -0.993259 0.002102 0.009951 0.969153 0.009951 0.002102 0.993259 -0.002109 -0.009973 -0.969096 -0.009973 -0.002109 0.000000 
5.000000e-01 5.000000e-01 4.999636e-03 5.000000e-01 5.000000e-01 1.515010e+00 -0.993259 0.002102 0.009951 0.969153 0.009951 0.002102 0.993259 -0.002109 -0.009973 -0.969096 -0.009973 -0.002109 0.000000 
5.000000e-01 5.000000e-01 4.999636e-03 5.000000e-01 5.000000e-01 1.515010e+00 -0.993259 0.002102 0.009951 0.969153 0.009951 0.002102 0.993259 -0.002109 -0.009973 -0.969096 -0.009973 -0.002109 0.000000 
5.000000e-01 5.000000e-01 4.999636e-03 5.000000e-01 5.000000e-01 1.515010e+00 -0.993259 0.002102 0.009951 0.969153 0.009951 0.002102 0.993259 -0.002109 -0.009973 -0.969096 -0.009973 -0.002109 0.000000 
5.000000e-01 5.000000e-01 4.999636e-03 5.000000e-01 5.000000e-01 1.515010e+00 -0.993259 0.002102 0.009951 0.969153 0.009951 0.002102 0.993259 -0.002109 -0.009973 -0.969096 -0.009973 -0.002109 0.000000 
5.000000e-01 5.000000e-01 4.999636e-03 5.000000e-01 5.000000e-01 1.515010e+00 -0.993259 0.002102 0.009951 0.969153 0.009951 0.002102 0.993259 -0.002109 -0.009973 -0.969096 -0.009973 -0.002109 0.000000 
5.000000e-01 5.000000e-01 4.999636e-03 5.000000e-01 5.000000e-01 1.515010e+00 -0.993259 0.002102 0.009951 0.969153 0.009951 0.002102 0.993259 -0.002109 -0.009973 -0.969096 -0.009973 -0.002109 0.000000 
5.000000e-01 5.000000e-01 4.999636e-03 5.000000e-01 5.000000e-01 1.515010e+00 -0.993259 0.002102 0.009951 0.969153 0.009951 0.002102 0.993259 -0.002109 -0.009973 -0.969096 -0.009973 -0.002109 0.000000 
5.000000e-01 5.000000e-01 4.999636e-03 5.000000e-01 5.000000e-01 1.515010e+00 -0.993259 0.002102 0.009951 0.969153 0.009951 0.002102 0.993259 -0.002109 -0.009973 -0.969096 -0.009973 -0.002109 0.000000 
5.000000e-01 5.000000e-01 4.999636e-03 5.000000e-01 5.000000e-01 1.515010e+00 -0.993259 0.002102 0.009951 0.969153 0.009951 0.002102 0.993259 -0.002109 -0.009973 -0.969096 -0.009973 -0.002109 0.000000 
5.000000e-01 5.000000e-01 4.999636e-03 5.000000e-01 5.000000e-01 1.515010e+00 -0.993259 0.002102 0.009951 0.969153 0.009951 0.002102 0.993259 -0.002109 -0.009973 -0.969096 -0.009973 -0.002109 0.000000 
5.000000e-01 5.000000e-01 4.999636e-03 5.000000e-01 5.000000e-01 1.515010e+00 -0.993259 0.002102 0.009951 0.969153 0.009951 0.002102 0.993259 -0.002109 -0.009973 -0.969096 -0.009973 -0.002109 0.000000 
5.000000e-01 5.000000e-01 4.999636e-03 5.000000e-01 5.000000e-01 1.515010e+00 -0.993259 0.002102 0.009951 0.969153 0.009951 0.002102 0.993259 -0.002109 -0.009973 -0.969096 -0.009973 -0.002109 0.000000 
5.000000e-01 5.000000e-01 4.999636e-03 5.000000e-01 5.000000e-01 1.515010e+00 -0.993259 0.002102 0.009951 0.969153 0.009951 0.002102 0.993259 -0.002109 -0.009973 -0.969096 -0.009973 -0.002109 0.000000 
5.000000e-01 5.000000e-01 4.999636e-03 5.000000e-01 5.000000e-01 1.515010e+00 -0.993259 0.002102 0.009951 0.969153 0.009951 0.002102 0.993259 -0.002109 -0.009973 -0.969096 -0.009973 -0.002109 0.000000 
5.000000e-01 5.000000e-01 4.999636e-03 5.000000e-01 5.000000e-01 1.515010e+00 -0.993259 0.002102 0.009951 0.969153 0.009951 0.002102 0.993259 -0.002109 -0.009973 -0.969096 -0.009973 -0.002109 0.000000 
5.000000e-01 5.000000e-01 4.999636e-03 5.000000e-01 5.000000e-01 1.515010e+00 -0.993259 0.002102 0.009951 0.969153 0.009951 0.002102 0.993259 -0.002109 -0.009973 -0.969096 -0.009973 -0.002109 0.000000 
5.000000e-01 5.000000e-01 4.999636e-03 5.000000e-01 5.000000e-01 1.515010e+00 -0.993259 0.002102 0.009951 0.969153 0.009951 0.002102 0.993259 -0.002109 -0.009973 -0.969096 -0.009973 -0.002109 0.000000 
5.000000e-01 5.000000e-01 4.999636e-03 5.000000e-01 5.000000e-01 1.515010e+00 -0.993259 0.002102 0.009951 0.969153 0.009951 0.002102 0.993259 -0.002109 -0.009973 -0.969096 -0.009973 -0.002109 0.000000 
5.000000e-01 5.000000e-01 4.999636e-03 5.000000e-01 5.000000e-01 1.515010e+00 -0.993259 0.002102 0.009951 0.969153 0.009951 0.002102 0.993259 -0.002109 -0.009973 -0.969096 -0.009973 -0.002109 0.000000 
5.000000e-01 5.000000e-01 4.999636e-03 5.000000e-01 5.000000e-01 1.515010e+00 -0.993259 0.002102 0.009951 0.969153 0.009951 0.002102 0.993259 -0.002109 -0.009973 -0.969096 -0.009973 -0.002109 0.000000 
5.000000e-01 5.000000e-01 4.999636e-03 5.000000e-01 5.000000e-01 1.515010e+00 -0.993259 0.002102 0.009951 0.969153 0.009951 0.002102 0.993259 -0.002109 -0.009973 -0.969096 -0.009973 -0.002109 0.000000 
5.000000e-01 5.000000e-01 4.999636e-03 5.000000e-01 5.000000e-01 1.515010e+00 -0.993259 0.002102 0.009951 0.969153 0.009951 0.002102 0.993259 -0.002109 -0.009973 -0.969096 -0.009973 -0.002109 0.000000 
5.000000e-01 5.000000e-01 4.999636e-03 5.000000e-01 5.000000e-01 1.515010e+00 -0.993259 0.002102 0.009951 0.969153 0.009951 0.002102 0.993259 -0.002109 -0.009973 -0.969096 -0.009973 -0.002109 0.000000 
5.000000e-01 5.000000e-01 4.999636e-03 5.000000e-01 5.000000e-01 1.515010e+00 -0.993259 0.002102 0.009951 0.969153 0.009951 0.002102 0.993259 -0.002109 -0.009973 -0.969096 -0.009973 -0.002109 0.000000 
5.000000e-01 5.000000e-01 4.999636e-03 5.000000e-01 5.000000e-01 1.515010e+00 -0.993259 0.002102 0.009951 0.969153 0.009951 0.002102 0.993259 -0.002109 -0.009973 -0.969096 -0.009973 -0.002109 0.000000 
5.000000e-01 5.000000e-01 4.999636e-03 5.000000e-01 5.000000e-01 1.515010e+00 -0.993259 0.002102 0.009951 0.969153 0.009951 0.002102 0.993259 -0.002109 -0.009973 -0.969096 -0.009973 -0.002109 0.000000 
5.000000e-01 5.000000e-01 4.999636e-03 5.000000e-01 5.000000e-01 1.515010e+00 -0.993259 0.002102 0.009951 0.969153 0.009951 0.002102 0.993259 -0.002109 -0.009973 -0.969096 -0.009973 -0.002109 0.000000 
5.000000e-01 5.000000e-01 4.999636e-03 5.000000e-01 5.000000e-01 1.515010e+00 -0.993259 0.002102 0.009951 0.969153 0.009951 0.002102 0.993259 -0.002109 -0.009973 -0.969096 -0.009973 -0.002109 0.000000 
5.000000e-01 5.000000e-01 4.999636e-03 5.000000e-01 5.000000e-01 1.515010e+00 -0.993259 0.002102 0.009951 0.969153 0.009951 0.002102 0.993259 -0.002109 -0.009973 -0.969096 -0.009973 -0.002109 0.000000 
5.000000e-01 5.000000e-01 4.999636e-03 5.000000e-01 5.000000e-01 1.515010e+00 -0.993259 0.002102 0.009951 0.969153 0.009951 0.002102 0.993259 -0.002109 -0.009973 -0.969096 -0.009973 -0.002109 0.000000 
5.000000e-01 5.000000e-01 4.999636e-03 5.000000e-01 5.000000e-01 1.515010e+00 -0.993259 0.002102 0.009951 0.969153 0.009951 0.002102 0.993259 -0.002109 -0.009973 -0.969096 -0.009973 -0.002109 0.000000 
5.000000e-01 5.000000e-01 4.999636e-03 5.000000e-01 5.000000e-01 1.515010e+00 -0.993259 0.002102 0.009951 0.969153 0.009951 0.002102 0.993259 -0.002109 -0.009973 -0.969096 -0.009973 -0.002109 0.000000 
5.000000e-01 5.000000e-01 4.999636e-03 5.000000e-01 5.000000e-01 1.515010e+00 -0.993259 0.002102 0.009951 0.969153 0.009951 0.002102 0.993259 -0.002109 -0.009973 -0.969096 -0.009973 -0.002109 0.000000 
5.000000e-01 5.000000e-01 4.999636e-03 5.000000e-01 5.000000e-01 1.515010e+00 -0.993259 0.002102 0.009951 0.969153 0.009951 0.002102 0.993259 -0.002109 -0.009973 -0.969096 -0.009973 -0.002109 0.000000 
5.000000e-01 5.000000e-01 4.999636e-03 5.000000e-01 5.000000e-01 1.515010e+00 -0.993259 0.002102 0.009951 0.969153 0.009951 0.002102 0.993259 -0.002109 -0.009973 -0.969096 -0.009973 -0.002109 0.000000 
5.000000e-01 5.000000e-01 4.999636e-03 5.000000e-01 5.000000e-01 1.515010e+00 -0.993259 0.002102 0.009951 0.969153 0.009951 0.002102 0.993259 -0.002109 -0.009973 -0.969096 -0.009973 -0.002109 0.000000 
5.000000e-01 5.000000e-01 4.999636e-03 5.000000e-01 5.000000e-01 1.515010e+00 -0.993259 0.002102 0.009951 0.969153 0.009951 0.002102 0.993259 -0.002109 -0.009973 -0.969096 -0.009973 -0.002109 0.000000 
5.000000e-01 5.000000e-01 4.999636e-03 5.000000e-01 5.000000e-01 1.515010e+00 -0.993259 0.002102 0.009951 0.969153 0.009951 0.002102 0.993259 -0.002109 -0.009973 -0.969096 -0.009973 -0.002109 0.000000 
5.000000e-01 5.000000e-01 4.999636e-03 5.000000e-01 5.000000e-01 1.515010e+00 -0.993259 0.002102 0.009951 0.969153 0.009951 0.002102 0.993259 -0.002109 -0.009973 -0.969096 -0.009973 -0.002109 0.000000 
5.000000e-01 5.000000e-01 4.999636e-03 5.000000e-01 5.000000e-01 1.515010e+00 -0.993259 0.002102 0.009951 0.969153 0.009951 0.002102 0.993259 -0.002109 -0.009973 -0.969096 -0.009973 -0.002109 0.000000 
5.000000e-01 5.000000e-01 4.999636e-03 5.000000e-01 5.000000e-01 1.515010e+00 -0.993259 0.002102 0.009951 0.969153 0.009951 0.002102 0.993259 -0.002109 -0.009973 -0.969096 -0.009973 -0.002109 0.000000 
5.000000e-01 5.000000e-01 4.999636e-03 5.000000e-01 5.000000e-01 1.515010e+00 -0.993259 0.002102 0.009951 0.969153 0.009951 0.002102 0.993259 -0.002109 -0.009973 -0.969096 -0.009973 -0.002109 0.000000 
5.000000e-01 5.000000e-01 4.999636e-03 5.000000e-01 5.000000e-01 1.515010e+00 -0.993259 0.002102 0.009951 0.969153 0.009951 0.002102 0.993259 -0.002109 -0.009973 -0.969096 -0.009973 -0.002109 0.000000 
5.000000e-01 5.000000e-01 4.999636e-03 5.000000e-01 5.000000e-01 1.515010e+00 -0.993259 0.002102 0.009951 0.969153 0.009951 0.002102 0.993259 -0.002109 -0.009973 -0.969096 -0.009973 -0.002109 0.000000 
5.000000e-01 5.000000e-01 4.999636e-03 5.000000e-01 5.000000e-01 1.515010e+00 -0.993259 0.002102 0.009951 0.969153 0.009951 0.002102 0.993259 -0.002109 -0.009973 -0.969096 -0.009973 -0.002109 0.000000 
5.000000e-01 5.000000e-01 4.999636e-03 5.000000e-01 5.000000e-01 1.515010e+00 -0.993259 0.002102 0.009951 0.969153 0.009951 0.002102 0.993259 -0.002109 -0.009973 -0.969096 -0.009973 -0.002109 0.000000 
5.000000e-01 5.000000e-01 4.999636e-03 5.000000e-01 5.000000e-01 1.515010e+00 -0.993259 0.002102 0.009951 0.969153 0.009951 0.002102 0.993259 -0.002109 -0.009973 -0.969096 -0.009973 -0.002109 0.000000 
5.000000e-01 5.000000e-01 4.999636e-03 5.000000e-01 5.000000e-01 1.515010e+00 -0.993259 0.002102 0.009951 0.969153 0.009951 0.002102 0.993259 -0.002109 -0.009973 -0.969096 -0.009973 -0.002109 0.000000 
5.000000e-01 5.000000e-01 4.999636e-03 5.000000e-01 5.000000e-01 1.515010e+00 -0.993259 0.002102 0.009951 0.969153 0.009951 0.002102 0.993259 -0.002109 -0.009973 -0.969096 -0.009973 -0.002109 0.000000 
5.000000e-01 5.000000e-01 4.999636e-03 5.000000e-01 5.000000e-01 1.515010e+00 -0.993259 0.002102 0.009951 0.969153 0.009951 0.002102 0.993259 -0.002109 -0.009973 -0.969096 -0.009973 -0.002109 0.000000 
5.000000e-01 5.000000e-01 4.999636e-03 5.000000e-01 5.000000e-01 1.515010e+00 -0.993259 0.002102 0.009951 0.969153 0.009951 0.002102 0.993259 -0.002109 -0.009973 -0.969096 -0.009973 -0.002109 0.000000 
5.000000e-01 5.000000e-01 4.999636e-03 5.000000e-01 5.000000e-01 1.515010e+00 -0.993259 0.002102 0.009951 0.969153 0.009951 0.002102 0.993259 -0.002109 -0.009973 -0.969096 -0.009973 -0.002109 0.000000 
5.000000e-01 5.000000e-01 4.999636e-03 5.000000e-01 5.000000e-01 1.515010e+00 -0.993259 0.002102 0.009951 0.969153 0.009951 0.002102 0.993259 -0.002109 -0.009973 -0.969096 -0.009973 -0.002109 0.000000 
5.000000e-01 5.000000e-01 4.999636e-03 5.000000e-01 5.000000e-01 1.515010e+00 -0.993259 0.002102 0.009951 0.969153 0.009951 0.002102 0.993259 -0.002109 -0.009973 -0.969096 -0.009973 -0.002109 0.000000 
5.000000e-01 5.000000e-01 4.999636e-03 5.000000e-01 5.000000e-01 1.515010e+00 -0.993259 0.002102 0.009951 0.969153 0.009951 0.002102 0.993259 -0.002109 -0.009973 -0.969096 -0.009973 -0.002109 0.000000 
5.000000e-01 5.000000e-01 4.999636e-03 5.000000e-01 5.000000e-01 1.515010e+00 -0.993259 0.002102 0.009951 0.969153 0.009951 0.002102 0.993259 -0.002109 -0.009973 -0.969096 -0.009973 -0.002109 0.000000 
5.000000e-01 5.000000e-01 4.999636e-03 5.000000e-01 5.000000e-01 1.515010e+00 -0.993259 0.002102 0.009951 0.969153 0.009951 0.002102 0.993259 -0.002109 -0.009973 -0.969096 -0.009973 -0.002109 0.000000 
5.000000e-01 5.000000e-01 4.999636e-03 5.000000e-01 5.000000e-01 1.515010e+00 -0.993259 0.002102 0.009951 0.969153 0.009951 0.002102 0.993259 -0.002109 -0.009973 -0.969096 -0.009973 -0.002109 0.000000 
5.000000e-01 5.000000e-01 4.999636e-03 5.000000e-01 5.000000e-01 1.515010e+00 -0.993259 0.002102 0.009951 0.969153 0.009951 0.002102 0.993259 -0.002109 -0.009973 -0.969096 -0.009973 -0.002109 0.000000 
5.000000e-01 5.000000e-01 4.999636e-03 5.000000e-01 5.000000e-01 1.515010e+00 -0.993259 0.002102 0.009951 0.969153 0.009951 0.002102 0.993259 -0.002109 -0.009973 -0.969096 -0.009973 -0.002109 0.000000 
5.000000e-01 5.000000e-01 4.999636e-03 5.000000e-01 5.000000e-01 1.515010e+00 -0.993259 0.002102 0.009951 0.969153 0.009951 0.002102 0.993259 -0.002109 -0.009973 -0.969096 -0.009973 -0.002109 0.000000 
5.000000e-01 5.000000e-01 4.999636e-03 5.000000e-01 5.000000e-01 1.515010e+00 -0.993259 0.002102 0.009951 0.969153 0.009951 0.002102 0.993259 -0.002109 -0.009973 -0.969096 -0.009973 -0.002109 0.000000 
5.000000e-01 5.000000e-01 4.999636e-03 5.000000e-01 5.000000e-01 1.515010e+00 -0.993259 0.002102 0.009951 0.969153 0.009951 0.002102 0.993259 -0.002109 -0.009973 -0.969096 -0.009973 -0.002109 0.000000 
5.000000e-01 5.000000e-01 4.999636e-03 5.000000e-01 5.000000e-01 1.515010e+00 -0.993259 0.002102 0.009951 0.969153 0.009951 0.002102 0.993259 -0.002109 -0.009973 -0.969096 -0.009973 -0.002109 0.000000 
5.000000e-01 5.000000e-01 4.999636e-03 5.000000e-01 5.000000e-01 1.515010e+00 -0.993259 0.002102 0.009951 0.969153 0.009951 0.002102 0.993259 -0.002109 -0.009973 -0.969096 -0.009973 -0.002109 0.000000 
5.000000e-01 5.000000e-01 4.999636e-03 5.000000e-01 5.000000e-01 1.515010e+00 -0.993259 0.002102 0.009951 0.969153 0.009951 0.002102 0.993259 -0.002109 -0.009973 -0.969096 -0.009973 -0.002109 0.000000 
5.000000e-01 5.000000e-01 4.999636e-03 5.000000e-01 5.000000e-01 1.515010e+00 -0.993259 0.002102 0.009951 0.969153 0.009951 0.002102 0.993259 -0.002109 -0.009973 -0.969096 -0.009973 -0.002109 0.000000 
5.000000e-01 5.000000e-01 4.999636e-03 5.000000e-01 5.000000e-01 1.515010e+00 -0.993259 0.002102 0.009951 0.969153 0.009951 0.002102 0.993259 -0.002109 -0.009973 -0.969096 -0.009973 -0.002109 0.000000 
5.000000e-01 5.000000e-01 4.999636e-03 5.000000e-01 5.000000e-01 1.515010e+00 -0.993259 0.002102 0.009951 0.969153 0.009951 0.002102 0.993259 -0.002109 -0.009973 -0.969096 -0.009973 -0.002109 0.000000 
5.000000e-01 5.000000e-01 4.999636e-03 5.000000e-01 5.000000e-01 1.515010e+00 -0.993259 0.002102 0.009951 0.969153 0.009951 0.002102 0.993259 -0.002109 -0.009973 -0.969096 -0.009973 -0.002109 0.000000 
5.000000e-01 5.000000e-01 4.999636e-03 5.000000e-01 5.000000e-01 1.515010e+00 -0.993259 0.002102 0.009951 0.969153 0.009951 0.002102 0.993259 -0.002109 -0.009973 -0.969096 -0.009973 -0.002109 0.000000 
5.000000e-01 5.000000e-01 4.999636e-03 5.000000e-01 5.000000e-01 1.515010e+00 -0.993259 0.002102 0.009951 0.969153 0.009951 0.002102 0.993259 -0.002109 -0.009973 -0.969096 -0.009973 -0.002109 0.000000 
5.000000e-01 5.000000e-01 4.999636e-03 5.000000e-01 5.000000e-01 1.515010e+00 -0.993259 0.002102 0.009951 0.969153 0.009951 0.002102 0.993259 -0.002109 -0.009973 -0.969096 -0.009973 -0.002109 0.000000 
5.000000e-01 5.000000e-01 4.999636e-03 5.000000e-01 5.000000e-01 1.515010e+00 -0.993259 0.002102 0.009951 0.969153 0.009951 0.002102 0.993259 -0.002109 -0.009973 -0.969096 -0.009973 -0.002109 0.000000 
5.000000e-01 5.000000e-01 4.999636e-03 5.000000e-01 5.000000e-01 1.515010e+00 -0.993259 0.002102 0.009951 0.969153 0.009951 0.002102 0.993259 -0.002109 -0.009973 -0.969096 -0.009973 -0.002109 0.000000 
5.000000e-01 5.000000e-01 4.999636e-03 5.000000e-01 5.000000e-01 1.515010e+00 -0.993259 0.002102 0.009951 0.969153 0.009951 0.002102 0.993259 -0.002109 -0.009973 -0.969096 -0.009973 -0.002109 0.000000 
5.000000e-01 5.000000e-01 4.999636e-03 5.000000e-01 5.000000e-01 1.515010e+00 -0.993259 0.002102 0.009951 0.969153 0.009951 0.002102 0.993259 -0.002109 -0.009973 -0.969096 -0.009973 -0.002109 0.000000 
5.000000e-01 5.000000e-01 4.999636e-03 5.000000e-01 5.000000e-01 1.515010e+00 -0.993259 0.002102 0.009951 0.969153 0.009951 0.002102 0.993259 -0.002109 -0.009973 -0.969096 -0.009973 -0.002109 0.000000 
5.000000e-01 5.000000e-01 4.999636e-03 5.000000e-01 5.000000e-01 1.515010e+00 -0.993259 0.002102 0.009951 0.969153 0.009951 0.002102 0.993259 -0.002109 -0.009973 -0.969096 -0.009973 -0.002109 0.000000 
5.000000e-01 5.000000e-01 4.999636e-03 5.000000e-01 5.000000e-01 1.515010e+00 -0.993259 0.002102 0.009951 0.969153 0.009951 0.002102 0.993259 -0.002109 -0.009973 -0.969096 -0.009973 -0.002109 0.000000 
5.000000e-01 5.000000e-01 4.999636e-03 5.000000e-01 5.000000e-01 1.515010e+00 -0.993259 0.002102 0.009951 0.969153 0.009951 0.002102 0.993259 -0.002109 -0.009973 -0.969096 -0.009973 -0.002109 0.000000 
5.000000e-01 5.000000e-01 4.999636e-03 5.000000e-01 5.000000e-01 1.515010e+00 -0.993259 0.002102 0.009951 0.969153 0.009951 0.002102 0.993259 -0.002109 -0.009973 -0.969096 -0.009973 -0.002109 0.000000 
5.000000e-01 5.000000e-01 4.999636e-03 5.000000e-01 5.000000e-01 1.515010e+00 -0.993259 0.002102 0.009951 0.969153 0.009951 0.002102 0.993259 -0.002109 -0.009973 -0.969096 -0.009973 -0.002109 0.000000 
5.000000e-01 5.000000e-01 4.999636e-03 5.000000e-01 5.000000e-01 1.515010e+00 -0.993259 0.002102 0.009951 0.969153 0.009951 0.002102 0.993259 -0.002109 -0.009973 -0.969096 -0.009973 -0.002109 0.000000 
5.000000e-01 5.000000e-01 4.999636e-03 5.000000e-01 5.000000e-01 1.515010e+00 -0.993259 0.002102 0.009951 0.969153 0.009951 0.002102 0.993259 -0.002109 -0.009973 -0.969096 -0.009973 -0.002109 0.000000 
5.000000e-01 5.000000e-01 4.999636e-03 5.000000e-01 5.000000e-01 1.515010e+00 -0.993259 0.002102 0.009951 0.969153 0.009951 0.002102 0.993259 -0.002109 -0.009973 -0.969096 -0.009973 -0.002109 0.000000 
5.000000e-01 5.000000e-01 4.999636e-03 5.000000e-01 5.000000e-01 1.515010e+00 -0.993259 0.002102 0.009951 0.969153 0.009951 0.002102 0.993259 -0.002109 -0.009973 -0.969096 -0.009973 -0.002109 0.000000 
5.000000e-01 5.000000e-01 4.999636e-03 5.000000e-01 5.000000e-01 1.515010e+00 -0.993259 0.002102 0.009951 0.969153 0.009951 0.002102 0.993259 -0.002109 -0.009973 -0.969096 -0.009973 -0.002109 0.000000 
5.000000e-01 5.000000e-01 4.999636e-03 5.000000e-01 5.000000e-01 1.515010e+00 -0.993259 0.002102 0.009951 0.969153 0.009951 0.002102 0.993259 -0.002109 -0.009973 -0.969096 -0.009973 -0.002109 0.000000 
5.000000e-01 5.000000e-01 4.999636e-03 5.000000e-01 5.000000e-01 1.515010e+00 -0.993259 0.002102 0.009951 0.969153 0.009951 0.002102 0.993259 -0.002109 -0.009973 -0.969096 -0.009973 -0.002109 0.000000 
5.000000e-01 5.000000e-01 4.999636e-03 5.000000e-01 5.000000e-01 1.515010e+00 -0.993259 0.002102 0.009951 0.969153 0.009951 0.002102 0.993259 -0.002109 -0.009973 -0.969096 -0.009973 -0.002109 0.000000 
5.000000e-01 5.000000e-01 4.999636e-03 5.000000e-01 5.000000e-01 1.515010e+00 -0.993259 0.002102 0.009951 0.969153 0.009951 0.002102 0.993259 -0.002109 -0.009973 -0.969096 -0.009973 -0.002109 0.000000 
5.000000e-01 5.000000e-01 4.999636e-03 5.000000e-01 5.000000e-01 1.515010e+00 -0.993259 0.002102 0.009951 0.969153 0.009951 0.002102 0.993259 -0.002109 -0.009973 -0.969096 -0.009973 -0.002109 0.000000 
5.000000e-01 5.000000e-01 4.999636e-03 5.000000e-01 5.000000e-01 1.515010e+00 -0.993259 0.002102 0.009951 0.969153 0.009951 0.002102 0.993259 -0.002109 -0.009973 -0.969096 -0.009973 -0.002109 0.000000 
5.000000e-01 5.000000e-01 4.999636e-03 5.000000e-01 5.000000e-01 1.515010e+00 -0.993259 0.002102 0.009951 0.969153 0.009951 0.002102 0.993259 -0.002109 -0.009973 -0.969096 -0.009973 -0.002109 0.000000 
5.000000e-01 5.000000e-01 4.999636e-03 5.000000e-01 5.000000e-01 1.515010e+00 -0.993259 0.002102 0.009951 0.969153 0.009951 0.002102 0.993259 -0.002109 -0.009973 -0.969096 -0.009973 -0.002109 0.000000 
5.000000e-01 5.000000e-01 4.999636e-03 5.000000e-01 5.000000e-01 1.515010e+00 -0.993259 0.002102 0.009951 0.969153 0.009951 0.002102 0.993259 -0.002109 -0.009973 -0.969096 -0.009973 -0.002109 0.000000 
5.000000e-01 5.000000e-01 4.999636e-03 5.000000e-01 5.000000e-01 1.515010e+00 -0.993259 0.002102 0.009951 0.969153 0.009951 0.002102 0.993259 -0.002109 -0.009973 -0.969096 -0.009973 -0.002109 0.000000 
5.000000e-01 5.000000e-01 4.999636e-03 5.000000e-01 5.000000e-01 1.515010e+00 -0.993259 0.002102 0.009951 0.969153 0.009951 0.002102 0.993259 -0.002109 -0.009973 -0.969096 -0.009973 -0.002109 0.000000 
5.000000e-01 5.000000e-01 4.999636e-03 5.000000e-01 5.000000e-01 1.515010e+00 -0.993259 0.002102 0.009951 0.969153 0.009951 0.002102 0.993259 -0.002109 -0.009973 -0.969096 -0.009973 -0.002109 0.000000 
5.000000e-01 5.000000e-01 4.999636e-03 5.000000e-01 5.000000e-01 1.515010e+00 -0.993259 0.002102 0.009951 0.969153 0.009951 0.002102 0.993259 -0.002109 -0.009973 -0.969096 -0.009973 -0.002109 0.000000 
5.000000e-01 5.000000e-01 4.999636e-03 5.000000e-01 5.000000e-01 1.515010e+00 -0.993259 0.002102 0.009951 0.969153 0.009951 0.002102 0.993259 -0.002109 -0.009973 -0.969096 -0.009973 -0.002109 0.000000 
5.000000e-01 5.000000e-01 4.999636e-03 5.000000e-01 5.000000e-01 1.515010e+00 -0.993259 0.002102 0.009951 0.969153 0.009951 0.002102 0.993259 -0.002109 -0.009973 -0.969096 -0.009973 -0.002109 0.000000 
5.000000e-01 5.000000e-01 4.999636e-03 5.000000e-01 5.000000e-01 1.515010e+00 -0.993259 0.002102 0.009951 0.969153 0.009951 0.002102 0.993259 -0.002109 -0.009973 -0.969096 -0.009973 -0.002109 0.000000 
5.000000e-01 5.000000e-01 4.999636e-03 5.000000e-01 5.000000e-01 1.515010e+00 -0.993259 0.002102 0.009951 0.969153 0.009951 0.002102 0.993259 -0.002109 -0.009973 -0.969096 -0.009973 -0.002109 0.000000 
