# TeX TeY TeZ ThX ThY THZ P1 P2
5.000000e-01 5.000000e-01 1.260000e+00 5.000000e-01 5.000000e-01 1.260000e+00 0.000000 0.000000 0.000000 0.000000 0.000000 0.000000 0.000000 0.000000 0.000000 0.000000 0.000000 0.000000 0.000000 
5.000000e-01 5.000000e-01 1.251252e+00 5.000000e-01 5.000000e-01 1.267114e+00 -0.010408 -0.002743 0.001718 0.012458 0.001718 -0.002743 0.010408 -0.001887 -0.002208 -0.002219 -0.002208 -0.001887 0.000000 
5.000000e-01 5.000000e-01 1.242437e+00 5.000000e-01 5.000000e-01 1.274199e+00 -0.020841 -0.005447 0.003456 0.024824 0.003456 -0.005447 0.020841 -0.003778 -0.004421 -0.004445 -0.004421 -0.003778 0.000000 
5.000000e-01 5.000000e-01 1.233555e+00 5.000000e-01 5.000000e-01 1.281255e+00 -0.031300 -0.008113 0.005204 0.037118 0.005204 -0.008113 0.031300 -0.005673 -0.006639 -0.006675 -0.006639 -0.005673 0.000000 
5.000000e-01 5.000000e-01 1.224607e+00 5.000000e-01 5.000000e-01 1.288281e+00 -0.041782 -0.010768 0.006917 0.049485 0.006917 -0.010768 0.041782 -0.007573 -0.008862 -0.008911 -0.008862 -0.007573 0.000000 
5.000000e-01 5.000000e-01 1.215594e+00 5.000000e-01 5.000000e-01 1.295278e+00 -0.052289 -0.013407 0.008580 0.061943 0.008580 -0.013407 0.052289 -0.009477 -0.011091 -0.011153 -0.011091 -0.009477 0.000000 
5.000000e-01 5.000000e-01 1.206515e+00 5.000000e-01 5.000000e-01 1.302245e+00 -0.062818 -0.016011 0.010206 0.074429 0.010206 -0.016011 0.062818 -0.011385 -0.013325 -0.013400 -0.013325 -0.011385 0.000000 
5.000000e-01 5.000000e-01 1.197371e+00 5.000000e-01 5.000000e-01 1.309182e+00 -0.073371 -0.018592 0.011763 0.087030 0.011763 -0.018592 0.073371 -0.013296 -0.015563 -0.015652 -0.015563 -0.013296 0.000000 
5.000000e-01 5.000000e-01 1.188163e+00 5.000000e-01 5.000000e-01 1.316087e+00 -0.083945 -0.021179 0.013188 0.099927 0.013188 -0.021179 0.083945 -0.015211 -0.017807 -0.017909 -0.017807 -0.015211 0.000000 
5.000000e-01 5.000000e-01 1.178892e+00 5.000000e-01 5.000000e-01 1.322961e+00 -0.094541 -0.023734 0.014528 0.112953 0.014528 -0.023734 0.094541 -0.017130 -0.020055 -0.020172 -0.020055 -0.017130 0.000000 
5.000000e-01 5.000000e-01 1.169557e+00 5.000000e-01 5.000000e-01 1.329804e+00 -0.105158 -0.026259 0.015769 0.126138 0.015769 -0.026259 0.105158 -0.019052 -0.022307 -0.022439 -0.022307 -0.019052 0.000000 
5.000000e-01 5.000000e-01 1.160160e+00 5.000000e-01 5.000000e-01 1.336615e+00 -0.115795 -0.028806 0.016783 0.139841 0.016783 -0.028806 0.115795 -0.020977 -0.024564 -0.024712 -0.024564 -0.020977 0.000000 
5.000000e-01 5.000000e-01 1.150701e+00 5.000000e-01 5.000000e-01 1.343393e+00 -0.126452 -0.031319 0.017660 0.153770 0.017660 -0.031319 0.126452 -0.022905 -0.026826 -0.026990 -0.026826 -0.022905 0.000000 
5.000000e-01 5.000000e-01 1.141180e+00 5.000000e-01 5.000000e-01 1.350139e+00 -0.137129 -0.033805 0.018401 0.167938 0.018401 -0.033805 0.137129 -0.024836 -0.029092 -0.029272 -0.029092 -0.024836 0.000000 
5.000000e-01 5.000000e-01 1.131598e+00 5.000000e-01 5.000000e-01 1.356851e+00 -0.147824 -0.036321 0.018816 0.182833 0.018816 -0.036321 0.147824 -0.026770 -0.031362 -0.031560 -0.031362 -0.026770 0.000000 
5.000000e-01 5.000000e-01 1.121956e+00 5.000000e-01 5.000000e-01 1.363530e+00 -0.158538 -0.038813 0.019036 0.198091 0.019036 -0.038813 0.158538 -0.028706 -0.033636 -0.033853 -0.033636 -0.028706 0.000000 
5.000000e-01 5.000000e-01 1.112253e+00 5.000000e-01 5.000000e-01 1.370175e+00 -0.169270 -0.041278 0.019071 0.213685 0.019071 -0.041278 0.169270 -0.030645 -0.035915 -0.036151 -0.035915 -0.030645 0.000000 
5.000000e-01 5.000000e-01 1.102492e+00 5.000000e-01 5.000000e-01 1.376785e+00 -0.180020 -0.043776 0.018670 0.230232 0.018670 -0.043776 0.180020 -0.032586 -0.038197 -0.038454 -0.038197 -0.032586 0.000000 
5.000000e-01 5.000000e-01 1.092671e+00 5.000000e-01 5.000000e-01 1.383361e+00 -0.190787 -0.046252 0.018015 0.247260 0.018015 -0.046252 0.190787 -0.034529 -0.040484 -0.040761 -0.040484 -0.034529 0.000000 
5.000000e-01 5.000000e-01 1.082792e+00 5.000000e-01 5.000000e-01 1.389901e+00 -0.201570 -0.048704 0.017118 0.264741 0.017118 -0.048704 0.201570 -0.036474 -0.042774 -0.043074 -0.042774 -0.036474 0.000000 
5.000000e-01 5.000000e-01 1.072855e+00 5.000000e-01 5.000000e-01 1.396407e+00 -0.212370 -0.051190 0.015644 0.283463 0.015644 -0.051190 0.212371 -0.038421 -0.045068 -0.045393 -0.045068 -0.038421 0.000000 
5.000000e-01 5.000000e-01 1.062860e+00 5.000000e-01 5.000000e-01 1.402876e+00 -0.223187 -0.053650 0.013876 0.302736 0.013876 -0.053650 0.223187 -0.040369 -0.047366 -0.047716 -0.047366 -0.040369 0.000000 
5.000000e-01 5.000000e-01 1.052808e+00 5.000000e-01 5.000000e-01 1.409309e+00 -0.234019 -0.056097 0.011750 0.322713 0.011750 -0.056097 0.234019 -0.042319 -0.049668 -0.050045 -0.049668 -0.042319 0.000000 
5.000000e-01 5.000000e-01 1.042700e+00 5.000000e-01 5.000000e-01 1.415706e+00 -0.244868 -0.058565 0.008962 0.344075 0.008962 -0.058565 0.244868 -0.044270 -0.051974 -0.052379 -0.051974 -0.044270 0.000000 
5.000000e-01 5.000000e-01 1.032536e+00 5.000000e-01 5.000000e-01 1.422066e+00 -0.255733 -0.061007 0.005840 0.366066 0.005840 -0.061007 0.255733 -0.046223 -0.054284 -0.054719 -0.054284 -0.046223 0.000000 
5.000000e-01 5.000000e-01 1.022317e+00 5.000000e-01 5.000000e-01 1.428390e+00 -0.266613 -0.063447 0.002171 0.389165 0.002171 -0.063447 0.266613 -0.048177 -0.056598 -0.057064 -0.056598 -0.048177 0.000000 
5.000000e-01 5.000000e-01 1.012042e+00 5.000000e-01 5.000000e-01 1.434676e+00 -0.277510 -0.065890 -0.002163 0.413618 -0.002163 -0.065890 0.277510 -0.050131 -0.058916 -0.059416 -0.058916 -0.050131 0.000000 
5.000000e-01 5.000000e-01 1.001713e+00 5.000000e-01 5.000000e-01 1.440925e+00 -0.288422 -0.068305 -0.006851 0.438735 -0.006851 -0.068305 0.288422 -0.052087 -0.061237 -0.061774 -0.061237 -0.052087 0.000000 
5.000000e-01 5.000000e-01 9.913305e-01 5.000000e-01 5.000000e-01 1.447136e+00 -0.299352 -0.070731 -0.012360 0.465535 -0.012360 -0.070731 0.299352 -0.054043 -0.063563 -0.064139 -0.063563 -0.054043 0.000000 
5.000000e-01 5.000000e-01 9.808940e-01 5.000000e-01 5.000000e-01 1.453309e+00 -0.310297 -0.073139 -0.018397 0.493370 -0.018397 -0.073139 0.310297 -0.056000 -0.065894 -0.066511 -0.065894 -0.056000 0.000000 
5.000000e-01 5.000000e-01 9.704043e-01 5.000000e-01 5.000000e-01 1.459445e+00 -0.321257 -0.075524 -0.024878 0.522062 -0.024878 -0.075524 0.321257 -0.057956 -0.068228 -0.068889 -0.068228 -0.057956 0.000000 
5.000000e-01 5.000000e-01 9.598621e-01 5.000000e-01 5.000000e-01 1.465542e+00 -0.332238 -0.077916 -0.032298 0.552664 -0.032298 -0.077916 0.332238 -0.059914 -0.070567 -0.071275 -0.070567 -0.059914 0.000000 
5.000000e-01 5.000000e-01 9.492678e-01 5.000000e-01 5.000000e-01 1.471601e+00 -0.343231 -0.080272 -0.040041 0.583857 -0.040041 -0.080272 0.343231 -0.061871 -0.072910 -0.073669 -0.072910 -0.061871 0.000000 
5.000000e-01 5.000000e-01 9.386217e-01 5.000000e-01 5.000000e-01 1.477621e+00 -0.354242 -0.082619 -0.048505 0.616492 -0.048505 -0.082619 0.354242 -0.063827 -0.075258 -0.076071 -0.075258 -0.063827 0.000000 
5.000000e-01 5.000000e-01 9.279245e-01 5.000000e-01 5.000000e-01 1.483603e+00 -0.365268 -0.084944 -0.057496 0.650150 -0.057496 -0.084944 0.365268 -0.065783 -0.077611 -0.078482 -0.077611 -0.065783 0.000000 
5.000000e-01 5.000000e-01 9.171764e-01 5.000000e-01 5.000000e-01 1.489544e+00 -0.376307 -0.087237 -0.066805 0.684391 -0.066805 -0.087237 0.376307 -0.067737 -0.079967 -0.080900 -0.079967 -0.067737 0.000000 
5.000000e-01 5.000000e-01 9.063781e-01 5.000000e-01 5.000000e-01 1.495445e+00 -0.387362 -0.089516 -0.076803 0.720000 -0.076803 -0.089516 0.387362 -0.069690 -0.082328 -0.083327 -0.082328 -0.069690 0.000000 
5.000000e-01 5.000000e-01 8.955299e-01 5.000000e-01 5.000000e-01 1.501305e+00 -0.398425 -0.091752 -0.086917 0.755763 -0.086917 -0.091752 0.398425 -0.071639 -0.084692 -0.085763 -0.084692 -0.071639 0.000000 
5.000000e-01 5.000000e-01 8.846322e-01 5.000000e-01 5.000000e-01 1.507122e+00 -0.409499 -0.093960 -0.097412 0.792242 -0.097412 -0.093960 0.409499 -0.073586 -0.087060 -0.088207 -0.087060 -0.073586 0.000000 
5.000000e-01 5.000000e-01 8.736856e-01 5.000000e-01 5.000000e-01 1.512908e+00 -0.420586 -0.096130 -0.107999 0.828844 -0.107999 -0.096130 0.420586 -0.075530 -0.089432 -0.090662 -0.089432 -0.075530 0.000000 
5.000000e-01 5.000000e-01 8.626904e-01 5.000000e-01 5.000000e-01 1.515073e+00 -0.429264 -0.096310 -0.111003 0.843891 -0.111003 -0.096310 0.429265 -0.077030 -0.091296 -0.092613 -0.091296 -0.077030 0.000000 
5.000000e-01 5.000000e-01 8.516471e-01 5.000000e-01 5.000000e-01 1.515073e+00 -0.436514 -0.095287 -0.109379 0.845846 -0.109379 -0.095287 0.436514 -0.078264 -0.092858 -0.094269 -0.092858 -0.078264 0.000000 
5.000000e-01 5.000000e-01 8.405560e-01 5.000000e-01 5.000000e-01 1.515073e+00 -0.443794 -0.094239 -0.107754 0.847781 -0.107754 -0.094239 0.443794 -0.079497 -0.094430 -0.095941 -0.094430 -0.079497 0.000000 
5.000000e-01 5.000000e-01 8.294177e-01 5.000000e-01 5.000000e-01 1.515073e+00 -0.451106 -0.093167 -0.106127 0.849696 -0.106127 -0.093167 0.451106 -0.080728 -0.096010 -0.097630 -0.096010 -0.080728 0.000000 
5.000000e-01 5.000000e-01 8.182326e-01 5.000000e-01 5.000000e-01 1.515073e+00 -0.458448 -0.092073 -0.104499 0.851592 -0.104499 -0.092073 0.458449 -0.081957 -0.097599 -0.099336 -0.097599 -0.081957 0.000000 
5.000000e-01 5.000000e-01 8.070010e-01 5.000000e-01 5.000000e-01 1.515073e+00 -0.465821 -0.090957 -0.102868 0.853473 -0.102868 -0.090957 0.465821 -0.083182 -0.099198 -0.101061 -0.099198 -0.083182 0.000000 
5.000000e-01 5.000000e-01 7.957233e-01 5.000000e-01 5.000000e-01 1.515073e+00 -0.473225 -0.089822 -0.101235 0.855339 -0.101235 -0.089822 0.473225 -0.084404 -0.100805 -0.102805 -0.100805 -0.084404 0.000000 
5.000000e-01 5.000000e-01 7.844001e-01 5.000000e-01 5.000000e-01 1.515073e+00 -0.480658 -0.088667 -0.099600 0.857192 -0.099600 -0.088667 0.480658 -0.085622 -0.102422 -0.104569 -0.102422 -0.085622 0.000000 
5.000000e-01 5.000000e-01 7.730316e-01 5.000000e-01 5.000000e-01 1.515073e+00 -0.488120 -0.087494 -0.097962 0.859033 -0.097962 -0.087494 0.488121 -0.086835 -0.104048 -0.106354 -0.104048 -0.086835 0.000000 
5.000000e-01 5.000000e-01 7.616183e-01 5.000000e-01 5.000000e-01 1.515073e+00 -0.495613 -0.086304 -0.096321 0.860863 -0.096321 -0.086304 0.495613 -0.088041 -0.105684 -0.108162 -0.105684 -0.088041 0.000000 
5.000000e-01 5.000000e-01 7.501606e-01 5.000000e-01 5.000000e-01 1.515073e+00 -0.503134 -0.085097 -0.094678 0.862684 -0.094678 -0.085097 0.503134 -0.089241 -0.107330 -0.109993 -0.107330 -0.089241 0.000000 
5.000000e-01 5.000000e-01 7.386588e-01 5.000000e-01 5.000000e-01 1.515073e+00 -0.510684 -0.083873 -0.093032 0.864494 -0.093032 -0.083873 0.510685 -0.090431 -0.108986 -0.111851 -0.108986 -0.090431 0.000000 
5.000000e-01 5.000000e-01 7.271134e-01 5.000000e-01 5.000000e-01 1.515073e+00 -0.518263 -0.082633 -0.091383 0.866295 -0.091383 -0.082633 0.518264 -0.091611 -0.110653 -0.113736 -0.110653 -0.091611 0.000000 
5.000000e-01 5.000000e-01 7.155247e-01 5.000000e-01 5.000000e-01 1.515073e+00 -0.525871 -0.081379 -0.089730 0.868090 -0.089730 -0.081379 0.525871 -0.092781 -0.112330 -0.115649 -0.112330 -0.092781 0.000000 
5.000000e-01 5.000000e-01 7.038931e-01 5.000000e-01 5.000000e-01 1.515073e+00 -0.533506 -0.080112 -0.088074 0.869879 -0.088074 -0.080112 0.533506 -0.093940 -0.114017 -0.117592 -0.114017 -0.093940 0.000000 
5.000000e-01 5.000000e-01 6.922190e-01 5.000000e-01 5.000000e-01 1.515073e+00 -0.541170 -0.078831 -0.086415 0.871662 -0.086415 -0.078831 0.541170 -0.095085 -0.115716 -0.119567 -0.115716 -0.095085 0.000000 
5.000000e-01 5.000000e-01 6.805027e-01 5.000000e-01 5.000000e-01 1.515073e+00 -0.548861 -0.077537 -0.084753 0.873440 -0.084753 -0.077537 0.548861 -0.096215 -0.117427 -0.121577 -0.117427 -0.096215 0.000000 
5.000000e-01 5.000000e-01 6.687447e-01 5.000000e-01 5.000000e-01 1.515073e+00 -0.556579 -0.076230 -0.083086 0.875213 -0.083086 -0.076230 0.556579 -0.097327 -0.119149 -0.123626 -0.119149 -0.097327 0.000000 
5.000000e-01 5.000000e-01 6.569453e-01 5.000000e-01 5.000000e-01 1.515073e+00 -0.564325 -0.074912 -0.081417 0.876982 -0.081417 -0.074912 0.564325 -0.098420 -0.120884 -0.125715 -0.120884 -0.098420 0.000000 
5.000000e-01 5.000000e-01 6.451049e-01 5.000000e-01 5.000000e-01 1.515073e+00 -0.572097 -0.073582 -0.079743 0.878749 -0.079743 -0.073582 0.572097 -0.099493 -0.122632 -0.127847 -0.122632 -0.099493 0.000000 
5.000000e-01 5.000000e-01 6.332237e-01 5.000000e-01 5.000000e-01 1.515073e+00 -0.579897 -0.072242 -0.078066 0.880512 -0.078066 -0.072242 0.579897 -0.100544 -0.124392 -0.130024 -0.124392 -0.100544 0.000000 
5.000000e-01 5.000000e-01 6.213022e-01 5.000000e-01 5.000000e-01 1.515073e+00 -0.587722 -0.070891 -0.076385 0.882274 -0.076385 -0.070891 0.587722 -0.101571 -0.126165 -0.132250 -0.126165 -0.101571 0.000000 
5.000000e-01 5.000000e-01 6.093407e-01 5.000000e-01 5.000000e-01 1.515073e+00 -0.595574 -0.069530 -0.074699 0.884034 -0.074699 -0.069530 0.595574 -0.102569 -0.127953 -0.134531 -0.127953 -0.102569 0.000000 
5.000000e-01 5.000000e-01 5.973396e-01 5.000000e-01 5.000000e-01 1.515073e+00 -0.603452 -0.068160 -0.073010 0.885793 -0.073010 -0.068160 0.603452 -0.103535 -0.129755 -0.136873 -0.129755 -0.103535 0.000000 
5.000000e-01 5.000000e-01 5.852991e-01 5.000000e-01 5.000000e-01 1.515073e+00 -0.611356 -0.066780 -0.071317 0.887550 -0.071317 -0.066780 0.611356 -0.104468 -0.131572 -0.139277 -0.131572 -0.104468 0.000000 
5.000000e-01 5.000000e-01 5.732197e-01 5.000000e-01 5.000000e-01 1.515073e+00 -0.619285 -0.065391 -0.069620 0.889308 -0.069620 -0.065391 0.619285 -0.105366 -0.133403 -0.141747 -0.133403 -0.105366 0.000000 
5.000000e-01 5.000000e-01 5.611017e-01 5.000000e-01 5.000000e-01 1.515073e+00 -0.627239 -0.063994 -0.067919 0.891065 -0.067919 -0.063994 0.627239 -0.106225 -0.135250 -0.144288 -0.135250 -0.106225 0.000000 
5.000000e-01 5.000000e-01 5.489454e-01 5.000000e-01 5.000000e-01 1.515073e+00 -0.635219 -0.062588 -0.066213 0.892822 -0.066213 -0.062588 0.635219 -0.107039 -0.137114 -0.146913 -0.137114 -0.107039 0.000000 
5.000000e-01 5.000000e-01 5.367511e-01 5.000000e-01 5.000000e-01 1.515073e+00 -0.643223 -0.061175 -0.064504 0.894580 -0.064504 -0.061175 0.643223 -0.107803 -0.138994 -0.149629 -0.138994 -0.107803 0.000000 
5.000000e-01 5.000000e-01 5.245192e-01 5.000000e-01 5.000000e-01 1.515073e+00 -0.651252 -0.059753 -0.062790 0.896339 -0.062790 -0.059753 0.651252 -0.108517 -0.140891 -0.152437 -0.140891 -0.108517 0.000000 
5.000000e-01 5.000000e-01 5.122499e-01 5.000000e-01 5.000000e-01 1.515073e+00 -0.659306 -0.058324 -0.061072 0.898099 -0.061072 -0.058324 0.659306 -0.109176 -0.142804 -0.155345 -0.142804 -0.109176 0.000000 
5.000000e-01 5.000000e-01 4.999436e-01 5.000000e-01 5.000000e-01 1.515073e+00 -0.667384 -0.056889 -0.059350 0.899860 -0.059350 -0.056889 0.667384 -0.109776 -0.144735 -0.158362 -0.144735 -0.109776 0.000000 
5.000000e-01 5.000000e-01 4.876007e-01 5.000000e-01 5.000000e-01 1.515073e+00 -0.675485 -0.055445 -0.057623 0.901623 -0.057623 -0.055445 0.675485 -0.110301 -0.146683 -0.161516 -0.146683 -0.110301 0.000000 
5.000000e-01 5.000000e-01 4.752214e-01 5.000000e-01 5.000000e-01 1.515073e+00 -0.683611 -0.053996 -0.055892 0.903387 -0.055892 -0.053996 0.683611 -0.110756 -0.148649 -0.164801 -0.148649 -0.110756 0.000000 
5.000000e-01 5.000000e-01 4.628059e-01 5.000000e-01 5.000000e-01 1.515073e+00 -0.691760 -0.052539 -0.054157 0.905153 -0.054157 -0.052539 0.691760 -0.111135 -0.150630 -0.168229 -0.150630 -0.111135 0.000000 
5.000000e-01 5.000000e-01 4.503548e-01 5.000000e-01 5.000000e-01 1.515073e+00 -0.699932 -0.051077 -0.052418 0.906922 -0.052418 -0.051077 0.699933 -0.111432 -0.152628 -0.171813 -0.152628 -0.111432 0.000000 
5.000000e-01 5.000000e-01 4.378681e-01 5.000000e-01 5.000000e-01 1.515073e+00 -0.708128 -0.049608 -0.050674 0.908692 -0.050674 -0.049608 0.708128 -0.111627 -0.154641 -0.175592 -0.154641 -0.111627 0.000000 
5.000000e-01 5.000000e-01 4.253463e-01 5.000000e-01 5.000000e-01 1.515073e+00 -0.716347 -0.048133 -0.048926 0.910465 -0.048926 -0.048133 0.716347 -0.111723 -0.156667 -0.179565 -0.156667 -0.111723 0.000000 
5.000000e-01 5.000000e-01 4.127896e-01 5.000000e-01 5.000000e-01 1.515073e+00 -0.724588 -0.046652 -0.047174 0.912241 -0.047174 -0.046652 0.724588 -0.111716 -0.158705 -0.183747 -0.158705 -0.111716 0.000000 
5.000000e-01 5.000000e-01 4.001983e-01 5.000000e-01 5.000000e-01 1.515073e+00 -0.732852 -0.045166 -0.045417 0.914019 -0.045417 -0.045166 0.732852 -0.111596 -0.160751 -0.188157 -0.160751 -0.111596 0.000000 
5.000000e-01 5.000000e-01 3.875727e-01 5.000000e-01 5.000000e-01 1.515073e+00 -0.741138 -0.043674 -0.043657 0.915800 -0.043657 -0.043674 0.741138 -0.111337 -0.162803 -0.192859 -0.162803 -0.111337 0.000000 
5.000000e-01 5.000000e-01 3.749132e-01 5.000000e-01 5.000000e-01 1.515073e+00 -0.749447 -0.042177 -0.041892 0.917584 -0.041892 -0.042177 0.749447 -0.110945 -0.164855 -0.197848 -0.164855 -0.110945 0.000000 
5.000000e-01 5.000000e-01 3.622198e-01 5.000000e-01 5.000000e-01 1.515073e+00 -0.757777 -0.040674 -0.040122 0.919370 -0.040122 -0.040674 0.757777 -0.110413 -0.166901 -0.203149 -0.166901 -0.110413 0.000000 
5.000000e-01 5.000000e-01 3.494931e-01 5.000000e-01 5.000000e-01 1.515073e+00 -0.766130 -0.039167 -0.038349 0.921160 -0.038349 -0.039167 0.766130 -0.109726 -0.168935 -0.208806 -0.168935 -0.109726 0.000000 
5.000000e-01 5.000000e-01 3.367331e-01 5.000000e-01 5.000000e-01 1.515073e+00 -0.774504 -0.037654 -0.036571 0.922953 -0.036571 -0.037654 0.774504 -0.108856 -0.170944 -0.214904 -0.170944 -0.108856 0.000000 
5.000000e-01 5.000000e-01 3.239403e-01 5.000000e-01 5.000000e-01 1.515073e+00 -0.782899 -0.036136 -0.034789 0.924749 -0.034789 -0.036136 0.782899 -0.107813 -0.172918 -0.221437 -0.172918 -0.107813 0.000000 
5.000000e-01 5.000000e-01 3.111148e-01 5.000000e-01 5.000000e-01 1.515073e+00 -0.791315 -0.034614 -0.033003 0.926549 -0.033003 -0.034614 0.791315 -0.106587 -0.174845 -0.228452 -0.174845 -0.106587 0.000000 
5.000000e-01 5.000000e-01 2.982569e-01 5.000000e-01 5.000000e-01 1.515073e+00 -0.799753 -0.033087 -0.031212 0.928351 -0.031212 -0.033087 0.799753 -0.105143 -0.176699 -0.236068 -0.176699 -0.105143 0.000000 
5.000000e-01 5.000000e-01 2.853668e-01 5.000000e-01 5.000000e-01 1.515073e+00 -0.808212 -0.031555 -0.029418 0.930157 -0.029418 -0.031555 0.808212 -0.103478 -0.178458 -0.244340 -0.178458 -0.103478 0.000000 
5.000000e-01 5.000000e-01 2.724449e-01 5.000000e-01 5.000000e-01 1.515073e+00 -0.816691 -0.030019 -0.027619 0.931967 -0.027619 -0.030019 0.816691 -0.101592 -0.180102 -0.253305 -0.180102 -0.101592 0.000000 
5.000000e-01 5.000000e-01 2.594914e-01 5.000000e-01 5.000000e-01 1.515073e+00 -0.825191 -0.028478 -0.025816 0.933780 -0.025816 -0.028478 0.825191 -0.099466 -0.181593 -0.263073 -0.181593 -0.099466 0.000000 
5.000000e-01 5.000000e-01 2.465064e-01 5.000000e-01 5.000000e-01 1.515073e+00 -0.833712 -0.026933 -0.024009 0.935596 -0.024009 -0.026933 0.833712 -0.097059 -0.182863 -0.273867 -0.182863 -0.097059 0.000000 
5.000000e-01 5.000000e-01 2.334902e-01 5.000000e-01 5.000000e-01 1.515073e+00 -0.842253 -0.025384 -0.022198 0.937416 -0.022198 -0.025384 0.842253 -0.094396 -0.183890 -0.285682 -0.183890 -0.094396 0.000000 
5.000000e-01 5.000000e-01 2.204430e-01 5.000000e-01 5.000000e-01 1.515073e+00 -0.850814 -0.023831 -0.020382 0.939240 -0.020382 -0.023831 0.850814 -0.091465 -0.184616 -0.298654 -0.184616 -0.091465 0.000000 
5.000000e-01 5.000000e-01 2.073650e-01 5.000000e-01 5.000000e-01 1.515073e+00 -0.859396 -0.022273 -0.018562 0.941067 -0.018562 -0.022273 0.859396 -0.088212 -0.184899 -0.313174 -0.184899 -0.088212 0.000000 
5.000000e-01 5.000000e-01 1.942562e-01 5.000000e-01 5.000000e-01 1.515073e+00 -0.867999 -0.020711 -0.016739 0.942899 -0.016739 -0.020711 0.867999 -0.084664 -0.184692 -0.329287 -0.184692 -0.084664 0.000000 
5.000000e-01 5.000000e-01 1.811167e-01 5.000000e-01 5.000000e-01 1.515073e+00 -0.876623 -0.019145 -0.014910 0.944734 -0.014910 -0.019145 0.876623 -0.080821 -0.183902 -0.347177 -0.183902 -0.080821 0.000000 
5.000000e-01 5.000000e-01 1.679465e-01 5.000000e-01 5.000000e-01 1.515073e+00 -0.885269 -0.017574 -0.013078 0.946573 -0.013078 -0.017574 0.885269 -0.076641 -0.182299 -0.367389 -0.182299 -0.076641 0.000000 
5.000000e-01 5.000000e-01 1.547455e-01 5.000000e-01 5.000000e-01 1.515073e+00 -0.893937 -0.016000 -0.011240 0.948417 -0.011240 -0.016000 0.893937 -0.072137 -0.179741 -0.390181 -0.179741 -0.072137 0.000000 
5.000000e-01 5.000000e-01 1.415134e-01 5.000000e-01 5.000000e-01 1.515073e+00 -0.902629 -0.014420 -0.009398 0.950265 -0.009398 -0.014420 0.902629 -0.067327 -0.176098 -0.415778 -0.176098 -0.067327 0.000000 
5.000000e-01 5.000000e-01 1.282496e-01 5.000000e-01 5.000000e-01 1.515073e+00 -0.911347 -0.012835 -0.007550 0.952118 -0.007550 -0.012835 0.911347 -0.062183 -0.170998 -0.444986 -0.170998 -0.062183 0.000000 
5.000000e-01 5.000000e-01 1.149533e-01 5.000000e-01 5.000000e-01 1.515073e+00 -0.920095 -0.011245 -0.005696 0.953978 -0.005696 -0.011245 0.920095 -0.056713 -0.164154 -0.478362 -0.164154 -0.056713 0.000000 
5.000000e-01 5.000000e-01 1.016233e-01 5.000000e-01 5.000000e-01 1.515073e+00 -0.928875 -0.009649 -0.003836 0.955844 -0.003836 -0.009649 0.928875 -0.050950 -0.155409 -0.516157 -0.155409 -0.050950 0.000000 
5.000000e-01 5.000000e-01 8.825799e-02 5.000000e-01 5.000000e-01 1.515073e+00 -0.937695 -0.008045 -0.001966 0.957718 -0.001966 -0.008045 0.937695 -0.044878 -0.144202 -0.559534 -0.144202 -0.044878 0.000000 
5.000000e-01 5.000000e-01 7.485533e-02 5.000000e-01 5.000000e-01 1.515073e+00 -0.946561 -0.006433 -0.000088 0.959602 -0.000088 -0.006433 0.946561 -0.038515 -0.130170 -0.609192 -0.130170 -0.038515 0.000000 
5.000000e-01 5.000000e-01 6.141289e-02 5.000000e-01 5.000000e-01 1.515073e+00 -0.955480 -0.004811 0.001803 0.961497 0.001803 -0.004811 0.955480 -0.031900 -0.113267 -0.665145 -0.113267 -0.031900 0.000000 
5.000000e-01 5.000000e-01 4.792852e-02 5.000000e-01 5.000000e-01 1.515073e+00 -0.964463 -0.003177 0.003706 0.963405 0.003706 -0.003177 0.964463 -0.025031 -0.092953 -0.728495 -0.092953 -0.025031 0.000000 
5.000000e-01 5.000000e-01 3.440108e-02 5.000000e-01 5.000000e-01 1.515073e+00 -0.973514 -0.001531 0.005624 0.965328 0.005624 -0.001531 0.973514 -0.017947 -0.069380 -0.798858 -0.069380 -0.017947 0.000000 
5.000000e-01 5.000000e-01 2.083158e-02 5.000000e-01 5.000000e-01 1.515073e+00 -0.982629 0.000127 0.007556 0.967264 0.007556 0.000127 0.982629 -0.010701 -0.043140 -0.874947 -0.043140 -0.010701 0.000000 
5.000000e-01 5.000000e-01 7.226201e-03 5.000000e-01 5.000000e-01 1.515073e+00 -0.991799 0.001795 0.009499 0.969212 0.009499 0.001795 0.991799 -0.003328 -0.014741 -0.955660 -0.014741 -0.003328 0.000000 
5.000000e-01 5.000000e-01 4.999853e-03 5.000000e-01 5.000000e-01 1.515073e+00 -0.993301 0.002068 0.009817 0.969531 0.009817 0.002068 0.993301 -0.002117 -0.009982 -0.969104 -0.009982 -0.002117 0.000000 
5.000000e-01 5.000000e-01 4.999853e-03 5.000000e-01 5.000000e-01 1.515073e+00 -0.993301 0.002068 0.009817 0.969531 0.009817 0.002068 0.993301 -0.002117 -0.009982 -0.969104 -0.009982 -0.002117 0.000000 
5.000000e-01 5.000000e-01 4.999853e-03 5.000000e-01 5.000000e-01 1.515073e+00 -0.993301 0.002068 0.009817 0.969531 0.009817 0.002068 0.993301 -0.002117 -0.009982 -0.969104 -0.009982 -0.002117 0.000000 
5.000000e-01 5.000000e-01 4.999853e-03 5.000000e-01 5.000000e-01 1.515073e+00 -0.993301 0.002068 0.009817 0.969531 0.009817 0.002068 0.993301 -0.002117 -0.009982 -0.969104 -0.009982 -0.002117 0.000000 
5.000000e-01 5.000000e-01 4.999853e-03 5.000000e-01 5.000000e-01 1.515073e+00 -0.993301 0.002068 0.009817 0.969531 0.009817 0.002068 0.993301 -0.002117 -0.009982 -0.969104 -0.009982 -0.002117 0.000000 
5.000000e-01 5.000000e-01 4.999853e-03 5.000000e-01 5.000000e-01 1.515073e+00 -0.993301 0.002068 0.009817 0.969531 0.009817 0.002068 0.993301 -0.002117 -0.009982 -0.969104 -0.009982 -0.002117 0.000000 
5.000000e-01 5.000000e-01 4.999853e-03 5.000000e-01 5.000000e-01 1.515073e+00 -0.993301 0.002068 0.009817 0.969531 0.009817 0.002068 0.993301 -0.002117 -0.009982 -0.969104 -0.009982 -0.002117 0.000000 
5.000000e-01 5.000000e-01 4.999853e-03 5.000000e-01 5.000000e-01 1.515073e+00 -0.993301 0.002068 0.009817 0.969531 0.009817 0.002068 0.993301 -0.002117 -0.009982 -0.969104 -0.009982 -0.002117 0.000000 
5.000000e-01 5.000000e-01 4.999853e-03 5.000000e-01 5.000000e-01 1.515073e+00 -0.993301 0.002068 0.009817 0.969531 0.009817 0.002068 0.993301 -0.002117 -0.009982 -0.969104 -0.009982 -0.002117 0.000000 
5.000000e-01 5.000000e-01 4.999853e-03 5.000000e-01 5.000000e-01 1.515073e+00 -0.993301 0.002068 0.009817 0.969531 0.009817 0.002068 0.993301 -0.002117 -0.009982 -0.969104 -0.009982 -0.002117 0.000000 
5.000000e-01 5.000000e-01 4.999853e-03 5.000000e-01 5.000000e-01 1.515073e+00 -0.993301 0.002068 0.009817 0.969531 0.009817 0.002068 0.993301 -0.002117 -0.009982 -0.969104 -0.009982 -0.002117 0.000000 
5.000000e-01 5.000000e-01 4.999853e-03 5.000000e-01 5.000000e-01 1.515073e+00 -0.993301 0.002068 0.009817 0.969531 0.009817 0.002068 0.993301 -0.002117 -0.009982 -0.969104 -0.009982 -0.002117 0.000000 
5.000000e-01 5.000000e-01 4.999853e-03 5.000000e-01 5.000000e-01 1.515073e+00 -0.993301 0.002068 0.009817 0.969531 0.009817 0.002068 0.993301 -0.002117 -0.009982 -0.969104 -0.009982 -0.002117 0.000000 
5.000000e-01 5.000000e-01 4.999853e-03 5.000000e-01 5.000000e-01 1.515073e+00 -0.993301 0.002068 0.009817 0.969531 0.009817 0.002068 0.993301 -0.002117 -0.009982 -0.969104 -0.009982 -0.002117 0.000000 
5.000000e-01 5.000000e-01 4.999853e-03 5.000000e-01 5.000000e-01 1.515073e+00 -0.993301 0.002068 0.009817 0.969531 0.009817 0.002068 0.993301 -0.002117 -0.009982 -0.969104 -0.009982 -0.002117 0.000000 
5.000000e-01 5.000000e-01 4.999853e-03 5.000000e-01 5.000000e-01 1.515073e+00 -0.993301 0.002068 0.009817 0.969531 0.009817 0.002068 0.993301 -0.002117 -0.009982 -0.969104 -0.009982 -0.002117 0.000000 
5.000000e-01 5.000000e-01 4.999853e-03 5.000000e-01 5.000000e-01 1.515073e+00 -0.993301 0.002068 0.009817 0.969531 0.009817 0.002068 0.993301 -0.002117 -0.009982 -0.969104 -0.009982 -0.002117 0.000000 
5.000000e-01 5.000000e-01 4.999853e-03 5.000000e-01 5.000000e-01 1.515073e+00 -0.993301 0.002068 0.009817 0.969531 0.009817 0.002068 0.993301 -0.002117 -0.009982 -0.969104 -0.009982 -0.002117 0.000000 
5.000000e-01 5.000000e-01 4.999853e-03 5.000000e-01 5.000000e-01 1.515073e+00 -0.993301 0.002068 0.009817 0.969531 0.009817 0.002068 0.993301 -0.002117 -0.009982 -0.969104 -0.009982 -0.002117 0.000000 
5.000000e-01 5.000000e-01 4.999853e-03 5.000000e-01 5.000000e-01 1.515073e+00 -0.993301 0.002068 0.009817 0.969531 0.009817 0.002068 0.993301 -0.002117 -0.009982 -0.969104 -0.009982 -0.002117 0.000000 
5.000000e-01 5.000000e-01 4.999853e-03 5.000000e-01 5.000000e-01 1.515073e+00 -0.993301 0.002068 0.009817 0.969531 0.009817 0.002068 0.993301 -0.002117 -0.009982 -0.969104 -0.009982 -0.002117 0.000000 
5.000000e-01 5.000000e-01 4.999853e-03 5.000000e-01 5.000000e-01 1.515073e+00 -0.993301 0.002068 0.009817 0.969531 0.009817 0.002068 0.993301 -0.002117 -0.009982 -0.969104 -0.009982 -0.002117 0.000000 
5.000000e-01 5.000000e-01 4.999853e-03 5.000000e-01 5.000000e-01 1.515073e+00 -0.993301 0.002068 0.009817 0.969531 0.009817 0.002068 0.993301 -0.002117 -0.009982 -0.969104 -0.009982 -0.002117 0.000000 
5.000000e-01 5.000000e-01 4.999853e-03 5.000000e-01 5.000000e-01 1.515073e+00 -0.993301 0.002068 0.009817 0.969531 0.009817 0.002068 0.993301 -0.002117 -0.009982 -0.969104 -0.009982 -0.002117 0.000000 
5.000000e-01 5.000000e-01 4.999853e-03 5.000000e-01 5.000000e-01 1.515073e+00 -0.993301 0.002068 0.009817 0.969531 0.009817 0.002068 0.993301 -0.002117 -0.009982 -0.969104 -0.009982 -0.002117 0.000000 
5.000000e-01 5.000000e-01 4.999853e-03 5.000000e-01 5.000000e-01 1.515073e+00 -0.993301 0.002068 0.009817 0.969531 0.009817 0.002068 0.993301 -0.002117 -0.009982 -0.969104 -0.009982 -0.002117 0.000000 
5.000000e-01 5.000000e-01 4.999853e-03 5.000000e-01 5.000000e-01 1.515073e+00 -0.993301 0.002068 0.009817 0.969531 0.009817 0.002068 0.993301 -0.002117 -0.009982 -0.969104 -0.009982 -0.002117 0.000000 
5.000000e-01 5.000000e-01 4.999853e-03 5.000000e-01 5.000000e-01 1.515073e+00 -0.993301 0.002068 0.009817 0.969531 0.009817 0.002068 0.993301 -0.002117 -0.009982 -0.969104 -0.009982 -0.002117 0.000000 
5.000000e-01 5.000000e-01 4.999853e-03 5.000000e-01 5.000000e-01 1.515073e+00 -0.993301 0.002068 0.009817 0.969531 0.009817 0.002068 0.993301 -0.002117 -0.009982 -0.969104 -0.009982 -0.002117 0.000000 
5.000000e-01 5.000000e-01 4.999853e-03 5.000000e-01 5.000000e-01 1.515073e+00 -0.993301 0.002068 0.009817 0.969531 0.009817 0.002068 0.993301 -0.002117 -0.009982 -0.969104 -0.009982 -0.002117 0.000000 
5.000000e-01 5.000000e-01 4.999853e-03 5.000000e-01 5.000000e-01 1.515073e+00 -0.993301 0.002068 0.009817 0.969531 0.009817 0.002068 0.993301 -0.002117 -0.009982 -0.969104 -0.009982 -0.002117 0.000000 
5.000000e-01 5.000000e-01 4.999853e-03 5.000000e-01 5.000000e-01 1.515073e+00 -0.993301 0.002068 0.009817 0.969531 0.009817 0.002068 0.993301 -0.002117 -0.009982 -0.969104 -0.009982 -0.002117 0.000000 
5.000000e-01 5.000000e-01 4.999853e-03 5.000000e-01 5.000000e-01 1.515073e+00 -0.993301 0.002068 0.009817 0.969531 0.009817 0.002068 0.993301 -0.002117 -0.009982 -0.969104 -0.009982 -0.002117 0.000000 
5.000000e-01 5.000000e-01 4.999853e-03 5.000000e-01 5.000000e-01 1.515073e+00 -0.993301 0.002068 0.009817 0.969531 0.009817 0.002068 0.993301 -0.002117 -0.009982 -0.969104 -0.009982 -0.002117 0.000000 
5.000000e-01 5.000000e-01 4.999853e-03 5.000000e-01 5.000000e-01 1.515073e+00 -0.993301 0.002068 0.009817 0.969531 0.009817 0.002068 0.993301 -0.002117 -0.009982 -0.969104 -0.009982 -0.002117 0.000000 
5.000000e-01 5.000000e-01 4.999853e-03 5.000000e-01 5.000000e-01 1.515073e+00 -0.993301 0.002068 0.009817 0.969531 0.009817 0.002068 0.993301 -0.002117 -0.009982 -0.969104 -0.009982 -0.002117 0.000000 
5.000000e-01 5.000000e-01 4.999853e-03 5.000000e-01 5.000000e-01 1.515073e+00 -0.993301 0.002068 0.009817 0.969531 0.009817 0.002068 0.993301 -0.002117 -0.009982 -0.969104 -0.009982 -0.002117 0.000000 
5.000000e-01 5.000000e-01 4.999853e-03 5.000000e-01 5.000000e-01 1.515073e+00 -0.993301 0.002068 0.009817 0.969531 0.009817 0.002068 0.993301 -0.002117 -0.009982 -0.969104 -0.009982 -0.002117 0.000000 
5.000000e-01 5.000000e-01 4.999853e-03 5.000000e-01 5.000000e-01 1.515073e+00 -0.993301 0.002068 0.009817 0.969531 0.009817 0.002068 0.993301 -0.002117 -0.009982 -0.969104 -0.009982 -0.002117 0.000000 
5.000000e-01 5.000000e-01 4.999853e-03 5.000000e-01 5.000000e-01 1.515073e+00 -0.993301 0.002068 0.009817 0.969531 0.009817 0.002068 0.993301 -0.002117 -0.009982 -0.969104 -0.009982 -0.002117 0.000000 
5.000000e-01 5.000000e-01 4.999853e-03 5.000000e-01 5.000000e-01 1.515073e+00 -0.993301 0.002068 0.009817 0.969531 0.009817 0.002068 0.993301 -0.002117 -0.009982 -0.969104 -0.009982 -0.002117 0.000000 
5.000000e-01 5.000000e-01 4.999853e-03 5.000000e-01 5.000000e-01 1.515073e+00 -0.993301 0.002068 0.009817 0.969531 0.009817 0.002068 0.993301 -0.002117 -0.009982 -0.969104 -0.009982 -0.002117 0.000000 
5.000000e-01 5.000000e-01 4.999853e-03 5.000000e-01 5.000000e-01 1.515073e+00 -0.993301 0.002068 0.009817 0.969531 0.009817 0.002068 0.993301 -0.002117 -0.009982 -0.969104 -0.009982 -0.002117 0.000000 
5.000000e-01 5.000000e-01 4.999853e-03 5.000000e-01 5.000000e-01 1.515073e+00 -0.993301 0.002068 0.009817 0.969531 0.009817 0.002068 0.993301 -0.002117 -0.009982 -0.969104 -0.009982 -0.002117 0.000000 
5.000000e-01 5.000000e-01 4.999853e-03 5.000000e-01 5.000000e-01 1.515073e+00 -0.993301 0.002068 0.009817 0.969531 0.009817 0.002068 0.993301 -0.002117 -0.009982 -0.969104 -0.009982 -0.002117 0.000000 
5.000000e-01 5.000000e-01 4.999853e-03 5.000000e-01 5.000000e-01 1.515073e+00 -0.993301 0.002068 0.009817 0.969531 0.009817 0.002068 0.993301 -0.002117 -0.009982 -0.969104 -0.009982 -0.002117 0.000000 
5.000000e-01 5.000000e-01 4.999853e-03 5.000000e-01 5.000000e-01 1.515073e+00 -0.993301 0.002068 0.009817 0.969531 0.009817 0.002068 0.993301 -0.002117 -0.009982 -0.969104 -0.009982 -0.002117 0.000000 
5.000000e-01 5.000000e-01 4.999853e-03 5.000000e-01 5.000000e-01 1.515073e+00 -0.993301 0.002068 0.009817 0.969531 0.009817 0.002068 0.993301 -0.002117 -0.009982 -0.969104 -0.009982 -0.002117 0.000000 
5.000000e-01 5.000000e-01 4.999853e-03 5.000000e-01 5.000000e-01 1.515073e+00 -0.993301 0.002068 0.009817 0.969531 0.009817 0.002068 0.993301 -0.002117 -0.009982 -0.969104 -0.009982 -0.002117 0.000000 
5.000000e-01 5.000000e-01 4.999853e-03 5.000000e-01 5.000000e-01 1.515073e+00 -0.993301 0.002068 0.009817 0.969531 0.009817 0.002068 0.993301 -0.002117 -0.009982 -0.969104 -0.009982 -0.002117 0.000000 
5.000000e-01 5.000000e-01 4.999853e-03 5.000000e-01 5.000000e-01 1.515073e+00 -0.993301 0.002068 0.009817 0.969531 0.009817 0.002068 0.993301 -0.002117 -0.009982 -0.969104 -0.009982 -0.002117 0.000000 
5.000000e-01 5.000000e-01 4.999853e-03 5.000000e-01 5.000000e-01 1.515073e+00 -0.993301 0.002068 0.009817 0.969531 0.009817 0.002068 0.993301 -0.002117 -0.009982 -0.969104 -0.009982 -0.002117 0.000000 
5.000000e-01 5.000000e-01 4.999853e-03 5.000000e-01 5.000000e-01 1.515073e+00 -0.993301 0.002068 0.009817 0.969531 0.009817 0.002068 0.993301 -0.002117 -0.009982 -0.969104 -0.009982 -0.002117 0.000000 
5.000000e-01 5.000000e-01 4.999853e-03 5.000000e-01 5.000000e-01 1.515073e+00 -0.993301 0.002068 0.009817 0.969531 0.009817 0.002068 0.993301 -0.002117 -0.009982 -0.969104 -0.009982 -0.002117 0.000000 
5.000000e-01 5.000000e-01 4.999853e-03 5.000000e-01 5.000000e-01 1.515073e+00 -0.993301 0.002068 0.009817 0.969531 0.009817 0.002068 0.993301 -0.002117 -0.009982 -0.969104 -0.009982 -0.002117 0.000000 
5.000000e-01 5.000000e-01 4.999853e-03 5.000000e-01 5.000000e-01 1.515073e+00 -0.993301 0.002068 0.009817 0.969531 0.009817 0.002068 0.993301 -0.002117 -0.009982 -0.969104 -0.009982 -0.002117 0.000000 
5.000000e-01 5.000000e-01 4.999853e-03 5.000000e-01 5.000000e-01 1.515073e+00 -0.993301 0.002068 0.009817 0.969531 0.009817 0.002068 0.993301 -0.002117 -0.009982 -0.969104 -0.009982 -0.002117 0.000000 
5.000000e-01 5.000000e-01 4.999853e-03 5.000000e-01 5.000000e-01 1.515073e+00 -0.993301 0.002068 0.009817 0.969531 0.009817 0.002068 0.993301 -0.002117 -0.009982 -0.969104 -0.009982 -0.002117 0.000000 
5.000000e-01 5.000000e-01 4.999853e-03 5.000000e-01 5.000000e-01 1.515073e+00 -0.993301 0.002068 0.009817 0.969531 0.009817 0.002068 0.993301 -0.002117 -0.009982 -0.969104 -0.009982 -0.002117 0.000000 
5.000000e-01 5.000000e-01 4.999853e-03 5.000000e-01 5.000000e-01 1.515073e+00 -0.993301 0.002068 0.009817 0.969531 0.009817 0.002068 0.993301 -0.002117 -0.009982 -0.969104 -0.009982 -0.002117 0.000000 
5.000000e-01 5.000000e-01 4.999853e-03 5.000000e-01 5.000000e-01 1.515073e+00 -0.993301 0.002068 0.009817 0.969531 0.009817 0.002068 0.993301 -0.002117 -0.009982 -0.969104 -0.009982 -0.002117 0.000000 
5.000000e-01 5.000000e-01 4.999853e-03 5.000000e-01 5.000000e-01 1.515073e+00 -0.993301 0.002068 0.009817 0.969531 0.009817 0.002068 0.993301 -0.002117 -0.009982 -0.969104 -0.009982 -0.002117 0.000000 
5.000000e-01 5.000000e-01 4.999853e-03 5.000000e-01 5.000000e-01 1.515073e+00 -0.993301 0.002068 0.009817 0.969531 0.009817 0.002068 0.993301 -0.002117 -0.009982 -0.969104 -0.009982 -0.002117 0.000000 
5.000000e-01 5.000000e-01 4.999853e-03 5.000000e-01 5.000000e-01 1.515073e+00 -0.993301 0.002068 0.009817 0.969531 0.009817 0.002068 0.993301 -0.002117 -0.009982 -0.969104 -0.009982 -0.002117 0.000000 
5.000000e-01 5.000000e-01 4.999853e-03 5.000000e-01 5.000000e-01 1.515073e+00 -0.993301 0.002068 0.009817 0.969531 0.009817 0.002068 0.993301 -0.002117 -0.009982 -0.969104 -0.009982 -0.002117 0.000000 
5.000000e-01 5.000000e-01 4.999853e-03 5.000000e-01 5.000000e-01 1.515073e+00 -0.993301 0.002068 0.009817 0.969531 0.009817 0.002068 0.993301 -0.002117 -0.009982 -0.969104 -0.009982 -0.002117 0.000000 
5.000000e-01 5.000000e-01 4.999853e-03 5.000000e-01 5.000000e-01 1.515073e+00 -0.993301 0.002068 0.009817 0.969531 0.009817 0.002068 0.993301 -0.002117 -0.009982 -0.969104 -0.009982 -0.002117 0.000000 
5.000000e-01 5.000000e-01 4.999853e-03 5.000000e-01 5.000000e-01 1.515073e+00 -0.993301 0.002068 0.009817 0.969531 0.009817 0.002068 0.993301 -0.002117 -0.009982 -0.969104 -0.009982 -0.002117 0.000000 
5.000000e-01 5.000000e-01 4.999853e-03 5.000000e-01 5.000000e-01 1.515073e+00 -0.993301 0.002068 0.009817 0.969531 0.009817 0.002068 0.993301 -0.002117 -0.009982 -0.969104 -0.009982 -0.002117 0.000000 
5.000000e-01 5.000000e-01 4.999853e-03 5.000000e-01 5.000000e-01 1.515073e+00 -0.993301 0.002068 0.009817 0.969531 0.009817 0.002068 0.993301 -0.002117 -0.009982 -0.969104 -0.009982 -0.002117 0.000000 
5.000000e-01 5.000000e-01 4.999853e-03 5.000000e-01 5.000000e-01 1.515073e+00 -0.993301 0.002068 0.009817 0.969531 0.009817 0.002068 0.993301 -0.002117 -0.009982 -0.969104 -0.009982 -0.002117 0.000000 
5.000000e-01 5.000000e-01 4.999853e-03 5.000000e-01 5.000000e-01 1.515073e+00 -0.993301 0.002068 0.009817 0.969531 0.009817 0.002068 0.993301 -0.002117 -0.009982 -0.969104 -0.009982 -0.002117 0.000000 
5.000000e-01 5.000000e-01 4.999853e-03 5.000000e-01 5.000000e-01 1.515073e+00 -0.993301 0.002068 0.009817 0.969531 0.009817 0.002068 0.993301 -0.002117 -0.009982 -0.969104 -0.009982 -0.002117 0.000000 
5.000000e-01 5.000000e-01 4.999853e-03 5.000000e-01 5.000000e-01 1.515073e+00 -0.993301 0.002068 0.009817 0.969531 0.009817 0.002068 0.993301 -0.002117 -0.009982 -0.969104 -0.009982 -0.002117 0.000000 
5.000000e-01 5.000000e-01 4.999853e-03 5.000000e-01 5.000000e-01 1.515073e+00 -0.993301 0.002068 0.009817 0.969531 0.009817 0.002068 0.993301 -0.002117 -0.009982 -0.969104 -0.009982 -0.002117 0.000000 
5.000000e-01 5.000000e-01 4.999853e-03 5.000000e-01 5.000000e-01 1.515073e+00 -0.993301 0.002068 0.009817 0.969531 0.009817 0.002068 0.993301 -0.002117 -0.009982 -0.969104 -0.009982 -0.002117 0.000000 
5.000000e-01 5.000000e-01 4.999853e-03 5.000000e-01 5.000000e-01 1.515073e+00 -0.993301 0.002068 0.009817 0.969531 0.009817 0.002068 0.993301 -0.002117 -0.009982 -0.969104 -0.009982 -0.002117 0.000000 
5.000000e-01 5.000000e-01 4.999853e-03 5.000000e-01 5.000000e-01 1.515073e+00 -0.993301 0.002068 0.009817 0.969531 0.009817 0.002068 0.993301 -0.002117 -0.009982 -0.969104 -0.009982 -0.002117 0.000000 
5.000000e-01 5.000000e-01 4.999853e-03 5.000000e-01 5.000000e-01 1.515073e+00 -0.993301 0.002068 0.009817 0.969531 0.009817 0.002068 0.993301 -0.002117 -0.009982 -0.969104 -0.009982 -0.002117 0.000000 
5.000000e-01 5.000000e-01 4.999853e-03 5.000000e-01 5.000000e-01 1.515073e+00 -0.993301 0.002068 0.009817 0.969531 0.009817 0.002068 0.993301 -0.002117 -0.009982 -0.969104 -0.009982 -0.002117 0.000000 
5.000000e-01 5.000000e-01 4.999853e-03 5.000000e-01 5.000000e-01 1.515073e+00 -0.993301 0.002068 0.009817 0.969531 0.009817 0.002068 0.993301 -0.002117 -0.009982 -0.969104 -0.009982 -0.002117 0.000000 
5.000000e-01 5.000000e-01 4.999853e-03 5.000000e-01 5.000000e-01 1.515073e+00 -0.993301 0.002068 0.009817 0.969531 0.009817 0.002068 0.993301 -0.002117 -0.009982 -0.969104 -0.009982 -0.002117 0.000000 
5.000000e-01 5.000000e-01 4.999853e-03 5.000000e-01 5.000000e-01 1.515073e+00 -0.993301 0.002068 0.009817 0.969531 0.009817 0.002068 0.993301 -0.002117 -0.009982 -0.969104 -0.009982 -0.002117 0.000000 
5.000000e-01 5.000000e-01 4.999853e-03 5.000000e-01 5.000000e-01 1.515073e+00 -0.993301 0.002068 0.009817 0.969531 0.009817 0.002068 0.993301 -0.002117 -0.009982 -0.969104 -0.009982 -0.002117 0.000000 
5.000000e-01 5.000000e-01 4.999853e-03 5.000000e-01 5.000000e-01 1.515073e+00 -0.993301 0.002068 0.009817 0.969531 0.009817 0.002068 0.993301 -0.002117 -0.009982 -0.969104 -0.009982 -0.002117 0.000000 
5.000000e-01 5.000000e-01 4.999853e-03 5.000000e-01 5.000000e-01 1.515073e+00 -0.993301 0.002068 0.009817 0.969531 0.009817 0.002068 0.993301 -0.002117 -0.009982 -0.969104 -0.009982 -0.002117 0.000000 
5.000000e-01 5.000000e-01 4.999853e-03 5.000000e-01 5.000000e-01 1.515073e+00 -0.993301 0.002068 0.009817 0.969531 0.009817 0.002068 0.993301 -0.002117 -0.009982 -0.969104 -0.009982 -0.002117 0.000000 
5.000000e-01 5.000000e-01 4.999853e-03 5.000000e-01 5.000000e-01 1.515073e+00 -0.993301 0.002068 0.009817 0.969531 0.009817 0.002068 0.993301 -0.002117 -0.009982 -0.969104 -0.009982 -0.002117 0.000000 
5.000000e-01 5.000000e-01 4.999853e-03 5.000000e-01 5.000000e-01 1.515073e+00 -0.993301 0.002068 0.009817 0.969531 0.009817 0.002068 0.993301 -0.002117 -0.009982 -0.969104 -0.009982 -0.002117 0.000000 
5.000000e-01 5.000000e-01 4.999853e-03 5.000000e-01 5.000000e-01 1.515073e+00 -0.993301 0.002068 0.009817 0.969531 0.009817 0.002068 0.993301 -0.002117 -0.009982 -0.969104 -0.009982 -0.002117 0.000000 
5.000000e-01 5.000000e-01 4.999853e-03 5.000000e-01 5.000000e-01 1.515073e+00 -0.993301 0.002068 0.009817 0.969531 0.009817 0.002068 0.993301 -0.002117 -0.009982 -0.969104 -0.009982 -0.002117 0.000000 
5.000000e-01 5.000000e-01 4.999853e-03 5.000000e-01 5.000000e-01 1.515073e+00 -0.993301 0.002068 0.009817 0.969531 0.009817 0.002068 0.993301 -0.002117 -0.009982 -0.969104 -0.009982 -0.002117 0.000000 
5.000000e-01 5.000000e-01 4.999853e-03 5.000000e-01 5.000000e-01 1.515073e+00 -0.993301 0.002068 0.009817 0.969531 0.009817 0.002068 0.993301 -0.002117 -0.009982 -0.969104 -0.009982 -0.002117 0.000000 
5.000000e-01 5.000000e-01 4.999853e-03 5.000000e-01 5.000000e-01 1.515073e+00 -0.993301 0.002068 0.009817 0.969531 0.009817 0.002068 0.993301 -0.002117 -0.009982 -0.969104 -0.009982 -0.002117 0.000000 
5.000000e-01 5.000000e-01 4.999853e-03 5.000000e-01 5.000000e-01 1.515073e+00 -0.993301 0.002068 0.009817 0.969531 0.009817 0.002068 0.993301 -0.002117 -0.009982 -0.969104 -0.009982 -0.002117 0.000000 
5.000000e-01 5.000000e-01 4.999853e-03 5.000000e-01 5.000000e-01 1.515073e+00 -0.993301 0.002068 0.009817 0.969531 0.009817 0.002068 0.993301 -0.002117 -0.009982 -0.969104 -0.009982 -0.002117 0.000000 
5.000000e-01 5.000000e-01 4.999853e-03 5.000000e-01 5.000000e-01 1.515073e+00 -0.993301 0.002068 0.009817 0.969531 0.009817 0.002068 0.993301 -0.002117 -0.009982 -0.969104 -0.009982 -0.002117 0.000000 
5.000000e-01 5.000000e-01 4.999853e-03 5.000000e-01 5.000000e-01 1.515073e+00 -0.993301 0.002068 0.009817 0.969531 0.009817 0.002068 0.993301 -0.002117 -0.009982 -0.969104 -0.009982 -0.002117 0.000000 
5.000000e-01 5.000000e-01 4.999853e-03 5.000000e-01 5.000000e-01 1.515073e+00 -0.993301 0.002068 0.009817 0.969531 0.009817 0.002068 0.993301 -0.002117 -0.009982 -0.969104 -0.009982 -0.002117 0.000000 
5.000000e-01 5.000000e-01 4.999853e-03 5.000000e-01 5.000000e-01 1.515073e+00 -0.993301 0.002068 0.009817 0.969531 0.009817 0.002068 0.993301 -0.002117 -0.009982 -0.969104 -0.009982 -0.002117 0.000000 
5.000000e-01 5.000000e-01 4.999853e-03 5.000000e-01 5.000000e-01 1.515073e+00 -0.993301 0.002068 0.009817 0.969531 0.009817 0.002068 0.993301 -0.002117 -0.009982 -0.969104 -0.009982 -0.002117 0.000000 
5.000000e-01 5.000000e-01 4.999853e-03 5.000000e-01 5.000000e-01 1.515073e+00 -0.993301 0.002068 0.009817 0.969531 0.009817 0.002068 0.993301 -0.002117 -0.009982 -0.969104 -0.009982 -0.002117 0.000000 
5.000000e-01 5.000000e-01 4.999853e-03 5.000000e-01 5.000000e-01 1.515073e+00 -0.993301 0.002068 0.009817 0.969531 0.009817 0.002068 0.993301 -0.002117 -0.009982 -0.969104 -0.009982 -0.002117 0.000000 
5.000000e-01 5.000000e-01 4.999853e-03 5.000000e-01 5.000000e-01 1.515073e+00 -0.993301 0.002068 0.009817 0.969531 0.009817 0.002068 0.993301 -0.002117 -0.009982 -0.969104 -0.009982 -0.002117 0.000000 
5.000000e-01 5.000000e-01 4.999853e-03 5.000000e-01 5.000000e-01 1.515073e+00 -0.993301 0.002068 0.009817 0.969531 0.009817 0.002068 0.993301 -0.002117 -0.009982 -0.969104 -0.009982 -0.002117 0.000000 
5.000000e-01 5.000000e-01 4.999853e-03 5.000000e-01 5.000000e-01 1.515073e+00 -0.993301 0.002068 0.009817 0.969531 0.009817 0.002068 0.993301 -0.002117 -0.009982 -0.969104 -0.009982 -0.002117 0.000000 
5.000000e-01 5.000000e-01 4.999853e-03 5.000000e-01 5.000000e-01 1.515073e+00 -0.993301 0.002068 0.009817 0.969531 0.009817 0.002068 0.993301 -0.002117 -0.009982 -0.969104 -0.009982 -0.002117 0.000000 
5.000000e-01 5.000000e-01 4.999853e-03 5.000000e-01 5.000000e-01 1.515073e+00 -0.993301 0.002068 0.009817 0.969531 0.009817 0.002068 0.993301 -0.002117 -0.009982 -0.969104 -0.009982 -0.002117 0.000000 
5.000000e-01 5.000000e-01 4.999853e-03 5.000000e-01 5.000000e-01 1.515073e+00 -0.993301 0.002068 0.009817 0.969531 0.009817 0.002068 0.993301 -0.002117 -0.009982 -0.969104 -0.009982 -0.002117 0.000000 
5.000000e-01 5.000000e-01 4.999853e-03 5.000000e-01 5.000000e-01 1.515073e+00 -0.993301 0.002068 0.009817 0.969531 0.009817 0.002068 0.993301 -0.002117 -0.009982 -0.969104 -0.009982 -0.002117 0.000000 
5.000000e-01 5.000000e-01 4.999853e-03 5.000000e-01 5.000000e-01 1.515073e+00 -0.993301 0.002068 0.009817 0.969531 0.009817 0.002068 0.993301 -0.002117 -0.009982 -0.969104 -0.009982 -0.002117 0.000000 
5.000000e-01 5.000000e-01 4.999853e-03 5.000000e-01 5.000000e-01 1.515073e+00 -0.993301 0.002068 0.009817 0.969531 0.009817 0.002068 0.993301 -0.002117 -0.009982 -0.969104 -0.009982 -0.002117 0.000000 
5.000000e-01 5.000000e-01 4.999853e-03 5.000000e-01 5.000000e-01 1.515073e+00 -0.993301 0.002068 0.009817 0.969531 0.009817 0.002068 0.993301 -0.002117 -0.009982 -0.969104 -0.009982 -0.002117 0.000000 
5.000000e-01 5.000000e-01 4.999853e-03 5.000000e-01 5.000000e-01 1.515073e+00 -0.993301 0.002068 0.009817 0.969531 0.009817 0.002068 0.993301 -0.002117 -0.009982 -0.969104 -0.009982 -0.002117 0.000000 
5.000000e-01 5.000000e-01 4.999853e-03 5.000000e-01 5.000000e-01 1.515073e+00 -0.993301 0.002068 0.009817 0.969531 0.009817 0.002068 0.993301 -0.002117 -0.009982 -0.969104 -0.009982 -0.002117 0.000000 
5.000000e-01 5.000000e-01 4.999853e-03 5.000000e-01 5.000000e-01 1.515073e+00 -0.993301 0.002068 0.009817 0.969531 0.009817 0.002068 0.993301 -0.002117 -0.009982 -0.969104 -0.009982 -0.002117 0.000000 
5.000000e-01 5.000000e-01 4.999853e-03 5.000000e-01 5.000000e-01 1.515073e+00 -0.993301 0.002068 0.009817 0.969531 0.009817 0.002068 0.993301 -0.002117 -0.009982 -0.969104 -0.009982 -0.002117 0.000000 
5.000000e-01 5.000000e-01 4.999853e-03 5.000000e-01 5.000000e-01 1.515073e+00 -0.993301 0.002068 0.009817 0.969531 0.009817 0.002068 0.993301 -0.002117 -0.009982 -0.969104 -0.009982 -0.002117 0.000000 
5.000000e-01 5.000000e-01 4.999853e-03 5.000000e-01 5.000000e-01 1.515073e+00 -0.993301 0.002068 0.009817 0.969531 0.009817 0.002068 0.993301 -0.002117 -0.009982 -0.969104 -0.009982 -0.002117 0.000000 
5.000000e-01 5.000000e-01 4.999853e-03 5.000000e-01 5.000000e-01 1.515073e+00 -0.993301 0.002068 0.009817 0.969531 0.009817 0.002068 0.993301 -0.002117 -0.009982 -0.969104 -0.009982 -0.002117 0.000000 
5.000000e-01 5.000000e-01 4.999853e-03 5.000000e-01 5.000000e-01 1.515073e+00 -0.993301 0.002068 0.009817 0.969531 0.009817 0.002068 0.993301 -0.002117 -0.009982 -0.969104 -0.009982 -0.002117 0.000000 
5.000000e-01 5.000000e-01 4.999853e-03 5.000000e-01 5.000000e-01 1.515073e+00 -0.993301 0.002068 0.009817 0.969531 0.009817 0.002068 0.993301 -0.002117 -0.009982 -0.969104 -0.009982 -0.002117 0.000000 
5.000000e-01 5.000000e-01 4.999853e-03 5.000000e-01 5.000000e-01 1.515073e+00 -0.993301 0.002068 0.009817 0.969531 0.009817 0.002068 0.993301 -0.002117 -0.009982 -0.969104 -0.009982 -0.002117 0.000000 
5.000000e-01 5.000000e-01 4.999853e-03 5.000000e-01 5.000000e-01 1.515073e+00 -0.993301 0.002068 0.009817 0.969531 0.009817 0.002068 0.993301 -0.002117 -0.009982 -0.969104 -0.009982 -0.002117 0.000000 
5.000000e-01 5.000000e-01 4.999853e-03 5.000000e-01 5.000000e-01 1.515073e+00 -0.993301 0.002068 0.009817 0.969531 0.009817 0.002068 0.993301 -0.002117 -0.009982 -0.969104 -0.009982 -0.002117 0.000000 
5.000000e-01 5.000000e-01 4.999853e-03 5.000000e-01 5.000000e-01 1.515073e+00 -0.993301 0.002068 0.009817 0.969531 0.009817 0.002068 0.993301 -0.002117 -0.009982 -0.969104 -0.009982 -0.002117 0.000000 
5.000000e-01 5.000000e-01 4.999853e-03 5.000000e-01 5.000000e-01 1.515073e+00 -0.993301 0.002068 0.009817 0.969531 0.009817 0.002068 0.993301 -0.002117 -0.009982 -0.969104 -0.009982 -0.002117 0.000000 
5.000000e-01 5.000000e-01 4.999853e-03 5.000000e-01 5.000000e-01 1.515073e+00 -0.993301 0.002068 0.009817 0.969531 0.009817 0.002068 0.993301 -0.002117 -0.009982 -0.969104 -0.009982 -0.002117 0.000000 
5.000000e-01 5.000000e-01 4.999853e-03 5.000000e-01 5.000000e-01 1.515073e+00 -0.993301 0.002068 0.009817 0.969531 0.009817 0.002068 0.993301 -0.002117 -0.009982 -0.969104 -0.009982 -0.002117 0.000000 
5.000000e-01 5.000000e-01 4.999853e-03 5.000000e-01 5.000000e-01 1.515073e+00 -0.993301 0.002068 0.009817 0.969531 0.009817 0.002068 0.993301 -0.002117 -0.009982 -0.969104 -0.009982 -0.002117 0.000000 
5.000000e-01 5.000000e-01 4.999853e-03 5.000000e-01 5.000000e-01 1.515073e+00 -0.993301 0.002068 0.009817 0.969531 0.009817 0.002068 0.993301 -0.002117 -0.009982 -0.969104 -0.009982 -0.002117 0.000000 
5.000000e-01 5.000000e-01 4.999853e-03 5.000000e-01 5.000000e-01 1.515073e+00 -0.993301 0.002068 0.009817 0.969531 0.009817 0.002068 0.993301 -0.002117 -0.009982 -0.969104 -0.009982 -0.002117 0.000000 
5.000000e-01 5.000000e-01 4.999853e-03 5.000000e-01 5.000000e-01 1.515073e+00 -0.993301 0.002068 0.009817 0.969531 0.009817 0.002068 0.993301 -0.002117 -0.009982 -0.969104 -0.009982 -0.002117 0.000000 
5.000000e-01 5.000000e-01 4.999853e-03 5.000000e-01 5.000000e-01 1.515073e+00 -0.993301 0.002068 0.009817 0.969531 0.009817 0.002068 0.993301 -0.002117 -0.009982 -0.969104 -0.009982 -0.002117 0.000000 
5.000000e-01 5.000000e-01 4.999853e-03 5.000000e-01 5.000000e-01 1.515073e+00 -0.993301 0.002068 0.009817 0.969531 0.009817 0.002068 0.993301 -0.002117 -0.009982 -0.969104 -0.009982 -0.002117 0.000000 
5.000000e-01 5.000000e-01 4.999853e-03 5.000000e-01 5.000000e-01 1.515073e+00 -0.993301 0.002068 0.009817 0.969531 0.009817 0.002068 0.993301 -0.002117 -0.009982 -0.969104 -0.009982 -0.002117 0.000000 
5.000000e-01 5.000000e-01 4.999853e-03 5.000000e-01 5.000000e-01 1.515073e+00 -0.993301 0.002068 0.009817 0.969531 0.009817 0.002068 0.993301 -0.002117 -0.009982 -0.969104 -0.009982 -0.002117 0.000000 
5.000000e-01 5.000000e-01 4.999853e-03 5.000000e-01 5.000000e-01 1.515073e+00 -0.993301 0.002068 0.009817 0.969531 0.009817 0.002068 0.993301 -0.002117 -0.009982 -0.969104 -0.009982 -0.002117 0.000000 
5.000000e-01 5.000000e-01 4.999853e-03 5.000000e-01 5.000000e-01 1.515073e+00 -0.993301 0.002068 0.009817 0.969531 0.009817 0.002068 0.993301 -0.002117 -0.009982 -0.969104 -0.009982 -0.002117 0.000000 
5.000000e-01 5.000000e-01 4.999853e-03 5.000000e-01 5.000000e-01 1.515073e+00 -0.993301 0.002068 0.009817 0.969531 0.009817 0.002068 0.993301 -0.002117 -0.009982 -0.969104 -0.009982 -0.002117 0.000000 
5.000000e-01 5.000000e-01 4.999853e-03 5.000000e-01 5.000000e-01 1.515073e+00 -0.993301 0.002068 0.009817 0.969531 0.009817 0.002068 0.993301 -0.002117 -0.009982 -0.969104 -0.009982 -0.002117 0.000000 
5.000000e-01 5.000000e-01 4.999853e-03 5.000000e-01 5.000000e-01 1.515073e+00 -0.993301 0.002068 0.009817 0.969531 0.009817 0.002068 0.993301 -0.002117 -0.009982 -0.969104 -0.009982 -0.002117 0.000000 
5.000000e-01 5.000000e-01 4.999853e-03 5.000000e-01 5.000000e-01 1.515073e+00 -0.993301 0.002068 0.009817 0.969531 0.009817 0.002068 0.993301 -0.002117 -0.009982 -0.969104 -0.009982 -0.002117 0.000000 
5.000000e-01 5.000000e-01 4.999853e-03 5.000000e-01 5.000000e-01 1.515073e+00 -0.993301 0.002068 0.009817 0.969531 0.009817 0.002068 0.993301 -0.002117 -0.009982 -0.969104 -0.009982 -0.002117 0.000000 
5.000000e-01 5.000000e-01 4.999853e-03 5.000000e-01 5.000000e-01 1.515073e+00 -0.993301 0.002068 0.009817 0.969531 0.009817 0.002068 0.993301 -0.002117 -0.009982 -0.969104 -0.009982 -0.002117 0.000000 
5.000000e-01 5.000000e-01 4.999853e-03 5.000000e-01 5.000000e-01 1.515073e+00 -0.993301 0.002068 0.009817 0.969531 0.009817 0.002068 0.993301 -0.002117 -0.009982 -0.969104 -0.009982 -0.002117 0.000000 
5.000000e-01 5.000000e-01 4.999853e-03 5.000000e-01 5.000000e-01 1.515073e+00 -0.993301 0.002068 0.009817 0.969531 0.009817 0.002068 0.993301 -0.002117 -0.009982 -0.969104 -0.009982 -0.002117 0.000000 
5.000000e-01 5.000000e-01 4.999853e-03 5.000000e-01 5.000000e-01 1.515073e+00 -0.993301 0.002068 0.009817 0.969531 0.009817 0.002068 0.993301 -0.002117 -0.009982 -0.969104 -0.009982 -0.002117 0.000000 
5.000000e-01 5.000000e-01 4.999853e-03 5.000000e-01 5.000000e-01 1.515073e+00 -0.993301 0.002068 0.009817 0.969531 0.009817 0.002068 0.993301 -0.002117 -0.009982 -0.969104 -0.009982 -0.002117 0.000000 
5.000000e-01 5.000000e-01 4.999853e-03 5.000000e-01 5.000000e-01 1.515073e+00 -0.993301 0.002068 0.009817 0.969531 0.009817 0.002068 0.993301 -0.002117 -0.009982 -0.969104 -0.009982 -0.002117 0.000000 
5.000000e-01 5.000000e-01 4.999853e-03 5.000000e-01 5.000000e-01 1.515073e+00 -0.993301 0.002068 0.009817 0.969531 0.009817 0.002068 0.993301 -0.002117 -0.009982 -0.969104 -0.009982 -0.002117 0.000000 
5.000000e-01 5.000000e-01 4.999853e-03 5.000000e-01 5.000000e-01 1.515073e+00 -0.993301 0.002068 0.009817 0.969531 0.009817 0.002068 0.993301 -0.002117 -0.009982 -0.969104 -0.009982 -0.002117 0.000000 
5.000000e-01 5.000000e-01 4.999853e-03 5.000000e-01 5.000000e-01 1.515073e+00 -0.993301 0.002068 0.009817 0.969531 0.009817 0.002068 0.993301 -0.002117 -0.009982 -0.969104 -0.009982 -0.002117 0.000000 
5.000000e-01 5.000000e-01 4.999853e-03 5.000000e-01 5.000000e-01 1.515073e+00 -0.993301 0.002068 0.009817 0.969531 0.009817 0.002068 0.993301 -0.002117 -0.009982 -0.969104 -0.009982 -0.002117 0.000000 
5.000000e-01 5.000000e-01 4.999853e-03 5.000000e-01 5.000000e-01 1.515073e+00 -0.993301 0.002068 0.009817 0.969531 0.009817 0.002068 0.993301 -0.002117 -0.009982 -0.969104 -0.009982 -0.002117 0.000000 
5.000000e-01 5.000000e-01 4.999853e-03 5.000000e-01 5.000000e-01 1.515073e+00 -0.993301 0.002068 0.009817 0.969531 0.009817 0.002068 0.993301 -0.002117 -0.009982 -0.969104 -0.009982 -0.002117 0.000000 
5.000000e-01 5.000000e-01 4.999853e-03 5.000000e-01 5.000000e-01 1.515073e+00 -0.993301 0.002068 0.009817 0.969531 0.009817 0.002068 0.993301 -0.002117 -0.009982 -0.969104 -0.009982 -0.002117 0.000000 
5.000000e-01 5.000000e-01 4.999853e-03 5.000000e-01 5.000000e-01 1.515073e+00 -0.993301 0.002068 0.009817 0.969531 0.009817 0.002068 0.993301 -0.002117 -0.009982 -0.969104 -0.009982 -0.002117 0.000000 
5.000000e-01 5.000000e-01 4.999853e-03 5.000000e-01 5.000000e-01 1.515073e+00 -0.993301 0.002068 0.009817 0.969531 0.009817 0.002068 0.993301 -0.002117 -0.009982 -0.969104 -0.009982 -0.002117 0.000000 
5.000000e-01 5.000000e-01 4.999853e-03 5.000000e-01 5.000000e-01 1.515073e+00 -0.993301 0.002068 0.009817 0.969531 0.009817 0.002068 0.993301 -0.002117 -0.009982 -0.969104 -0.009982 -0.002117 0.000000 
5.000000e-01 5.000000e-01 4.999853e-03 5.000000e-01 5.000000e-01 1.515073e+00 -0.993301 0.002068 0.009817 0.969531 0.009817 0.002068 0.993301 -0.002117 -0.009982 -0.969104 -0.009982 -0.002117 0.000000 
5.000000e-01 5.000000e-01 4.999853e-03 5.000000e-01 5.000000e-01 1.515073e+00 -0.993301 0.002068 0.009817 0.969531 0.009817 0.002068 0.993301 -0.002117 -0.009982 -0.969104 -0.009982 -0.002117 0.000000 
5.000000e-01 5.000000e-01 4.999853e-03 5.000000e-01 5.000000e-01 1.515073e+00 -0.993301 0.002068 0.009817 0.969531 0.009817 0.002068 0.993301 -0.002117 -0.009982 -0.969104 -0.009982 -0.002117 0.000000 
5.000000e-01 5.000000e-01 4.999853e-03 5.000000e-01 5.000000e-01 1.515073e+00 -0.993301 0.002068 0.009817 0.969531 0.009817 0.002068 0.993301 -0.002117 -0.009982 -0.969104 -0.009982 -0.002117 0.000000 
5.000000e-01 5.000000e-01 4.999853e-03 5.000000e-01 5.000000e-01 1.515073e+00 -0.993301 0.002068 0.009817 0.969531 0.009817 0.002068 0.993301 -0.002117 -0.009982 -0.969104 -0.009982 -0.002117 0.000000 
5.000000e-01 5.000000e-01 4.999853e-03 5.000000e-01 5.000000e-01 1.515073e+00 -0.993301 0.002068 0.009817 0.969531 0.009817 0.002068 0.993301 -0.002117 -0.009982 -0.969104 -0.009982 -0.002117 0.000000 
5.000000e-01 5.000000e-01 4.999853e-03 5.000000e-01 5.000000e-01 1.515073e+00 -0.993301 0.002068 0.009817 0.969531 0.009817 0.002068 0.993301 -0.002117 -0.009982 -0.969104 -0.009982 -0.002117 0.000000 
5.000000e-01 5.000000e-01 4.999853e-03 5.000000e-01 5.000000e-01 1.515073e+00 -0.993301 0.002068 0.009817 0.969531 0.009817 0.002068 0.993301 -0.002117 -0.009982 -0.969104 -0.009982 -0.002117 0.000000 
5.000000e-01 5.000000e-01 4.999853e-03 5.000000e-01 5.000000e-01 1.515073e+00 -0.993301 0.002068 0.009817 0.969531 0.009817 0.002068 0.993301 -0.002117 -0.009982 -0.969104 -0.009982 -0.002117 0.000000 
5.000000e-01 5.000000e-01 4.999853e-03 5.000000e-01 5.000000e-01 1.515073e+00 -0.993301 0.002068 0.009817 0.969531 0.009817 0.002068 0.993301 -0.002117 -0.009982 -0.969104 -0.009982 -0.002117 0.000000 
5.000000e-01 5.000000e-01 4.999853e-03 5.000000e-01 5.000000e-01 1.515073e+00 -0.993301 0.002068 0.009817 0.969531 0.009817 0.002068 0.993301 -0.002117 -0.009982 -0.969104 -0.009982 -0.002117 0.000000 
5.000000e-01 5.000000e-01 4.999853e-03 5.000000e-01 5.000000e-01 1.515073e+00 -0.993301 0.002068 0.009817 0.969531 0.009817 0.002068 0.993301 -0.002117 -0.009982 -0.969104 -0.009982 -0.002117 0.000000 
5.000000e-01 5.000000e-01 4.999853e-03 5.000000e-01 5.000000e-01 1.515073e+00 -0.993301 0.002068 0.009817 0.969531 0.009817 0.002068 0.993301 -0.002117 -0.009982 -0.969104 -0.009982 -0.002117 0.000000 
5.000000e-01 5.000000e-01 4.999853e-03 5.000000e-01 5.000000e-01 1.515073e+00 -0.993301 0.002068 0.009817 0.969531 0.009817 0.002068 0.993301 -0.002117 -0.009982 -0.969104 -0.009982 -0.002117 0.000000 
5.000000e-01 5.000000e-01 4.999853e-03 5.000000e-01 5.000000e-01 1.515073e+00 -0.993301 0.002068 0.009817 0.969531 0.009817 0.002068 0.993301 -0.002117 -0.009982 -0.969104 -0.009982 -0.002117 0.000000 
5.000000e-01 5.000000e-01 4.999853e-03 5.000000e-01 5.000000e-01 1.515073e+00 -0.993301 0.002068 0.009817 0.969531 0.009817 0.002068 0.993301 -0.002117 -0.009982 -0.969104 -0.009982 -0.002117 0.000000 
5.000000e-01 5.000000e-01 4.999853e-03 5.000000e-01 5.000000e-01 1.515073e+00 -0.993301 0.002068 0.009817 0.969531 0.009817 0.002068 0.993301 -0.002117 -0.009982 -0.969104 -0.009982 -0.002117 0.000000 
5.000000e-01 5.000000e-01 4.999853e-03 5.000000e-01 5.000000e-01 1.515073e+00 -0.993301 0.002068 0.009817 0.969531 0.009817 0.002068 0.993301 -0.002117 -0.009982 -0.969104 -0.009982 -0.002117 0.000000 
5.000000e-01 5.000000e-01 4.999853e-03 5.000000e-01 5.000000e-01 1.515073e+00 -0.993301 0.002068 0.009817 0.969531 0.009817 0.002068 0.993301 -0.002117 -0.009982 -0.969104 -0.009982 -0.002117 0.000000 
5.000000e-01 5.000000e-01 4.999853e-03 5.000000e-01 5.000000e-01 1.515073e+00 -0.993301 0.002068 0.009817 0.969531 0.009817 0.002068 0.993301 -0.002117 -0.009982 -0.969104 -0.009982 -0.002117 0.000000 
5.000000e-01 5.000000e-01 4.999853e-03 5.000000e-01 5.000000e-01 1.515073e+00 -0.993301 0.002068 0.009817 0.969531 0.009817 0.002068 0.993301 -0.002117 -0.009982 -0.969104 -0.009982 -0.002117 0.000000 
5.000000e-01 5.000000e-01 4.999853e-03 5.000000e-01 5.000000e-01 1.515073e+00 -0.993301 0.002068 0.009817 0.969531 0.009817 0.002068 0.993301 -0.002117 -0.009982 -0.969104 -0.009982 -0.002117 0.000000 
5.000000e-01 5.000000e-01 4.999853e-03 5.000000e-01 5.000000e-01 1.515073e+00 -0.993301 0.002068 0.009817 0.969531 0.009817 0.002068 0.993301 -0.002117 -0.009982 -0.969104 -0.009982 -0.002117 0.000000 
5.000000e-01 5.000000e-01 4.999853e-03 5.000000e-01 5.000000e-01 1.515073e+00 -0.993301 0.002068 0.009817 0.969531 0.009817 0.002068 0.993301 -0.002117 -0.009982 -0.969104 -0.009982 -0.002117 0.000000 
5.000000e-01 5.000000e-01 4.999853e-03 5.000000e-01 5.000000e-01 1.515073e+00 -0.993301 0.002068 0.009817 0.969531 0.009817 0.002068 0.993301 -0.002117 -0.009982 -0.969104 -0.009982 -0.002117 0.000000 
5.000000e-01 5.000000e-01 4.999853e-03 5.000000e-01 5.000000e-01 1.515073e+00 -0.993301 0.002068 0.009817 0.969531 0.009817 0.002068 0.993301 -0.002117 -0.009982 -0.969104 -0.009982 -0.002117 0.000000 
5.000000e-01 5.000000e-01 4.999853e-03 5.000000e-01 5.000000e-01 1.515073e+00 -0.993301 0.002068 0.009817 0.969531 0.009817 0.002068 0.993301 -0.002117 -0.009982 -0.969104 -0.009982 -0.002117 0.000000 
5.000000e-01 5.000000e-01 4.999853e-03 5.000000e-01 5.000000e-01 1.515073e+00 -0.993301 0.002068 0.009817 0.969531 0.009817 0.002068 0.993301 -0.002117 -0.009982 -0.969104 -0.009982 -0.002117 0.000000 
5.000000e-01 5.000000e-01 4.999853e-03 5.000000e-01 5.000000e-01 1.515073e+00 -0.993301 0.002068 0.009817 0.969531 0.009817 0.002068 0.993301 -0.002117 -0.009982 -0.969104 -0.009982 -0.002117 0.000000 
5.000000e-01 5.000000e-01 4.999853e-03 5.000000e-01 5.000000e-01 1.515073e+00 -0.993301 0.002068 0.009817 0.969531 0.009817 0.002068 0.993301 -0.002117 -0.009982 -0.969104 -0.009982 -0.002117 0.000000 
5.000000e-01 5.000000e-01 4.999853e-03 5.000000e-01 5.000000e-01 1.515073e+00 -0.993301 0.002068 0.009817 0.969531 0.009817 0.002068 0.993301 -0.002117 -0.009982 -0.969104 -0.009982 -0.002117 0.000000 
