# TeX TeY TeZ ThX ThY THZ P1 P2
5.000000e-01 5.000000e-01 1.500000e+00 5.000000e-01 5.000000e-01 1.500000e+00 0.000000 0.000000 0.000000 0.000000 0.000000 0.000000 0.000000 0.000000 0.000000 0.000000 0.000000 0.000000 0.000000 
5.000000e-01 5.000000e-01 1.493554e+00 5.000000e-01 5.000000e-01 1.505827e+00 -0.008261 -0.006614 -0.024894 0.071277 -0.024894 -0.006614 0.008261 -0.001503 -0.001751 -0.001755 -0.001751 -0.001503 0.000000 
5.000000e-01 5.000000e-01 1.487032e+00 5.000000e-01 5.000000e-01 1.511619e+00 -0.016544 -0.013232 -0.049534 0.142077 -0.049534 -0.013232 0.016544 -0.003009 -0.003506 -0.003514 -0.003506 -0.003009 0.000000 
5.000000e-01 5.000000e-01 1.480437e+00 5.000000e-01 5.000000e-01 1.515004e+00 -0.023250 -0.018564 -0.068898 0.198172 -0.068898 -0.018564 0.023250 -0.004229 -0.004927 -0.004938 -0.004927 -0.004229 0.000000 
5.000000e-01 5.000000e-01 1.473769e+00 5.000000e-01 5.000000e-01 1.515004e+00 -0.027706 -0.022034 -0.080136 0.232046 -0.080136 -0.022034 0.027706 -0.005040 -0.005871 -0.005885 -0.005871 -0.005040 0.000000 
5.000000e-01 5.000000e-01 1.467028e+00 5.000000e-01 5.000000e-01 1.515004e+00 -0.032205 -0.025506 -0.090900 0.265016 -0.090900 -0.025506 0.032205 -0.005858 -0.006824 -0.006841 -0.006824 -0.005858 0.000000 
5.000000e-01 5.000000e-01 1.460214e+00 5.000000e-01 5.000000e-01 1.515004e+00 -0.036743 -0.028975 -0.101108 0.296908 -0.101108 -0.028975 0.036743 -0.006683 -0.007786 -0.007805 -0.007786 -0.006683 0.000000 
5.000000e-01 5.000000e-01 1.453326e+00 5.000000e-01 5.000000e-01 1.515004e+00 -0.041317 -0.032399 -0.110236 0.326588 -0.110236 -0.032399 0.041318 -0.007515 -0.008755 -0.008777 -0.008755 -0.007515 0.000000 
5.000000e-01 5.000000e-01 1.446366e+00 5.000000e-01 5.000000e-01 1.515004e+00 -0.045934 -0.035810 -0.118795 0.355143 -0.118795 -0.035810 0.045934 -0.008355 -0.009734 -0.009757 -0.009734 -0.008355 0.000000 
5.000000e-01 5.000000e-01 1.439331e+00 5.000000e-01 5.000000e-01 1.515004e+00 -0.050593 -0.039202 -0.126755 0.382506 -0.126755 -0.039202 0.050593 -0.009202 -0.010721 -0.010747 -0.010721 -0.009202 0.000000 
5.000000e-01 5.000000e-01 1.432223e+00 5.000000e-01 5.000000e-01 1.515004e+00 -0.055291 -0.042538 -0.133754 0.407875 -0.133754 -0.042538 0.055291 -0.010056 -0.011717 -0.011746 -0.011717 -0.010056 0.000000 
5.000000e-01 5.000000e-01 1.425040e+00 5.000000e-01 5.000000e-01 1.515004e+00 -0.060033 -0.045834 -0.140086 0.431874 -0.140086 -0.045834 0.060033 -0.010918 -0.012721 -0.012753 -0.012721 -0.010918 0.000000 
5.000000e-01 5.000000e-01 1.417783e+00 5.000000e-01 5.000000e-01 1.515004e+00 -0.064820 -0.049095 -0.145850 0.454711 -0.145850 -0.049095 0.064820 -0.011789 -0.013736 -0.013770 -0.013736 -0.011789 0.000000 
5.000000e-01 5.000000e-01 1.410452e+00 5.000000e-01 5.000000e-01 1.515004e+00 -0.069651 -0.052310 -0.150987 0.476244 -0.150987 -0.052310 0.069651 -0.012667 -0.014760 -0.014797 -0.014760 -0.012667 0.000000 
5.000000e-01 5.000000e-01 1.403046e+00 5.000000e-01 5.000000e-01 1.515004e+00 -0.074526 -0.055442 -0.155341 0.496092 -0.155341 -0.055442 0.074526 -0.013553 -0.015793 -0.015833 -0.015793 -0.013553 0.000000 
5.000000e-01 5.000000e-01 1.395565e+00 5.000000e-01 5.000000e-01 1.515004e+00 -0.079448 -0.058523 -0.159213 0.514921 -0.159213 -0.058523 0.079448 -0.014448 -0.016836 -0.016879 -0.016836 -0.014448 0.000000 
5.000000e-01 5.000000e-01 1.388010e+00 5.000000e-01 5.000000e-01 1.515004e+00 -0.084416 -0.061548 -0.162613 0.532738 -0.162613 -0.061548 0.084416 -0.015351 -0.017889 -0.017936 -0.017889 -0.015351 0.000000 
5.000000e-01 5.000000e-01 1.380380e+00 5.000000e-01 5.000000e-01 1.515004e+00 -0.089431 -0.064505 -0.165523 0.549488 -0.165523 -0.064505 0.089431 -0.016263 -0.018952 -0.019002 -0.018952 -0.016263 0.000000 
5.000000e-01 5.000000e-01 1.372677e+00 5.000000e-01 5.000000e-01 1.515004e+00 -0.094492 -0.067362 -0.167869 0.564954 -0.167869 -0.067362 0.094492 -0.017182 -0.020025 -0.020078 -0.020025 -0.017182 0.000000 
5.000000e-01 5.000000e-01 1.364899e+00 5.000000e-01 5.000000e-01 1.515004e+00 -0.099600 -0.070148 -0.169848 0.579592 -0.169848 -0.070148 0.099600 -0.018111 -0.021107 -0.021164 -0.021107 -0.018111 0.000000 
5.000000e-01 5.000000e-01 1.357048e+00 5.000000e-01 5.000000e-01 1.515004e+00 -0.104756 -0.072858 -0.171477 0.593427 -0.171477 -0.072858 0.104756 -0.019047 -0.022200 -0.022261 -0.022200 -0.019047 0.000000 
5.000000e-01 5.000000e-01 1.349123e+00 5.000000e-01 5.000000e-01 1.515004e+00 -0.109959 -0.075490 -0.172775 0.606489 -0.172775 -0.075490 0.109959 -0.019993 -0.023303 -0.023367 -0.023303 -0.019993 0.000000 
5.000000e-01 5.000000e-01 1.341125e+00 5.000000e-01 5.000000e-01 1.515004e+00 -0.115209 -0.078018 -0.173714 0.618673 -0.173714 -0.078018 0.115209 -0.020946 -0.024416 -0.024484 -0.024416 -0.020946 0.000000 
5.000000e-01 5.000000e-01 1.333056e+00 5.000000e-01 5.000000e-01 1.515004e+00 -0.120506 -0.080444 -0.174351 0.630095 -0.174351 -0.080444 0.120506 -0.021908 -0.025539 -0.025611 -0.025539 -0.021908 0.000000 
5.000000e-01 5.000000e-01 1.324914e+00 5.000000e-01 5.000000e-01 1.515004e+00 -0.125849 -0.082782 -0.174746 0.640906 -0.174746 -0.082782 0.125849 -0.022879 -0.026672 -0.026749 -0.026672 -0.022879 0.000000 
5.000000e-01 5.000000e-01 1.316700e+00 5.000000e-01 5.000000e-01 1.515004e+00 -0.131240 -0.085028 -0.174919 0.651134 -0.174919 -0.085028 0.131240 -0.023857 -0.027814 -0.027896 -0.027814 -0.023857 0.000000 
5.000000e-01 5.000000e-01 1.308415e+00 5.000000e-01 5.000000e-01 1.515004e+00 -0.136677 -0.087180 -0.174886 0.660809 -0.174886 -0.087180 0.136677 -0.024844 -0.028967 -0.029053 -0.028967 -0.024844 0.000000 
5.000000e-01 5.000000e-01 1.300060e+00 5.000000e-01 5.000000e-01 1.515004e+00 -0.142160 -0.089234 -0.174665 0.669957 -0.174665 -0.089234 0.142160 -0.025840 -0.030130 -0.030221 -0.030130 -0.025840 0.000000 
5.000000e-01 5.000000e-01 1.291634e+00 5.000000e-01 5.000000e-01 1.515004e+00 -0.147688 -0.091165 -0.174243 0.678503 -0.174243 -0.091165 0.147689 -0.026843 -0.031302 -0.031399 -0.031302 -0.026843 0.000000 
5.000000e-01 5.000000e-01 1.283139e+00 5.000000e-01 5.000000e-01 1.515004e+00 -0.153263 -0.092998 -0.173678 0.686614 -0.173678 -0.092998 0.153263 -0.027854 -0.032484 -0.032586 -0.032484 -0.027854 0.000000 
5.000000e-01 5.000000e-01 1.274574e+00 5.000000e-01 5.000000e-01 1.515004e+00 -0.158883 -0.094732 -0.172983 0.694313 -0.172983 -0.094732 0.158883 -0.028874 -0.033676 -0.033784 -0.033676 -0.028874 0.000000 
5.000000e-01 5.000000e-01 1.265941e+00 5.000000e-01 5.000000e-01 1.515004e+00 -0.164548 -0.096367 -0.172171 0.701624 -0.172171 -0.096367 0.164548 -0.029901 -0.034877 -0.034991 -0.034877 -0.029901 0.000000 
5.000000e-01 5.000000e-01 1.257239e+00 5.000000e-01 5.000000e-01 1.515004e+00 -0.170258 -0.097903 -0.171253 0.708568 -0.171253 -0.097903 0.170258 -0.030936 -0.036088 -0.036209 -0.036088 -0.030936 0.000000 
5.000000e-01 5.000000e-01 1.248470e+00 5.000000e-01 5.000000e-01 1.515004e+00 -0.176012 -0.099338 -0.170240 0.715169 -0.170240 -0.099338 0.176012 -0.031979 -0.037309 -0.037436 -0.037309 -0.031979 0.000000 
5.000000e-01 5.000000e-01 1.239634e+00 5.000000e-01 5.000000e-01 1.515004e+00 -0.181810 -0.100674 -0.169144 0.721446 -0.169144 -0.100674 0.181810 -0.033029 -0.038539 -0.038673 -0.038539 -0.033029 0.000000 
5.000000e-01 5.000000e-01 1.230731e+00 5.000000e-01 5.000000e-01 1.515004e+00 -0.187652 -0.101901 -0.167968 0.727391 -0.167968 -0.101901 0.187652 -0.034088 -0.039778 -0.039920 -0.039778 -0.034088 0.000000 
5.000000e-01 5.000000e-01 1.221762e+00 5.000000e-01 5.000000e-01 1.515004e+00 -0.193538 -0.103026 -0.166727 0.733046 -0.166727 -0.103026 0.193538 -0.035153 -0.041027 -0.041177 -0.041027 -0.035153 0.000000 
5.000000e-01 5.000000e-01 1.212728e+00 5.000000e-01 5.000000e-01 1.515004e+00 -0.199467 -0.104057 -0.165431 0.738443 -0.165431 -0.104057 0.199467 -0.036226 -0.042285 -0.042444 -0.042285 -0.036226 0.000000 
5.000000e-01 5.000000e-01 1.203628e+00 5.000000e-01 5.000000e-01 1.515004e+00 -0.205438 -0.104994 -0.164087 0.743599 -0.164087 -0.104994 0.205438 -0.037307 -0.043552 -0.043720 -0.043552 -0.037307 0.000000 
5.000000e-01 5.000000e-01 1.194464e+00 5.000000e-01 5.000000e-01 1.515004e+00 -0.211452 -0.105838 -0.162700 0.748527 -0.162700 -0.105838 0.211452 -0.038394 -0.044829 -0.045006 -0.044829 -0.038394 0.000000 
5.000000e-01 5.000000e-01 1.185236e+00 5.000000e-01 5.000000e-01 1.515004e+00 -0.217508 -0.106591 -0.161276 0.753242 -0.161276 -0.106591 0.217508 -0.039489 -0.046114 -0.046302 -0.046114 -0.039489 0.000000 
5.000000e-01 5.000000e-01 1.175945e+00 5.000000e-01 5.000000e-01 1.515004e+00 -0.223605 -0.107256 -0.159820 0.757757 -0.159820 -0.107256 0.223605 -0.040591 -0.047408 -0.047607 -0.047408 -0.040591 0.000000 
5.000000e-01 5.000000e-01 1.166590e+00 5.000000e-01 5.000000e-01 1.515004e+00 -0.229744 -0.107833 -0.158336 0.762084 -0.158336 -0.107833 0.229744 -0.041699 -0.048712 -0.048922 -0.048712 -0.041699 0.000000 
5.000000e-01 5.000000e-01 1.157173e+00 5.000000e-01 5.000000e-01 1.515004e+00 -0.235924 -0.108326 -0.156829 0.766235 -0.156829 -0.108326 0.235924 -0.042815 -0.050024 -0.050246 -0.050024 -0.042815 0.000000 
5.000000e-01 5.000000e-01 1.147695e+00 5.000000e-01 5.000000e-01 1.515004e+00 -0.242145 -0.108736 -0.155302 0.770221 -0.155302 -0.108736 0.242145 -0.043937 -0.051345 -0.051580 -0.051345 -0.043937 0.000000 
5.000000e-01 5.000000e-01 1.138155e+00 5.000000e-01 5.000000e-01 1.515004e+00 -0.248406 -0.109065 -0.153758 0.774052 -0.153758 -0.109065 0.248406 -0.045066 -0.052675 -0.052924 -0.052675 -0.045066 0.000000 
5.000000e-01 5.000000e-01 1.128554e+00 5.000000e-01 5.000000e-01 1.515004e+00 -0.254708 -0.109316 -0.152199 0.777739 -0.152199 -0.109316 0.254708 -0.046201 -0.054014 -0.054278 -0.054014 -0.046201 0.000000 
5.000000e-01 5.000000e-01 1.118892e+00 5.000000e-01 5.000000e-01 1.515004e+00 -0.261048 -0.109492 -0.150629 0.781290 -0.150629 -0.109492 0.261049 -0.047342 -0.055362 -0.055641 -0.055362 -0.047342 0.000000 
5.000000e-01 5.000000e-01 1.109171e+00 5.000000e-01 5.000000e-01 1.515004e+00 -0.267429 -0.109594 -0.149049 0.784714 -0.149049 -0.109594 0.267429 -0.048490 -0.056718 -0.057013 -0.056718 -0.048490 0.000000 
5.000000e-01 5.000000e-01 1.099391e+00 5.000000e-01 5.000000e-01 1.515004e+00 -0.273848 -0.109625 -0.147461 0.788020 -0.147461 -0.109625 0.273848 -0.049643 -0.058083 -0.058396 -0.058083 -0.049643 0.000000 
5.000000e-01 5.000000e-01 1.089551e+00 5.000000e-01 5.000000e-01 1.515004e+00 -0.280306 -0.109588 -0.145866 0.791214 -0.145866 -0.109588 0.280306 -0.050803 -0.059456 -0.059788 -0.059456 -0.050803 0.000000 
5.000000e-01 5.000000e-01 1.079654e+00 5.000000e-01 5.000000e-01 1.515004e+00 -0.286802 -0.109485 -0.144266 0.794304 -0.144266 -0.109485 0.286802 -0.051968 -0.060838 -0.061190 -0.060838 -0.051968 0.000000 
5.000000e-01 5.000000e-01 1.069698e+00 5.000000e-01 5.000000e-01 1.515004e+00 -0.293336 -0.109318 -0.142662 0.797297 -0.142662 -0.109318 0.293336 -0.053139 -0.062228 -0.062602 -0.062228 -0.053139 0.000000 
5.000000e-01 5.000000e-01 1.059686e+00 5.000000e-01 5.000000e-01 1.515004e+00 -0.299908 -0.109091 -0.141054 0.800198 -0.141054 -0.109091 0.299908 -0.054316 -0.063626 -0.064024 -0.063626 -0.054316 0.000000 
5.000000e-01 5.000000e-01 1.049616e+00 5.000000e-01 5.000000e-01 1.515004e+00 -0.306518 -0.108804 -0.139444 0.803015 -0.139444 -0.108804 0.306518 -0.055497 -0.065034 -0.065456 -0.065034 -0.055497 0.000000 
5.000000e-01 5.000000e-01 1.039490e+00 5.000000e-01 5.000000e-01 1.515004e+00 -0.313164 -0.108461 -0.137833 0.805751 -0.137833 -0.108461 0.313164 -0.056684 -0.066449 -0.066897 -0.066449 -0.056684 0.000000 
5.000000e-01 5.000000e-01 1.029309e+00 5.000000e-01 5.000000e-01 1.515004e+00 -0.319847 -0.108064 -0.136220 0.808413 -0.136220 -0.108064 0.319847 -0.057876 -0.067873 -0.068349 -0.067873 -0.057876 0.000000 
5.000000e-01 5.000000e-01 1.019072e+00 5.000000e-01 5.000000e-01 1.515004e+00 -0.326566 -0.107614 -0.134606 0.811006 -0.134606 -0.107614 0.326566 -0.059072 -0.069305 -0.069812 -0.069305 -0.059072 0.000000 
5.000000e-01 5.000000e-01 1.008780e+00 5.000000e-01 5.000000e-01 1.515004e+00 -0.333322 -0.107115 -0.132991 0.813534 -0.132991 -0.107115 0.333322 -0.060273 -0.070745 -0.071285 -0.070745 -0.060273 0.000000 
5.000000e-01 5.000000e-01 9.984340e-01 5.000000e-01 5.000000e-01 1.515004e+00 -0.340113 -0.106568 -0.131376 0.816001 -0.131376 -0.106568 0.340113 -0.061478 -0.072194 -0.072768 -0.072194 -0.061478 0.000000 
5.000000e-01 5.000000e-01 9.880340e-01 5.000000e-01 5.000000e-01 1.515004e+00 -0.346939 -0.105976 -0.129760 0.818411 -0.129760 -0.105976 0.346939 -0.062688 -0.073651 -0.074262 -0.073651 -0.062688 0.000000 
5.000000e-01 5.000000e-01 9.775806e-01 5.000000e-01 5.000000e-01 1.515004e+00 -0.353801 -0.105339 -0.128144 0.820769 -0.128144 -0.105339 0.353801 -0.063901 -0.075116 -0.075767 -0.075116 -0.063901 0.000000 
5.000000e-01 5.000000e-01 9.670743e-01 5.000000e-01 5.000000e-01 1.515004e+00 -0.360697 -0.104661 -0.126528 0.823077 -0.126528 -0.104661 0.360698 -0.065118 -0.076589 -0.077284 -0.076589 -0.065118 0.000000 
5.000000e-01 5.000000e-01 9.565155e-01 5.000000e-01 5.000000e-01 1.515004e+00 -0.367628 -0.103943 -0.124912 0.825340 -0.124912 -0.103943 0.367628 -0.066338 -0.078071 -0.078811 -0.078071 -0.066338 0.000000 
5.000000e-01 5.000000e-01 9.459048e-01 5.000000e-01 5.000000e-01 1.515004e+00 -0.374593 -0.103187 -0.123296 0.827559 -0.123296 -0.103187 0.374594 -0.067561 -0.079561 -0.080351 -0.079561 -0.067561 0.000000 
5.000000e-01 5.000000e-01 9.352425e-01 5.000000e-01 5.000000e-01 1.515004e+00 -0.381592 -0.102394 -0.121679 0.829739 -0.121679 -0.102394 0.381593 -0.068786 -0.081059 -0.081902 -0.081059 -0.068786 0.000000 
5.000000e-01 5.000000e-01 9.245291e-01 5.000000e-01 5.000000e-01 1.515004e+00 -0.388625 -0.101567 -0.120062 0.831882 -0.120062 -0.101567 0.388625 -0.070014 -0.082565 -0.083466 -0.082565 -0.070014 0.000000 
5.000000e-01 5.000000e-01 9.137651e-01 5.000000e-01 5.000000e-01 1.515004e+00 -0.395691 -0.100706 -0.118444 0.833991 -0.118444 -0.100706 0.395691 -0.071245 -0.084080 -0.085042 -0.084080 -0.071245 0.000000 
5.000000e-01 5.000000e-01 9.029509e-01 5.000000e-01 5.000000e-01 1.515004e+00 -0.402789 -0.099813 -0.116826 0.836068 -0.116826 -0.099813 0.402790 -0.072477 -0.085603 -0.086631 -0.085603 -0.072477 0.000000 
5.000000e-01 5.000000e-01 8.920870e-01 5.000000e-01 5.000000e-01 1.515004e+00 -0.409921 -0.098890 -0.115206 0.838115 -0.115206 -0.098890 0.409921 -0.073710 -0.087134 -0.088233 -0.087134 -0.073710 0.000000 
5.000000e-01 5.000000e-01 8.811738e-01 5.000000e-01 5.000000e-01 1.515004e+00 -0.417085 -0.097939 -0.113586 0.840135 -0.113586 -0.097939 0.417085 -0.074944 -0.088674 -0.089849 -0.088674 -0.074944 0.000000 
5.000000e-01 5.000000e-01 8.702118e-01 5.000000e-01 5.000000e-01 1.515004e+00 -0.424281 -0.096959 -0.111965 0.842129 -0.111965 -0.096959 0.424281 -0.076178 -0.090222 -0.091479 -0.090222 -0.076178 0.000000 
5.000000e-01 5.000000e-01 8.592013e-01 5.000000e-01 5.000000e-01 1.515004e+00 -0.431508 -0.095952 -0.110342 0.844098 -0.110342 -0.095952 0.431508 -0.077412 -0.091779 -0.093125 -0.091779 -0.077412 0.000000 
5.000000e-01 5.000000e-01 8.481428e-01 5.000000e-01 5.000000e-01 1.515004e+00 -0.438768 -0.094920 -0.108718 0.846044 -0.108718 -0.094920 0.438768 -0.078646 -0.093345 -0.094787 -0.093345 -0.078646 0.000000 
5.000000e-01 5.000000e-01 8.370368e-01 5.000000e-01 5.000000e-01 1.515004e+00 -0.446058 -0.093864 -0.107093 0.847971 -0.107093 -0.093864 0.446058 -0.079878 -0.094919 -0.096464 -0.094919 -0.079878 0.000000 
5.000000e-01 5.000000e-01 8.258836e-01 5.000000e-01 5.000000e-01 1.515004e+00 -0.453379 -0.092785 -0.105465 0.849880 -0.105465 -0.092785 0.453380 -0.081108 -0.096502 -0.098159 -0.096502 -0.081108 0.000000 
5.000000e-01 5.000000e-01 8.146837e-01 5.000000e-01 5.000000e-01 1.515004e+00 -0.460732 -0.091684 -0.103836 0.851772 -0.103836 -0.091684 0.460732 -0.082336 -0.098094 -0.099871 -0.098094 -0.082336 0.000000 
5.000000e-01 5.000000e-01 8.034375e-01 5.000000e-01 5.000000e-01 1.515004e+00 -0.468114 -0.090563 -0.102205 0.853649 -0.102205 -0.090563 0.468114 -0.083561 -0.099696 -0.101601 -0.099696 -0.083561 0.000000 
5.000000e-01 5.000000e-01 7.921454e-01 5.000000e-01 5.000000e-01 1.515004e+00 -0.475527 -0.089421 -0.100571 0.855512 -0.100571 -0.089421 0.475527 -0.084782 -0.101306 -0.103351 -0.101306 -0.084782 0.000000 
5.000000e-01 5.000000e-01 7.808078e-01 5.000000e-01 5.000000e-01 1.515004e+00 -0.482969 -0.088261 -0.098935 0.857361 -0.098935 -0.088261 0.482969 -0.085999 -0.102926 -0.105121 -0.102926 -0.085999 0.000000 
5.000000e-01 5.000000e-01 7.694251e-01 5.000000e-01 5.000000e-01 1.515004e+00 -0.490441 -0.087083 -0.097296 0.859199 -0.097296 -0.087083 0.490442 -0.087209 -0.104555 -0.106913 -0.104555 -0.087209 0.000000 
5.000000e-01 5.000000e-01 7.579977e-01 5.000000e-01 5.000000e-01 1.515004e+00 -0.497943 -0.085886 -0.095655 0.861024 -0.095655 -0.085886 0.497943 -0.088413 -0.106194 -0.108729 -0.106194 -0.088413 0.000000 
5.000000e-01 5.000000e-01 7.465260e-01 5.000000e-01 5.000000e-01 1.515004e+00 -0.505474 -0.084673 -0.094010 0.862841 -0.094010 -0.084673 0.505474 -0.089609 -0.107843 -0.110569 -0.107843 -0.089609 0.000000 
5.000000e-01 5.000000e-01 7.350103e-01 5.000000e-01 5.000000e-01 1.515004e+00 -0.513033 -0.083444 -0.092363 0.864648 -0.092363 -0.083444 0.513033 -0.090796 -0.109503 -0.112435 -0.109503 -0.090796 0.000000 
5.000000e-01 5.000000e-01 7.234512e-01 5.000000e-01 5.000000e-01 1.515004e+00 -0.520621 -0.082201 -0.090713 0.866448 -0.090713 -0.082201 0.520621 -0.091974 -0.111172 -0.114328 -0.111172 -0.091974 0.000000 
5.000000e-01 5.000000e-01 7.118489e-01 5.000000e-01 5.000000e-01 1.515004e+00 -0.528237 -0.080943 -0.089059 0.868242 -0.089059 -0.080943 0.528237 -0.093141 -0.112852 -0.116250 -0.112852 -0.093141 0.000000 
5.000000e-01 5.000000e-01 7.002038e-01 5.000000e-01 5.000000e-01 1.515004e+00 -0.535882 -0.079671 -0.087402 0.870029 -0.087402 -0.079671 0.535882 -0.094296 -0.114544 -0.118202 -0.114544 -0.094296 0.000000 
5.000000e-01 5.000000e-01 6.885163e-01 5.000000e-01 5.000000e-01 1.515004e+00 -0.543554 -0.078385 -0.085742 0.871809 -0.085742 -0.078385 0.543554 -0.095436 -0.116246 -0.120189 -0.116246 -0.095436 0.000000 
5.000000e-01 5.000000e-01 6.767868e-01 5.000000e-01 5.000000e-01 1.515004e+00 -0.551254 -0.077087 -0.084079 0.873585 -0.084079 -0.077087 0.551254 -0.096559 -0.117961 -0.122213 -0.117961 -0.096559 0.000000 
5.000000e-01 5.000000e-01 6.650157e-01 5.000000e-01 5.000000e-01 1.515004e+00 -0.558981 -0.075777 -0.082411 0.875357 -0.082411 -0.075777 0.558981 -0.097666 -0.119687 -0.124274 -0.119687 -0.097666 0.000000 
5.000000e-01 5.000000e-01 6.532032e-01 5.000000e-01 5.000000e-01 1.515004e+00 -0.566735 -0.074455 -0.080740 0.877126 -0.080740 -0.074455 0.566735 -0.098754 -0.121426 -0.126375 -0.121426 -0.098754 0.000000 
5.000000e-01 5.000000e-01 6.413499e-01 5.000000e-01 5.000000e-01 1.515004e+00 -0.574516 -0.073122 -0.079066 0.878892 -0.079066 -0.073122 0.574516 -0.099821 -0.123177 -0.128519 -0.123177 -0.099821 0.000000 
5.000000e-01 5.000000e-01 6.294559e-01 5.000000e-01 5.000000e-01 1.515004e+00 -0.582323 -0.071778 -0.077387 0.880655 -0.077387 -0.071778 0.582324 -0.100865 -0.124941 -0.130711 -0.124941 -0.100865 0.000000 
5.000000e-01 5.000000e-01 6.175217e-01 5.000000e-01 5.000000e-01 1.515004e+00 -0.590157 -0.070424 -0.075705 0.882415 -0.075705 -0.070424 0.590158 -0.101880 -0.126720 -0.132958 -0.126720 -0.101880 0.000000 
5.000000e-01 5.000000e-01 6.055476e-01 5.000000e-01 5.000000e-01 1.515004e+00 -0.598018 -0.069060 -0.074018 0.884175 -0.074018 -0.069060 0.598018 -0.102868 -0.128512 -0.135258 -0.128512 -0.102868 0.000000 
5.000000e-01 5.000000e-01 5.935340e-01 5.000000e-01 5.000000e-01 1.515004e+00 -0.605904 -0.067687 -0.072328 0.885933 -0.072328 -0.067687 0.605904 -0.103825 -0.130318 -0.137617 -0.130318 -0.103825 0.000000 
5.000000e-01 5.000000e-01 5.814812e-01 5.000000e-01 5.000000e-01 1.515004e+00 -0.613815 -0.066304 -0.070634 0.887691 -0.070634 -0.066304 0.613815 -0.104749 -0.132139 -0.140038 -0.132139 -0.104749 0.000000 
5.000000e-01 5.000000e-01 5.693896e-01 5.000000e-01 5.000000e-01 1.515004e+00 -0.621753 -0.064913 -0.068935 0.889448 -0.068935 -0.064913 0.621753 -0.105635 -0.133976 -0.142530 -0.133976 -0.105635 0.000000 
5.000000e-01 5.000000e-01 5.572594e-01 5.000000e-01 5.000000e-01 1.515004e+00 -0.629715 -0.063512 -0.067232 0.891205 -0.067232 -0.063512 0.629715 -0.106477 -0.135829 -0.145103 -0.135829 -0.106477 0.000000 
5.000000e-01 5.000000e-01 5.450910e-01 5.000000e-01 5.000000e-01 1.515004e+00 -0.637702 -0.062104 -0.065526 0.892963 -0.065526 -0.062104 0.637703 -0.107276 -0.137698 -0.147756 -0.137698 -0.107276 0.000000 
5.000000e-01 5.000000e-01 5.328848e-01 5.000000e-01 5.000000e-01 1.515004e+00 -0.645715 -0.060688 -0.063815 0.894721 -0.063815 -0.060688 0.645715 -0.108027 -0.139583 -0.150496 -0.139583 -0.108027 0.000000 
5.000000e-01 5.000000e-01 5.206410e-01 5.000000e-01 5.000000e-01 1.515004e+00 -0.653752 -0.059265 -0.062100 0.896480 -0.062100 -0.059265 0.653752 -0.108726 -0.141484 -0.153330 -0.141484 -0.108726 0.000000 
5.000000e-01 5.000000e-01 5.083600e-01 5.000000e-01 5.000000e-01 1.515004e+00 -0.661813 -0.057833 -0.060380 0.898240 -0.060380 -0.057833 0.661813 -0.109364 -0.143404 -0.156278 -0.143404 -0.109364 0.000000 
5.000000e-01 5.000000e-01 4.960421e-01 5.000000e-01 5.000000e-01 1.515004e+00 -0.669898 -0.056395 -0.058657 0.900002 -0.058657 -0.056395 0.669898 -0.109937 -0.145340 -0.159343 -0.145340 -0.109937 0.000000 
5.000000e-01 5.000000e-01 4.836876e-01 5.000000e-01 5.000000e-01 1.515004e+00 -0.678007 -0.054950 -0.056929 0.901765 -0.056929 -0.054950 0.678007 -0.110444 -0.147294 -0.162532 -0.147294 -0.110444 0.000000 
5.000000e-01 5.000000e-01 4.712968e-01 5.000000e-01 5.000000e-01 1.515004e+00 -0.686140 -0.053498 -0.055196 0.903530 -0.055196 -0.053498 0.686140 -0.110879 -0.149264 -0.165854 -0.149264 -0.110879 0.000000 
5.000000e-01 5.000000e-01 4.588700e-01 5.000000e-01 5.000000e-01 1.515004e+00 -0.694297 -0.052040 -0.053460 0.905297 -0.053460 -0.052040 0.694297 -0.111231 -0.151251 -0.169333 -0.151251 -0.111231 0.000000 
5.000000e-01 5.000000e-01 4.464076e-01 5.000000e-01 5.000000e-01 1.515004e+00 -0.702477 -0.050575 -0.051719 0.907066 -0.051719 -0.050575 0.702477 -0.111491 -0.153254 -0.172987 -0.153254 -0.111491 0.000000 
5.000000e-01 5.000000e-01 4.339098e-01 5.000000e-01 5.000000e-01 1.515004e+00 -0.710680 -0.049104 -0.049974 0.908837 -0.049974 -0.049104 0.710680 -0.111659 -0.155271 -0.176819 -0.155271 -0.111659 0.000000 
5.000000e-01 5.000000e-01 4.213769e-01 5.000000e-01 5.000000e-01 1.515004e+00 -0.718905 -0.047628 -0.048225 0.910611 -0.048225 -0.047628 0.718906 -0.111729 -0.157301 -0.180846 -0.157301 -0.111729 0.000000 
5.000000e-01 5.000000e-01 4.088092e-01 5.000000e-01 5.000000e-01 1.515004e+00 -0.727154 -0.046145 -0.046471 0.912387 -0.046471 -0.046145 0.727154 -0.111684 -0.159342 -0.185103 -0.159342 -0.111684 0.000000 
5.000000e-01 5.000000e-01 3.962071e-01 5.000000e-01 5.000000e-01 1.515004e+00 -0.735425 -0.044657 -0.044714 0.914166 -0.044714 -0.044657 0.735425 -0.111513 -0.161390 -0.189618 -0.161390 -0.111513 0.000000 
5.000000e-01 5.000000e-01 3.835707e-01 5.000000e-01 5.000000e-01 1.515004e+00 -0.743718 -0.043163 -0.042951 0.915948 -0.042951 -0.043163 0.743719 -0.111218 -0.163443 -0.194396 -0.163443 -0.111218 0.000000 
5.000000e-01 5.000000e-01 3.709004e-01 5.000000e-01 5.000000e-01 1.515004e+00 -0.752034 -0.041664 -0.041185 0.917733 -0.041185 -0.041664 0.752034 -0.110791 -0.165494 -0.199464 -0.165494 -0.110791 0.000000 
5.000000e-01 5.000000e-01 3.581965e-01 5.000000e-01 5.000000e-01 1.515004e+00 -0.760371 -0.040160 -0.039414 0.919521 -0.039414 -0.040160 0.760371 -0.110204 -0.167537 -0.204890 -0.167537 -0.110204 0.000000 
5.000000e-01 5.000000e-01 3.454592e-01 5.000000e-01 5.000000e-01 1.515004e+00 -0.768730 -0.038651 -0.037639 0.921311 -0.037639 -0.038651 0.768731 -0.109454 -0.169563 -0.210697 -0.169563 -0.109454 0.000000 
5.000000e-01 5.000000e-01 3.326888e-01 5.000000e-01 5.000000e-01 1.515004e+00 -0.777111 -0.037137 -0.035860 0.923105 -0.035860 -0.037137 0.777111 -0.108539 -0.171564 -0.216905 -0.171564 -0.108539 0.000000 
5.000000e-01 5.000000e-01 3.198856e-01 5.000000e-01 5.000000e-01 1.515004e+00 -0.785513 -0.035618 -0.034077 0.924902 -0.034077 -0.035618 0.785513 -0.107449 -0.173527 -0.223561 -0.173527 -0.107449 0.000000 
5.000000e-01 5.000000e-01 3.070498e-01 5.000000e-01 5.000000e-01 1.515004e+00 -0.793936 -0.034094 -0.032289 0.926703 -0.032289 -0.034094 0.793937 -0.106138 -0.175428 -0.230803 -0.175428 -0.106138 0.000000 
5.000000e-01 5.000000e-01 2.941817e-01 5.000000e-01 5.000000e-01 1.515004e+00 -0.802381 -0.032565 -0.030498 0.928507 -0.030498 -0.032565 0.802381 -0.104628 -0.177256 -0.238614 -0.177256 -0.104628 0.000000 
5.000000e-01 5.000000e-01 2.812816e-01 5.000000e-01 5.000000e-01 1.515004e+00 -0.810846 -0.031032 -0.028702 0.930314 -0.028702 -0.031032 0.810846 -0.102906 -0.178988 -0.247058 -0.178988 -0.102906 0.000000 
5.000000e-01 5.000000e-01 2.683496e-01 5.000000e-01 5.000000e-01 1.515004e+00 -0.819332 -0.029495 -0.026902 0.932124 -0.026902 -0.029495 0.819332 -0.100938 -0.180582 -0.256293 -0.180582 -0.100938 0.000000 
5.000000e-01 5.000000e-01 2.553861e-01 5.000000e-01 5.000000e-01 1.515004e+00 -0.827838 -0.027953 -0.025097 0.933938 -0.025097 -0.027953 0.827838 -0.098714 -0.182000 -0.266410 -0.182000 -0.098714 0.000000 
5.000000e-01 5.000000e-01 2.423913e-01 5.000000e-01 5.000000e-01 1.515004e+00 -0.836365 -0.026406 -0.023289 0.935756 -0.023289 -0.026406 0.836366 -0.096242 -0.183213 -0.277457 -0.183213 -0.096242 0.000000 
5.000000e-01 5.000000e-01 2.293653e-01 5.000000e-01 5.000000e-01 1.515004e+00 -0.844913 -0.024856 -0.021476 0.937577 -0.021476 -0.024856 0.844913 -0.093500 -0.184157 -0.289599 -0.184157 -0.093500 0.000000 
5.000000e-01 5.000000e-01 2.163083e-01 5.000000e-01 5.000000e-01 1.515004e+00 -0.853481 -0.023301 -0.019660 0.939402 -0.019660 -0.023301 0.853481 -0.090447 -0.184726 -0.303135 -0.184726 -0.090447 0.000000 
5.000000e-01 5.000000e-01 2.032205e-01 5.000000e-01 5.000000e-01 1.515004e+00 -0.862070 -0.021742 -0.017839 0.941231 -0.017839 -0.021742 0.862070 -0.087113 -0.184884 -0.318076 -0.184884 -0.087113 0.000000 
5.000000e-01 5.000000e-01 1.901020e-01 5.000000e-01 5.000000e-01 1.515004e+00 -0.870679 -0.020179 -0.016013 0.943063 -0.016013 -0.020179 0.870679 -0.083490 -0.184540 -0.334618 -0.184540 -0.083490 0.000000 
5.000000e-01 5.000000e-01 1.769528e-01 5.000000e-01 5.000000e-01 1.515004e+00 -0.879310 -0.018611 -0.014184 0.944900 -0.014184 -0.018611 0.879310 -0.079516 -0.183453 -0.353370 -0.183453 -0.079516 0.000000 
5.000000e-01 5.000000e-01 1.637729e-01 5.000000e-01 5.000000e-01 1.515004e+00 -0.887962 -0.017039 -0.012350 0.946740 -0.012350 -0.017039 0.887962 -0.075239 -0.181581 -0.374323 -0.181581 -0.075239 0.000000 
5.000000e-01 5.000000e-01 1.505621e-01 5.000000e-01 5.000000e-01 1.515004e+00 -0.896638 -0.015463 -0.010511 0.948585 -0.010511 -0.015463 0.896638 -0.070656 -0.178768 -0.397791 -0.178768 -0.070656 0.000000 
5.000000e-01 5.000000e-01 1.373200e-01 5.000000e-01 5.000000e-01 1.515004e+00 -0.905338 -0.013882 -0.008667 0.950435 -0.008667 -0.013882 0.905338 -0.065720 -0.174611 -0.424676 -0.174611 -0.065720 0.000000 
5.000000e-01 5.000000e-01 1.240460e-01 5.000000e-01 5.000000e-01 1.515004e+00 -0.914065 -0.012295 -0.006817 0.952290 -0.006817 -0.012295 0.914065 -0.060472 -0.168994 -0.455134 -0.168994 -0.060472 0.000000 
5.000000e-01 5.000000e-01 1.107392e-01 5.000000e-01 5.000000e-01 1.515004e+00 -0.922822 -0.010703 -0.004961 0.954152 -0.004961 -0.010703 0.922822 -0.054926 -0.161698 -0.489575 -0.161698 -0.054926 0.000000 
5.000000e-01 5.000000e-01 9.739822e-02 5.000000e-01 5.000000e-01 1.515004e+00 -0.931615 -0.009105 -0.003098 0.956020 -0.003098 -0.009105 0.931615 -0.049048 -0.152088 -0.529343 -0.152088 -0.049048 0.000000 
5.000000e-01 5.000000e-01 8.402135e-02 5.000000e-01 5.000000e-01 1.515004e+00 -0.940448 -0.007499 -0.001226 0.957897 -0.001226 -0.007499 0.940449 -0.042881 -0.140020 -0.574645 -0.140020 -0.042881 0.000000 
5.000000e-01 5.000000e-01 7.060633e-02 5.000000e-01 5.000000e-01 1.515004e+00 -0.949329 -0.005884 0.000656 0.959784 0.000656 -0.005884 0.949329 -0.036451 -0.125286 -0.625854 -0.125286 -0.036451 0.000000 
5.000000e-01 5.000000e-01 5.715083e-02 5.000000e-01 5.000000e-01 1.515004e+00 -0.958269 -0.004258 0.002551 0.961683 0.002551 -0.004258 0.958269 -0.029739 -0.107124 -0.684542 -0.107124 -0.029739 0.000000 
5.000000e-01 5.000000e-01 4.365290e-02 5.000000e-01 5.000000e-01 1.515004e+00 -0.967273 -0.002620 0.004459 0.963596 0.004459 -0.002620 0.967273 -0.022800 -0.085784 -0.750106 -0.085784 -0.022800 0.000000 
5.000000e-01 5.000000e-01 3.011191e-02 5.000000e-01 5.000000e-01 1.515004e+00 -0.976343 -0.000970 0.006381 0.965523 0.006381 -0.000970 0.976343 -0.015670 -0.061483 -0.822037 -0.061483 -0.015670 0.000000 
5.000000e-01 5.000000e-01 1.652977e-02 5.000000e-01 5.000000e-01 1.515004e+00 -0.985480 0.000692 0.008317 0.967464 0.008317 0.000692 0.985480 -0.008366 -0.034258 -0.900231 -0.034258 -0.008366 0.000000 
5.000000e-01 5.000000e-01 4.999862e-03 5.000000e-01 5.000000e-01 1.515004e+00 -0.993255 0.002106 0.009964 0.969115 0.009964 0.002106 0.993255 -0.002108 -0.009972 -0.969094 -0.009972 -0.002108 0.000000 
5.000000e-01 5.000000e-01 4.999862e-03 5.000000e-01 5.000000e-01 1.515004e+00 -0.993255 0.002106 0.009964 0.969115 0.009964 0.002106 0.993255 -0.002108 -0.009972 -0.969094 -0.009972 -0.002108 0.000000 
5.000000e-01 5.000000e-01 4.999862e-03 5.000000e-01 5.000000e-01 1.515004e+00 -0.993255 0.002106 0.009964 0.969115 0.009964 0.002106 0.993255 -0.002108 -0.009972 -0.969094 -0.009972 -0.002108 0.000000 
5.000000e-01 5.000000e-01 4.999862e-03 5.000000e-01 5.000000e-01 1.515004e+00 -0.993255 0.002106 0.009964 0.969115 0.009964 0.002106 0.993255 -0.002108 -0.009972 -0.969094 -0.009972 -0.002108 0.000000 
5.000000e-01 5.000000e-01 4.999862e-03 5.000000e-01 5.000000e-01 1.515004e+00 -0.993255 0.002106 0.009964 0.969115 0.009964 0.002106 0.993255 -0.002108 -0.009972 -0.969094 -0.009972 -0.002108 0.000000 
5.000000e-01 5.000000e-01 4.999862e-03 5.000000e-01 5.000000e-01 1.515004e+00 -0.993255 0.002106 0.009964 0.969115 0.009964 0.002106 0.993255 -0.002108 -0.009972 -0.969094 -0.009972 -0.002108 0.000000 
5.000000e-01 5.000000e-01 4.999862e-03 5.000000e-01 5.000000e-01 1.515004e+00 -0.993255 0.002106 0.009964 0.969115 0.009964 0.002106 0.993255 -0.002108 -0.009972 -0.969094 -0.009972 -0.002108 0.000000 
5.000000e-01 5.000000e-01 4.999862e-03 5.000000e-01 5.000000e-01 1.515004e+00 -0.993255 0.002106 0.009964 0.969115 0.009964 0.002106 0.993255 -0.002108 -0.009972 -0.969094 -0.009972 -0.002108 0.000000 
5.000000e-01 5.000000e-01 4.999862e-03 5.000000e-01 5.000000e-01 1.515004e+00 -0.993255 0.002106 0.009964 0.969115 0.009964 0.002106 0.993255 -0.002108 -0.009972 -0.969094 -0.009972 -0.002108 0.000000 
5.000000e-01 5.000000e-01 4.999862e-03 5.000000e-01 5.000000e-01 1.515004e+00 -0.993255 0.002106 0.009964 0.969115 0.009964 0.002106 0.993255 -0.002108 -0.009972 -0.969094 -0.009972 -0.002108 0.000000 
5.000000e-01 5.000000e-01 4.999862e-03 5.000000e-01 5.000000e-01 1.515004e+00 -0.993255 0.002106 0.009964 0.969115 0.009964 0.002106 0.993255 -0.002108 -0.009972 -0.969094 -0.009972 -0.002108 0.000000 
5.000000e-01 5.000000e-01 4.999862e-03 5.000000e-01 5.000000e-01 1.515004e+00 -0.993255 0.002106 0.009964 0.969115 0.009964 0.002106 0.993255 -0.002108 -0.009972 -0.969094 -0.009972 -0.002108 0.000000 
5.000000e-01 5.000000e-01 4.999862e-03 5.000000e-01 5.000000e-01 1.515004e+00 -0.993255 0.002106 0.009964 0.969115 0.009964 0.002106 0.993255 -0.002108 -0.009972 -0.969094 -0.009972 -0.002108 0.000000 
5.000000e-01 5.000000e-01 4.999862e-03 5.000000e-01 5.000000e-01 1.515004e+00 -0.993255 0.002106 0.009964 0.969115 0.009964 0.002106 0.993255 -0.002108 -0.009972 -0.969094 -0.009972 -0.002108 0.000000 
5.000000e-01 5.000000e-01 4.999862e-03 5.000000e-01 5.000000e-01 1.515004e+00 -0.993255 0.002106 0.009964 0.969115 0.009964 0.002106 0.993255 -0.002108 -0.009972 -0.969094 -0.009972 -0.002108 0.000000 
5.000000e-01 5.000000e-01 4.999862e-03 5.000000e-01 5.000000e-01 1.515004e+00 -0.993255 0.002106 0.009964 0.969115 0.009964 0.002106 0.993255 -0.002108 -0.009972 -0.969094 -0.009972 -0.002108 0.000000 
5.000000e-01 5.000000e-01 4.999862e-03 5.000000e-01 5.000000e-01 1.515004e+00 -0.993255 0.002106 0.009964 0.969115 0.009964 0.002106 0.993255 -0.002108 -0.009972 -0.969094 -0.009972 -0.002108 0.000000 
5.000000e-01 5.000000e-01 4.999862e-03 5.000000e-01 5.000000e-01 1.515004e+00 -0.993255 0.002106 0.009964 0.969115 0.009964 0.002106 0.993255 -0.002108 -0.009972 -0.969094 -0.009972 -0.002108 0.000000 
5.000000e-01 5.000000e-01 4.999862e-03 5.000000e-01 5.000000e-01 1.515004e+00 -0.993255 0.002106 0.009964 0.969115 0.009964 0.002106 0.993255 -0.002108 -0.009972 -0.969094 -0.009972 -0.002108 0.000000 
5.000000e-01 5.000000e-01 4.999862e-03 5.000000e-01 5.000000e-01 1.515004e+00 -0.993255 0.002106 0.009964 0.969115 0.009964 0.002106 0.993255 -0.002108 -0.009972 -0.969094 -0.009972 -0.002108 0.000000 
5.000000e-01 5.000000e-01 4.999862e-03 5.000000e-01 5.000000e-01 1.515004e+00 -0.993255 0.002106 0.009964 0.969115 0.009964 0.002106 0.993255 -0.002108 -0.009972 -0.969094 -0.009972 -0.002108 0.000000 
5.000000e-01 5.000000e-01 4.999862e-03 5.000000e-01 5.000000e-01 1.515004e+00 -0.993255 0.002106 0.009964 0.969115 0.009964 0.002106 0.993255 -0.002108 -0.009972 -0.969094 -0.009972 -0.002108 0.000000 
5.000000e-01 5.000000e-01 4.999862e-03 5.000000e-01 5.000000e-01 1.515004e+00 -0.993255 0.002106 0.009964 0.969115 0.009964 0.002106 0.993255 -0.002108 -0.009972 -0.969094 -0.009972 -0.002108 0.000000 
5.000000e-01 5.000000e-01 4.999862e-03 5.000000e-01 5.000000e-01 1.515004e+00 -0.993255 0.002106 0.009964 0.969115 0.009964 0.002106 0.993255 -0.002108 -0.009972 -0.969094 -0.009972 -0.002108 0.000000 
5.000000e-01 5.000000e-01 4.999862e-03 5.000000e-01 5.000000e-01 1.515004e+00 -0.993255 0.002106 0.009964 0.969115 0.009964 0.002106 0.993255 -0.002108 -0.009972 -0.969094 -0.009972 -0.002108 0.000000 
5.000000e-01 5.000000e-01 4.999862e-03 5.000000e-01 5.000000e-01 1.515004e+00 -0.993255 0.002106 0.009964 0.969115 0.009964 0.002106 0.993255 -0.002108 -0.009972 -0.969094 -0.009972 -0.002108 0.000000 
5.000000e-01 5.000000e-01 4.999862e-03 5.000000e-01 5.000000e-01 1.515004e+00 -0.993255 0.002106 0.009964 0.969115 0.009964 0.002106 0.993255 -0.002108 -0.009972 -0.969094 -0.009972 -0.002108 0.000000 
5.000000e-01 5.000000e-01 4.999862e-03 5.000000e-01 5.000000e-01 1.515004e+00 -0.993255 0.002106 0.009964 0.969115 0.009964 0.002106 0.993255 -0.002108 -0.009972 -0.969094 -0.009972 -0.002108 0.000000 
5.000000e-01 5.000000e-01 4.999862e-03 5.000000e-01 5.000000e-01 1.515004e+00 -0.993255 0.002106 0.009964 0.969115 0.009964 0.002106 0.993255 -0.002108 -0.009972 -0.969094 -0.009972 -0.002108 0.000000 
5.000000e-01 5.000000e-01 4.999862e-03 5.000000e-01 5.000000e-01 1.515004e+00 -0.993255 0.002106 0.009964 0.969115 0.009964 0.002106 0.993255 -0.002108 -0.009972 -0.969094 -0.009972 -0.002108 0.000000 
5.000000e-01 5.000000e-01 4.999862e-03 5.000000e-01 5.000000e-01 1.515004e+00 -0.993255 0.002106 0.009964 0.969115 0.009964 0.002106 0.993255 -0.002108 -0.009972 -0.969094 -0.009972 -0.002108 0.000000 
5.000000e-01 5.000000e-01 4.999862e-03 5.000000e-01 5.000000e-01 1.515004e+00 -0.993255 0.002106 0.009964 0.969115 0.009964 0.002106 0.993255 -0.002108 -0.009972 -0.969094 -0.009972 -0.002108 0.000000 
5.000000e-01 5.000000e-01 4.999862e-03 5.000000e-01 5.000000e-01 1.515004e+00 -0.993255 0.002106 0.009964 0.969115 0.009964 0.002106 0.993255 -0.002108 -0.009972 -0.969094 -0.009972 -0.002108 0.000000 
5.000000e-01 5.000000e-01 4.999862e-03 5.000000e-01 5.000000e-01 1.515004e+00 -0.993255 0.002106 0.009964 0.969115 0.009964 0.002106 0.993255 -0.002108 -0.009972 -0.969094 -0.009972 -0.002108 0.000000 
5.000000e-01 5.000000e-01 4.999862e-03 5.000000e-01 5.000000e-01 1.515004e+00 -0.993255 0.002106 0.009964 0.969115 0.009964 0.002106 0.993255 -0.002108 -0.009972 -0.969094 -0.009972 -0.002108 0.000000 
5.000000e-01 5.000000e-01 4.999862e-03 5.000000e-01 5.000000e-01 1.515004e+00 -0.993255 0.002106 0.009964 0.969115 0.009964 0.002106 0.993255 -0.002108 -0.009972 -0.969094 -0.009972 -0.002108 0.000000 
5.000000e-01 5.000000e-01 4.999862e-03 5.000000e-01 5.000000e-01 1.515004e+00 -0.993255 0.002106 0.009964 0.969115 0.009964 0.002106 0.993255 -0.002108 -0.009972 -0.969094 -0.009972 -0.002108 0.000000 
5.000000e-01 5.000000e-01 4.999862e-03 5.000000e-01 5.000000e-01 1.515004e+00 -0.993255 0.002106 0.009964 0.969115 0.009964 0.002106 0.993255 -0.002108 -0.009972 -0.969094 -0.009972 -0.002108 0.000000 
5.000000e-01 5.000000e-01 4.999862e-03 5.000000e-01 5.000000e-01 1.515004e+00 -0.993255 0.002106 0.009964 0.969115 0.009964 0.002106 0.993255 -0.002108 -0.009972 -0.969094 -0.009972 -0.002108 0.000000 
5.000000e-01 5.000000e-01 4.999862e-03 5.000000e-01 5.000000e-01 1.515004e+00 -0.993255 0.002106 0.009964 0.969115 0.009964 0.002106 0.993255 -0.002108 -0.009972 -0.969094 -0.009972 -0.002108 0.000000 
5.000000e-01 5.000000e-01 4.999862e-03 5.000000e-01 5.000000e-01 1.515004e+00 -0.993255 0.002106 0.009964 0.969115 0.009964 0.002106 0.993255 -0.002108 -0.009972 -0.969094 -0.009972 -0.002108 0.000000 
5.000000e-01 5.000000e-01 4.999862e-03 5.000000e-01 5.000000e-01 1.515004e+00 -0.993255 0.002106 0.009964 0.969115 0.009964 0.002106 0.993255 -0.002108 -0.009972 -0.969094 -0.009972 -0.002108 0.000000 
5.000000e-01 5.000000e-01 4.999862e-03 5.000000e-01 5.000000e-01 1.515004e+00 -0.993255 0.002106 0.009964 0.969115 0.009964 0.002106 0.993255 -0.002108 -0.009972 -0.969094 -0.009972 -0.002108 0.000000 
5.000000e-01 5.000000e-01 4.999862e-03 5.000000e-01 5.000000e-01 1.515004e+00 -0.993255 0.002106 0.009964 0.969115 0.009964 0.002106 0.993255 -0.002108 -0.009972 -0.969094 -0.009972 -0.002108 0.000000 
5.000000e-01 5.000000e-01 4.999862e-03 5.000000e-01 5.000000e-01 1.515004e+00 -0.993255 0.002106 0.009964 0.969115 0.009964 0.002106 0.993255 -0.002108 -0.009972 -0.969094 -0.009972 -0.002108 0.000000 
5.000000e-01 5.000000e-01 4.999862e-03 5.000000e-01 5.000000e-01 1.515004e+00 -0.993255 0.002106 0.009964 0.969115 0.009964 0.002106 0.993255 -0.002108 -0.009972 -0.969094 -0.009972 -0.002108 0.000000 
5.000000e-01 5.000000e-01 4.999862e-03 5.000000e-01 5.000000e-01 1.515004e+00 -0.993255 0.002106 0.009964 0.969115 0.009964 0.002106 0.993255 -0.002108 -0.009972 -0.969094 -0.009972 -0.002108 0.000000 
5.000000e-01 5.000000e-01 4.999862e-03 5.000000e-01 5.000000e-01 1.515004e+00 -0.993255 0.002106 0.009964 0.969115 0.009964 0.002106 0.993255 -0.002108 -0.009972 -0.969094 -0.009972 -0.002108 0.000000 
5.000000e-01 5.000000e-01 4.999862e-03 5.000000e-01 5.000000e-01 1.515004e+00 -0.993255 0.002106 0.009964 0.969115 0.009964 0.002106 0.993255 -0.002108 -0.009972 -0.969094 -0.009972 -0.002108 0.000000 
5.000000e-01 5.000000e-01 4.999862e-03 5.000000e-01 5.000000e-01 1.515004e+00 -0.993255 0.002106 0.009964 0.969115 0.009964 0.002106 0.993255 -0.002108 -0.009972 -0.969094 -0.009972 -0.002108 0.000000 
5.000000e-01 5.000000e-01 4.999862e-03 5.000000e-01 5.000000e-01 1.515004e+00 -0.993255 0.002106 0.009964 0.969115 0.009964 0.002106 0.993255 -0.002108 -0.009972 -0.969094 -0.009972 -0.002108 0.000000 
5.000000e-01 5.000000e-01 4.999862e-03 5.000000e-01 5.000000e-01 1.515004e+00 -0.993255 0.002106 0.009964 0.969115 0.009964 0.002106 0.993255 -0.002108 -0.009972 -0.969094 -0.009972 -0.002108 0.000000 
5.000000e-01 5.000000e-01 4.999862e-03 5.000000e-01 5.000000e-01 1.515004e+00 -0.993255 0.002106 0.009964 0.969115 0.009964 0.002106 0.993255 -0.002108 -0.009972 -0.969094 -0.009972 -0.002108 0.000000 
5.000000e-01 5.000000e-01 4.999862e-03 5.000000e-01 5.000000e-01 1.515004e+00 -0.993255 0.002106 0.009964 0.969115 0.009964 0.002106 0.993255 -0.002108 -0.009972 -0.969094 -0.009972 -0.002108 0.000000 
5.000000e-01 5.000000e-01 4.999862e-03 5.000000e-01 5.000000e-01 1.515004e+00 -0.993255 0.002106 0.009964 0.969115 0.009964 0.002106 0.993255 -0.002108 -0.009972 -0.969094 -0.009972 -0.002108 0.000000 
5.000000e-01 5.000000e-01 4.999862e-03 5.000000e-01 5.000000e-01 1.515004e+00 -0.993255 0.002106 0.009964 0.969115 0.009964 0.002106 0.993255 -0.002108 -0.009972 -0.969094 -0.009972 -0.002108 0.000000 
5.000000e-01 5.000000e-01 4.999862e-03 5.000000e-01 5.000000e-01 1.515004e+00 -0.993255 0.002106 0.009964 0.969115 0.009964 0.002106 0.993255 -0.002108 -0.009972 -0.969094 -0.009972 -0.002108 0.000000 
5.000000e-01 5.000000e-01 4.999862e-03 5.000000e-01 5.000000e-01 1.515004e+00 -0.993255 0.002106 0.009964 0.969115 0.009964 0.002106 0.993255 -0.002108 -0.009972 -0.969094 -0.009972 -0.002108 0.000000 
5.000000e-01 5.000000e-01 4.999862e-03 5.000000e-01 5.000000e-01 1.515004e+00 -0.993255 0.002106 0.009964 0.969115 0.009964 0.002106 0.993255 -0.002108 -0.009972 -0.969094 -0.009972 -0.002108 0.000000 
5.000000e-01 5.000000e-01 4.999862e-03 5.000000e-01 5.000000e-01 1.515004e+00 -0.993255 0.002106 0.009964 0.969115 0.009964 0.002106 0.993255 -0.002108 -0.009972 -0.969094 -0.009972 -0.002108 0.000000 
5.000000e-01 5.000000e-01 4.999862e-03 5.000000e-01 5.000000e-01 1.515004e+00 -0.993255 0.002106 0.009964 0.969115 0.009964 0.002106 0.993255 -0.002108 -0.009972 -0.969094 -0.009972 -0.002108 0.000000 
5.000000e-01 5.000000e-01 4.999862e-03 5.000000e-01 5.000000e-01 1.515004e+00 -0.993255 0.002106 0.009964 0.969115 0.009964 0.002106 0.993255 -0.002108 -0.009972 -0.969094 -0.009972 -0.002108 0.000000 
5.000000e-01 5.000000e-01 4.999862e-03 5.000000e-01 5.000000e-01 1.515004e+00 -0.993255 0.002106 0.009964 0.969115 0.009964 0.002106 0.993255 -0.002108 -0.009972 -0.969094 -0.009972 -0.002108 0.000000 
5.000000e-01 5.000000e-01 4.999862e-03 5.000000e-01 5.000000e-01 1.515004e+00 -0.993255 0.002106 0.009964 0.969115 0.009964 0.002106 0.993255 -0.002108 -0.009972 -0.969094 -0.009972 -0.002108 0.000000 
5.000000e-01 5.000000e-01 4.999862e-03 5.000000e-01 5.000000e-01 1.515004e+00 -0.993255 0.002106 0.009964 0.969115 0.009964 0.002106 0.993255 -0.002108 -0.009972 -0.969094 -0.009972 -0.002108 0.000000 
5.000000e-01 5.000000e-01 4.999862e-03 5.000000e-01 5.000000e-01 1.515004e+00 -0.993255 0.002106 0.009964 0.969115 0.009964 0.002106 0.993255 -0.002108 -0.009972 -0.969094 -0.009972 -0.002108 0.000000 
5.000000e-01 5.000000e-01 4.999862e-03 5.000000e-01 5.000000e-01 1.515004e+00 -0.993255 0.002106 0.009964 0.969115 0.009964 0.002106 0.993255 -0.002108 -0.009972 -0.969094 -0.009972 -0.002108 0.000000 
5.000000e-01 5.000000e-01 4.999862e-03 5.000000e-01 5.000000e-01 1.515004e+00 -0.993255 0.002106 0.009964 0.969115 0.009964 0.002106 0.993255 -0.002108 -0.009972 -0.969094 -0.009972 -0.002108 0.000000 
5.000000e-01 5.000000e-01 4.999862e-03 5.000000e-01 5.000000e-01 1.515004e+00 -0.993255 0.002106 0.009964 0.969115 0.009964 0.002106 0.993255 -0.002108 -0.009972 -0.969094 -0.009972 -0.002108 0.000000 
5.000000e-01 5.000000e-01 4.999862e-03 5.000000e-01 5.000000e-01 1.515004e+00 -0.993255 0.002106 0.009964 0.969115 0.009964 0.002106 0.993255 -0.002108 -0.009972 -0.969094 -0.009972 -0.002108 0.000000 
5.000000e-01 5.000000e-01 4.999862e-03 5.000000e-01 5.000000e-01 1.515004e+00 -0.993255 0.002106 0.009964 0.969115 0.009964 0.002106 0.993255 -0.002108 -0.009972 -0.969094 -0.009972 -0.002108 0.000000 
5.000000e-01 5.000000e-01 4.999862e-03 5.000000e-01 5.000000e-01 1.515004e+00 -0.993255 0.002106 0.009964 0.969115 0.009964 0.002106 0.993255 -0.002108 -0.009972 -0.969094 -0.009972 -0.002108 0.000000 
5.000000e-01 5.000000e-01 4.999862e-03 5.000000e-01 5.000000e-01 1.515004e+00 -0.993255 0.002106 0.009964 0.969115 0.009964 0.002106 0.993255 -0.002108 -0.009972 -0.969094 -0.009972 -0.002108 0.000000 
5.000000e-01 5.000000e-01 4.999862e-03 5.000000e-01 5.000000e-01 1.515004e+00 -0.993255 0.002106 0.009964 0.969115 0.009964 0.002106 0.993255 -0.002108 -0.009972 -0.969094 -0.009972 -0.002108 0.000000 
5.000000e-01 5.000000e-01 4.999862e-03 5.000000e-01 5.000000e-01 1.515004e+00 -0.993255 0.002106 0.009964 0.969115 0.009964 0.002106 0.993255 -0.002108 -0.009972 -0.969094 -0.009972 -0.002108 0.000000 
5.000000e-01 5.000000e-01 4.999862e-03 5.000000e-01 5.000000e-01 1.515004e+00 -0.993255 0.002106 0.009964 0.969115 0.009964 0.002106 0.993255 -0.002108 -0.009972 -0.969094 -0.009972 -0.002108 0.000000 
5.000000e-01 5.000000e-01 4.999862e-03 5.000000e-01 5.000000e-01 1.515004e+00 -0.993255 0.002106 0.009964 0.969115 0.009964 0.002106 0.993255 -0.002108 -0.009972 -0.969094 -0.009972 -0.002108 0.000000 
5.000000e-01 5.000000e-01 4.999862e-03 5.000000e-01 5.000000e-01 1.515004e+00 -0.993255 0.002106 0.009964 0.969115 0.009964 0.002106 0.993255 -0.002108 -0.009972 -0.969094 -0.009972 -0.002108 0.000000 
5.000000e-01 5.000000e-01 4.999862e-03 5.000000e-01 5.000000e-01 1.515004e+00 -0.993255 0.002106 0.009964 0.969115 0.009964 0.002106 0.993255 -0.002108 -0.009972 -0.969094 -0.009972 -0.002108 0.000000 
5.000000e-01 5.000000e-01 4.999862e-03 5.000000e-01 5.000000e-01 1.515004e+00 -0.993255 0.002106 0.009964 0.969115 0.009964 0.002106 0.993255 -0.002108 -0.009972 -0.969094 -0.009972 -0.002108 0.000000 
5.000000e-01 5.000000e-01 4.999862e-03 5.000000e-01 5.000000e-01 1.515004e+00 -0.993255 0.002106 0.009964 0.969115 0.009964 0.002106 0.993255 -0.002108 -0.009972 -0.969094 -0.009972 -0.002108 0.000000 
5.000000e-01 5.000000e-01 4.999862e-03 5.000000e-01 5.000000e-01 1.515004e+00 -0.993255 0.002106 0.009964 0.969115 0.009964 0.002106 0.993255 -0.002108 -0.009972 -0.969094 -0.009972 -0.002108 0.000000 
5.000000e-01 5.000000e-01 4.999862e-03 5.000000e-01 5.000000e-01 1.515004e+00 -0.993255 0.002106 0.009964 0.969115 0.009964 0.002106 0.993255 -0.002108 -0.009972 -0.969094 -0.009972 -0.002108 0.000000 
5.000000e-01 5.000000e-01 4.999862e-03 5.000000e-01 5.000000e-01 1.515004e+00 -0.993255 0.002106 0.009964 0.969115 0.009964 0.002106 0.993255 -0.002108 -0.009972 -0.969094 -0.009972 -0.002108 0.000000 
5.000000e-01 5.000000e-01 4.999862e-03 5.000000e-01 5.000000e-01 1.515004e+00 -0.993255 0.002106 0.009964 0.969115 0.009964 0.002106 0.993255 -0.002108 -0.009972 -0.969094 -0.009972 -0.002108 0.000000 
5.000000e-01 5.000000e-01 4.999862e-03 5.000000e-01 5.000000e-01 1.515004e+00 -0.993255 0.002106 0.009964 0.969115 0.009964 0.002106 0.993255 -0.002108 -0.009972 -0.969094 -0.009972 -0.002108 0.000000 
5.000000e-01 5.000000e-01 4.999862e-03 5.000000e-01 5.000000e-01 1.515004e+00 -0.993255 0.002106 0.009964 0.969115 0.009964 0.002106 0.993255 -0.002108 -0.009972 -0.969094 -0.009972 -0.002108 0.000000 
5.000000e-01 5.000000e-01 4.999862e-03 5.000000e-01 5.000000e-01 1.515004e+00 -0.993255 0.002106 0.009964 0.969115 0.009964 0.002106 0.993255 -0.002108 -0.009972 -0.969094 -0.009972 -0.002108 0.000000 
5.000000e-01 5.000000e-01 4.999862e-03 5.000000e-01 5.000000e-01 1.515004e+00 -0.993255 0.002106 0.009964 0.969115 0.009964 0.002106 0.993255 -0.002108 -0.009972 -0.969094 -0.009972 -0.002108 0.000000 
5.000000e-01 5.000000e-01 4.999862e-03 5.000000e-01 5.000000e-01 1.515004e+00 -0.993255 0.002106 0.009964 0.969115 0.009964 0.002106 0.993255 -0.002108 -0.009972 -0.969094 -0.009972 -0.002108 0.000000 
5.000000e-01 5.000000e-01 4.999862e-03 5.000000e-01 5.000000e-01 1.515004e+00 -0.993255 0.002106 0.009964 0.969115 0.009964 0.002106 0.993255 -0.002108 -0.009972 -0.969094 -0.009972 -0.002108 0.000000 
5.000000e-01 5.000000e-01 4.999862e-03 5.000000e-01 5.000000e-01 1.515004e+00 -0.993255 0.002106 0.009964 0.969115 0.009964 0.002106 0.993255 -0.002108 -0.009972 -0.969094 -0.009972 -0.002108 0.000000 
5.000000e-01 5.000000e-01 4.999862e-03 5.000000e-01 5.000000e-01 1.515004e+00 -0.993255 0.002106 0.009964 0.969115 0.009964 0.002106 0.993255 -0.002108 -0.009972 -0.969094 -0.009972 -0.002108 0.000000 
5.000000e-01 5.000000e-01 4.999862e-03 5.000000e-01 5.000000e-01 1.515004e+00 -0.993255 0.002106 0.009964 0.969115 0.009964 0.002106 0.993255 -0.002108 -0.009972 -0.969094 -0.009972 -0.002108 0.000000 
5.000000e-01 5.000000e-01 4.999862e-03 5.000000e-01 5.000000e-01 1.515004e+00 -0.993255 0.002106 0.009964 0.969115 0.009964 0.002106 0.993255 -0.002108 -0.009972 -0.969094 -0.009972 -0.002108 0.000000 
5.000000e-01 5.000000e-01 4.999862e-03 5.000000e-01 5.000000e-01 1.515004e+00 -0.993255 0.002106 0.009964 0.969115 0.009964 0.002106 0.993255 -0.002108 -0.009972 -0.969094 -0.009972 -0.002108 0.000000 
5.000000e-01 5.000000e-01 4.999862e-03 5.000000e-01 5.000000e-01 1.515004e+00 -0.993255 0.002106 0.009964 0.969115 0.009964 0.002106 0.993255 -0.002108 -0.009972 -0.969094 -0.009972 -0.002108 0.000000 
5.000000e-01 5.000000e-01 4.999862e-03 5.000000e-01 5.000000e-01 1.515004e+00 -0.993255 0.002106 0.009964 0.969115 0.009964 0.002106 0.993255 -0.002108 -0.009972 -0.969094 -0.009972 -0.002108 0.000000 
5.000000e-01 5.000000e-01 4.999862e-03 5.000000e-01 5.000000e-01 1.515004e+00 -0.993255 0.002106 0.009964 0.969115 0.009964 0.002106 0.993255 -0.002108 -0.009972 -0.969094 -0.009972 -0.002108 0.000000 
5.000000e-01 5.000000e-01 4.999862e-03 5.000000e-01 5.000000e-01 1.515004e+00 -0.993255 0.002106 0.009964 0.969115 0.009964 0.002106 0.993255 -0.002108 -0.009972 -0.969094 -0.009972 -0.002108 0.000000 
5.000000e-01 5.000000e-01 4.999862e-03 5.000000e-01 5.000000e-01 1.515004e+00 -0.993255 0.002106 0.009964 0.969115 0.009964 0.002106 0.993255 -0.002108 -0.009972 -0.969094 -0.009972 -0.002108 0.000000 
5.000000e-01 5.000000e-01 4.999862e-03 5.000000e-01 5.000000e-01 1.515004e+00 -0.993255 0.002106 0.009964 0.969115 0.009964 0.002106 0.993255 -0.002108 -0.009972 -0.969094 -0.009972 -0.002108 0.000000 
5.000000e-01 5.000000e-01 4.999862e-03 5.000000e-01 5.000000e-01 1.515004e+00 -0.993255 0.002106 0.009964 0.969115 0.009964 0.002106 0.993255 -0.002108 -0.009972 -0.969094 -0.009972 -0.002108 0.000000 
5.000000e-01 5.000000e-01 4.999862e-03 5.000000e-01 5.000000e-01 1.515004e+00 -0.993255 0.002106 0.009964 0.969115 0.009964 0.002106 0.993255 -0.002108 -0.009972 -0.969094 -0.009972 -0.002108 0.000000 
5.000000e-01 5.000000e-01 4.999862e-03 5.000000e-01 5.000000e-01 1.515004e+00 -0.993255 0.002106 0.009964 0.969115 0.009964 0.002106 0.993255 -0.002108 -0.009972 -0.969094 -0.009972 -0.002108 0.000000 
5.000000e-01 5.000000e-01 4.999862e-03 5.000000e-01 5.000000e-01 1.515004e+00 -0.993255 0.002106 0.009964 0.969115 0.009964 0.002106 0.993255 -0.002108 -0.009972 -0.969094 -0.009972 -0.002108 0.000000 
5.000000e-01 5.000000e-01 4.999862e-03 5.000000e-01 5.000000e-01 1.515004e+00 -0.993255 0.002106 0.009964 0.969115 0.009964 0.002106 0.993255 -0.002108 -0.009972 -0.969094 -0.009972 -0.002108 0.000000 
5.000000e-01 5.000000e-01 4.999862e-03 5.000000e-01 5.000000e-01 1.515004e+00 -0.993255 0.002106 0.009964 0.969115 0.009964 0.002106 0.993255 -0.002108 -0.009972 -0.969094 -0.009972 -0.002108 0.000000 
5.000000e-01 5.000000e-01 4.999862e-03 5.000000e-01 5.000000e-01 1.515004e+00 -0.993255 0.002106 0.009964 0.969115 0.009964 0.002106 0.993255 -0.002108 -0.009972 -0.969094 -0.009972 -0.002108 0.000000 
5.000000e-01 5.000000e-01 4.999862e-03 5.000000e-01 5.000000e-01 1.515004e+00 -0.993255 0.002106 0.009964 0.969115 0.009964 0.002106 0.993255 -0.002108 -0.009972 -0.969094 -0.009972 -0.002108 0.000000 
5.000000e-01 5.000000e-01 4.999862e-03 5.000000e-01 5.000000e-01 1.515004e+00 -0.993255 0.002106 0.009964 0.969115 0.009964 0.002106 0.993255 -0.002108 -0.009972 -0.969094 -0.009972 -0.002108 0.000000 
5.000000e-01 5.000000e-01 4.999862e-03 5.000000e-01 5.000000e-01 1.515004e+00 -0.993255 0.002106 0.009964 0.969115 0.009964 0.002106 0.993255 -0.002108 -0.009972 -0.969094 -0.009972 -0.002108 0.000000 
5.000000e-01 5.000000e-01 4.999862e-03 5.000000e-01 5.000000e-01 1.515004e+00 -0.993255 0.002106 0.009964 0.969115 0.009964 0.002106 0.993255 -0.002108 -0.009972 -0.969094 -0.009972 -0.002108 0.000000 
5.000000e-01 5.000000e-01 4.999862e-03 5.000000e-01 5.000000e-01 1.515004e+00 -0.993255 0.002106 0.009964 0.969115 0.009964 0.002106 0.993255 -0.002108 -0.009972 -0.969094 -0.009972 -0.002108 0.000000 
5.000000e-01 5.000000e-01 4.999862e-03 5.000000e-01 5.000000e-01 1.515004e+00 -0.993255 0.002106 0.009964 0.969115 0.009964 0.002106 0.993255 -0.002108 -0.009972 -0.969094 -0.009972 -0.002108 0.000000 
5.000000e-01 5.000000e-01 4.999862e-03 5.000000e-01 5.000000e-01 1.515004e+00 -0.993255 0.002106 0.009964 0.969115 0.009964 0.002106 0.993255 -0.002108 -0.009972 -0.969094 -0.009972 -0.002108 0.000000 
5.000000e-01 5.000000e-01 4.999862e-03 5.000000e-01 5.000000e-01 1.515004e+00 -0.993255 0.002106 0.009964 0.969115 0.009964 0.002106 0.993255 -0.002108 -0.009972 -0.969094 -0.009972 -0.002108 0.000000 
5.000000e-01 5.000000e-01 4.999862e-03 5.000000e-01 5.000000e-01 1.515004e+00 -0.993255 0.002106 0.009964 0.969115 0.009964 0.002106 0.993255 -0.002108 -0.009972 -0.969094 -0.009972 -0.002108 0.000000 
5.000000e-01 5.000000e-01 4.999862e-03 5.000000e-01 5.000000e-01 1.515004e+00 -0.993255 0.002106 0.009964 0.969115 0.009964 0.002106 0.993255 -0.002108 -0.009972 -0.969094 -0.009972 -0.002108 0.000000 
5.000000e-01 5.000000e-01 4.999862e-03 5.000000e-01 5.000000e-01 1.515004e+00 -0.993255 0.002106 0.009964 0.969115 0.009964 0.002106 0.993255 -0.002108 -0.009972 -0.969094 -0.009972 -0.002108 0.000000 
5.000000e-01 5.000000e-01 4.999862e-03 5.000000e-01 5.000000e-01 1.515004e+00 -0.993255 0.002106 0.009964 0.969115 0.009964 0.002106 0.993255 -0.002108 -0.009972 -0.969094 -0.009972 -0.002108 0.000000 
5.000000e-01 5.000000e-01 4.999862e-03 5.000000e-01 5.000000e-01 1.515004e+00 -0.993255 0.002106 0.009964 0.969115 0.009964 0.002106 0.993255 -0.002108 -0.009972 -0.969094 -0.009972 -0.002108 0.000000 
5.000000e-01 5.000000e-01 4.999862e-03 5.000000e-01 5.000000e-01 1.515004e+00 -0.993255 0.002106 0.009964 0.969115 0.009964 0.002106 0.993255 -0.002108 -0.009972 -0.969094 -0.009972 -0.002108 0.000000 
5.000000e-01 5.000000e-01 4.999862e-03 5.000000e-01 5.000000e-01 1.515004e+00 -0.993255 0.002106 0.009964 0.969115 0.009964 0.002106 0.993255 -0.002108 -0.009972 -0.969094 -0.009972 -0.002108 0.000000 
5.000000e-01 5.000000e-01 4.999862e-03 5.000000e-01 5.000000e-01 1.515004e+00 -0.993255 0.002106 0.009964 0.969115 0.009964 0.002106 0.993255 -0.002108 -0.009972 -0.969094 -0.009972 -0.002108 0.000000 
5.000000e-01 5.000000e-01 4.999862e-03 5.000000e-01 5.000000e-01 1.515004e+00 -0.993255 0.002106 0.009964 0.969115 0.009964 0.002106 0.993255 -0.002108 -0.009972 -0.969094 -0.009972 -0.002108 0.000000 
5.000000e-01 5.000000e-01 4.999862e-03 5.000000e-01 5.000000e-01 1.515004e+00 -0.993255 0.002106 0.009964 0.969115 0.009964 0.002106 0.993255 -0.002108 -0.009972 -0.969094 -0.009972 -0.002108 0.000000 
5.000000e-01 5.000000e-01 4.999862e-03 5.000000e-01 5.000000e-01 1.515004e+00 -0.993255 0.002106 0.009964 0.969115 0.009964 0.002106 0.993255 -0.002108 -0.009972 -0.969094 -0.009972 -0.002108 0.000000 
5.000000e-01 5.000000e-01 4.999862e-03 5.000000e-01 5.000000e-01 1.515004e+00 -0.993255 0.002106 0.009964 0.969115 0.009964 0.002106 0.993255 -0.002108 -0.009972 -0.969094 -0.009972 -0.002108 0.000000 
5.000000e-01 5.000000e-01 4.999862e-03 5.000000e-01 5.000000e-01 1.515004e+00 -0.993255 0.002106 0.009964 0.969115 0.009964 0.002106 0.993255 -0.002108 -0.009972 -0.969094 -0.009972 -0.002108 0.000000 
5.000000e-01 5.000000e-01 4.999862e-03 5.000000e-01 5.000000e-01 1.515004e+00 -0.993255 0.002106 0.009964 0.969115 0.009964 0.002106 0.993255 -0.002108 -0.009972 -0.969094 -0.009972 -0.002108 0.000000 
5.000000e-01 5.000000e-01 4.999862e-03 5.000000e-01 5.000000e-01 1.515004e+00 -0.993255 0.002106 0.009964 0.969115 0.009964 0.002106 0.993255 -0.002108 -0.009972 -0.969094 -0.009972 -0.002108 0.000000 
5.000000e-01 5.000000e-01 4.999862e-03 5.000000e-01 5.000000e-01 1.515004e+00 -0.993255 0.002106 0.009964 0.969115 0.009964 0.002106 0.993255 -0.002108 -0.009972 -0.969094 -0.009972 -0.002108 0.000000 
5.000000e-01 5.000000e-01 4.999862e-03 5.000000e-01 5.000000e-01 1.515004e+00 -0.993255 0.002106 0.009964 0.969115 0.009964 0.002106 0.993255 -0.002108 -0.009972 -0.969094 -0.009972 -0.002108 0.000000 
5.000000e-01 5.000000e-01 4.999862e-03 5.000000e-01 5.000000e-01 1.515004e+00 -0.993255 0.002106 0.009964 0.969115 0.009964 0.002106 0.993255 -0.002108 -0.009972 -0.969094 -0.009972 -0.002108 0.000000 
5.000000e-01 5.000000e-01 4.999862e-03 5.000000e-01 5.000000e-01 1.515004e+00 -0.993255 0.002106 0.009964 0.969115 0.009964 0.002106 0.993255 -0.002108 -0.009972 -0.969094 -0.009972 -0.002108 0.000000 
5.000000e-01 5.000000e-01 4.999862e-03 5.000000e-01 5.000000e-01 1.515004e+00 -0.993255 0.002106 0.009964 0.969115 0.009964 0.002106 0.993255 -0.002108 -0.009972 -0.969094 -0.009972 -0.002108 0.000000 
5.000000e-01 5.000000e-01 4.999862e-03 5.000000e-01 5.000000e-01 1.515004e+00 -0.993255 0.002106 0.009964 0.969115 0.009964 0.002106 0.993255 -0.002108 -0.009972 -0.969094 -0.009972 -0.002108 0.000000 
5.000000e-01 5.000000e-01 4.999862e-03 5.000000e-01 5.000000e-01 1.515004e+00 -0.993255 0.002106 0.009964 0.969115 0.009964 0.002106 0.993255 -0.002108 -0.009972 -0.969094 -0.009972 -0.002108 0.000000 
5.000000e-01 5.000000e-01 4.999862e-03 5.000000e-01 5.000000e-01 1.515004e+00 -0.993255 0.002106 0.009964 0.969115 0.009964 0.002106 0.993255 -0.002108 -0.009972 -0.969094 -0.009972 -0.002108 0.000000 
5.000000e-01 5.000000e-01 4.999862e-03 5.000000e-01 5.000000e-01 1.515004e+00 -0.993255 0.002106 0.009964 0.969115 0.009964 0.002106 0.993255 -0.002108 -0.009972 -0.969094 -0.009972 -0.002108 0.000000 
5.000000e-01 5.000000e-01 4.999862e-03 5.000000e-01 5.000000e-01 1.515004e+00 -0.993255 0.002106 0.009964 0.969115 0.009964 0.002106 0.993255 -0.002108 -0.009972 -0.969094 -0.009972 -0.002108 0.000000 
5.000000e-01 5.000000e-01 4.999862e-03 5.000000e-01 5.000000e-01 1.515004e+00 -0.993255 0.002106 0.009964 0.969115 0.009964 0.002106 0.993255 -0.002108 -0.009972 -0.969094 -0.009972 -0.002108 0.000000 
5.000000e-01 5.000000e-01 4.999862e-03 5.000000e-01 5.000000e-01 1.515004e+00 -0.993255 0.002106 0.009964 0.969115 0.009964 0.002106 0.993255 -0.002108 -0.009972 -0.969094 -0.009972 -0.002108 0.000000 
5.000000e-01 5.000000e-01 4.999862e-03 5.000000e-01 5.000000e-01 1.515004e+00 -0.993255 0.002106 0.009964 0.969115 0.009964 0.002106 0.993255 -0.002108 -0.009972 -0.969094 -0.009972 -0.002108 0.000000 
5.000000e-01 5.000000e-01 4.999862e-03 5.000000e-01 5.000000e-01 1.515004e+00 -0.993255 0.002106 0.009964 0.969115 0.009964 0.002106 0.993255 -0.002108 -0.009972 -0.969094 -0.009972 -0.002108 0.000000 
5.000000e-01 5.000000e-01 4.999862e-03 5.000000e-01 5.000000e-01 1.515004e+00 -0.993255 0.002106 0.009964 0.969115 0.009964 0.002106 0.993255 -0.002108 -0.009972 -0.969094 -0.009972 -0.002108 0.000000 
5.000000e-01 5.000000e-01 4.999862e-03 5.000000e-01 5.000000e-01 1.515004e+00 -0.993255 0.002106 0.009964 0.969115 0.009964 0.002106 0.993255 -0.002108 -0.009972 -0.969094 -0.009972 -0.002108 0.000000 
5.000000e-01 5.000000e-01 4.999862e-03 5.000000e-01 5.000000e-01 1.515004e+00 -0.993255 0.002106 0.009964 0.969115 0.009964 0.002106 0.993255 -0.002108 -0.009972 -0.969094 -0.009972 -0.002108 0.000000 
5.000000e-01 5.000000e-01 4.999862e-03 5.000000e-01 5.000000e-01 1.515004e+00 -0.993255 0.002106 0.009964 0.969115 0.009964 0.002106 0.993255 -0.002108 -0.009972 -0.969094 -0.009972 -0.002108 0.000000 
5.000000e-01 5.000000e-01 4.999862e-03 5.000000e-01 5.000000e-01 1.515004e+00 -0.993255 0.002106 0.009964 0.969115 0.009964 0.002106 0.993255 -0.002108 -0.009972 -0.969094 -0.009972 -0.002108 0.000000 
5.000000e-01 5.000000e-01 4.999862e-03 5.000000e-01 5.000000e-01 1.515004e+00 -0.993255 0.002106 0.009964 0.969115 0.009964 0.002106 0.993255 -0.002108 -0.009972 -0.969094 -0.009972 -0.002108 0.000000 
5.000000e-01 5.000000e-01 4.999862e-03 5.000000e-01 5.000000e-01 1.515004e+00 -0.993255 0.002106 0.009964 0.969115 0.009964 0.002106 0.993255 -0.002108 -0.009972 -0.969094 -0.009972 -0.002108 0.000000 
5.000000e-01 5.000000e-01 4.999862e-03 5.000000e-01 5.000000e-01 1.515004e+00 -0.993255 0.002106 0.009964 0.969115 0.009964 0.002106 0.993255 -0.002108 -0.009972 -0.969094 -0.009972 -0.002108 0.000000 
5.000000e-01 5.000000e-01 4.999862e-03 5.000000e-01 5.000000e-01 1.515004e+00 -0.993255 0.002106 0.009964 0.969115 0.009964 0.002106 0.993255 -0.002108 -0.009972 -0.969094 -0.009972 -0.002108 0.000000 
5.000000e-01 5.000000e-01 4.999862e-03 5.000000e-01 5.000000e-01 1.515004e+00 -0.993255 0.002106 0.009964 0.969115 0.009964 0.002106 0.993255 -0.002108 -0.009972 -0.969094 -0.009972 -0.002108 0.000000 
5.000000e-01 5.000000e-01 4.999862e-03 5.000000e-01 5.000000e-01 1.515004e+00 -0.993255 0.002106 0.009964 0.969115 0.009964 0.002106 0.993255 -0.002108 -0.009972 -0.969094 -0.009972 -0.002108 0.000000 
5.000000e-01 5.000000e-01 4.999862e-03 5.000000e-01 5.000000e-01 1.515004e+00 -0.993255 0.002106 0.009964 0.969115 0.009964 0.002106 0.993255 -0.002108 -0.009972 -0.969094 -0.009972 -0.002108 0.000000 
5.000000e-01 5.000000e-01 4.999862e-03 5.000000e-01 5.000000e-01 1.515004e+00 -0.993255 0.002106 0.009964 0.969115 0.009964 0.002106 0.993255 -0.002108 -0.009972 -0.969094 -0.009972 -0.002108 0.000000 
5.000000e-01 5.000000e-01 4.999862e-03 5.000000e-01 5.000000e-01 1.515004e+00 -0.993255 0.002106 0.009964 0.969115 0.009964 0.002106 0.993255 -0.002108 -0.009972 -0.969094 -0.009972 -0.002108 0.000000 
