# TeX TeY TeZ ThX ThY THZ P1 P2
5.000000e-01 5.000000e-01 1.400000e+00 5.000000e-01 5.000000e-01 1.400000e+00 0.000000 0.000000 0.000000 0.000000 0.000000 0.000000 0.000000 0.000000 0.000000 0.000000 0.000000 0.000000 0.000000 
5.000000e-01 5.000000e-01 1.392489e+00 5.000000e-01 5.000000e-01 1.406449e+00 -0.009185 -0.005763 -0.007308 0.035327 -0.007308 -0.005763 0.009185 -0.001670 -0.001947 -0.001952 -0.001947 -0.001670 0.000000 
5.000000e-01 5.000000e-01 1.384903e+00 5.000000e-01 5.000000e-01 1.412863e+00 -0.018396 -0.011500 -0.014500 0.070395 -0.014500 -0.011500 0.018396 -0.003344 -0.003899 -0.003910 -0.003899 -0.003344 0.000000 
5.000000e-01 5.000000e-01 1.377243e+00 5.000000e-01 5.000000e-01 1.419239e+00 -0.027631 -0.017215 -0.021667 0.105395 -0.021667 -0.017215 0.027631 -0.005023 -0.005856 -0.005873 -0.005856 -0.005023 0.000000 
5.000000e-01 5.000000e-01 1.369509e+00 5.000000e-01 5.000000e-01 1.425579e+00 -0.036895 -0.022935 -0.029150 0.141065 -0.029150 -0.022935 0.036895 -0.006707 -0.007819 -0.007843 -0.007819 -0.006707 0.000000 
5.000000e-01 5.000000e-01 1.361701e+00 5.000000e-01 5.000000e-01 1.431882e+00 -0.046183 -0.028575 -0.036494 0.176322 -0.036494 -0.028575 0.046183 -0.008395 -0.009788 -0.009817 -0.009788 -0.008395 0.000000 
5.000000e-01 5.000000e-01 1.353820e+00 5.000000e-01 5.000000e-01 1.438147e+00 -0.055500 -0.034179 -0.044104 0.212065 -0.044104 -0.034179 0.055500 -0.010088 -0.011763 -0.011798 -0.011763 -0.010088 0.000000 
5.000000e-01 5.000000e-01 1.345866e+00 5.000000e-01 5.000000e-01 1.444375e+00 -0.064844 -0.039747 -0.052080 0.248498 -0.052080 -0.039747 0.064845 -0.011787 -0.013743 -0.013785 -0.013743 -0.011787 0.000000 
5.000000e-01 5.000000e-01 1.337839e+00 5.000000e-01 5.000000e-01 1.450565e+00 -0.074215 -0.045247 -0.060123 0.284955 -0.060123 -0.045247 0.074215 -0.013490 -0.015729 -0.015777 -0.015729 -0.013490 0.000000 
5.000000e-01 5.000000e-01 1.329739e+00 5.000000e-01 5.000000e-01 1.456718e+00 -0.083617 -0.050714 -0.068821 0.322688 -0.068821 -0.050714 0.083617 -0.015198 -0.017722 -0.017776 -0.017722 -0.015198 0.000000 
5.000000e-01 5.000000e-01 1.321568e+00 5.000000e-01 5.000000e-01 1.462832e+00 -0.093046 -0.056078 -0.077675 0.360554 -0.077675 -0.056078 0.093046 -0.016911 -0.019721 -0.019781 -0.019721 -0.016911 0.000000 
5.000000e-01 5.000000e-01 1.313325e+00 5.000000e-01 5.000000e-01 1.468908e+00 -0.102502 -0.061367 -0.086841 0.398918 -0.086841 -0.061367 0.102502 -0.018630 -0.021725 -0.021793 -0.021725 -0.018630 0.000000 
5.000000e-01 5.000000e-01 1.305011e+00 5.000000e-01 5.000000e-01 1.474946e+00 -0.111990 -0.066594 -0.096631 0.438440 -0.096631 -0.066594 0.111990 -0.020353 -0.023736 -0.023811 -0.023736 -0.020353 0.000000 
5.000000e-01 5.000000e-01 1.296627e+00 5.000000e-01 5.000000e-01 1.480944e+00 -0.121502 -0.071726 -0.106529 0.478010 -0.106529 -0.071726 0.121502 -0.022081 -0.025753 -0.025834 -0.025753 -0.022081 0.000000 
5.000000e-01 5.000000e-01 1.288173e+00 5.000000e-01 5.000000e-01 1.486904e+00 -0.131045 -0.076785 -0.117026 0.518666 -0.117026 -0.076785 0.131045 -0.023814 -0.027775 -0.027865 -0.027775 -0.023814 0.000000 
5.000000e-01 5.000000e-01 1.279649e+00 5.000000e-01 5.000000e-01 1.492823e+00 -0.140611 -0.081744 -0.127701 0.559502 -0.127701 -0.081744 0.140611 -0.025552 -0.029804 -0.029900 -0.029804 -0.025552 0.000000 
5.000000e-01 5.000000e-01 1.271057e+00 5.000000e-01 5.000000e-01 1.498701e+00 -0.150202 -0.086587 -0.138585 0.600548 -0.138585 -0.086587 0.150202 -0.027293 -0.031837 -0.031942 -0.031837 -0.027293 0.000000 
5.000000e-01 5.000000e-01 1.262396e+00 5.000000e-01 5.000000e-01 1.504538e+00 -0.159817 -0.091328 -0.149740 0.641952 -0.149740 -0.091328 0.159817 -0.029039 -0.033875 -0.033988 -0.033875 -0.029039 0.000000 
5.000000e-01 5.000000e-01 1.253666e+00 5.000000e-01 5.000000e-01 1.510330e+00 -0.169449 -0.095953 -0.160857 0.683067 -0.160857 -0.095953 0.169449 -0.030787 -0.035917 -0.036039 -0.035917 -0.030787 0.000000 
5.000000e-01 5.000000e-01 1.244870e+00 5.000000e-01 5.000000e-01 1.515005e+00 -0.178375 -0.099885 -0.169797 0.717740 -0.169797 -0.099885 0.178375 -0.032407 -0.037810 -0.037940 -0.037810 -0.032407 0.000000 
5.000000e-01 5.000000e-01 1.236006e+00 5.000000e-01 5.000000e-01 1.515005e+00 -0.184192 -0.101174 -0.168667 0.723875 -0.168667 -0.101174 0.184192 -0.033461 -0.039044 -0.039182 -0.039044 -0.033461 0.000000 
5.000000e-01 5.000000e-01 1.227077e+00 5.000000e-01 5.000000e-01 1.515005e+00 -0.190051 -0.102366 -0.167468 0.729720 -0.167468 -0.102366 0.190052 -0.034522 -0.040287 -0.040433 -0.040287 -0.034522 0.000000 
5.000000e-01 5.000000e-01 1.218081e+00 5.000000e-01 5.000000e-01 1.515005e+00 -0.195955 -0.103460 -0.166208 0.735291 -0.166208 -0.103460 0.195955 -0.035591 -0.041540 -0.041693 -0.041540 -0.035591 0.000000 
5.000000e-01 5.000000e-01 1.209020e+00 5.000000e-01 5.000000e-01 1.515005e+00 -0.201901 -0.104459 -0.164893 0.740606 -0.164893 -0.104459 0.201901 -0.036667 -0.042802 -0.042964 -0.042802 -0.036667 0.000000 
5.000000e-01 5.000000e-01 1.199894e+00 5.000000e-01 5.000000e-01 1.515005e+00 -0.207890 -0.105364 -0.163532 0.745681 -0.163532 -0.105364 0.207890 -0.037750 -0.044072 -0.044244 -0.044072 -0.037750 0.000000 
5.000000e-01 5.000000e-01 1.190704e+00 5.000000e-01 5.000000e-01 1.515005e+00 -0.213921 -0.106167 -0.162128 0.750511 -0.162128 -0.106167 0.213921 -0.038841 -0.045353 -0.045534 -0.045353 -0.038841 0.000000 
5.000000e-01 5.000000e-01 1.181450e+00 5.000000e-01 5.000000e-01 1.515005e+00 -0.219994 -0.106881 -0.160689 0.755132 -0.160689 -0.106881 0.219994 -0.039938 -0.046642 -0.046834 -0.046642 -0.039938 0.000000 
5.000000e-01 5.000000e-01 1.172132e+00 5.000000e-01 5.000000e-01 1.515005e+00 -0.226108 -0.107506 -0.159220 0.759561 -0.159220 -0.107506 0.226108 -0.041043 -0.047940 -0.048143 -0.047940 -0.041043 0.000000 
5.000000e-01 5.000000e-01 1.162752e+00 5.000000e-01 5.000000e-01 1.515005e+00 -0.232264 -0.108046 -0.157726 0.763808 -0.157726 -0.108046 0.232264 -0.042154 -0.049247 -0.049462 -0.049247 -0.042154 0.000000 
5.000000e-01 5.000000e-01 1.153310e+00 5.000000e-01 5.000000e-01 1.515005e+00 -0.238461 -0.108502 -0.156210 0.767886 -0.156210 -0.108502 0.238461 -0.043272 -0.050563 -0.050790 -0.050563 -0.043272 0.000000 
5.000000e-01 5.000000e-01 1.143806e+00 5.000000e-01 5.000000e-01 1.515005e+00 -0.244698 -0.108877 -0.154676 0.771804 -0.154676 -0.108877 0.244698 -0.044397 -0.051888 -0.052128 -0.051888 -0.044397 0.000000 
5.000000e-01 5.000000e-01 1.134241e+00 5.000000e-01 5.000000e-01 1.515005e+00 -0.250976 -0.109173 -0.153125 0.775572 -0.153125 -0.109173 0.250976 -0.045528 -0.053221 -0.053476 -0.053221 -0.045528 0.000000 
5.000000e-01 5.000000e-01 1.124615e+00 5.000000e-01 5.000000e-01 1.515005e+00 -0.257293 -0.109392 -0.151562 0.779201 -0.151562 -0.109392 0.257293 -0.046666 -0.054564 -0.054833 -0.054564 -0.046666 0.000000 
5.000000e-01 5.000000e-01 1.114930e+00 5.000000e-01 5.000000e-01 1.515005e+00 -0.263650 -0.109537 -0.149987 0.782698 -0.149987 -0.109537 0.263650 -0.047810 -0.055915 -0.056200 -0.055915 -0.047810 0.000000 
5.000000e-01 5.000000e-01 1.105184e+00 5.000000e-01 5.000000e-01 1.515005e+00 -0.270046 -0.109609 -0.148404 0.786072 -0.148404 -0.109609 0.270046 -0.048960 -0.057274 -0.057577 -0.057274 -0.048960 0.000000 
5.000000e-01 5.000000e-01 1.095380e+00 5.000000e-01 5.000000e-01 1.515005e+00 -0.276481 -0.109612 -0.146813 0.789331 -0.146813 -0.109612 0.276481 -0.050116 -0.058643 -0.058964 -0.058643 -0.050116 0.000000 
5.000000e-01 5.000000e-01 1.085516e+00 5.000000e-01 5.000000e-01 1.515005e+00 -0.282955 -0.109548 -0.145216 0.792483 -0.145216 -0.109548 0.282955 -0.051278 -0.060019 -0.060360 -0.060019 -0.051278 0.000000 
5.000000e-01 5.000000e-01 1.075595e+00 5.000000e-01 5.000000e-01 1.515005e+00 -0.289467 -0.109418 -0.143614 0.795533 -0.143614 -0.109418 0.289467 -0.052446 -0.061404 -0.061766 -0.061404 -0.052446 0.000000 
5.000000e-01 5.000000e-01 1.065616e+00 5.000000e-01 5.000000e-01 1.515005e+00 -0.296016 -0.109227 -0.142009 0.798488 -0.142009 -0.109227 0.296017 -0.053619 -0.062798 -0.063182 -0.062798 -0.053619 0.000000 
5.000000e-01 5.000000e-01 1.055580e+00 5.000000e-01 5.000000e-01 1.515005e+00 -0.302604 -0.108975 -0.140400 0.801355 -0.140400 -0.108975 0.302604 -0.054798 -0.064200 -0.064608 -0.064200 -0.054798 0.000000 
5.000000e-01 5.000000e-01 1.045488e+00 5.000000e-01 5.000000e-01 1.515005e+00 -0.309228 -0.108666 -0.138790 0.804139 -0.138790 -0.108666 0.309228 -0.055981 -0.065611 -0.066044 -0.065611 -0.055981 0.000000 
5.000000e-01 5.000000e-01 1.035339e+00 5.000000e-01 5.000000e-01 1.515005e+00 -0.315889 -0.108301 -0.137177 0.806846 -0.137177 -0.108301 0.315890 -0.057170 -0.067030 -0.067490 -0.067030 -0.057170 0.000000 
5.000000e-01 5.000000e-01 1.025135e+00 5.000000e-01 5.000000e-01 1.515005e+00 -0.322587 -0.107883 -0.135564 0.809481 -0.135564 -0.107883 0.322587 -0.058364 -0.068457 -0.068946 -0.068457 -0.058364 0.000000 
5.000000e-01 5.000000e-01 1.014876e+00 5.000000e-01 5.000000e-01 1.515005e+00 -0.329321 -0.107413 -0.133949 0.812047 -0.133949 -0.107413 0.329322 -0.059562 -0.069892 -0.070412 -0.069892 -0.059562 0.000000 
5.000000e-01 5.000000e-01 1.004562e+00 5.000000e-01 5.000000e-01 1.515005e+00 -0.336091 -0.106895 -0.132334 0.814551 -0.132334 -0.106895 0.336092 -0.060765 -0.071336 -0.071890 -0.071336 -0.060765 0.000000 
5.000000e-01 5.000000e-01 9.941934e-01 5.000000e-01 5.000000e-01 1.515005e+00 -0.342897 -0.106330 -0.130719 0.816996 -0.130719 -0.106330 0.342897 -0.061972 -0.072788 -0.073377 -0.072788 -0.061972 0.000000 
5.000000e-01 5.000000e-01 9.837715e-01 5.000000e-01 5.000000e-01 1.515005e+00 -0.349738 -0.105720 -0.129103 0.819385 -0.129103 -0.105720 0.349738 -0.063183 -0.074248 -0.074876 -0.074248 -0.063183 0.000000 
5.000000e-01 5.000000e-01 9.732965e-01 5.000000e-01 5.000000e-01 1.515005e+00 -0.356614 -0.105067 -0.127487 0.821724 -0.127487 -0.105067 0.356614 -0.064397 -0.075717 -0.076386 -0.075717 -0.064397 0.000000 
5.000000e-01 5.000000e-01 9.627687e-01 5.000000e-01 5.000000e-01 1.515005e+00 -0.363524 -0.104374 -0.125871 0.824014 -0.125871 -0.104374 0.363525 -0.065616 -0.077193 -0.077906 -0.077193 -0.065616 0.000000 
5.000000e-01 5.000000e-01 9.521886e-01 5.000000e-01 5.000000e-01 1.515005e+00 -0.370469 -0.103640 -0.124255 0.826260 -0.124255 -0.103640 0.370469 -0.066837 -0.078678 -0.079439 -0.078678 -0.066837 0.000000 
5.000000e-01 5.000000e-01 9.415568e-01 5.000000e-01 5.000000e-01 1.515005e+00 -0.377448 -0.102870 -0.122638 0.828464 -0.122638 -0.102870 0.377448 -0.068061 -0.080172 -0.080983 -0.080172 -0.068061 0.000000 
5.000000e-01 5.000000e-01 9.308736e-01 5.000000e-01 5.000000e-01 1.515005e+00 -0.384461 -0.102063 -0.121021 0.830629 -0.121021 -0.102063 0.384461 -0.069288 -0.081673 -0.082539 -0.081673 -0.069288 0.000000 
5.000000e-01 5.000000e-01 9.201395e-01 5.000000e-01 5.000000e-01 1.515005e+00 -0.391507 -0.101223 -0.119403 0.832759 -0.119403 -0.101223 0.391507 -0.070517 -0.083183 -0.084107 -0.083183 -0.070517 0.000000 
5.000000e-01 5.000000e-01 9.093549e-01 5.000000e-01 5.000000e-01 1.515005e+00 -0.398586 -0.100348 -0.117785 0.834853 -0.117785 -0.100348 0.398587 -0.071748 -0.084701 -0.085689 -0.084701 -0.071748 0.000000 
5.000000e-01 5.000000e-01 8.985204e-01 5.000000e-01 5.000000e-01 1.515005e+00 -0.405699 -0.099441 -0.116167 0.836915 -0.116167 -0.099441 0.405699 -0.072980 -0.086227 -0.087283 -0.086227 -0.072980 0.000000 
5.000000e-01 5.000000e-01 8.876363e-01 5.000000e-01 5.000000e-01 1.515005e+00 -0.412843 -0.098506 -0.114547 0.838949 -0.114547 -0.098506 0.412843 -0.074214 -0.087762 -0.088892 -0.087762 -0.074214 0.000000 
5.000000e-01 5.000000e-01 8.767031e-01 5.000000e-01 5.000000e-01 1.515005e+00 -0.420020 -0.097541 -0.112927 0.840957 -0.112927 -0.097541 0.420020 -0.075448 -0.089306 -0.090514 -0.089306 -0.075448 0.000000 
5.000000e-01 5.000000e-01 8.657212e-01 5.000000e-01 5.000000e-01 1.515005e+00 -0.427229 -0.096550 -0.111305 0.842940 -0.111305 -0.096550 0.427229 -0.076682 -0.090857 -0.092151 -0.090857 -0.076682 0.000000 
5.000000e-01 5.000000e-01 8.546911e-01 5.000000e-01 5.000000e-01 1.515005e+00 -0.434470 -0.095533 -0.109682 0.844901 -0.109682 -0.095533 0.434470 -0.077916 -0.092418 -0.093802 -0.092418 -0.077916 0.000000 
5.000000e-01 5.000000e-01 8.436131e-01 5.000000e-01 5.000000e-01 1.515005e+00 -0.441742 -0.094492 -0.108057 0.846840 -0.108057 -0.094492 0.441742 -0.079149 -0.093987 -0.095470 -0.093987 -0.079149 0.000000 
5.000000e-01 5.000000e-01 8.324878e-01 5.000000e-01 5.000000e-01 1.515005e+00 -0.449045 -0.093427 -0.106431 0.848761 -0.106431 -0.093427 0.449045 -0.080381 -0.095565 -0.097154 -0.095565 -0.080381 0.000000 
5.000000e-01 5.000000e-01 8.213155e-01 5.000000e-01 5.000000e-01 1.515005e+00 -0.456379 -0.092339 -0.104803 0.850663 -0.104803 -0.092339 0.456379 -0.081610 -0.097151 -0.098855 -0.097151 -0.081610 0.000000 
5.000000e-01 5.000000e-01 8.100967e-01 5.000000e-01 5.000000e-01 1.515005e+00 -0.463744 -0.091231 -0.103172 0.852550 -0.103172 -0.091231 0.463744 -0.082838 -0.098747 -0.100574 -0.098747 -0.082838 0.000000 
5.000000e-01 5.000000e-01 7.988316e-01 5.000000e-01 5.000000e-01 1.515005e+00 -0.471138 -0.090100 -0.101540 0.854419 -0.101540 -0.090100 0.471139 -0.084061 -0.100352 -0.102313 -0.100352 -0.084061 0.000000 
5.000000e-01 5.000000e-01 7.875209e-01 5.000000e-01 5.000000e-01 1.515005e+00 -0.478563 -0.088950 -0.099906 0.856275 -0.099906 -0.088950 0.478563 -0.085279 -0.101966 -0.104072 -0.101966 -0.085279 0.000000 
5.000000e-01 5.000000e-01 7.761648e-01 5.000000e-01 5.000000e-01 1.515005e+00 -0.486018 -0.087782 -0.098268 0.858119 -0.098268 -0.087782 0.486018 -0.086493 -0.103590 -0.105851 -0.103590 -0.086493 0.000000 
5.000000e-01 5.000000e-01 7.647638e-01 5.000000e-01 5.000000e-01 1.515005e+00 -0.493502 -0.086596 -0.096629 0.859952 -0.096629 -0.086596 0.493502 -0.087701 -0.105223 -0.107653 -0.105223 -0.087701 0.000000 
5.000000e-01 5.000000e-01 7.533183e-01 5.000000e-01 5.000000e-01 1.515005e+00 -0.501016 -0.085393 -0.094986 0.861774 -0.094986 -0.085393 0.501016 -0.088902 -0.106867 -0.109478 -0.106867 -0.088902 0.000000 
5.000000e-01 5.000000e-01 7.418286e-01 5.000000e-01 5.000000e-01 1.515005e+00 -0.508558 -0.084174 -0.093341 0.863587 -0.093341 -0.084174 0.508558 -0.090095 -0.108520 -0.111328 -0.108520 -0.090095 0.000000 
5.000000e-01 5.000000e-01 7.302951e-01 5.000000e-01 5.000000e-01 1.515005e+00 -0.516129 -0.082940 -0.091692 0.865393 -0.091692 -0.082940 0.516129 -0.091280 -0.110183 -0.113203 -0.110183 -0.091280 0.000000 
5.000000e-01 5.000000e-01 7.187183e-01 5.000000e-01 5.000000e-01 1.515005e+00 -0.523729 -0.081689 -0.090041 0.867189 -0.090041 -0.081689 0.523729 -0.092453 -0.111857 -0.115109 -0.111857 -0.092453 0.000000 
5.000000e-01 5.000000e-01 7.070985e-01 5.000000e-01 5.000000e-01 1.515005e+00 -0.531356 -0.080425 -0.088386 0.868979 -0.088386 -0.080425 0.531357 -0.093614 -0.113542 -0.117044 -0.113542 -0.093614 0.000000 
5.000000e-01 5.000000e-01 6.954360e-01 5.000000e-01 5.000000e-01 1.515005e+00 -0.539012 -0.079148 -0.086728 0.870763 -0.086728 -0.079148 0.539012 -0.094762 -0.115238 -0.119011 -0.115238 -0.094762 0.000000 
5.000000e-01 5.000000e-01 6.837314e-01 5.000000e-01 5.000000e-01 1.515005e+00 -0.546696 -0.077857 -0.085066 0.872542 -0.085066 -0.077857 0.546696 -0.095896 -0.116945 -0.121012 -0.116945 -0.095896 0.000000 
5.000000e-01 5.000000e-01 6.719848e-01 5.000000e-01 5.000000e-01 1.515005e+00 -0.554407 -0.076554 -0.083401 0.874317 -0.083401 -0.076554 0.554407 -0.097014 -0.118664 -0.123049 -0.118664 -0.097014 0.000000 
5.000000e-01 5.000000e-01 6.601968e-01 5.000000e-01 5.000000e-01 1.515005e+00 -0.562145 -0.075239 -0.081732 0.876088 -0.081732 -0.075239 0.562145 -0.098115 -0.120395 -0.125124 -0.120395 -0.098115 0.000000 
5.000000e-01 5.000000e-01 6.483676e-01 5.000000e-01 5.000000e-01 1.515005e+00 -0.569910 -0.073913 -0.080059 0.877855 -0.080059 -0.073913 0.569910 -0.099193 -0.122139 -0.127245 -0.122139 -0.099193 0.000000 
5.000000e-01 5.000000e-01 6.364976e-01 5.000000e-01 5.000000e-01 1.515005e+00 -0.577702 -0.072575 -0.078383 0.879619 -0.078383 -0.072575 0.577702 -0.100249 -0.123896 -0.129411 -0.123896 -0.100249 0.000000 
5.000000e-01 5.000000e-01 6.245871e-01 5.000000e-01 5.000000e-01 1.515005e+00 -0.585520 -0.071227 -0.076703 0.881381 -0.076703 -0.071227 0.585520 -0.101281 -0.125666 -0.131625 -0.125666 -0.101281 0.000000 
5.000000e-01 5.000000e-01 6.126366e-01 5.000000e-01 5.000000e-01 1.515005e+00 -0.593365 -0.069869 -0.075019 0.883141 -0.075019 -0.069869 0.593365 -0.102287 -0.127450 -0.133890 -0.127450 -0.102287 0.000000 
5.000000e-01 5.000000e-01 6.006464e-01 5.000000e-01 5.000000e-01 1.515005e+00 -0.601236 -0.068501 -0.073331 0.884900 -0.073331 -0.068501 0.601236 -0.103265 -0.129247 -0.136211 -0.129247 -0.103265 0.000000 
5.000000e-01 5.000000e-01 5.886167e-01 5.000000e-01 5.000000e-01 1.515005e+00 -0.609132 -0.067124 -0.071639 0.886658 -0.071639 -0.067124 0.609132 -0.104208 -0.131060 -0.138596 -0.131060 -0.104208 0.000000 
5.000000e-01 5.000000e-01 5.765480e-01 5.000000e-01 5.000000e-01 1.515005e+00 -0.617054 -0.065737 -0.069943 0.888415 -0.069943 -0.065737 0.617055 -0.105114 -0.132888 -0.141050 -0.132888 -0.105114 0.000000 
5.000000e-01 5.000000e-01 5.644406e-01 5.000000e-01 5.000000e-01 1.515005e+00 -0.625002 -0.064342 -0.068243 0.890173 -0.068243 -0.064342 0.625002 -0.105983 -0.134731 -0.143574 -0.134731 -0.105983 0.000000 
5.000000e-01 5.000000e-01 5.522948e-01 5.000000e-01 5.000000e-01 1.515005e+00 -0.632975 -0.062939 -0.066539 0.891930 -0.066539 -0.062939 0.632975 -0.106810 -0.136590 -0.146175 -0.136590 -0.106810 0.000000 
5.000000e-01 5.000000e-01 5.401109e-01 5.000000e-01 5.000000e-01 1.515005e+00 -0.640972 -0.061528 -0.064830 0.893688 -0.064830 -0.061528 0.640972 -0.107593 -0.138465 -0.148857 -0.138465 -0.107593 0.000000 
5.000000e-01 5.000000e-01 5.278893e-01 5.000000e-01 5.000000e-01 1.515005e+00 -0.648995 -0.060108 -0.063117 0.895446 -0.063117 -0.060108 0.648995 -0.108319 -0.140357 -0.151642 -0.140357 -0.108319 0.000000 
5.000000e-01 5.000000e-01 5.156303e-01 5.000000e-01 5.000000e-01 1.515005e+00 -0.657041 -0.058682 -0.061401 0.897206 -0.061401 -0.058682 0.657041 -0.108991 -0.142267 -0.154526 -0.142267 -0.108991 0.000000 
5.000000e-01 5.000000e-01 5.033341e-01 5.000000e-01 5.000000e-01 1.515005e+00 -0.665112 -0.057247 -0.059679 0.898967 -0.059679 -0.057247 0.665113 -0.109605 -0.144193 -0.157517 -0.144193 -0.109605 0.000000 
5.000000e-01 5.000000e-01 4.910013e-01 5.000000e-01 5.000000e-01 1.515005e+00 -0.673208 -0.055806 -0.057954 0.900729 -0.057954 -0.055806 0.673208 -0.110156 -0.146136 -0.160623 -0.146136 -0.110156 0.000000 
5.000000e-01 5.000000e-01 4.786319e-01 5.000000e-01 5.000000e-01 1.515005e+00 -0.681327 -0.054359 -0.056224 0.902493 -0.056224 -0.054359 0.681327 -0.110633 -0.148096 -0.163868 -0.148096 -0.110633 0.000000 
5.000000e-01 5.000000e-01 4.662264e-01 5.000000e-01 5.000000e-01 1.515005e+00 -0.689469 -0.052904 -0.054490 0.904258 -0.054490 -0.052904 0.689469 -0.111030 -0.150074 -0.167262 -0.150074 -0.111030 0.000000 
5.000000e-01 5.000000e-01 4.537850e-01 5.000000e-01 5.000000e-01 1.515005e+00 -0.697635 -0.051443 -0.052752 0.906026 -0.052752 -0.051443 0.697635 -0.111346 -0.152067 -0.170808 -0.152067 -0.111346 0.000000 
5.000000e-01 5.000000e-01 4.413081e-01 5.000000e-01 5.000000e-01 1.515005e+00 -0.705825 -0.049976 -0.051010 0.907796 -0.051010 -0.049976 0.705825 -0.111575 -0.154076 -0.174522 -0.154076 -0.111575 0.000000 
5.000000e-01 5.000000e-01 4.287959e-01 5.000000e-01 5.000000e-01 1.515005e+00 -0.714037 -0.048503 -0.049263 0.909568 -0.049263 -0.048503 0.714037 -0.111703 -0.156098 -0.178433 -0.156098 -0.111703 0.000000 
5.000000e-01 5.000000e-01 4.162488e-01 5.000000e-01 5.000000e-01 1.515005e+00 -0.722272 -0.047023 -0.047512 0.911343 -0.047512 -0.047023 0.722272 -0.111720 -0.158134 -0.182565 -0.158134 -0.111720 0.000000 
5.000000e-01 5.000000e-01 4.036670e-01 5.000000e-01 5.000000e-01 1.515005e+00 -0.730530 -0.045539 -0.045757 0.913121 -0.045757 -0.045539 0.730530 -0.111627 -0.160178 -0.186921 -0.160178 -0.111627 0.000000 
5.000000e-01 5.000000e-01 3.910509e-01 5.000000e-01 5.000000e-01 1.515005e+00 -0.738810 -0.044048 -0.043997 0.914901 -0.043997 -0.044048 0.738810 -0.111415 -0.162229 -0.191523 -0.162229 -0.111415 0.000000 
5.000000e-01 5.000000e-01 3.784006e-01 5.000000e-01 5.000000e-01 1.515005e+00 -0.747112 -0.042552 -0.042233 0.916684 -0.042233 -0.042552 0.747112 -0.111063 -0.164281 -0.196425 -0.164281 -0.111063 0.000000 
5.000000e-01 5.000000e-01 3.657165e-01 5.000000e-01 5.000000e-01 1.515005e+00 -0.755437 -0.041051 -0.040465 0.918470 -0.040465 -0.041051 0.755437 -0.110564 -0.166329 -0.201651 -0.166329 -0.110564 0.000000 
5.000000e-01 5.000000e-01 3.529990e-01 5.000000e-01 5.000000e-01 1.515005e+00 -0.763783 -0.039545 -0.038693 0.920259 -0.038693 -0.039545 0.763783 -0.109917 -0.168367 -0.207216 -0.168367 -0.109917 0.000000 
5.000000e-01 5.000000e-01 3.402481e-01 5.000000e-01 5.000000e-01 1.515005e+00 -0.772151 -0.038034 -0.036916 0.922051 -0.036916 -0.038034 0.772151 -0.109113 -0.170386 -0.213153 -0.170386 -0.109113 0.000000 
5.000000e-01 5.000000e-01 3.274643e-01 5.000000e-01 5.000000e-01 1.515005e+00 -0.780541 -0.036518 -0.035135 0.923846 -0.035135 -0.036518 0.780541 -0.108113 -0.172370 -0.219575 -0.172370 -0.108113 0.000000 
5.000000e-01 5.000000e-01 3.146477e-01 5.000000e-01 5.000000e-01 1.515005e+00 -0.788951 -0.034996 -0.033350 0.925644 -0.033350 -0.034996 0.788951 -0.106929 -0.174309 -0.226476 -0.174309 -0.106929 0.000000 
5.000000e-01 5.000000e-01 3.017987e-01 5.000000e-01 5.000000e-01 1.515005e+00 -0.797383 -0.033471 -0.031561 0.927446 -0.031561 -0.033471 0.797383 -0.105553 -0.176187 -0.233903 -0.176187 -0.105553 0.000000 
5.000000e-01 5.000000e-01 2.889175e-01 5.000000e-01 5.000000e-01 1.515005e+00 -0.805836 -0.031940 -0.029767 0.929251 -0.029767 -0.031940 0.805836 -0.103959 -0.177980 -0.241959 -0.177980 -0.103959 0.000000 
5.000000e-01 5.000000e-01 2.760044e-01 5.000000e-01 5.000000e-01 1.515005e+00 -0.814310 -0.030405 -0.027970 0.931060 -0.027970 -0.030405 0.814310 -0.102123 -0.179651 -0.250760 -0.179651 -0.102123 0.000000 
5.000000e-01 5.000000e-01 2.630595e-01 5.000000e-01 5.000000e-01 1.515005e+00 -0.822804 -0.028866 -0.026168 0.932872 -0.026168 -0.028866 0.822804 -0.100059 -0.181183 -0.260320 -0.181183 -0.100059 0.000000 
5.000000e-01 5.000000e-01 2.500832e-01 5.000000e-01 5.000000e-01 1.515005e+00 -0.831319 -0.027322 -0.024362 0.934687 -0.024362 -0.027322 0.831319 -0.097753 -0.182540 -0.270733 -0.182540 -0.097753 0.000000 
5.000000e-01 5.000000e-01 2.370756e-01 5.000000e-01 5.000000e-01 1.515005e+00 -0.839854 -0.025774 -0.022552 0.936506 -0.022552 -0.025774 0.839854 -0.095150 -0.183628 -0.282300 -0.183628 -0.095150 0.000000 
5.000000e-01 5.000000e-01 2.240369e-01 5.000000e-01 5.000000e-01 1.515005e+00 -0.848410 -0.024222 -0.020738 0.938329 -0.020738 -0.024222 0.848410 -0.092279 -0.184425 -0.295001 -0.184425 -0.092279 0.000000 
5.000000e-01 5.000000e-01 2.109673e-01 5.000000e-01 5.000000e-01 1.515005e+00 -0.856987 -0.022665 -0.018919 0.940156 -0.018919 -0.022665 0.856987 -0.089134 -0.184868 -0.308983 -0.184868 -0.089134 0.000000 
5.000000e-01 5.000000e-01 1.978670e-01 5.000000e-01 5.000000e-01 1.515005e+00 -0.865584 -0.021105 -0.017096 0.941986 -0.017096 -0.021105 0.865584 -0.085668 -0.184806 -0.324635 -0.184806 -0.085668 0.000000 
5.000000e-01 5.000000e-01 1.847359e-01 5.000000e-01 5.000000e-01 1.515005e+00 -0.874202 -0.019540 -0.015269 0.943820 -0.015269 -0.019540 0.874202 -0.081892 -0.184155 -0.342108 -0.184155 -0.081892 0.000000 
5.000000e-01 5.000000e-01 1.715742e-01 5.000000e-01 5.000000e-01 1.515005e+00 -0.882841 -0.017970 -0.013438 0.945658 -0.013438 -0.017970 0.882841 -0.077816 -0.182822 -0.361564 -0.182822 -0.077816 0.000000 
5.000000e-01 5.000000e-01 1.583817e-01 5.000000e-01 5.000000e-01 1.515005e+00 -0.891503 -0.016397 -0.011602 0.947500 -0.011602 -0.016397 0.891503 -0.073409 -0.180568 -0.383549 -0.180568 -0.073409 0.000000 
5.000000e-01 5.000000e-01 1.451582e-01 5.000000e-01 5.000000e-01 1.515005e+00 -0.900189 -0.014818 -0.009761 0.949347 -0.009761 -0.014818 0.900189 -0.068667 -0.177183 -0.408487 -0.177183 -0.068667 0.000000 
5.000000e-01 5.000000e-01 1.319031e-01 5.000000e-01 5.000000e-01 1.515005e+00 -0.908899 -0.013235 -0.007915 0.951199 -0.007915 -0.013235 0.908899 -0.063621 -0.172545 -0.436568 -0.172545 -0.063621 0.000000 
5.000000e-01 5.000000e-01 1.186159e-01 5.000000e-01 5.000000e-01 1.515005e+00 -0.917638 -0.011647 -0.006063 0.953057 -0.006063 -0.011647 0.917638 -0.058250 -0.166271 -0.468598 -0.166271 -0.058250 0.000000 
5.000000e-01 5.000000e-01 1.052953e-01 5.000000e-01 5.000000e-01 1.515005e+00 -0.926410 -0.010052 -0.004204 0.954921 -0.004204 -0.010052 0.926410 -0.052552 -0.157972 -0.505362 -0.157972 -0.052552 0.000000 
5.000000e-01 5.000000e-01 9.193994e-02 5.000000e-01 5.000000e-01 1.515005e+00 -0.935217 -0.008451 -0.002337 0.956793 -0.002337 -0.008451 0.935217 -0.046569 -0.147528 -0.547023 -0.147528 -0.046569 0.000000 
5.000000e-01 5.000000e-01 7.854775e-02 5.000000e-01 5.000000e-01 1.515005e+00 -0.944069 -0.006841 -0.000461 0.958674 -0.000461 -0.006841 0.944069 -0.040292 -0.134395 -0.594695 -0.134395 -0.040292 0.000000 
5.000000e-01 5.000000e-01 6.511651e-02 5.000000e-01 5.000000e-01 1.515005e+00 -0.952975 -0.005221 0.001426 0.960566 0.001426 -0.005221 0.952975 -0.033732 -0.118146 -0.649220 -0.118146 -0.033732 0.000000 
5.000000e-01 5.000000e-01 5.164388e-02 5.000000e-01 5.000000e-01 1.515005e+00 -0.961938 -0.003591 0.003325 0.962470 0.003325 -0.003591 0.961938 -0.026936 -0.098875 -0.710316 -0.098875 -0.026936 0.000000 
5.000000e-01 5.000000e-01 3.812831e-02 5.000000e-01 5.000000e-01 1.515005e+00 -0.970970 -0.001949 0.005239 0.964388 0.005239 -0.001949 0.970970 -0.019911 -0.076225 -0.778698 -0.076225 -0.019911 0.000000 
5.000000e-01 5.000000e-01 2.457008e-02 5.000000e-01 5.000000e-01 1.515005e+00 -0.980070 -0.000293 0.007167 0.966321 0.007167 -0.000293 0.980070 -0.012698 -0.050530 -0.853614 -0.050530 -0.012698 0.000000 
5.000000e-01 5.000000e-01 1.097246e-02 5.000000e-01 5.000000e-01 1.515005e+00 -0.989226 0.001372 0.009108 0.968266 0.009108 0.001372 0.989226 -0.005357 -0.022685 -0.933143 -0.022685 -0.005357 0.000000 
5.000000e-01 5.000000e-01 4.999893e-03 5.000000e-01 5.000000e-01 1.515005e+00 -0.993256 0.002105 0.009962 0.969122 0.009962 0.002105 0.993256 -0.002108 -0.009973 -0.969094 -0.009973 -0.002108 0.000000 
5.000000e-01 5.000000e-01 4.999893e-03 5.000000e-01 5.000000e-01 1.515005e+00 -0.993256 0.002105 0.009962 0.969122 0.009962 0.002105 0.993256 -0.002108 -0.009973 -0.969094 -0.009973 -0.002108 0.000000 
5.000000e-01 5.000000e-01 4.999893e-03 5.000000e-01 5.000000e-01 1.515005e+00 -0.993256 0.002105 0.009962 0.969122 0.009962 0.002105 0.993256 -0.002108 -0.009973 -0.969094 -0.009973 -0.002108 0.000000 
5.000000e-01 5.000000e-01 4.999893e-03 5.000000e-01 5.000000e-01 1.515005e+00 -0.993256 0.002105 0.009962 0.969122 0.009962 0.002105 0.993256 -0.002108 -0.009973 -0.969094 -0.009973 -0.002108 0.000000 
5.000000e-01 5.000000e-01 4.999893e-03 5.000000e-01 5.000000e-01 1.515005e+00 -0.993256 0.002105 0.009962 0.969122 0.009962 0.002105 0.993256 -0.002108 -0.009973 -0.969094 -0.009973 -0.002108 0.000000 
5.000000e-01 5.000000e-01 4.999893e-03 5.000000e-01 5.000000e-01 1.515005e+00 -0.993256 0.002105 0.009962 0.969122 0.009962 0.002105 0.993256 -0.002108 -0.009973 -0.969094 -0.009973 -0.002108 0.000000 
5.000000e-01 5.000000e-01 4.999893e-03 5.000000e-01 5.000000e-01 1.515005e+00 -0.993256 0.002105 0.009962 0.969122 0.009962 0.002105 0.993256 -0.002108 -0.009973 -0.969094 -0.009973 -0.002108 0.000000 
5.000000e-01 5.000000e-01 4.999893e-03 5.000000e-01 5.000000e-01 1.515005e+00 -0.993256 0.002105 0.009962 0.969122 0.009962 0.002105 0.993256 -0.002108 -0.009973 -0.969094 -0.009973 -0.002108 0.000000 
5.000000e-01 5.000000e-01 4.999893e-03 5.000000e-01 5.000000e-01 1.515005e+00 -0.993256 0.002105 0.009962 0.969122 0.009962 0.002105 0.993256 -0.002108 -0.009973 -0.969094 -0.009973 -0.002108 0.000000 
5.000000e-01 5.000000e-01 4.999893e-03 5.000000e-01 5.000000e-01 1.515005e+00 -0.993256 0.002105 0.009962 0.969122 0.009962 0.002105 0.993256 -0.002108 -0.009973 -0.969094 -0.009973 -0.002108 0.000000 
5.000000e-01 5.000000e-01 4.999893e-03 5.000000e-01 5.000000e-01 1.515005e+00 -0.993256 0.002105 0.009962 0.969122 0.009962 0.002105 0.993256 -0.002108 -0.009973 -0.969094 -0.009973 -0.002108 0.000000 
5.000000e-01 5.000000e-01 4.999893e-03 5.000000e-01 5.000000e-01 1.515005e+00 -0.993256 0.002105 0.009962 0.969122 0.009962 0.002105 0.993256 -0.002108 -0.009973 -0.969094 -0.009973 -0.002108 0.000000 
5.000000e-01 5.000000e-01 4.999893e-03 5.000000e-01 5.000000e-01 1.515005e+00 -0.993256 0.002105 0.009962 0.969122 0.009962 0.002105 0.993256 -0.002108 -0.009973 -0.969094 -0.009973 -0.002108 0.000000 
5.000000e-01 5.000000e-01 4.999893e-03 5.000000e-01 5.000000e-01 1.515005e+00 -0.993256 0.002105 0.009962 0.969122 0.009962 0.002105 0.993256 -0.002108 -0.009973 -0.969094 -0.009973 -0.002108 0.000000 
5.000000e-01 5.000000e-01 4.999893e-03 5.000000e-01 5.000000e-01 1.515005e+00 -0.993256 0.002105 0.009962 0.969122 0.009962 0.002105 0.993256 -0.002108 -0.009973 -0.969094 -0.009973 -0.002108 0.000000 
5.000000e-01 5.000000e-01 4.999893e-03 5.000000e-01 5.000000e-01 1.515005e+00 -0.993256 0.002105 0.009962 0.969122 0.009962 0.002105 0.993256 -0.002108 -0.009973 -0.969094 -0.009973 -0.002108 0.000000 
5.000000e-01 5.000000e-01 4.999893e-03 5.000000e-01 5.000000e-01 1.515005e+00 -0.993256 0.002105 0.009962 0.969122 0.009962 0.002105 0.993256 -0.002108 -0.009973 -0.969094 -0.009973 -0.002108 0.000000 
5.000000e-01 5.000000e-01 4.999893e-03 5.000000e-01 5.000000e-01 1.515005e+00 -0.993256 0.002105 0.009962 0.969122 0.009962 0.002105 0.993256 -0.002108 -0.009973 -0.969094 -0.009973 -0.002108 0.000000 
5.000000e-01 5.000000e-01 4.999893e-03 5.000000e-01 5.000000e-01 1.515005e+00 -0.993256 0.002105 0.009962 0.969122 0.009962 0.002105 0.993256 -0.002108 -0.009973 -0.969094 -0.009973 -0.002108 0.000000 
5.000000e-01 5.000000e-01 4.999893e-03 5.000000e-01 5.000000e-01 1.515005e+00 -0.993256 0.002105 0.009962 0.969122 0.009962 0.002105 0.993256 -0.002108 -0.009973 -0.969094 -0.009973 -0.002108 0.000000 
5.000000e-01 5.000000e-01 4.999893e-03 5.000000e-01 5.000000e-01 1.515005e+00 -0.993256 0.002105 0.009962 0.969122 0.009962 0.002105 0.993256 -0.002108 -0.009973 -0.969094 -0.009973 -0.002108 0.000000 
5.000000e-01 5.000000e-01 4.999893e-03 5.000000e-01 5.000000e-01 1.515005e+00 -0.993256 0.002105 0.009962 0.969122 0.009962 0.002105 0.993256 -0.002108 -0.009973 -0.969094 -0.009973 -0.002108 0.000000 
5.000000e-01 5.000000e-01 4.999893e-03 5.000000e-01 5.000000e-01 1.515005e+00 -0.993256 0.002105 0.009962 0.969122 0.009962 0.002105 0.993256 -0.002108 -0.009973 -0.969094 -0.009973 -0.002108 0.000000 
5.000000e-01 5.000000e-01 4.999893e-03 5.000000e-01 5.000000e-01 1.515005e+00 -0.993256 0.002105 0.009962 0.969122 0.009962 0.002105 0.993256 -0.002108 -0.009973 -0.969094 -0.009973 -0.002108 0.000000 
5.000000e-01 5.000000e-01 4.999893e-03 5.000000e-01 5.000000e-01 1.515005e+00 -0.993256 0.002105 0.009962 0.969122 0.009962 0.002105 0.993256 -0.002108 -0.009973 -0.969094 -0.009973 -0.002108 0.000000 
5.000000e-01 5.000000e-01 4.999893e-03 5.000000e-01 5.000000e-01 1.515005e+00 -0.993256 0.002105 0.009962 0.969122 0.009962 0.002105 0.993256 -0.002108 -0.009973 -0.969094 -0.009973 -0.002108 0.000000 
5.000000e-01 5.000000e-01 4.999893e-03 5.000000e-01 5.000000e-01 1.515005e+00 -0.993256 0.002105 0.009962 0.969122 0.009962 0.002105 0.993256 -0.002108 -0.009973 -0.969094 -0.009973 -0.002108 0.000000 
5.000000e-01 5.000000e-01 4.999893e-03 5.000000e-01 5.000000e-01 1.515005e+00 -0.993256 0.002105 0.009962 0.969122 0.009962 0.002105 0.993256 -0.002108 -0.009973 -0.969094 -0.009973 -0.002108 0.000000 
5.000000e-01 5.000000e-01 4.999893e-03 5.000000e-01 5.000000e-01 1.515005e+00 -0.993256 0.002105 0.009962 0.969122 0.009962 0.002105 0.993256 -0.002108 -0.009973 -0.969094 -0.009973 -0.002108 0.000000 
5.000000e-01 5.000000e-01 4.999893e-03 5.000000e-01 5.000000e-01 1.515005e+00 -0.993256 0.002105 0.009962 0.969122 0.009962 0.002105 0.993256 -0.002108 -0.009973 -0.969094 -0.009973 -0.002108 0.000000 
5.000000e-01 5.000000e-01 4.999893e-03 5.000000e-01 5.000000e-01 1.515005e+00 -0.993256 0.002105 0.009962 0.969122 0.009962 0.002105 0.993256 -0.002108 -0.009973 -0.969094 -0.009973 -0.002108 0.000000 
5.000000e-01 5.000000e-01 4.999893e-03 5.000000e-01 5.000000e-01 1.515005e+00 -0.993256 0.002105 0.009962 0.969122 0.009962 0.002105 0.993256 -0.002108 -0.009973 -0.969094 -0.009973 -0.002108 0.000000 
5.000000e-01 5.000000e-01 4.999893e-03 5.000000e-01 5.000000e-01 1.515005e+00 -0.993256 0.002105 0.009962 0.969122 0.009962 0.002105 0.993256 -0.002108 -0.009973 -0.969094 -0.009973 -0.002108 0.000000 
5.000000e-01 5.000000e-01 4.999893e-03 5.000000e-01 5.000000e-01 1.515005e+00 -0.993256 0.002105 0.009962 0.969122 0.009962 0.002105 0.993256 -0.002108 -0.009973 -0.969094 -0.009973 -0.002108 0.000000 
5.000000e-01 5.000000e-01 4.999893e-03 5.000000e-01 5.000000e-01 1.515005e+00 -0.993256 0.002105 0.009962 0.969122 0.009962 0.002105 0.993256 -0.002108 -0.009973 -0.969094 -0.009973 -0.002108 0.000000 
5.000000e-01 5.000000e-01 4.999893e-03 5.000000e-01 5.000000e-01 1.515005e+00 -0.993256 0.002105 0.009962 0.969122 0.009962 0.002105 0.993256 -0.002108 -0.009973 -0.969094 -0.009973 -0.002108 0.000000 
5.000000e-01 5.000000e-01 4.999893e-03 5.000000e-01 5.000000e-01 1.515005e+00 -0.993256 0.002105 0.009962 0.969122 0.009962 0.002105 0.993256 -0.002108 -0.009973 -0.969094 -0.009973 -0.002108 0.000000 
5.000000e-01 5.000000e-01 4.999893e-03 5.000000e-01 5.000000e-01 1.515005e+00 -0.993256 0.002105 0.009962 0.969122 0.009962 0.002105 0.993256 -0.002108 -0.009973 -0.969094 -0.009973 -0.002108 0.000000 
5.000000e-01 5.000000e-01 4.999893e-03 5.000000e-01 5.000000e-01 1.515005e+00 -0.993256 0.002105 0.009962 0.969122 0.009962 0.002105 0.993256 -0.002108 -0.009973 -0.969094 -0.009973 -0.002108 0.000000 
5.000000e-01 5.000000e-01 4.999893e-03 5.000000e-01 5.000000e-01 1.515005e+00 -0.993256 0.002105 0.009962 0.969122 0.009962 0.002105 0.993256 -0.002108 -0.009973 -0.969094 -0.009973 -0.002108 0.000000 
5.000000e-01 5.000000e-01 4.999893e-03 5.000000e-01 5.000000e-01 1.515005e+00 -0.993256 0.002105 0.009962 0.969122 0.009962 0.002105 0.993256 -0.002108 -0.009973 -0.969094 -0.009973 -0.002108 0.000000 
5.000000e-01 5.000000e-01 4.999893e-03 5.000000e-01 5.000000e-01 1.515005e+00 -0.993256 0.002105 0.009962 0.969122 0.009962 0.002105 0.993256 -0.002108 -0.009973 -0.969094 -0.009973 -0.002108 0.000000 
5.000000e-01 5.000000e-01 4.999893e-03 5.000000e-01 5.000000e-01 1.515005e+00 -0.993256 0.002105 0.009962 0.969122 0.009962 0.002105 0.993256 -0.002108 -0.009973 -0.969094 -0.009973 -0.002108 0.000000 
5.000000e-01 5.000000e-01 4.999893e-03 5.000000e-01 5.000000e-01 1.515005e+00 -0.993256 0.002105 0.009962 0.969122 0.009962 0.002105 0.993256 -0.002108 -0.009973 -0.969094 -0.009973 -0.002108 0.000000 
5.000000e-01 5.000000e-01 4.999893e-03 5.000000e-01 5.000000e-01 1.515005e+00 -0.993256 0.002105 0.009962 0.969122 0.009962 0.002105 0.993256 -0.002108 -0.009973 -0.969094 -0.009973 -0.002108 0.000000 
5.000000e-01 5.000000e-01 4.999893e-03 5.000000e-01 5.000000e-01 1.515005e+00 -0.993256 0.002105 0.009962 0.969122 0.009962 0.002105 0.993256 -0.002108 -0.009973 -0.969094 -0.009973 -0.002108 0.000000 
5.000000e-01 5.000000e-01 4.999893e-03 5.000000e-01 5.000000e-01 1.515005e+00 -0.993256 0.002105 0.009962 0.969122 0.009962 0.002105 0.993256 -0.002108 -0.009973 -0.969094 -0.009973 -0.002108 0.000000 
5.000000e-01 5.000000e-01 4.999893e-03 5.000000e-01 5.000000e-01 1.515005e+00 -0.993256 0.002105 0.009962 0.969122 0.009962 0.002105 0.993256 -0.002108 -0.009973 -0.969094 -0.009973 -0.002108 0.000000 
5.000000e-01 5.000000e-01 4.999893e-03 5.000000e-01 5.000000e-01 1.515005e+00 -0.993256 0.002105 0.009962 0.969122 0.009962 0.002105 0.993256 -0.002108 -0.009973 -0.969094 -0.009973 -0.002108 0.000000 
5.000000e-01 5.000000e-01 4.999893e-03 5.000000e-01 5.000000e-01 1.515005e+00 -0.993256 0.002105 0.009962 0.969122 0.009962 0.002105 0.993256 -0.002108 -0.009973 -0.969094 -0.009973 -0.002108 0.000000 
5.000000e-01 5.000000e-01 4.999893e-03 5.000000e-01 5.000000e-01 1.515005e+00 -0.993256 0.002105 0.009962 0.969122 0.009962 0.002105 0.993256 -0.002108 -0.009973 -0.969094 -0.009973 -0.002108 0.000000 
5.000000e-01 5.000000e-01 4.999893e-03 5.000000e-01 5.000000e-01 1.515005e+00 -0.993256 0.002105 0.009962 0.969122 0.009962 0.002105 0.993256 -0.002108 -0.009973 -0.969094 -0.009973 -0.002108 0.000000 
5.000000e-01 5.000000e-01 4.999893e-03 5.000000e-01 5.000000e-01 1.515005e+00 -0.993256 0.002105 0.009962 0.969122 0.009962 0.002105 0.993256 -0.002108 -0.009973 -0.969094 -0.009973 -0.002108 0.000000 
5.000000e-01 5.000000e-01 4.999893e-03 5.000000e-01 5.000000e-01 1.515005e+00 -0.993256 0.002105 0.009962 0.969122 0.009962 0.002105 0.993256 -0.002108 -0.009973 -0.969094 -0.009973 -0.002108 0.000000 
5.000000e-01 5.000000e-01 4.999893e-03 5.000000e-01 5.000000e-01 1.515005e+00 -0.993256 0.002105 0.009962 0.969122 0.009962 0.002105 0.993256 -0.002108 -0.009973 -0.969094 -0.009973 -0.002108 0.000000 
5.000000e-01 5.000000e-01 4.999893e-03 5.000000e-01 5.000000e-01 1.515005e+00 -0.993256 0.002105 0.009962 0.969122 0.009962 0.002105 0.993256 -0.002108 -0.009973 -0.969094 -0.009973 -0.002108 0.000000 
5.000000e-01 5.000000e-01 4.999893e-03 5.000000e-01 5.000000e-01 1.515005e+00 -0.993256 0.002105 0.009962 0.969122 0.009962 0.002105 0.993256 -0.002108 -0.009973 -0.969094 -0.009973 -0.002108 0.000000 
5.000000e-01 5.000000e-01 4.999893e-03 5.000000e-01 5.000000e-01 1.515005e+00 -0.993256 0.002105 0.009962 0.969122 0.009962 0.002105 0.993256 -0.002108 -0.009973 -0.969094 -0.009973 -0.002108 0.000000 
5.000000e-01 5.000000e-01 4.999893e-03 5.000000e-01 5.000000e-01 1.515005e+00 -0.993256 0.002105 0.009962 0.969122 0.009962 0.002105 0.993256 -0.002108 -0.009973 -0.969094 -0.009973 -0.002108 0.000000 
5.000000e-01 5.000000e-01 4.999893e-03 5.000000e-01 5.000000e-01 1.515005e+00 -0.993256 0.002105 0.009962 0.969122 0.009962 0.002105 0.993256 -0.002108 -0.009973 -0.969094 -0.009973 -0.002108 0.000000 
5.000000e-01 5.000000e-01 4.999893e-03 5.000000e-01 5.000000e-01 1.515005e+00 -0.993256 0.002105 0.009962 0.969122 0.009962 0.002105 0.993256 -0.002108 -0.009973 -0.969094 -0.009973 -0.002108 0.000000 
5.000000e-01 5.000000e-01 4.999893e-03 5.000000e-01 5.000000e-01 1.515005e+00 -0.993256 0.002105 0.009962 0.969122 0.009962 0.002105 0.993256 -0.002108 -0.009973 -0.969094 -0.009973 -0.002108 0.000000 
5.000000e-01 5.000000e-01 4.999893e-03 5.000000e-01 5.000000e-01 1.515005e+00 -0.993256 0.002105 0.009962 0.969122 0.009962 0.002105 0.993256 -0.002108 -0.009973 -0.969094 -0.009973 -0.002108 0.000000 
5.000000e-01 5.000000e-01 4.999893e-03 5.000000e-01 5.000000e-01 1.515005e+00 -0.993256 0.002105 0.009962 0.969122 0.009962 0.002105 0.993256 -0.002108 -0.009973 -0.969094 -0.009973 -0.002108 0.000000 
5.000000e-01 5.000000e-01 4.999893e-03 5.000000e-01 5.000000e-01 1.515005e+00 -0.993256 0.002105 0.009962 0.969122 0.009962 0.002105 0.993256 -0.002108 -0.009973 -0.969094 -0.009973 -0.002108 0.000000 
5.000000e-01 5.000000e-01 4.999893e-03 5.000000e-01 5.000000e-01 1.515005e+00 -0.993256 0.002105 0.009962 0.969122 0.009962 0.002105 0.993256 -0.002108 -0.009973 -0.969094 -0.009973 -0.002108 0.000000 
5.000000e-01 5.000000e-01 4.999893e-03 5.000000e-01 5.000000e-01 1.515005e+00 -0.993256 0.002105 0.009962 0.969122 0.009962 0.002105 0.993256 -0.002108 -0.009973 -0.969094 -0.009973 -0.002108 0.000000 
5.000000e-01 5.000000e-01 4.999893e-03 5.000000e-01 5.000000e-01 1.515005e+00 -0.993256 0.002105 0.009962 0.969122 0.009962 0.002105 0.993256 -0.002108 -0.009973 -0.969094 -0.009973 -0.002108 0.000000 
5.000000e-01 5.000000e-01 4.999893e-03 5.000000e-01 5.000000e-01 1.515005e+00 -0.993256 0.002105 0.009962 0.969122 0.009962 0.002105 0.993256 -0.002108 -0.009973 -0.969094 -0.009973 -0.002108 0.000000 
5.000000e-01 5.000000e-01 4.999893e-03 5.000000e-01 5.000000e-01 1.515005e+00 -0.993256 0.002105 0.009962 0.969122 0.009962 0.002105 0.993256 -0.002108 -0.009973 -0.969094 -0.009973 -0.002108 0.000000 
5.000000e-01 5.000000e-01 4.999893e-03 5.000000e-01 5.000000e-01 1.515005e+00 -0.993256 0.002105 0.009962 0.969122 0.009962 0.002105 0.993256 -0.002108 -0.009973 -0.969094 -0.009973 -0.002108 0.000000 
5.000000e-01 5.000000e-01 4.999893e-03 5.000000e-01 5.000000e-01 1.515005e+00 -0.993256 0.002105 0.009962 0.969122 0.009962 0.002105 0.993256 -0.002108 -0.009973 -0.969094 -0.009973 -0.002108 0.000000 
5.000000e-01 5.000000e-01 4.999893e-03 5.000000e-01 5.000000e-01 1.515005e+00 -0.993256 0.002105 0.009962 0.969122 0.009962 0.002105 0.993256 -0.002108 -0.009973 -0.969094 -0.009973 -0.002108 0.000000 
5.000000e-01 5.000000e-01 4.999893e-03 5.000000e-01 5.000000e-01 1.515005e+00 -0.993256 0.002105 0.009962 0.969122 0.009962 0.002105 0.993256 -0.002108 -0.009973 -0.969094 -0.009973 -0.002108 0.000000 
5.000000e-01 5.000000e-01 4.999893e-03 5.000000e-01 5.000000e-01 1.515005e+00 -0.993256 0.002105 0.009962 0.969122 0.009962 0.002105 0.993256 -0.002108 -0.009973 -0.969094 -0.009973 -0.002108 0.000000 
5.000000e-01 5.000000e-01 4.999893e-03 5.000000e-01 5.000000e-01 1.515005e+00 -0.993256 0.002105 0.009962 0.969122 0.009962 0.002105 0.993256 -0.002108 -0.009973 -0.969094 -0.009973 -0.002108 0.000000 
5.000000e-01 5.000000e-01 4.999893e-03 5.000000e-01 5.000000e-01 1.515005e+00 -0.993256 0.002105 0.009962 0.969122 0.009962 0.002105 0.993256 -0.002108 -0.009973 -0.969094 -0.009973 -0.002108 0.000000 
5.000000e-01 5.000000e-01 4.999893e-03 5.000000e-01 5.000000e-01 1.515005e+00 -0.993256 0.002105 0.009962 0.969122 0.009962 0.002105 0.993256 -0.002108 -0.009973 -0.969094 -0.009973 -0.002108 0.000000 
5.000000e-01 5.000000e-01 4.999893e-03 5.000000e-01 5.000000e-01 1.515005e+00 -0.993256 0.002105 0.009962 0.969122 0.009962 0.002105 0.993256 -0.002108 -0.009973 -0.969094 -0.009973 -0.002108 0.000000 
5.000000e-01 5.000000e-01 4.999893e-03 5.000000e-01 5.000000e-01 1.515005e+00 -0.993256 0.002105 0.009962 0.969122 0.009962 0.002105 0.993256 -0.002108 -0.009973 -0.969094 -0.009973 -0.002108 0.000000 
5.000000e-01 5.000000e-01 4.999893e-03 5.000000e-01 5.000000e-01 1.515005e+00 -0.993256 0.002105 0.009962 0.969122 0.009962 0.002105 0.993256 -0.002108 -0.009973 -0.969094 -0.009973 -0.002108 0.000000 
5.000000e-01 5.000000e-01 4.999893e-03 5.000000e-01 5.000000e-01 1.515005e+00 -0.993256 0.002105 0.009962 0.969122 0.009962 0.002105 0.993256 -0.002108 -0.009973 -0.969094 -0.009973 -0.002108 0.000000 
5.000000e-01 5.000000e-01 4.999893e-03 5.000000e-01 5.000000e-01 1.515005e+00 -0.993256 0.002105 0.009962 0.969122 0.009962 0.002105 0.993256 -0.002108 -0.009973 -0.969094 -0.009973 -0.002108 0.000000 
5.000000e-01 5.000000e-01 4.999893e-03 5.000000e-01 5.000000e-01 1.515005e+00 -0.993256 0.002105 0.009962 0.969122 0.009962 0.002105 0.993256 -0.002108 -0.009973 -0.969094 -0.009973 -0.002108 0.000000 
5.000000e-01 5.000000e-01 4.999893e-03 5.000000e-01 5.000000e-01 1.515005e+00 -0.993256 0.002105 0.009962 0.969122 0.009962 0.002105 0.993256 -0.002108 -0.009973 -0.969094 -0.009973 -0.002108 0.000000 
5.000000e-01 5.000000e-01 4.999893e-03 5.000000e-01 5.000000e-01 1.515005e+00 -0.993256 0.002105 0.009962 0.969122 0.009962 0.002105 0.993256 -0.002108 -0.009973 -0.969094 -0.009973 -0.002108 0.000000 
5.000000e-01 5.000000e-01 4.999893e-03 5.000000e-01 5.000000e-01 1.515005e+00 -0.993256 0.002105 0.009962 0.969122 0.009962 0.002105 0.993256 -0.002108 -0.009973 -0.969094 -0.009973 -0.002108 0.000000 
5.000000e-01 5.000000e-01 4.999893e-03 5.000000e-01 5.000000e-01 1.515005e+00 -0.993256 0.002105 0.009962 0.969122 0.009962 0.002105 0.993256 -0.002108 -0.009973 -0.969094 -0.009973 -0.002108 0.000000 
5.000000e-01 5.000000e-01 4.999893e-03 5.000000e-01 5.000000e-01 1.515005e+00 -0.993256 0.002105 0.009962 0.969122 0.009962 0.002105 0.993256 -0.002108 -0.009973 -0.969094 -0.009973 -0.002108 0.000000 
5.000000e-01 5.000000e-01 4.999893e-03 5.000000e-01 5.000000e-01 1.515005e+00 -0.993256 0.002105 0.009962 0.969122 0.009962 0.002105 0.993256 -0.002108 -0.009973 -0.969094 -0.009973 -0.002108 0.000000 
5.000000e-01 5.000000e-01 4.999893e-03 5.000000e-01 5.000000e-01 1.515005e+00 -0.993256 0.002105 0.009962 0.969122 0.009962 0.002105 0.993256 -0.002108 -0.009973 -0.969094 -0.009973 -0.002108 0.000000 
5.000000e-01 5.000000e-01 4.999893e-03 5.000000e-01 5.000000e-01 1.515005e+00 -0.993256 0.002105 0.009962 0.969122 0.009962 0.002105 0.993256 -0.002108 -0.009973 -0.969094 -0.009973 -0.002108 0.000000 
5.000000e-01 5.000000e-01 4.999893e-03 5.000000e-01 5.000000e-01 1.515005e+00 -0.993256 0.002105 0.009962 0.969122 0.009962 0.002105 0.993256 -0.002108 -0.009973 -0.969094 -0.009973 -0.002108 0.000000 
5.000000e-01 5.000000e-01 4.999893e-03 5.000000e-01 5.000000e-01 1.515005e+00 -0.993256 0.002105 0.009962 0.969122 0.009962 0.002105 0.993256 -0.002108 -0.009973 -0.969094 -0.009973 -0.002108 0.000000 
5.000000e-01 5.000000e-01 4.999893e-03 5.000000e-01 5.000000e-01 1.515005e+00 -0.993256 0.002105 0.009962 0.969122 0.009962 0.002105 0.993256 -0.002108 -0.009973 -0.969094 -0.009973 -0.002108 0.000000 
5.000000e-01 5.000000e-01 4.999893e-03 5.000000e-01 5.000000e-01 1.515005e+00 -0.993256 0.002105 0.009962 0.969122 0.009962 0.002105 0.993256 -0.002108 -0.009973 -0.969094 -0.009973 -0.002108 0.000000 
5.000000e-01 5.000000e-01 4.999893e-03 5.000000e-01 5.000000e-01 1.515005e+00 -0.993256 0.002105 0.009962 0.969122 0.009962 0.002105 0.993256 -0.002108 -0.009973 -0.969094 -0.009973 -0.002108 0.000000 
5.000000e-01 5.000000e-01 4.999893e-03 5.000000e-01 5.000000e-01 1.515005e+00 -0.993256 0.002105 0.009962 0.969122 0.009962 0.002105 0.993256 -0.002108 -0.009973 -0.969094 -0.009973 -0.002108 0.000000 
5.000000e-01 5.000000e-01 4.999893e-03 5.000000e-01 5.000000e-01 1.515005e+00 -0.993256 0.002105 0.009962 0.969122 0.009962 0.002105 0.993256 -0.002108 -0.009973 -0.969094 -0.009973 -0.002108 0.000000 
5.000000e-01 5.000000e-01 4.999893e-03 5.000000e-01 5.000000e-01 1.515005e+00 -0.993256 0.002105 0.009962 0.969122 0.009962 0.002105 0.993256 -0.002108 -0.009973 -0.969094 -0.009973 -0.002108 0.000000 
5.000000e-01 5.000000e-01 4.999893e-03 5.000000e-01 5.000000e-01 1.515005e+00 -0.993256 0.002105 0.009962 0.969122 0.009962 0.002105 0.993256 -0.002108 -0.009973 -0.969094 -0.009973 -0.002108 0.000000 
5.000000e-01 5.000000e-01 4.999893e-03 5.000000e-01 5.000000e-01 1.515005e+00 -0.993256 0.002105 0.009962 0.969122 0.009962 0.002105 0.993256 -0.002108 -0.009973 -0.969094 -0.009973 -0.002108 0.000000 
5.000000e-01 5.000000e-01 4.999893e-03 5.000000e-01 5.000000e-01 1.515005e+00 -0.993256 0.002105 0.009962 0.969122 0.009962 0.002105 0.993256 -0.002108 -0.009973 -0.969094 -0.009973 -0.002108 0.000000 
5.000000e-01 5.000000e-01 4.999893e-03 5.000000e-01 5.000000e-01 1.515005e+00 -0.993256 0.002105 0.009962 0.969122 0.009962 0.002105 0.993256 -0.002108 -0.009973 -0.969094 -0.009973 -0.002108 0.000000 
5.000000e-01 5.000000e-01 4.999893e-03 5.000000e-01 5.000000e-01 1.515005e+00 -0.993256 0.002105 0.009962 0.969122 0.009962 0.002105 0.993256 -0.002108 -0.009973 -0.969094 -0.009973 -0.002108 0.000000 
5.000000e-01 5.000000e-01 4.999893e-03 5.000000e-01 5.000000e-01 1.515005e+00 -0.993256 0.002105 0.009962 0.969122 0.009962 0.002105 0.993256 -0.002108 -0.009973 -0.969094 -0.009973 -0.002108 0.000000 
5.000000e-01 5.000000e-01 4.999893e-03 5.000000e-01 5.000000e-01 1.515005e+00 -0.993256 0.002105 0.009962 0.969122 0.009962 0.002105 0.993256 -0.002108 -0.009973 -0.969094 -0.009973 -0.002108 0.000000 
5.000000e-01 5.000000e-01 4.999893e-03 5.000000e-01 5.000000e-01 1.515005e+00 -0.993256 0.002105 0.009962 0.969122 0.009962 0.002105 0.993256 -0.002108 -0.009973 -0.969094 -0.009973 -0.002108 0.000000 
5.000000e-01 5.000000e-01 4.999893e-03 5.000000e-01 5.000000e-01 1.515005e+00 -0.993256 0.002105 0.009962 0.969122 0.009962 0.002105 0.993256 -0.002108 -0.009973 -0.969094 -0.009973 -0.002108 0.000000 
5.000000e-01 5.000000e-01 4.999893e-03 5.000000e-01 5.000000e-01 1.515005e+00 -0.993256 0.002105 0.009962 0.969122 0.009962 0.002105 0.993256 -0.002108 -0.009973 -0.969094 -0.009973 -0.002108 0.000000 
5.000000e-01 5.000000e-01 4.999893e-03 5.000000e-01 5.000000e-01 1.515005e+00 -0.993256 0.002105 0.009962 0.969122 0.009962 0.002105 0.993256 -0.002108 -0.009973 -0.969094 -0.009973 -0.002108 0.000000 
5.000000e-01 5.000000e-01 4.999893e-03 5.000000e-01 5.000000e-01 1.515005e+00 -0.993256 0.002105 0.009962 0.969122 0.009962 0.002105 0.993256 -0.002108 -0.009973 -0.969094 -0.009973 -0.002108 0.000000 
5.000000e-01 5.000000e-01 4.999893e-03 5.000000e-01 5.000000e-01 1.515005e+00 -0.993256 0.002105 0.009962 0.969122 0.009962 0.002105 0.993256 -0.002108 -0.009973 -0.969094 -0.009973 -0.002108 0.000000 
5.000000e-01 5.000000e-01 4.999893e-03 5.000000e-01 5.000000e-01 1.515005e+00 -0.993256 0.002105 0.009962 0.969122 0.009962 0.002105 0.993256 -0.002108 -0.009973 -0.969094 -0.009973 -0.002108 0.000000 
5.000000e-01 5.000000e-01 4.999893e-03 5.000000e-01 5.000000e-01 1.515005e+00 -0.993256 0.002105 0.009962 0.969122 0.009962 0.002105 0.993256 -0.002108 -0.009973 -0.969094 -0.009973 -0.002108 0.000000 
5.000000e-01 5.000000e-01 4.999893e-03 5.000000e-01 5.000000e-01 1.515005e+00 -0.993256 0.002105 0.009962 0.969122 0.009962 0.002105 0.993256 -0.002108 -0.009973 -0.969094 -0.009973 -0.002108 0.000000 
5.000000e-01 5.000000e-01 4.999893e-03 5.000000e-01 5.000000e-01 1.515005e+00 -0.993256 0.002105 0.009962 0.969122 0.009962 0.002105 0.993256 -0.002108 -0.009973 -0.969094 -0.009973 -0.002108 0.000000 
5.000000e-01 5.000000e-01 4.999893e-03 5.000000e-01 5.000000e-01 1.515005e+00 -0.993256 0.002105 0.009962 0.969122 0.009962 0.002105 0.993256 -0.002108 -0.009973 -0.969094 -0.009973 -0.002108 0.000000 
5.000000e-01 5.000000e-01 4.999893e-03 5.000000e-01 5.000000e-01 1.515005e+00 -0.993256 0.002105 0.009962 0.969122 0.009962 0.002105 0.993256 -0.002108 -0.009973 -0.969094 -0.009973 -0.002108 0.000000 
5.000000e-01 5.000000e-01 4.999893e-03 5.000000e-01 5.000000e-01 1.515005e+00 -0.993256 0.002105 0.009962 0.969122 0.009962 0.002105 0.993256 -0.002108 -0.009973 -0.969094 -0.009973 -0.002108 0.000000 
5.000000e-01 5.000000e-01 4.999893e-03 5.000000e-01 5.000000e-01 1.515005e+00 -0.993256 0.002105 0.009962 0.969122 0.009962 0.002105 0.993256 -0.002108 -0.009973 -0.969094 -0.009973 -0.002108 0.000000 
5.000000e-01 5.000000e-01 4.999893e-03 5.000000e-01 5.000000e-01 1.515005e+00 -0.993256 0.002105 0.009962 0.969122 0.009962 0.002105 0.993256 -0.002108 -0.009973 -0.969094 -0.009973 -0.002108 0.000000 
5.000000e-01 5.000000e-01 4.999893e-03 5.000000e-01 5.000000e-01 1.515005e+00 -0.993256 0.002105 0.009962 0.969122 0.009962 0.002105 0.993256 -0.002108 -0.009973 -0.969094 -0.009973 -0.002108 0.000000 
5.000000e-01 5.000000e-01 4.999893e-03 5.000000e-01 5.000000e-01 1.515005e+00 -0.993256 0.002105 0.009962 0.969122 0.009962 0.002105 0.993256 -0.002108 -0.009973 -0.969094 -0.009973 -0.002108 0.000000 
5.000000e-01 5.000000e-01 4.999893e-03 5.000000e-01 5.000000e-01 1.515005e+00 -0.993256 0.002105 0.009962 0.969122 0.009962 0.002105 0.993256 -0.002108 -0.009973 -0.969094 -0.009973 -0.002108 0.000000 
5.000000e-01 5.000000e-01 4.999893e-03 5.000000e-01 5.000000e-01 1.515005e+00 -0.993256 0.002105 0.009962 0.969122 0.009962 0.002105 0.993256 -0.002108 -0.009973 -0.969094 -0.009973 -0.002108 0.000000 
5.000000e-01 5.000000e-01 4.999893e-03 5.000000e-01 5.000000e-01 1.515005e+00 -0.993256 0.002105 0.009962 0.969122 0.009962 0.002105 0.993256 -0.002108 -0.009973 -0.969094 -0.009973 -0.002108 0.000000 
5.000000e-01 5.000000e-01 4.999893e-03 5.000000e-01 5.000000e-01 1.515005e+00 -0.993256 0.002105 0.009962 0.969122 0.009962 0.002105 0.993256 -0.002108 -0.009973 -0.969094 -0.009973 -0.002108 0.000000 
5.000000e-01 5.000000e-01 4.999893e-03 5.000000e-01 5.000000e-01 1.515005e+00 -0.993256 0.002105 0.009962 0.969122 0.009962 0.002105 0.993256 -0.002108 -0.009973 -0.969094 -0.009973 -0.002108 0.000000 
5.000000e-01 5.000000e-01 4.999893e-03 5.000000e-01 5.000000e-01 1.515005e+00 -0.993256 0.002105 0.009962 0.969122 0.009962 0.002105 0.993256 -0.002108 -0.009973 -0.969094 -0.009973 -0.002108 0.000000 
5.000000e-01 5.000000e-01 4.999893e-03 5.000000e-01 5.000000e-01 1.515005e+00 -0.993256 0.002105 0.009962 0.969122 0.009962 0.002105 0.993256 -0.002108 -0.009973 -0.969094 -0.009973 -0.002108 0.000000 
5.000000e-01 5.000000e-01 4.999893e-03 5.000000e-01 5.000000e-01 1.515005e+00 -0.993256 0.002105 0.009962 0.969122 0.009962 0.002105 0.993256 -0.002108 -0.009973 -0.969094 -0.009973 -0.002108 0.000000 
5.000000e-01 5.000000e-01 4.999893e-03 5.000000e-01 5.000000e-01 1.515005e+00 -0.993256 0.002105 0.009962 0.969122 0.009962 0.002105 0.993256 -0.002108 -0.009973 -0.969094 -0.009973 -0.002108 0.000000 
5.000000e-01 5.000000e-01 4.999893e-03 5.000000e-01 5.000000e-01 1.515005e+00 -0.993256 0.002105 0.009962 0.969122 0.009962 0.002105 0.993256 -0.002108 -0.009973 -0.969094 -0.009973 -0.002108 0.000000 
5.000000e-01 5.000000e-01 4.999893e-03 5.000000e-01 5.000000e-01 1.515005e+00 -0.993256 0.002105 0.009962 0.969122 0.009962 0.002105 0.993256 -0.002108 -0.009973 -0.969094 -0.009973 -0.002108 0.000000 
5.000000e-01 5.000000e-01 4.999893e-03 5.000000e-01 5.000000e-01 1.515005e+00 -0.993256 0.002105 0.009962 0.969122 0.009962 0.002105 0.993256 -0.002108 -0.009973 -0.969094 -0.009973 -0.002108 0.000000 
5.000000e-01 5.000000e-01 4.999893e-03 5.000000e-01 5.000000e-01 1.515005e+00 -0.993256 0.002105 0.009962 0.969122 0.009962 0.002105 0.993256 -0.002108 -0.009973 -0.969094 -0.009973 -0.002108 0.000000 
5.000000e-01 5.000000e-01 4.999893e-03 5.000000e-01 5.000000e-01 1.515005e+00 -0.993256 0.002105 0.009962 0.969122 0.009962 0.002105 0.993256 -0.002108 -0.009973 -0.969094 -0.009973 -0.002108 0.000000 
5.000000e-01 5.000000e-01 4.999893e-03 5.000000e-01 5.000000e-01 1.515005e+00 -0.993256 0.002105 0.009962 0.969122 0.009962 0.002105 0.993256 -0.002108 -0.009973 -0.969094 -0.009973 -0.002108 0.000000 
5.000000e-01 5.000000e-01 4.999893e-03 5.000000e-01 5.000000e-01 1.515005e+00 -0.993256 0.002105 0.009962 0.969122 0.009962 0.002105 0.993256 -0.002108 -0.009973 -0.969094 -0.009973 -0.002108 0.000000 
5.000000e-01 5.000000e-01 4.999893e-03 5.000000e-01 5.000000e-01 1.515005e+00 -0.993256 0.002105 0.009962 0.969122 0.009962 0.002105 0.993256 -0.002108 -0.009973 -0.969094 -0.009973 -0.002108 0.000000 
5.000000e-01 5.000000e-01 4.999893e-03 5.000000e-01 5.000000e-01 1.515005e+00 -0.993256 0.002105 0.009962 0.969122 0.009962 0.002105 0.993256 -0.002108 -0.009973 -0.969094 -0.009973 -0.002108 0.000000 
5.000000e-01 5.000000e-01 4.999893e-03 5.000000e-01 5.000000e-01 1.515005e+00 -0.993256 0.002105 0.009962 0.969122 0.009962 0.002105 0.993256 -0.002108 -0.009973 -0.969094 -0.009973 -0.002108 0.000000 
5.000000e-01 5.000000e-01 4.999893e-03 5.000000e-01 5.000000e-01 1.515005e+00 -0.993256 0.002105 0.009962 0.969122 0.009962 0.002105 0.993256 -0.002108 -0.009973 -0.969094 -0.009973 -0.002108 0.000000 
5.000000e-01 5.000000e-01 4.999893e-03 5.000000e-01 5.000000e-01 1.515005e+00 -0.993256 0.002105 0.009962 0.969122 0.009962 0.002105 0.993256 -0.002108 -0.009973 -0.969094 -0.009973 -0.002108 0.000000 
5.000000e-01 5.000000e-01 4.999893e-03 5.000000e-01 5.000000e-01 1.515005e+00 -0.993256 0.002105 0.009962 0.969122 0.009962 0.002105 0.993256 -0.002108 -0.009973 -0.969094 -0.009973 -0.002108 0.000000 
5.000000e-01 5.000000e-01 4.999893e-03 5.000000e-01 5.000000e-01 1.515005e+00 -0.993256 0.002105 0.009962 0.969122 0.009962 0.002105 0.993256 -0.002108 -0.009973 -0.969094 -0.009973 -0.002108 0.000000 
5.000000e-01 5.000000e-01 4.999893e-03 5.000000e-01 5.000000e-01 1.515005e+00 -0.993256 0.002105 0.009962 0.969122 0.009962 0.002105 0.993256 -0.002108 -0.009973 -0.969094 -0.009973 -0.002108 0.000000 
5.000000e-01 5.000000e-01 4.999893e-03 5.000000e-01 5.000000e-01 1.515005e+00 -0.993256 0.002105 0.009962 0.969122 0.009962 0.002105 0.993256 -0.002108 -0.009973 -0.969094 -0.009973 -0.002108 0.000000 
5.000000e-01 5.000000e-01 4.999893e-03 5.000000e-01 5.000000e-01 1.515005e+00 -0.993256 0.002105 0.009962 0.969122 0.009962 0.002105 0.993256 -0.002108 -0.009973 -0.969094 -0.009973 -0.002108 0.000000 
5.000000e-01 5.000000e-01 4.999893e-03 5.000000e-01 5.000000e-01 1.515005e+00 -0.993256 0.002105 0.009962 0.969122 0.009962 0.002105 0.993256 -0.002108 -0.009973 -0.969094 -0.009973 -0.002108 0.000000 
5.000000e-01 5.000000e-01 4.999893e-03 5.000000e-01 5.000000e-01 1.515005e+00 -0.993256 0.002105 0.009962 0.969122 0.009962 0.002105 0.993256 -0.002108 -0.009973 -0.969094 -0.009973 -0.002108 0.000000 
5.000000e-01 5.000000e-01 4.999893e-03 5.000000e-01 5.000000e-01 1.515005e+00 -0.993256 0.002105 0.009962 0.969122 0.009962 0.002105 0.993256 -0.002108 -0.009973 -0.969094 -0.009973 -0.002108 0.000000 
5.000000e-01 5.000000e-01 4.999893e-03 5.000000e-01 5.000000e-01 1.515005e+00 -0.993256 0.002105 0.009962 0.969122 0.009962 0.002105 0.993256 -0.002108 -0.009973 -0.969094 -0.009973 -0.002108 0.000000 
5.000000e-01 5.000000e-01 4.999893e-03 5.000000e-01 5.000000e-01 1.515005e+00 -0.993256 0.002105 0.009962 0.969122 0.009962 0.002105 0.993256 -0.002108 -0.009973 -0.969094 -0.009973 -0.002108 0.000000 
5.000000e-01 5.000000e-01 4.999893e-03 5.000000e-01 5.000000e-01 1.515005e+00 -0.993256 0.002105 0.009962 0.969122 0.009962 0.002105 0.993256 -0.002108 -0.009973 -0.969094 -0.009973 -0.002108 0.000000 
5.000000e-01 5.000000e-01 4.999893e-03 5.000000e-01 5.000000e-01 1.515005e+00 -0.993256 0.002105 0.009962 0.969122 0.009962 0.002105 0.993256 -0.002108 -0.009973 -0.969094 -0.009973 -0.002108 0.000000 
5.000000e-01 5.000000e-01 4.999893e-03 5.000000e-01 5.000000e-01 1.515005e+00 -0.993256 0.002105 0.009962 0.969122 0.009962 0.002105 0.993256 -0.002108 -0.009973 -0.969094 -0.009973 -0.002108 0.000000 
5.000000e-01 5.000000e-01 4.999893e-03 5.000000e-01 5.000000e-01 1.515005e+00 -0.993256 0.002105 0.009962 0.969122 0.009962 0.002105 0.993256 -0.002108 -0.009973 -0.969094 -0.009973 -0.002108 0.000000 
5.000000e-01 5.000000e-01 4.999893e-03 5.000000e-01 5.000000e-01 1.515005e+00 -0.993256 0.002105 0.009962 0.969122 0.009962 0.002105 0.993256 -0.002108 -0.009973 -0.969094 -0.009973 -0.002108 0.000000 
5.000000e-01 5.000000e-01 4.999893e-03 5.000000e-01 5.000000e-01 1.515005e+00 -0.993256 0.002105 0.009962 0.969122 0.009962 0.002105 0.993256 -0.002108 -0.009973 -0.969094 -0.009973 -0.002108 0.000000 
5.000000e-01 5.000000e-01 4.999893e-03 5.000000e-01 5.000000e-01 1.515005e+00 -0.993256 0.002105 0.009962 0.969122 0.009962 0.002105 0.993256 -0.002108 -0.009973 -0.969094 -0.009973 -0.002108 0.000000 
5.000000e-01 5.000000e-01 4.999893e-03 5.000000e-01 5.000000e-01 1.515005e+00 -0.993256 0.002105 0.009962 0.969122 0.009962 0.002105 0.993256 -0.002108 -0.009973 -0.969094 -0.009973 -0.002108 0.000000 
5.000000e-01 5.000000e-01 4.999893e-03 5.000000e-01 5.000000e-01 1.515005e+00 -0.993256 0.002105 0.009962 0.969122 0.009962 0.002105 0.993256 -0.002108 -0.009973 -0.969094 -0.009973 -0.002108 0.000000 
5.000000e-01 5.000000e-01 4.999893e-03 5.000000e-01 5.000000e-01 1.515005e+00 -0.993256 0.002105 0.009962 0.969122 0.009962 0.002105 0.993256 -0.002108 -0.009973 -0.969094 -0.009973 -0.002108 0.000000 
5.000000e-01 5.000000e-01 4.999893e-03 5.000000e-01 5.000000e-01 1.515005e+00 -0.993256 0.002105 0.009962 0.969122 0.009962 0.002105 0.993256 -0.002108 -0.009973 -0.969094 -0.009973 -0.002108 0.000000 
5.000000e-01 5.000000e-01 4.999893e-03 5.000000e-01 5.000000e-01 1.515005e+00 -0.993256 0.002105 0.009962 0.969122 0.009962 0.002105 0.993256 -0.002108 -0.009973 -0.969094 -0.009973 -0.002108 0.000000 
5.000000e-01 5.000000e-01 4.999893e-03 5.000000e-01 5.000000e-01 1.515005e+00 -0.993256 0.002105 0.009962 0.969122 0.009962 0.002105 0.993256 -0.002108 -0.009973 -0.969094 -0.009973 -0.002108 0.000000 
5.000000e-01 5.000000e-01 4.999893e-03 5.000000e-01 5.000000e-01 1.515005e+00 -0.993256 0.002105 0.009962 0.969122 0.009962 0.002105 0.993256 -0.002108 -0.009973 -0.969094 -0.009973 -0.002108 0.000000 
5.000000e-01 5.000000e-01 4.999893e-03 5.000000e-01 5.000000e-01 1.515005e+00 -0.993256 0.002105 0.009962 0.969122 0.009962 0.002105 0.993256 -0.002108 -0.009973 -0.969094 -0.009973 -0.002108 0.000000 
5.000000e-01 5.000000e-01 4.999893e-03 5.000000e-01 5.000000e-01 1.515005e+00 -0.993256 0.002105 0.009962 0.969122 0.009962 0.002105 0.993256 -0.002108 -0.009973 -0.969094 -0.009973 -0.002108 0.000000 
5.000000e-01 5.000000e-01 4.999893e-03 5.000000e-01 5.000000e-01 1.515005e+00 -0.993256 0.002105 0.009962 0.969122 0.009962 0.002105 0.993256 -0.002108 -0.009973 -0.969094 -0.009973 -0.002108 0.000000 
5.000000e-01 5.000000e-01 4.999893e-03 5.000000e-01 5.000000e-01 1.515005e+00 -0.993256 0.002105 0.009962 0.969122 0.009962 0.002105 0.993256 -0.002108 -0.009973 -0.969094 -0.009973 -0.002108 0.000000 
5.000000e-01 5.000000e-01 4.999893e-03 5.000000e-01 5.000000e-01 1.515005e+00 -0.993256 0.002105 0.009962 0.969122 0.009962 0.002105 0.993256 -0.002108 -0.009973 -0.969094 -0.009973 -0.002108 0.000000 
