# TeX TeY TeZ ThX ThY THZ P1 P2
5.000000e-01 5.000000e-01 5.400000e-01 5.000000e-01 5.000000e-01 5.400000e-01 0.000000 0.000000 0.000000 0.000000 0.000000 0.000000 0.000000 0.000000 0.000000 0.000000 0.000000 0.000000 0.000000 
5.000000e-01 5.000000e-01 5.277781e-01 5.000000e-01 5.000000e-01 5.487141e-01 -0.013743 0.002429 0.002934 0.003015 0.002934 0.002429 0.013743 -0.001280 -0.003235 -0.004713 -0.003235 -0.001280 0.000000 
5.000000e-01 5.000000e-01 5.155187e-01 5.000000e-01 5.000000e-01 5.574171e-01 -0.027502 0.004863 0.005872 0.006032 0.005872 0.004863 0.027502 -0.002530 -0.006479 -0.009484 -0.006479 -0.002530 0.000000 
5.000000e-01 5.000000e-01 5.032222e-01 5.000000e-01 5.000000e-01 5.661089e-01 -0.041279 0.007300 0.008813 0.009052 0.008813 0.007300 0.041279 -0.003745 -0.009734 -0.014322 -0.009734 -0.003745 0.000000 
5.000000e-01 5.000000e-01 4.908890e-01 5.000000e-01 5.000000e-01 5.747893e-01 -0.055072 0.009742 0.011758 0.012074 0.011758 0.009742 0.055072 -0.004919 -0.012998 -0.019239 -0.012998 -0.004919 0.000000 
5.000000e-01 5.000000e-01 4.785193e-01 5.000000e-01 5.000000e-01 5.834583e-01 -0.068882 0.012186 0.014705 0.015099 0.014705 0.012186 0.068882 -0.006037 -0.016274 -0.024260 -0.016274 -0.006037 0.000000 
5.000000e-01 5.000000e-01 4.661135e-01 5.000000e-01 5.000000e-01 5.921158e-01 -0.082708 0.014634 0.017656 0.018127 0.017656 0.014634 0.082708 -0.007096 -0.019560 -0.029396 -0.019560 -0.007096 0.000000 
5.000000e-01 5.000000e-01 4.536718e-01 5.000000e-01 5.000000e-01 6.007617e-01 -0.096550 0.017085 0.020611 0.021159 0.020611 0.017085 0.096550 -0.008093 -0.022855 -0.034653 -0.022855 -0.008093 0.000000 
5.000000e-01 5.000000e-01 4.411946e-01 5.000000e-01 5.000000e-01 6.093958e-01 -0.110407 0.019537 0.023569 0.024195 0.023569 0.019537 0.110407 -0.009021 -0.026159 -0.040046 -0.026159 -0.009021 0.000000 
5.000000e-01 5.000000e-01 4.286821e-01 5.000000e-01 5.000000e-01 6.180181e-01 -0.124279 0.021992 0.026530 0.027235 0.026530 0.021992 0.124279 -0.009865 -0.029471 -0.045607 -0.029471 -0.009865 0.000000 
5.000000e-01 5.000000e-01 4.161346e-01 5.000000e-01 5.000000e-01 6.266284e-01 -0.138167 0.024448 0.029495 0.030280 0.029495 0.024448 0.138167 -0.010613 -0.032790 -0.051362 -0.032790 -0.010613 0.000000 
5.000000e-01 5.000000e-01 4.035525e-01 5.000000e-01 5.000000e-01 6.352267e-01 -0.152069 0.026906 0.032463 0.033330 0.032463 0.026906 0.152069 -0.011265 -0.036112 -0.057316 -0.036112 -0.011265 0.000000 
5.000000e-01 5.000000e-01 3.909361e-01 5.000000e-01 5.000000e-01 6.438128e-01 -0.165986 0.029365 0.035435 0.036385 0.035435 0.029365 0.165986 -0.011812 -0.039434 -0.063493 -0.039434 -0.011812 0.000000 
5.000000e-01 5.000000e-01 3.782855e-01 5.000000e-01 5.000000e-01 6.523867e-01 -0.179916 0.031825 0.038411 0.039445 0.038411 0.031825 0.179916 -0.012230 -0.042753 -0.069950 -0.042753 -0.012230 0.000000 
5.000000e-01 5.000000e-01 3.656011e-01 5.000000e-01 5.000000e-01 6.609482e-01 -0.193861 0.034286 0.041389 0.042511 0.041389 0.034286 0.193861 -0.012514 -0.046063 -0.076709 -0.046063 -0.012514 0.000000 
5.000000e-01 5.000000e-01 3.528832e-01 5.000000e-01 5.000000e-01 6.694971e-01 -0.207819 0.036746 0.044372 0.045583 0.044372 0.036746 0.207819 -0.012662 -0.049356 -0.083784 -0.049356 -0.012662 0.000000 
5.000000e-01 5.000000e-01 3.401321e-01 5.000000e-01 5.000000e-01 6.780335e-01 -0.221791 0.039206 0.047358 0.048663 0.047358 0.039206 0.221791 -0.012664 -0.052626 -0.091212 -0.052626 -0.012664 0.000000 
5.000000e-01 5.000000e-01 3.273480e-01 5.000000e-01 5.000000e-01 6.865571e-01 -0.235776 0.041666 0.050348 0.051749 0.050348 0.041666 0.235776 -0.012478 -0.055855 -0.099110 -0.055855 -0.012478 0.000000 
5.000000e-01 5.000000e-01 3.145311e-01 5.000000e-01 5.000000e-01 6.950679e-01 -0.249774 0.044124 0.053342 0.054842 0.053342 0.044124 0.249774 -0.012119 -0.059034 -0.107467 -0.059034 -0.012119 0.000000 
5.000000e-01 5.000000e-01 3.016818e-01 5.000000e-01 5.000000e-01 7.035657e-01 -0.263784 0.046582 0.056339 0.057942 0.056339 0.046582 0.263784 -0.011576 -0.062149 -0.116335 -0.062149 -0.011576 0.000000 
5.000000e-01 5.000000e-01 2.888003e-01 5.000000e-01 5.000000e-01 7.120504e-01 -0.277807 0.049039 0.059340 0.061050 0.059340 0.049039 0.277807 -0.010821 -0.065172 -0.125821 -0.065172 -0.010821 0.000000 
5.000000e-01 5.000000e-01 2.758869e-01 5.000000e-01 5.000000e-01 7.205218e-01 -0.291842 0.051494 0.062344 0.064166 0.062344 0.051494 0.291842 -0.009834 -0.068070 -0.136034 -0.068070 -0.009834 0.000000 
5.000000e-01 5.000000e-01 2.629417e-01 5.000000e-01 5.000000e-01 7.289800e-01 -0.305889 0.053946 0.065353 0.067291 0.065353 0.053946 0.305889 -0.008625 -0.070824 -0.146990 -0.070824 -0.008625 0.000000 
5.000000e-01 5.000000e-01 2.499651e-01 5.000000e-01 5.000000e-01 7.374247e-01 -0.319948 0.056395 0.068365 0.070426 0.068365 0.056395 0.319947 -0.007182 -0.073397 -0.158789 -0.073397 -0.007182 0.000000 
5.000000e-01 5.000000e-01 2.369572e-01 5.000000e-01 5.000000e-01 7.458557e-01 -0.334018 0.058842 0.071382 0.073570 0.071382 0.058842 0.334018 -0.005446 -0.075696 -0.171733 -0.075696 -0.005446 0.000000 
5.000000e-01 5.000000e-01 2.239182e-01 5.000000e-01 5.000000e-01 7.542731e-01 -0.348099 0.061286 0.074402 0.076723 0.074402 0.061286 0.348099 -0.003450 -0.077702 -0.185796 -0.077702 -0.003450 0.000000 
5.000000e-01 5.000000e-01 2.108484e-01 5.000000e-01 5.000000e-01 7.626765e-01 -0.362192 0.063726 0.077426 0.079887 0.077426 0.063726 0.362192 -0.001184 -0.079348 -0.201129 -0.079348 -0.001184 0.000000 
5.000000e-01 5.000000e-01 1.977478e-01 5.000000e-01 5.000000e-01 7.710660e-01 -0.376297 0.066163 0.080455 0.083061 0.080455 0.066163 0.376297 0.001401 -0.080482 -0.218134 -0.080482 0.001401 0.000000 
5.000000e-01 5.000000e-01 1.846165e-01 5.000000e-01 5.000000e-01 7.794414e-01 -0.390413 0.068596 0.083487 0.086246 0.083487 0.068596 0.390413 0.004288 -0.081025 -0.236939 -0.081025 0.004288 0.000000 
5.000000e-01 5.000000e-01 1.714545e-01 5.000000e-01 5.000000e-01 7.878024e-01 -0.404541 0.071023 0.086525 0.089445 0.086525 0.071023 0.404541 0.007471 -0.080882 -0.257719 -0.080882 0.007471 0.000000 
5.000000e-01 5.000000e-01 1.582617e-01 5.000000e-01 5.000000e-01 7.961491e-01 -0.418683 0.073446 0.089567 0.092657 0.089567 0.073446 0.418683 0.010984 -0.079806 -0.281038 -0.079806 0.010984 0.000000 
5.000000e-01 5.000000e-01 1.450379e-01 5.000000e-01 5.000000e-01 8.044812e-01 -0.432838 0.075864 0.092614 0.095881 0.092614 0.075864 0.432838 0.014825 -0.077600 -0.307288 -0.077600 0.014825 0.000000 
5.000000e-01 5.000000e-01 1.317825e-01 5.000000e-01 5.000000e-01 8.127987e-01 -0.447009 0.078277 0.095667 0.099120 0.095667 0.078277 0.447009 0.018968 -0.074136 -0.336673 -0.074136 0.018968 0.000000 
5.000000e-01 5.000000e-01 1.184950e-01 5.000000e-01 5.000000e-01 8.211012e-01 -0.461198 0.080686 0.098726 0.102374 0.098726 0.080686 0.461198 0.023435 -0.069019 -0.370032 -0.069019 0.023435 0.000000 
5.000000e-01 5.000000e-01 1.051741e-01 5.000000e-01 5.000000e-01 8.293888e-01 -0.475410 0.083090 0.101792 0.105646 0.101792 0.083090 0.475410 0.028224 -0.061883 -0.408093 -0.061883 0.028224 0.000000 
5.000000e-01 5.000000e-01 9.181841e-02 5.000000e-01 5.000000e-01 8.376613e-01 -0.489649 0.085488 0.104866 0.108939 0.104866 0.085488 0.489649 0.033295 -0.052596 -0.451047 -0.052596 0.033295 0.000000 
5.000000e-01 5.000000e-01 7.842587e-02 5.000000e-01 5.000000e-01 8.459184e-01 -0.503922 0.087884 0.107951 0.112252 0.107951 0.087884 0.503921 0.038660 -0.040595 -0.500051 -0.040595 0.038660 0.000000 
5.000000e-01 5.000000e-01 6.499427e-02 5.000000e-01 5.000000e-01 8.541601e-01 -0.518238 0.090277 0.111047 0.115589 0.111047 0.090277 0.518237 0.044304 -0.025491 -0.555863 -0.025491 0.044304 0.000000 
5.000000e-01 5.000000e-01 5.152125e-02 5.000000e-01 5.000000e-01 8.623862e-01 -0.532602 0.092669 0.114156 0.118950 0.114156 0.092669 0.532601 0.050182 -0.007362 -0.618241 -0.007362 0.050182 0.000000 
5.000000e-01 5.000000e-01 3.800529e-02 5.000000e-01 5.000000e-01 8.705966e-01 -0.547023 0.095061 0.117281 0.122340 0.117281 0.095061 0.547023 0.056289 0.014169 -0.687940 0.014169 0.056289 0.000000 
5.000000e-01 5.000000e-01 2.444668e-02 5.000000e-01 5.000000e-01 8.787910e-01 -0.561503 0.097450 0.120421 0.125761 0.120421 0.097450 0.561503 0.062581 0.038725 -0.764114 0.038725 0.062581 0.000000 
5.000000e-01 5.000000e-01 1.084873e-02 5.000000e-01 5.000000e-01 8.869693e-01 -0.576028 0.099834 0.123574 0.129211 0.123574 0.099834 0.576028 0.068999 0.065429 -0.844885 0.065429 0.068999 0.000000 
5.000000e-01 5.000000e-01 4.999915e-03 5.000000e-01 5.000000e-01 8.951314e-01 -0.585332 0.101257 0.125624 0.131571 0.125624 0.101257 0.585332 0.071256 0.076732 -0.881310 0.076732 0.071256 0.000000 
5.000000e-01 5.000000e-01 4.999915e-03 5.000000e-01 5.000000e-01 9.032771e-01 -0.590679 0.101946 0.126838 0.133109 0.126838 0.101946 0.590679 0.070331 0.075584 -0.882511 0.075584 0.070331 0.000000 
5.000000e-01 5.000000e-01 4.999915e-03 5.000000e-01 5.000000e-01 9.114062e-01 -0.596016 0.102621 0.128054 0.134666 0.128054 0.102621 0.596015 0.069406 0.074439 -0.883706 0.074439 0.069406 0.000000 
5.000000e-01 5.000000e-01 4.999915e-03 5.000000e-01 5.000000e-01 9.195185e-01 -0.601341 0.103278 0.129271 0.136242 0.129271 0.103278 0.601341 0.068480 0.073297 -0.884895 0.073297 0.068480 0.000000 
5.000000e-01 5.000000e-01 4.999915e-03 5.000000e-01 5.000000e-01 9.276138e-01 -0.606655 0.103915 0.130491 0.137844 0.130491 0.103915 0.606655 0.067553 0.072159 -0.886079 0.072159 0.067553 0.000000 
5.000000e-01 5.000000e-01 4.999915e-03 5.000000e-01 5.000000e-01 9.356921e-01 -0.611957 0.104534 0.131711 0.139466 0.131711 0.104534 0.611957 0.066627 0.071023 -0.887257 0.071023 0.066627 0.000000 
5.000000e-01 5.000000e-01 4.999915e-03 5.000000e-01 5.000000e-01 9.437530e-01 -0.617249 0.105135 0.132933 0.141111 0.132933 0.105135 0.617249 0.065700 0.069890 -0.888430 0.069890 0.065700 0.000000 
5.000000e-01 5.000000e-01 4.999915e-03 5.000000e-01 5.000000e-01 9.517964e-01 -0.622529 0.105718 0.134156 0.142780 0.134156 0.105718 0.622529 0.064774 0.068761 -0.889598 0.068761 0.064774 0.000000 
5.000000e-01 5.000000e-01 4.999915e-03 5.000000e-01 5.000000e-01 9.598222e-01 -0.627797 0.106281 0.135381 0.144473 0.135381 0.106281 0.627797 0.063848 0.067634 -0.890761 0.067634 0.063848 0.000000 
5.000000e-01 5.000000e-01 4.999915e-03 5.000000e-01 5.000000e-01 9.678301e-01 -0.633053 0.106818 0.136608 0.146201 0.136608 0.106818 0.633053 0.062922 0.066511 -0.891919 0.066511 0.062922 0.000000 
5.000000e-01 5.000000e-01 4.999915e-03 5.000000e-01 5.000000e-01 9.758200e-01 -0.638298 0.107333 0.137837 0.147957 0.137837 0.107333 0.638298 0.061997 0.065390 -0.893072 0.065390 0.061997 0.000000 
5.000000e-01 5.000000e-01 4.999915e-03 5.000000e-01 5.000000e-01 9.837916e-01 -0.643531 0.107827 0.139068 0.149741 0.139068 0.107827 0.643531 0.061072 0.064273 -0.894220 0.064273 0.061072 0.000000 
5.000000e-01 5.000000e-01 4.999915e-03 5.000000e-01 5.000000e-01 9.917448e-01 -0.648751 0.108298 0.140300 0.151556 0.140300 0.108298 0.648751 0.060148 0.063158 -0.895365 0.063158 0.060148 0.000000 
5.000000e-01 5.000000e-01 4.999915e-03 5.000000e-01 5.000000e-01 9.996793e-01 -0.653959 0.108744 0.141533 0.153404 0.141533 0.108744 0.653959 0.059225 0.062047 -0.896504 0.062047 0.059225 0.000000 
5.000000e-01 5.000000e-01 4.999915e-03 5.000000e-01 5.000000e-01 1.007595e+00 -0.659155 0.109159 0.142770 0.155297 0.142770 0.109159 0.659155 0.058303 0.060939 -0.897639 0.060939 0.058303 0.000000 
5.000000e-01 5.000000e-01 4.999915e-03 5.000000e-01 5.000000e-01 1.015492e+00 -0.664338 0.109548 0.144008 0.157227 0.144008 0.109548 0.664338 0.057382 0.059833 -0.898769 0.059833 0.057382 0.000000 
5.000000e-01 5.000000e-01 4.999915e-03 5.000000e-01 5.000000e-01 1.023369e+00 -0.669509 0.109911 0.145247 0.159193 0.145247 0.109911 0.669509 0.056462 0.058731 -0.899895 0.058731 0.056462 0.000000 
5.000000e-01 5.000000e-01 4.999915e-03 5.000000e-01 5.000000e-01 1.031227e+00 -0.674667 0.110247 0.146487 0.161198 0.146487 0.110247 0.674667 0.055543 0.057632 -0.901017 0.057632 0.055543 0.000000 
5.000000e-01 5.000000e-01 4.999915e-03 5.000000e-01 5.000000e-01 1.039065e+00 -0.679812 0.110550 0.147729 0.163252 0.147729 0.110550 0.679812 0.054626 0.056536 -0.902135 0.056536 0.054626 0.000000 
5.000000e-01 5.000000e-01 4.999915e-03 5.000000e-01 5.000000e-01 1.046883e+00 -0.684943 0.110818 0.148973 0.165361 0.148973 0.110818 0.684943 0.053709 0.055443 -0.903249 0.055443 0.053709 0.000000 
5.000000e-01 5.000000e-01 4.999915e-03 5.000000e-01 5.000000e-01 1.054681e+00 -0.690062 0.111055 0.150218 0.167515 0.150218 0.111055 0.690062 0.052795 0.054353 -0.904358 0.054353 0.052795 0.000000 
5.000000e-01 5.000000e-01 4.999915e-03 5.000000e-01 5.000000e-01 1.062459e+00 -0.695167 0.111261 0.151463 0.169718 0.151463 0.111261 0.695167 0.051882 0.053267 -0.905463 0.053267 0.051882 0.000000 
5.000000e-01 5.000000e-01 4.999915e-03 5.000000e-01 5.000000e-01 1.070216e+00 -0.700258 0.111435 0.152709 0.171971 0.152709 0.111435 0.700258 0.050970 0.052183 -0.906565 0.052183 0.050970 0.000000 
5.000000e-01 5.000000e-01 4.999915e-03 5.000000e-01 5.000000e-01 1.077952e+00 -0.705336 0.111563 0.153956 0.174299 0.153956 0.111563 0.705336 0.050060 0.051103 -0.907662 0.051103 0.050060 0.000000 
5.000000e-01 5.000000e-01 4.999915e-03 5.000000e-01 5.000000e-01 1.085667e+00 -0.710400 0.111654 0.155202 0.176687 0.155202 0.111654 0.710400 0.049152 0.050026 -0.908755 0.050026 0.049152 0.000000 
5.000000e-01 5.000000e-01 4.999915e-03 5.000000e-01 5.000000e-01 1.093361e+00 -0.715449 0.111710 0.156447 0.179134 0.156447 0.111710 0.715449 0.048246 0.048952 -0.909844 0.048952 0.048246 0.000000 
5.000000e-01 5.000000e-01 4.999915e-03 5.000000e-01 5.000000e-01 1.101033e+00 -0.720485 0.111729 0.157691 0.181643 0.157691 0.111729 0.720485 0.047341 0.047881 -0.910930 0.047881 0.047341 0.000000 
5.000000e-01 5.000000e-01 4.999915e-03 5.000000e-01 5.000000e-01 1.108684e+00 -0.725506 0.111701 0.158934 0.184235 0.158934 0.111701 0.725506 0.046439 0.046813 -0.912011 0.046813 0.046439 0.000000 
5.000000e-01 5.000000e-01 4.999915e-03 5.000000e-01 5.000000e-01 1.116312e+00 -0.730513 0.111626 0.160174 0.186913 0.160174 0.111626 0.730513 0.045538 0.045749 -0.913088 0.045749 0.045538 0.000000 
5.000000e-01 5.000000e-01 4.999915e-03 5.000000e-01 5.000000e-01 1.123918e+00 -0.735505 0.111510 0.161410 0.189664 0.161410 0.111510 0.735505 0.044640 0.044688 -0.914162 0.044688 0.044640 0.000000 
5.000000e-01 5.000000e-01 4.999915e-03 5.000000e-01 5.000000e-01 1.131502e+00 -0.740482 0.111353 0.162642 0.192491 0.162642 0.111353 0.740482 0.043744 0.043631 -0.915231 0.043631 0.043744 0.000000 
5.000000e-01 5.000000e-01 4.999915e-03 5.000000e-01 5.000000e-01 1.139062e+00 -0.745444 0.111146 0.163869 0.195413 0.163869 0.111146 0.745444 0.042850 0.042576 -0.916297 0.042576 0.042850 0.000000 
5.000000e-01 5.000000e-01 4.999915e-03 5.000000e-01 5.000000e-01 1.146600e+00 -0.750391 0.110881 0.165089 0.198450 0.165089 0.110881 0.750391 0.041958 0.041526 -0.917359 0.041526 0.041958 0.000000 
5.000000e-01 5.000000e-01 4.999915e-03 5.000000e-01 5.000000e-01 1.154114e+00 -0.755322 0.110571 0.166301 0.201578 0.166301 0.110571 0.755322 0.041069 0.040478 -0.918416 0.040478 0.041069 0.000000 
5.000000e-01 5.000000e-01 4.999915e-03 5.000000e-01 5.000000e-01 1.161604e+00 -0.760238 0.110214 0.167504 0.204800 0.167504 0.110214 0.760238 0.040182 0.039434 -0.919470 0.039434 0.040182 0.000000 
5.000000e-01 5.000000e-01 4.999915e-03 5.000000e-01 5.000000e-01 1.169070e+00 -0.765138 0.109802 0.168696 0.208141 0.168696 0.109802 0.765138 0.039297 0.038394 -0.920520 0.038394 0.039297 0.000000 
5.000000e-01 5.000000e-01 4.999915e-03 5.000000e-01 5.000000e-01 1.176512e+00 -0.770022 0.109324 0.169874 0.211626 0.169874 0.109324 0.770022 0.038415 0.037357 -0.921566 0.037357 0.038415 0.000000 
5.000000e-01 5.000000e-01 4.999915e-03 5.000000e-01 5.000000e-01 1.183930e+00 -0.774890 0.108797 0.171036 0.215223 0.171036 0.108797 0.774890 0.037536 0.036323 -0.922608 0.036323 0.037536 0.000000 
5.000000e-01 5.000000e-01 4.999915e-03 5.000000e-01 5.000000e-01 1.191323e+00 -0.779741 0.108218 0.172184 0.218937 0.172184 0.108218 0.779741 0.036659 0.035294 -0.923646 0.035294 0.036659 0.000000 
5.000000e-01 5.000000e-01 4.999915e-03 5.000000e-01 5.000000e-01 1.198690e+00 -0.784576 0.107574 0.173310 0.222809 0.173310 0.107574 0.784576 0.035785 0.034267 -0.924680 0.034267 0.035785 0.000000 
5.000000e-01 5.000000e-01 4.999915e-03 5.000000e-01 5.000000e-01 1.206032e+00 -0.789394 0.106861 0.174409 0.226854 0.174409 0.106861 0.789394 0.034913 0.033245 -0.925710 0.033245 0.034913 0.000000 
5.000000e-01 5.000000e-01 4.999915e-03 5.000000e-01 5.000000e-01 1.213349e+00 -0.794195 0.106093 0.175485 0.231038 0.175485 0.106093 0.794195 0.034044 0.032226 -0.926737 0.032226 0.034044 0.000000 
5.000000e-01 5.000000e-01 4.999915e-03 5.000000e-01 5.000000e-01 1.220639e+00 -0.798979 0.105272 0.176535 0.235364 0.176535 0.105272 0.798979 0.033179 0.031211 -0.927759 0.031211 0.033179 0.000000 
5.000000e-01 5.000000e-01 4.999915e-03 5.000000e-01 5.000000e-01 1.227903e+00 -0.803746 0.104368 0.177545 0.239920 0.177545 0.104368 0.803746 0.032316 0.030200 -0.928777 0.030200 0.032316 0.000000 
5.000000e-01 5.000000e-01 4.999915e-03 5.000000e-01 5.000000e-01 1.235140e+00 -0.808495 0.103399 0.178515 0.244668 0.178515 0.103399 0.808495 0.031455 0.029192 -0.929790 0.029192 0.031455 0.000000 
5.000000e-01 5.000000e-01 4.999915e-03 5.000000e-01 5.000000e-01 1.242350e+00 -0.813226 0.102373 0.179447 0.249587 0.179447 0.102373 0.813226 0.030598 0.028188 -0.930800 0.028188 0.030598 0.000000 
5.000000e-01 5.000000e-01 4.999915e-03 5.000000e-01 5.000000e-01 1.249532e+00 -0.817940 0.101283 0.180336 0.254703 0.180336 0.101283 0.817940 0.029744 0.027189 -0.931806 0.027189 0.029744 0.000000 
5.000000e-01 5.000000e-01 4.999915e-03 5.000000e-01 5.000000e-01 1.256687e+00 -0.822635 0.100100 0.181154 0.260126 0.181154 0.100100 0.822634 0.028893 0.026193 -0.932807 0.026193 0.028893 0.000000 
5.000000e-01 5.000000e-01 4.999915e-03 5.000000e-01 5.000000e-01 1.263814e+00 -0.827311 0.098858 0.181918 0.265757 0.181918 0.098858 0.827311 0.028046 0.025201 -0.933804 0.025201 0.028046 0.000000 
5.000000e-01 5.000000e-01 4.999915e-03 5.000000e-01 5.000000e-01 1.270912e+00 -0.831969 0.097558 0.182627 0.271598 0.182627 0.097558 0.831969 0.027201 0.024213 -0.934797 0.024213 0.027201 0.000000 
5.000000e-01 5.000000e-01 4.999915e-03 5.000000e-01 5.000000e-01 1.277982e+00 -0.836608 0.096168 0.183245 0.277782 0.183245 0.096168 0.836608 0.026360 0.023229 -0.935786 0.023229 0.026360 0.000000 
5.000000e-01 5.000000e-01 4.999915e-03 5.000000e-01 5.000000e-01 1.285022e+00 -0.841228 0.094703 0.183775 0.284272 0.183775 0.094703 0.841228 0.025522 0.022250 -0.936770 0.022250 0.025522 0.000000 
5.000000e-01 5.000000e-01 4.999915e-03 5.000000e-01 5.000000e-01 1.292033e+00 -0.845828 0.093179 0.184227 0.291016 0.184227 0.093179 0.845828 0.024687 0.021274 -0.937751 0.021274 0.024687 0.000000 
5.000000e-01 5.000000e-01 4.999915e-03 5.000000e-01 5.000000e-01 1.299014e+00 -0.850409 0.091580 0.184578 0.298093 0.184578 0.091580 0.850409 0.023856 0.020303 -0.938726 0.020303 0.023856 0.000000 
5.000000e-01 5.000000e-01 4.999915e-03 5.000000e-01 5.000000e-01 1.305964e+00 -0.854970 0.089888 0.184786 0.305623 0.184786 0.089888 0.854970 0.023028 0.019336 -0.939697 0.019336 0.023028 0.000000 
5.000000e-01 5.000000e-01 4.999915e-03 5.000000e-01 5.000000e-01 1.312884e+00 -0.859511 0.088137 0.184889 0.313459 0.184889 0.088137 0.859511 0.022204 0.018373 -0.940664 0.018373 0.022204 0.000000 
5.000000e-01 5.000000e-01 4.999915e-03 5.000000e-01 5.000000e-01 1.319773e+00 -0.864032 0.086325 0.184879 0.321623 0.184879 0.086325 0.864032 0.021383 0.017414 -0.941627 0.017414 0.021383 0.000000 
5.000000e-01 5.000000e-01 4.999915e-03 5.000000e-01 5.000000e-01 1.326631e+00 -0.868532 0.084406 0.184652 0.330417 0.184652 0.084406 0.868532 0.020566 0.016460 -0.942585 0.016460 0.020566 0.000000 
5.000000e-01 5.000000e-01 4.999915e-03 5.000000e-01 5.000000e-01 1.333456e+00 -0.873012 0.082430 0.184286 0.339580 0.184286 0.082430 0.873012 0.019752 0.015511 -0.943538 0.015511 0.019752 0.000000 
5.000000e-01 5.000000e-01 4.999915e-03 5.000000e-01 5.000000e-01 1.340250e+00 -0.877471 0.080400 0.183781 0.349108 0.183781 0.080400 0.877471 0.018943 0.014565 -0.944487 0.014565 0.018943 0.000000 
5.000000e-01 5.000000e-01 4.999915e-03 5.000000e-01 5.000000e-01 1.347011e+00 -0.881909 0.078263 0.182988 0.359407 0.182988 0.078263 0.881909 0.018136 0.013624 -0.945431 0.013624 0.018136 0.000000 
5.000000e-01 5.000000e-01 4.999915e-03 5.000000e-01 5.000000e-01 1.353738e+00 -0.886326 0.076070 0.182002 0.370182 0.182002 0.076070 0.886326 0.017334 0.012688 -0.946370 0.012688 0.017334 0.000000 
5.000000e-01 5.000000e-01 4.999915e-03 5.000000e-01 5.000000e-01 1.360433e+00 -0.890721 0.073825 0.180841 0.381389 0.180841 0.073825 0.890721 0.016535 0.011757 -0.947305 0.011757 0.016535 0.000000 
5.000000e-01 5.000000e-01 4.999915e-03 5.000000e-01 5.000000e-01 1.367093e+00 -0.895096 0.071481 0.179307 0.393520 0.179307 0.071481 0.895096 0.015741 0.010829 -0.948236 0.010829 0.015741 0.000000 
5.000000e-01 5.000000e-01 4.999915e-03 5.000000e-01 5.000000e-01 1.373720e+00 -0.899448 0.069082 0.177520 0.406245 0.177520 0.069082 0.899448 0.014950 0.009907 -0.949161 0.009907 0.014950 0.000000 
5.000000e-01 5.000000e-01 4.999915e-03 5.000000e-01 5.000000e-01 1.380312e+00 -0.903779 0.066638 0.175514 0.419476 0.175514 0.066638 0.903779 0.014163 0.008989 -0.950082 0.008989 0.014163 0.000000 
5.000000e-01 5.000000e-01 4.999915e-03 5.000000e-01 5.000000e-01 1.386869e+00 -0.908089 0.064096 0.173012 0.433871 0.173012 0.064096 0.908089 0.013379 0.008075 -0.950998 0.008075 0.013379 0.000000 
5.000000e-01 5.000000e-01 4.999915e-03 5.000000e-01 5.000000e-01 1.393390e+00 -0.912377 0.061510 0.170209 0.448938 0.170209 0.061510 0.912377 0.012600 0.007167 -0.951910 0.007167 0.012600 0.000000 
5.000000e-01 5.000000e-01 4.999915e-03 5.000000e-01 5.000000e-01 1.399876e+00 -0.916643 0.058883 0.167132 0.464612 0.167132 0.058883 0.916643 0.011824 0.006263 -0.952817 0.006263 0.011824 0.000000 
5.000000e-01 5.000000e-01 4.999915e-03 5.000000e-01 5.000000e-01 1.406327e+00 -0.920888 0.056164 0.163401 0.481760 0.163401 0.056164 0.920888 0.011053 0.005363 -0.953719 0.005363 0.011053 0.000000 
5.000000e-01 5.000000e-01 4.999915e-03 5.000000e-01 5.000000e-01 1.412740e+00 -0.925112 0.053412 0.159348 0.499592 0.159348 0.053412 0.925112 0.010285 0.004468 -0.954617 0.004468 0.010285 0.000000 
5.000000e-01 5.000000e-01 4.999915e-03 5.000000e-01 5.000000e-01 1.419118e+00 -0.929314 0.050616 0.154879 0.518323 0.154879 0.050616 0.929314 0.009521 0.003577 -0.955510 0.003577 0.009521 0.000000 
5.000000e-01 5.000000e-01 4.999915e-03 5.000000e-01 5.000000e-01 1.425458e+00 -0.933497 0.047750 0.149701 0.538594 0.149701 0.047750 0.933497 0.008760 0.002691 -0.956399 0.002691 0.008760 0.000000 
5.000000e-01 5.000000e-01 4.999915e-03 5.000000e-01 5.000000e-01 1.431761e+00 -0.937658 0.044860 0.144172 0.559593 0.144172 0.044860 0.937658 0.008003 0.001809 -0.957283 0.001809 0.008003 0.000000 
5.000000e-01 5.000000e-01 4.999915e-03 5.000000e-01 5.000000e-01 1.438028e+00 -0.941800 0.041919 0.138002 0.581957 0.138002 0.041919 0.941800 0.007250 0.000931 -0.958163 0.000931 0.007250 0.000000 
5.000000e-01 5.000000e-01 4.999915e-03 5.000000e-01 5.000000e-01 1.444256e+00 -0.945924 0.038935 0.131178 0.605696 0.131178 0.038935 0.945924 0.006500 0.000057 -0.959039 0.000057 0.006500 0.000000 
5.000000e-01 5.000000e-01 4.999915e-03 5.000000e-01 5.000000e-01 1.450447e+00 -0.950025 0.035935 0.124000 0.630154 0.124000 0.035935 0.950025 0.005755 -0.000812 -0.959910 -0.000812 0.005755 0.000000 
5.000000e-01 5.000000e-01 4.999915e-03 5.000000e-01 5.000000e-01 1.456600e+00 -0.954112 0.032878 0.115879 0.656597 0.115879 0.032878 0.954112 0.005011 -0.001678 -0.960779 -0.001678 0.005011 0.000000 
5.000000e-01 5.000000e-01 4.999915e-03 5.000000e-01 5.000000e-01 1.462716e+00 -0.958178 0.029807 0.107324 0.683916 0.107324 0.029807 0.958178 0.004272 -0.002540 -0.961642 -0.002540 0.004272 0.000000 
5.000000e-01 5.000000e-01 4.999915e-03 5.000000e-01 5.000000e-01 1.468792e+00 -0.962226 0.026714 0.098220 0.712358 0.098220 0.026714 0.962226 0.003536 -0.003397 -0.962502 -0.003397 0.003536 0.000000 
5.000000e-01 5.000000e-01 4.999915e-03 5.000000e-01 5.000000e-01 1.474831e+00 -0.966258 0.023588 0.088322 0.742438 0.088322 0.023588 0.966258 0.002802 -0.004252 -0.963359 -0.004252 0.002802 0.000000 
5.000000e-01 5.000000e-01 4.999915e-03 5.000000e-01 5.000000e-01 1.480830e+00 -0.970268 0.020461 0.078140 0.773066 0.078140 0.020461 0.970268 0.002073 -0.005102 -0.964211 -0.005102 0.002073 0.000000 
5.000000e-01 5.000000e-01 4.999915e-03 5.000000e-01 5.000000e-01 1.486790e+00 -0.974264 0.017308 0.067179 0.805289 0.067179 0.017308 0.974264 0.001346 -0.005948 -0.965059 -0.005948 0.001346 0.000000 
5.000000e-01 5.000000e-01 4.999915e-03 5.000000e-01 5.000000e-01 1.492710e+00 -0.978238 0.014156 0.055912 0.838100 0.055912 0.014156 0.978238 0.000623 -0.006790 -0.965904 -0.006790 0.000623 0.000000 
5.000000e-01 5.000000e-01 4.999915e-03 5.000000e-01 5.000000e-01 1.498589e+00 -0.982191 0.011002 0.044276 0.871634 0.044276 0.011002 0.982191 -0.000096 -0.007628 -0.966743 -0.007628 -0.000096 0.000000 
5.000000e-01 5.000000e-01 4.999915e-03 5.000000e-01 5.000000e-01 1.504427e+00 -0.986122 0.007848 0.032266 0.905895 0.032266 0.007848 0.986122 -0.000811 -0.008461 -0.967578 -0.008461 -0.000811 0.000000 
5.000000e-01 5.000000e-01 4.999915e-03 5.000000e-01 5.000000e-01 1.510220e+00 -0.990027 0.004710 0.020189 0.940229 0.020189 0.004710 0.990027 -0.001521 -0.009288 -0.968408 -0.009288 -0.001521 0.000000 
5.000000e-01 5.000000e-01 4.999915e-03 5.000000e-01 5.000000e-01 1.515031e+00 -0.993273 0.002091 0.009907 0.969277 0.009907 0.002091 0.993273 -0.002112 -0.009976 -0.969097 -0.009976 -0.002112 0.000000 
5.000000e-01 5.000000e-01 4.999915e-03 5.000000e-01 5.000000e-01 1.515031e+00 -0.993273 0.002091 0.009907 0.969277 0.009907 0.002091 0.993273 -0.002112 -0.009976 -0.969097 -0.009976 -0.002112 0.000000 
5.000000e-01 5.000000e-01 4.999915e-03 5.000000e-01 5.000000e-01 1.515031e+00 -0.993273 0.002091 0.009907 0.969277 0.009907 0.002091 0.993273 -0.002112 -0.009976 -0.969097 -0.009976 -0.002112 0.000000 
5.000000e-01 5.000000e-01 4.999915e-03 5.000000e-01 5.000000e-01 1.515031e+00 -0.993273 0.002091 0.009907 0.969277 0.009907 0.002091 0.993273 -0.002112 -0.009976 -0.969097 -0.009976 -0.002112 0.000000 
5.000000e-01 5.000000e-01 4.999915e-03 5.000000e-01 5.000000e-01 1.515031e+00 -0.993273 0.002091 0.009907 0.969277 0.009907 0.002091 0.993273 -0.002112 -0.009976 -0.969097 -0.009976 -0.002112 0.000000 
5.000000e-01 5.000000e-01 4.999915e-03 5.000000e-01 5.000000e-01 1.515031e+00 -0.993273 0.002091 0.009907 0.969277 0.009907 0.002091 0.993273 -0.002112 -0.009976 -0.969097 -0.009976 -0.002112 0.000000 
5.000000e-01 5.000000e-01 4.999915e-03 5.000000e-01 5.000000e-01 1.515031e+00 -0.993273 0.002091 0.009907 0.969277 0.009907 0.002091 0.993273 -0.002112 -0.009976 -0.969097 -0.009976 -0.002112 0.000000 
5.000000e-01 5.000000e-01 4.999915e-03 5.000000e-01 5.000000e-01 1.515031e+00 -0.993273 0.002091 0.009907 0.969277 0.009907 0.002091 0.993273 -0.002112 -0.009976 -0.969097 -0.009976 -0.002112 0.000000 
5.000000e-01 5.000000e-01 4.999915e-03 5.000000e-01 5.000000e-01 1.515031e+00 -0.993273 0.002091 0.009907 0.969277 0.009907 0.002091 0.993273 -0.002112 -0.009976 -0.969097 -0.009976 -0.002112 0.000000 
5.000000e-01 5.000000e-01 4.999915e-03 5.000000e-01 5.000000e-01 1.515031e+00 -0.993273 0.002091 0.009907 0.969277 0.009907 0.002091 0.993273 -0.002112 -0.009976 -0.969097 -0.009976 -0.002112 0.000000 
5.000000e-01 5.000000e-01 4.999915e-03 5.000000e-01 5.000000e-01 1.515031e+00 -0.993273 0.002091 0.009907 0.969277 0.009907 0.002091 0.993273 -0.002112 -0.009976 -0.969097 -0.009976 -0.002112 0.000000 
5.000000e-01 5.000000e-01 4.999915e-03 5.000000e-01 5.000000e-01 1.515031e+00 -0.993273 0.002091 0.009907 0.969277 0.009907 0.002091 0.993273 -0.002112 -0.009976 -0.969097 -0.009976 -0.002112 0.000000 
5.000000e-01 5.000000e-01 4.999915e-03 5.000000e-01 5.000000e-01 1.515031e+00 -0.993273 0.002091 0.009907 0.969277 0.009907 0.002091 0.993273 -0.002112 -0.009976 -0.969097 -0.009976 -0.002112 0.000000 
5.000000e-01 5.000000e-01 4.999915e-03 5.000000e-01 5.000000e-01 1.515031e+00 -0.993273 0.002091 0.009907 0.969277 0.009907 0.002091 0.993273 -0.002112 -0.009976 -0.969097 -0.009976 -0.002112 0.000000 
5.000000e-01 5.000000e-01 4.999915e-03 5.000000e-01 5.000000e-01 1.515031e+00 -0.993273 0.002091 0.009907 0.969277 0.009907 0.002091 0.993273 -0.002112 -0.009976 -0.969097 -0.009976 -0.002112 0.000000 
5.000000e-01 5.000000e-01 4.999915e-03 5.000000e-01 5.000000e-01 1.515031e+00 -0.993273 0.002091 0.009907 0.969277 0.009907 0.002091 0.993273 -0.002112 -0.009976 -0.969097 -0.009976 -0.002112 0.000000 
5.000000e-01 5.000000e-01 4.999915e-03 5.000000e-01 5.000000e-01 1.515031e+00 -0.993273 0.002091 0.009907 0.969277 0.009907 0.002091 0.993273 -0.002112 -0.009976 -0.969097 -0.009976 -0.002112 0.000000 
5.000000e-01 5.000000e-01 4.999915e-03 5.000000e-01 5.000000e-01 1.515031e+00 -0.993273 0.002091 0.009907 0.969277 0.009907 0.002091 0.993273 -0.002112 -0.009976 -0.969097 -0.009976 -0.002112 0.000000 
5.000000e-01 5.000000e-01 4.999915e-03 5.000000e-01 5.000000e-01 1.515031e+00 -0.993273 0.002091 0.009907 0.969277 0.009907 0.002091 0.993273 -0.002112 -0.009976 -0.969097 -0.009976 -0.002112 0.000000 
5.000000e-01 5.000000e-01 4.999915e-03 5.000000e-01 5.000000e-01 1.515031e+00 -0.993273 0.002091 0.009907 0.969277 0.009907 0.002091 0.993273 -0.002112 -0.009976 -0.969097 -0.009976 -0.002112 0.000000 
5.000000e-01 5.000000e-01 4.999915e-03 5.000000e-01 5.000000e-01 1.515031e+00 -0.993273 0.002091 0.009907 0.969277 0.009907 0.002091 0.993273 -0.002112 -0.009976 -0.969097 -0.009976 -0.002112 0.000000 
5.000000e-01 5.000000e-01 4.999915e-03 5.000000e-01 5.000000e-01 1.515031e+00 -0.993273 0.002091 0.009907 0.969277 0.009907 0.002091 0.993273 -0.002112 -0.009976 -0.969097 -0.009976 -0.002112 0.000000 
5.000000e-01 5.000000e-01 4.999915e-03 5.000000e-01 5.000000e-01 1.515031e+00 -0.993273 0.002091 0.009907 0.969277 0.009907 0.002091 0.993273 -0.002112 -0.009976 -0.969097 -0.009976 -0.002112 0.000000 
5.000000e-01 5.000000e-01 4.999915e-03 5.000000e-01 5.000000e-01 1.515031e+00 -0.993273 0.002091 0.009907 0.969277 0.009907 0.002091 0.993273 -0.002112 -0.009976 -0.969097 -0.009976 -0.002112 0.000000 
5.000000e-01 5.000000e-01 4.999915e-03 5.000000e-01 5.000000e-01 1.515031e+00 -0.993273 0.002091 0.009907 0.969277 0.009907 0.002091 0.993273 -0.002112 -0.009976 -0.969097 -0.009976 -0.002112 0.000000 
5.000000e-01 5.000000e-01 4.999915e-03 5.000000e-01 5.000000e-01 1.515031e+00 -0.993273 0.002091 0.009907 0.969277 0.009907 0.002091 0.993273 -0.002112 -0.009976 -0.969097 -0.009976 -0.002112 0.000000 
5.000000e-01 5.000000e-01 4.999915e-03 5.000000e-01 5.000000e-01 1.515031e+00 -0.993273 0.002091 0.009907 0.969277 0.009907 0.002091 0.993273 -0.002112 -0.009976 -0.969097 -0.009976 -0.002112 0.000000 
5.000000e-01 5.000000e-01 4.999915e-03 5.000000e-01 5.000000e-01 1.515031e+00 -0.993273 0.002091 0.009907 0.969277 0.009907 0.002091 0.993273 -0.002112 -0.009976 -0.969097 -0.009976 -0.002112 0.000000 
5.000000e-01 5.000000e-01 4.999915e-03 5.000000e-01 5.000000e-01 1.515031e+00 -0.993273 0.002091 0.009907 0.969277 0.009907 0.002091 0.993273 -0.002112 -0.009976 -0.969097 -0.009976 -0.002112 0.000000 
5.000000e-01 5.000000e-01 4.999915e-03 5.000000e-01 5.000000e-01 1.515031e+00 -0.993273 0.002091 0.009907 0.969277 0.009907 0.002091 0.993273 -0.002112 -0.009976 -0.969097 -0.009976 -0.002112 0.000000 
5.000000e-01 5.000000e-01 4.999915e-03 5.000000e-01 5.000000e-01 1.515031e+00 -0.993273 0.002091 0.009907 0.969277 0.009907 0.002091 0.993273 -0.002112 -0.009976 -0.969097 -0.009976 -0.002112 0.000000 
5.000000e-01 5.000000e-01 4.999915e-03 5.000000e-01 5.000000e-01 1.515031e+00 -0.993273 0.002091 0.009907 0.969277 0.009907 0.002091 0.993273 -0.002112 -0.009976 -0.969097 -0.009976 -0.002112 0.000000 
5.000000e-01 5.000000e-01 4.999915e-03 5.000000e-01 5.000000e-01 1.515031e+00 -0.993273 0.002091 0.009907 0.969277 0.009907 0.002091 0.993273 -0.002112 -0.009976 -0.969097 -0.009976 -0.002112 0.000000 
5.000000e-01 5.000000e-01 4.999915e-03 5.000000e-01 5.000000e-01 1.515031e+00 -0.993273 0.002091 0.009907 0.969277 0.009907 0.002091 0.993273 -0.002112 -0.009976 -0.969097 -0.009976 -0.002112 0.000000 
5.000000e-01 5.000000e-01 4.999915e-03 5.000000e-01 5.000000e-01 1.515031e+00 -0.993273 0.002091 0.009907 0.969277 0.009907 0.002091 0.993273 -0.002112 -0.009976 -0.969097 -0.009976 -0.002112 0.000000 
5.000000e-01 5.000000e-01 4.999915e-03 5.000000e-01 5.000000e-01 1.515031e+00 -0.993273 0.002091 0.009907 0.969277 0.009907 0.002091 0.993273 -0.002112 -0.009976 -0.969097 -0.009976 -0.002112 0.000000 
5.000000e-01 5.000000e-01 4.999915e-03 5.000000e-01 5.000000e-01 1.515031e+00 -0.993273 0.002091 0.009907 0.969277 0.009907 0.002091 0.993273 -0.002112 -0.009976 -0.969097 -0.009976 -0.002112 0.000000 
5.000000e-01 5.000000e-01 4.999915e-03 5.000000e-01 5.000000e-01 1.515031e+00 -0.993273 0.002091 0.009907 0.969277 0.009907 0.002091 0.993273 -0.002112 -0.009976 -0.969097 -0.009976 -0.002112 0.000000 
5.000000e-01 5.000000e-01 4.999915e-03 5.000000e-01 5.000000e-01 1.515031e+00 -0.993273 0.002091 0.009907 0.969277 0.009907 0.002091 0.993273 -0.002112 -0.009976 -0.969097 -0.009976 -0.002112 0.000000 
5.000000e-01 5.000000e-01 4.999915e-03 5.000000e-01 5.000000e-01 1.515031e+00 -0.993273 0.002091 0.009907 0.969277 0.009907 0.002091 0.993273 -0.002112 -0.009976 -0.969097 -0.009976 -0.002112 0.000000 
5.000000e-01 5.000000e-01 4.999915e-03 5.000000e-01 5.000000e-01 1.515031e+00 -0.993273 0.002091 0.009907 0.969277 0.009907 0.002091 0.993273 -0.002112 -0.009976 -0.969097 -0.009976 -0.002112 0.000000 
5.000000e-01 5.000000e-01 4.999915e-03 5.000000e-01 5.000000e-01 1.515031e+00 -0.993273 0.002091 0.009907 0.969277 0.009907 0.002091 0.993273 -0.002112 -0.009976 -0.969097 -0.009976 -0.002112 0.000000 
5.000000e-01 5.000000e-01 4.999915e-03 5.000000e-01 5.000000e-01 1.515031e+00 -0.993273 0.002091 0.009907 0.969277 0.009907 0.002091 0.993273 -0.002112 -0.009976 -0.969097 -0.009976 -0.002112 0.000000 
5.000000e-01 5.000000e-01 4.999915e-03 5.000000e-01 5.000000e-01 1.515031e+00 -0.993273 0.002091 0.009907 0.969277 0.009907 0.002091 0.993273 -0.002112 -0.009976 -0.969097 -0.009976 -0.002112 0.000000 
5.000000e-01 5.000000e-01 4.999915e-03 5.000000e-01 5.000000e-01 1.515031e+00 -0.993273 0.002091 0.009907 0.969277 0.009907 0.002091 0.993273 -0.002112 -0.009976 -0.969097 -0.009976 -0.002112 0.000000 
5.000000e-01 5.000000e-01 4.999915e-03 5.000000e-01 5.000000e-01 1.515031e+00 -0.993273 0.002091 0.009907 0.969277 0.009907 0.002091 0.993273 -0.002112 -0.009976 -0.969097 -0.009976 -0.002112 0.000000 
5.000000e-01 5.000000e-01 4.999915e-03 5.000000e-01 5.000000e-01 1.515031e+00 -0.993273 0.002091 0.009907 0.969277 0.009907 0.002091 0.993273 -0.002112 -0.009976 -0.969097 -0.009976 -0.002112 0.000000 
5.000000e-01 5.000000e-01 4.999915e-03 5.000000e-01 5.000000e-01 1.515031e+00 -0.993273 0.002091 0.009907 0.969277 0.009907 0.002091 0.993273 -0.002112 -0.009976 -0.969097 -0.009976 -0.002112 0.000000 
5.000000e-01 5.000000e-01 4.999915e-03 5.000000e-01 5.000000e-01 1.515031e+00 -0.993273 0.002091 0.009907 0.969277 0.009907 0.002091 0.993273 -0.002112 -0.009976 -0.969097 -0.009976 -0.002112 0.000000 
5.000000e-01 5.000000e-01 4.999915e-03 5.000000e-01 5.000000e-01 1.515031e+00 -0.993273 0.002091 0.009907 0.969277 0.009907 0.002091 0.993273 -0.002112 -0.009976 -0.969097 -0.009976 -0.002112 0.000000 
5.000000e-01 5.000000e-01 4.999915e-03 5.000000e-01 5.000000e-01 1.515031e+00 -0.993273 0.002091 0.009907 0.969277 0.009907 0.002091 0.993273 -0.002112 -0.009976 -0.969097 -0.009976 -0.002112 0.000000 
5.000000e-01 5.000000e-01 4.999915e-03 5.000000e-01 5.000000e-01 1.515031e+00 -0.993273 0.002091 0.009907 0.969277 0.009907 0.002091 0.993273 -0.002112 -0.009976 -0.969097 -0.009976 -0.002112 0.000000 
5.000000e-01 5.000000e-01 4.999915e-03 5.000000e-01 5.000000e-01 1.515031e+00 -0.993273 0.002091 0.009907 0.969277 0.009907 0.002091 0.993273 -0.002112 -0.009976 -0.969097 -0.009976 -0.002112 0.000000 
5.000000e-01 5.000000e-01 4.999915e-03 5.000000e-01 5.000000e-01 1.515031e+00 -0.993273 0.002091 0.009907 0.969277 0.009907 0.002091 0.993273 -0.002112 -0.009976 -0.969097 -0.009976 -0.002112 0.000000 
5.000000e-01 5.000000e-01 4.999915e-03 5.000000e-01 5.000000e-01 1.515031e+00 -0.993273 0.002091 0.009907 0.969277 0.009907 0.002091 0.993273 -0.002112 -0.009976 -0.969097 -0.009976 -0.002112 0.000000 
5.000000e-01 5.000000e-01 4.999915e-03 5.000000e-01 5.000000e-01 1.515031e+00 -0.993273 0.002091 0.009907 0.969277 0.009907 0.002091 0.993273 -0.002112 -0.009976 -0.969097 -0.009976 -0.002112 0.000000 
5.000000e-01 5.000000e-01 4.999915e-03 5.000000e-01 5.000000e-01 1.515031e+00 -0.993273 0.002091 0.009907 0.969277 0.009907 0.002091 0.993273 -0.002112 -0.009976 -0.969097 -0.009976 -0.002112 0.000000 
5.000000e-01 5.000000e-01 4.999915e-03 5.000000e-01 5.000000e-01 1.515031e+00 -0.993273 0.002091 0.009907 0.969277 0.009907 0.002091 0.993273 -0.002112 -0.009976 -0.969097 -0.009976 -0.002112 0.000000 
5.000000e-01 5.000000e-01 4.999915e-03 5.000000e-01 5.000000e-01 1.515031e+00 -0.993273 0.002091 0.009907 0.969277 0.009907 0.002091 0.993273 -0.002112 -0.009976 -0.969097 -0.009976 -0.002112 0.000000 
5.000000e-01 5.000000e-01 4.999915e-03 5.000000e-01 5.000000e-01 1.515031e+00 -0.993273 0.002091 0.009907 0.969277 0.009907 0.002091 0.993273 -0.002112 -0.009976 -0.969097 -0.009976 -0.002112 0.000000 
5.000000e-01 5.000000e-01 4.999915e-03 5.000000e-01 5.000000e-01 1.515031e+00 -0.993273 0.002091 0.009907 0.969277 0.009907 0.002091 0.993273 -0.002112 -0.009976 -0.969097 -0.009976 -0.002112 0.000000 
5.000000e-01 5.000000e-01 4.999915e-03 5.000000e-01 5.000000e-01 1.515031e+00 -0.993273 0.002091 0.009907 0.969277 0.009907 0.002091 0.993273 -0.002112 -0.009976 -0.969097 -0.009976 -0.002112 0.000000 
5.000000e-01 5.000000e-01 4.999915e-03 5.000000e-01 5.000000e-01 1.515031e+00 -0.993273 0.002091 0.009907 0.969277 0.009907 0.002091 0.993273 -0.002112 -0.009976 -0.969097 -0.009976 -0.002112 0.000000 
5.000000e-01 5.000000e-01 4.999915e-03 5.000000e-01 5.000000e-01 1.515031e+00 -0.993273 0.002091 0.009907 0.969277 0.009907 0.002091 0.993273 -0.002112 -0.009976 -0.969097 -0.009976 -0.002112 0.000000 
5.000000e-01 5.000000e-01 4.999915e-03 5.000000e-01 5.000000e-01 1.515031e+00 -0.993273 0.002091 0.009907 0.969277 0.009907 0.002091 0.993273 -0.002112 -0.009976 -0.969097 -0.009976 -0.002112 0.000000 
5.000000e-01 5.000000e-01 4.999915e-03 5.000000e-01 5.000000e-01 1.515031e+00 -0.993273 0.002091 0.009907 0.969277 0.009907 0.002091 0.993273 -0.002112 -0.009976 -0.969097 -0.009976 -0.002112 0.000000 
5.000000e-01 5.000000e-01 4.999915e-03 5.000000e-01 5.000000e-01 1.515031e+00 -0.993273 0.002091 0.009907 0.969277 0.009907 0.002091 0.993273 -0.002112 -0.009976 -0.969097 -0.009976 -0.002112 0.000000 
5.000000e-01 5.000000e-01 4.999915e-03 5.000000e-01 5.000000e-01 1.515031e+00 -0.993273 0.002091 0.009907 0.969277 0.009907 0.002091 0.993273 -0.002112 -0.009976 -0.969097 -0.009976 -0.002112 0.000000 
5.000000e-01 5.000000e-01 4.999915e-03 5.000000e-01 5.000000e-01 1.515031e+00 -0.993273 0.002091 0.009907 0.969277 0.009907 0.002091 0.993273 -0.002112 -0.009976 -0.969097 -0.009976 -0.002112 0.000000 
5.000000e-01 5.000000e-01 4.999915e-03 5.000000e-01 5.000000e-01 1.515031e+00 -0.993273 0.002091 0.009907 0.969277 0.009907 0.002091 0.993273 -0.002112 -0.009976 -0.969097 -0.009976 -0.002112 0.000000 
5.000000e-01 5.000000e-01 4.999915e-03 5.000000e-01 5.000000e-01 1.515031e+00 -0.993273 0.002091 0.009907 0.969277 0.009907 0.002091 0.993273 -0.002112 -0.009976 -0.969097 -0.009976 -0.002112 0.000000 
5.000000e-01 5.000000e-01 4.999915e-03 5.000000e-01 5.000000e-01 1.515031e+00 -0.993273 0.002091 0.009907 0.969277 0.009907 0.002091 0.993273 -0.002112 -0.009976 -0.969097 -0.009976 -0.002112 0.000000 
5.000000e-01 5.000000e-01 4.999915e-03 5.000000e-01 5.000000e-01 1.515031e+00 -0.993273 0.002091 0.009907 0.969277 0.009907 0.002091 0.993273 -0.002112 -0.009976 -0.969097 -0.009976 -0.002112 0.000000 
5.000000e-01 5.000000e-01 4.999915e-03 5.000000e-01 5.000000e-01 1.515031e+00 -0.993273 0.002091 0.009907 0.969277 0.009907 0.002091 0.993273 -0.002112 -0.009976 -0.969097 -0.009976 -0.002112 0.000000 
5.000000e-01 5.000000e-01 4.999915e-03 5.000000e-01 5.000000e-01 1.515031e+00 -0.993273 0.002091 0.009907 0.969277 0.009907 0.002091 0.993273 -0.002112 -0.009976 -0.969097 -0.009976 -0.002112 0.000000 
5.000000e-01 5.000000e-01 4.999915e-03 5.000000e-01 5.000000e-01 1.515031e+00 -0.993273 0.002091 0.009907 0.969277 0.009907 0.002091 0.993273 -0.002112 -0.009976 -0.969097 -0.009976 -0.002112 0.000000 
5.000000e-01 5.000000e-01 4.999915e-03 5.000000e-01 5.000000e-01 1.515031e+00 -0.993273 0.002091 0.009907 0.969277 0.009907 0.002091 0.993273 -0.002112 -0.009976 -0.969097 -0.009976 -0.002112 0.000000 
5.000000e-01 5.000000e-01 4.999915e-03 5.000000e-01 5.000000e-01 1.515031e+00 -0.993273 0.002091 0.009907 0.969277 0.009907 0.002091 0.993273 -0.002112 -0.009976 -0.969097 -0.009976 -0.002112 0.000000 
5.000000e-01 5.000000e-01 4.999915e-03 5.000000e-01 5.000000e-01 1.515031e+00 -0.993273 0.002091 0.009907 0.969277 0.009907 0.002091 0.993273 -0.002112 -0.009976 -0.969097 -0.009976 -0.002112 0.000000 
5.000000e-01 5.000000e-01 4.999915e-03 5.000000e-01 5.000000e-01 1.515031e+00 -0.993273 0.002091 0.009907 0.969277 0.009907 0.002091 0.993273 -0.002112 -0.009976 -0.969097 -0.009976 -0.002112 0.000000 
5.000000e-01 5.000000e-01 4.999915e-03 5.000000e-01 5.000000e-01 1.515031e+00 -0.993273 0.002091 0.009907 0.969277 0.009907 0.002091 0.993273 -0.002112 -0.009976 -0.969097 -0.009976 -0.002112 0.000000 
5.000000e-01 5.000000e-01 4.999915e-03 5.000000e-01 5.000000e-01 1.515031e+00 -0.993273 0.002091 0.009907 0.969277 0.009907 0.002091 0.993273 -0.002112 -0.009976 -0.969097 -0.009976 -0.002112 0.000000 
5.000000e-01 5.000000e-01 4.999915e-03 5.000000e-01 5.000000e-01 1.515031e+00 -0.993273 0.002091 0.009907 0.969277 0.009907 0.002091 0.993273 -0.002112 -0.009976 -0.969097 -0.009976 -0.002112 0.000000 
5.000000e-01 5.000000e-01 4.999915e-03 5.000000e-01 5.000000e-01 1.515031e+00 -0.993273 0.002091 0.009907 0.969277 0.009907 0.002091 0.993273 -0.002112 -0.009976 -0.969097 -0.009976 -0.002112 0.000000 
5.000000e-01 5.000000e-01 4.999915e-03 5.000000e-01 5.000000e-01 1.515031e+00 -0.993273 0.002091 0.009907 0.969277 0.009907 0.002091 0.993273 -0.002112 -0.009976 -0.969097 -0.009976 -0.002112 0.000000 
5.000000e-01 5.000000e-01 4.999915e-03 5.000000e-01 5.000000e-01 1.515031e+00 -0.993273 0.002091 0.009907 0.969277 0.009907 0.002091 0.993273 -0.002112 -0.009976 -0.969097 -0.009976 -0.002112 0.000000 
5.000000e-01 5.000000e-01 4.999915e-03 5.000000e-01 5.000000e-01 1.515031e+00 -0.993273 0.002091 0.009907 0.969277 0.009907 0.002091 0.993273 -0.002112 -0.009976 -0.969097 -0.009976 -0.002112 0.000000 
5.000000e-01 5.000000e-01 4.999915e-03 5.000000e-01 5.000000e-01 1.515031e+00 -0.993273 0.002091 0.009907 0.969277 0.009907 0.002091 0.993273 -0.002112 -0.009976 -0.969097 -0.009976 -0.002112 0.000000 
5.000000e-01 5.000000e-01 4.999915e-03 5.000000e-01 5.000000e-01 1.515031e+00 -0.993273 0.002091 0.009907 0.969277 0.009907 0.002091 0.993273 -0.002112 -0.009976 -0.969097 -0.009976 -0.002112 0.000000 
5.000000e-01 5.000000e-01 4.999915e-03 5.000000e-01 5.000000e-01 1.515031e+00 -0.993273 0.002091 0.009907 0.969277 0.009907 0.002091 0.993273 -0.002112 -0.009976 -0.969097 -0.009976 -0.002112 0.000000 
5.000000e-01 5.000000e-01 4.999915e-03 5.000000e-01 5.000000e-01 1.515031e+00 -0.993273 0.002091 0.009907 0.969277 0.009907 0.002091 0.993273 -0.002112 -0.009976 -0.969097 -0.009976 -0.002112 0.000000 
5.000000e-01 5.000000e-01 4.999915e-03 5.000000e-01 5.000000e-01 1.515031e+00 -0.993273 0.002091 0.009907 0.969277 0.009907 0.002091 0.993273 -0.002112 -0.009976 -0.969097 -0.009976 -0.002112 0.000000 
5.000000e-01 5.000000e-01 4.999915e-03 5.000000e-01 5.000000e-01 1.515031e+00 -0.993273 0.002091 0.009907 0.969277 0.009907 0.002091 0.993273 -0.002112 -0.009976 -0.969097 -0.009976 -0.002112 0.000000 
5.000000e-01 5.000000e-01 4.999915e-03 5.000000e-01 5.000000e-01 1.515031e+00 -0.993273 0.002091 0.009907 0.969277 0.009907 0.002091 0.993273 -0.002112 -0.009976 -0.969097 -0.009976 -0.002112 0.000000 
5.000000e-01 5.000000e-01 4.999915e-03 5.000000e-01 5.000000e-01 1.515031e+00 -0.993273 0.002091 0.009907 0.969277 0.009907 0.002091 0.993273 -0.002112 -0.009976 -0.969097 -0.009976 -0.002112 0.000000 
5.000000e-01 5.000000e-01 4.999915e-03 5.000000e-01 5.000000e-01 1.515031e+00 -0.993273 0.002091 0.009907 0.969277 0.009907 0.002091 0.993273 -0.002112 -0.009976 -0.969097 -0.009976 -0.002112 0.000000 
5.000000e-01 5.000000e-01 4.999915e-03 5.000000e-01 5.000000e-01 1.515031e+00 -0.993273 0.002091 0.009907 0.969277 0.009907 0.002091 0.993273 -0.002112 -0.009976 -0.969097 -0.009976 -0.002112 0.000000 
5.000000e-01 5.000000e-01 4.999915e-03 5.000000e-01 5.000000e-01 1.515031e+00 -0.993273 0.002091 0.009907 0.969277 0.009907 0.002091 0.993273 -0.002112 -0.009976 -0.969097 -0.009976 -0.002112 0.000000 
5.000000e-01 5.000000e-01 4.999915e-03 5.000000e-01 5.000000e-01 1.515031e+00 -0.993273 0.002091 0.009907 0.969277 0.009907 0.002091 0.993273 -0.002112 -0.009976 -0.969097 -0.009976 -0.002112 0.000000 
5.000000e-01 5.000000e-01 4.999915e-03 5.000000e-01 5.000000e-01 1.515031e+00 -0.993273 0.002091 0.009907 0.969277 0.009907 0.002091 0.993273 -0.002112 -0.009976 -0.969097 -0.009976 -0.002112 0.000000 
5.000000e-01 5.000000e-01 4.999915e-03 5.000000e-01 5.000000e-01 1.515031e+00 -0.993273 0.002091 0.009907 0.969277 0.009907 0.002091 0.993273 -0.002112 -0.009976 -0.969097 -0.009976 -0.002112 0.000000 
5.000000e-01 5.000000e-01 4.999915e-03 5.000000e-01 5.000000e-01 1.515031e+00 -0.993273 0.002091 0.009907 0.969277 0.009907 0.002091 0.993273 -0.002112 -0.009976 -0.969097 -0.009976 -0.002112 0.000000 
5.000000e-01 5.000000e-01 4.999915e-03 5.000000e-01 5.000000e-01 1.515031e+00 -0.993273 0.002091 0.009907 0.969277 0.009907 0.002091 0.993273 -0.002112 -0.009976 -0.969097 -0.009976 -0.002112 0.000000 
5.000000e-01 5.000000e-01 4.999915e-03 5.000000e-01 5.000000e-01 1.515031e+00 -0.993273 0.002091 0.009907 0.969277 0.009907 0.002091 0.993273 -0.002112 -0.009976 -0.969097 -0.009976 -0.002112 0.000000 
5.000000e-01 5.000000e-01 4.999915e-03 5.000000e-01 5.000000e-01 1.515031e+00 -0.993273 0.002091 0.009907 0.969277 0.009907 0.002091 0.993273 -0.002112 -0.009976 -0.969097 -0.009976 -0.002112 0.000000 
5.000000e-01 5.000000e-01 4.999915e-03 5.000000e-01 5.000000e-01 1.515031e+00 -0.993273 0.002091 0.009907 0.969277 0.009907 0.002091 0.993273 -0.002112 -0.009976 -0.969097 -0.009976 -0.002112 0.000000 
5.000000e-01 5.000000e-01 4.999915e-03 5.000000e-01 5.000000e-01 1.515031e+00 -0.993273 0.002091 0.009907 0.969277 0.009907 0.002091 0.993273 -0.002112 -0.009976 -0.969097 -0.009976 -0.002112 0.000000 
5.000000e-01 5.000000e-01 4.999915e-03 5.000000e-01 5.000000e-01 1.515031e+00 -0.993273 0.002091 0.009907 0.969277 0.009907 0.002091 0.993273 -0.002112 -0.009976 -0.969097 -0.009976 -0.002112 0.000000 
5.000000e-01 5.000000e-01 4.999915e-03 5.000000e-01 5.000000e-01 1.515031e+00 -0.993273 0.002091 0.009907 0.969277 0.009907 0.002091 0.993273 -0.002112 -0.009976 -0.969097 -0.009976 -0.002112 0.000000 
5.000000e-01 5.000000e-01 4.999915e-03 5.000000e-01 5.000000e-01 1.515031e+00 -0.993273 0.002091 0.009907 0.969277 0.009907 0.002091 0.993273 -0.002112 -0.009976 -0.969097 -0.009976 -0.002112 0.000000 
5.000000e-01 5.000000e-01 4.999915e-03 5.000000e-01 5.000000e-01 1.515031e+00 -0.993273 0.002091 0.009907 0.969277 0.009907 0.002091 0.993273 -0.002112 -0.009976 -0.969097 -0.009976 -0.002112 0.000000 
5.000000e-01 5.000000e-01 4.999915e-03 5.000000e-01 5.000000e-01 1.515031e+00 -0.993273 0.002091 0.009907 0.969277 0.009907 0.002091 0.993273 -0.002112 -0.009976 -0.969097 -0.009976 -0.002112 0.000000 
5.000000e-01 5.000000e-01 4.999915e-03 5.000000e-01 5.000000e-01 1.515031e+00 -0.993273 0.002091 0.009907 0.969277 0.009907 0.002091 0.993273 -0.002112 -0.009976 -0.969097 -0.009976 -0.002112 0.000000 
5.000000e-01 5.000000e-01 4.999915e-03 5.000000e-01 5.000000e-01 1.515031e+00 -0.993273 0.002091 0.009907 0.969277 0.009907 0.002091 0.993273 -0.002112 -0.009976 -0.969097 -0.009976 -0.002112 0.000000 
5.000000e-01 5.000000e-01 4.999915e-03 5.000000e-01 5.000000e-01 1.515031e+00 -0.993273 0.002091 0.009907 0.969277 0.009907 0.002091 0.993273 -0.002112 -0.009976 -0.969097 -0.009976 -0.002112 0.000000 
5.000000e-01 5.000000e-01 4.999915e-03 5.000000e-01 5.000000e-01 1.515031e+00 -0.993273 0.002091 0.009907 0.969277 0.009907 0.002091 0.993273 -0.002112 -0.009976 -0.969097 -0.009976 -0.002112 0.000000 
5.000000e-01 5.000000e-01 4.999915e-03 5.000000e-01 5.000000e-01 1.515031e+00 -0.993273 0.002091 0.009907 0.969277 0.009907 0.002091 0.993273 -0.002112 -0.009976 -0.969097 -0.009976 -0.002112 0.000000 
5.000000e-01 5.000000e-01 4.999915e-03 5.000000e-01 5.000000e-01 1.515031e+00 -0.993273 0.002091 0.009907 0.969277 0.009907 0.002091 0.993273 -0.002112 -0.009976 -0.969097 -0.009976 -0.002112 0.000000 
5.000000e-01 5.000000e-01 4.999915e-03 5.000000e-01 5.000000e-01 1.515031e+00 -0.993273 0.002091 0.009907 0.969277 0.009907 0.002091 0.993273 -0.002112 -0.009976 -0.969097 -0.009976 -0.002112 0.000000 
5.000000e-01 5.000000e-01 4.999915e-03 5.000000e-01 5.000000e-01 1.515031e+00 -0.993273 0.002091 0.009907 0.969277 0.009907 0.002091 0.993273 -0.002112 -0.009976 -0.969097 -0.009976 -0.002112 0.000000 
5.000000e-01 5.000000e-01 4.999915e-03 5.000000e-01 5.000000e-01 1.515031e+00 -0.993273 0.002091 0.009907 0.969277 0.009907 0.002091 0.993273 -0.002112 -0.009976 -0.969097 -0.009976 -0.002112 0.000000 
5.000000e-01 5.000000e-01 4.999915e-03 5.000000e-01 5.000000e-01 1.515031e+00 -0.993273 0.002091 0.009907 0.969277 0.009907 0.002091 0.993273 -0.002112 -0.009976 -0.969097 -0.009976 -0.002112 0.000000 
5.000000e-01 5.000000e-01 4.999915e-03 5.000000e-01 5.000000e-01 1.515031e+00 -0.993273 0.002091 0.009907 0.969277 0.009907 0.002091 0.993273 -0.002112 -0.009976 -0.969097 -0.009976 -0.002112 0.000000 
5.000000e-01 5.000000e-01 4.999915e-03 5.000000e-01 5.000000e-01 1.515031e+00 -0.993273 0.002091 0.009907 0.969277 0.009907 0.002091 0.993273 -0.002112 -0.009976 -0.969097 -0.009976 -0.002112 0.000000 
5.000000e-01 5.000000e-01 4.999915e-03 5.000000e-01 5.000000e-01 1.515031e+00 -0.993273 0.002091 0.009907 0.969277 0.009907 0.002091 0.993273 -0.002112 -0.009976 -0.969097 -0.009976 -0.002112 0.000000 
5.000000e-01 5.000000e-01 4.999915e-03 5.000000e-01 5.000000e-01 1.515031e+00 -0.993273 0.002091 0.009907 0.969277 0.009907 0.002091 0.993273 -0.002112 -0.009976 -0.969097 -0.009976 -0.002112 0.000000 
5.000000e-01 5.000000e-01 4.999915e-03 5.000000e-01 5.000000e-01 1.515031e+00 -0.993273 0.002091 0.009907 0.969277 0.009907 0.002091 0.993273 -0.002112 -0.009976 -0.969097 -0.009976 -0.002112 0.000000 
5.000000e-01 5.000000e-01 4.999915e-03 5.000000e-01 5.000000e-01 1.515031e+00 -0.993273 0.002091 0.009907 0.969277 0.009907 0.002091 0.993273 -0.002112 -0.009976 -0.969097 -0.009976 -0.002112 0.000000 
5.000000e-01 5.000000e-01 4.999915e-03 5.000000e-01 5.000000e-01 1.515031e+00 -0.993273 0.002091 0.009907 0.969277 0.009907 0.002091 0.993273 -0.002112 -0.009976 -0.969097 -0.009976 -0.002112 0.000000 
5.000000e-01 5.000000e-01 4.999915e-03 5.000000e-01 5.000000e-01 1.515031e+00 -0.993273 0.002091 0.009907 0.969277 0.009907 0.002091 0.993273 -0.002112 -0.009976 -0.969097 -0.009976 -0.002112 0.000000 
5.000000e-01 5.000000e-01 4.999915e-03 5.000000e-01 5.000000e-01 1.515031e+00 -0.993273 0.002091 0.009907 0.969277 0.009907 0.002091 0.993273 -0.002112 -0.009976 -0.969097 -0.009976 -0.002112 0.000000 
5.000000e-01 5.000000e-01 4.999915e-03 5.000000e-01 5.000000e-01 1.515031e+00 -0.993273 0.002091 0.009907 0.969277 0.009907 0.002091 0.993273 -0.002112 -0.009976 -0.969097 -0.009976 -0.002112 0.000000 
5.000000e-01 5.000000e-01 4.999915e-03 5.000000e-01 5.000000e-01 1.515031e+00 -0.993273 0.002091 0.009907 0.969277 0.009907 0.002091 0.993273 -0.002112 -0.009976 -0.969097 -0.009976 -0.002112 0.000000 
5.000000e-01 5.000000e-01 4.999915e-03 5.000000e-01 5.000000e-01 1.515031e+00 -0.993273 0.002091 0.009907 0.969277 0.009907 0.002091 0.993273 -0.002112 -0.009976 -0.969097 -0.009976 -0.002112 0.000000 
5.000000e-01 5.000000e-01 4.999915e-03 5.000000e-01 5.000000e-01 1.515031e+00 -0.993273 0.002091 0.009907 0.969277 0.009907 0.002091 0.993273 -0.002112 -0.009976 -0.969097 -0.009976 -0.002112 0.000000 
5.000000e-01 5.000000e-01 4.999915e-03 5.000000e-01 5.000000e-01 1.515031e+00 -0.993273 0.002091 0.009907 0.969277 0.009907 0.002091 0.993273 -0.002112 -0.009976 -0.969097 -0.009976 -0.002112 0.000000 
5.000000e-01 5.000000e-01 4.999915e-03 5.000000e-01 5.000000e-01 1.515031e+00 -0.993273 0.002091 0.009907 0.969277 0.009907 0.002091 0.993273 -0.002112 -0.009976 -0.969097 -0.009976 -0.002112 0.000000 
5.000000e-01 5.000000e-01 4.999915e-03 5.000000e-01 5.000000e-01 1.515031e+00 -0.993273 0.002091 0.009907 0.969277 0.009907 0.002091 0.993273 -0.002112 -0.009976 -0.969097 -0.009976 -0.002112 0.000000 
5.000000e-01 5.000000e-01 4.999915e-03 5.000000e-01 5.000000e-01 1.515031e+00 -0.993273 0.002091 0.009907 0.969277 0.009907 0.002091 0.993273 -0.002112 -0.009976 -0.969097 -0.009976 -0.002112 0.000000 
5.000000e-01 5.000000e-01 4.999915e-03 5.000000e-01 5.000000e-01 1.515031e+00 -0.993273 0.002091 0.009907 0.969277 0.009907 0.002091 0.993273 -0.002112 -0.009976 -0.969097 -0.009976 -0.002112 0.000000 
5.000000e-01 5.000000e-01 4.999915e-03 5.000000e-01 5.000000e-01 1.515031e+00 -0.993273 0.002091 0.009907 0.969277 0.009907 0.002091 0.993273 -0.002112 -0.009976 -0.969097 -0.009976 -0.002112 0.000000 
5.000000e-01 5.000000e-01 4.999915e-03 5.000000e-01 5.000000e-01 1.515031e+00 -0.993273 0.002091 0.009907 0.969277 0.009907 0.002091 0.993273 -0.002112 -0.009976 -0.969097 -0.009976 -0.002112 0.000000 
5.000000e-01 5.000000e-01 4.999915e-03 5.000000e-01 5.000000e-01 1.515031e+00 -0.993273 0.002091 0.009907 0.969277 0.009907 0.002091 0.993273 -0.002112 -0.009976 -0.969097 -0.009976 -0.002112 0.000000 
5.000000e-01 5.000000e-01 4.999915e-03 5.000000e-01 5.000000e-01 1.515031e+00 -0.993273 0.002091 0.009907 0.969277 0.009907 0.002091 0.993273 -0.002112 -0.009976 -0.969097 -0.009976 -0.002112 0.000000 
5.000000e-01 5.000000e-01 4.999915e-03 5.000000e-01 5.000000e-01 1.515031e+00 -0.993273 0.002091 0.009907 0.969277 0.009907 0.002091 0.993273 -0.002112 -0.009976 -0.969097 -0.009976 -0.002112 0.000000 
5.000000e-01 5.000000e-01 4.999915e-03 5.000000e-01 5.000000e-01 1.515031e+00 -0.993273 0.002091 0.009907 0.969277 0.009907 0.002091 0.993273 -0.002112 -0.009976 -0.969097 -0.009976 -0.002112 0.000000 
5.000000e-01 5.000000e-01 4.999915e-03 5.000000e-01 5.000000e-01 1.515031e+00 -0.993273 0.002091 0.009907 0.969277 0.009907 0.002091 0.993273 -0.002112 -0.009976 -0.969097 -0.009976 -0.002112 0.000000 
5.000000e-01 5.000000e-01 4.999915e-03 5.000000e-01 5.000000e-01 1.515031e+00 -0.993273 0.002091 0.009907 0.969277 0.009907 0.002091 0.993273 -0.002112 -0.009976 -0.969097 -0.009976 -0.002112 0.000000 
5.000000e-01 5.000000e-01 4.999915e-03 5.000000e-01 5.000000e-01 1.515031e+00 -0.993273 0.002091 0.009907 0.969277 0.009907 0.002091 0.993273 -0.002112 -0.009976 -0.969097 -0.009976 -0.002112 0.000000 
5.000000e-01 5.000000e-01 4.999915e-03 5.000000e-01 5.000000e-01 1.515031e+00 -0.993273 0.002091 0.009907 0.969277 0.009907 0.002091 0.993273 -0.002112 -0.009976 -0.969097 -0.009976 -0.002112 0.000000 
5.000000e-01 5.000000e-01 4.999915e-03 5.000000e-01 5.000000e-01 1.515031e+00 -0.993273 0.002091 0.009907 0.969277 0.009907 0.002091 0.993273 -0.002112 -0.009976 -0.969097 -0.009976 -0.002112 0.000000 
5.000000e-01 5.000000e-01 4.999915e-03 5.000000e-01 5.000000e-01 1.515031e+00 -0.993273 0.002091 0.009907 0.969277 0.009907 0.002091 0.993273 -0.002112 -0.009976 -0.969097 -0.009976 -0.002112 0.000000 
5.000000e-01 5.000000e-01 4.999915e-03 5.000000e-01 5.000000e-01 1.515031e+00 -0.993273 0.002091 0.009907 0.969277 0.009907 0.002091 0.993273 -0.002112 -0.009976 -0.969097 -0.009976 -0.002112 0.000000 
5.000000e-01 5.000000e-01 4.999915e-03 5.000000e-01 5.000000e-01 1.515031e+00 -0.993273 0.002091 0.009907 0.969277 0.009907 0.002091 0.993273 -0.002112 -0.009976 -0.969097 -0.009976 -0.002112 0.000000 
5.000000e-01 5.000000e-01 4.999915e-03 5.000000e-01 5.000000e-01 1.515031e+00 -0.993273 0.002091 0.009907 0.969277 0.009907 0.002091 0.993273 -0.002112 -0.009976 -0.969097 -0.009976 -0.002112 0.000000 
5.000000e-01 5.000000e-01 4.999915e-03 5.000000e-01 5.000000e-01 1.515031e+00 -0.993273 0.002091 0.009907 0.969277 0.009907 0.002091 0.993273 -0.002112 -0.009976 -0.969097 -0.009976 -0.002112 0.000000 
5.000000e-01 5.000000e-01 4.999915e-03 5.000000e-01 5.000000e-01 1.515031e+00 -0.993273 0.002091 0.009907 0.969277 0.009907 0.002091 0.993273 -0.002112 -0.009976 -0.969097 -0.009976 -0.002112 0.000000 
5.000000e-01 5.000000e-01 4.999915e-03 5.000000e-01 5.000000e-01 1.515031e+00 -0.993273 0.002091 0.009907 0.969277 0.009907 0.002091 0.993273 -0.002112 -0.009976 -0.969097 -0.009976 -0.002112 0.000000 
5.000000e-01 5.000000e-01 4.999915e-03 5.000000e-01 5.000000e-01 1.515031e+00 -0.993273 0.002091 0.009907 0.969277 0.009907 0.002091 0.993273 -0.002112 -0.009976 -0.969097 -0.009976 -0.002112 0.000000 
5.000000e-01 5.000000e-01 4.999915e-03 5.000000e-01 5.000000e-01 1.515031e+00 -0.993273 0.002091 0.009907 0.969277 0.009907 0.002091 0.993273 -0.002112 -0.009976 -0.969097 -0.009976 -0.002112 0.000000 
5.000000e-01 5.000000e-01 4.999915e-03 5.000000e-01 5.000000e-01 1.515031e+00 -0.993273 0.002091 0.009907 0.969277 0.009907 0.002091 0.993273 -0.002112 -0.009976 -0.969097 -0.009976 -0.002112 0.000000 
5.000000e-01 5.000000e-01 4.999915e-03 5.000000e-01 5.000000e-01 1.515031e+00 -0.993273 0.002091 0.009907 0.969277 0.009907 0.002091 0.993273 -0.002112 -0.009976 -0.969097 -0.009976 -0.002112 0.000000 
5.000000e-01 5.000000e-01 4.999915e-03 5.000000e-01 5.000000e-01 1.515031e+00 -0.993273 0.002091 0.009907 0.969277 0.009907 0.002091 0.993273 -0.002112 -0.009976 -0.969097 -0.009976 -0.002112 0.000000 
5.000000e-01 5.000000e-01 4.999915e-03 5.000000e-01 5.000000e-01 1.515031e+00 -0.993273 0.002091 0.009907 0.969277 0.009907 0.002091 0.993273 -0.002112 -0.009976 -0.969097 -0.009976 -0.002112 0.000000 
5.000000e-01 5.000000e-01 4.999915e-03 5.000000e-01 5.000000e-01 1.515031e+00 -0.993273 0.002091 0.009907 0.969277 0.009907 0.002091 0.993273 -0.002112 -0.009976 -0.969097 -0.009976 -0.002112 0.000000 
5.000000e-01 5.000000e-01 4.999915e-03 5.000000e-01 5.000000e-01 1.515031e+00 -0.993273 0.002091 0.009907 0.969277 0.009907 0.002091 0.993273 -0.002112 -0.009976 -0.969097 -0.009976 -0.002112 0.000000 
5.000000e-01 5.000000e-01 4.999915e-03 5.000000e-01 5.000000e-01 1.515031e+00 -0.993273 0.002091 0.009907 0.969277 0.009907 0.002091 0.993273 -0.002112 -0.009976 -0.969097 -0.009976 -0.002112 0.000000 
5.000000e-01 5.000000e-01 4.999915e-03 5.000000e-01 5.000000e-01 1.515031e+00 -0.993273 0.002091 0.009907 0.969277 0.009907 0.002091 0.993273 -0.002112 -0.009976 -0.969097 -0.009976 -0.002112 0.000000 
5.000000e-01 5.000000e-01 4.999915e-03 5.000000e-01 5.000000e-01 1.515031e+00 -0.993273 0.002091 0.009907 0.969277 0.009907 0.002091 0.993273 -0.002112 -0.009976 -0.969097 -0.009976 -0.002112 0.000000 
5.000000e-01 5.000000e-01 4.999915e-03 5.000000e-01 5.000000e-01 1.515031e+00 -0.993273 0.002091 0.009907 0.969277 0.009907 0.002091 0.993273 -0.002112 -0.009976 -0.969097 -0.009976 -0.002112 0.000000 
5.000000e-01 5.000000e-01 4.999915e-03 5.000000e-01 5.000000e-01 1.515031e+00 -0.993273 0.002091 0.009907 0.969277 0.009907 0.002091 0.993273 -0.002112 -0.009976 -0.969097 -0.009976 -0.002112 0.000000 
5.000000e-01 5.000000e-01 4.999915e-03 5.000000e-01 5.000000e-01 1.515031e+00 -0.993273 0.002091 0.009907 0.969277 0.009907 0.002091 0.993273 -0.002112 -0.009976 -0.969097 -0.009976 -0.002112 0.000000 
