# TeX TeY TeZ ThX ThY THZ P1 P2
5.000000e-01 5.000000e-01 7.800000e-01 5.000000e-01 5.000000e-01 7.800000e-01 0.000000 0.000000 0.000000 0.000000 0.000000 0.000000 0.000000 0.000000 0.000000 0.000000 0.000000 0.000000 0.000000 
5.000000e-01 5.000000e-01 7.686141e-01 5.000000e-01 5.000000e-01 7.883601e-01 -0.012962 0.002038 0.002845 0.003197 0.002845 0.002038 0.012962 -0.002105 -0.002825 -0.003102 -0.002825 -0.002105 0.000000 
5.000000e-01 5.000000e-01 7.571835e-01 5.000000e-01 5.000000e-01 7.967058e-01 -0.025944 0.004084 0.005692 0.006392 0.005692 0.004084 0.025944 -0.004208 -0.005656 -0.006217 -0.005656 -0.004208 0.000000 
5.000000e-01 5.000000e-01 7.457087e-01 5.000000e-01 5.000000e-01 8.050370e-01 -0.038946 0.006137 0.008543 0.009586 0.008543 0.006137 0.038946 -0.006306 -0.008493 -0.009347 -0.008493 -0.006306 0.000000 
5.000000e-01 5.000000e-01 7.341899e-01 5.000000e-01 5.000000e-01 8.133534e-01 -0.051967 0.008196 0.011397 0.012781 0.011397 0.008196 0.051967 -0.008399 -0.011337 -0.012494 -0.011337 -0.008399 0.000000 
5.000000e-01 5.000000e-01 7.226277e-01 5.000000e-01 5.000000e-01 8.216550e-01 -0.065006 0.010260 0.014254 0.015978 0.014254 0.010260 0.065006 -0.010485 -0.014188 -0.015660 -0.014188 -0.010485 0.000000 
5.000000e-01 5.000000e-01 7.110223e-01 5.000000e-01 5.000000e-01 8.299416e-01 -0.078064 0.012328 0.017115 0.019178 0.017115 0.012328 0.078064 -0.012562 -0.017046 -0.018847 -0.017046 -0.012562 0.000000 
5.000000e-01 5.000000e-01 6.993742e-01 5.000000e-01 5.000000e-01 8.382130e-01 -0.091140 0.014397 0.019980 0.022386 0.019980 0.014397 0.091140 -0.014630 -0.019912 -0.022056 -0.019912 -0.014630 0.000000 
5.000000e-01 5.000000e-01 6.876838e-01 5.000000e-01 5.000000e-01 8.464691e-01 -0.104234 0.016468 0.022849 0.025600 0.022849 0.016468 0.104234 -0.016684 -0.022786 -0.025293 -0.022786 -0.016684 0.000000 
5.000000e-01 5.000000e-01 6.759513e-01 5.000000e-01 5.000000e-01 8.547098e-01 -0.117345 0.018540 0.025722 0.028821 0.025722 0.018540 0.117345 -0.018725 -0.025668 -0.028559 -0.025668 -0.018725 0.000000 
5.000000e-01 5.000000e-01 6.641772e-01 5.000000e-01 5.000000e-01 8.629349e-01 -0.130474 0.020612 0.028599 0.032052 0.028599 0.020612 0.130474 -0.020750 -0.028559 -0.031855 -0.028559 -0.020750 0.000000 
5.000000e-01 5.000000e-01 6.523618e-01 5.000000e-01 5.000000e-01 8.711441e-01 -0.143619 0.022682 0.031481 0.035292 0.031481 0.022682 0.143619 -0.022758 -0.031459 -0.035185 -0.031459 -0.022758 0.000000 
5.000000e-01 5.000000e-01 6.405056e-01 5.000000e-01 5.000000e-01 8.793375e-01 -0.156780 0.024750 0.034367 0.038546 0.034367 0.024750 0.156780 -0.024746 -0.034369 -0.038551 -0.034369 -0.024746 0.000000 
5.000000e-01 5.000000e-01 6.286087e-01 5.000000e-01 5.000000e-01 8.875148e-01 -0.169957 0.026812 0.037259 0.041815 0.037259 0.026812 0.169957 -0.026710 -0.037288 -0.041961 -0.037288 -0.026710 0.000000 
5.000000e-01 5.000000e-01 6.166717e-01 5.000000e-01 5.000000e-01 8.956757e-01 -0.183150 0.028870 0.040156 0.045099 0.040156 0.028870 0.183150 -0.028648 -0.040218 -0.045417 -0.040218 -0.028648 0.000000 
5.000000e-01 5.000000e-01 6.046948e-01 5.000000e-01 5.000000e-01 9.038203e-01 -0.196359 0.030923 0.043057 0.048398 0.043057 0.030923 0.196359 -0.030559 -0.043159 -0.048921 -0.043159 -0.030559 0.000000 
5.000000e-01 5.000000e-01 5.926784e-01 5.000000e-01 5.000000e-01 9.119483e-01 -0.209582 0.032970 0.045964 0.051714 0.045964 0.032970 0.209582 -0.032440 -0.046112 -0.052478 -0.046112 -0.032440 0.000000 
5.000000e-01 5.000000e-01 5.806228e-01 5.000000e-01 5.000000e-01 9.200594e-01 -0.222820 0.035010 0.048876 0.055048 0.048876 0.035010 0.222820 -0.034288 -0.049075 -0.056093 -0.049075 -0.034288 0.000000 
5.000000e-01 5.000000e-01 5.685284e-01 5.000000e-01 5.000000e-01 9.281537e-01 -0.236072 0.037038 0.051794 0.058409 0.051794 0.037038 0.236072 -0.036096 -0.052052 -0.059776 -0.052052 -0.036096 0.000000 
5.000000e-01 5.000000e-01 5.563955e-01 5.000000e-01 5.000000e-01 9.362307e-01 -0.249338 0.039057 0.054717 0.061790 0.054717 0.039057 0.249338 -0.037862 -0.055041 -0.063531 -0.055041 -0.037862 0.000000 
5.000000e-01 5.000000e-01 5.442245e-01 5.000000e-01 5.000000e-01 9.442905e-01 -0.262618 0.041065 0.057646 0.065195 0.057646 0.041065 0.262618 -0.039584 -0.058044 -0.067362 -0.058044 -0.039584 0.000000 
5.000000e-01 5.000000e-01 5.320155e-01 5.000000e-01 5.000000e-01 9.523328e-01 -0.275911 0.043063 0.060581 0.068624 0.060581 0.043063 0.275911 -0.041259 -0.061059 -0.071275 -0.061059 -0.041259 0.000000 
5.000000e-01 5.000000e-01 5.197691e-01 5.000000e-01 5.000000e-01 9.603574e-01 -0.289217 0.045048 0.063521 0.072078 0.063521 0.045048 0.289217 -0.042880 -0.064088 -0.075280 -0.064088 -0.042880 0.000000 
5.000000e-01 5.000000e-01 5.074855e-01 5.000000e-01 5.000000e-01 9.683641e-01 -0.302536 0.047016 0.066468 0.075567 0.066468 0.047016 0.302536 -0.044437 -0.067133 -0.079396 -0.067133 -0.044437 0.000000 
5.000000e-01 5.000000e-01 4.951649e-01 5.000000e-01 5.000000e-01 9.763528e-01 -0.315867 0.048969 0.069421 0.079087 0.069421 0.048969 0.315867 -0.045932 -0.070191 -0.083621 -0.070191 -0.045932 0.000000 
5.000000e-01 5.000000e-01 4.828078e-01 5.000000e-01 5.000000e-01 9.843232e-01 -0.329210 0.050906 0.072380 0.082637 0.072380 0.050906 0.329210 -0.047360 -0.073262 -0.087966 -0.073262 -0.047360 0.000000 
5.000000e-01 5.000000e-01 4.704145e-01 5.000000e-01 5.000000e-01 9.922751e-01 -0.342564 0.052827 0.075345 0.086220 0.075345 0.052827 0.342564 -0.048714 -0.076348 -0.092440 -0.076348 -0.048714 0.000000 
5.000000e-01 5.000000e-01 4.579852e-01 5.000000e-01 5.000000e-01 1.000208e+00 -0.355930 0.054731 0.078315 0.089836 0.078315 0.054731 0.355930 -0.049979 -0.079447 -0.097076 -0.079447 -0.049979 0.000000 
5.000000e-01 5.000000e-01 4.455202e-01 5.000000e-01 5.000000e-01 1.008123e+00 -0.369306 0.056610 0.081293 0.093500 0.081293 0.056610 0.369306 -0.051156 -0.082560 -0.101875 -0.082560 -0.051156 0.000000 
5.000000e-01 5.000000e-01 4.330199e-01 5.000000e-01 5.000000e-01 1.016018e+00 -0.382693 0.058468 0.084276 0.097204 0.084276 0.058468 0.382693 -0.052239 -0.085683 -0.106849 -0.085683 -0.052239 0.000000 
5.000000e-01 5.000000e-01 4.204845e-01 5.000000e-01 5.000000e-01 1.023894e+00 -0.396090 0.060306 0.087265 0.100949 0.087265 0.060306 0.396090 -0.053223 -0.088815 -0.112013 -0.088815 -0.053223 0.000000 
5.000000e-01 5.000000e-01 4.079144e-01 5.000000e-01 5.000000e-01 1.031751e+00 -0.409497 0.062122 0.090260 0.104734 0.090260 0.062122 0.409497 -0.054084 -0.091956 -0.117418 -0.091956 -0.054084 0.000000 
5.000000e-01 5.000000e-01 3.953098e-01 5.000000e-01 5.000000e-01 1.039587e+00 -0.422914 0.063914 0.093260 0.108567 0.093260 0.063914 0.422914 -0.054823 -0.095101 -0.123066 -0.095101 -0.054823 0.000000 
5.000000e-01 5.000000e-01 3.826710e-01 5.000000e-01 5.000000e-01 1.047404e+00 -0.436340 0.065673 0.096266 0.112462 0.096266 0.065673 0.436340 -0.055437 -0.098246 -0.128973 -0.098246 -0.055437 0.000000 
5.000000e-01 5.000000e-01 3.699983e-01 5.000000e-01 5.000000e-01 1.055201e+00 -0.449774 0.067406 0.099278 0.116406 0.099278 0.067406 0.449774 -0.055916 -0.101387 -0.135168 -0.101387 -0.055916 0.000000 
5.000000e-01 5.000000e-01 3.572920e-01 5.000000e-01 5.000000e-01 1.062977e+00 -0.463217 0.069114 0.102294 0.120401 0.102294 0.069114 0.463217 -0.056225 -0.104514 -0.141738 -0.104514 -0.056225 0.000000 
5.000000e-01 5.000000e-01 3.445524e-01 5.000000e-01 5.000000e-01 1.070733e+00 -0.476668 0.070794 0.105315 0.124450 0.105315 0.070794 0.476668 -0.056377 -0.107623 -0.148669 -0.107623 -0.056377 0.000000 
5.000000e-01 5.000000e-01 3.317796e-01 5.000000e-01 5.000000e-01 1.078468e+00 -0.490127 0.072437 0.108341 0.128572 0.108341 0.072437 0.490127 -0.056362 -0.110702 -0.155999 -0.110702 -0.056362 0.000000 
5.000000e-01 5.000000e-01 3.189741e-01 5.000000e-01 5.000000e-01 1.086182e+00 -0.503594 0.074044 0.111371 0.132763 0.111371 0.074044 0.503594 -0.056158 -0.113737 -0.163803 -0.113737 -0.056158 0.000000 
5.000000e-01 5.000000e-01 3.061360e-01 5.000000e-01 5.000000e-01 1.093874e+00 -0.517067 0.075621 0.114404 0.137017 0.114404 0.075621 0.517067 -0.055743 -0.116708 -0.172166 -0.116708 -0.055743 0.000000 
5.000000e-01 5.000000e-01 2.932656e-01 5.000000e-01 5.000000e-01 1.101545e+00 -0.530548 0.077165 0.117440 0.141337 0.117440 0.077165 0.530548 -0.055125 -0.119601 -0.181097 -0.119601 -0.055125 0.000000 
5.000000e-01 5.000000e-01 2.803632e-01 5.000000e-01 5.000000e-01 1.109194e+00 -0.544035 0.078671 0.120479 0.145736 0.120479 0.078671 0.544035 -0.054293 -0.122394 -0.190661 -0.122394 -0.054293 0.000000 
5.000000e-01 5.000000e-01 2.674290e-01 5.000000e-01 5.000000e-01 1.116821e+00 -0.557528 0.080130 0.123519 0.150231 0.123519 0.080130 0.557528 -0.053198 -0.125036 -0.201060 -0.125036 -0.053198 0.000000 
5.000000e-01 5.000000e-01 2.544633e-01 5.000000e-01 5.000000e-01 1.124425e+00 -0.571027 0.081552 0.126559 0.154803 0.126559 0.081552 0.571027 -0.051858 -0.127504 -0.212302 -0.127504 -0.051858 0.000000 
5.000000e-01 5.000000e-01 2.414662e-01 5.000000e-01 5.000000e-01 1.132007e+00 -0.584531 0.082937 0.129600 0.159456 0.129600 0.082937 0.584531 -0.050267 -0.129761 -0.224475 -0.129761 -0.050267 0.000000 
5.000000e-01 5.000000e-01 2.284380e-01 5.000000e-01 5.000000e-01 1.139566e+00 -0.598041 0.084281 0.132640 0.164200 0.132640 0.084281 0.598041 -0.048389 -0.131725 -0.237814 -0.131725 -0.048389 0.000000 
5.000000e-01 5.000000e-01 2.153788e-01 5.000000e-01 5.000000e-01 1.147102e+00 -0.611557 0.085567 0.135676 0.169071 0.135676 0.085567 0.611557 -0.046212 -0.133322 -0.252489 -0.133322 -0.046212 0.000000 
5.000000e-01 5.000000e-01 2.022888e-01 5.000000e-01 5.000000e-01 1.154614e+00 -0.625077 0.086811 0.138708 0.174037 0.138708 0.086811 0.625077 -0.043750 -0.134501 -0.268574 -0.134501 -0.043750 0.000000 
5.000000e-01 5.000000e-01 1.891681e-01 5.000000e-01 5.000000e-01 1.162103e+00 -0.638603 0.088014 0.141736 0.179102 0.141736 0.088014 0.638603 -0.040982 -0.135139 -0.286359 -0.135139 -0.040982 0.000000 
5.000000e-01 5.000000e-01 1.760168e-01 5.000000e-01 5.000000e-01 1.169568e+00 -0.652134 0.089169 0.144758 0.184279 0.144758 0.089169 0.652134 -0.037874 -0.135047 -0.306293 -0.135047 -0.037874 0.000000 
5.000000e-01 5.000000e-01 1.628347e-01 5.000000e-01 5.000000e-01 1.177008e+00 -0.665671 0.090259 0.147769 0.189616 0.147769 0.090259 0.665671 -0.034461 -0.134161 -0.328427 -0.134161 -0.034461 0.000000 
5.000000e-01 5.000000e-01 1.496216e-01 5.000000e-01 5.000000e-01 1.184424e+00 -0.679215 0.091303 0.150769 0.195071 0.150769 0.091303 0.679215 -0.030733 -0.132297 -0.353155 -0.132297 -0.030733 0.000000 
5.000000e-01 5.000000e-01 1.363773e-01 5.000000e-01 5.000000e-01 1.191815e+00 -0.692768 0.092301 0.153759 0.200647 0.153759 0.092301 0.692767 -0.026646 -0.129054 -0.381368 -0.129054 -0.026646 0.000000 
5.000000e-01 5.000000e-01 1.231010e-01 5.000000e-01 5.000000e-01 1.199181e+00 -0.706330 0.093243 0.156735 0.206374 0.156735 0.093243 0.706330 -0.022255 -0.124374 -0.413074 -0.124374 -0.022255 0.000000 
5.000000e-01 5.000000e-01 1.097918e-01 5.000000e-01 5.000000e-01 1.206521e+00 -0.719906 0.094116 0.159689 0.212295 0.159689 0.094116 0.719906 -0.017560 -0.117973 -0.448841 -0.117973 -0.017560 0.000000 
5.000000e-01 5.000000e-01 9.644841e-02 5.000000e-01 5.000000e-01 1.213836e+00 -0.733502 0.094942 0.162626 0.218364 0.162626 0.094942 0.733502 -0.012522 -0.109164 -0.490131 -0.109164 -0.012522 0.000000 
5.000000e-01 5.000000e-01 8.306891e-02 5.000000e-01 5.000000e-01 1.221125e+00 -0.747122 0.095722 0.165546 0.224585 0.165546 0.095722 0.747122 -0.007205 -0.097967 -0.536777 -0.097967 -0.007205 0.000000 
5.000000e-01 5.000000e-01 6.965109e-02 5.000000e-01 5.000000e-01 1.228387e+00 -0.760771 0.096434 0.168438 0.231028 0.168438 0.096434 0.760771 -0.001619 -0.084026 -0.589483 -0.084026 -0.001619 0.000000 
5.000000e-01 5.000000e-01 5.619264e-02 5.000000e-01 5.000000e-01 1.235622e+00 -0.774464 0.097085 0.171300 0.237694 0.171300 0.097085 0.774464 0.004255 -0.066591 -0.649791 -0.066591 0.004255 0.000000 
5.000000e-01 5.000000e-01 4.269165e-02 5.000000e-01 5.000000e-01 1.242830e+00 -0.788203 0.097691 0.174137 0.244547 0.174137 0.097691 0.788202 0.010349 -0.046080 -0.716741 -0.046080 0.010349 0.000000 
5.000000e-01 5.000000e-01 2.914764e-02 5.000000e-01 5.000000e-01 1.250011e+00 -0.801990 0.098252 0.176949 0.251589 0.176949 0.098252 0.801990 0.016643 -0.022496 -0.790284 -0.022496 0.016643 0.000000 
5.000000e-01 5.000000e-01 1.556267e-02 5.000000e-01 5.000000e-01 1.257164e+00 -0.815825 0.098725 0.179699 0.258976 0.179699 0.098725 0.815824 0.023102 0.003855 -0.869739 0.003855 0.023102 0.000000 
5.000000e-01 5.000000e-01 4.999878e-03 5.000000e-01 5.000000e-01 1.264289e+00 -0.827623 0.098772 0.181967 0.266144 0.181967 0.098772 0.827623 0.027989 0.025135 -0.933871 0.025135 0.027989 0.000000 
5.000000e-01 5.000000e-01 4.999878e-03 5.000000e-01 5.000000e-01 1.271385e+00 -0.832279 0.097465 0.182668 0.272012 0.182668 0.097465 0.832279 0.027145 0.024147 -0.934864 0.024147 0.027145 0.000000 
5.000000e-01 5.000000e-01 4.999878e-03 5.000000e-01 5.000000e-01 1.278453e+00 -0.836917 0.096075 0.183286 0.278194 0.183286 0.096075 0.836917 0.026304 0.023164 -0.935852 0.023164 0.026304 0.000000 
5.000000e-01 5.000000e-01 4.999878e-03 5.000000e-01 5.000000e-01 1.285491e+00 -0.841535 0.094603 0.183808 0.284713 0.183808 0.094603 0.841535 0.025466 0.022184 -0.936836 0.022184 0.025466 0.000000 
5.000000e-01 5.000000e-01 4.999878e-03 5.000000e-01 5.000000e-01 1.292500e+00 -0.846134 0.093072 0.184251 0.291489 0.184251 0.093072 0.846134 0.024632 0.021209 -0.937816 0.021209 0.024632 0.000000 
5.000000e-01 5.000000e-01 4.999878e-03 5.000000e-01 5.000000e-01 1.299479e+00 -0.850714 0.091474 0.184601 0.298564 0.184601 0.091474 0.850714 0.023801 0.020238 -0.938791 0.020238 0.023801 0.000000 
5.000000e-01 5.000000e-01 4.999878e-03 5.000000e-01 5.000000e-01 1.306427e+00 -0.855274 0.089774 0.184798 0.306130 0.184798 0.089774 0.855274 0.022973 0.019271 -0.939762 0.019271 0.022973 0.000000 
5.000000e-01 5.000000e-01 4.999878e-03 5.000000e-01 5.000000e-01 1.313345e+00 -0.859814 0.088016 0.184888 0.314006 0.184888 0.088016 0.859813 0.022149 0.018309 -0.940729 0.018309 0.022149 0.000000 
5.000000e-01 5.000000e-01 4.999878e-03 5.000000e-01 5.000000e-01 1.320232e+00 -0.864333 0.086201 0.184871 0.322190 0.184871 0.086201 0.864333 0.021328 0.017351 -0.941691 0.017351 0.021328 0.000000 
5.000000e-01 5.000000e-01 4.999878e-03 5.000000e-01 5.000000e-01 1.327087e+00 -0.868832 0.084278 0.184636 0.331004 0.184636 0.084278 0.868832 0.020511 0.016397 -0.942649 0.016397 0.020511 0.000000 
5.000000e-01 5.000000e-01 4.999878e-03 5.000000e-01 5.000000e-01 1.333911e+00 -0.873311 0.082295 0.184253 0.340216 0.184253 0.082295 0.873310 0.019698 0.015447 -0.943602 0.015447 0.019698 0.000000 
5.000000e-01 5.000000e-01 4.999878e-03 5.000000e-01 5.000000e-01 1.340702e+00 -0.877768 0.080257 0.183728 0.349797 0.183728 0.080257 0.877768 0.018889 0.014502 -0.944550 0.014502 0.018889 0.000000 
5.000000e-01 5.000000e-01 4.999878e-03 5.000000e-01 5.000000e-01 1.347461e+00 -0.882205 0.078121 0.182935 0.360093 0.182935 0.078121 0.882205 0.018083 0.013562 -0.945494 0.013562 0.018083 0.000000 
5.000000e-01 5.000000e-01 4.999878e-03 5.000000e-01 5.000000e-01 1.354186e+00 -0.886620 0.075920 0.181926 0.370927 0.181926 0.075920 0.886620 0.017281 0.012626 -0.946433 0.012626 0.017281 0.000000 
5.000000e-01 5.000000e-01 4.999878e-03 5.000000e-01 5.000000e-01 1.360878e+00 -0.891014 0.073669 0.180738 0.382201 0.180738 0.073669 0.891014 0.016482 0.011695 -0.947368 0.011695 0.016482 0.000000 
5.000000e-01 5.000000e-01 4.999878e-03 5.000000e-01 5.000000e-01 1.367537e+00 -0.895387 0.071325 0.179205 0.394328 0.179205 0.071325 0.895387 0.015688 0.010768 -0.948298 0.010768 0.015688 0.000000 
5.000000e-01 5.000000e-01 4.999878e-03 5.000000e-01 5.000000e-01 1.374161e+00 -0.899738 0.068918 0.177387 0.407127 0.177387 0.068918 0.899738 0.014897 0.009845 -0.949223 0.009845 0.014897 0.000000 
5.000000e-01 5.000000e-01 4.999878e-03 5.000000e-01 5.000000e-01 1.380751e+00 -0.904068 0.066468 0.175346 0.420439 0.175346 0.066468 0.904067 0.014110 0.008928 -0.950144 0.008928 0.014110 0.000000 
5.000000e-01 5.000000e-01 4.999878e-03 5.000000e-01 5.000000e-01 1.387305e+00 -0.908376 0.063927 0.172846 0.434829 0.172846 0.063927 0.908376 0.013327 0.008015 -0.951059 0.008015 0.013327 0.000000 
5.000000e-01 5.000000e-01 4.999878e-03 5.000000e-01 5.000000e-01 1.393824e+00 -0.912662 0.061334 0.170003 0.449988 0.170003 0.061334 0.912662 0.012548 0.007106 -0.951971 0.007106 0.012548 0.000000 
5.000000e-01 5.000000e-01 4.999878e-03 5.000000e-01 5.000000e-01 1.400308e+00 -0.916927 0.058703 0.166895 0.465732 0.166895 0.058703 0.916927 0.011773 0.006202 -0.952877 0.006202 0.011773 0.000000 
5.000000e-01 5.000000e-01 4.999878e-03 5.000000e-01 5.000000e-01 1.406756e+00 -0.921171 0.055982 0.163151 0.482903 0.163151 0.055982 0.921171 0.011001 0.005303 -0.953779 0.005303 0.011001 0.000000 
5.000000e-01 5.000000e-01 4.999878e-03 5.000000e-01 5.000000e-01 1.413167e+00 -0.925393 0.053225 0.159049 0.500846 0.159049 0.053225 0.925393 0.010234 0.004408 -0.954677 0.004408 0.010234 0.000000 
5.000000e-01 5.000000e-01 4.999878e-03 5.000000e-01 5.000000e-01 1.419542e+00 -0.929594 0.050430 0.154582 0.519569 0.154582 0.050430 0.929594 0.009470 0.003518 -0.955569 0.003518 0.009470 0.000000 
5.000000e-01 5.000000e-01 4.999878e-03 5.000000e-01 5.000000e-01 1.425880e+00 -0.933776 0.047559 0.149349 0.539961 0.149349 0.047559 0.933776 0.008710 0.002632 -0.956458 0.002632 0.008710 0.000000 
5.000000e-01 5.000000e-01 4.999878e-03 5.000000e-01 5.000000e-01 1.432181e+00 -0.937936 0.044663 0.143759 0.561090 0.143759 0.044663 0.937936 0.007953 0.001750 -0.957342 0.001750 0.007953 0.000000 
5.000000e-01 5.000000e-01 4.999878e-03 5.000000e-01 5.000000e-01 1.438445e+00 -0.942076 0.041724 0.137592 0.583445 0.137592 0.041724 0.942076 0.007200 0.000873 -0.958222 0.000873 0.007200 0.000000 
5.000000e-01 5.000000e-01 4.999878e-03 5.000000e-01 5.000000e-01 1.444671e+00 -0.946198 0.038735 0.130703 0.607322 0.130703 0.038735 0.946198 0.006451 -0.000001 -0.959098 -0.000001 0.006451 0.000000 
5.000000e-01 5.000000e-01 4.999878e-03 5.000000e-01 5.000000e-01 1.450859e+00 -0.950299 0.035731 0.123456 0.631925 0.123456 0.035731 0.950299 0.005705 -0.000870 -0.959969 -0.000870 0.005705 0.000000 
5.000000e-01 5.000000e-01 4.999878e-03 5.000000e-01 5.000000e-01 1.457010e+00 -0.954384 0.032675 0.115339 0.658357 0.115339 0.032675 0.954384 0.004962 -0.001735 -0.960837 -0.001735 0.004962 0.000000 
5.000000e-01 5.000000e-01 4.999878e-03 5.000000e-01 5.000000e-01 1.463122e+00 -0.958449 0.029600 0.106714 0.685821 0.106714 0.029600 0.958449 0.004223 -0.002597 -0.961700 -0.002597 0.004223 0.000000 
5.000000e-01 5.000000e-01 4.999878e-03 5.000000e-01 5.000000e-01 1.469197e+00 -0.962495 0.026508 0.097615 0.714250 0.097615 0.026508 0.962495 0.003487 -0.003454 -0.962560 -0.003454 0.003487 0.000000 
5.000000e-01 5.000000e-01 4.999878e-03 5.000000e-01 5.000000e-01 1.475233e+00 -0.966526 0.023379 0.087649 0.744469 0.087649 0.023379 0.966526 0.002754 -0.004309 -0.963416 -0.004309 0.002754 0.000000 
5.000000e-01 5.000000e-01 4.999878e-03 5.000000e-01 5.000000e-01 1.481229e+00 -0.970536 0.020250 0.077406 0.775224 0.077406 0.020250 0.970536 0.002024 -0.005158 -0.964268 -0.005158 0.002024 0.000000 
5.000000e-01 5.000000e-01 4.999878e-03 5.000000e-01 5.000000e-01 1.487187e+00 -0.974529 0.017098 0.066450 0.807432 0.066450 0.017098 0.974529 0.001298 -0.006005 -0.965116 -0.006005 0.001298 0.000000 
5.000000e-01 5.000000e-01 4.999878e-03 5.000000e-01 5.000000e-01 1.493104e+00 -0.978502 0.013945 0.055133 0.840346 0.055133 0.013945 0.978502 0.000575 -0.006846 -0.965960 -0.006846 0.000575 0.000000 
5.000000e-01 5.000000e-01 4.999878e-03 5.000000e-01 5.000000e-01 1.498980e+00 -0.982454 0.010793 0.043502 0.873864 0.043502 0.010793 0.982454 -0.000143 -0.007684 -0.966799 -0.007684 -0.000143 0.000000 
5.000000e-01 5.000000e-01 4.999878e-03 5.000000e-01 5.000000e-01 1.504815e+00 -0.986384 0.007638 0.031457 0.908194 0.031457 0.007638 0.986384 -0.000858 -0.008516 -0.967634 -0.008516 -0.000858 0.000000 
5.000000e-01 5.000000e-01 4.999878e-03 5.000000e-01 5.000000e-01 1.510605e+00 -0.990287 0.004500 0.019366 0.942554 0.019366 0.004500 0.990287 -0.001568 -0.009343 -0.968463 -0.009343 -0.001568 0.000000 
5.000000e-01 5.000000e-01 4.999878e-03 5.000000e-01 5.000000e-01 1.515050e+00 -0.993286 0.002080 0.009865 0.969396 0.009865 0.002080 0.993286 -0.002114 -0.009979 -0.969100 -0.009979 -0.002114 0.000000 
5.000000e-01 5.000000e-01 4.999878e-03 5.000000e-01 5.000000e-01 1.515050e+00 -0.993286 0.002080 0.009865 0.969396 0.009865 0.002080 0.993286 -0.002114 -0.009979 -0.969100 -0.009979 -0.002114 0.000000 
5.000000e-01 5.000000e-01 4.999878e-03 5.000000e-01 5.000000e-01 1.515050e+00 -0.993286 0.002080 0.009865 0.969396 0.009865 0.002080 0.993286 -0.002114 -0.009979 -0.969100 -0.009979 -0.002114 0.000000 
5.000000e-01 5.000000e-01 4.999878e-03 5.000000e-01 5.000000e-01 1.515050e+00 -0.993286 0.002080 0.009865 0.969396 0.009865 0.002080 0.993286 -0.002114 -0.009979 -0.969100 -0.009979 -0.002114 0.000000 
5.000000e-01 5.000000e-01 4.999878e-03 5.000000e-01 5.000000e-01 1.515050e+00 -0.993286 0.002080 0.009865 0.969396 0.009865 0.002080 0.993286 -0.002114 -0.009979 -0.969100 -0.009979 -0.002114 0.000000 
5.000000e-01 5.000000e-01 4.999878e-03 5.000000e-01 5.000000e-01 1.515050e+00 -0.993286 0.002080 0.009865 0.969396 0.009865 0.002080 0.993286 -0.002114 -0.009979 -0.969100 -0.009979 -0.002114 0.000000 
5.000000e-01 5.000000e-01 4.999878e-03 5.000000e-01 5.000000e-01 1.515050e+00 -0.993286 0.002080 0.009865 0.969396 0.009865 0.002080 0.993286 -0.002114 -0.009979 -0.969100 -0.009979 -0.002114 0.000000 
5.000000e-01 5.000000e-01 4.999878e-03 5.000000e-01 5.000000e-01 1.515050e+00 -0.993286 0.002080 0.009865 0.969396 0.009865 0.002080 0.993286 -0.002114 -0.009979 -0.969100 -0.009979 -0.002114 0.000000 
5.000000e-01 5.000000e-01 4.999878e-03 5.000000e-01 5.000000e-01 1.515050e+00 -0.993286 0.002080 0.009865 0.969396 0.009865 0.002080 0.993286 -0.002114 -0.009979 -0.969100 -0.009979 -0.002114 0.000000 
5.000000e-01 5.000000e-01 4.999878e-03 5.000000e-01 5.000000e-01 1.515050e+00 -0.993286 0.002080 0.009865 0.969396 0.009865 0.002080 0.993286 -0.002114 -0.009979 -0.969100 -0.009979 -0.002114 0.000000 
5.000000e-01 5.000000e-01 4.999878e-03 5.000000e-01 5.000000e-01 1.515050e+00 -0.993286 0.002080 0.009865 0.969396 0.009865 0.002080 0.993286 -0.002114 -0.009979 -0.969100 -0.009979 -0.002114 0.000000 
5.000000e-01 5.000000e-01 4.999878e-03 5.000000e-01 5.000000e-01 1.515050e+00 -0.993286 0.002080 0.009865 0.969396 0.009865 0.002080 0.993286 -0.002114 -0.009979 -0.969100 -0.009979 -0.002114 0.000000 
5.000000e-01 5.000000e-01 4.999878e-03 5.000000e-01 5.000000e-01 1.515050e+00 -0.993286 0.002080 0.009865 0.969396 0.009865 0.002080 0.993286 -0.002114 -0.009979 -0.969100 -0.009979 -0.002114 0.000000 
5.000000e-01 5.000000e-01 4.999878e-03 5.000000e-01 5.000000e-01 1.515050e+00 -0.993286 0.002080 0.009865 0.969396 0.009865 0.002080 0.993286 -0.002114 -0.009979 -0.969100 -0.009979 -0.002114 0.000000 
5.000000e-01 5.000000e-01 4.999878e-03 5.000000e-01 5.000000e-01 1.515050e+00 -0.993286 0.002080 0.009865 0.969396 0.009865 0.002080 0.993286 -0.002114 -0.009979 -0.969100 -0.009979 -0.002114 0.000000 
5.000000e-01 5.000000e-01 4.999878e-03 5.000000e-01 5.000000e-01 1.515050e+00 -0.993286 0.002080 0.009865 0.969396 0.009865 0.002080 0.993286 -0.002114 -0.009979 -0.969100 -0.009979 -0.002114 0.000000 
5.000000e-01 5.000000e-01 4.999878e-03 5.000000e-01 5.000000e-01 1.515050e+00 -0.993286 0.002080 0.009865 0.969396 0.009865 0.002080 0.993286 -0.002114 -0.009979 -0.969100 -0.009979 -0.002114 0.000000 
5.000000e-01 5.000000e-01 4.999878e-03 5.000000e-01 5.000000e-01 1.515050e+00 -0.993286 0.002080 0.009865 0.969396 0.009865 0.002080 0.993286 -0.002114 -0.009979 -0.969100 -0.009979 -0.002114 0.000000 
5.000000e-01 5.000000e-01 4.999878e-03 5.000000e-01 5.000000e-01 1.515050e+00 -0.993286 0.002080 0.009865 0.969396 0.009865 0.002080 0.993286 -0.002114 -0.009979 -0.969100 -0.009979 -0.002114 0.000000 
5.000000e-01 5.000000e-01 4.999878e-03 5.000000e-01 5.000000e-01 1.515050e+00 -0.993286 0.002080 0.009865 0.969396 0.009865 0.002080 0.993286 -0.002114 -0.009979 -0.969100 -0.009979 -0.002114 0.000000 
5.000000e-01 5.000000e-01 4.999878e-03 5.000000e-01 5.000000e-01 1.515050e+00 -0.993286 0.002080 0.009865 0.969396 0.009865 0.002080 0.993286 -0.002114 -0.009979 -0.969100 -0.009979 -0.002114 0.000000 
5.000000e-01 5.000000e-01 4.999878e-03 5.000000e-01 5.000000e-01 1.515050e+00 -0.993286 0.002080 0.009865 0.969396 0.009865 0.002080 0.993286 -0.002114 -0.009979 -0.969100 -0.009979 -0.002114 0.000000 
5.000000e-01 5.000000e-01 4.999878e-03 5.000000e-01 5.000000e-01 1.515050e+00 -0.993286 0.002080 0.009865 0.969396 0.009865 0.002080 0.993286 -0.002114 -0.009979 -0.969100 -0.009979 -0.002114 0.000000 
5.000000e-01 5.000000e-01 4.999878e-03 5.000000e-01 5.000000e-01 1.515050e+00 -0.993286 0.002080 0.009865 0.969396 0.009865 0.002080 0.993286 -0.002114 -0.009979 -0.969100 -0.009979 -0.002114 0.000000 
5.000000e-01 5.000000e-01 4.999878e-03 5.000000e-01 5.000000e-01 1.515050e+00 -0.993286 0.002080 0.009865 0.969396 0.009865 0.002080 0.993286 -0.002114 -0.009979 -0.969100 -0.009979 -0.002114 0.000000 
5.000000e-01 5.000000e-01 4.999878e-03 5.000000e-01 5.000000e-01 1.515050e+00 -0.993286 0.002080 0.009865 0.969396 0.009865 0.002080 0.993286 -0.002114 -0.009979 -0.969100 -0.009979 -0.002114 0.000000 
5.000000e-01 5.000000e-01 4.999878e-03 5.000000e-01 5.000000e-01 1.515050e+00 -0.993286 0.002080 0.009865 0.969396 0.009865 0.002080 0.993286 -0.002114 -0.009979 -0.969100 -0.009979 -0.002114 0.000000 
5.000000e-01 5.000000e-01 4.999878e-03 5.000000e-01 5.000000e-01 1.515050e+00 -0.993286 0.002080 0.009865 0.969396 0.009865 0.002080 0.993286 -0.002114 -0.009979 -0.969100 -0.009979 -0.002114 0.000000 
5.000000e-01 5.000000e-01 4.999878e-03 5.000000e-01 5.000000e-01 1.515050e+00 -0.993286 0.002080 0.009865 0.969396 0.009865 0.002080 0.993286 -0.002114 -0.009979 -0.969100 -0.009979 -0.002114 0.000000 
5.000000e-01 5.000000e-01 4.999878e-03 5.000000e-01 5.000000e-01 1.515050e+00 -0.993286 0.002080 0.009865 0.969396 0.009865 0.002080 0.993286 -0.002114 -0.009979 -0.969100 -0.009979 -0.002114 0.000000 
5.000000e-01 5.000000e-01 4.999878e-03 5.000000e-01 5.000000e-01 1.515050e+00 -0.993286 0.002080 0.009865 0.969396 0.009865 0.002080 0.993286 -0.002114 -0.009979 -0.969100 -0.009979 -0.002114 0.000000 
5.000000e-01 5.000000e-01 4.999878e-03 5.000000e-01 5.000000e-01 1.515050e+00 -0.993286 0.002080 0.009865 0.969396 0.009865 0.002080 0.993286 -0.002114 -0.009979 -0.969100 -0.009979 -0.002114 0.000000 
5.000000e-01 5.000000e-01 4.999878e-03 5.000000e-01 5.000000e-01 1.515050e+00 -0.993286 0.002080 0.009865 0.969396 0.009865 0.002080 0.993286 -0.002114 -0.009979 -0.969100 -0.009979 -0.002114 0.000000 
5.000000e-01 5.000000e-01 4.999878e-03 5.000000e-01 5.000000e-01 1.515050e+00 -0.993286 0.002080 0.009865 0.969396 0.009865 0.002080 0.993286 -0.002114 -0.009979 -0.969100 -0.009979 -0.002114 0.000000 
5.000000e-01 5.000000e-01 4.999878e-03 5.000000e-01 5.000000e-01 1.515050e+00 -0.993286 0.002080 0.009865 0.969396 0.009865 0.002080 0.993286 -0.002114 -0.009979 -0.969100 -0.009979 -0.002114 0.000000 
5.000000e-01 5.000000e-01 4.999878e-03 5.000000e-01 5.000000e-01 1.515050e+00 -0.993286 0.002080 0.009865 0.969396 0.009865 0.002080 0.993286 -0.002114 -0.009979 -0.969100 -0.009979 -0.002114 0.000000 
5.000000e-01 5.000000e-01 4.999878e-03 5.000000e-01 5.000000e-01 1.515050e+00 -0.993286 0.002080 0.009865 0.969396 0.009865 0.002080 0.993286 -0.002114 -0.009979 -0.969100 -0.009979 -0.002114 0.000000 
5.000000e-01 5.000000e-01 4.999878e-03 5.000000e-01 5.000000e-01 1.515050e+00 -0.993286 0.002080 0.009865 0.969396 0.009865 0.002080 0.993286 -0.002114 -0.009979 -0.969100 -0.009979 -0.002114 0.000000 
5.000000e-01 5.000000e-01 4.999878e-03 5.000000e-01 5.000000e-01 1.515050e+00 -0.993286 0.002080 0.009865 0.969396 0.009865 0.002080 0.993286 -0.002114 -0.009979 -0.969100 -0.009979 -0.002114 0.000000 
5.000000e-01 5.000000e-01 4.999878e-03 5.000000e-01 5.000000e-01 1.515050e+00 -0.993286 0.002080 0.009865 0.969396 0.009865 0.002080 0.993286 -0.002114 -0.009979 -0.969100 -0.009979 -0.002114 0.000000 
5.000000e-01 5.000000e-01 4.999878e-03 5.000000e-01 5.000000e-01 1.515050e+00 -0.993286 0.002080 0.009865 0.969396 0.009865 0.002080 0.993286 -0.002114 -0.009979 -0.969100 -0.009979 -0.002114 0.000000 
5.000000e-01 5.000000e-01 4.999878e-03 5.000000e-01 5.000000e-01 1.515050e+00 -0.993286 0.002080 0.009865 0.969396 0.009865 0.002080 0.993286 -0.002114 -0.009979 -0.969100 -0.009979 -0.002114 0.000000 
5.000000e-01 5.000000e-01 4.999878e-03 5.000000e-01 5.000000e-01 1.515050e+00 -0.993286 0.002080 0.009865 0.969396 0.009865 0.002080 0.993286 -0.002114 -0.009979 -0.969100 -0.009979 -0.002114 0.000000 
5.000000e-01 5.000000e-01 4.999878e-03 5.000000e-01 5.000000e-01 1.515050e+00 -0.993286 0.002080 0.009865 0.969396 0.009865 0.002080 0.993286 -0.002114 -0.009979 -0.969100 -0.009979 -0.002114 0.000000 
5.000000e-01 5.000000e-01 4.999878e-03 5.000000e-01 5.000000e-01 1.515050e+00 -0.993286 0.002080 0.009865 0.969396 0.009865 0.002080 0.993286 -0.002114 -0.009979 -0.969100 -0.009979 -0.002114 0.000000 
5.000000e-01 5.000000e-01 4.999878e-03 5.000000e-01 5.000000e-01 1.515050e+00 -0.993286 0.002080 0.009865 0.969396 0.009865 0.002080 0.993286 -0.002114 -0.009979 -0.969100 -0.009979 -0.002114 0.000000 
5.000000e-01 5.000000e-01 4.999878e-03 5.000000e-01 5.000000e-01 1.515050e+00 -0.993286 0.002080 0.009865 0.969396 0.009865 0.002080 0.993286 -0.002114 -0.009979 -0.969100 -0.009979 -0.002114 0.000000 
5.000000e-01 5.000000e-01 4.999878e-03 5.000000e-01 5.000000e-01 1.515050e+00 -0.993286 0.002080 0.009865 0.969396 0.009865 0.002080 0.993286 -0.002114 -0.009979 -0.969100 -0.009979 -0.002114 0.000000 
5.000000e-01 5.000000e-01 4.999878e-03 5.000000e-01 5.000000e-01 1.515050e+00 -0.993286 0.002080 0.009865 0.969396 0.009865 0.002080 0.993286 -0.002114 -0.009979 -0.969100 -0.009979 -0.002114 0.000000 
5.000000e-01 5.000000e-01 4.999878e-03 5.000000e-01 5.000000e-01 1.515050e+00 -0.993286 0.002080 0.009865 0.969396 0.009865 0.002080 0.993286 -0.002114 -0.009979 -0.969100 -0.009979 -0.002114 0.000000 
5.000000e-01 5.000000e-01 4.999878e-03 5.000000e-01 5.000000e-01 1.515050e+00 -0.993286 0.002080 0.009865 0.969396 0.009865 0.002080 0.993286 -0.002114 -0.009979 -0.969100 -0.009979 -0.002114 0.000000 
5.000000e-01 5.000000e-01 4.999878e-03 5.000000e-01 5.000000e-01 1.515050e+00 -0.993286 0.002080 0.009865 0.969396 0.009865 0.002080 0.993286 -0.002114 -0.009979 -0.969100 -0.009979 -0.002114 0.000000 
5.000000e-01 5.000000e-01 4.999878e-03 5.000000e-01 5.000000e-01 1.515050e+00 -0.993286 0.002080 0.009865 0.969396 0.009865 0.002080 0.993286 -0.002114 -0.009979 -0.969100 -0.009979 -0.002114 0.000000 
5.000000e-01 5.000000e-01 4.999878e-03 5.000000e-01 5.000000e-01 1.515050e+00 -0.993286 0.002080 0.009865 0.969396 0.009865 0.002080 0.993286 -0.002114 -0.009979 -0.969100 -0.009979 -0.002114 0.000000 
5.000000e-01 5.000000e-01 4.999878e-03 5.000000e-01 5.000000e-01 1.515050e+00 -0.993286 0.002080 0.009865 0.969396 0.009865 0.002080 0.993286 -0.002114 -0.009979 -0.969100 -0.009979 -0.002114 0.000000 
5.000000e-01 5.000000e-01 4.999878e-03 5.000000e-01 5.000000e-01 1.515050e+00 -0.993286 0.002080 0.009865 0.969396 0.009865 0.002080 0.993286 -0.002114 -0.009979 -0.969100 -0.009979 -0.002114 0.000000 
5.000000e-01 5.000000e-01 4.999878e-03 5.000000e-01 5.000000e-01 1.515050e+00 -0.993286 0.002080 0.009865 0.969396 0.009865 0.002080 0.993286 -0.002114 -0.009979 -0.969100 -0.009979 -0.002114 0.000000 
5.000000e-01 5.000000e-01 4.999878e-03 5.000000e-01 5.000000e-01 1.515050e+00 -0.993286 0.002080 0.009865 0.969396 0.009865 0.002080 0.993286 -0.002114 -0.009979 -0.969100 -0.009979 -0.002114 0.000000 
5.000000e-01 5.000000e-01 4.999878e-03 5.000000e-01 5.000000e-01 1.515050e+00 -0.993286 0.002080 0.009865 0.969396 0.009865 0.002080 0.993286 -0.002114 -0.009979 -0.969100 -0.009979 -0.002114 0.000000 
5.000000e-01 5.000000e-01 4.999878e-03 5.000000e-01 5.000000e-01 1.515050e+00 -0.993286 0.002080 0.009865 0.969396 0.009865 0.002080 0.993286 -0.002114 -0.009979 -0.969100 -0.009979 -0.002114 0.000000 
5.000000e-01 5.000000e-01 4.999878e-03 5.000000e-01 5.000000e-01 1.515050e+00 -0.993286 0.002080 0.009865 0.969396 0.009865 0.002080 0.993286 -0.002114 -0.009979 -0.969100 -0.009979 -0.002114 0.000000 
5.000000e-01 5.000000e-01 4.999878e-03 5.000000e-01 5.000000e-01 1.515050e+00 -0.993286 0.002080 0.009865 0.969396 0.009865 0.002080 0.993286 -0.002114 -0.009979 -0.969100 -0.009979 -0.002114 0.000000 
5.000000e-01 5.000000e-01 4.999878e-03 5.000000e-01 5.000000e-01 1.515050e+00 -0.993286 0.002080 0.009865 0.969396 0.009865 0.002080 0.993286 -0.002114 -0.009979 -0.969100 -0.009979 -0.002114 0.000000 
5.000000e-01 5.000000e-01 4.999878e-03 5.000000e-01 5.000000e-01 1.515050e+00 -0.993286 0.002080 0.009865 0.969396 0.009865 0.002080 0.993286 -0.002114 -0.009979 -0.969100 -0.009979 -0.002114 0.000000 
5.000000e-01 5.000000e-01 4.999878e-03 5.000000e-01 5.000000e-01 1.515050e+00 -0.993286 0.002080 0.009865 0.969396 0.009865 0.002080 0.993286 -0.002114 -0.009979 -0.969100 -0.009979 -0.002114 0.000000 
5.000000e-01 5.000000e-01 4.999878e-03 5.000000e-01 5.000000e-01 1.515050e+00 -0.993286 0.002080 0.009865 0.969396 0.009865 0.002080 0.993286 -0.002114 -0.009979 -0.969100 -0.009979 -0.002114 0.000000 
5.000000e-01 5.000000e-01 4.999878e-03 5.000000e-01 5.000000e-01 1.515050e+00 -0.993286 0.002080 0.009865 0.969396 0.009865 0.002080 0.993286 -0.002114 -0.009979 -0.969100 -0.009979 -0.002114 0.000000 
5.000000e-01 5.000000e-01 4.999878e-03 5.000000e-01 5.000000e-01 1.515050e+00 -0.993286 0.002080 0.009865 0.969396 0.009865 0.002080 0.993286 -0.002114 -0.009979 -0.969100 -0.009979 -0.002114 0.000000 
5.000000e-01 5.000000e-01 4.999878e-03 5.000000e-01 5.000000e-01 1.515050e+00 -0.993286 0.002080 0.009865 0.969396 0.009865 0.002080 0.993286 -0.002114 -0.009979 -0.969100 -0.009979 -0.002114 0.000000 
5.000000e-01 5.000000e-01 4.999878e-03 5.000000e-01 5.000000e-01 1.515050e+00 -0.993286 0.002080 0.009865 0.969396 0.009865 0.002080 0.993286 -0.002114 -0.009979 -0.969100 -0.009979 -0.002114 0.000000 
5.000000e-01 5.000000e-01 4.999878e-03 5.000000e-01 5.000000e-01 1.515050e+00 -0.993286 0.002080 0.009865 0.969396 0.009865 0.002080 0.993286 -0.002114 -0.009979 -0.969100 -0.009979 -0.002114 0.000000 
5.000000e-01 5.000000e-01 4.999878e-03 5.000000e-01 5.000000e-01 1.515050e+00 -0.993286 0.002080 0.009865 0.969396 0.009865 0.002080 0.993286 -0.002114 -0.009979 -0.969100 -0.009979 -0.002114 0.000000 
5.000000e-01 5.000000e-01 4.999878e-03 5.000000e-01 5.000000e-01 1.515050e+00 -0.993286 0.002080 0.009865 0.969396 0.009865 0.002080 0.993286 -0.002114 -0.009979 -0.969100 -0.009979 -0.002114 0.000000 
5.000000e-01 5.000000e-01 4.999878e-03 5.000000e-01 5.000000e-01 1.515050e+00 -0.993286 0.002080 0.009865 0.969396 0.009865 0.002080 0.993286 -0.002114 -0.009979 -0.969100 -0.009979 -0.002114 0.000000 
5.000000e-01 5.000000e-01 4.999878e-03 5.000000e-01 5.000000e-01 1.515050e+00 -0.993286 0.002080 0.009865 0.969396 0.009865 0.002080 0.993286 -0.002114 -0.009979 -0.969100 -0.009979 -0.002114 0.000000 
5.000000e-01 5.000000e-01 4.999878e-03 5.000000e-01 5.000000e-01 1.515050e+00 -0.993286 0.002080 0.009865 0.969396 0.009865 0.002080 0.993286 -0.002114 -0.009979 -0.969100 -0.009979 -0.002114 0.000000 
5.000000e-01 5.000000e-01 4.999878e-03 5.000000e-01 5.000000e-01 1.515050e+00 -0.993286 0.002080 0.009865 0.969396 0.009865 0.002080 0.993286 -0.002114 -0.009979 -0.969100 -0.009979 -0.002114 0.000000 
5.000000e-01 5.000000e-01 4.999878e-03 5.000000e-01 5.000000e-01 1.515050e+00 -0.993286 0.002080 0.009865 0.969396 0.009865 0.002080 0.993286 -0.002114 -0.009979 -0.969100 -0.009979 -0.002114 0.000000 
5.000000e-01 5.000000e-01 4.999878e-03 5.000000e-01 5.000000e-01 1.515050e+00 -0.993286 0.002080 0.009865 0.969396 0.009865 0.002080 0.993286 -0.002114 -0.009979 -0.969100 -0.009979 -0.002114 0.000000 
5.000000e-01 5.000000e-01 4.999878e-03 5.000000e-01 5.000000e-01 1.515050e+00 -0.993286 0.002080 0.009865 0.969396 0.009865 0.002080 0.993286 -0.002114 -0.009979 -0.969100 -0.009979 -0.002114 0.000000 
5.000000e-01 5.000000e-01 4.999878e-03 5.000000e-01 5.000000e-01 1.515050e+00 -0.993286 0.002080 0.009865 0.969396 0.009865 0.002080 0.993286 -0.002114 -0.009979 -0.969100 -0.009979 -0.002114 0.000000 
5.000000e-01 5.000000e-01 4.999878e-03 5.000000e-01 5.000000e-01 1.515050e+00 -0.993286 0.002080 0.009865 0.969396 0.009865 0.002080 0.993286 -0.002114 -0.009979 -0.969100 -0.009979 -0.002114 0.000000 
5.000000e-01 5.000000e-01 4.999878e-03 5.000000e-01 5.000000e-01 1.515050e+00 -0.993286 0.002080 0.009865 0.969396 0.009865 0.002080 0.993286 -0.002114 -0.009979 -0.969100 -0.009979 -0.002114 0.000000 
5.000000e-01 5.000000e-01 4.999878e-03 5.000000e-01 5.000000e-01 1.515050e+00 -0.993286 0.002080 0.009865 0.969396 0.009865 0.002080 0.993286 -0.002114 -0.009979 -0.969100 -0.009979 -0.002114 0.000000 
5.000000e-01 5.000000e-01 4.999878e-03 5.000000e-01 5.000000e-01 1.515050e+00 -0.993286 0.002080 0.009865 0.969396 0.009865 0.002080 0.993286 -0.002114 -0.009979 -0.969100 -0.009979 -0.002114 0.000000 
5.000000e-01 5.000000e-01 4.999878e-03 5.000000e-01 5.000000e-01 1.515050e+00 -0.993286 0.002080 0.009865 0.969396 0.009865 0.002080 0.993286 -0.002114 -0.009979 -0.969100 -0.009979 -0.002114 0.000000 
5.000000e-01 5.000000e-01 4.999878e-03 5.000000e-01 5.000000e-01 1.515050e+00 -0.993286 0.002080 0.009865 0.969396 0.009865 0.002080 0.993286 -0.002114 -0.009979 -0.969100 -0.009979 -0.002114 0.000000 
5.000000e-01 5.000000e-01 4.999878e-03 5.000000e-01 5.000000e-01 1.515050e+00 -0.993286 0.002080 0.009865 0.969396 0.009865 0.002080 0.993286 -0.002114 -0.009979 -0.969100 -0.009979 -0.002114 0.000000 
5.000000e-01 5.000000e-01 4.999878e-03 5.000000e-01 5.000000e-01 1.515050e+00 -0.993286 0.002080 0.009865 0.969396 0.009865 0.002080 0.993286 -0.002114 -0.009979 -0.969100 -0.009979 -0.002114 0.000000 
5.000000e-01 5.000000e-01 4.999878e-03 5.000000e-01 5.000000e-01 1.515050e+00 -0.993286 0.002080 0.009865 0.969396 0.009865 0.002080 0.993286 -0.002114 -0.009979 -0.969100 -0.009979 -0.002114 0.000000 
5.000000e-01 5.000000e-01 4.999878e-03 5.000000e-01 5.000000e-01 1.515050e+00 -0.993286 0.002080 0.009865 0.969396 0.009865 0.002080 0.993286 -0.002114 -0.009979 -0.969100 -0.009979 -0.002114 0.000000 
5.000000e-01 5.000000e-01 4.999878e-03 5.000000e-01 5.000000e-01 1.515050e+00 -0.993286 0.002080 0.009865 0.969396 0.009865 0.002080 0.993286 -0.002114 -0.009979 -0.969100 -0.009979 -0.002114 0.000000 
5.000000e-01 5.000000e-01 4.999878e-03 5.000000e-01 5.000000e-01 1.515050e+00 -0.993286 0.002080 0.009865 0.969396 0.009865 0.002080 0.993286 -0.002114 -0.009979 -0.969100 -0.009979 -0.002114 0.000000 
5.000000e-01 5.000000e-01 4.999878e-03 5.000000e-01 5.000000e-01 1.515050e+00 -0.993286 0.002080 0.009865 0.969396 0.009865 0.002080 0.993286 -0.002114 -0.009979 -0.969100 -0.009979 -0.002114 0.000000 
5.000000e-01 5.000000e-01 4.999878e-03 5.000000e-01 5.000000e-01 1.515050e+00 -0.993286 0.002080 0.009865 0.969396 0.009865 0.002080 0.993286 -0.002114 -0.009979 -0.969100 -0.009979 -0.002114 0.000000 
5.000000e-01 5.000000e-01 4.999878e-03 5.000000e-01 5.000000e-01 1.515050e+00 -0.993286 0.002080 0.009865 0.969396 0.009865 0.002080 0.993286 -0.002114 -0.009979 -0.969100 -0.009979 -0.002114 0.000000 
5.000000e-01 5.000000e-01 4.999878e-03 5.000000e-01 5.000000e-01 1.515050e+00 -0.993286 0.002080 0.009865 0.969396 0.009865 0.002080 0.993286 -0.002114 -0.009979 -0.969100 -0.009979 -0.002114 0.000000 
5.000000e-01 5.000000e-01 4.999878e-03 5.000000e-01 5.000000e-01 1.515050e+00 -0.993286 0.002080 0.009865 0.969396 0.009865 0.002080 0.993286 -0.002114 -0.009979 -0.969100 -0.009979 -0.002114 0.000000 
5.000000e-01 5.000000e-01 4.999878e-03 5.000000e-01 5.000000e-01 1.515050e+00 -0.993286 0.002080 0.009865 0.969396 0.009865 0.002080 0.993286 -0.002114 -0.009979 -0.969100 -0.009979 -0.002114 0.000000 
5.000000e-01 5.000000e-01 4.999878e-03 5.000000e-01 5.000000e-01 1.515050e+00 -0.993286 0.002080 0.009865 0.969396 0.009865 0.002080 0.993286 -0.002114 -0.009979 -0.969100 -0.009979 -0.002114 0.000000 
5.000000e-01 5.000000e-01 4.999878e-03 5.000000e-01 5.000000e-01 1.515050e+00 -0.993286 0.002080 0.009865 0.969396 0.009865 0.002080 0.993286 -0.002114 -0.009979 -0.969100 -0.009979 -0.002114 0.000000 
5.000000e-01 5.000000e-01 4.999878e-03 5.000000e-01 5.000000e-01 1.515050e+00 -0.993286 0.002080 0.009865 0.969396 0.009865 0.002080 0.993286 -0.002114 -0.009979 -0.969100 -0.009979 -0.002114 0.000000 
5.000000e-01 5.000000e-01 4.999878e-03 5.000000e-01 5.000000e-01 1.515050e+00 -0.993286 0.002080 0.009865 0.969396 0.009865 0.002080 0.993286 -0.002114 -0.009979 -0.969100 -0.009979 -0.002114 0.000000 
5.000000e-01 5.000000e-01 4.999878e-03 5.000000e-01 5.000000e-01 1.515050e+00 -0.993286 0.002080 0.009865 0.969396 0.009865 0.002080 0.993286 -0.002114 -0.009979 -0.969100 -0.009979 -0.002114 0.000000 
5.000000e-01 5.000000e-01 4.999878e-03 5.000000e-01 5.000000e-01 1.515050e+00 -0.993286 0.002080 0.009865 0.969396 0.009865 0.002080 0.993286 -0.002114 -0.009979 -0.969100 -0.009979 -0.002114 0.000000 
5.000000e-01 5.000000e-01 4.999878e-03 5.000000e-01 5.000000e-01 1.515050e+00 -0.993286 0.002080 0.009865 0.969396 0.009865 0.002080 0.993286 -0.002114 -0.009979 -0.969100 -0.009979 -0.002114 0.000000 
5.000000e-01 5.000000e-01 4.999878e-03 5.000000e-01 5.000000e-01 1.515050e+00 -0.993286 0.002080 0.009865 0.969396 0.009865 0.002080 0.993286 -0.002114 -0.009979 -0.969100 -0.009979 -0.002114 0.000000 
5.000000e-01 5.000000e-01 4.999878e-03 5.000000e-01 5.000000e-01 1.515050e+00 -0.993286 0.002080 0.009865 0.969396 0.009865 0.002080 0.993286 -0.002114 -0.009979 -0.969100 -0.009979 -0.002114 0.000000 
5.000000e-01 5.000000e-01 4.999878e-03 5.000000e-01 5.000000e-01 1.515050e+00 -0.993286 0.002080 0.009865 0.969396 0.009865 0.002080 0.993286 -0.002114 -0.009979 -0.969100 -0.009979 -0.002114 0.000000 
5.000000e-01 5.000000e-01 4.999878e-03 5.000000e-01 5.000000e-01 1.515050e+00 -0.993286 0.002080 0.009865 0.969396 0.009865 0.002080 0.993286 -0.002114 -0.009979 -0.969100 -0.009979 -0.002114 0.000000 
5.000000e-01 5.000000e-01 4.999878e-03 5.000000e-01 5.000000e-01 1.515050e+00 -0.993286 0.002080 0.009865 0.969396 0.009865 0.002080 0.993286 -0.002114 -0.009979 -0.969100 -0.009979 -0.002114 0.000000 
5.000000e-01 5.000000e-01 4.999878e-03 5.000000e-01 5.000000e-01 1.515050e+00 -0.993286 0.002080 0.009865 0.969396 0.009865 0.002080 0.993286 -0.002114 -0.009979 -0.969100 -0.009979 -0.002114 0.000000 
5.000000e-01 5.000000e-01 4.999878e-03 5.000000e-01 5.000000e-01 1.515050e+00 -0.993286 0.002080 0.009865 0.969396 0.009865 0.002080 0.993286 -0.002114 -0.009979 -0.969100 -0.009979 -0.002114 0.000000 
5.000000e-01 5.000000e-01 4.999878e-03 5.000000e-01 5.000000e-01 1.515050e+00 -0.993286 0.002080 0.009865 0.969396 0.009865 0.002080 0.993286 -0.002114 -0.009979 -0.969100 -0.009979 -0.002114 0.000000 
5.000000e-01 5.000000e-01 4.999878e-03 5.000000e-01 5.000000e-01 1.515050e+00 -0.993286 0.002080 0.009865 0.969396 0.009865 0.002080 0.993286 -0.002114 -0.009979 -0.969100 -0.009979 -0.002114 0.000000 
5.000000e-01 5.000000e-01 4.999878e-03 5.000000e-01 5.000000e-01 1.515050e+00 -0.993286 0.002080 0.009865 0.969396 0.009865 0.002080 0.993286 -0.002114 -0.009979 -0.969100 -0.009979 -0.002114 0.000000 
5.000000e-01 5.000000e-01 4.999878e-03 5.000000e-01 5.000000e-01 1.515050e+00 -0.993286 0.002080 0.009865 0.969396 0.009865 0.002080 0.993286 -0.002114 -0.009979 -0.969100 -0.009979 -0.002114 0.000000 
5.000000e-01 5.000000e-01 4.999878e-03 5.000000e-01 5.000000e-01 1.515050e+00 -0.993286 0.002080 0.009865 0.969396 0.009865 0.002080 0.993286 -0.002114 -0.009979 -0.969100 -0.009979 -0.002114 0.000000 
5.000000e-01 5.000000e-01 4.999878e-03 5.000000e-01 5.000000e-01 1.515050e+00 -0.993286 0.002080 0.009865 0.969396 0.009865 0.002080 0.993286 -0.002114 -0.009979 -0.969100 -0.009979 -0.002114 0.000000 
5.000000e-01 5.000000e-01 4.999878e-03 5.000000e-01 5.000000e-01 1.515050e+00 -0.993286 0.002080 0.009865 0.969396 0.009865 0.002080 0.993286 -0.002114 -0.009979 -0.969100 -0.009979 -0.002114 0.000000 
5.000000e-01 5.000000e-01 4.999878e-03 5.000000e-01 5.000000e-01 1.515050e+00 -0.993286 0.002080 0.009865 0.969396 0.009865 0.002080 0.993286 -0.002114 -0.009979 -0.969100 -0.009979 -0.002114 0.000000 
5.000000e-01 5.000000e-01 4.999878e-03 5.000000e-01 5.000000e-01 1.515050e+00 -0.993286 0.002080 0.009865 0.969396 0.009865 0.002080 0.993286 -0.002114 -0.009979 -0.969100 -0.009979 -0.002114 0.000000 
5.000000e-01 5.000000e-01 4.999878e-03 5.000000e-01 5.000000e-01 1.515050e+00 -0.993286 0.002080 0.009865 0.969396 0.009865 0.002080 0.993286 -0.002114 -0.009979 -0.969100 -0.009979 -0.002114 0.000000 
5.000000e-01 5.000000e-01 4.999878e-03 5.000000e-01 5.000000e-01 1.515050e+00 -0.993286 0.002080 0.009865 0.969396 0.009865 0.002080 0.993286 -0.002114 -0.009979 -0.969100 -0.009979 -0.002114 0.000000 
5.000000e-01 5.000000e-01 4.999878e-03 5.000000e-01 5.000000e-01 1.515050e+00 -0.993286 0.002080 0.009865 0.969396 0.009865 0.002080 0.993286 -0.002114 -0.009979 -0.969100 -0.009979 -0.002114 0.000000 
5.000000e-01 5.000000e-01 4.999878e-03 5.000000e-01 5.000000e-01 1.515050e+00 -0.993286 0.002080 0.009865 0.969396 0.009865 0.002080 0.993286 -0.002114 -0.009979 -0.969100 -0.009979 -0.002114 0.000000 
5.000000e-01 5.000000e-01 4.999878e-03 5.000000e-01 5.000000e-01 1.515050e+00 -0.993286 0.002080 0.009865 0.969396 0.009865 0.002080 0.993286 -0.002114 -0.009979 -0.969100 -0.009979 -0.002114 0.000000 
5.000000e-01 5.000000e-01 4.999878e-03 5.000000e-01 5.000000e-01 1.515050e+00 -0.993286 0.002080 0.009865 0.969396 0.009865 0.002080 0.993286 -0.002114 -0.009979 -0.969100 -0.009979 -0.002114 0.000000 
5.000000e-01 5.000000e-01 4.999878e-03 5.000000e-01 5.000000e-01 1.515050e+00 -0.993286 0.002080 0.009865 0.969396 0.009865 0.002080 0.993286 -0.002114 -0.009979 -0.969100 -0.009979 -0.002114 0.000000 
5.000000e-01 5.000000e-01 4.999878e-03 5.000000e-01 5.000000e-01 1.515050e+00 -0.993286 0.002080 0.009865 0.969396 0.009865 0.002080 0.993286 -0.002114 -0.009979 -0.969100 -0.009979 -0.002114 0.000000 
5.000000e-01 5.000000e-01 4.999878e-03 5.000000e-01 5.000000e-01 1.515050e+00 -0.993286 0.002080 0.009865 0.969396 0.009865 0.002080 0.993286 -0.002114 -0.009979 -0.969100 -0.009979 -0.002114 0.000000 
5.000000e-01 5.000000e-01 4.999878e-03 5.000000e-01 5.000000e-01 1.515050e+00 -0.993286 0.002080 0.009865 0.969396 0.009865 0.002080 0.993286 -0.002114 -0.009979 -0.969100 -0.009979 -0.002114 0.000000 
5.000000e-01 5.000000e-01 4.999878e-03 5.000000e-01 5.000000e-01 1.515050e+00 -0.993286 0.002080 0.009865 0.969396 0.009865 0.002080 0.993286 -0.002114 -0.009979 -0.969100 -0.009979 -0.002114 0.000000 
5.000000e-01 5.000000e-01 4.999878e-03 5.000000e-01 5.000000e-01 1.515050e+00 -0.993286 0.002080 0.009865 0.969396 0.009865 0.002080 0.993286 -0.002114 -0.009979 -0.969100 -0.009979 -0.002114 0.000000 
5.000000e-01 5.000000e-01 4.999878e-03 5.000000e-01 5.000000e-01 1.515050e+00 -0.993286 0.002080 0.009865 0.969396 0.009865 0.002080 0.993286 -0.002114 -0.009979 -0.969100 -0.009979 -0.002114 0.000000 
5.000000e-01 5.000000e-01 4.999878e-03 5.000000e-01 5.000000e-01 1.515050e+00 -0.993286 0.002080 0.009865 0.969396 0.009865 0.002080 0.993286 -0.002114 -0.009979 -0.969100 -0.009979 -0.002114 0.000000 
5.000000e-01 5.000000e-01 4.999878e-03 5.000000e-01 5.000000e-01 1.515050e+00 -0.993286 0.002080 0.009865 0.969396 0.009865 0.002080 0.993286 -0.002114 -0.009979 -0.969100 -0.009979 -0.002114 0.000000 
5.000000e-01 5.000000e-01 4.999878e-03 5.000000e-01 5.000000e-01 1.515050e+00 -0.993286 0.002080 0.009865 0.969396 0.009865 0.002080 0.993286 -0.002114 -0.009979 -0.969100 -0.009979 -0.002114 0.000000 
5.000000e-01 5.000000e-01 4.999878e-03 5.000000e-01 5.000000e-01 1.515050e+00 -0.993286 0.002080 0.009865 0.969396 0.009865 0.002080 0.993286 -0.002114 -0.009979 -0.969100 -0.009979 -0.002114 0.000000 
5.000000e-01 5.000000e-01 4.999878e-03 5.000000e-01 5.000000e-01 1.515050e+00 -0.993286 0.002080 0.009865 0.969396 0.009865 0.002080 0.993286 -0.002114 -0.009979 -0.969100 -0.009979 -0.002114 0.000000 
5.000000e-01 5.000000e-01 4.999878e-03 5.000000e-01 5.000000e-01 1.515050e+00 -0.993286 0.002080 0.009865 0.969396 0.009865 0.002080 0.993286 -0.002114 -0.009979 -0.969100 -0.009979 -0.002114 0.000000 
5.000000e-01 5.000000e-01 4.999878e-03 5.000000e-01 5.000000e-01 1.515050e+00 -0.993286 0.002080 0.009865 0.969396 0.009865 0.002080 0.993286 -0.002114 -0.009979 -0.969100 -0.009979 -0.002114 0.000000 
5.000000e-01 5.000000e-01 4.999878e-03 5.000000e-01 5.000000e-01 1.515050e+00 -0.993286 0.002080 0.009865 0.969396 0.009865 0.002080 0.993286 -0.002114 -0.009979 -0.969100 -0.009979 -0.002114 0.000000 
5.000000e-01 5.000000e-01 4.999878e-03 5.000000e-01 5.000000e-01 1.515050e+00 -0.993286 0.002080 0.009865 0.969396 0.009865 0.002080 0.993286 -0.002114 -0.009979 -0.969100 -0.009979 -0.002114 0.000000 
5.000000e-01 5.000000e-01 4.999878e-03 5.000000e-01 5.000000e-01 1.515050e+00 -0.993286 0.002080 0.009865 0.969396 0.009865 0.002080 0.993286 -0.002114 -0.009979 -0.969100 -0.009979 -0.002114 0.000000 
5.000000e-01 5.000000e-01 4.999878e-03 5.000000e-01 5.000000e-01 1.515050e+00 -0.993286 0.002080 0.009865 0.969396 0.009865 0.002080 0.993286 -0.002114 -0.009979 -0.969100 -0.009979 -0.002114 0.000000 
5.000000e-01 5.000000e-01 4.999878e-03 5.000000e-01 5.000000e-01 1.515050e+00 -0.993286 0.002080 0.009865 0.969396 0.009865 0.002080 0.993286 -0.002114 -0.009979 -0.969100 -0.009979 -0.002114 0.000000 
5.000000e-01 5.000000e-01 4.999878e-03 5.000000e-01 5.000000e-01 1.515050e+00 -0.993286 0.002080 0.009865 0.969396 0.009865 0.002080 0.993286 -0.002114 -0.009979 -0.969100 -0.009979 -0.002114 0.000000 
5.000000e-01 5.000000e-01 4.999878e-03 5.000000e-01 5.000000e-01 1.515050e+00 -0.993286 0.002080 0.009865 0.969396 0.009865 0.002080 0.993286 -0.002114 -0.009979 -0.969100 -0.009979 -0.002114 0.000000 
5.000000e-01 5.000000e-01 4.999878e-03 5.000000e-01 5.000000e-01 1.515050e+00 -0.993286 0.002080 0.009865 0.969396 0.009865 0.002080 0.993286 -0.002114 -0.009979 -0.969100 -0.009979 -0.002114 0.000000 
5.000000e-01 5.000000e-01 4.999878e-03 5.000000e-01 5.000000e-01 1.515050e+00 -0.993286 0.002080 0.009865 0.969396 0.009865 0.002080 0.993286 -0.002114 -0.009979 -0.969100 -0.009979 -0.002114 0.000000 
5.000000e-01 5.000000e-01 4.999878e-03 5.000000e-01 5.000000e-01 1.515050e+00 -0.993286 0.002080 0.009865 0.969396 0.009865 0.002080 0.993286 -0.002114 -0.009979 -0.969100 -0.009979 -0.002114 0.000000 
5.000000e-01 5.000000e-01 4.999878e-03 5.000000e-01 5.000000e-01 1.515050e+00 -0.993286 0.002080 0.009865 0.969396 0.009865 0.002080 0.993286 -0.002114 -0.009979 -0.969100 -0.009979 -0.002114 0.000000 
5.000000e-01 5.000000e-01 4.999878e-03 5.000000e-01 5.000000e-01 1.515050e+00 -0.993286 0.002080 0.009865 0.969396 0.009865 0.002080 0.993286 -0.002114 -0.009979 -0.969100 -0.009979 -0.002114 0.000000 
5.000000e-01 5.000000e-01 4.999878e-03 5.000000e-01 5.000000e-01 1.515050e+00 -0.993286 0.002080 0.009865 0.969396 0.009865 0.002080 0.993286 -0.002114 -0.009979 -0.969100 -0.009979 -0.002114 0.000000 
5.000000e-01 5.000000e-01 4.999878e-03 5.000000e-01 5.000000e-01 1.515050e+00 -0.993286 0.002080 0.009865 0.969396 0.009865 0.002080 0.993286 -0.002114 -0.009979 -0.969100 -0.009979 -0.002114 0.000000 
5.000000e-01 5.000000e-01 4.999878e-03 5.000000e-01 5.000000e-01 1.515050e+00 -0.993286 0.002080 0.009865 0.969396 0.009865 0.002080 0.993286 -0.002114 -0.009979 -0.969100 -0.009979 -0.002114 0.000000 
5.000000e-01 5.000000e-01 4.999878e-03 5.000000e-01 5.000000e-01 1.515050e+00 -0.993286 0.002080 0.009865 0.969396 0.009865 0.002080 0.993286 -0.002114 -0.009979 -0.969100 -0.009979 -0.002114 0.000000 
5.000000e-01 5.000000e-01 4.999878e-03 5.000000e-01 5.000000e-01 1.515050e+00 -0.993286 0.002080 0.009865 0.969396 0.009865 0.002080 0.993286 -0.002114 -0.009979 -0.969100 -0.009979 -0.002114 0.000000 
5.000000e-01 5.000000e-01 4.999878e-03 5.000000e-01 5.000000e-01 1.515050e+00 -0.993286 0.002080 0.009865 0.969396 0.009865 0.002080 0.993286 -0.002114 -0.009979 -0.969100 -0.009979 -0.002114 0.000000 
5.000000e-01 5.000000e-01 4.999878e-03 5.000000e-01 5.000000e-01 1.515050e+00 -0.993286 0.002080 0.009865 0.969396 0.009865 0.002080 0.993286 -0.002114 -0.009979 -0.969100 -0.009979 -0.002114 0.000000 
5.000000e-01 5.000000e-01 4.999878e-03 5.000000e-01 5.000000e-01 1.515050e+00 -0.993286 0.002080 0.009865 0.969396 0.009865 0.002080 0.993286 -0.002114 -0.009979 -0.969100 -0.009979 -0.002114 0.000000 
5.000000e-01 5.000000e-01 4.999878e-03 5.000000e-01 5.000000e-01 1.515050e+00 -0.993286 0.002080 0.009865 0.969396 0.009865 0.002080 0.993286 -0.002114 -0.009979 -0.969100 -0.009979 -0.002114 0.000000 
5.000000e-01 5.000000e-01 4.999878e-03 5.000000e-01 5.000000e-01 1.515050e+00 -0.993286 0.002080 0.009865 0.969396 0.009865 0.002080 0.993286 -0.002114 -0.009979 -0.969100 -0.009979 -0.002114 0.000000 
5.000000e-01 5.000000e-01 4.999878e-03 5.000000e-01 5.000000e-01 1.515050e+00 -0.993286 0.002080 0.009865 0.969396 0.009865 0.002080 0.993286 -0.002114 -0.009979 -0.969100 -0.009979 -0.002114 0.000000 
5.000000e-01 5.000000e-01 4.999878e-03 5.000000e-01 5.000000e-01 1.515050e+00 -0.993286 0.002080 0.009865 0.969396 0.009865 0.002080 0.993286 -0.002114 -0.009979 -0.969100 -0.009979 -0.002114 0.000000 
5.000000e-01 5.000000e-01 4.999878e-03 5.000000e-01 5.000000e-01 1.515050e+00 -0.993286 0.002080 0.009865 0.969396 0.009865 0.002080 0.993286 -0.002114 -0.009979 -0.969100 -0.009979 -0.002114 0.000000 
5.000000e-01 5.000000e-01 4.999878e-03 5.000000e-01 5.000000e-01 1.515050e+00 -0.993286 0.002080 0.009865 0.969396 0.009865 0.002080 0.993286 -0.002114 -0.009979 -0.969100 -0.009979 -0.002114 0.000000 
5.000000e-01 5.000000e-01 4.999878e-03 5.000000e-01 5.000000e-01 1.515050e+00 -0.993286 0.002080 0.009865 0.969396 0.009865 0.002080 0.993286 -0.002114 -0.009979 -0.969100 -0.009979 -0.002114 0.000000 
5.000000e-01 5.000000e-01 4.999878e-03 5.000000e-01 5.000000e-01 1.515050e+00 -0.993286 0.002080 0.009865 0.969396 0.009865 0.002080 0.993286 -0.002114 -0.009979 -0.969100 -0.009979 -0.002114 0.000000 
5.000000e-01 5.000000e-01 4.999878e-03 5.000000e-01 5.000000e-01 1.515050e+00 -0.993286 0.002080 0.009865 0.969396 0.009865 0.002080 0.993286 -0.002114 -0.009979 -0.969100 -0.009979 -0.002114 0.000000 
5.000000e-01 5.000000e-01 4.999878e-03 5.000000e-01 5.000000e-01 1.515050e+00 -0.993286 0.002080 0.009865 0.969396 0.009865 0.002080 0.993286 -0.002114 -0.009979 -0.969100 -0.009979 -0.002114 0.000000 
5.000000e-01 5.000000e-01 4.999878e-03 5.000000e-01 5.000000e-01 1.515050e+00 -0.993286 0.002080 0.009865 0.969396 0.009865 0.002080 0.993286 -0.002114 -0.009979 -0.969100 -0.009979 -0.002114 0.000000 
5.000000e-01 5.000000e-01 4.999878e-03 5.000000e-01 5.000000e-01 1.515050e+00 -0.993286 0.002080 0.009865 0.969396 0.009865 0.002080 0.993286 -0.002114 -0.009979 -0.969100 -0.009979 -0.002114 0.000000 
5.000000e-01 5.000000e-01 4.999878e-03 5.000000e-01 5.000000e-01 1.515050e+00 -0.993286 0.002080 0.009865 0.969396 0.009865 0.002080 0.993286 -0.002114 -0.009979 -0.969100 -0.009979 -0.002114 0.000000 
5.000000e-01 5.000000e-01 4.999878e-03 5.000000e-01 5.000000e-01 1.515050e+00 -0.993286 0.002080 0.009865 0.969396 0.009865 0.002080 0.993286 -0.002114 -0.009979 -0.969100 -0.009979 -0.002114 0.000000 
5.000000e-01 5.000000e-01 4.999878e-03 5.000000e-01 5.000000e-01 1.515050e+00 -0.993286 0.002080 0.009865 0.969396 0.009865 0.002080 0.993286 -0.002114 -0.009979 -0.969100 -0.009979 -0.002114 0.000000 
5.000000e-01 5.000000e-01 4.999878e-03 5.000000e-01 5.000000e-01 1.515050e+00 -0.993286 0.002080 0.009865 0.969396 0.009865 0.002080 0.993286 -0.002114 -0.009979 -0.969100 -0.009979 -0.002114 0.000000 
5.000000e-01 5.000000e-01 4.999878e-03 5.000000e-01 5.000000e-01 1.515050e+00 -0.993286 0.002080 0.009865 0.969396 0.009865 0.002080 0.993286 -0.002114 -0.009979 -0.969100 -0.009979 -0.002114 0.000000 
5.000000e-01 5.000000e-01 4.999878e-03 5.000000e-01 5.000000e-01 1.515050e+00 -0.993286 0.002080 0.009865 0.969396 0.009865 0.002080 0.993286 -0.002114 -0.009979 -0.969100 -0.009979 -0.002114 0.000000 
5.000000e-01 5.000000e-01 4.999878e-03 5.000000e-01 5.000000e-01 1.515050e+00 -0.993286 0.002080 0.009865 0.969396 0.009865 0.002080 0.993286 -0.002114 -0.009979 -0.969100 -0.009979 -0.002114 0.000000 
5.000000e-01 5.000000e-01 4.999878e-03 5.000000e-01 5.000000e-01 1.515050e+00 -0.993286 0.002080 0.009865 0.969396 0.009865 0.002080 0.993286 -0.002114 -0.009979 -0.969100 -0.009979 -0.002114 0.000000 
5.000000e-01 5.000000e-01 4.999878e-03 5.000000e-01 5.000000e-01 1.515050e+00 -0.993286 0.002080 0.009865 0.969396 0.009865 0.002080 0.993286 -0.002114 -0.009979 -0.969100 -0.009979 -0.002114 0.000000 
5.000000e-01 5.000000e-01 4.999878e-03 5.000000e-01 5.000000e-01 1.515050e+00 -0.993286 0.002080 0.009865 0.969396 0.009865 0.002080 0.993286 -0.002114 -0.009979 -0.969100 -0.009979 -0.002114 0.000000 
5.000000e-01 5.000000e-01 4.999878e-03 5.000000e-01 5.000000e-01 1.515050e+00 -0.993286 0.002080 0.009865 0.969396 0.009865 0.002080 0.993286 -0.002114 -0.009979 -0.969100 -0.009979 -0.002114 0.000000 
5.000000e-01 5.000000e-01 4.999878e-03 5.000000e-01 5.000000e-01 1.515050e+00 -0.993286 0.002080 0.009865 0.969396 0.009865 0.002080 0.993286 -0.002114 -0.009979 -0.969100 -0.009979 -0.002114 0.000000 
5.000000e-01 5.000000e-01 4.999878e-03 5.000000e-01 5.000000e-01 1.515050e+00 -0.993286 0.002080 0.009865 0.969396 0.009865 0.002080 0.993286 -0.002114 -0.009979 -0.969100 -0.009979 -0.002114 0.000000 
5.000000e-01 5.000000e-01 4.999878e-03 5.000000e-01 5.000000e-01 1.515050e+00 -0.993286 0.002080 0.009865 0.969396 0.009865 0.002080 0.993286 -0.002114 -0.009979 -0.969100 -0.009979 -0.002114 0.000000 
5.000000e-01 5.000000e-01 4.999878e-03 5.000000e-01 5.000000e-01 1.515050e+00 -0.993286 0.002080 0.009865 0.969396 0.009865 0.002080 0.993286 -0.002114 -0.009979 -0.969100 -0.009979 -0.002114 0.000000 
5.000000e-01 5.000000e-01 4.999878e-03 5.000000e-01 5.000000e-01 1.515050e+00 -0.993286 0.002080 0.009865 0.969396 0.009865 0.002080 0.993286 -0.002114 -0.009979 -0.969100 -0.009979 -0.002114 0.000000 
5.000000e-01 5.000000e-01 4.999878e-03 5.000000e-01 5.000000e-01 1.515050e+00 -0.993286 0.002080 0.009865 0.969396 0.009865 0.002080 0.993286 -0.002114 -0.009979 -0.969100 -0.009979 -0.002114 0.000000 
5.000000e-01 5.000000e-01 4.999878e-03 5.000000e-01 5.000000e-01 1.515050e+00 -0.993286 0.002080 0.009865 0.969396 0.009865 0.002080 0.993286 -0.002114 -0.009979 -0.969100 -0.009979 -0.002114 0.000000 
5.000000e-01 5.000000e-01 4.999878e-03 5.000000e-01 5.000000e-01 1.515050e+00 -0.993286 0.002080 0.009865 0.969396 0.009865 0.002080 0.993286 -0.002114 -0.009979 -0.969100 -0.009979 -0.002114 0.000000 
5.000000e-01 5.000000e-01 4.999878e-03 5.000000e-01 5.000000e-01 1.515050e+00 -0.993286 0.002080 0.009865 0.969396 0.009865 0.002080 0.993286 -0.002114 -0.009979 -0.969100 -0.009979 -0.002114 0.000000 
5.000000e-01 5.000000e-01 4.999878e-03 5.000000e-01 5.000000e-01 1.515050e+00 -0.993286 0.002080 0.009865 0.969396 0.009865 0.002080 0.993286 -0.002114 -0.009979 -0.969100 -0.009979 -0.002114 0.000000 
5.000000e-01 5.000000e-01 4.999878e-03 5.000000e-01 5.000000e-01 1.515050e+00 -0.993286 0.002080 0.009865 0.969396 0.009865 0.002080 0.993286 -0.002114 -0.009979 -0.969100 -0.009979 -0.002114 0.000000 
5.000000e-01 5.000000e-01 4.999878e-03 5.000000e-01 5.000000e-01 1.515050e+00 -0.993286 0.002080 0.009865 0.969396 0.009865 0.002080 0.993286 -0.002114 -0.009979 -0.969100 -0.009979 -0.002114 0.000000 
5.000000e-01 5.000000e-01 4.999878e-03 5.000000e-01 5.000000e-01 1.515050e+00 -0.993286 0.002080 0.009865 0.969396 0.009865 0.002080 0.993286 -0.002114 -0.009979 -0.969100 -0.009979 -0.002114 0.000000 
5.000000e-01 5.000000e-01 4.999878e-03 5.000000e-01 5.000000e-01 1.515050e+00 -0.993286 0.002080 0.009865 0.969396 0.009865 0.002080 0.993286 -0.002114 -0.009979 -0.969100 -0.009979 -0.002114 0.000000 
5.000000e-01 5.000000e-01 4.999878e-03 5.000000e-01 5.000000e-01 1.515050e+00 -0.993286 0.002080 0.009865 0.969396 0.009865 0.002080 0.993286 -0.002114 -0.009979 -0.969100 -0.009979 -0.002114 0.000000 
