# TeX TeY TeZ ThX ThY THZ P1 P2
5.000000e-01 5.000000e-01 1.440000e+00 5.000000e-01 5.000000e-01 1.440000e+00 0.000000 0.000000 0.000000 0.000000 0.000000 0.000000 0.000000 0.000000 0.000000 0.000000 0.000000 0.000000 0.000000 
5.000000e-01 5.000000e-01 1.432899e+00 5.000000e-01 5.000000e-01 1.446217e+00 -0.008812 -0.006339 -0.014123 0.049736 -0.014123 -0.006339 0.008812 -0.001602 -0.001867 -0.001872 -0.001867 -0.001602 0.000000 
5.000000e-01 5.000000e-01 1.425723e+00 5.000000e-01 5.000000e-01 1.452396e+00 -0.017647 -0.012662 -0.028052 0.099075 -0.028052 -0.012662 0.017647 -0.003209 -0.003740 -0.003750 -0.003740 -0.003209 0.000000 
5.000000e-01 5.000000e-01 1.418473e+00 5.000000e-01 5.000000e-01 1.458537e+00 -0.026508 -0.018983 -0.042008 0.148489 -0.042008 -0.018983 0.026508 -0.004820 -0.005617 -0.005632 -0.005617 -0.004820 0.000000 
5.000000e-01 5.000000e-01 1.411149e+00 5.000000e-01 5.000000e-01 1.464640e+00 -0.035397 -0.025283 -0.056022 0.198006 -0.056022 -0.025283 0.035397 -0.006437 -0.007501 -0.007521 -0.007501 -0.006437 0.000000 
5.000000e-01 5.000000e-01 1.403750e+00 5.000000e-01 5.000000e-01 1.470705e+00 -0.044309 -0.031518 -0.069665 0.246676 -0.069665 -0.031518 0.044309 -0.008057 -0.009390 -0.009415 -0.009390 -0.008057 0.000000 
5.000000e-01 5.000000e-01 1.396276e+00 5.000000e-01 5.000000e-01 1.476731e+00 -0.053253 -0.037741 -0.083700 0.296134 -0.083700 -0.037741 0.053253 -0.009683 -0.011285 -0.011315 -0.011285 -0.009683 0.000000 
5.000000e-01 5.000000e-01 1.388728e+00 5.000000e-01 5.000000e-01 1.482718e+00 -0.062223 -0.043913 -0.097635 0.345319 -0.097635 -0.043913 0.062223 -0.011314 -0.013186 -0.013221 -0.013186 -0.011314 0.000000 
5.000000e-01 5.000000e-01 1.381105e+00 5.000000e-01 5.000000e-01 1.488665e+00 -0.071220 -0.050014 -0.111480 0.394208 -0.111480 -0.050014 0.071220 -0.012950 -0.015093 -0.015133 -0.015093 -0.012950 0.000000 
5.000000e-01 5.000000e-01 1.373409e+00 5.000000e-01 5.000000e-01 1.494573e+00 -0.080246 -0.056040 -0.125387 0.443099 -0.125387 -0.056040 0.080246 -0.014591 -0.017006 -0.017052 -0.017006 -0.014591 0.000000 
5.000000e-01 5.000000e-01 1.365638e+00 5.000000e-01 5.000000e-01 1.500439e+00 -0.089295 -0.061985 -0.139071 0.491408 -0.139071 -0.061985 0.089295 -0.016236 -0.018924 -0.018975 -0.018924 -0.016236 0.000000 
5.000000e-01 5.000000e-01 1.357794e+00 5.000000e-01 5.000000e-01 1.506262e+00 -0.098371 -0.067861 -0.152872 0.539837 -0.152872 -0.067861 0.098371 -0.017886 -0.020847 -0.020904 -0.020847 -0.017886 0.000000 
5.000000e-01 5.000000e-01 1.349876e+00 5.000000e-01 5.000000e-01 1.512050e+00 -0.107471 -0.073644 -0.166373 0.587504 -0.166373 -0.073644 0.107471 -0.019540 -0.022776 -0.022839 -0.022776 -0.019540 0.000000 
5.000000e-01 5.000000e-01 1.341885e+00 5.000000e-01 5.000000e-01 1.515007e+00 -0.114712 -0.077779 -0.173632 0.617534 -0.173632 -0.077779 0.114712 -0.020856 -0.024311 -0.024379 -0.024311 -0.020856 0.000000 
5.000000e-01 5.000000e-01 1.333822e+00 5.000000e-01 5.000000e-01 1.515007e+00 -0.120005 -0.080217 -0.174301 0.629042 -0.174301 -0.080217 0.120005 -0.021817 -0.025433 -0.025505 -0.025433 -0.021817 0.000000 
5.000000e-01 5.000000e-01 1.325687e+00 5.000000e-01 5.000000e-01 1.515007e+00 -0.125344 -0.082567 -0.174726 0.639930 -0.174726 -0.082567 0.125344 -0.022787 -0.026564 -0.026641 -0.026564 -0.022787 0.000000 
5.000000e-01 5.000000e-01 1.317480e+00 5.000000e-01 5.000000e-01 1.515007e+00 -0.130730 -0.084824 -0.174924 0.650228 -0.174924 -0.084824 0.130730 -0.023765 -0.027706 -0.027787 -0.027706 -0.023765 0.000000 
5.000000e-01 5.000000e-01 1.309202e+00 5.000000e-01 5.000000e-01 1.515007e+00 -0.136162 -0.086988 -0.174914 0.659966 -0.174914 -0.086988 0.136162 -0.024751 -0.028858 -0.028944 -0.028858 -0.024751 0.000000 
5.000000e-01 5.000000e-01 1.300853e+00 5.000000e-01 5.000000e-01 1.515007e+00 -0.141641 -0.089040 -0.174692 0.669107 -0.174692 -0.089040 0.141641 -0.025745 -0.030020 -0.030110 -0.030020 -0.025745 0.000000 
5.000000e-01 5.000000e-01 1.292434e+00 5.000000e-01 5.000000e-01 1.515007e+00 -0.147165 -0.090983 -0.174290 0.677711 -0.174290 -0.090983 0.147165 -0.026748 -0.031191 -0.031287 -0.031191 -0.026748 0.000000 
5.000000e-01 5.000000e-01 1.283945e+00 5.000000e-01 5.000000e-01 1.515007e+00 -0.152736 -0.092828 -0.173741 0.685874 -0.173741 -0.092828 0.152736 -0.027759 -0.032372 -0.032474 -0.032372 -0.027759 0.000000 
5.000000e-01 5.000000e-01 1.275387e+00 5.000000e-01 5.000000e-01 1.515007e+00 -0.158351 -0.094574 -0.173061 0.693620 -0.173061 -0.094574 0.158351 -0.028777 -0.033563 -0.033671 -0.033563 -0.028777 0.000000 
5.000000e-01 5.000000e-01 1.266761e+00 5.000000e-01 5.000000e-01 1.515007e+00 -0.164012 -0.096220 -0.172260 0.700974 -0.172260 -0.096220 0.164012 -0.029804 -0.034764 -0.034877 -0.034764 -0.029804 0.000000 
5.000000e-01 5.000000e-01 1.258066e+00 5.000000e-01 5.000000e-01 1.515007e+00 -0.169718 -0.097767 -0.171353 0.707958 -0.171353 -0.097767 0.169718 -0.030838 -0.035974 -0.036094 -0.035974 -0.030838 0.000000 
5.000000e-01 5.000000e-01 1.249303e+00 5.000000e-01 5.000000e-01 1.515007e+00 -0.175468 -0.099213 -0.170350 0.714594 -0.170350 -0.099213 0.175468 -0.031880 -0.037193 -0.037320 -0.037193 -0.031880 0.000000 
5.000000e-01 5.000000e-01 1.240473e+00 5.000000e-01 5.000000e-01 1.515007e+00 -0.181262 -0.100553 -0.169257 0.720883 -0.169257 -0.100553 0.181262 -0.032930 -0.038423 -0.038556 -0.038423 -0.032930 0.000000 
5.000000e-01 5.000000e-01 1.231577e+00 5.000000e-01 5.000000e-01 1.515007e+00 -0.187100 -0.101786 -0.168087 0.726845 -0.168087 -0.101786 0.187100 -0.033988 -0.039661 -0.039802 -0.039661 -0.033988 0.000000 
5.000000e-01 5.000000e-01 1.222614e+00 5.000000e-01 5.000000e-01 1.515007e+00 -0.192981 -0.102922 -0.166852 0.732530 -0.166852 -0.102922 0.192981 -0.035052 -0.040909 -0.041058 -0.040909 -0.035052 0.000000 
5.000000e-01 5.000000e-01 1.213586e+00 5.000000e-01 5.000000e-01 1.515007e+00 -0.198906 -0.103963 -0.165562 0.737956 -0.165562 -0.103963 0.198906 -0.036125 -0.042166 -0.042324 -0.042166 -0.036125 0.000000 
5.000000e-01 5.000000e-01 1.204492e+00 5.000000e-01 5.000000e-01 1.515007e+00 -0.204873 -0.104910 -0.164222 0.743137 -0.164222 -0.104910 0.204873 -0.037205 -0.043432 -0.043599 -0.043432 -0.037205 0.000000 
5.000000e-01 5.000000e-01 1.195334e+00 5.000000e-01 5.000000e-01 1.515007e+00 -0.210883 -0.105763 -0.162839 0.748088 -0.162839 -0.105763 0.210883 -0.038291 -0.044708 -0.044884 -0.044708 -0.038291 0.000000 
5.000000e-01 5.000000e-01 1.186112e+00 5.000000e-01 5.000000e-01 1.515007e+00 -0.216935 -0.106526 -0.161419 0.752825 -0.161419 -0.106526 0.216935 -0.039385 -0.045992 -0.046179 -0.045992 -0.039385 0.000000 
5.000000e-01 5.000000e-01 1.176827e+00 5.000000e-01 5.000000e-01 1.515007e+00 -0.223029 -0.107200 -0.159966 0.757360 -0.159966 -0.107200 0.223029 -0.040487 -0.047286 -0.047483 -0.047286 -0.040487 0.000000 
5.000000e-01 5.000000e-01 1.167478e+00 5.000000e-01 5.000000e-01 1.515007e+00 -0.229164 -0.107786 -0.158485 0.761705 -0.158485 -0.107786 0.229164 -0.041595 -0.048589 -0.048797 -0.048589 -0.041595 0.000000 
5.000000e-01 5.000000e-01 1.158067e+00 5.000000e-01 5.000000e-01 1.515007e+00 -0.235340 -0.108287 -0.156980 0.765873 -0.156980 -0.108287 0.235340 -0.042709 -0.049900 -0.050121 -0.049900 -0.042709 0.000000 
5.000000e-01 5.000000e-01 1.148594e+00 5.000000e-01 5.000000e-01 1.515007e+00 -0.241557 -0.108705 -0.155454 0.769875 -0.155454 -0.108705 0.241557 -0.043831 -0.051221 -0.051454 -0.051221 -0.043831 0.000000 
5.000000e-01 5.000000e-01 1.139060e+00 5.000000e-01 5.000000e-01 1.515007e+00 -0.247814 -0.109042 -0.153911 0.773721 -0.153911 -0.109042 0.247814 -0.044959 -0.052550 -0.052797 -0.052550 -0.044959 0.000000 
5.000000e-01 5.000000e-01 1.129465e+00 5.000000e-01 5.000000e-01 1.515007e+00 -0.254112 -0.109300 -0.152354 0.777421 -0.152354 -0.109300 0.254112 -0.046093 -0.053888 -0.054150 -0.053888 -0.046093 0.000000 
5.000000e-01 5.000000e-01 1.119809e+00 5.000000e-01 5.000000e-01 1.515007e+00 -0.260449 -0.109483 -0.150785 0.780985 -0.150785 -0.109483 0.260449 -0.047234 -0.055234 -0.055512 -0.055234 -0.047234 0.000000 
5.000000e-01 5.000000e-01 1.110093e+00 5.000000e-01 5.000000e-01 1.515007e+00 -0.266825 -0.109591 -0.149205 0.784419 -0.149205 -0.109591 0.266825 -0.048381 -0.056590 -0.056884 -0.056590 -0.048381 0.000000 
5.000000e-01 5.000000e-01 1.100319e+00 5.000000e-01 5.000000e-01 1.515007e+00 -0.273241 -0.109628 -0.147618 0.787732 -0.147618 -0.109628 0.273241 -0.049534 -0.057953 -0.058265 -0.057953 -0.049534 0.000000 
5.000000e-01 5.000000e-01 1.090485e+00 5.000000e-01 5.000000e-01 1.515007e+00 -0.279695 -0.109596 -0.146024 0.790935 -0.146024 -0.109596 0.279695 -0.050693 -0.059326 -0.059656 -0.059326 -0.050693 0.000000 
5.000000e-01 5.000000e-01 1.080593e+00 5.000000e-01 5.000000e-01 1.515007e+00 -0.286188 -0.109498 -0.144424 0.794033 -0.144424 -0.109498 0.286188 -0.051858 -0.060707 -0.061057 -0.060707 -0.051858 0.000000 
5.000000e-01 5.000000e-01 1.070643e+00 5.000000e-01 5.000000e-01 1.515007e+00 -0.292718 -0.109337 -0.142820 0.797034 -0.142820 -0.109337 0.292719 -0.053029 -0.062096 -0.062468 -0.062096 -0.053029 0.000000 
5.000000e-01 5.000000e-01 1.060635e+00 5.000000e-01 5.000000e-01 1.515007e+00 -0.299287 -0.109115 -0.141213 0.799944 -0.141213 -0.109115 0.299287 -0.054205 -0.063494 -0.063889 -0.063494 -0.054205 0.000000 
5.000000e-01 5.000000e-01 1.050571e+00 5.000000e-01 5.000000e-01 1.515007e+00 -0.305893 -0.108835 -0.139603 0.802769 -0.139603 -0.108835 0.305893 -0.055386 -0.064900 -0.065320 -0.064900 -0.055386 0.000000 
5.000000e-01 5.000000e-01 1.040451e+00 5.000000e-01 5.000000e-01 1.515007e+00 -0.312535 -0.108497 -0.137992 0.805514 -0.137992 -0.108497 0.312536 -0.056572 -0.066315 -0.066761 -0.066315 -0.056572 0.000000 
5.000000e-01 5.000000e-01 1.030275e+00 5.000000e-01 5.000000e-01 1.515007e+00 -0.319215 -0.108106 -0.136379 0.808184 -0.136379 -0.108106 0.319215 -0.057763 -0.067738 -0.068212 -0.067738 -0.057763 0.000000 
5.000000e-01 5.000000e-01 1.020043e+00 5.000000e-01 5.000000e-01 1.515007e+00 -0.325931 -0.107662 -0.134765 0.810785 -0.134765 -0.107662 0.325931 -0.058959 -0.069169 -0.069673 -0.069169 -0.058959 0.000000 
5.000000e-01 5.000000e-01 1.009756e+00 5.000000e-01 5.000000e-01 1.515007e+00 -0.332683 -0.107168 -0.133150 0.813319 -0.133150 -0.107168 0.332683 -0.060160 -0.070609 -0.071145 -0.070609 -0.060160 0.000000 
5.000000e-01 5.000000e-01 9.994153e-01 5.000000e-01 5.000000e-01 1.515007e+00 -0.339471 -0.106625 -0.131535 0.815791 -0.131535 -0.106625 0.339471 -0.061365 -0.072057 -0.072628 -0.072057 -0.061365 0.000000 
5.000000e-01 5.000000e-01 9.890204e-01 5.000000e-01 5.000000e-01 1.515007e+00 -0.346294 -0.106037 -0.129919 0.818206 -0.129919 -0.106037 0.346294 -0.062574 -0.073513 -0.074121 -0.073513 -0.062574 0.000000 
5.000000e-01 5.000000e-01 9.785720e-01 5.000000e-01 5.000000e-01 1.515007e+00 -0.353152 -0.105404 -0.128304 0.820568 -0.128304 -0.105404 0.353152 -0.063786 -0.074977 -0.075625 -0.074977 -0.063786 0.000000 
5.000000e-01 5.000000e-01 9.680707e-01 5.000000e-01 5.000000e-01 1.515007e+00 -0.360045 -0.104730 -0.126688 0.822881 -0.126688 -0.104730 0.360046 -0.065003 -0.076450 -0.077140 -0.076450 -0.065003 0.000000 
5.000000e-01 5.000000e-01 9.575169e-01 5.000000e-01 5.000000e-01 1.515007e+00 -0.366973 -0.104015 -0.125072 0.825147 -0.125072 -0.104015 0.366973 -0.066222 -0.077931 -0.078667 -0.077931 -0.066222 0.000000 
5.000000e-01 5.000000e-01 9.469110e-01 5.000000e-01 5.000000e-01 1.515007e+00 -0.373935 -0.103262 -0.123455 0.827370 -0.123455 -0.103262 0.373935 -0.067445 -0.079420 -0.080205 -0.079420 -0.067445 0.000000 
5.000000e-01 5.000000e-01 9.362536e-01 5.000000e-01 5.000000e-01 1.515007e+00 -0.380931 -0.102473 -0.121839 0.829554 -0.121839 -0.102473 0.380931 -0.068671 -0.080917 -0.081755 -0.080917 -0.068671 0.000000 
5.000000e-01 5.000000e-01 9.255450e-01 5.000000e-01 5.000000e-01 1.515007e+00 -0.387960 -0.101648 -0.120221 0.831700 -0.120221 -0.101648 0.387960 -0.069899 -0.082423 -0.083317 -0.082423 -0.069899 0.000000 
5.000000e-01 5.000000e-01 9.147858e-01 5.000000e-01 5.000000e-01 1.515007e+00 -0.395023 -0.100790 -0.118604 0.833811 -0.118604 -0.100790 0.395023 -0.071129 -0.083937 -0.084892 -0.083937 -0.071129 0.000000 
5.000000e-01 5.000000e-01 9.039763e-01 5.000000e-01 5.000000e-01 1.515007e+00 -0.402118 -0.099900 -0.116985 0.835891 -0.116985 -0.099900 0.402119 -0.072360 -0.085459 -0.086480 -0.085459 -0.072360 0.000000 
5.000000e-01 5.000000e-01 8.931171e-01 5.000000e-01 5.000000e-01 1.515007e+00 -0.409247 -0.098980 -0.115366 0.837940 -0.115366 -0.098980 0.409247 -0.073593 -0.086989 -0.088081 -0.086989 -0.073593 0.000000 
5.000000e-01 5.000000e-01 8.822086e-01 5.000000e-01 5.000000e-01 1.515007e+00 -0.416408 -0.098031 -0.113746 0.839962 -0.113746 -0.098031 0.416408 -0.074827 -0.088528 -0.089696 -0.088528 -0.074827 0.000000 
5.000000e-01 5.000000e-01 8.712511e-01 5.000000e-01 5.000000e-01 1.515007e+00 -0.423600 -0.097054 -0.112125 0.841959 -0.112125 -0.097054 0.423601 -0.076062 -0.090076 -0.091325 -0.090076 -0.076062 0.000000 
5.000000e-01 5.000000e-01 8.602452e-01 5.000000e-01 5.000000e-01 1.515007e+00 -0.430825 -0.096051 -0.110502 0.843931 -0.110502 -0.096051 0.430825 -0.077296 -0.091632 -0.092969 -0.091632 -0.077296 0.000000 
5.000000e-01 5.000000e-01 8.491913e-01 5.000000e-01 5.000000e-01 1.515007e+00 -0.438081 -0.095021 -0.108878 0.845880 -0.108878 -0.095021 0.438081 -0.078529 -0.093197 -0.094629 -0.093197 -0.078529 0.000000 
5.000000e-01 5.000000e-01 8.380897e-01 5.000000e-01 5.000000e-01 1.515007e+00 -0.445369 -0.093967 -0.107253 0.847809 -0.107253 -0.093967 0.445369 -0.079762 -0.094770 -0.096305 -0.094770 -0.079762 0.000000 
5.000000e-01 5.000000e-01 8.269410e-01 5.000000e-01 5.000000e-01 1.515007e+00 -0.452687 -0.092890 -0.105626 0.849719 -0.105626 -0.092890 0.452688 -0.080992 -0.096353 -0.097998 -0.096353 -0.080992 0.000000 
5.000000e-01 5.000000e-01 8.157455e-01 5.000000e-01 5.000000e-01 1.515007e+00 -0.460037 -0.091791 -0.103997 0.851612 -0.103997 -0.091791 0.460037 -0.082220 -0.097944 -0.099708 -0.097944 -0.082220 0.000000 
5.000000e-01 5.000000e-01 8.045036e-01 5.000000e-01 5.000000e-01 1.515007e+00 -0.467416 -0.090671 -0.102366 0.853490 -0.102366 -0.090671 0.467416 -0.083445 -0.099544 -0.101437 -0.099544 -0.083445 0.000000 
5.000000e-01 5.000000e-01 7.932159e-01 5.000000e-01 5.000000e-01 1.515007e+00 -0.474826 -0.089532 -0.100732 0.855354 -0.100732 -0.089532 0.474826 -0.084667 -0.101154 -0.103185 -0.101154 -0.084667 0.000000 
5.000000e-01 5.000000e-01 7.818825e-01 5.000000e-01 5.000000e-01 1.515007e+00 -0.482266 -0.088373 -0.099096 0.857205 -0.099096 -0.088373 0.482266 -0.085884 -0.102772 -0.104953 -0.102772 -0.085884 0.000000 
5.000000e-01 5.000000e-01 7.705041e-01 5.000000e-01 5.000000e-01 1.515007e+00 -0.489735 -0.087197 -0.097458 0.859044 -0.097458 -0.087197 0.489735 -0.087095 -0.104401 -0.106743 -0.104401 -0.087095 0.000000 
5.000000e-01 5.000000e-01 7.590809e-01 5.000000e-01 5.000000e-01 1.515007e+00 -0.497234 -0.086002 -0.095817 0.860871 -0.095817 -0.086002 0.497234 -0.088300 -0.106039 -0.108556 -0.106039 -0.088300 0.000000 
5.000000e-01 5.000000e-01 7.476133e-01 5.000000e-01 5.000000e-01 1.515007e+00 -0.504762 -0.084790 -0.094173 0.862688 -0.094173 -0.084790 0.504762 -0.089496 -0.107687 -0.110394 -0.107687 -0.089496 0.000000 
5.000000e-01 5.000000e-01 7.361018e-01 5.000000e-01 5.000000e-01 1.515007e+00 -0.512319 -0.083563 -0.092526 0.864496 -0.092526 -0.083563 0.512319 -0.090685 -0.109346 -0.112258 -0.109346 -0.090685 0.000000 
5.000000e-01 5.000000e-01 7.245468e-01 5.000000e-01 5.000000e-01 1.515007e+00 -0.519904 -0.082320 -0.090876 0.866297 -0.090876 -0.082320 0.519904 -0.091863 -0.111014 -0.114148 -0.111014 -0.091863 0.000000 
5.000000e-01 5.000000e-01 7.129486e-01 5.000000e-01 5.000000e-01 1.515007e+00 -0.527517 -0.081064 -0.089223 0.868090 -0.089223 -0.081064 0.527518 -0.093031 -0.112694 -0.116067 -0.112694 -0.093031 0.000000 
5.000000e-01 5.000000e-01 7.013075e-01 5.000000e-01 5.000000e-01 1.515007e+00 -0.535159 -0.079793 -0.087566 0.869878 -0.087566 -0.079793 0.535159 -0.094187 -0.114384 -0.118017 -0.114384 -0.094187 0.000000 
5.000000e-01 5.000000e-01 6.896240e-01 5.000000e-01 5.000000e-01 1.515007e+00 -0.542829 -0.078509 -0.085906 0.871660 -0.085906 -0.078509 0.542829 -0.095329 -0.116085 -0.119999 -0.116085 -0.095329 0.000000 
5.000000e-01 5.000000e-01 6.778985e-01 5.000000e-01 5.000000e-01 1.515007e+00 -0.550526 -0.077212 -0.084243 0.873436 -0.084243 -0.077212 0.550526 -0.096454 -0.117799 -0.122020 -0.117799 -0.096454 0.000000 
5.000000e-01 5.000000e-01 6.661313e-01 5.000000e-01 5.000000e-01 1.515007e+00 -0.558250 -0.075903 -0.082576 0.875208 -0.082576 -0.075903 0.558250 -0.097563 -0.119524 -0.124077 -0.119524 -0.097563 0.000000 
5.000000e-01 5.000000e-01 6.543227e-01 5.000000e-01 5.000000e-01 1.515007e+00 -0.566002 -0.074582 -0.080905 0.876977 -0.080905 -0.074582 0.566002 -0.098652 -0.121261 -0.126175 -0.121261 -0.098652 0.000000 
5.000000e-01 5.000000e-01 6.424732e-01 5.000000e-01 5.000000e-01 1.515007e+00 -0.573780 -0.073250 -0.079231 0.878743 -0.079231 -0.073250 0.573781 -0.099721 -0.123011 -0.128316 -0.123011 -0.099721 0.000000 
5.000000e-01 5.000000e-01 6.305831e-01 5.000000e-01 5.000000e-01 1.515007e+00 -0.581586 -0.071908 -0.077553 0.880507 -0.077553 -0.071908 0.581586 -0.100767 -0.124774 -0.130502 -0.124774 -0.100767 0.000000 
5.000000e-01 5.000000e-01 6.186527e-01 5.000000e-01 5.000000e-01 1.515007e+00 -0.589417 -0.070554 -0.075871 0.882267 -0.075871 -0.070554 0.589417 -0.101786 -0.126551 -0.132742 -0.126551 -0.101786 0.000000 
5.000000e-01 5.000000e-01 6.066824e-01 5.000000e-01 5.000000e-01 1.515007e+00 -0.597275 -0.069191 -0.074185 0.884027 -0.074185 -0.069191 0.597275 -0.102776 -0.128342 -0.135038 -0.128342 -0.102776 0.000000 
5.000000e-01 5.000000e-01 5.946725e-01 5.000000e-01 5.000000e-01 1.515007e+00 -0.605158 -0.067819 -0.072495 0.885785 -0.072495 -0.067819 0.605158 -0.103736 -0.130147 -0.137392 -0.130147 -0.103736 0.000000 
5.000000e-01 5.000000e-01 5.826234e-01 5.000000e-01 5.000000e-01 1.515007e+00 -0.613068 -0.066437 -0.070801 0.887543 -0.070801 -0.066437 0.613068 -0.104663 -0.131967 -0.139808 -0.131967 -0.104663 0.000000 
5.000000e-01 5.000000e-01 5.705354e-01 5.000000e-01 5.000000e-01 1.515007e+00 -0.621002 -0.065046 -0.069102 0.889300 -0.069102 -0.065046 0.621003 -0.105554 -0.133802 -0.142291 -0.133802 -0.105554 0.000000 
5.000000e-01 5.000000e-01 5.584088e-01 5.000000e-01 5.000000e-01 1.515007e+00 -0.628963 -0.063647 -0.067400 0.891058 -0.067400 -0.063647 0.628963 -0.106401 -0.135653 -0.144855 -0.135653 -0.106401 0.000000 
5.000000e-01 5.000000e-01 5.462441e-01 5.000000e-01 5.000000e-01 1.515007e+00 -0.636948 -0.062239 -0.065694 0.892815 -0.065694 -0.062239 0.636948 -0.107203 -0.137520 -0.147501 -0.137520 -0.107203 0.000000 
5.000000e-01 5.000000e-01 5.340414e-01 5.000000e-01 5.000000e-01 1.515007e+00 -0.644958 -0.060824 -0.063983 0.894573 -0.063983 -0.060824 0.644958 -0.107958 -0.139404 -0.150234 -0.139404 -0.107958 0.000000 
5.000000e-01 5.000000e-01 5.218012e-01 5.000000e-01 5.000000e-01 1.515007e+00 -0.652992 -0.059401 -0.062269 0.896332 -0.062269 -0.059401 0.652992 -0.108662 -0.141304 -0.153060 -0.141304 -0.108662 0.000000 
5.000000e-01 5.000000e-01 5.095237e-01 5.000000e-01 5.000000e-01 1.515007e+00 -0.661051 -0.057971 -0.060550 0.898092 -0.060550 -0.057971 0.661051 -0.109308 -0.143221 -0.155992 -0.143221 -0.109308 0.000000 
5.000000e-01 5.000000e-01 4.972092e-01 5.000000e-01 5.000000e-01 1.515007e+00 -0.669134 -0.056533 -0.058826 0.899854 -0.058826 -0.056533 0.669134 -0.109887 -0.145157 -0.159047 -0.145157 -0.109887 0.000000 
5.000000e-01 5.000000e-01 4.848582e-01 5.000000e-01 5.000000e-01 1.515007e+00 -0.677241 -0.055089 -0.057099 0.901616 -0.057099 -0.055089 0.677241 -0.110399 -0.147109 -0.162225 -0.147109 -0.110399 0.000000 
5.000000e-01 5.000000e-01 4.724708e-01 5.000000e-01 5.000000e-01 1.515007e+00 -0.685372 -0.053637 -0.055367 0.903381 -0.055367 -0.053637 0.685372 -0.110840 -0.149077 -0.165536 -0.149077 -0.110840 0.000000 
5.000000e-01 5.000000e-01 4.600474e-01 5.000000e-01 5.000000e-01 1.515007e+00 -0.693526 -0.052180 -0.053631 0.905148 -0.053631 -0.052180 0.693526 -0.111205 -0.151062 -0.168992 -0.151062 -0.111205 0.000000 
5.000000e-01 5.000000e-01 4.475884e-01 5.000000e-01 5.000000e-01 1.515007e+00 -0.701704 -0.050716 -0.051891 0.906917 -0.051891 -0.050716 0.701704 -0.111472 -0.153064 -0.172632 -0.153064 -0.111472 0.000000 
5.000000e-01 5.000000e-01 4.350939e-01 5.000000e-01 5.000000e-01 1.515007e+00 -0.709905 -0.049245 -0.050146 0.908688 -0.050146 -0.049245 0.709905 -0.111647 -0.155080 -0.176450 -0.155080 -0.111647 0.000000 
5.000000e-01 5.000000e-01 4.225643e-01 5.000000e-01 5.000000e-01 1.515007e+00 -0.718128 -0.047769 -0.048397 0.910461 -0.048397 -0.047769 0.718128 -0.111725 -0.157109 -0.180460 -0.157109 -0.111725 0.000000 
5.000000e-01 5.000000e-01 4.099999e-01 5.000000e-01 5.000000e-01 1.515007e+00 -0.726375 -0.046287 -0.046644 0.912238 -0.046644 -0.046287 0.726375 -0.111697 -0.159149 -0.184682 -0.159149 -0.111697 0.000000 
5.000000e-01 5.000000e-01 3.974010e-01 5.000000e-01 5.000000e-01 1.515007e+00 -0.734644 -0.044800 -0.044887 0.914016 -0.044887 -0.044800 0.734644 -0.111536 -0.161197 -0.189177 -0.161197 -0.111536 0.000000 
5.000000e-01 5.000000e-01 3.847679e-01 5.000000e-01 5.000000e-01 1.515007e+00 -0.742935 -0.043307 -0.043125 0.915798 -0.043125 -0.043307 0.742935 -0.111252 -0.163249 -0.193934 -0.163249 -0.111252 0.000000 
5.000000e-01 5.000000e-01 3.721008e-01 5.000000e-01 5.000000e-01 1.515007e+00 -0.751248 -0.041808 -0.041359 0.917582 -0.041359 -0.041808 0.751248 -0.110835 -0.165300 -0.198978 -0.165300 -0.110835 0.000000 
5.000000e-01 5.000000e-01 3.594000e-01 5.000000e-01 5.000000e-01 1.515007e+00 -0.759584 -0.040304 -0.039589 0.919370 -0.039589 -0.040304 0.759584 -0.110271 -0.167345 -0.204352 -0.167345 -0.110271 0.000000 
5.000000e-01 5.000000e-01 3.466659e-01 5.000000e-01 5.000000e-01 1.515007e+00 -0.767941 -0.038796 -0.037814 0.921160 -0.037814 -0.038796 0.767941 -0.109533 -0.169373 -0.210129 -0.169373 -0.109533 0.000000 
5.000000e-01 5.000000e-01 3.338986e-01 5.000000e-01 5.000000e-01 1.515007e+00 -0.776319 -0.037282 -0.036035 0.922954 -0.036035 -0.037282 0.776319 -0.108632 -0.171376 -0.216304 -0.171376 -0.108632 0.000000 
5.000000e-01 5.000000e-01 3.210985e-01 5.000000e-01 5.000000e-01 1.515007e+00 -0.784719 -0.035763 -0.034252 0.924751 -0.034252 -0.035763 0.784719 -0.107556 -0.173343 -0.222921 -0.173343 -0.107556 0.000000 
5.000000e-01 5.000000e-01 3.082658e-01 5.000000e-01 5.000000e-01 1.515007e+00 -0.793141 -0.034240 -0.032465 0.926551 -0.032465 -0.034240 0.793141 -0.106274 -0.175253 -0.230086 -0.175253 -0.106274 0.000000 
5.000000e-01 5.000000e-01 2.954007e-01 5.000000e-01 5.000000e-01 1.515007e+00 -0.801583 -0.032712 -0.030674 0.928354 -0.030674 -0.032712 0.801583 -0.104780 -0.177087 -0.237849 -0.177087 -0.104780 0.000000 
5.000000e-01 5.000000e-01 2.825036e-01 5.000000e-01 5.000000e-01 1.515007e+00 -0.810046 -0.031179 -0.028878 0.930161 -0.028878 -0.031179 0.810046 -0.103075 -0.178827 -0.246242 -0.178827 -0.103075 0.000000 
5.000000e-01 5.000000e-01 2.695747e-01 5.000000e-01 5.000000e-01 1.515007e+00 -0.818530 -0.029642 -0.027079 0.931971 -0.027079 -0.029642 0.818530 -0.101142 -0.180443 -0.255361 -0.180443 -0.101142 0.000000 
5.000000e-01 5.000000e-01 2.566141e-01 5.000000e-01 5.000000e-01 1.515007e+00 -0.827035 -0.028100 -0.025275 0.933785 -0.025275 -0.028100 0.827035 -0.098937 -0.181876 -0.265409 -0.181876 -0.098937 0.000000 
5.000000e-01 5.000000e-01 2.436222e-01 5.000000e-01 5.000000e-01 1.515007e+00 -0.835560 -0.026554 -0.023467 0.935602 -0.023467 -0.026554 0.835560 -0.096484 -0.183106 -0.276380 -0.183106 -0.096484 0.000000 
5.000000e-01 5.000000e-01 2.305991e-01 5.000000e-01 5.000000e-01 1.515007e+00 -0.844105 -0.025004 -0.021655 0.937423 -0.021655 -0.025004 0.844105 -0.093773 -0.184084 -0.288392 -0.184084 -0.093773 0.000000 
5.000000e-01 5.000000e-01 2.175451e-01 5.000000e-01 5.000000e-01 1.515007e+00 -0.852671 -0.023450 -0.019838 0.939248 -0.019838 -0.023450 0.852672 -0.090752 -0.184694 -0.301781 -0.184694 -0.090752 0.000000 
5.000000e-01 5.000000e-01 2.044602e-01 5.000000e-01 5.000000e-01 1.515007e+00 -0.861258 -0.021891 -0.018018 0.941076 -0.018018 -0.021891 0.861258 -0.087440 -0.184886 -0.316607 -0.184886 -0.087440 0.000000 
5.000000e-01 5.000000e-01 1.913446e-01 5.000000e-01 5.000000e-01 1.515007e+00 -0.869866 -0.020328 -0.016193 0.942908 -0.016193 -0.020328 0.869866 -0.083839 -0.184583 -0.333021 -0.184583 -0.083839 0.000000 
5.000000e-01 5.000000e-01 1.781983e-01 5.000000e-01 5.000000e-01 1.515007e+00 -0.878494 -0.018761 -0.014364 0.944744 -0.014364 -0.018761 0.878494 -0.079910 -0.183600 -0.351473 -0.183600 -0.079910 0.000000 
5.000000e-01 5.000000e-01 1.650213e-01 5.000000e-01 5.000000e-01 1.515007e+00 -0.887145 -0.017190 -0.012530 0.946584 -0.012530 -0.017190 0.887145 -0.075656 -0.181793 -0.372247 -0.181793 -0.075656 0.000000 
5.000000e-01 5.000000e-01 1.518134e-01 5.000000e-01 5.000000e-01 1.515007e+00 -0.895818 -0.015614 -0.010692 0.948429 -0.010692 -0.015614 0.895818 -0.071097 -0.179056 -0.395512 -0.179056 -0.071097 0.000000 
5.000000e-01 5.000000e-01 1.385743e-01 5.000000e-01 5.000000e-01 1.515007e+00 -0.904516 -0.014033 -0.008848 0.950278 -0.008848 -0.014033 0.904516 -0.066207 -0.175090 -0.421922 -0.175090 -0.066207 0.000000 
5.000000e-01 5.000000e-01 1.253034e-01 5.000000e-01 5.000000e-01 1.515007e+00 -0.913240 -0.012447 -0.006999 0.952133 -0.006999 -0.012447 0.913240 -0.060982 -0.169591 -0.452096 -0.169591 -0.060982 0.000000 
5.000000e-01 5.000000e-01 1.119998e-01 5.000000e-01 5.000000e-01 1.515007e+00 -0.921994 -0.010856 -0.005144 0.953994 -0.005144 -0.010856 0.921994 -0.055458 -0.162430 -0.486218 -0.162430 -0.055458 0.000000 
5.000000e-01 5.000000e-01 9.866209e-02 5.000000e-01 5.000000e-01 1.515007e+00 -0.930783 -0.009258 -0.003281 0.955862 -0.003281 -0.009258 0.930783 -0.049623 -0.153144 -0.525249 -0.153144 -0.049623 0.000000 
5.000000e-01 5.000000e-01 8.528872e-02 5.000000e-01 5.000000e-01 1.515007e+00 -0.939613 -0.007653 -0.001410 0.957738 -0.001410 -0.007653 0.939613 -0.043477 -0.141269 -0.570122 -0.141269 -0.043477 0.000000 
5.000000e-01 5.000000e-01 7.187742e-02 5.000000e-01 5.000000e-01 1.515007e+00 -0.948489 -0.006038 0.000471 0.959624 0.000471 -0.006038 0.948489 -0.037066 -0.126745 -0.620867 -0.126745 -0.037066 0.000000 
5.000000e-01 5.000000e-01 5.842584e-02 5.000000e-01 5.000000e-01 1.515007e+00 -0.957422 -0.004414 0.002364 0.961522 0.002364 -0.004414 0.957422 -0.030389 -0.109035 -0.678575 -0.109035 -0.030389 0.000000 
5.000000e-01 5.000000e-01 4.493199e-02 5.000000e-01 5.000000e-01 1.515007e+00 -0.966421 -0.002777 0.004271 0.963433 0.004271 -0.002777 0.966421 -0.023465 -0.087926 -0.743639 -0.087926 -0.023465 0.000000 
5.000000e-01 5.000000e-01 3.139504e-02 5.000000e-01 5.000000e-01 1.515007e+00 -0.975485 -0.001129 0.006192 0.965358 0.006192 -0.001129 0.975485 -0.016349 -0.063843 -0.815101 -0.063843 -0.016349 0.000000 
5.000000e-01 5.000000e-01 1.781665e-02 5.000000e-01 5.000000e-01 1.515007e+00 -0.984615 0.000532 0.008126 0.967298 0.008126 0.000532 0.984615 -0.009064 -0.036938 -0.892611 -0.036938 -0.009064 0.000000 
5.000000e-01 5.000000e-01 4.999957e-03 5.000000e-01 5.000000e-01 1.515007e+00 -0.993257 0.002104 0.009958 0.969133 0.009958 0.002104 0.993257 -0.002109 -0.009973 -0.969093 -0.009973 -0.002109 0.000000 
5.000000e-01 5.000000e-01 4.999957e-03 5.000000e-01 5.000000e-01 1.515007e+00 -0.993257 0.002104 0.009958 0.969133 0.009958 0.002104 0.993257 -0.002109 -0.009973 -0.969093 -0.009973 -0.002109 0.000000 
5.000000e-01 5.000000e-01 4.999957e-03 5.000000e-01 5.000000e-01 1.515007e+00 -0.993257 0.002104 0.009958 0.969133 0.009958 0.002104 0.993257 -0.002109 -0.009973 -0.969093 -0.009973 -0.002109 0.000000 
5.000000e-01 5.000000e-01 4.999957e-03 5.000000e-01 5.000000e-01 1.515007e+00 -0.993257 0.002104 0.009958 0.969133 0.009958 0.002104 0.993257 -0.002109 -0.009973 -0.969093 -0.009973 -0.002109 0.000000 
5.000000e-01 5.000000e-01 4.999957e-03 5.000000e-01 5.000000e-01 1.515007e+00 -0.993257 0.002104 0.009958 0.969133 0.009958 0.002104 0.993257 -0.002109 -0.009973 -0.969093 -0.009973 -0.002109 0.000000 
5.000000e-01 5.000000e-01 4.999957e-03 5.000000e-01 5.000000e-01 1.515007e+00 -0.993257 0.002104 0.009958 0.969133 0.009958 0.002104 0.993257 -0.002109 -0.009973 -0.969093 -0.009973 -0.002109 0.000000 
5.000000e-01 5.000000e-01 4.999957e-03 5.000000e-01 5.000000e-01 1.515007e+00 -0.993257 0.002104 0.009958 0.969133 0.009958 0.002104 0.993257 -0.002109 -0.009973 -0.969093 -0.009973 -0.002109 0.000000 
5.000000e-01 5.000000e-01 4.999957e-03 5.000000e-01 5.000000e-01 1.515007e+00 -0.993257 0.002104 0.009958 0.969133 0.009958 0.002104 0.993257 -0.002109 -0.009973 -0.969093 -0.009973 -0.002109 0.000000 
5.000000e-01 5.000000e-01 4.999957e-03 5.000000e-01 5.000000e-01 1.515007e+00 -0.993257 0.002104 0.009958 0.969133 0.009958 0.002104 0.993257 -0.002109 -0.009973 -0.969093 -0.009973 -0.002109 0.000000 
5.000000e-01 5.000000e-01 4.999957e-03 5.000000e-01 5.000000e-01 1.515007e+00 -0.993257 0.002104 0.009958 0.969133 0.009958 0.002104 0.993257 -0.002109 -0.009973 -0.969093 -0.009973 -0.002109 0.000000 
5.000000e-01 5.000000e-01 4.999957e-03 5.000000e-01 5.000000e-01 1.515007e+00 -0.993257 0.002104 0.009958 0.969133 0.009958 0.002104 0.993257 -0.002109 -0.009973 -0.969093 -0.009973 -0.002109 0.000000 
5.000000e-01 5.000000e-01 4.999957e-03 5.000000e-01 5.000000e-01 1.515007e+00 -0.993257 0.002104 0.009958 0.969133 0.009958 0.002104 0.993257 -0.002109 -0.009973 -0.969093 -0.009973 -0.002109 0.000000 
5.000000e-01 5.000000e-01 4.999957e-03 5.000000e-01 5.000000e-01 1.515007e+00 -0.993257 0.002104 0.009958 0.969133 0.009958 0.002104 0.993257 -0.002109 -0.009973 -0.969093 -0.009973 -0.002109 0.000000 
5.000000e-01 5.000000e-01 4.999957e-03 5.000000e-01 5.000000e-01 1.515007e+00 -0.993257 0.002104 0.009958 0.969133 0.009958 0.002104 0.993257 -0.002109 -0.009973 -0.969093 -0.009973 -0.002109 0.000000 
5.000000e-01 5.000000e-01 4.999957e-03 5.000000e-01 5.000000e-01 1.515007e+00 -0.993257 0.002104 0.009958 0.969133 0.009958 0.002104 0.993257 -0.002109 -0.009973 -0.969093 -0.009973 -0.002109 0.000000 
5.000000e-01 5.000000e-01 4.999957e-03 5.000000e-01 5.000000e-01 1.515007e+00 -0.993257 0.002104 0.009958 0.969133 0.009958 0.002104 0.993257 -0.002109 -0.009973 -0.969093 -0.009973 -0.002109 0.000000 
5.000000e-01 5.000000e-01 4.999957e-03 5.000000e-01 5.000000e-01 1.515007e+00 -0.993257 0.002104 0.009958 0.969133 0.009958 0.002104 0.993257 -0.002109 -0.009973 -0.969093 -0.009973 -0.002109 0.000000 
5.000000e-01 5.000000e-01 4.999957e-03 5.000000e-01 5.000000e-01 1.515007e+00 -0.993257 0.002104 0.009958 0.969133 0.009958 0.002104 0.993257 -0.002109 -0.009973 -0.969093 -0.009973 -0.002109 0.000000 
5.000000e-01 5.000000e-01 4.999957e-03 5.000000e-01 5.000000e-01 1.515007e+00 -0.993257 0.002104 0.009958 0.969133 0.009958 0.002104 0.993257 -0.002109 -0.009973 -0.969093 -0.009973 -0.002109 0.000000 
5.000000e-01 5.000000e-01 4.999957e-03 5.000000e-01 5.000000e-01 1.515007e+00 -0.993257 0.002104 0.009958 0.969133 0.009958 0.002104 0.993257 -0.002109 -0.009973 -0.969093 -0.009973 -0.002109 0.000000 
5.000000e-01 5.000000e-01 4.999957e-03 5.000000e-01 5.000000e-01 1.515007e+00 -0.993257 0.002104 0.009958 0.969133 0.009958 0.002104 0.993257 -0.002109 -0.009973 -0.969093 -0.009973 -0.002109 0.000000 
5.000000e-01 5.000000e-01 4.999957e-03 5.000000e-01 5.000000e-01 1.515007e+00 -0.993257 0.002104 0.009958 0.969133 0.009958 0.002104 0.993257 -0.002109 -0.009973 -0.969093 -0.009973 -0.002109 0.000000 
5.000000e-01 5.000000e-01 4.999957e-03 5.000000e-01 5.000000e-01 1.515007e+00 -0.993257 0.002104 0.009958 0.969133 0.009958 0.002104 0.993257 -0.002109 -0.009973 -0.969093 -0.009973 -0.002109 0.000000 
5.000000e-01 5.000000e-01 4.999957e-03 5.000000e-01 5.000000e-01 1.515007e+00 -0.993257 0.002104 0.009958 0.969133 0.009958 0.002104 0.993257 -0.002109 -0.009973 -0.969093 -0.009973 -0.002109 0.000000 
5.000000e-01 5.000000e-01 4.999957e-03 5.000000e-01 5.000000e-01 1.515007e+00 -0.993257 0.002104 0.009958 0.969133 0.009958 0.002104 0.993257 -0.002109 -0.009973 -0.969093 -0.009973 -0.002109 0.000000 
5.000000e-01 5.000000e-01 4.999957e-03 5.000000e-01 5.000000e-01 1.515007e+00 -0.993257 0.002104 0.009958 0.969133 0.009958 0.002104 0.993257 -0.002109 -0.009973 -0.969093 -0.009973 -0.002109 0.000000 
5.000000e-01 5.000000e-01 4.999957e-03 5.000000e-01 5.000000e-01 1.515007e+00 -0.993257 0.002104 0.009958 0.969133 0.009958 0.002104 0.993257 -0.002109 -0.009973 -0.969093 -0.009973 -0.002109 0.000000 
5.000000e-01 5.000000e-01 4.999957e-03 5.000000e-01 5.000000e-01 1.515007e+00 -0.993257 0.002104 0.009958 0.969133 0.009958 0.002104 0.993257 -0.002109 -0.009973 -0.969093 -0.009973 -0.002109 0.000000 
5.000000e-01 5.000000e-01 4.999957e-03 5.000000e-01 5.000000e-01 1.515007e+00 -0.993257 0.002104 0.009958 0.969133 0.009958 0.002104 0.993257 -0.002109 -0.009973 -0.969093 -0.009973 -0.002109 0.000000 
5.000000e-01 5.000000e-01 4.999957e-03 5.000000e-01 5.000000e-01 1.515007e+00 -0.993257 0.002104 0.009958 0.969133 0.009958 0.002104 0.993257 -0.002109 -0.009973 -0.969093 -0.009973 -0.002109 0.000000 
5.000000e-01 5.000000e-01 4.999957e-03 5.000000e-01 5.000000e-01 1.515007e+00 -0.993257 0.002104 0.009958 0.969133 0.009958 0.002104 0.993257 -0.002109 -0.009973 -0.969093 -0.009973 -0.002109 0.000000 
5.000000e-01 5.000000e-01 4.999957e-03 5.000000e-01 5.000000e-01 1.515007e+00 -0.993257 0.002104 0.009958 0.969133 0.009958 0.002104 0.993257 -0.002109 -0.009973 -0.969093 -0.009973 -0.002109 0.000000 
5.000000e-01 5.000000e-01 4.999957e-03 5.000000e-01 5.000000e-01 1.515007e+00 -0.993257 0.002104 0.009958 0.969133 0.009958 0.002104 0.993257 -0.002109 -0.009973 -0.969093 -0.009973 -0.002109 0.000000 
5.000000e-01 5.000000e-01 4.999957e-03 5.000000e-01 5.000000e-01 1.515007e+00 -0.993257 0.002104 0.009958 0.969133 0.009958 0.002104 0.993257 -0.002109 -0.009973 -0.969093 -0.009973 -0.002109 0.000000 
5.000000e-01 5.000000e-01 4.999957e-03 5.000000e-01 5.000000e-01 1.515007e+00 -0.993257 0.002104 0.009958 0.969133 0.009958 0.002104 0.993257 -0.002109 -0.009973 -0.969093 -0.009973 -0.002109 0.000000 
5.000000e-01 5.000000e-01 4.999957e-03 5.000000e-01 5.000000e-01 1.515007e+00 -0.993257 0.002104 0.009958 0.969133 0.009958 0.002104 0.993257 -0.002109 -0.009973 -0.969093 -0.009973 -0.002109 0.000000 
5.000000e-01 5.000000e-01 4.999957e-03 5.000000e-01 5.000000e-01 1.515007e+00 -0.993257 0.002104 0.009958 0.969133 0.009958 0.002104 0.993257 -0.002109 -0.009973 -0.969093 -0.009973 -0.002109 0.000000 
5.000000e-01 5.000000e-01 4.999957e-03 5.000000e-01 5.000000e-01 1.515007e+00 -0.993257 0.002104 0.009958 0.969133 0.009958 0.002104 0.993257 -0.002109 -0.009973 -0.969093 -0.009973 -0.002109 0.000000 
5.000000e-01 5.000000e-01 4.999957e-03 5.000000e-01 5.000000e-01 1.515007e+00 -0.993257 0.002104 0.009958 0.969133 0.009958 0.002104 0.993257 -0.002109 -0.009973 -0.969093 -0.009973 -0.002109 0.000000 
5.000000e-01 5.000000e-01 4.999957e-03 5.000000e-01 5.000000e-01 1.515007e+00 -0.993257 0.002104 0.009958 0.969133 0.009958 0.002104 0.993257 -0.002109 -0.009973 -0.969093 -0.009973 -0.002109 0.000000 
5.000000e-01 5.000000e-01 4.999957e-03 5.000000e-01 5.000000e-01 1.515007e+00 -0.993257 0.002104 0.009958 0.969133 0.009958 0.002104 0.993257 -0.002109 -0.009973 -0.969093 -0.009973 -0.002109 0.000000 
5.000000e-01 5.000000e-01 4.999957e-03 5.000000e-01 5.000000e-01 1.515007e+00 -0.993257 0.002104 0.009958 0.969133 0.009958 0.002104 0.993257 -0.002109 -0.009973 -0.969093 -0.009973 -0.002109 0.000000 
5.000000e-01 5.000000e-01 4.999957e-03 5.000000e-01 5.000000e-01 1.515007e+00 -0.993257 0.002104 0.009958 0.969133 0.009958 0.002104 0.993257 -0.002109 -0.009973 -0.969093 -0.009973 -0.002109 0.000000 
5.000000e-01 5.000000e-01 4.999957e-03 5.000000e-01 5.000000e-01 1.515007e+00 -0.993257 0.002104 0.009958 0.969133 0.009958 0.002104 0.993257 -0.002109 -0.009973 -0.969093 -0.009973 -0.002109 0.000000 
5.000000e-01 5.000000e-01 4.999957e-03 5.000000e-01 5.000000e-01 1.515007e+00 -0.993257 0.002104 0.009958 0.969133 0.009958 0.002104 0.993257 -0.002109 -0.009973 -0.969093 -0.009973 -0.002109 0.000000 
5.000000e-01 5.000000e-01 4.999957e-03 5.000000e-01 5.000000e-01 1.515007e+00 -0.993257 0.002104 0.009958 0.969133 0.009958 0.002104 0.993257 -0.002109 -0.009973 -0.969093 -0.009973 -0.002109 0.000000 
5.000000e-01 5.000000e-01 4.999957e-03 5.000000e-01 5.000000e-01 1.515007e+00 -0.993257 0.002104 0.009958 0.969133 0.009958 0.002104 0.993257 -0.002109 -0.009973 -0.969093 -0.009973 -0.002109 0.000000 
5.000000e-01 5.000000e-01 4.999957e-03 5.000000e-01 5.000000e-01 1.515007e+00 -0.993257 0.002104 0.009958 0.969133 0.009958 0.002104 0.993257 -0.002109 -0.009973 -0.969093 -0.009973 -0.002109 0.000000 
5.000000e-01 5.000000e-01 4.999957e-03 5.000000e-01 5.000000e-01 1.515007e+00 -0.993257 0.002104 0.009958 0.969133 0.009958 0.002104 0.993257 -0.002109 -0.009973 -0.969093 -0.009973 -0.002109 0.000000 
5.000000e-01 5.000000e-01 4.999957e-03 5.000000e-01 5.000000e-01 1.515007e+00 -0.993257 0.002104 0.009958 0.969133 0.009958 0.002104 0.993257 -0.002109 -0.009973 -0.969093 -0.009973 -0.002109 0.000000 
5.000000e-01 5.000000e-01 4.999957e-03 5.000000e-01 5.000000e-01 1.515007e+00 -0.993257 0.002104 0.009958 0.969133 0.009958 0.002104 0.993257 -0.002109 -0.009973 -0.969093 -0.009973 -0.002109 0.000000 
5.000000e-01 5.000000e-01 4.999957e-03 5.000000e-01 5.000000e-01 1.515007e+00 -0.993257 0.002104 0.009958 0.969133 0.009958 0.002104 0.993257 -0.002109 -0.009973 -0.969093 -0.009973 -0.002109 0.000000 
5.000000e-01 5.000000e-01 4.999957e-03 5.000000e-01 5.000000e-01 1.515007e+00 -0.993257 0.002104 0.009958 0.969133 0.009958 0.002104 0.993257 -0.002109 -0.009973 -0.969093 -0.009973 -0.002109 0.000000 
5.000000e-01 5.000000e-01 4.999957e-03 5.000000e-01 5.000000e-01 1.515007e+00 -0.993257 0.002104 0.009958 0.969133 0.009958 0.002104 0.993257 -0.002109 -0.009973 -0.969093 -0.009973 -0.002109 0.000000 
5.000000e-01 5.000000e-01 4.999957e-03 5.000000e-01 5.000000e-01 1.515007e+00 -0.993257 0.002104 0.009958 0.969133 0.009958 0.002104 0.993257 -0.002109 -0.009973 -0.969093 -0.009973 -0.002109 0.000000 
5.000000e-01 5.000000e-01 4.999957e-03 5.000000e-01 5.000000e-01 1.515007e+00 -0.993257 0.002104 0.009958 0.969133 0.009958 0.002104 0.993257 -0.002109 -0.009973 -0.969093 -0.009973 -0.002109 0.000000 
5.000000e-01 5.000000e-01 4.999957e-03 5.000000e-01 5.000000e-01 1.515007e+00 -0.993257 0.002104 0.009958 0.969133 0.009958 0.002104 0.993257 -0.002109 -0.009973 -0.969093 -0.009973 -0.002109 0.000000 
5.000000e-01 5.000000e-01 4.999957e-03 5.000000e-01 5.000000e-01 1.515007e+00 -0.993257 0.002104 0.009958 0.969133 0.009958 0.002104 0.993257 -0.002109 -0.009973 -0.969093 -0.009973 -0.002109 0.000000 
5.000000e-01 5.000000e-01 4.999957e-03 5.000000e-01 5.000000e-01 1.515007e+00 -0.993257 0.002104 0.009958 0.969133 0.009958 0.002104 0.993257 -0.002109 -0.009973 -0.969093 -0.009973 -0.002109 0.000000 
5.000000e-01 5.000000e-01 4.999957e-03 5.000000e-01 5.000000e-01 1.515007e+00 -0.993257 0.002104 0.009958 0.969133 0.009958 0.002104 0.993257 -0.002109 -0.009973 -0.969093 -0.009973 -0.002109 0.000000 
5.000000e-01 5.000000e-01 4.999957e-03 5.000000e-01 5.000000e-01 1.515007e+00 -0.993257 0.002104 0.009958 0.969133 0.009958 0.002104 0.993257 -0.002109 -0.009973 -0.969093 -0.009973 -0.002109 0.000000 
5.000000e-01 5.000000e-01 4.999957e-03 5.000000e-01 5.000000e-01 1.515007e+00 -0.993257 0.002104 0.009958 0.969133 0.009958 0.002104 0.993257 -0.002109 -0.009973 -0.969093 -0.009973 -0.002109 0.000000 
5.000000e-01 5.000000e-01 4.999957e-03 5.000000e-01 5.000000e-01 1.515007e+00 -0.993257 0.002104 0.009958 0.969133 0.009958 0.002104 0.993257 -0.002109 -0.009973 -0.969093 -0.009973 -0.002109 0.000000 
5.000000e-01 5.000000e-01 4.999957e-03 5.000000e-01 5.000000e-01 1.515007e+00 -0.993257 0.002104 0.009958 0.969133 0.009958 0.002104 0.993257 -0.002109 -0.009973 -0.969093 -0.009973 -0.002109 0.000000 
5.000000e-01 5.000000e-01 4.999957e-03 5.000000e-01 5.000000e-01 1.515007e+00 -0.993257 0.002104 0.009958 0.969133 0.009958 0.002104 0.993257 -0.002109 -0.009973 -0.969093 -0.009973 -0.002109 0.000000 
5.000000e-01 5.000000e-01 4.999957e-03 5.000000e-01 5.000000e-01 1.515007e+00 -0.993257 0.002104 0.009958 0.969133 0.009958 0.002104 0.993257 -0.002109 -0.009973 -0.969093 -0.009973 -0.002109 0.000000 
5.000000e-01 5.000000e-01 4.999957e-03 5.000000e-01 5.000000e-01 1.515007e+00 -0.993257 0.002104 0.009958 0.969133 0.009958 0.002104 0.993257 -0.002109 -0.009973 -0.969093 -0.009973 -0.002109 0.000000 
5.000000e-01 5.000000e-01 4.999957e-03 5.000000e-01 5.000000e-01 1.515007e+00 -0.993257 0.002104 0.009958 0.969133 0.009958 0.002104 0.993257 -0.002109 -0.009973 -0.969093 -0.009973 -0.002109 0.000000 
5.000000e-01 5.000000e-01 4.999957e-03 5.000000e-01 5.000000e-01 1.515007e+00 -0.993257 0.002104 0.009958 0.969133 0.009958 0.002104 0.993257 -0.002109 -0.009973 -0.969093 -0.009973 -0.002109 0.000000 
5.000000e-01 5.000000e-01 4.999957e-03 5.000000e-01 5.000000e-01 1.515007e+00 -0.993257 0.002104 0.009958 0.969133 0.009958 0.002104 0.993257 -0.002109 -0.009973 -0.969093 -0.009973 -0.002109 0.000000 
5.000000e-01 5.000000e-01 4.999957e-03 5.000000e-01 5.000000e-01 1.515007e+00 -0.993257 0.002104 0.009958 0.969133 0.009958 0.002104 0.993257 -0.002109 -0.009973 -0.969093 -0.009973 -0.002109 0.000000 
5.000000e-01 5.000000e-01 4.999957e-03 5.000000e-01 5.000000e-01 1.515007e+00 -0.993257 0.002104 0.009958 0.969133 0.009958 0.002104 0.993257 -0.002109 -0.009973 -0.969093 -0.009973 -0.002109 0.000000 
5.000000e-01 5.000000e-01 4.999957e-03 5.000000e-01 5.000000e-01 1.515007e+00 -0.993257 0.002104 0.009958 0.969133 0.009958 0.002104 0.993257 -0.002109 -0.009973 -0.969093 -0.009973 -0.002109 0.000000 
5.000000e-01 5.000000e-01 4.999957e-03 5.000000e-01 5.000000e-01 1.515007e+00 -0.993257 0.002104 0.009958 0.969133 0.009958 0.002104 0.993257 -0.002109 -0.009973 -0.969093 -0.009973 -0.002109 0.000000 
5.000000e-01 5.000000e-01 4.999957e-03 5.000000e-01 5.000000e-01 1.515007e+00 -0.993257 0.002104 0.009958 0.969133 0.009958 0.002104 0.993257 -0.002109 -0.009973 -0.969093 -0.009973 -0.002109 0.000000 
5.000000e-01 5.000000e-01 4.999957e-03 5.000000e-01 5.000000e-01 1.515007e+00 -0.993257 0.002104 0.009958 0.969133 0.009958 0.002104 0.993257 -0.002109 -0.009973 -0.969093 -0.009973 -0.002109 0.000000 
5.000000e-01 5.000000e-01 4.999957e-03 5.000000e-01 5.000000e-01 1.515007e+00 -0.993257 0.002104 0.009958 0.969133 0.009958 0.002104 0.993257 -0.002109 -0.009973 -0.969093 -0.009973 -0.002109 0.000000 
5.000000e-01 5.000000e-01 4.999957e-03 5.000000e-01 5.000000e-01 1.515007e+00 -0.993257 0.002104 0.009958 0.969133 0.009958 0.002104 0.993257 -0.002109 -0.009973 -0.969093 -0.009973 -0.002109 0.000000 
5.000000e-01 5.000000e-01 4.999957e-03 5.000000e-01 5.000000e-01 1.515007e+00 -0.993257 0.002104 0.009958 0.969133 0.009958 0.002104 0.993257 -0.002109 -0.009973 -0.969093 -0.009973 -0.002109 0.000000 
5.000000e-01 5.000000e-01 4.999957e-03 5.000000e-01 5.000000e-01 1.515007e+00 -0.993257 0.002104 0.009958 0.969133 0.009958 0.002104 0.993257 -0.002109 -0.009973 -0.969093 -0.009973 -0.002109 0.000000 
5.000000e-01 5.000000e-01 4.999957e-03 5.000000e-01 5.000000e-01 1.515007e+00 -0.993257 0.002104 0.009958 0.969133 0.009958 0.002104 0.993257 -0.002109 -0.009973 -0.969093 -0.009973 -0.002109 0.000000 
5.000000e-01 5.000000e-01 4.999957e-03 5.000000e-01 5.000000e-01 1.515007e+00 -0.993257 0.002104 0.009958 0.969133 0.009958 0.002104 0.993257 -0.002109 -0.009973 -0.969093 -0.009973 -0.002109 0.000000 
5.000000e-01 5.000000e-01 4.999957e-03 5.000000e-01 5.000000e-01 1.515007e+00 -0.993257 0.002104 0.009958 0.969133 0.009958 0.002104 0.993257 -0.002109 -0.009973 -0.969093 -0.009973 -0.002109 0.000000 
5.000000e-01 5.000000e-01 4.999957e-03 5.000000e-01 5.000000e-01 1.515007e+00 -0.993257 0.002104 0.009958 0.969133 0.009958 0.002104 0.993257 -0.002109 -0.009973 -0.969093 -0.009973 -0.002109 0.000000 
5.000000e-01 5.000000e-01 4.999957e-03 5.000000e-01 5.000000e-01 1.515007e+00 -0.993257 0.002104 0.009958 0.969133 0.009958 0.002104 0.993257 -0.002109 -0.009973 -0.969093 -0.009973 -0.002109 0.000000 
5.000000e-01 5.000000e-01 4.999957e-03 5.000000e-01 5.000000e-01 1.515007e+00 -0.993257 0.002104 0.009958 0.969133 0.009958 0.002104 0.993257 -0.002109 -0.009973 -0.969093 -0.009973 -0.002109 0.000000 
5.000000e-01 5.000000e-01 4.999957e-03 5.000000e-01 5.000000e-01 1.515007e+00 -0.993257 0.002104 0.009958 0.969133 0.009958 0.002104 0.993257 -0.002109 -0.009973 -0.969093 -0.009973 -0.002109 0.000000 
5.000000e-01 5.000000e-01 4.999957e-03 5.000000e-01 5.000000e-01 1.515007e+00 -0.993257 0.002104 0.009958 0.969133 0.009958 0.002104 0.993257 -0.002109 -0.009973 -0.969093 -0.009973 -0.002109 0.000000 
5.000000e-01 5.000000e-01 4.999957e-03 5.000000e-01 5.000000e-01 1.515007e+00 -0.993257 0.002104 0.009958 0.969133 0.009958 0.002104 0.993257 -0.002109 -0.009973 -0.969093 -0.009973 -0.002109 0.000000 
5.000000e-01 5.000000e-01 4.999957e-03 5.000000e-01 5.000000e-01 1.515007e+00 -0.993257 0.002104 0.009958 0.969133 0.009958 0.002104 0.993257 -0.002109 -0.009973 -0.969093 -0.009973 -0.002109 0.000000 
5.000000e-01 5.000000e-01 4.999957e-03 5.000000e-01 5.000000e-01 1.515007e+00 -0.993257 0.002104 0.009958 0.969133 0.009958 0.002104 0.993257 -0.002109 -0.009973 -0.969093 -0.009973 -0.002109 0.000000 
5.000000e-01 5.000000e-01 4.999957e-03 5.000000e-01 5.000000e-01 1.515007e+00 -0.993257 0.002104 0.009958 0.969133 0.009958 0.002104 0.993257 -0.002109 -0.009973 -0.969093 -0.009973 -0.002109 0.000000 
5.000000e-01 5.000000e-01 4.999957e-03 5.000000e-01 5.000000e-01 1.515007e+00 -0.993257 0.002104 0.009958 0.969133 0.009958 0.002104 0.993257 -0.002109 -0.009973 -0.969093 -0.009973 -0.002109 0.000000 
5.000000e-01 5.000000e-01 4.999957e-03 5.000000e-01 5.000000e-01 1.515007e+00 -0.993257 0.002104 0.009958 0.969133 0.009958 0.002104 0.993257 -0.002109 -0.009973 -0.969093 -0.009973 -0.002109 0.000000 
5.000000e-01 5.000000e-01 4.999957e-03 5.000000e-01 5.000000e-01 1.515007e+00 -0.993257 0.002104 0.009958 0.969133 0.009958 0.002104 0.993257 -0.002109 -0.009973 -0.969093 -0.009973 -0.002109 0.000000 
5.000000e-01 5.000000e-01 4.999957e-03 5.000000e-01 5.000000e-01 1.515007e+00 -0.993257 0.002104 0.009958 0.969133 0.009958 0.002104 0.993257 -0.002109 -0.009973 -0.969093 -0.009973 -0.002109 0.000000 
5.000000e-01 5.000000e-01 4.999957e-03 5.000000e-01 5.000000e-01 1.515007e+00 -0.993257 0.002104 0.009958 0.969133 0.009958 0.002104 0.993257 -0.002109 -0.009973 -0.969093 -0.009973 -0.002109 0.000000 
5.000000e-01 5.000000e-01 4.999957e-03 5.000000e-01 5.000000e-01 1.515007e+00 -0.993257 0.002104 0.009958 0.969133 0.009958 0.002104 0.993257 -0.002109 -0.009973 -0.969093 -0.009973 -0.002109 0.000000 
5.000000e-01 5.000000e-01 4.999957e-03 5.000000e-01 5.000000e-01 1.515007e+00 -0.993257 0.002104 0.009958 0.969133 0.009958 0.002104 0.993257 -0.002109 -0.009973 -0.969093 -0.009973 -0.002109 0.000000 
5.000000e-01 5.000000e-01 4.999957e-03 5.000000e-01 5.000000e-01 1.515007e+00 -0.993257 0.002104 0.009958 0.969133 0.009958 0.002104 0.993257 -0.002109 -0.009973 -0.969093 -0.009973 -0.002109 0.000000 
5.000000e-01 5.000000e-01 4.999957e-03 5.000000e-01 5.000000e-01 1.515007e+00 -0.993257 0.002104 0.009958 0.969133 0.009958 0.002104 0.993257 -0.002109 -0.009973 -0.969093 -0.009973 -0.002109 0.000000 
5.000000e-01 5.000000e-01 4.999957e-03 5.000000e-01 5.000000e-01 1.515007e+00 -0.993257 0.002104 0.009958 0.969133 0.009958 0.002104 0.993257 -0.002109 -0.009973 -0.969093 -0.009973 -0.002109 0.000000 
5.000000e-01 5.000000e-01 4.999957e-03 5.000000e-01 5.000000e-01 1.515007e+00 -0.993257 0.002104 0.009958 0.969133 0.009958 0.002104 0.993257 -0.002109 -0.009973 -0.969093 -0.009973 -0.002109 0.000000 
5.000000e-01 5.000000e-01 4.999957e-03 5.000000e-01 5.000000e-01 1.515007e+00 -0.993257 0.002104 0.009958 0.969133 0.009958 0.002104 0.993257 -0.002109 -0.009973 -0.969093 -0.009973 -0.002109 0.000000 
5.000000e-01 5.000000e-01 4.999957e-03 5.000000e-01 5.000000e-01 1.515007e+00 -0.993257 0.002104 0.009958 0.969133 0.009958 0.002104 0.993257 -0.002109 -0.009973 -0.969093 -0.009973 -0.002109 0.000000 
5.000000e-01 5.000000e-01 4.999957e-03 5.000000e-01 5.000000e-01 1.515007e+00 -0.993257 0.002104 0.009958 0.969133 0.009958 0.002104 0.993257 -0.002109 -0.009973 -0.969093 -0.009973 -0.002109 0.000000 
5.000000e-01 5.000000e-01 4.999957e-03 5.000000e-01 5.000000e-01 1.515007e+00 -0.993257 0.002104 0.009958 0.969133 0.009958 0.002104 0.993257 -0.002109 -0.009973 -0.969093 -0.009973 -0.002109 0.000000 
5.000000e-01 5.000000e-01 4.999957e-03 5.000000e-01 5.000000e-01 1.515007e+00 -0.993257 0.002104 0.009958 0.969133 0.009958 0.002104 0.993257 -0.002109 -0.009973 -0.969093 -0.009973 -0.002109 0.000000 
5.000000e-01 5.000000e-01 4.999957e-03 5.000000e-01 5.000000e-01 1.515007e+00 -0.993257 0.002104 0.009958 0.969133 0.009958 0.002104 0.993257 -0.002109 -0.009973 -0.969093 -0.009973 -0.002109 0.000000 
5.000000e-01 5.000000e-01 4.999957e-03 5.000000e-01 5.000000e-01 1.515007e+00 -0.993257 0.002104 0.009958 0.969133 0.009958 0.002104 0.993257 -0.002109 -0.009973 -0.969093 -0.009973 -0.002109 0.000000 
5.000000e-01 5.000000e-01 4.999957e-03 5.000000e-01 5.000000e-01 1.515007e+00 -0.993257 0.002104 0.009958 0.969133 0.009958 0.002104 0.993257 -0.002109 -0.009973 -0.969093 -0.009973 -0.002109 0.000000 
5.000000e-01 5.000000e-01 4.999957e-03 5.000000e-01 5.000000e-01 1.515007e+00 -0.993257 0.002104 0.009958 0.969133 0.009958 0.002104 0.993257 -0.002109 -0.009973 -0.969093 -0.009973 -0.002109 0.000000 
5.000000e-01 5.000000e-01 4.999957e-03 5.000000e-01 5.000000e-01 1.515007e+00 -0.993257 0.002104 0.009958 0.969133 0.009958 0.002104 0.993257 -0.002109 -0.009973 -0.969093 -0.009973 -0.002109 0.000000 
5.000000e-01 5.000000e-01 4.999957e-03 5.000000e-01 5.000000e-01 1.515007e+00 -0.993257 0.002104 0.009958 0.969133 0.009958 0.002104 0.993257 -0.002109 -0.009973 -0.969093 -0.009973 -0.002109 0.000000 
5.000000e-01 5.000000e-01 4.999957e-03 5.000000e-01 5.000000e-01 1.515007e+00 -0.993257 0.002104 0.009958 0.969133 0.009958 0.002104 0.993257 -0.002109 -0.009973 -0.969093 -0.009973 -0.002109 0.000000 
5.000000e-01 5.000000e-01 4.999957e-03 5.000000e-01 5.000000e-01 1.515007e+00 -0.993257 0.002104 0.009958 0.969133 0.009958 0.002104 0.993257 -0.002109 -0.009973 -0.969093 -0.009973 -0.002109 0.000000 
5.000000e-01 5.000000e-01 4.999957e-03 5.000000e-01 5.000000e-01 1.515007e+00 -0.993257 0.002104 0.009958 0.969133 0.009958 0.002104 0.993257 -0.002109 -0.009973 -0.969093 -0.009973 -0.002109 0.000000 
5.000000e-01 5.000000e-01 4.999957e-03 5.000000e-01 5.000000e-01 1.515007e+00 -0.993257 0.002104 0.009958 0.969133 0.009958 0.002104 0.993257 -0.002109 -0.009973 -0.969093 -0.009973 -0.002109 0.000000 
5.000000e-01 5.000000e-01 4.999957e-03 5.000000e-01 5.000000e-01 1.515007e+00 -0.993257 0.002104 0.009958 0.969133 0.009958 0.002104 0.993257 -0.002109 -0.009973 -0.969093 -0.009973 -0.002109 0.000000 
5.000000e-01 5.000000e-01 4.999957e-03 5.000000e-01 5.000000e-01 1.515007e+00 -0.993257 0.002104 0.009958 0.969133 0.009958 0.002104 0.993257 -0.002109 -0.009973 -0.969093 -0.009973 -0.002109 0.000000 
5.000000e-01 5.000000e-01 4.999957e-03 5.000000e-01 5.000000e-01 1.515007e+00 -0.993257 0.002104 0.009958 0.969133 0.009958 0.002104 0.993257 -0.002109 -0.009973 -0.969093 -0.009973 -0.002109 0.000000 
5.000000e-01 5.000000e-01 4.999957e-03 5.000000e-01 5.000000e-01 1.515007e+00 -0.993257 0.002104 0.009958 0.969133 0.009958 0.002104 0.993257 -0.002109 -0.009973 -0.969093 -0.009973 -0.002109 0.000000 
5.000000e-01 5.000000e-01 4.999957e-03 5.000000e-01 5.000000e-01 1.515007e+00 -0.993257 0.002104 0.009958 0.969133 0.009958 0.002104 0.993257 -0.002109 -0.009973 -0.969093 -0.009973 -0.002109 0.000000 
5.000000e-01 5.000000e-01 4.999957e-03 5.000000e-01 5.000000e-01 1.515007e+00 -0.993257 0.002104 0.009958 0.969133 0.009958 0.002104 0.993257 -0.002109 -0.009973 -0.969093 -0.009973 -0.002109 0.000000 
5.000000e-01 5.000000e-01 4.999957e-03 5.000000e-01 5.000000e-01 1.515007e+00 -0.993257 0.002104 0.009958 0.969133 0.009958 0.002104 0.993257 -0.002109 -0.009973 -0.969093 -0.009973 -0.002109 0.000000 
5.000000e-01 5.000000e-01 4.999957e-03 5.000000e-01 5.000000e-01 1.515007e+00 -0.993257 0.002104 0.009958 0.969133 0.009958 0.002104 0.993257 -0.002109 -0.009973 -0.969093 -0.009973 -0.002109 0.000000 
5.000000e-01 5.000000e-01 4.999957e-03 5.000000e-01 5.000000e-01 1.515007e+00 -0.993257 0.002104 0.009958 0.969133 0.009958 0.002104 0.993257 -0.002109 -0.009973 -0.969093 -0.009973 -0.002109 0.000000 
5.000000e-01 5.000000e-01 4.999957e-03 5.000000e-01 5.000000e-01 1.515007e+00 -0.993257 0.002104 0.009958 0.969133 0.009958 0.002104 0.993257 -0.002109 -0.009973 -0.969093 -0.009973 -0.002109 0.000000 
5.000000e-01 5.000000e-01 4.999957e-03 5.000000e-01 5.000000e-01 1.515007e+00 -0.993257 0.002104 0.009958 0.969133 0.009958 0.002104 0.993257 -0.002109 -0.009973 -0.969093 -0.009973 -0.002109 0.000000 
5.000000e-01 5.000000e-01 4.999957e-03 5.000000e-01 5.000000e-01 1.515007e+00 -0.993257 0.002104 0.009958 0.969133 0.009958 0.002104 0.993257 -0.002109 -0.009973 -0.969093 -0.009973 -0.002109 0.000000 
5.000000e-01 5.000000e-01 4.999957e-03 5.000000e-01 5.000000e-01 1.515007e+00 -0.993257 0.002104 0.009958 0.969133 0.009958 0.002104 0.993257 -0.002109 -0.009973 -0.969093 -0.009973 -0.002109 0.000000 
5.000000e-01 5.000000e-01 4.999957e-03 5.000000e-01 5.000000e-01 1.515007e+00 -0.993257 0.002104 0.009958 0.969133 0.009958 0.002104 0.993257 -0.002109 -0.009973 -0.969093 -0.009973 -0.002109 0.000000 
5.000000e-01 5.000000e-01 4.999957e-03 5.000000e-01 5.000000e-01 1.515007e+00 -0.993257 0.002104 0.009958 0.969133 0.009958 0.002104 0.993257 -0.002109 -0.009973 -0.969093 -0.009973 -0.002109 0.000000 
5.000000e-01 5.000000e-01 4.999957e-03 5.000000e-01 5.000000e-01 1.515007e+00 -0.993257 0.002104 0.009958 0.969133 0.009958 0.002104 0.993257 -0.002109 -0.009973 -0.969093 -0.009973 -0.002109 0.000000 
5.000000e-01 5.000000e-01 4.999957e-03 5.000000e-01 5.000000e-01 1.515007e+00 -0.993257 0.002104 0.009958 0.969133 0.009958 0.002104 0.993257 -0.002109 -0.009973 -0.969093 -0.009973 -0.002109 0.000000 
5.000000e-01 5.000000e-01 4.999957e-03 5.000000e-01 5.000000e-01 1.515007e+00 -0.993257 0.002104 0.009958 0.969133 0.009958 0.002104 0.993257 -0.002109 -0.009973 -0.969093 -0.009973 -0.002109 0.000000 
5.000000e-01 5.000000e-01 4.999957e-03 5.000000e-01 5.000000e-01 1.515007e+00 -0.993257 0.002104 0.009958 0.969133 0.009958 0.002104 0.993257 -0.002109 -0.009973 -0.969093 -0.009973 -0.002109 0.000000 
5.000000e-01 5.000000e-01 4.999957e-03 5.000000e-01 5.000000e-01 1.515007e+00 -0.993257 0.002104 0.009958 0.969133 0.009958 0.002104 0.993257 -0.002109 -0.009973 -0.969093 -0.009973 -0.002109 0.000000 
5.000000e-01 5.000000e-01 4.999957e-03 5.000000e-01 5.000000e-01 1.515007e+00 -0.993257 0.002104 0.009958 0.969133 0.009958 0.002104 0.993257 -0.002109 -0.009973 -0.969093 -0.009973 -0.002109 0.000000 
5.000000e-01 5.000000e-01 4.999957e-03 5.000000e-01 5.000000e-01 1.515007e+00 -0.993257 0.002104 0.009958 0.969133 0.009958 0.002104 0.993257 -0.002109 -0.009973 -0.969093 -0.009973 -0.002109 0.000000 
5.000000e-01 5.000000e-01 4.999957e-03 5.000000e-01 5.000000e-01 1.515007e+00 -0.993257 0.002104 0.009958 0.969133 0.009958 0.002104 0.993257 -0.002109 -0.009973 -0.969093 -0.009973 -0.002109 0.000000 
5.000000e-01 5.000000e-01 4.999957e-03 5.000000e-01 5.000000e-01 1.515007e+00 -0.993257 0.002104 0.009958 0.969133 0.009958 0.002104 0.993257 -0.002109 -0.009973 -0.969093 -0.009973 -0.002109 0.000000 
5.000000e-01 5.000000e-01 4.999957e-03 5.000000e-01 5.000000e-01 1.515007e+00 -0.993257 0.002104 0.009958 0.969133 0.009958 0.002104 0.993257 -0.002109 -0.009973 -0.969093 -0.009973 -0.002109 0.000000 
5.000000e-01 5.000000e-01 4.999957e-03 5.000000e-01 5.000000e-01 1.515007e+00 -0.993257 0.002104 0.009958 0.969133 0.009958 0.002104 0.993257 -0.002109 -0.009973 -0.969093 -0.009973 -0.002109 0.000000 
5.000000e-01 5.000000e-01 4.999957e-03 5.000000e-01 5.000000e-01 1.515007e+00 -0.993257 0.002104 0.009958 0.969133 0.009958 0.002104 0.993257 -0.002109 -0.009973 -0.969093 -0.009973 -0.002109 0.000000 
5.000000e-01 5.000000e-01 4.999957e-03 5.000000e-01 5.000000e-01 1.515007e+00 -0.993257 0.002104 0.009958 0.969133 0.009958 0.002104 0.993257 -0.002109 -0.009973 -0.969093 -0.009973 -0.002109 0.000000 
5.000000e-01 5.000000e-01 4.999957e-03 5.000000e-01 5.000000e-01 1.515007e+00 -0.993257 0.002104 0.009958 0.969133 0.009958 0.002104 0.993257 -0.002109 -0.009973 -0.969093 -0.009973 -0.002109 0.000000 
5.000000e-01 5.000000e-01 4.999957e-03 5.000000e-01 5.000000e-01 1.515007e+00 -0.993257 0.002104 0.009958 0.969133 0.009958 0.002104 0.993257 -0.002109 -0.009973 -0.969093 -0.009973 -0.002109 0.000000 
5.000000e-01 5.000000e-01 4.999957e-03 5.000000e-01 5.000000e-01 1.515007e+00 -0.993257 0.002104 0.009958 0.969133 0.009958 0.002104 0.993257 -0.002109 -0.009973 -0.969093 -0.009973 -0.002109 0.000000 
5.000000e-01 5.000000e-01 4.999957e-03 5.000000e-01 5.000000e-01 1.515007e+00 -0.993257 0.002104 0.009958 0.969133 0.009958 0.002104 0.993257 -0.002109 -0.009973 -0.969093 -0.009973 -0.002109 0.000000 
5.000000e-01 5.000000e-01 4.999957e-03 5.000000e-01 5.000000e-01 1.515007e+00 -0.993257 0.002104 0.009958 0.969133 0.009958 0.002104 0.993257 -0.002109 -0.009973 -0.969093 -0.009973 -0.002109 0.000000 
5.000000e-01 5.000000e-01 4.999957e-03 5.000000e-01 5.000000e-01 1.515007e+00 -0.993257 0.002104 0.009958 0.969133 0.009958 0.002104 0.993257 -0.002109 -0.009973 -0.969093 -0.009973 -0.002109 0.000000 
5.000000e-01 5.000000e-01 4.999957e-03 5.000000e-01 5.000000e-01 1.515007e+00 -0.993257 0.002104 0.009958 0.969133 0.009958 0.002104 0.993257 -0.002109 -0.009973 -0.969093 -0.009973 -0.002109 0.000000 
5.000000e-01 5.000000e-01 4.999957e-03 5.000000e-01 5.000000e-01 1.515007e+00 -0.993257 0.002104 0.009958 0.969133 0.009958 0.002104 0.993257 -0.002109 -0.009973 -0.969093 -0.009973 -0.002109 0.000000 
5.000000e-01 5.000000e-01 4.999957e-03 5.000000e-01 5.000000e-01 1.515007e+00 -0.993257 0.002104 0.009958 0.969133 0.009958 0.002104 0.993257 -0.002109 -0.009973 -0.969093 -0.009973 -0.002109 0.000000 
5.000000e-01 5.000000e-01 4.999957e-03 5.000000e-01 5.000000e-01 1.515007e+00 -0.993257 0.002104 0.009958 0.969133 0.009958 0.002104 0.993257 -0.002109 -0.009973 -0.969093 -0.009973 -0.002109 0.000000 
5.000000e-01 5.000000e-01 4.999957e-03 5.000000e-01 5.000000e-01 1.515007e+00 -0.993257 0.002104 0.009958 0.969133 0.009958 0.002104 0.993257 -0.002109 -0.009973 -0.969093 -0.009973 -0.002109 0.000000 
5.000000e-01 5.000000e-01 4.999957e-03 5.000000e-01 5.000000e-01 1.515007e+00 -0.993257 0.002104 0.009958 0.969133 0.009958 0.002104 0.993257 -0.002109 -0.009973 -0.969093 -0.009973 -0.002109 0.000000 
5.000000e-01 5.000000e-01 4.999957e-03 5.000000e-01 5.000000e-01 1.515007e+00 -0.993257 0.002104 0.009958 0.969133 0.009958 0.002104 0.993257 -0.002109 -0.009973 -0.969093 -0.009973 -0.002109 0.000000 
5.000000e-01 5.000000e-01 4.999957e-03 5.000000e-01 5.000000e-01 1.515007e+00 -0.993257 0.002104 0.009958 0.969133 0.009958 0.002104 0.993257 -0.002109 -0.009973 -0.969093 -0.009973 -0.002109 0.000000 
5.000000e-01 5.000000e-01 4.999957e-03 5.000000e-01 5.000000e-01 1.515007e+00 -0.993257 0.002104 0.009958 0.969133 0.009958 0.002104 0.993257 -0.002109 -0.009973 -0.969093 -0.009973 -0.002109 0.000000 
5.000000e-01 5.000000e-01 4.999957e-03 5.000000e-01 5.000000e-01 1.515007e+00 -0.993257 0.002104 0.009958 0.969133 0.009958 0.002104 0.993257 -0.002109 -0.009973 -0.969093 -0.009973 -0.002109 0.000000 
5.000000e-01 5.000000e-01 4.999957e-03 5.000000e-01 5.000000e-01 1.515007e+00 -0.993257 0.002104 0.009958 0.969133 0.009958 0.002104 0.993257 -0.002109 -0.009973 -0.969093 -0.009973 -0.002109 0.000000 
5.000000e-01 5.000000e-01 4.999957e-03 5.000000e-01 5.000000e-01 1.515007e+00 -0.993257 0.002104 0.009958 0.969133 0.009958 0.002104 0.993257 -0.002109 -0.009973 -0.969093 -0.009973 -0.002109 0.000000 
5.000000e-01 5.000000e-01 4.999957e-03 5.000000e-01 5.000000e-01 1.515007e+00 -0.993257 0.002104 0.009958 0.969133 0.009958 0.002104 0.993257 -0.002109 -0.009973 -0.969093 -0.009973 -0.002109 0.000000 
5.000000e-01 5.000000e-01 4.999957e-03 5.000000e-01 5.000000e-01 1.515007e+00 -0.993257 0.002104 0.009958 0.969133 0.009958 0.002104 0.993257 -0.002109 -0.009973 -0.969093 -0.009973 -0.002109 0.000000 
5.000000e-01 5.000000e-01 4.999957e-03 5.000000e-01 5.000000e-01 1.515007e+00 -0.993257 0.002104 0.009958 0.969133 0.009958 0.002104 0.993257 -0.002109 -0.009973 -0.969093 -0.009973 -0.002109 0.000000 
5.000000e-01 5.000000e-01 4.999957e-03 5.000000e-01 5.000000e-01 1.515007e+00 -0.993257 0.002104 0.009958 0.969133 0.009958 0.002104 0.993257 -0.002109 -0.009973 -0.969093 -0.009973 -0.002109 0.000000 
5.000000e-01 5.000000e-01 4.999957e-03 5.000000e-01 5.000000e-01 1.515007e+00 -0.993257 0.002104 0.009958 0.969133 0.009958 0.002104 0.993257 -0.002109 -0.009973 -0.969093 -0.009973 -0.002109 0.000000 
