# TeX TeY TeZ ThX ThY THZ P1 P2
5.000000e-01 5.000000e-01 5.900000e-01 5.000000e-01 5.000000e-01 5.900000e-01 0.000000 0.000000 0.000000 0.000000 0.000000 0.000000 0.000000 0.000000 0.000000 0.000000 0.000000 0.000000 0.000000 
5.000000e-01 5.000000e-01 5.779358e-01 5.000000e-01 5.000000e-01 5.986487e-01 -0.013596 0.002376 0.002912 0.003021 0.002912 0.002376 0.013596 -0.001589 -0.003129 -0.004160 -0.003129 -0.001589 0.000000 
5.000000e-01 5.000000e-01 5.658328e-01 5.000000e-01 5.000000e-01 6.072857e-01 -0.027211 0.004756 0.005827 0.006044 0.005827 0.004756 0.027211 -0.003158 -0.006268 -0.008360 -0.006268 -0.003158 0.000000 
5.000000e-01 5.000000e-01 5.536913e-01 5.000000e-01 5.000000e-01 6.159109e-01 -0.040842 0.007141 0.008746 0.009069 0.008746 0.007141 0.040842 -0.004702 -0.009415 -0.012608 -0.009415 -0.004702 0.000000 
5.000000e-01 5.000000e-01 5.415118e-01 5.000000e-01 5.000000e-01 6.245242e-01 -0.054491 0.009530 0.011668 0.012096 0.011668 0.009530 0.054491 -0.006217 -0.012573 -0.016911 -0.012573 -0.006217 0.000000 
5.000000e-01 5.000000e-01 5.292945e-01 5.000000e-01 5.000000e-01 6.331254e-01 -0.068157 0.011922 0.014593 0.015126 0.014593 0.011922 0.068157 -0.007695 -0.015742 -0.021282 -0.015742 -0.007695 0.000000 
5.000000e-01 5.000000e-01 5.170398e-01 5.000000e-01 5.000000e-01 6.417146e-01 -0.081839 0.014318 0.017522 0.018159 0.017522 0.014318 0.081839 -0.009129 -0.018923 -0.025735 -0.018923 -0.009129 0.000000 
5.000000e-01 5.000000e-01 5.047479e-01 5.000000e-01 5.000000e-01 6.502914e-01 -0.095537 0.016717 0.020454 0.021196 0.020454 0.016717 0.095537 -0.010517 -0.022116 -0.030272 -0.022116 -0.010517 0.000000 
5.000000e-01 5.000000e-01 4.924192e-01 5.000000e-01 5.000000e-01 6.588559e-01 -0.109252 0.019117 0.023390 0.024238 0.023390 0.019117 0.109252 -0.011857 -0.025319 -0.034900 -0.025319 -0.011857 0.000000 
5.000000e-01 5.000000e-01 4.800540e-01 5.000000e-01 5.000000e-01 6.674080e-01 -0.122982 0.021519 0.026329 0.027285 0.026329 0.021519 0.122982 -0.013141 -0.028534 -0.039632 -0.028534 -0.013141 0.000000 
5.000000e-01 5.000000e-01 4.676527e-01 5.000000e-01 5.000000e-01 6.759474e-01 -0.136728 0.023923 0.029273 0.030336 0.029273 0.023923 0.136728 -0.014351 -0.031762 -0.044503 -0.031762 -0.014351 0.000000 
5.000000e-01 5.000000e-01 4.552154e-01 5.000000e-01 5.000000e-01 6.844742e-01 -0.150488 0.026328 0.032219 0.033394 0.032219 0.026328 0.150488 -0.015489 -0.035001 -0.049509 -0.035001 -0.015489 0.000000 
5.000000e-01 5.000000e-01 4.427426e-01 5.000000e-01 5.000000e-01 6.929881e-01 -0.164264 0.028734 0.035170 0.036457 0.035170 0.028734 0.164264 -0.016550 -0.038250 -0.054663 -0.038250 -0.016550 0.000000 
5.000000e-01 5.000000e-01 4.302344e-01 5.000000e-01 5.000000e-01 7.014891e-01 -0.178054 0.031140 0.038124 0.039526 0.038124 0.031140 0.178054 -0.017527 -0.041508 -0.059983 -0.041508 -0.017527 0.000000 
5.000000e-01 5.000000e-01 4.176913e-01 5.000000e-01 5.000000e-01 7.099770e-01 -0.191858 0.033546 0.041082 0.042602 0.041082 0.033546 0.191858 -0.018396 -0.044775 -0.065515 -0.044775 -0.018396 0.000000 
5.000000e-01 5.000000e-01 4.051135e-01 5.000000e-01 5.000000e-01 7.184517e-01 -0.205677 0.035951 0.044044 0.045686 0.044044 0.035951 0.205677 -0.019163 -0.048047 -0.071257 -0.048047 -0.019163 0.000000 
5.000000e-01 5.000000e-01 3.925012e-01 5.000000e-01 5.000000e-01 7.269131e-01 -0.219509 0.038355 0.047010 0.048778 0.047010 0.038355 0.219509 -0.019819 -0.051321 -0.077228 -0.051321 -0.019819 0.000000 
5.000000e-01 5.000000e-01 3.798549e-01 5.000000e-01 5.000000e-01 7.353611e-01 -0.233354 0.040758 0.049980 0.051878 0.049980 0.040758 0.233354 -0.020355 -0.054594 -0.083457 -0.054594 -0.020355 0.000000 
5.000000e-01 5.000000e-01 3.671747e-01 5.000000e-01 5.000000e-01 7.437955e-01 -0.247213 0.043159 0.052954 0.054987 0.052954 0.043159 0.247213 -0.020738 -0.057858 -0.090021 -0.057858 -0.020738 0.000000 
5.000000e-01 5.000000e-01 3.544609e-01 5.000000e-01 5.000000e-01 7.522162e-01 -0.261085 0.045558 0.055932 0.058104 0.055932 0.045558 0.261085 -0.020980 -0.061108 -0.096907 -0.061108 -0.020980 0.000000 
5.000000e-01 5.000000e-01 3.417139e-01 5.000000e-01 5.000000e-01 7.606231e-01 -0.274969 0.047955 0.058914 0.061231 0.058914 0.047955 0.274969 -0.021071 -0.064337 -0.104152 -0.064337 -0.021071 0.000000 
5.000000e-01 5.000000e-01 3.289338e-01 5.000000e-01 5.000000e-01 7.690160e-01 -0.288865 0.050348 0.061900 0.064368 0.061900 0.050348 0.288865 -0.020989 -0.067532 -0.111824 -0.067532 -0.020989 0.000000 
5.000000e-01 5.000000e-01 3.161210e-01 5.000000e-01 5.000000e-01 7.773948e-01 -0.302774 0.052738 0.064890 0.067517 0.064890 0.052738 0.302774 -0.020713 -0.070675 -0.119999 -0.070675 -0.020713 0.000000 
5.000000e-01 5.000000e-01 3.032757e-01 5.000000e-01 5.000000e-01 7.857594e-01 -0.316694 0.055123 0.067885 0.070677 0.067885 0.055123 0.316694 -0.020249 -0.073756 -0.128684 -0.073756 -0.020249 0.000000 
5.000000e-01 5.000000e-01 2.903982e-01 5.000000e-01 5.000000e-01 7.941096e-01 -0.330626 0.057505 0.070884 0.073848 0.070884 0.057505 0.330626 -0.019587 -0.076756 -0.137941 -0.076756 -0.019587 0.000000 
5.000000e-01 5.000000e-01 2.774887e-01 5.000000e-01 5.000000e-01 8.024453e-01 -0.344569 0.059882 0.073887 0.077031 0.073887 0.059882 0.344569 -0.018680 -0.079631 -0.147948 -0.079631 -0.018680 0.000000 
5.000000e-01 5.000000e-01 2.645475e-01 5.000000e-01 5.000000e-01 8.107663e-01 -0.358524 0.062254 0.076895 0.080226 0.076895 0.062254 0.358524 -0.017542 -0.082362 -0.158716 -0.082362 -0.017542 0.000000 
5.000000e-01 5.000000e-01 2.515748e-01 5.000000e-01 5.000000e-01 8.190725e-01 -0.372489 0.064619 0.079907 0.083436 0.079907 0.064619 0.372489 -0.016167 -0.084918 -0.170319 -0.084918 -0.016167 0.000000 
5.000000e-01 5.000000e-01 2.385707e-01 5.000000e-01 5.000000e-01 8.273638e-01 -0.386465 0.066978 0.082924 0.086661 0.082924 0.066978 0.386465 -0.014522 -0.087230 -0.182960 -0.087230 -0.014522 0.000000 
5.000000e-01 5.000000e-01 2.255356e-01 5.000000e-01 5.000000e-01 8.356400e-01 -0.400451 0.069330 0.085945 0.089901 0.085945 0.069330 0.400451 -0.012590 -0.089232 -0.196805 -0.089232 -0.012590 0.000000 
5.000000e-01 5.000000e-01 2.124696e-01 5.000000e-01 5.000000e-01 8.439009e-01 -0.414448 0.071675 0.088971 0.093156 0.088971 0.071675 0.414448 -0.010387 -0.090882 -0.211911 -0.090882 -0.010387 0.000000 
5.000000e-01 5.000000e-01 1.993727e-01 5.000000e-01 5.000000e-01 8.521464e-01 -0.428455 0.074012 0.092002 0.096426 0.092002 0.074012 0.428455 -0.007891 -0.092080 -0.228515 -0.092080 -0.007891 0.000000 
5.000000e-01 5.000000e-01 1.862452e-01 5.000000e-01 5.000000e-01 8.603763e-01 -0.442473 0.076342 0.095038 0.099712 0.095038 0.076342 0.442473 -0.005061 -0.092652 -0.247049 -0.092652 -0.005061 0.000000 
5.000000e-01 5.000000e-01 1.730870e-01 5.000000e-01 5.000000e-01 8.685905e-01 -0.456503 0.078662 0.098080 0.103020 0.098080 0.078662 0.456503 -0.001934 -0.092548 -0.267538 -0.092548 -0.001934 0.000000 
5.000000e-01 5.000000e-01 1.598981e-01 5.000000e-01 5.000000e-01 8.767889e-01 -0.470543 0.080971 0.101127 0.106347 0.101127 0.080971 0.470543 0.001495 -0.091624 -0.290286 -0.091624 0.001495 0.000000 
5.000000e-01 5.000000e-01 1.466781e-01 5.000000e-01 5.000000e-01 8.849711e-01 -0.484597 0.083272 0.104179 0.109694 0.104179 0.083272 0.484597 0.005285 -0.089502 -0.316164 -0.089502 0.005285 0.000000 
5.000000e-01 5.000000e-01 1.334268e-01 5.000000e-01 5.000000e-01 8.931372e-01 -0.498666 0.085564 0.107238 0.113061 0.107238 0.085564 0.498665 0.009379 -0.086140 -0.345145 -0.086140 0.009379 0.000000 
5.000000e-01 5.000000e-01 1.201433e-01 5.000000e-01 5.000000e-01 9.012869e-01 -0.512750 0.087846 0.110304 0.116451 0.110304 0.087846 0.512750 0.013774 -0.081305 -0.377690 -0.081305 0.013774 0.000000 
5.000000e-01 5.000000e-01 1.068266e-01 5.000000e-01 5.000000e-01 9.094200e-01 -0.526857 0.090118 0.113377 0.119866 0.113377 0.090118 0.526857 0.018518 -0.074354 -0.415185 -0.074354 0.018518 0.000000 
5.000000e-01 5.000000e-01 9.347531e-02 5.000000e-01 5.000000e-01 9.175365e-01 -0.540988 0.092377 0.116461 0.123312 0.116461 0.092377 0.540988 0.023548 -0.065262 -0.457561 -0.065262 0.023548 0.000000 
5.000000e-01 5.000000e-01 8.008746e-02 5.000000e-01 5.000000e-01 9.256360e-01 -0.555150 0.094628 0.119554 0.126787 0.119554 0.094628 0.555150 0.028853 -0.053738 -0.505381 -0.053738 0.028853 0.000000 
5.000000e-01 5.000000e-01 6.666081e-02 5.000000e-01 5.000000e-01 9.337184e-01 -0.569355 0.096871 0.122660 0.130293 0.122660 0.096871 0.569355 0.034462 -0.038911 -0.560459 -0.038911 0.034462 0.000000 
5.000000e-01 5.000000e-01 5.319304e-02 5.000000e-01 5.000000e-01 9.417836e-01 -0.583607 0.099108 0.125779 0.133834 0.125779 0.099108 0.583607 0.040310 -0.021056 -0.622116 -0.021056 0.040310 0.000000 
5.000000e-01 5.000000e-01 3.968243e-02 5.000000e-01 5.000000e-01 9.498314e-01 -0.597911 0.101337 0.128913 0.137411 0.128913 0.101337 0.597911 0.046376 -0.000074 -0.690515 -0.000074 0.046376 0.000000 
5.000000e-01 5.000000e-01 2.612902e-02 5.000000e-01 5.000000e-01 9.578615e-01 -0.612276 0.103554 0.132066 0.141036 0.132066 0.103554 0.612276 0.052648 0.024266 -0.766105 0.024266 0.052648 0.000000 
5.000000e-01 5.000000e-01 1.253561e-02 5.000000e-01 5.000000e-01 9.658738e-01 -0.626686 0.105762 0.135232 0.144699 0.135232 0.105762 0.626686 0.059053 0.050817 -0.846428 0.050817 0.059053 0.000000 
5.000000e-01 5.000000e-01 4.999881e-03 5.000000e-01 5.000000e-01 9.738681e-01 -0.637017 0.107209 0.137537 0.147525 0.137537 0.107209 0.637017 0.062223 0.065664 -0.892791 0.065664 0.062223 0.000000 
5.000000e-01 5.000000e-01 4.999881e-03 5.000000e-01 5.000000e-01 9.818442e-01 -0.642252 0.107710 0.138767 0.149300 0.138767 0.107710 0.642252 0.061298 0.064546 -0.893940 0.064546 0.061298 0.000000 
5.000000e-01 5.000000e-01 4.999881e-03 5.000000e-01 5.000000e-01 9.898019e-01 -0.647476 0.108188 0.139998 0.151105 0.139998 0.108188 0.647476 0.060374 0.063430 -0.895086 0.063430 0.060374 0.000000 
5.000000e-01 5.000000e-01 4.999881e-03 5.000000e-01 5.000000e-01 9.977409e-01 -0.652687 0.108635 0.141232 0.152953 0.141232 0.108635 0.652687 0.059451 0.062318 -0.896226 0.062318 0.059451 0.000000 
5.000000e-01 5.000000e-01 4.999881e-03 5.000000e-01 5.000000e-01 1.005661e+00 -0.657886 0.109058 0.142468 0.154834 0.142468 0.109058 0.657886 0.058528 0.061209 -0.897362 0.061209 0.058528 0.000000 
5.000000e-01 5.000000e-01 4.999881e-03 5.000000e-01 5.000000e-01 1.013563e+00 -0.663072 0.109456 0.143705 0.156751 0.143705 0.109456 0.663072 0.057607 0.060103 -0.898493 0.060103 0.057607 0.000000 
5.000000e-01 5.000000e-01 4.999881e-03 5.000000e-01 5.000000e-01 1.021445e+00 -0.668246 0.109827 0.144943 0.158704 0.144943 0.109827 0.668246 0.056687 0.059000 -0.899621 0.059000 0.056687 0.000000 
5.000000e-01 5.000000e-01 4.999881e-03 5.000000e-01 5.000000e-01 1.029307e+00 -0.673407 0.110169 0.146184 0.160701 0.146184 0.110169 0.673407 0.055768 0.057901 -0.900744 0.057901 0.055768 0.000000 
5.000000e-01 5.000000e-01 4.999881e-03 5.000000e-01 5.000000e-01 1.037150e+00 -0.678555 0.110476 0.147426 0.162751 0.147426 0.110476 0.678555 0.054850 0.056804 -0.901862 0.056804 0.054850 0.000000 
5.000000e-01 5.000000e-01 4.999881e-03 5.000000e-01 5.000000e-01 1.044973e+00 -0.683690 0.110754 0.148669 0.164844 0.148669 0.110754 0.683690 0.053933 0.055710 -0.902977 0.055710 0.053933 0.000000 
5.000000e-01 5.000000e-01 4.999881e-03 5.000000e-01 5.000000e-01 1.052776e+00 -0.688811 0.111001 0.149914 0.166982 0.149914 0.111001 0.688811 0.053018 0.054620 -0.904087 0.054620 0.053018 0.000000 
5.000000e-01 5.000000e-01 4.999881e-03 5.000000e-01 5.000000e-01 1.060559e+00 -0.693920 0.111218 0.151158 0.169167 0.151158 0.111218 0.693920 0.052105 0.053532 -0.905194 0.053532 0.052105 0.000000 
5.000000e-01 5.000000e-01 4.999881e-03 5.000000e-01 5.000000e-01 1.068321e+00 -0.699014 0.111393 0.152405 0.171419 0.152405 0.111393 0.699014 0.051193 0.052448 -0.906296 0.052448 0.051193 0.000000 
5.000000e-01 5.000000e-01 4.999881e-03 5.000000e-01 5.000000e-01 1.076062e+00 -0.704096 0.111531 0.153651 0.173730 0.153651 0.111531 0.704095 0.050283 0.051367 -0.907394 0.051367 0.050283 0.000000 
5.000000e-01 5.000000e-01 4.999881e-03 5.000000e-01 5.000000e-01 1.083783e+00 -0.709163 0.111635 0.154897 0.176098 0.154897 0.111635 0.709163 0.049374 0.050289 -0.908488 0.050289 0.049374 0.000000 
5.000000e-01 5.000000e-01 4.999881e-03 5.000000e-01 5.000000e-01 1.091482e+00 -0.714216 0.111704 0.156143 0.178523 0.156143 0.111704 0.714216 0.048467 0.049214 -0.909579 0.049214 0.048467 0.000000 
5.000000e-01 5.000000e-01 4.999881e-03 5.000000e-01 5.000000e-01 1.099159e+00 -0.719255 0.111730 0.157387 0.181020 0.157387 0.111730 0.719255 0.047562 0.048142 -0.910665 0.048142 0.047562 0.000000 
5.000000e-01 5.000000e-01 4.999881e-03 5.000000e-01 5.000000e-01 1.106815e+00 -0.724280 0.111708 0.158630 0.183602 0.158630 0.111708 0.724280 0.046659 0.047074 -0.911747 0.047074 0.046659 0.000000 
5.000000e-01 5.000000e-01 4.999881e-03 5.000000e-01 5.000000e-01 1.114449e+00 -0.729290 0.111647 0.159871 0.186254 0.159871 0.111647 0.729290 0.045758 0.046009 -0.912825 0.046009 0.045758 0.000000 
5.000000e-01 5.000000e-01 4.999881e-03 5.000000e-01 5.000000e-01 1.122060e+00 -0.734286 0.111546 0.161108 0.188977 0.161108 0.111546 0.734286 0.044860 0.044947 -0.913900 0.044947 0.044860 0.000000 
5.000000e-01 5.000000e-01 4.999881e-03 5.000000e-01 5.000000e-01 1.129649e+00 -0.739266 0.111401 0.162342 0.191781 0.162342 0.111401 0.739266 0.043963 0.043889 -0.914970 0.043889 0.043963 0.000000 
5.000000e-01 5.000000e-01 4.999881e-03 5.000000e-01 5.000000e-01 1.137216e+00 -0.744232 0.111196 0.163570 0.194700 0.163570 0.111196 0.744232 0.043068 0.042834 -0.916037 0.042834 0.043068 0.000000 
5.000000e-01 5.000000e-01 4.999881e-03 5.000000e-01 5.000000e-01 1.144759e+00 -0.749183 0.110948 0.164791 0.197704 0.164791 0.110948 0.749183 0.042176 0.041782 -0.917100 0.041782 0.042176 0.000000 
5.000000e-01 5.000000e-01 4.999881e-03 5.000000e-01 5.000000e-01 1.152278e+00 -0.754118 0.110654 0.166006 0.200798 0.166006 0.110654 0.754118 0.041286 0.040734 -0.918158 0.040734 0.041286 0.000000 
5.000000e-01 5.000000e-01 4.999881e-03 5.000000e-01 5.000000e-01 1.159775e+00 -0.759037 0.110313 0.167212 0.203987 0.167212 0.110313 0.759037 0.040399 0.039689 -0.919213 0.039689 0.040399 0.000000 
5.000000e-01 5.000000e-01 4.999881e-03 5.000000e-01 5.000000e-01 1.167247e+00 -0.763941 0.109903 0.168405 0.207325 0.168405 0.109903 0.763941 0.039513 0.038648 -0.920264 0.038648 0.039513 0.000000 
5.000000e-01 5.000000e-01 4.999881e-03 5.000000e-01 5.000000e-01 1.174695e+00 -0.768829 0.109443 0.169587 0.210769 0.169587 0.109443 0.768829 0.038631 0.037610 -0.921311 0.037610 0.038631 0.000000 
5.000000e-01 5.000000e-01 4.999881e-03 5.000000e-01 5.000000e-01 1.182118e+00 -0.773701 0.108935 0.170754 0.214323 0.170754 0.108935 0.773701 0.037751 0.036576 -0.922354 0.036576 0.037751 0.000000 
5.000000e-01 5.000000e-01 4.999881e-03 5.000000e-01 5.000000e-01 1.189517e+00 -0.778557 0.108371 0.171907 0.218002 0.171907 0.108371 0.778556 0.036873 0.035545 -0.923393 0.035545 0.036873 0.000000 
5.000000e-01 5.000000e-01 4.999881e-03 5.000000e-01 5.000000e-01 1.196891e+00 -0.783396 0.107731 0.173035 0.221863 0.173035 0.107731 0.783395 0.035998 0.034518 -0.924428 0.034518 0.035998 0.000000 
5.000000e-01 5.000000e-01 4.999881e-03 5.000000e-01 5.000000e-01 1.204239e+00 -0.788218 0.107039 0.174142 0.225856 0.174142 0.107039 0.788218 0.035126 0.033495 -0.925459 0.033495 0.035126 0.000000 
5.000000e-01 5.000000e-01 4.999881e-03 5.000000e-01 5.000000e-01 1.211562e+00 -0.793023 0.106293 0.175227 0.229984 0.175227 0.106293 0.793023 0.034257 0.032475 -0.926486 0.032475 0.034257 0.000000 
5.000000e-01 5.000000e-01 4.999881e-03 5.000000e-01 5.000000e-01 1.218859e+00 -0.797811 0.105479 0.176282 0.234290 0.176282 0.105479 0.797811 0.033390 0.031459 -0.927509 0.031459 0.033390 0.000000 
5.000000e-01 5.000000e-01 4.999881e-03 5.000000e-01 5.000000e-01 1.226129e+00 -0.802582 0.104589 0.177298 0.238808 0.177298 0.104589 0.802582 0.032526 0.030447 -0.928528 0.030447 0.032526 0.000000 
5.000000e-01 5.000000e-01 4.999881e-03 5.000000e-01 5.000000e-01 1.233373e+00 -0.807336 0.103642 0.178281 0.243488 0.178281 0.103642 0.807336 0.031666 0.029438 -0.929543 0.029438 0.031666 0.000000 
5.000000e-01 5.000000e-01 4.999881e-03 5.000000e-01 5.000000e-01 1.240589e+00 -0.812071 0.102640 0.179229 0.248333 0.179229 0.102640 0.812071 0.030808 0.028433 -0.930554 0.028433 0.030808 0.000000 
5.000000e-01 5.000000e-01 4.999881e-03 5.000000e-01 5.000000e-01 1.247779e+00 -0.816789 0.101549 0.180119 0.253454 0.180119 0.101549 0.816789 0.029953 0.027433 -0.931560 0.027433 0.029953 0.000000 
5.000000e-01 5.000000e-01 4.999881e-03 5.000000e-01 5.000000e-01 1.254940e+00 -0.821488 0.100390 0.180955 0.258796 0.180955 0.100390 0.821488 0.029101 0.026436 -0.932563 0.026436 0.029101 0.000000 
5.000000e-01 5.000000e-01 4.999881e-03 5.000000e-01 5.000000e-01 1.262074e+00 -0.826169 0.099174 0.181741 0.264339 0.181741 0.099174 0.826169 0.028253 0.025443 -0.933561 0.025443 0.028253 0.000000 
5.000000e-01 5.000000e-01 4.999881e-03 5.000000e-01 5.000000e-01 1.269179e+00 -0.830832 0.097886 0.182464 0.270131 0.182464 0.097886 0.830832 0.027407 0.024454 -0.934555 0.024454 0.027407 0.000000 
5.000000e-01 5.000000e-01 4.999881e-03 5.000000e-01 5.000000e-01 1.276256e+00 -0.835475 0.096507 0.183094 0.276273 0.183094 0.096507 0.835475 0.026565 0.023469 -0.935545 0.023469 0.026565 0.000000 
5.000000e-01 5.000000e-01 4.999881e-03 5.000000e-01 5.000000e-01 1.283303e+00 -0.840100 0.095068 0.183654 0.282655 0.183654 0.095068 0.840100 0.025726 0.022489 -0.936530 0.022489 0.025726 0.000000 
5.000000e-01 5.000000e-01 4.999881e-03 5.000000e-01 5.000000e-01 1.290321e+00 -0.844705 0.093571 0.184141 0.289281 0.184141 0.093571 0.844705 0.024891 0.021512 -0.937512 0.021512 0.024891 0.000000 
5.000000e-01 5.000000e-01 4.999881e-03 5.000000e-01 5.000000e-01 1.297310e+00 -0.849291 0.091970 0.184492 0.296365 0.184492 0.091970 0.849291 0.024059 0.020540 -0.938488 0.020540 0.024059 0.000000 
5.000000e-01 5.000000e-01 4.999881e-03 5.000000e-01 5.000000e-01 1.304268e+00 -0.853857 0.090305 0.184741 0.303765 0.184741 0.090305 0.853857 0.023230 0.019572 -0.939461 0.019572 0.023230 0.000000 
5.000000e-01 5.000000e-01 4.999881e-03 5.000000e-01 5.000000e-01 1.311195e+00 -0.858403 0.088581 0.184891 0.311458 0.184891 0.088581 0.858403 0.022405 0.018608 -0.940429 0.018608 0.022405 0.000000 
5.000000e-01 5.000000e-01 4.999881e-03 5.000000e-01 5.000000e-01 1.318092e+00 -0.862928 0.086768 0.184881 0.319631 0.184881 0.086768 0.862928 0.021583 0.017648 -0.941392 0.017648 0.021583 0.000000 
5.000000e-01 5.000000e-01 4.999881e-03 5.000000e-01 5.000000e-01 1.324957e+00 -0.867434 0.084875 0.184709 0.328265 0.184709 0.084875 0.867434 0.020765 0.016693 -0.942351 0.016693 0.020765 0.000000 
5.000000e-01 5.000000e-01 4.999881e-03 5.000000e-01 5.000000e-01 1.331790e+00 -0.871919 0.082927 0.184407 0.337251 0.184407 0.082927 0.871919 0.019951 0.015742 -0.943306 0.015742 0.019951 0.000000 
5.000000e-01 5.000000e-01 4.999881e-03 5.000000e-01 5.000000e-01 1.338592e+00 -0.876383 0.080899 0.183913 0.346759 0.183913 0.080899 0.876383 0.019140 0.014796 -0.944255 0.014796 0.019140 0.000000 
5.000000e-01 5.000000e-01 4.999881e-03 5.000000e-01 5.000000e-01 1.345360e+00 -0.880826 0.078785 0.183181 0.356894 0.183181 0.078785 0.880826 0.018333 0.013854 -0.945201 0.013854 0.018333 0.000000 
5.000000e-01 5.000000e-01 4.999881e-03 5.000000e-01 5.000000e-01 1.352096e+00 -0.885248 0.076618 0.182281 0.367450 0.182281 0.076618 0.885248 0.017530 0.012917 -0.946141 0.012917 0.017530 0.000000 
5.000000e-01 5.000000e-01 4.999881e-03 5.000000e-01 5.000000e-01 1.358799e+00 -0.889649 0.074379 0.181144 0.378602 0.181144 0.074379 0.889649 0.016730 0.011984 -0.947077 0.011984 0.016730 0.000000 
5.000000e-01 5.000000e-01 4.999881e-03 5.000000e-01 5.000000e-01 1.365468e+00 -0.894028 0.072053 0.179681 0.390560 0.179681 0.072053 0.894028 0.015935 0.011056 -0.948009 0.011056 0.015935 0.000000 
5.000000e-01 5.000000e-01 4.999881e-03 5.000000e-01 5.000000e-01 1.372103e+00 -0.898386 0.069680 0.178006 0.403015 0.178006 0.069680 0.898386 0.015143 0.010132 -0.948936 0.010132 0.015143 0.000000 
5.000000e-01 5.000000e-01 4.999881e-03 5.000000e-01 5.000000e-01 1.378703e+00 -0.902722 0.067238 0.176022 0.416201 0.176022 0.067238 0.902722 0.014355 0.009213 -0.949858 0.009213 0.014355 0.000000 
5.000000e-01 5.000000e-01 4.999881e-03 5.000000e-01 5.000000e-01 1.385269e+00 -0.907037 0.064717 0.173623 0.430358 0.173623 0.064717 0.907037 0.013570 0.008298 -0.950775 0.008298 0.013570 0.000000 
5.000000e-01 5.000000e-01 4.999881e-03 5.000000e-01 5.000000e-01 1.391799e+00 -0.911330 0.062154 0.170964 0.445093 0.170964 0.062154 0.911330 0.012790 0.007389 -0.951688 0.007389 0.012790 0.000000 
5.000000e-01 5.000000e-01 4.999881e-03 5.000000e-01 5.000000e-01 1.398294e+00 -0.915602 0.059524 0.167883 0.460788 0.167883 0.059524 0.915602 0.012014 0.006483 -0.952596 0.006483 0.012014 0.000000 
5.000000e-01 5.000000e-01 4.999881e-03 5.000000e-01 5.000000e-01 1.404753e+00 -0.919852 0.056828 0.164314 0.477568 0.164314 0.056828 0.919852 0.011241 0.005582 -0.953499 0.005582 0.011241 0.000000 
5.000000e-01 5.000000e-01 4.999881e-03 5.000000e-01 5.000000e-01 1.411175e+00 -0.924081 0.054098 0.160444 0.494995 0.160444 0.054098 0.924081 0.010472 0.004686 -0.954398 0.004686 0.010472 0.000000 
5.000000e-01 5.000000e-01 4.999881e-03 5.000000e-01 5.000000e-01 1.417562e+00 -0.928289 0.051298 0.155970 0.513753 0.155970 0.051298 0.928289 0.009707 0.003794 -0.955292 0.003794 0.009707 0.000000 
5.000000e-01 5.000000e-01 4.999881e-03 5.000000e-01 5.000000e-01 1.423911e+00 -0.932476 0.048453 0.150994 0.533583 0.150994 0.048453 0.932476 0.008946 0.002907 -0.956182 0.002907 0.008946 0.000000 
5.000000e-01 5.000000e-01 4.999881e-03 5.000000e-01 5.000000e-01 1.430224e+00 -0.936642 0.045582 0.145686 0.554105 0.145686 0.045582 0.936642 0.008188 0.002024 -0.957067 0.002024 0.008188 0.000000 
5.000000e-01 5.000000e-01 4.999881e-03 5.000000e-01 5.000000e-01 1.436499e+00 -0.940790 0.042637 0.139508 0.576501 0.139508 0.042637 0.940790 0.007434 0.001145 -0.957948 0.001145 0.007434 0.000000 
5.000000e-01 5.000000e-01 4.999881e-03 5.000000e-01 5.000000e-01 1.442737e+00 -0.944917 0.039670 0.132921 0.599734 0.132921 0.039670 0.944917 0.006684 0.000271 -0.958825 0.000271 0.006684 0.000000 
5.000000e-01 5.000000e-01 4.999881e-03 5.000000e-01 5.000000e-01 1.448937e+00 -0.949024 0.036672 0.125810 0.624061 0.125810 0.036672 0.949024 0.005937 -0.000600 -0.959698 -0.000600 0.005937 0.000000 
5.000000e-01 5.000000e-01 4.999881e-03 5.000000e-01 5.000000e-01 1.455099e+00 -0.953115 0.033624 0.117860 0.650147 0.117860 0.033624 0.953115 0.005193 -0.001467 -0.960567 -0.001467 0.005193 0.000000 
5.000000e-01 5.000000e-01 4.999881e-03 5.000000e-01 5.000000e-01 1.461224e+00 -0.957184 0.030566 0.109559 0.676935 0.109559 0.030566 0.957184 0.004453 -0.002329 -0.961432 -0.002329 0.004453 0.000000 
5.000000e-01 5.000000e-01 4.999881e-03 5.000000e-01 5.000000e-01 1.467310e+00 -0.961238 0.027468 0.100441 0.705420 0.100441 0.027468 0.961238 0.003715 -0.003188 -0.962293 -0.003188 0.003715 0.000000 
5.000000e-01 5.000000e-01 4.999881e-03 5.000000e-01 5.000000e-01 1.473358e+00 -0.965274 0.024353 0.090788 0.734990 0.090788 0.024353 0.965274 0.002981 -0.004043 -0.963150 -0.004043 0.002981 0.000000 
5.000000e-01 5.000000e-01 4.999881e-03 5.000000e-01 5.000000e-01 1.479367e+00 -0.969289 0.021230 0.080726 0.765376 0.080726 0.021230 0.969289 0.002251 -0.004894 -0.964003 -0.004894 0.002251 0.000000 
5.000000e-01 5.000000e-01 4.999881e-03 5.000000e-01 5.000000e-01 1.485337e+00 -0.973289 0.018077 0.069852 0.797430 0.069852 0.018077 0.973289 0.001523 -0.005742 -0.964853 -0.005742 0.001523 0.000000 
5.000000e-01 5.000000e-01 4.999881e-03 5.000000e-01 5.000000e-01 1.491266e+00 -0.977267 0.014931 0.058770 0.829865 0.058770 0.014931 0.977267 0.000800 -0.006585 -0.965698 -0.006585 0.000800 0.000000 
5.000000e-01 5.000000e-01 4.999881e-03 5.000000e-01 5.000000e-01 1.497156e+00 -0.981227 0.011771 0.047114 0.863456 0.047114 0.011771 0.981227 0.000080 -0.007424 -0.966539 -0.007424 0.000080 0.000000 
5.000000e-01 5.000000e-01 4.999881e-03 5.000000e-01 5.000000e-01 1.503003e+00 -0.985163 0.008619 0.035230 0.897465 0.035230 0.008619 0.985163 -0.000636 -0.008258 -0.967375 -0.008258 -0.000636 0.000000 
5.000000e-01 5.000000e-01 4.999881e-03 5.000000e-01 5.000000e-01 1.508808e+00 -0.989075 0.005475 0.023142 0.931840 0.023142 0.005475 0.989075 -0.001348 -0.009087 -0.968206 -0.009087 -0.001348 0.000000 
5.000000e-01 5.000000e-01 4.999881e-03 5.000000e-01 5.000000e-01 1.514587e+00 -0.992974 0.002332 0.010854 0.966600 0.010854 0.002332 0.992974 -0.002057 -0.009913 -0.969034 -0.009913 -0.002057 0.000000 
5.000000e-01 5.000000e-01 4.999881e-03 5.000000e-01 5.000000e-01 1.515056e+00 -0.993290 0.002078 0.009853 0.969428 0.009853 0.002078 0.993290 -0.002115 -0.009980 -0.969101 -0.009980 -0.002115 0.000000 
5.000000e-01 5.000000e-01 4.999881e-03 5.000000e-01 5.000000e-01 1.515056e+00 -0.993290 0.002078 0.009853 0.969428 0.009853 0.002078 0.993290 -0.002115 -0.009980 -0.969101 -0.009980 -0.002115 0.000000 
5.000000e-01 5.000000e-01 4.999881e-03 5.000000e-01 5.000000e-01 1.515056e+00 -0.993290 0.002078 0.009853 0.969428 0.009853 0.002078 0.993290 -0.002115 -0.009980 -0.969101 -0.009980 -0.002115 0.000000 
5.000000e-01 5.000000e-01 4.999881e-03 5.000000e-01 5.000000e-01 1.515056e+00 -0.993290 0.002078 0.009853 0.969428 0.009853 0.002078 0.993290 -0.002115 -0.009980 -0.969101 -0.009980 -0.002115 0.000000 
5.000000e-01 5.000000e-01 4.999881e-03 5.000000e-01 5.000000e-01 1.515056e+00 -0.993290 0.002078 0.009853 0.969428 0.009853 0.002078 0.993290 -0.002115 -0.009980 -0.969101 -0.009980 -0.002115 0.000000 
5.000000e-01 5.000000e-01 4.999881e-03 5.000000e-01 5.000000e-01 1.515056e+00 -0.993290 0.002078 0.009853 0.969428 0.009853 0.002078 0.993290 -0.002115 -0.009980 -0.969101 -0.009980 -0.002115 0.000000 
5.000000e-01 5.000000e-01 4.999881e-03 5.000000e-01 5.000000e-01 1.515056e+00 -0.993290 0.002078 0.009853 0.969428 0.009853 0.002078 0.993290 -0.002115 -0.009980 -0.969101 -0.009980 -0.002115 0.000000 
5.000000e-01 5.000000e-01 4.999881e-03 5.000000e-01 5.000000e-01 1.515056e+00 -0.993290 0.002078 0.009853 0.969428 0.009853 0.002078 0.993290 -0.002115 -0.009980 -0.969101 -0.009980 -0.002115 0.000000 
5.000000e-01 5.000000e-01 4.999881e-03 5.000000e-01 5.000000e-01 1.515056e+00 -0.993290 0.002078 0.009853 0.969428 0.009853 0.002078 0.993290 -0.002115 -0.009980 -0.969101 -0.009980 -0.002115 0.000000 
5.000000e-01 5.000000e-01 4.999881e-03 5.000000e-01 5.000000e-01 1.515056e+00 -0.993290 0.002078 0.009853 0.969428 0.009853 0.002078 0.993290 -0.002115 -0.009980 -0.969101 -0.009980 -0.002115 0.000000 
5.000000e-01 5.000000e-01 4.999881e-03 5.000000e-01 5.000000e-01 1.515056e+00 -0.993290 0.002078 0.009853 0.969428 0.009853 0.002078 0.993290 -0.002115 -0.009980 -0.969101 -0.009980 -0.002115 0.000000 
5.000000e-01 5.000000e-01 4.999881e-03 5.000000e-01 5.000000e-01 1.515056e+00 -0.993290 0.002078 0.009853 0.969428 0.009853 0.002078 0.993290 -0.002115 -0.009980 -0.969101 -0.009980 -0.002115 0.000000 
5.000000e-01 5.000000e-01 4.999881e-03 5.000000e-01 5.000000e-01 1.515056e+00 -0.993290 0.002078 0.009853 0.969428 0.009853 0.002078 0.993290 -0.002115 -0.009980 -0.969101 -0.009980 -0.002115 0.000000 
5.000000e-01 5.000000e-01 4.999881e-03 5.000000e-01 5.000000e-01 1.515056e+00 -0.993290 0.002078 0.009853 0.969428 0.009853 0.002078 0.993290 -0.002115 -0.009980 -0.969101 -0.009980 -0.002115 0.000000 
5.000000e-01 5.000000e-01 4.999881e-03 5.000000e-01 5.000000e-01 1.515056e+00 -0.993290 0.002078 0.009853 0.969428 0.009853 0.002078 0.993290 -0.002115 -0.009980 -0.969101 -0.009980 -0.002115 0.000000 
5.000000e-01 5.000000e-01 4.999881e-03 5.000000e-01 5.000000e-01 1.515056e+00 -0.993290 0.002078 0.009853 0.969428 0.009853 0.002078 0.993290 -0.002115 -0.009980 -0.969101 -0.009980 -0.002115 0.000000 
5.000000e-01 5.000000e-01 4.999881e-03 5.000000e-01 5.000000e-01 1.515056e+00 -0.993290 0.002078 0.009853 0.969428 0.009853 0.002078 0.993290 -0.002115 -0.009980 -0.969101 -0.009980 -0.002115 0.000000 
5.000000e-01 5.000000e-01 4.999881e-03 5.000000e-01 5.000000e-01 1.515056e+00 -0.993290 0.002078 0.009853 0.969428 0.009853 0.002078 0.993290 -0.002115 -0.009980 -0.969101 -0.009980 -0.002115 0.000000 
5.000000e-01 5.000000e-01 4.999881e-03 5.000000e-01 5.000000e-01 1.515056e+00 -0.993290 0.002078 0.009853 0.969428 0.009853 0.002078 0.993290 -0.002115 -0.009980 -0.969101 -0.009980 -0.002115 0.000000 
5.000000e-01 5.000000e-01 4.999881e-03 5.000000e-01 5.000000e-01 1.515056e+00 -0.993290 0.002078 0.009853 0.969428 0.009853 0.002078 0.993290 -0.002115 -0.009980 -0.969101 -0.009980 -0.002115 0.000000 
5.000000e-01 5.000000e-01 4.999881e-03 5.000000e-01 5.000000e-01 1.515056e+00 -0.993290 0.002078 0.009853 0.969428 0.009853 0.002078 0.993290 -0.002115 -0.009980 -0.969101 -0.009980 -0.002115 0.000000 
5.000000e-01 5.000000e-01 4.999881e-03 5.000000e-01 5.000000e-01 1.515056e+00 -0.993290 0.002078 0.009853 0.969428 0.009853 0.002078 0.993290 -0.002115 -0.009980 -0.969101 -0.009980 -0.002115 0.000000 
5.000000e-01 5.000000e-01 4.999881e-03 5.000000e-01 5.000000e-01 1.515056e+00 -0.993290 0.002078 0.009853 0.969428 0.009853 0.002078 0.993290 -0.002115 -0.009980 -0.969101 -0.009980 -0.002115 0.000000 
5.000000e-01 5.000000e-01 4.999881e-03 5.000000e-01 5.000000e-01 1.515056e+00 -0.993290 0.002078 0.009853 0.969428 0.009853 0.002078 0.993290 -0.002115 -0.009980 -0.969101 -0.009980 -0.002115 0.000000 
5.000000e-01 5.000000e-01 4.999881e-03 5.000000e-01 5.000000e-01 1.515056e+00 -0.993290 0.002078 0.009853 0.969428 0.009853 0.002078 0.993290 -0.002115 -0.009980 -0.969101 -0.009980 -0.002115 0.000000 
5.000000e-01 5.000000e-01 4.999881e-03 5.000000e-01 5.000000e-01 1.515056e+00 -0.993290 0.002078 0.009853 0.969428 0.009853 0.002078 0.993290 -0.002115 -0.009980 -0.969101 -0.009980 -0.002115 0.000000 
5.000000e-01 5.000000e-01 4.999881e-03 5.000000e-01 5.000000e-01 1.515056e+00 -0.993290 0.002078 0.009853 0.969428 0.009853 0.002078 0.993290 -0.002115 -0.009980 -0.969101 -0.009980 -0.002115 0.000000 
5.000000e-01 5.000000e-01 4.999881e-03 5.000000e-01 5.000000e-01 1.515056e+00 -0.993290 0.002078 0.009853 0.969428 0.009853 0.002078 0.993290 -0.002115 -0.009980 -0.969101 -0.009980 -0.002115 0.000000 
5.000000e-01 5.000000e-01 4.999881e-03 5.000000e-01 5.000000e-01 1.515056e+00 -0.993290 0.002078 0.009853 0.969428 0.009853 0.002078 0.993290 -0.002115 -0.009980 -0.969101 -0.009980 -0.002115 0.000000 
5.000000e-01 5.000000e-01 4.999881e-03 5.000000e-01 5.000000e-01 1.515056e+00 -0.993290 0.002078 0.009853 0.969428 0.009853 0.002078 0.993290 -0.002115 -0.009980 -0.969101 -0.009980 -0.002115 0.000000 
5.000000e-01 5.000000e-01 4.999881e-03 5.000000e-01 5.000000e-01 1.515056e+00 -0.993290 0.002078 0.009853 0.969428 0.009853 0.002078 0.993290 -0.002115 -0.009980 -0.969101 -0.009980 -0.002115 0.000000 
5.000000e-01 5.000000e-01 4.999881e-03 5.000000e-01 5.000000e-01 1.515056e+00 -0.993290 0.002078 0.009853 0.969428 0.009853 0.002078 0.993290 -0.002115 -0.009980 -0.969101 -0.009980 -0.002115 0.000000 
5.000000e-01 5.000000e-01 4.999881e-03 5.000000e-01 5.000000e-01 1.515056e+00 -0.993290 0.002078 0.009853 0.969428 0.009853 0.002078 0.993290 -0.002115 -0.009980 -0.969101 -0.009980 -0.002115 0.000000 
5.000000e-01 5.000000e-01 4.999881e-03 5.000000e-01 5.000000e-01 1.515056e+00 -0.993290 0.002078 0.009853 0.969428 0.009853 0.002078 0.993290 -0.002115 -0.009980 -0.969101 -0.009980 -0.002115 0.000000 
5.000000e-01 5.000000e-01 4.999881e-03 5.000000e-01 5.000000e-01 1.515056e+00 -0.993290 0.002078 0.009853 0.969428 0.009853 0.002078 0.993290 -0.002115 -0.009980 -0.969101 -0.009980 -0.002115 0.000000 
5.000000e-01 5.000000e-01 4.999881e-03 5.000000e-01 5.000000e-01 1.515056e+00 -0.993290 0.002078 0.009853 0.969428 0.009853 0.002078 0.993290 -0.002115 -0.009980 -0.969101 -0.009980 -0.002115 0.000000 
5.000000e-01 5.000000e-01 4.999881e-03 5.000000e-01 5.000000e-01 1.515056e+00 -0.993290 0.002078 0.009853 0.969428 0.009853 0.002078 0.993290 -0.002115 -0.009980 -0.969101 -0.009980 -0.002115 0.000000 
5.000000e-01 5.000000e-01 4.999881e-03 5.000000e-01 5.000000e-01 1.515056e+00 -0.993290 0.002078 0.009853 0.969428 0.009853 0.002078 0.993290 -0.002115 -0.009980 -0.969101 -0.009980 -0.002115 0.000000 
5.000000e-01 5.000000e-01 4.999881e-03 5.000000e-01 5.000000e-01 1.515056e+00 -0.993290 0.002078 0.009853 0.969428 0.009853 0.002078 0.993290 -0.002115 -0.009980 -0.969101 -0.009980 -0.002115 0.000000 
5.000000e-01 5.000000e-01 4.999881e-03 5.000000e-01 5.000000e-01 1.515056e+00 -0.993290 0.002078 0.009853 0.969428 0.009853 0.002078 0.993290 -0.002115 -0.009980 -0.969101 -0.009980 -0.002115 0.000000 
5.000000e-01 5.000000e-01 4.999881e-03 5.000000e-01 5.000000e-01 1.515056e+00 -0.993290 0.002078 0.009853 0.969428 0.009853 0.002078 0.993290 -0.002115 -0.009980 -0.969101 -0.009980 -0.002115 0.000000 
5.000000e-01 5.000000e-01 4.999881e-03 5.000000e-01 5.000000e-01 1.515056e+00 -0.993290 0.002078 0.009853 0.969428 0.009853 0.002078 0.993290 -0.002115 -0.009980 -0.969101 -0.009980 -0.002115 0.000000 
5.000000e-01 5.000000e-01 4.999881e-03 5.000000e-01 5.000000e-01 1.515056e+00 -0.993290 0.002078 0.009853 0.969428 0.009853 0.002078 0.993290 -0.002115 -0.009980 -0.969101 -0.009980 -0.002115 0.000000 
5.000000e-01 5.000000e-01 4.999881e-03 5.000000e-01 5.000000e-01 1.515056e+00 -0.993290 0.002078 0.009853 0.969428 0.009853 0.002078 0.993290 -0.002115 -0.009980 -0.969101 -0.009980 -0.002115 0.000000 
5.000000e-01 5.000000e-01 4.999881e-03 5.000000e-01 5.000000e-01 1.515056e+00 -0.993290 0.002078 0.009853 0.969428 0.009853 0.002078 0.993290 -0.002115 -0.009980 -0.969101 -0.009980 -0.002115 0.000000 
5.000000e-01 5.000000e-01 4.999881e-03 5.000000e-01 5.000000e-01 1.515056e+00 -0.993290 0.002078 0.009853 0.969428 0.009853 0.002078 0.993290 -0.002115 -0.009980 -0.969101 -0.009980 -0.002115 0.000000 
5.000000e-01 5.000000e-01 4.999881e-03 5.000000e-01 5.000000e-01 1.515056e+00 -0.993290 0.002078 0.009853 0.969428 0.009853 0.002078 0.993290 -0.002115 -0.009980 -0.969101 -0.009980 -0.002115 0.000000 
5.000000e-01 5.000000e-01 4.999881e-03 5.000000e-01 5.000000e-01 1.515056e+00 -0.993290 0.002078 0.009853 0.969428 0.009853 0.002078 0.993290 -0.002115 -0.009980 -0.969101 -0.009980 -0.002115 0.000000 
5.000000e-01 5.000000e-01 4.999881e-03 5.000000e-01 5.000000e-01 1.515056e+00 -0.993290 0.002078 0.009853 0.969428 0.009853 0.002078 0.993290 -0.002115 -0.009980 -0.969101 -0.009980 -0.002115 0.000000 
5.000000e-01 5.000000e-01 4.999881e-03 5.000000e-01 5.000000e-01 1.515056e+00 -0.993290 0.002078 0.009853 0.969428 0.009853 0.002078 0.993290 -0.002115 -0.009980 -0.969101 -0.009980 -0.002115 0.000000 
5.000000e-01 5.000000e-01 4.999881e-03 5.000000e-01 5.000000e-01 1.515056e+00 -0.993290 0.002078 0.009853 0.969428 0.009853 0.002078 0.993290 -0.002115 -0.009980 -0.969101 -0.009980 -0.002115 0.000000 
5.000000e-01 5.000000e-01 4.999881e-03 5.000000e-01 5.000000e-01 1.515056e+00 -0.993290 0.002078 0.009853 0.969428 0.009853 0.002078 0.993290 -0.002115 -0.009980 -0.969101 -0.009980 -0.002115 0.000000 
5.000000e-01 5.000000e-01 4.999881e-03 5.000000e-01 5.000000e-01 1.515056e+00 -0.993290 0.002078 0.009853 0.969428 0.009853 0.002078 0.993290 -0.002115 -0.009980 -0.969101 -0.009980 -0.002115 0.000000 
5.000000e-01 5.000000e-01 4.999881e-03 5.000000e-01 5.000000e-01 1.515056e+00 -0.993290 0.002078 0.009853 0.969428 0.009853 0.002078 0.993290 -0.002115 -0.009980 -0.969101 -0.009980 -0.002115 0.000000 
5.000000e-01 5.000000e-01 4.999881e-03 5.000000e-01 5.000000e-01 1.515056e+00 -0.993290 0.002078 0.009853 0.969428 0.009853 0.002078 0.993290 -0.002115 -0.009980 -0.969101 -0.009980 -0.002115 0.000000 
5.000000e-01 5.000000e-01 4.999881e-03 5.000000e-01 5.000000e-01 1.515056e+00 -0.993290 0.002078 0.009853 0.969428 0.009853 0.002078 0.993290 -0.002115 -0.009980 -0.969101 -0.009980 -0.002115 0.000000 
5.000000e-01 5.000000e-01 4.999881e-03 5.000000e-01 5.000000e-01 1.515056e+00 -0.993290 0.002078 0.009853 0.969428 0.009853 0.002078 0.993290 -0.002115 -0.009980 -0.969101 -0.009980 -0.002115 0.000000 
5.000000e-01 5.000000e-01 4.999881e-03 5.000000e-01 5.000000e-01 1.515056e+00 -0.993290 0.002078 0.009853 0.969428 0.009853 0.002078 0.993290 -0.002115 -0.009980 -0.969101 -0.009980 -0.002115 0.000000 
5.000000e-01 5.000000e-01 4.999881e-03 5.000000e-01 5.000000e-01 1.515056e+00 -0.993290 0.002078 0.009853 0.969428 0.009853 0.002078 0.993290 -0.002115 -0.009980 -0.969101 -0.009980 -0.002115 0.000000 
5.000000e-01 5.000000e-01 4.999881e-03 5.000000e-01 5.000000e-01 1.515056e+00 -0.993290 0.002078 0.009853 0.969428 0.009853 0.002078 0.993290 -0.002115 -0.009980 -0.969101 -0.009980 -0.002115 0.000000 
5.000000e-01 5.000000e-01 4.999881e-03 5.000000e-01 5.000000e-01 1.515056e+00 -0.993290 0.002078 0.009853 0.969428 0.009853 0.002078 0.993290 -0.002115 -0.009980 -0.969101 -0.009980 -0.002115 0.000000 
5.000000e-01 5.000000e-01 4.999881e-03 5.000000e-01 5.000000e-01 1.515056e+00 -0.993290 0.002078 0.009853 0.969428 0.009853 0.002078 0.993290 -0.002115 -0.009980 -0.969101 -0.009980 -0.002115 0.000000 
5.000000e-01 5.000000e-01 4.999881e-03 5.000000e-01 5.000000e-01 1.515056e+00 -0.993290 0.002078 0.009853 0.969428 0.009853 0.002078 0.993290 -0.002115 -0.009980 -0.969101 -0.009980 -0.002115 0.000000 
5.000000e-01 5.000000e-01 4.999881e-03 5.000000e-01 5.000000e-01 1.515056e+00 -0.993290 0.002078 0.009853 0.969428 0.009853 0.002078 0.993290 -0.002115 -0.009980 -0.969101 -0.009980 -0.002115 0.000000 
5.000000e-01 5.000000e-01 4.999881e-03 5.000000e-01 5.000000e-01 1.515056e+00 -0.993290 0.002078 0.009853 0.969428 0.009853 0.002078 0.993290 -0.002115 -0.009980 -0.969101 -0.009980 -0.002115 0.000000 
5.000000e-01 5.000000e-01 4.999881e-03 5.000000e-01 5.000000e-01 1.515056e+00 -0.993290 0.002078 0.009853 0.969428 0.009853 0.002078 0.993290 -0.002115 -0.009980 -0.969101 -0.009980 -0.002115 0.000000 
5.000000e-01 5.000000e-01 4.999881e-03 5.000000e-01 5.000000e-01 1.515056e+00 -0.993290 0.002078 0.009853 0.969428 0.009853 0.002078 0.993290 -0.002115 -0.009980 -0.969101 -0.009980 -0.002115 0.000000 
5.000000e-01 5.000000e-01 4.999881e-03 5.000000e-01 5.000000e-01 1.515056e+00 -0.993290 0.002078 0.009853 0.969428 0.009853 0.002078 0.993290 -0.002115 -0.009980 -0.969101 -0.009980 -0.002115 0.000000 
5.000000e-01 5.000000e-01 4.999881e-03 5.000000e-01 5.000000e-01 1.515056e+00 -0.993290 0.002078 0.009853 0.969428 0.009853 0.002078 0.993290 -0.002115 -0.009980 -0.969101 -0.009980 -0.002115 0.000000 
5.000000e-01 5.000000e-01 4.999881e-03 5.000000e-01 5.000000e-01 1.515056e+00 -0.993290 0.002078 0.009853 0.969428 0.009853 0.002078 0.993290 -0.002115 -0.009980 -0.969101 -0.009980 -0.002115 0.000000 
5.000000e-01 5.000000e-01 4.999881e-03 5.000000e-01 5.000000e-01 1.515056e+00 -0.993290 0.002078 0.009853 0.969428 0.009853 0.002078 0.993290 -0.002115 -0.009980 -0.969101 -0.009980 -0.002115 0.000000 
5.000000e-01 5.000000e-01 4.999881e-03 5.000000e-01 5.000000e-01 1.515056e+00 -0.993290 0.002078 0.009853 0.969428 0.009853 0.002078 0.993290 -0.002115 -0.009980 -0.969101 -0.009980 -0.002115 0.000000 
5.000000e-01 5.000000e-01 4.999881e-03 5.000000e-01 5.000000e-01 1.515056e+00 -0.993290 0.002078 0.009853 0.969428 0.009853 0.002078 0.993290 -0.002115 -0.009980 -0.969101 -0.009980 -0.002115 0.000000 
5.000000e-01 5.000000e-01 4.999881e-03 5.000000e-01 5.000000e-01 1.515056e+00 -0.993290 0.002078 0.009853 0.969428 0.009853 0.002078 0.993290 -0.002115 -0.009980 -0.969101 -0.009980 -0.002115 0.000000 
5.000000e-01 5.000000e-01 4.999881e-03 5.000000e-01 5.000000e-01 1.515056e+00 -0.993290 0.002078 0.009853 0.969428 0.009853 0.002078 0.993290 -0.002115 -0.009980 -0.969101 -0.009980 -0.002115 0.000000 
5.000000e-01 5.000000e-01 4.999881e-03 5.000000e-01 5.000000e-01 1.515056e+00 -0.993290 0.002078 0.009853 0.969428 0.009853 0.002078 0.993290 -0.002115 -0.009980 -0.969101 -0.009980 -0.002115 0.000000 
5.000000e-01 5.000000e-01 4.999881e-03 5.000000e-01 5.000000e-01 1.515056e+00 -0.993290 0.002078 0.009853 0.969428 0.009853 0.002078 0.993290 -0.002115 -0.009980 -0.969101 -0.009980 -0.002115 0.000000 
5.000000e-01 5.000000e-01 4.999881e-03 5.000000e-01 5.000000e-01 1.515056e+00 -0.993290 0.002078 0.009853 0.969428 0.009853 0.002078 0.993290 -0.002115 -0.009980 -0.969101 -0.009980 -0.002115 0.000000 
5.000000e-01 5.000000e-01 4.999881e-03 5.000000e-01 5.000000e-01 1.515056e+00 -0.993290 0.002078 0.009853 0.969428 0.009853 0.002078 0.993290 -0.002115 -0.009980 -0.969101 -0.009980 -0.002115 0.000000 
5.000000e-01 5.000000e-01 4.999881e-03 5.000000e-01 5.000000e-01 1.515056e+00 -0.993290 0.002078 0.009853 0.969428 0.009853 0.002078 0.993290 -0.002115 -0.009980 -0.969101 -0.009980 -0.002115 0.000000 
5.000000e-01 5.000000e-01 4.999881e-03 5.000000e-01 5.000000e-01 1.515056e+00 -0.993290 0.002078 0.009853 0.969428 0.009853 0.002078 0.993290 -0.002115 -0.009980 -0.969101 -0.009980 -0.002115 0.000000 
5.000000e-01 5.000000e-01 4.999881e-03 5.000000e-01 5.000000e-01 1.515056e+00 -0.993290 0.002078 0.009853 0.969428 0.009853 0.002078 0.993290 -0.002115 -0.009980 -0.969101 -0.009980 -0.002115 0.000000 
5.000000e-01 5.000000e-01 4.999881e-03 5.000000e-01 5.000000e-01 1.515056e+00 -0.993290 0.002078 0.009853 0.969428 0.009853 0.002078 0.993290 -0.002115 -0.009980 -0.969101 -0.009980 -0.002115 0.000000 
5.000000e-01 5.000000e-01 4.999881e-03 5.000000e-01 5.000000e-01 1.515056e+00 -0.993290 0.002078 0.009853 0.969428 0.009853 0.002078 0.993290 -0.002115 -0.009980 -0.969101 -0.009980 -0.002115 0.000000 
5.000000e-01 5.000000e-01 4.999881e-03 5.000000e-01 5.000000e-01 1.515056e+00 -0.993290 0.002078 0.009853 0.969428 0.009853 0.002078 0.993290 -0.002115 -0.009980 -0.969101 -0.009980 -0.002115 0.000000 
5.000000e-01 5.000000e-01 4.999881e-03 5.000000e-01 5.000000e-01 1.515056e+00 -0.993290 0.002078 0.009853 0.969428 0.009853 0.002078 0.993290 -0.002115 -0.009980 -0.969101 -0.009980 -0.002115 0.000000 
5.000000e-01 5.000000e-01 4.999881e-03 5.000000e-01 5.000000e-01 1.515056e+00 -0.993290 0.002078 0.009853 0.969428 0.009853 0.002078 0.993290 -0.002115 -0.009980 -0.969101 -0.009980 -0.002115 0.000000 
5.000000e-01 5.000000e-01 4.999881e-03 5.000000e-01 5.000000e-01 1.515056e+00 -0.993290 0.002078 0.009853 0.969428 0.009853 0.002078 0.993290 -0.002115 -0.009980 -0.969101 -0.009980 -0.002115 0.000000 
5.000000e-01 5.000000e-01 4.999881e-03 5.000000e-01 5.000000e-01 1.515056e+00 -0.993290 0.002078 0.009853 0.969428 0.009853 0.002078 0.993290 -0.002115 -0.009980 -0.969101 -0.009980 -0.002115 0.000000 
5.000000e-01 5.000000e-01 4.999881e-03 5.000000e-01 5.000000e-01 1.515056e+00 -0.993290 0.002078 0.009853 0.969428 0.009853 0.002078 0.993290 -0.002115 -0.009980 -0.969101 -0.009980 -0.002115 0.000000 
5.000000e-01 5.000000e-01 4.999881e-03 5.000000e-01 5.000000e-01 1.515056e+00 -0.993290 0.002078 0.009853 0.969428 0.009853 0.002078 0.993290 -0.002115 -0.009980 -0.969101 -0.009980 -0.002115 0.000000 
5.000000e-01 5.000000e-01 4.999881e-03 5.000000e-01 5.000000e-01 1.515056e+00 -0.993290 0.002078 0.009853 0.969428 0.009853 0.002078 0.993290 -0.002115 -0.009980 -0.969101 -0.009980 -0.002115 0.000000 
5.000000e-01 5.000000e-01 4.999881e-03 5.000000e-01 5.000000e-01 1.515056e+00 -0.993290 0.002078 0.009853 0.969428 0.009853 0.002078 0.993290 -0.002115 -0.009980 -0.969101 -0.009980 -0.002115 0.000000 
5.000000e-01 5.000000e-01 4.999881e-03 5.000000e-01 5.000000e-01 1.515056e+00 -0.993290 0.002078 0.009853 0.969428 0.009853 0.002078 0.993290 -0.002115 -0.009980 -0.969101 -0.009980 -0.002115 0.000000 
5.000000e-01 5.000000e-01 4.999881e-03 5.000000e-01 5.000000e-01 1.515056e+00 -0.993290 0.002078 0.009853 0.969428 0.009853 0.002078 0.993290 -0.002115 -0.009980 -0.969101 -0.009980 -0.002115 0.000000 
5.000000e-01 5.000000e-01 4.999881e-03 5.000000e-01 5.000000e-01 1.515056e+00 -0.993290 0.002078 0.009853 0.969428 0.009853 0.002078 0.993290 -0.002115 -0.009980 -0.969101 -0.009980 -0.002115 0.000000 
5.000000e-01 5.000000e-01 4.999881e-03 5.000000e-01 5.000000e-01 1.515056e+00 -0.993290 0.002078 0.009853 0.969428 0.009853 0.002078 0.993290 -0.002115 -0.009980 -0.969101 -0.009980 -0.002115 0.000000 
5.000000e-01 5.000000e-01 4.999881e-03 5.000000e-01 5.000000e-01 1.515056e+00 -0.993290 0.002078 0.009853 0.969428 0.009853 0.002078 0.993290 -0.002115 -0.009980 -0.969101 -0.009980 -0.002115 0.000000 
5.000000e-01 5.000000e-01 4.999881e-03 5.000000e-01 5.000000e-01 1.515056e+00 -0.993290 0.002078 0.009853 0.969428 0.009853 0.002078 0.993290 -0.002115 -0.009980 -0.969101 -0.009980 -0.002115 0.000000 
5.000000e-01 5.000000e-01 4.999881e-03 5.000000e-01 5.000000e-01 1.515056e+00 -0.993290 0.002078 0.009853 0.969428 0.009853 0.002078 0.993290 -0.002115 -0.009980 -0.969101 -0.009980 -0.002115 0.000000 
5.000000e-01 5.000000e-01 4.999881e-03 5.000000e-01 5.000000e-01 1.515056e+00 -0.993290 0.002078 0.009853 0.969428 0.009853 0.002078 0.993290 -0.002115 -0.009980 -0.969101 -0.009980 -0.002115 0.000000 
5.000000e-01 5.000000e-01 4.999881e-03 5.000000e-01 5.000000e-01 1.515056e+00 -0.993290 0.002078 0.009853 0.969428 0.009853 0.002078 0.993290 -0.002115 -0.009980 -0.969101 -0.009980 -0.002115 0.000000 
5.000000e-01 5.000000e-01 4.999881e-03 5.000000e-01 5.000000e-01 1.515056e+00 -0.993290 0.002078 0.009853 0.969428 0.009853 0.002078 0.993290 -0.002115 -0.009980 -0.969101 -0.009980 -0.002115 0.000000 
5.000000e-01 5.000000e-01 4.999881e-03 5.000000e-01 5.000000e-01 1.515056e+00 -0.993290 0.002078 0.009853 0.969428 0.009853 0.002078 0.993290 -0.002115 -0.009980 -0.969101 -0.009980 -0.002115 0.000000 
5.000000e-01 5.000000e-01 4.999881e-03 5.000000e-01 5.000000e-01 1.515056e+00 -0.993290 0.002078 0.009853 0.969428 0.009853 0.002078 0.993290 -0.002115 -0.009980 -0.969101 -0.009980 -0.002115 0.000000 
5.000000e-01 5.000000e-01 4.999881e-03 5.000000e-01 5.000000e-01 1.515056e+00 -0.993290 0.002078 0.009853 0.969428 0.009853 0.002078 0.993290 -0.002115 -0.009980 -0.969101 -0.009980 -0.002115 0.000000 
5.000000e-01 5.000000e-01 4.999881e-03 5.000000e-01 5.000000e-01 1.515056e+00 -0.993290 0.002078 0.009853 0.969428 0.009853 0.002078 0.993290 -0.002115 -0.009980 -0.969101 -0.009980 -0.002115 0.000000 
5.000000e-01 5.000000e-01 4.999881e-03 5.000000e-01 5.000000e-01 1.515056e+00 -0.993290 0.002078 0.009853 0.969428 0.009853 0.002078 0.993290 -0.002115 -0.009980 -0.969101 -0.009980 -0.002115 0.000000 
5.000000e-01 5.000000e-01 4.999881e-03 5.000000e-01 5.000000e-01 1.515056e+00 -0.993290 0.002078 0.009853 0.969428 0.009853 0.002078 0.993290 -0.002115 -0.009980 -0.969101 -0.009980 -0.002115 0.000000 
5.000000e-01 5.000000e-01 4.999881e-03 5.000000e-01 5.000000e-01 1.515056e+00 -0.993290 0.002078 0.009853 0.969428 0.009853 0.002078 0.993290 -0.002115 -0.009980 -0.969101 -0.009980 -0.002115 0.000000 
5.000000e-01 5.000000e-01 4.999881e-03 5.000000e-01 5.000000e-01 1.515056e+00 -0.993290 0.002078 0.009853 0.969428 0.009853 0.002078 0.993290 -0.002115 -0.009980 -0.969101 -0.009980 -0.002115 0.000000 
5.000000e-01 5.000000e-01 4.999881e-03 5.000000e-01 5.000000e-01 1.515056e+00 -0.993290 0.002078 0.009853 0.969428 0.009853 0.002078 0.993290 -0.002115 -0.009980 -0.969101 -0.009980 -0.002115 0.000000 
5.000000e-01 5.000000e-01 4.999881e-03 5.000000e-01 5.000000e-01 1.515056e+00 -0.993290 0.002078 0.009853 0.969428 0.009853 0.002078 0.993290 -0.002115 -0.009980 -0.969101 -0.009980 -0.002115 0.000000 
5.000000e-01 5.000000e-01 4.999881e-03 5.000000e-01 5.000000e-01 1.515056e+00 -0.993290 0.002078 0.009853 0.969428 0.009853 0.002078 0.993290 -0.002115 -0.009980 -0.969101 -0.009980 -0.002115 0.000000 
5.000000e-01 5.000000e-01 4.999881e-03 5.000000e-01 5.000000e-01 1.515056e+00 -0.993290 0.002078 0.009853 0.969428 0.009853 0.002078 0.993290 -0.002115 -0.009980 -0.969101 -0.009980 -0.002115 0.000000 
5.000000e-01 5.000000e-01 4.999881e-03 5.000000e-01 5.000000e-01 1.515056e+00 -0.993290 0.002078 0.009853 0.969428 0.009853 0.002078 0.993290 -0.002115 -0.009980 -0.969101 -0.009980 -0.002115 0.000000 
5.000000e-01 5.000000e-01 4.999881e-03 5.000000e-01 5.000000e-01 1.515056e+00 -0.993290 0.002078 0.009853 0.969428 0.009853 0.002078 0.993290 -0.002115 -0.009980 -0.969101 -0.009980 -0.002115 0.000000 
5.000000e-01 5.000000e-01 4.999881e-03 5.000000e-01 5.000000e-01 1.515056e+00 -0.993290 0.002078 0.009853 0.969428 0.009853 0.002078 0.993290 -0.002115 -0.009980 -0.969101 -0.009980 -0.002115 0.000000 
5.000000e-01 5.000000e-01 4.999881e-03 5.000000e-01 5.000000e-01 1.515056e+00 -0.993290 0.002078 0.009853 0.969428 0.009853 0.002078 0.993290 -0.002115 -0.009980 -0.969101 -0.009980 -0.002115 0.000000 
5.000000e-01 5.000000e-01 4.999881e-03 5.000000e-01 5.000000e-01 1.515056e+00 -0.993290 0.002078 0.009853 0.969428 0.009853 0.002078 0.993290 -0.002115 -0.009980 -0.969101 -0.009980 -0.002115 0.000000 
5.000000e-01 5.000000e-01 4.999881e-03 5.000000e-01 5.000000e-01 1.515056e+00 -0.993290 0.002078 0.009853 0.969428 0.009853 0.002078 0.993290 -0.002115 -0.009980 -0.969101 -0.009980 -0.002115 0.000000 
5.000000e-01 5.000000e-01 4.999881e-03 5.000000e-01 5.000000e-01 1.515056e+00 -0.993290 0.002078 0.009853 0.969428 0.009853 0.002078 0.993290 -0.002115 -0.009980 -0.969101 -0.009980 -0.002115 0.000000 
5.000000e-01 5.000000e-01 4.999881e-03 5.000000e-01 5.000000e-01 1.515056e+00 -0.993290 0.002078 0.009853 0.969428 0.009853 0.002078 0.993290 -0.002115 -0.009980 -0.969101 -0.009980 -0.002115 0.000000 
5.000000e-01 5.000000e-01 4.999881e-03 5.000000e-01 5.000000e-01 1.515056e+00 -0.993290 0.002078 0.009853 0.969428 0.009853 0.002078 0.993290 -0.002115 -0.009980 -0.969101 -0.009980 -0.002115 0.000000 
5.000000e-01 5.000000e-01 4.999881e-03 5.000000e-01 5.000000e-01 1.515056e+00 -0.993290 0.002078 0.009853 0.969428 0.009853 0.002078 0.993290 -0.002115 -0.009980 -0.969101 -0.009980 -0.002115 0.000000 
5.000000e-01 5.000000e-01 4.999881e-03 5.000000e-01 5.000000e-01 1.515056e+00 -0.993290 0.002078 0.009853 0.969428 0.009853 0.002078 0.993290 -0.002115 -0.009980 -0.969101 -0.009980 -0.002115 0.000000 
5.000000e-01 5.000000e-01 4.999881e-03 5.000000e-01 5.000000e-01 1.515056e+00 -0.993290 0.002078 0.009853 0.969428 0.009853 0.002078 0.993290 -0.002115 -0.009980 -0.969101 -0.009980 -0.002115 0.000000 
5.000000e-01 5.000000e-01 4.999881e-03 5.000000e-01 5.000000e-01 1.515056e+00 -0.993290 0.002078 0.009853 0.969428 0.009853 0.002078 0.993290 -0.002115 -0.009980 -0.969101 -0.009980 -0.002115 0.000000 
5.000000e-01 5.000000e-01 4.999881e-03 5.000000e-01 5.000000e-01 1.515056e+00 -0.993290 0.002078 0.009853 0.969428 0.009853 0.002078 0.993290 -0.002115 -0.009980 -0.969101 -0.009980 -0.002115 0.000000 
5.000000e-01 5.000000e-01 4.999881e-03 5.000000e-01 5.000000e-01 1.515056e+00 -0.993290 0.002078 0.009853 0.969428 0.009853 0.002078 0.993290 -0.002115 -0.009980 -0.969101 -0.009980 -0.002115 0.000000 
5.000000e-01 5.000000e-01 4.999881e-03 5.000000e-01 5.000000e-01 1.515056e+00 -0.993290 0.002078 0.009853 0.969428 0.009853 0.002078 0.993290 -0.002115 -0.009980 -0.969101 -0.009980 -0.002115 0.000000 
5.000000e-01 5.000000e-01 4.999881e-03 5.000000e-01 5.000000e-01 1.515056e+00 -0.993290 0.002078 0.009853 0.969428 0.009853 0.002078 0.993290 -0.002115 -0.009980 -0.969101 -0.009980 -0.002115 0.000000 
5.000000e-01 5.000000e-01 4.999881e-03 5.000000e-01 5.000000e-01 1.515056e+00 -0.993290 0.002078 0.009853 0.969428 0.009853 0.002078 0.993290 -0.002115 -0.009980 -0.969101 -0.009980 -0.002115 0.000000 
5.000000e-01 5.000000e-01 4.999881e-03 5.000000e-01 5.000000e-01 1.515056e+00 -0.993290 0.002078 0.009853 0.969428 0.009853 0.002078 0.993290 -0.002115 -0.009980 -0.969101 -0.009980 -0.002115 0.000000 
5.000000e-01 5.000000e-01 4.999881e-03 5.000000e-01 5.000000e-01 1.515056e+00 -0.993290 0.002078 0.009853 0.969428 0.009853 0.002078 0.993290 -0.002115 -0.009980 -0.969101 -0.009980 -0.002115 0.000000 
5.000000e-01 5.000000e-01 4.999881e-03 5.000000e-01 5.000000e-01 1.515056e+00 -0.993290 0.002078 0.009853 0.969428 0.009853 0.002078 0.993290 -0.002115 -0.009980 -0.969101 -0.009980 -0.002115 0.000000 
5.000000e-01 5.000000e-01 4.999881e-03 5.000000e-01 5.000000e-01 1.515056e+00 -0.993290 0.002078 0.009853 0.969428 0.009853 0.002078 0.993290 -0.002115 -0.009980 -0.969101 -0.009980 -0.002115 0.000000 
5.000000e-01 5.000000e-01 4.999881e-03 5.000000e-01 5.000000e-01 1.515056e+00 -0.993290 0.002078 0.009853 0.969428 0.009853 0.002078 0.993290 -0.002115 -0.009980 -0.969101 -0.009980 -0.002115 0.000000 
5.000000e-01 5.000000e-01 4.999881e-03 5.000000e-01 5.000000e-01 1.515056e+00 -0.993290 0.002078 0.009853 0.969428 0.009853 0.002078 0.993290 -0.002115 -0.009980 -0.969101 -0.009980 -0.002115 0.000000 
5.000000e-01 5.000000e-01 4.999881e-03 5.000000e-01 5.000000e-01 1.515056e+00 -0.993290 0.002078 0.009853 0.969428 0.009853 0.002078 0.993290 -0.002115 -0.009980 -0.969101 -0.009980 -0.002115 0.000000 
5.000000e-01 5.000000e-01 4.999881e-03 5.000000e-01 5.000000e-01 1.515056e+00 -0.993290 0.002078 0.009853 0.969428 0.009853 0.002078 0.993290 -0.002115 -0.009980 -0.969101 -0.009980 -0.002115 0.000000 
5.000000e-01 5.000000e-01 4.999881e-03 5.000000e-01 5.000000e-01 1.515056e+00 -0.993290 0.002078 0.009853 0.969428 0.009853 0.002078 0.993290 -0.002115 -0.009980 -0.969101 -0.009980 -0.002115 0.000000 
5.000000e-01 5.000000e-01 4.999881e-03 5.000000e-01 5.000000e-01 1.515056e+00 -0.993290 0.002078 0.009853 0.969428 0.009853 0.002078 0.993290 -0.002115 -0.009980 -0.969101 -0.009980 -0.002115 0.000000 
5.000000e-01 5.000000e-01 4.999881e-03 5.000000e-01 5.000000e-01 1.515056e+00 -0.993290 0.002078 0.009853 0.969428 0.009853 0.002078 0.993290 -0.002115 -0.009980 -0.969101 -0.009980 -0.002115 0.000000 
5.000000e-01 5.000000e-01 4.999881e-03 5.000000e-01 5.000000e-01 1.515056e+00 -0.993290 0.002078 0.009853 0.969428 0.009853 0.002078 0.993290 -0.002115 -0.009980 -0.969101 -0.009980 -0.002115 0.000000 
5.000000e-01 5.000000e-01 4.999881e-03 5.000000e-01 5.000000e-01 1.515056e+00 -0.993290 0.002078 0.009853 0.969428 0.009853 0.002078 0.993290 -0.002115 -0.009980 -0.969101 -0.009980 -0.002115 0.000000 
5.000000e-01 5.000000e-01 4.999881e-03 5.000000e-01 5.000000e-01 1.515056e+00 -0.993290 0.002078 0.009853 0.969428 0.009853 0.002078 0.993290 -0.002115 -0.009980 -0.969101 -0.009980 -0.002115 0.000000 
5.000000e-01 5.000000e-01 4.999881e-03 5.000000e-01 5.000000e-01 1.515056e+00 -0.993290 0.002078 0.009853 0.969428 0.009853 0.002078 0.993290 -0.002115 -0.009980 -0.969101 -0.009980 -0.002115 0.000000 
5.000000e-01 5.000000e-01 4.999881e-03 5.000000e-01 5.000000e-01 1.515056e+00 -0.993290 0.002078 0.009853 0.969428 0.009853 0.002078 0.993290 -0.002115 -0.009980 -0.969101 -0.009980 -0.002115 0.000000 
5.000000e-01 5.000000e-01 4.999881e-03 5.000000e-01 5.000000e-01 1.515056e+00 -0.993290 0.002078 0.009853 0.969428 0.009853 0.002078 0.993290 -0.002115 -0.009980 -0.969101 -0.009980 -0.002115 0.000000 
5.000000e-01 5.000000e-01 4.999881e-03 5.000000e-01 5.000000e-01 1.515056e+00 -0.993290 0.002078 0.009853 0.969428 0.009853 0.002078 0.993290 -0.002115 -0.009980 -0.969101 -0.009980 -0.002115 0.000000 
5.000000e-01 5.000000e-01 4.999881e-03 5.000000e-01 5.000000e-01 1.515056e+00 -0.993290 0.002078 0.009853 0.969428 0.009853 0.002078 0.993290 -0.002115 -0.009980 -0.969101 -0.009980 -0.002115 0.000000 
5.000000e-01 5.000000e-01 4.999881e-03 5.000000e-01 5.000000e-01 1.515056e+00 -0.993290 0.002078 0.009853 0.969428 0.009853 0.002078 0.993290 -0.002115 -0.009980 -0.969101 -0.009980 -0.002115 0.000000 
5.000000e-01 5.000000e-01 4.999881e-03 5.000000e-01 5.000000e-01 1.515056e+00 -0.993290 0.002078 0.009853 0.969428 0.009853 0.002078 0.993290 -0.002115 -0.009980 -0.969101 -0.009980 -0.002115 0.000000 
5.000000e-01 5.000000e-01 4.999881e-03 5.000000e-01 5.000000e-01 1.515056e+00 -0.993290 0.002078 0.009853 0.969428 0.009853 0.002078 0.993290 -0.002115 -0.009980 -0.969101 -0.009980 -0.002115 0.000000 
5.000000e-01 5.000000e-01 4.999881e-03 5.000000e-01 5.000000e-01 1.515056e+00 -0.993290 0.002078 0.009853 0.969428 0.009853 0.002078 0.993290 -0.002115 -0.009980 -0.969101 -0.009980 -0.002115 0.000000 
5.000000e-01 5.000000e-01 4.999881e-03 5.000000e-01 5.000000e-01 1.515056e+00 -0.993290 0.002078 0.009853 0.969428 0.009853 0.002078 0.993290 -0.002115 -0.009980 -0.969101 -0.009980 -0.002115 0.000000 
5.000000e-01 5.000000e-01 4.999881e-03 5.000000e-01 5.000000e-01 1.515056e+00 -0.993290 0.002078 0.009853 0.969428 0.009853 0.002078 0.993290 -0.002115 -0.009980 -0.969101 -0.009980 -0.002115 0.000000 
5.000000e-01 5.000000e-01 4.999881e-03 5.000000e-01 5.000000e-01 1.515056e+00 -0.993290 0.002078 0.009853 0.969428 0.009853 0.002078 0.993290 -0.002115 -0.009980 -0.969101 -0.009980 -0.002115 0.000000 
5.000000e-01 5.000000e-01 4.999881e-03 5.000000e-01 5.000000e-01 1.515056e+00 -0.993290 0.002078 0.009853 0.969428 0.009853 0.002078 0.993290 -0.002115 -0.009980 -0.969101 -0.009980 -0.002115 0.000000 
5.000000e-01 5.000000e-01 4.999881e-03 5.000000e-01 5.000000e-01 1.515056e+00 -0.993290 0.002078 0.009853 0.969428 0.009853 0.002078 0.993290 -0.002115 -0.009980 -0.969101 -0.009980 -0.002115 0.000000 
5.000000e-01 5.000000e-01 4.999881e-03 5.000000e-01 5.000000e-01 1.515056e+00 -0.993290 0.002078 0.009853 0.969428 0.009853 0.002078 0.993290 -0.002115 -0.009980 -0.969101 -0.009980 -0.002115 0.000000 
5.000000e-01 5.000000e-01 4.999881e-03 5.000000e-01 5.000000e-01 1.515056e+00 -0.993290 0.002078 0.009853 0.969428 0.009853 0.002078 0.993290 -0.002115 -0.009980 -0.969101 -0.009980 -0.002115 0.000000 
5.000000e-01 5.000000e-01 4.999881e-03 5.000000e-01 5.000000e-01 1.515056e+00 -0.993290 0.002078 0.009853 0.969428 0.009853 0.002078 0.993290 -0.002115 -0.009980 -0.969101 -0.009980 -0.002115 0.000000 
5.000000e-01 5.000000e-01 4.999881e-03 5.000000e-01 5.000000e-01 1.515056e+00 -0.993290 0.002078 0.009853 0.969428 0.009853 0.002078 0.993290 -0.002115 -0.009980 -0.969101 -0.009980 -0.002115 0.000000 
5.000000e-01 5.000000e-01 4.999881e-03 5.000000e-01 5.000000e-01 1.515056e+00 -0.993290 0.002078 0.009853 0.969428 0.009853 0.002078 0.993290 -0.002115 -0.009980 -0.969101 -0.009980 -0.002115 0.000000 
5.000000e-01 5.000000e-01 4.999881e-03 5.000000e-01 5.000000e-01 1.515056e+00 -0.993290 0.002078 0.009853 0.969428 0.009853 0.002078 0.993290 -0.002115 -0.009980 -0.969101 -0.009980 -0.002115 0.000000 
5.000000e-01 5.000000e-01 4.999881e-03 5.000000e-01 5.000000e-01 1.515056e+00 -0.993290 0.002078 0.009853 0.969428 0.009853 0.002078 0.993290 -0.002115 -0.009980 -0.969101 -0.009980 -0.002115 0.000000 
5.000000e-01 5.000000e-01 4.999881e-03 5.000000e-01 5.000000e-01 1.515056e+00 -0.993290 0.002078 0.009853 0.969428 0.009853 0.002078 0.993290 -0.002115 -0.009980 -0.969101 -0.009980 -0.002115 0.000000 
5.000000e-01 5.000000e-01 4.999881e-03 5.000000e-01 5.000000e-01 1.515056e+00 -0.993290 0.002078 0.009853 0.969428 0.009853 0.002078 0.993290 -0.002115 -0.009980 -0.969101 -0.009980 -0.002115 0.000000 
5.000000e-01 5.000000e-01 4.999881e-03 5.000000e-01 5.000000e-01 1.515056e+00 -0.993290 0.002078 0.009853 0.969428 0.009853 0.002078 0.993290 -0.002115 -0.009980 -0.969101 -0.009980 -0.002115 0.000000 
5.000000e-01 5.000000e-01 4.999881e-03 5.000000e-01 5.000000e-01 1.515056e+00 -0.993290 0.002078 0.009853 0.969428 0.009853 0.002078 0.993290 -0.002115 -0.009980 -0.969101 -0.009980 -0.002115 0.000000 
5.000000e-01 5.000000e-01 4.999881e-03 5.000000e-01 5.000000e-01 1.515056e+00 -0.993290 0.002078 0.009853 0.969428 0.009853 0.002078 0.993290 -0.002115 -0.009980 -0.969101 -0.009980 -0.002115 0.000000 
5.000000e-01 5.000000e-01 4.999881e-03 5.000000e-01 5.000000e-01 1.515056e+00 -0.993290 0.002078 0.009853 0.969428 0.009853 0.002078 0.993290 -0.002115 -0.009980 -0.969101 -0.009980 -0.002115 0.000000 
5.000000e-01 5.000000e-01 4.999881e-03 5.000000e-01 5.000000e-01 1.515056e+00 -0.993290 0.002078 0.009853 0.969428 0.009853 0.002078 0.993290 -0.002115 -0.009980 -0.969101 -0.009980 -0.002115 0.000000 
5.000000e-01 5.000000e-01 4.999881e-03 5.000000e-01 5.000000e-01 1.515056e+00 -0.993290 0.002078 0.009853 0.969428 0.009853 0.002078 0.993290 -0.002115 -0.009980 -0.969101 -0.009980 -0.002115 0.000000 
5.000000e-01 5.000000e-01 4.999881e-03 5.000000e-01 5.000000e-01 1.515056e+00 -0.993290 0.002078 0.009853 0.969428 0.009853 0.002078 0.993290 -0.002115 -0.009980 -0.969101 -0.009980 -0.002115 0.000000 
