# TeX TeY TeZ ThX ThY THZ P1 P2
5.000000e-01 5.000000e-01 2.100000e-01 5.000000e-01 5.000000e-01 2.100000e-01 0.000000 0.000000 0.000000 0.000000 0.000000 0.000000 0.000000 0.000000 0.000000 0.000000 0.000000 0.000000 0.000000 
5.000000e-01 5.000000e-01 1.968974e-01 5.000000e-01 5.000000e-01 2.190676e-01 -0.014549 0.002641 0.003085 0.003097 0.003085 0.002641 0.014549 0.005729 -0.000120 -0.025768 -0.000120 0.005729 0.000000 
5.000000e-01 5.000000e-01 1.837641e-01 5.000000e-01 5.000000e-01 2.281270e-01 -0.029113 0.005285 0.006172 0.006198 0.006172 0.005285 0.029113 0.011614 0.000135 -0.052612 0.000135 0.011614 0.000000 
5.000000e-01 5.000000e-01 1.706001e-01 5.000000e-01 5.000000e-01 2.371780e-01 -0.043694 0.007932 0.009264 0.009302 0.009264 0.007932 0.043694 0.017663 0.000913 -0.080845 0.000913 0.017663 0.000000 
5.000000e-01 5.000000e-01 1.574053e-01 5.000000e-01 5.000000e-01 2.462206e-01 -0.058291 0.010583 0.012358 0.012409 0.012358 0.010583 0.058291 0.023930 0.002535 -0.111220 0.002535 0.023930 0.000000 
5.000000e-01 5.000000e-01 1.441795e-01 5.000000e-01 5.000000e-01 2.552547e-01 -0.072906 0.013236 0.015457 0.015520 0.015457 0.013236 0.072906 0.030385 0.005125 -0.143925 0.005125 0.030385 0.000000 
5.000000e-01 5.000000e-01 1.309221e-01 5.000000e-01 5.000000e-01 2.642803e-01 -0.087541 0.015893 0.018560 0.018635 0.018560 0.015893 0.087541 0.037021 0.008874 -0.179331 0.008874 0.037021 0.000000 
5.000000e-01 5.000000e-01 1.176324e-01 5.000000e-01 5.000000e-01 2.732974e-01 -0.102200 0.018555 0.021667 0.021756 0.021667 0.018555 0.102200 0.043878 0.014287 -0.218529 0.014287 0.043878 0.000000 
5.000000e-01 5.000000e-01 1.043093e-01 5.000000e-01 5.000000e-01 2.823059e-01 -0.116885 0.021221 0.024781 0.024882 0.024781 0.021221 0.116885 0.050928 0.021571 -0.261884 0.021571 0.050928 0.000000 
5.000000e-01 5.000000e-01 9.095130e-02 5.000000e-01 5.000000e-01 2.913056e-01 -0.131601 0.023892 0.027901 0.028015 0.027901 0.023892 0.131601 0.058151 0.030953 -0.309808 0.030953 0.058151 0.000000 
5.000000e-01 5.000000e-01 7.755630e-02 5.000000e-01 5.000000e-01 3.002966e-01 -0.146357 0.026571 0.031030 0.031156 0.031030 0.026571 0.146357 0.065573 0.043146 -0.363795 0.043146 0.065573 0.000000 
5.000000e-01 5.000000e-01 6.412207e-02 5.000000e-01 5.000000e-01 3.092787e-01 -0.161160 0.029258 0.034168 0.034308 0.034168 0.029258 0.161160 0.073149 0.058273 -0.424005 0.058273 0.073149 0.000000 
5.000000e-01 5.000000e-01 5.064629e-02 5.000000e-01 5.000000e-01 3.182520e-01 -0.176017 0.031954 0.037318 0.037472 0.037318 0.031954 0.176017 0.080858 0.076391 -0.490515 0.076391 0.080858 0.000000 
5.000000e-01 5.000000e-01 3.712754e-02 5.000000e-01 5.000000e-01 3.272163e-01 -0.190937 0.034662 0.040482 0.040650 0.040482 0.034662 0.190937 0.088710 0.098023 -0.564403 0.098023 0.088710 0.000000 
5.000000e-01 5.000000e-01 2.356623e-02 5.000000e-01 5.000000e-01 3.361716e-01 -0.205918 0.037380 0.043659 0.043841 0.043659 0.037380 0.205918 0.096646 0.122478 -0.644166 0.122478 0.096646 0.000000 
5.000000e-01 5.000000e-01 9.965901e-03 5.000000e-01 5.000000e-01 3.451178e-01 -0.220949 0.040107 0.046846 0.047044 0.046846 0.040107 0.220949 0.104620 0.149030 -0.728250 0.149030 0.104620 0.000000 
5.000000e-01 5.000000e-01 4.999935e-03 5.000000e-01 5.000000e-01 3.540548e-01 -0.230165 0.041775 0.048801 0.049012 0.048801 0.041775 0.230165 0.107867 0.158225 -0.762350 0.158225 0.107867 0.000000 
5.000000e-01 5.000000e-01 4.999935e-03 5.000000e-01 5.000000e-01 3.629825e-01 -0.236024 0.042833 0.050045 0.050268 0.050045 0.042833 0.236024 0.108331 0.156796 -0.766279 0.156796 0.108331 0.000000 
5.000000e-01 5.000000e-01 4.999935e-03 5.000000e-01 5.000000e-01 3.719009e-01 -0.241877 0.043889 0.051289 0.051523 0.051289 0.043889 0.241877 0.108719 0.155360 -0.770035 0.155360 0.108719 0.000000 
5.000000e-01 5.000000e-01 4.999935e-03 5.000000e-01 5.000000e-01 3.808099e-01 -0.247724 0.044943 0.052531 0.052778 0.052531 0.044943 0.247724 0.109035 0.153918 -0.773630 0.153918 0.109035 0.000000 
5.000000e-01 5.000000e-01 4.999935e-03 5.000000e-01 5.000000e-01 3.897095e-01 -0.253565 0.045995 0.053771 0.054032 0.053771 0.045995 0.253565 0.109279 0.152474 -0.777070 0.152474 0.109279 0.000000 
5.000000e-01 5.000000e-01 4.999935e-03 5.000000e-01 5.000000e-01 3.985995e-01 -0.259400 0.047045 0.055011 0.055286 0.055011 0.047045 0.259400 0.109451 0.151029 -0.780359 0.151029 0.109451 0.000000 
5.000000e-01 5.000000e-01 4.999935e-03 5.000000e-01 5.000000e-01 4.074798e-01 -0.265228 0.048094 0.056250 0.056540 0.056250 0.048094 0.265228 0.109561 0.149585 -0.783520 0.149585 0.109561 0.000000 
5.000000e-01 5.000000e-01 4.999935e-03 5.000000e-01 5.000000e-01 4.163505e-01 -0.271050 0.049141 0.057488 0.057793 0.057488 0.049141 0.271050 0.109612 0.148144 -0.786563 0.148144 0.109612 0.000000 
5.000000e-01 5.000000e-01 4.999935e-03 5.000000e-01 5.000000e-01 4.252114e-01 -0.276866 0.050185 0.058724 0.059046 0.058724 0.050185 0.276866 0.109607 0.146707 -0.789494 0.146707 0.109607 0.000000 
5.000000e-01 5.000000e-01 4.999935e-03 5.000000e-01 5.000000e-01 4.340623e-01 -0.282675 0.051228 0.059960 0.060299 0.059960 0.051228 0.282675 0.109549 0.145274 -0.792321 0.145274 0.109549 0.000000 
5.000000e-01 5.000000e-01 4.999935e-03 5.000000e-01 5.000000e-01 4.429034e-01 -0.288478 0.052269 0.061194 0.061552 0.061194 0.052269 0.288478 0.109441 0.143846 -0.795051 0.143846 0.109441 0.000000 
5.000000e-01 5.000000e-01 4.999935e-03 5.000000e-01 5.000000e-01 4.517344e-01 -0.294274 0.053307 0.062427 0.062805 0.062427 0.053307 0.294274 0.109284 0.142424 -0.797690 0.142424 0.109284 0.000000 
5.000000e-01 5.000000e-01 4.999935e-03 5.000000e-01 5.000000e-01 4.605552e-01 -0.300064 0.054343 0.063660 0.064057 0.063660 0.054343 0.300064 0.109082 0.141008 -0.800243 0.141008 0.109082 0.000000 
5.000000e-01 5.000000e-01 4.999935e-03 5.000000e-01 5.000000e-01 4.693659e-01 -0.305847 0.055377 0.064891 0.065310 0.064891 0.055377 0.305847 0.108833 0.139599 -0.802711 0.139599 0.108833 0.000000 
5.000000e-01 5.000000e-01 4.999935e-03 5.000000e-01 5.000000e-01 4.781663e-01 -0.311623 0.056409 0.066121 0.066563 0.066121 0.056409 0.311623 0.108540 0.138198 -0.805099 0.138198 0.108540 0.000000 
5.000000e-01 5.000000e-01 4.999935e-03 5.000000e-01 5.000000e-01 4.869563e-01 -0.317393 0.057438 0.067350 0.067816 0.067350 0.057438 0.317393 0.108209 0.136803 -0.807418 0.136803 0.108209 0.000000 
5.000000e-01 5.000000e-01 4.999935e-03 5.000000e-01 5.000000e-01 4.957358e-01 -0.323156 0.058465 0.068578 0.069069 0.068578 0.058465 0.323156 0.107842 0.135416 -0.809672 0.135416 0.107842 0.000000 
5.000000e-01 5.000000e-01 4.999935e-03 5.000000e-01 5.000000e-01 5.045047e-01 -0.328911 0.059489 0.069805 0.070323 0.069805 0.059489 0.328911 0.107441 0.134036 -0.811865 0.134036 0.107441 0.000000 
5.000000e-01 5.000000e-01 4.999935e-03 5.000000e-01 5.000000e-01 5.132630e-01 -0.334660 0.060511 0.071031 0.071577 0.071031 0.060511 0.334660 0.107006 0.132664 -0.814001 0.132664 0.107006 0.000000 
5.000000e-01 5.000000e-01 4.999935e-03 5.000000e-01 5.000000e-01 5.220106e-01 -0.340402 0.061530 0.072256 0.072831 0.072256 0.061530 0.340402 0.106541 0.131299 -0.816082 0.131299 0.106541 0.000000 
5.000000e-01 5.000000e-01 4.999935e-03 5.000000e-01 5.000000e-01 5.307473e-01 -0.346137 0.062546 0.073479 0.074086 0.073479 0.062546 0.346137 0.106047 0.129941 -0.818112 0.129941 0.106047 0.000000 
5.000000e-01 5.000000e-01 4.999935e-03 5.000000e-01 5.000000e-01 5.394732e-01 -0.351865 0.063559 0.074702 0.075342 0.074702 0.063559 0.351865 0.105523 0.128591 -0.820092 0.128591 0.105523 0.000000 
5.000000e-01 5.000000e-01 4.999935e-03 5.000000e-01 5.000000e-01 5.481879e-01 -0.357585 0.064569 0.075924 0.076599 0.075924 0.064569 0.357585 0.104970 0.127248 -0.822022 0.127248 0.104970 0.000000 
5.000000e-01 5.000000e-01 4.999935e-03 5.000000e-01 5.000000e-01 5.568916e-01 -0.363298 0.065576 0.077145 0.077857 0.077145 0.065576 0.363298 0.104394 0.125913 -0.823911 0.125913 0.104394 0.000000 
5.000000e-01 5.000000e-01 4.999935e-03 5.000000e-01 5.000000e-01 5.655840e-01 -0.369004 0.066579 0.078365 0.079115 0.078365 0.066579 0.369004 0.103794 0.124584 -0.825760 0.124584 0.103794 0.000000 
5.000000e-01 5.000000e-01 4.999935e-03 5.000000e-01 5.000000e-01 5.742652e-01 -0.374703 0.067580 0.079584 0.080375 0.079584 0.067580 0.374702 0.103173 0.123262 -0.827572 0.123262 0.103173 0.000000 
5.000000e-01 5.000000e-01 4.999935e-03 5.000000e-01 5.000000e-01 5.829349e-01 -0.380394 0.068577 0.080802 0.081636 0.080802 0.068577 0.380393 0.102531 0.121947 -0.829349 0.121947 0.102531 0.000000 
5.000000e-01 5.000000e-01 4.999935e-03 5.000000e-01 5.000000e-01 5.915931e-01 -0.386077 0.069570 0.082019 0.082898 0.082019 0.069570 0.386077 0.101869 0.120638 -0.831092 0.120638 0.101869 0.000000 
5.000000e-01 5.000000e-01 4.999935e-03 5.000000e-01 5.000000e-01 6.002396e-01 -0.391753 0.070560 0.083235 0.084162 0.083235 0.070560 0.391753 0.101190 0.119336 -0.832804 0.119336 0.101190 0.000000 
5.000000e-01 5.000000e-01 4.999935e-03 5.000000e-01 5.000000e-01 6.088745e-01 -0.397421 0.071545 0.084451 0.085428 0.084451 0.071545 0.397421 0.100490 0.118040 -0.834482 0.118040 0.100490 0.000000 
5.000000e-01 5.000000e-01 4.999935e-03 5.000000e-01 5.000000e-01 6.174975e-01 -0.403081 0.072527 0.085665 0.086696 0.085665 0.072527 0.403081 0.099774 0.116751 -0.836131 0.116751 0.099774 0.000000 
5.000000e-01 5.000000e-01 4.999935e-03 5.000000e-01 5.000000e-01 6.261085e-01 -0.408734 0.073505 0.086879 0.087966 0.086879 0.073505 0.408734 0.099043 0.115467 -0.837754 0.115467 0.099043 0.000000 
5.000000e-01 5.000000e-01 4.999935e-03 5.000000e-01 5.000000e-01 6.347076e-01 -0.414379 0.074478 0.088092 0.089238 0.088092 0.074478 0.414379 0.098298 0.114189 -0.839352 0.114189 0.098298 0.000000 
5.000000e-01 5.000000e-01 4.999935e-03 5.000000e-01 5.000000e-01 6.432944e-01 -0.420015 0.075447 0.089304 0.090513 0.089304 0.075447 0.420015 0.097539 0.112917 -0.840927 0.112917 0.097539 0.000000 
5.000000e-01 5.000000e-01 4.999935e-03 5.000000e-01 5.000000e-01 6.518690e-01 -0.425644 0.076411 0.090516 0.091790 0.090516 0.076411 0.425644 0.096768 0.111650 -0.842479 0.111650 0.096768 0.000000 
5.000000e-01 5.000000e-01 4.999935e-03 5.000000e-01 5.000000e-01 6.604312e-01 -0.431265 0.077371 0.091727 0.093070 0.091727 0.077371 0.431265 0.095985 0.110388 -0.844011 0.110388 0.095985 0.000000 
5.000000e-01 5.000000e-01 4.999935e-03 5.000000e-01 5.000000e-01 6.689810e-01 -0.436877 0.078325 0.092937 0.094353 0.092937 0.078325 0.436877 0.095189 0.109132 -0.845519 0.109132 0.095189 0.000000 
5.000000e-01 5.000000e-01 4.999935e-03 5.000000e-01 5.000000e-01 6.775181e-01 -0.442481 0.079274 0.094147 0.095640 0.094147 0.079274 0.442481 0.094382 0.107881 -0.847008 0.107881 0.094382 0.000000 
5.000000e-01 5.000000e-01 4.999935e-03 5.000000e-01 5.000000e-01 6.860425e-01 -0.448077 0.080218 0.095356 0.096930 0.095356 0.080218 0.448077 0.093565 0.106635 -0.848478 0.106635 0.093565 0.000000 
5.000000e-01 5.000000e-01 4.999935e-03 5.000000e-01 5.000000e-01 6.945540e-01 -0.453664 0.081156 0.096564 0.098225 0.096564 0.081156 0.453664 0.092740 0.105394 -0.849932 0.105394 0.092740 0.000000 
5.000000e-01 5.000000e-01 4.999935e-03 5.000000e-01 5.000000e-01 7.030526e-01 -0.459243 0.082088 0.097772 0.099523 0.097772 0.082088 0.459243 0.091906 0.104157 -0.851370 0.104157 0.091906 0.000000 
5.000000e-01 5.000000e-01 4.999935e-03 5.000000e-01 5.000000e-01 7.115381e-01 -0.464813 0.083015 0.098979 0.100825 0.098979 0.083015 0.464813 0.091064 0.102925 -0.852792 0.102925 0.091064 0.000000 
5.000000e-01 5.000000e-01 4.999935e-03 5.000000e-01 5.000000e-01 7.200104e-01 -0.470375 0.083935 0.100186 0.102132 0.100186 0.083935 0.470375 0.090215 0.101697 -0.854199 0.101697 0.090215 0.000000 
5.000000e-01 5.000000e-01 4.999935e-03 5.000000e-01 5.000000e-01 7.284693e-01 -0.475928 0.084848 0.101393 0.103446 0.101393 0.084848 0.475928 0.089357 0.100474 -0.855590 0.100474 0.089357 0.000000 
5.000000e-01 5.000000e-01 4.999935e-03 5.000000e-01 5.000000e-01 7.369148e-01 -0.481472 0.085754 0.102600 0.104764 0.102600 0.085754 0.481472 0.088493 0.099255 -0.856968 0.099255 0.088493 0.000000 
5.000000e-01 5.000000e-01 4.999935e-03 5.000000e-01 5.000000e-01 7.453467e-01 -0.487007 0.086653 0.103806 0.106089 0.103806 0.086653 0.487007 0.087623 0.098040 -0.858333 0.098040 0.087623 0.000000 
5.000000e-01 5.000000e-01 4.999935e-03 5.000000e-01 5.000000e-01 7.537649e-01 -0.492533 0.087545 0.105012 0.107419 0.105012 0.087545 0.492533 0.086747 0.096830 -0.859687 0.096830 0.086747 0.000000 
5.000000e-01 5.000000e-01 4.999935e-03 5.000000e-01 5.000000e-01 7.621692e-01 -0.498050 0.088430 0.106218 0.108755 0.106218 0.088430 0.498050 0.085866 0.095623 -0.861029 0.095623 0.085866 0.000000 
5.000000e-01 5.000000e-01 4.999935e-03 5.000000e-01 5.000000e-01 7.705595e-01 -0.503558 0.089306 0.107423 0.110099 0.107423 0.089306 0.503558 0.084981 0.094420 -0.862359 0.094420 0.084981 0.000000 
5.000000e-01 5.000000e-01 4.999935e-03 5.000000e-01 5.000000e-01 7.789357e-01 -0.509057 0.090174 0.108629 0.111450 0.108629 0.090174 0.509056 0.084090 0.093221 -0.863678 0.093221 0.084090 0.000000 
5.000000e-01 5.000000e-01 4.999935e-03 5.000000e-01 5.000000e-01 7.872977e-01 -0.514546 0.091032 0.109835 0.112810 0.109835 0.091032 0.514546 0.083195 0.092026 -0.864987 0.092026 0.083195 0.000000 
5.000000e-01 5.000000e-01 4.999935e-03 5.000000e-01 5.000000e-01 7.956452e-01 -0.520025 0.091882 0.111041 0.114179 0.111041 0.091882 0.520025 0.082296 0.090834 -0.866286 0.090834 0.082296 0.000000 
5.000000e-01 5.000000e-01 4.999935e-03 5.000000e-01 5.000000e-01 8.039782e-01 -0.525496 0.092723 0.112247 0.115556 0.112247 0.092723 0.525495 0.081394 0.089646 -0.867576 0.089646 0.081394 0.000000 
5.000000e-01 5.000000e-01 4.999935e-03 5.000000e-01 5.000000e-01 8.122965e-01 -0.530956 0.093553 0.113453 0.116942 0.113453 0.093553 0.530956 0.080489 0.088461 -0.868857 0.088461 0.080489 0.000000 
5.000000e-01 5.000000e-01 4.999935e-03 5.000000e-01 5.000000e-01 8.206000e-01 -0.536407 0.094375 0.114660 0.118337 0.114660 0.094375 0.536407 0.079581 0.087280 -0.870129 0.087280 0.079581 0.000000 
5.000000e-01 5.000000e-01 4.999935e-03 5.000000e-01 5.000000e-01 8.288885e-01 -0.541848 0.095184 0.115867 0.119745 0.115867 0.095184 0.541848 0.078669 0.086103 -0.871393 0.086103 0.078669 0.000000 
5.000000e-01 5.000000e-01 4.999935e-03 5.000000e-01 5.000000e-01 8.371619e-01 -0.547279 0.095982 0.117075 0.121165 0.117075 0.095982 0.547279 0.077756 0.084929 -0.872648 0.084929 0.077756 0.000000 
5.000000e-01 5.000000e-01 4.999935e-03 5.000000e-01 5.000000e-01 8.454200e-01 -0.552700 0.096768 0.118284 0.122596 0.118284 0.096768 0.552700 0.076840 0.083758 -0.873896 0.083758 0.076840 0.000000 
5.000000e-01 5.000000e-01 4.999935e-03 5.000000e-01 5.000000e-01 8.536626e-01 -0.558111 0.097543 0.119493 0.124040 0.119493 0.097543 0.558111 0.075922 0.082591 -0.875137 0.082591 0.075922 0.000000 
5.000000e-01 5.000000e-01 4.999935e-03 5.000000e-01 5.000000e-01 8.618897e-01 -0.563511 0.098305 0.120702 0.125496 0.120702 0.098305 0.563511 0.075003 0.081426 -0.876370 0.081426 0.075003 0.000000 
5.000000e-01 5.000000e-01 4.999935e-03 5.000000e-01 5.000000e-01 8.701010e-01 -0.568901 0.099055 0.121912 0.126966 0.121912 0.099055 0.568901 0.074082 0.080265 -0.877597 0.080265 0.074082 0.000000 
5.000000e-01 5.000000e-01 4.999935e-03 5.000000e-01 5.000000e-01 8.782964e-01 -0.574281 0.099789 0.123124 0.128454 0.123124 0.099789 0.574281 0.073160 0.079108 -0.878817 0.079108 0.073160 0.000000 
5.000000e-01 5.000000e-01 4.999935e-03 5.000000e-01 5.000000e-01 8.864757e-01 -0.579650 0.100509 0.124337 0.129958 0.124337 0.100509 0.579650 0.072236 0.077953 -0.880030 0.077953 0.072236 0.000000 
5.000000e-01 5.000000e-01 4.999935e-03 5.000000e-01 5.000000e-01 8.946388e-01 -0.585009 0.101215 0.125550 0.131479 0.125550 0.101215 0.585009 0.071312 0.076802 -0.881237 0.076802 0.071312 0.000000 
5.000000e-01 5.000000e-01 4.999935e-03 5.000000e-01 5.000000e-01 9.027854e-01 -0.590357 0.101905 0.126765 0.133016 0.126765 0.101905 0.590357 0.070387 0.075654 -0.882438 0.075654 0.070387 0.000000 
5.000000e-01 5.000000e-01 4.999935e-03 5.000000e-01 5.000000e-01 9.109155e-01 -0.595693 0.102581 0.127981 0.134570 0.127981 0.102581 0.595693 0.069462 0.074508 -0.883634 0.074508 0.069462 0.000000 
5.000000e-01 5.000000e-01 4.999935e-03 5.000000e-01 5.000000e-01 9.190288e-01 -0.601019 0.103238 0.129198 0.136147 0.129198 0.103238 0.601019 0.068536 0.073366 -0.884823 0.073366 0.068536 0.000000 
5.000000e-01 5.000000e-01 4.999935e-03 5.000000e-01 5.000000e-01 9.271252e-01 -0.606334 0.103876 0.130417 0.137747 0.130417 0.103876 0.606334 0.067609 0.072227 -0.886007 0.072227 0.067609 0.000000 
5.000000e-01 5.000000e-01 4.999935e-03 5.000000e-01 5.000000e-01 9.352045e-01 -0.611637 0.104497 0.131637 0.139368 0.131637 0.104497 0.611637 0.066682 0.071092 -0.887186 0.071092 0.066682 0.000000 
5.000000e-01 5.000000e-01 4.999935e-03 5.000000e-01 5.000000e-01 9.432665e-01 -0.616929 0.105100 0.132859 0.141011 0.132859 0.105100 0.616929 0.065756 0.069959 -0.888359 0.069959 0.065756 0.000000 
5.000000e-01 5.000000e-01 4.999935e-03 5.000000e-01 5.000000e-01 9.513110e-01 -0.622210 0.105684 0.134082 0.142677 0.134082 0.105684 0.622210 0.064830 0.068829 -0.889527 0.068829 0.064830 0.000000 
5.000000e-01 5.000000e-01 4.999935e-03 5.000000e-01 5.000000e-01 9.593378e-01 -0.627479 0.106247 0.135307 0.144371 0.135307 0.106247 0.627479 0.063904 0.067702 -0.890691 0.067702 0.063904 0.000000 
5.000000e-01 5.000000e-01 4.999935e-03 5.000000e-01 5.000000e-01 9.673468e-01 -0.632736 0.106785 0.136534 0.146097 0.136534 0.106785 0.632736 0.062978 0.066578 -0.891849 0.066578 0.062978 0.000000 
5.000000e-01 5.000000e-01 4.999935e-03 5.000000e-01 5.000000e-01 9.753378e-01 -0.637982 0.107302 0.137763 0.147850 0.137763 0.107302 0.637981 0.062053 0.065458 -0.893002 0.065458 0.062053 0.000000 
5.000000e-01 5.000000e-01 4.999935e-03 5.000000e-01 5.000000e-01 9.833105e-01 -0.643215 0.107798 0.138993 0.149632 0.138993 0.107798 0.643215 0.061128 0.064340 -0.894151 0.064340 0.061128 0.000000 
5.000000e-01 5.000000e-01 4.999935e-03 5.000000e-01 5.000000e-01 9.912648e-01 -0.648436 0.108271 0.140225 0.151444 0.140225 0.108271 0.648436 0.060204 0.063225 -0.895295 0.063225 0.060204 0.000000 
5.000000e-01 5.000000e-01 4.999935e-03 5.000000e-01 5.000000e-01 9.992004e-01 -0.653645 0.108717 0.141459 0.153293 0.141459 0.108717 0.653645 0.059281 0.062114 -0.896435 0.062114 0.059281 0.000000 
5.000000e-01 5.000000e-01 4.999935e-03 5.000000e-01 5.000000e-01 1.007117e+00 -0.658842 0.109134 0.142695 0.155183 0.142695 0.109134 0.658842 0.058359 0.061005 -0.897570 0.061005 0.058359 0.000000 
5.000000e-01 5.000000e-01 4.999935e-03 5.000000e-01 5.000000e-01 1.015015e+00 -0.664026 0.109525 0.143933 0.157109 0.143933 0.109525 0.664026 0.057438 0.059900 -0.898701 0.059900 0.057438 0.000000 
5.000000e-01 5.000000e-01 4.999935e-03 5.000000e-01 5.000000e-01 1.022893e+00 -0.669197 0.109890 0.145172 0.159072 0.145172 0.109890 0.669197 0.056517 0.058798 -0.899827 0.058798 0.056517 0.000000 
5.000000e-01 5.000000e-01 4.999935e-03 5.000000e-01 5.000000e-01 1.030753e+00 -0.674356 0.110228 0.146412 0.161074 0.146412 0.110228 0.674355 0.055599 0.057698 -0.900950 0.057698 0.055599 0.000000 
5.000000e-01 5.000000e-01 4.999935e-03 5.000000e-01 5.000000e-01 1.038592e+00 -0.679501 0.110532 0.147654 0.163128 0.147654 0.110532 0.679501 0.054681 0.056602 -0.902068 0.056602 0.054681 0.000000 
5.000000e-01 5.000000e-01 4.999935e-03 5.000000e-01 5.000000e-01 1.046411e+00 -0.684634 0.110802 0.148898 0.165233 0.148898 0.110802 0.684633 0.053765 0.055509 -0.903181 0.055509 0.053765 0.000000 
5.000000e-01 5.000000e-01 4.999935e-03 5.000000e-01 5.000000e-01 1.054211e+00 -0.689753 0.111042 0.150143 0.167383 0.150143 0.111042 0.689753 0.052850 0.054419 -0.904291 0.054419 0.052850 0.000000 
5.000000e-01 5.000000e-01 4.999935e-03 5.000000e-01 5.000000e-01 1.061989e+00 -0.694859 0.111250 0.151388 0.169582 0.151388 0.111250 0.694859 0.051937 0.053332 -0.905397 0.053332 0.051937 0.000000 
5.000000e-01 5.000000e-01 4.999935e-03 5.000000e-01 5.000000e-01 1.069748e+00 -0.699951 0.111425 0.152634 0.171833 0.152634 0.111425 0.699951 0.051025 0.052248 -0.906498 0.052248 0.051025 0.000000 
5.000000e-01 5.000000e-01 4.999935e-03 5.000000e-01 5.000000e-01 1.077485e+00 -0.705029 0.111555 0.153881 0.174158 0.153881 0.111555 0.705029 0.050115 0.051168 -0.907596 0.051168 0.050115 0.000000 
5.000000e-01 5.000000e-01 4.999935e-03 5.000000e-01 5.000000e-01 1.085202e+00 -0.710094 0.111650 0.155127 0.176541 0.155127 0.111650 0.710094 0.049207 0.050090 -0.908689 0.050090 0.049207 0.000000 
5.000000e-01 5.000000e-01 4.999935e-03 5.000000e-01 5.000000e-01 1.092897e+00 -0.715145 0.111708 0.156372 0.178983 0.156372 0.111708 0.715145 0.048301 0.049016 -0.909778 0.049016 0.048301 0.000000 
5.000000e-01 5.000000e-01 4.999935e-03 5.000000e-01 5.000000e-01 1.100570e+00 -0.720181 0.111731 0.157616 0.181486 0.157616 0.111731 0.720181 0.047396 0.047945 -0.910864 0.047945 0.047396 0.000000 
5.000000e-01 5.000000e-01 4.999935e-03 5.000000e-01 5.000000e-01 1.108222e+00 -0.725203 0.111703 0.158859 0.184079 0.158859 0.111703 0.725203 0.046493 0.046878 -0.911946 0.046878 0.046493 0.000000 
5.000000e-01 5.000000e-01 4.999935e-03 5.000000e-01 5.000000e-01 1.115852e+00 -0.730211 0.111631 0.160099 0.186750 0.160099 0.111631 0.730211 0.045593 0.045813 -0.913023 0.045813 0.045593 0.000000 
5.000000e-01 5.000000e-01 4.999935e-03 5.000000e-01 5.000000e-01 1.123459e+00 -0.735204 0.111519 0.161336 0.189494 0.161336 0.111519 0.735204 0.044694 0.044752 -0.914097 0.044752 0.044694 0.000000 
5.000000e-01 5.000000e-01 4.999935e-03 5.000000e-01 5.000000e-01 1.131044e+00 -0.740182 0.111366 0.162568 0.192314 0.162568 0.111366 0.740182 0.043798 0.043694 -0.915167 0.043694 0.043798 0.000000 
5.000000e-01 5.000000e-01 4.999935e-03 5.000000e-01 5.000000e-01 1.138606e+00 -0.745145 0.111158 0.163795 0.195237 0.163795 0.111158 0.745145 0.042904 0.042640 -0.916233 0.042640 0.042904 0.000000 
5.000000e-01 5.000000e-01 4.999935e-03 5.000000e-01 5.000000e-01 1.146145e+00 -0.750092 0.110898 0.165015 0.198266 0.165015 0.110898 0.750092 0.042012 0.041589 -0.917294 0.041589 0.042012 0.000000 
5.000000e-01 5.000000e-01 4.999935e-03 5.000000e-01 5.000000e-01 1.153660e+00 -0.755025 0.110591 0.166228 0.201385 0.166228 0.110591 0.755025 0.041122 0.040541 -0.918353 0.040541 0.041122 0.000000 
5.000000e-01 5.000000e-01 4.999935e-03 5.000000e-01 5.000000e-01 1.161152e+00 -0.759941 0.110239 0.167432 0.204598 0.167432 0.110239 0.759941 0.040235 0.039497 -0.919407 0.039497 0.040235 0.000000 
5.000000e-01 5.000000e-01 4.999935e-03 5.000000e-01 5.000000e-01 1.168620e+00 -0.764842 0.109827 0.168625 0.207939 0.168625 0.109827 0.764842 0.039351 0.038457 -0.920457 0.038457 0.039351 0.000000 
5.000000e-01 5.000000e-01 4.999935e-03 5.000000e-01 5.000000e-01 1.176063e+00 -0.769727 0.109354 0.169803 0.211414 0.169803 0.109354 0.769727 0.038468 0.037419 -0.921503 0.037419 0.038468 0.000000 
5.000000e-01 5.000000e-01 4.999935e-03 5.000000e-01 5.000000e-01 1.183482e+00 -0.774596 0.108831 0.170967 0.215001 0.170967 0.108831 0.774596 0.037589 0.036386 -0.922545 0.036386 0.037589 0.000000 
5.000000e-01 5.000000e-01 4.999935e-03 5.000000e-01 5.000000e-01 1.190877e+00 -0.779449 0.108257 0.172116 0.218702 0.172116 0.108257 0.779448 0.036712 0.035356 -0.923584 0.035356 0.036712 0.000000 
5.000000e-01 5.000000e-01 4.999935e-03 5.000000e-01 5.000000e-01 1.198246e+00 -0.784284 0.107613 0.173242 0.222575 0.173242 0.107613 0.784284 0.035837 0.034329 -0.924618 0.034329 0.035837 0.000000 
5.000000e-01 5.000000e-01 4.999935e-03 5.000000e-01 5.000000e-01 1.205589e+00 -0.789104 0.106905 0.174343 0.226607 0.174343 0.106905 0.789104 0.034966 0.033307 -0.925648 0.033307 0.034966 0.000000 
5.000000e-01 5.000000e-01 4.999935e-03 5.000000e-01 5.000000e-01 1.212907e+00 -0.793906 0.106143 0.175421 0.230777 0.175421 0.106143 0.793906 0.034097 0.032287 -0.926675 0.032287 0.034097 0.000000 
5.000000e-01 5.000000e-01 4.999935e-03 5.000000e-01 5.000000e-01 1.220199e+00 -0.798691 0.105327 0.176474 0.235089 0.176474 0.105327 0.798691 0.033231 0.031272 -0.927697 0.031272 0.033231 0.000000 
5.000000e-01 5.000000e-01 4.999935e-03 5.000000e-01 5.000000e-01 1.227464e+00 -0.803459 0.104423 0.177484 0.239646 0.177484 0.104423 0.803459 0.032368 0.030261 -0.928715 0.030261 0.032368 0.000000 
5.000000e-01 5.000000e-01 4.999935e-03 5.000000e-01 5.000000e-01 1.234703e+00 -0.808209 0.103459 0.178457 0.244376 0.178457 0.103459 0.808209 0.031507 0.029253 -0.929729 0.029253 0.031507 0.000000 
5.000000e-01 5.000000e-01 4.999935e-03 5.000000e-01 5.000000e-01 1.241915e+00 -0.812941 0.102439 0.179393 0.249277 0.179393 0.102439 0.812941 0.030650 0.028249 -0.930739 0.028249 0.030650 0.000000 
5.000000e-01 5.000000e-01 4.999935e-03 5.000000e-01 5.000000e-01 1.249099e+00 -0.817655 0.101348 0.180282 0.254394 0.180282 0.101348 0.817655 0.029796 0.027249 -0.931745 0.027249 0.029796 0.000000 
5.000000e-01 5.000000e-01 4.999935e-03 5.000000e-01 5.000000e-01 1.256256e+00 -0.822351 0.100172 0.181105 0.259798 0.181105 0.100172 0.822351 0.028945 0.026253 -0.932747 0.026253 0.028945 0.000000 
5.000000e-01 5.000000e-01 4.999935e-03 5.000000e-01 5.000000e-01 1.263384e+00 -0.827029 0.098936 0.181875 0.265407 0.181875 0.098936 0.827029 0.028097 0.025261 -0.933744 0.025261 0.028097 0.000000 
5.000000e-01 5.000000e-01 4.999935e-03 5.000000e-01 5.000000e-01 1.270484e+00 -0.831688 0.097642 0.182590 0.271224 0.182590 0.097642 0.831688 0.027252 0.024273 -0.934737 0.024273 0.027252 0.000000 
5.000000e-01 5.000000e-01 4.999935e-03 5.000000e-01 5.000000e-01 1.277555e+00 -0.836328 0.096252 0.183208 0.277410 0.183208 0.096252 0.836328 0.026411 0.023288 -0.935726 0.023288 0.026411 0.000000 
5.000000e-01 5.000000e-01 4.999935e-03 5.000000e-01 5.000000e-01 1.284598e+00 -0.840949 0.094793 0.183745 0.283873 0.183745 0.094793 0.840949 0.025572 0.022309 -0.936711 0.022309 0.025572 0.000000 
5.000000e-01 5.000000e-01 4.999935e-03 5.000000e-01 5.000000e-01 1.291610e+00 -0.845551 0.093276 0.184206 0.290587 0.184206 0.093276 0.845551 0.024737 0.021333 -0.937691 0.021333 0.024737 0.000000 
5.000000e-01 5.000000e-01 4.999935e-03 5.000000e-01 5.000000e-01 1.298593e+00 -0.850133 0.091676 0.184557 0.297666 0.184557 0.091676 0.850133 0.023906 0.020361 -0.938667 0.020361 0.023906 0.000000 
5.000000e-01 5.000000e-01 4.999935e-03 5.000000e-01 5.000000e-01 1.305545e+00 -0.854695 0.089991 0.184775 0.305164 0.184775 0.089991 0.854695 0.023078 0.019394 -0.939639 0.019394 0.023078 0.000000 
5.000000e-01 5.000000e-01 4.999935e-03 5.000000e-01 5.000000e-01 1.312467e+00 -0.859237 0.088247 0.184889 0.312965 0.184889 0.088247 0.859237 0.022253 0.018431 -0.940606 0.018431 0.022253 0.000000 
5.000000e-01 5.000000e-01 4.999935e-03 5.000000e-01 5.000000e-01 1.319358e+00 -0.863759 0.086435 0.184879 0.321131 0.184879 0.086435 0.863759 0.021433 0.017472 -0.941569 0.017472 0.021433 0.000000 
5.000000e-01 5.000000e-01 4.999935e-03 5.000000e-01 5.000000e-01 1.326217e+00 -0.868261 0.084522 0.184666 0.329885 0.184666 0.084522 0.868261 0.020615 0.016518 -0.942527 0.016518 0.020615 0.000000 
5.000000e-01 5.000000e-01 4.999935e-03 5.000000e-01 5.000000e-01 1.333045e+00 -0.872742 0.082553 0.184315 0.339005 0.184315 0.082553 0.872742 0.019801 0.015568 -0.943480 0.015568 0.019801 0.000000 
5.000000e-01 5.000000e-01 4.999935e-03 5.000000e-01 5.000000e-01 1.339840e+00 -0.877202 0.080527 0.183822 0.348504 0.183822 0.080527 0.877202 0.018991 0.014622 -0.944429 0.014622 0.018991 0.000000 
5.000000e-01 5.000000e-01 4.999935e-03 5.000000e-01 5.000000e-01 1.346603e+00 -0.881642 0.078392 0.183035 0.358787 0.183035 0.078392 0.881642 0.018185 0.013681 -0.945374 0.013681 0.018185 0.000000 
5.000000e-01 5.000000e-01 4.999935e-03 5.000000e-01 5.000000e-01 1.353333e+00 -0.886060 0.076205 0.182071 0.369507 0.182071 0.076205 0.886060 0.017382 0.012745 -0.946314 0.012745 0.017382 0.000000 
5.000000e-01 5.000000e-01 4.999935e-03 5.000000e-01 5.000000e-01 1.360029e+00 -0.890456 0.073968 0.180934 0.380654 0.180934 0.073968 0.890456 0.016584 0.011813 -0.947249 0.011813 0.016584 0.000000 
5.000000e-01 5.000000e-01 4.999935e-03 5.000000e-01 5.000000e-01 1.366692e+00 -0.894832 0.071622 0.179399 0.392789 0.179399 0.071622 0.894832 0.015788 0.010885 -0.948179 0.010885 0.015788 0.000000 
5.000000e-01 5.000000e-01 4.999935e-03 5.000000e-01 5.000000e-01 1.373320e+00 -0.899186 0.069229 0.177640 0.405447 0.177640 0.069229 0.899186 0.014997 0.009962 -0.949105 0.009962 0.014997 0.000000 
5.000000e-01 5.000000e-01 4.999935e-03 5.000000e-01 5.000000e-01 1.379914e+00 -0.903518 0.066790 0.175658 0.418621 0.175658 0.066790 0.903518 0.014210 0.009044 -0.950026 0.009044 0.014210 0.000000 
5.000000e-01 5.000000e-01 4.999935e-03 5.000000e-01 5.000000e-01 1.386474e+00 -0.907829 0.064250 0.173163 0.433003 0.173163 0.064250 0.907829 0.013426 0.008130 -0.950943 0.008130 0.013426 0.000000 
5.000000e-01 5.000000e-01 4.999935e-03 5.000000e-01 5.000000e-01 1.392997e+00 -0.912118 0.061669 0.170396 0.447989 0.170396 0.061669 0.912118 0.012647 0.007221 -0.951855 0.007221 0.012647 0.000000 
5.000000e-01 5.000000e-01 4.999935e-03 5.000000e-01 5.000000e-01 1.399486e+00 -0.916385 0.059041 0.167317 0.463668 0.167317 0.059041 0.916385 0.011871 0.006317 -0.952762 0.006317 0.011871 0.000000 
5.000000e-01 5.000000e-01 4.999935e-03 5.000000e-01 5.000000e-01 1.405938e+00 -0.920632 0.056328 0.163626 0.480724 0.163626 0.056328 0.920632 0.011099 0.005417 -0.953664 0.005417 0.011099 0.000000 
5.000000e-01 5.000000e-01 4.999935e-03 5.000000e-01 5.000000e-01 1.412354e+00 -0.924857 0.053582 0.159619 0.498457 0.159619 0.053582 0.924857 0.010331 0.004522 -0.954562 0.004522 0.010331 0.000000 
5.000000e-01 5.000000e-01 4.999935e-03 5.000000e-01 5.000000e-01 1.418733e+00 -0.929061 0.050785 0.155149 0.517194 0.155149 0.050785 0.929061 0.009567 0.003631 -0.955456 0.003631 0.009567 0.000000 
5.000000e-01 5.000000e-01 4.999935e-03 5.000000e-01 5.000000e-01 1.425076e+00 -0.933245 0.047924 0.150020 0.537357 0.150020 0.047924 0.933245 0.008806 0.002744 -0.956345 0.002744 0.008806 0.000000 
5.000000e-01 5.000000e-01 4.999935e-03 5.000000e-01 5.000000e-01 1.431382e+00 -0.937407 0.045039 0.144546 0.558238 0.144546 0.045039 0.937407 0.008049 0.001862 -0.957229 0.001862 0.008049 0.000000 
5.000000e-01 5.000000e-01 4.999935e-03 5.000000e-01 5.000000e-01 1.437650e+00 -0.941551 0.042097 0.138374 0.580609 0.138374 0.042097 0.941551 0.007296 0.000984 -0.958110 0.000984 0.007296 0.000000 
5.000000e-01 5.000000e-01 4.999935e-03 5.000000e-01 5.000000e-01 1.443881e+00 -0.945675 0.039117 0.131609 0.604224 0.131609 0.039117 0.945675 0.006546 0.000110 -0.958986 0.000110 0.006546 0.000000 
5.000000e-01 5.000000e-01 4.999935e-03 5.000000e-01 5.000000e-01 1.450074e+00 -0.949778 0.036121 0.124492 0.628552 0.124492 0.036121 0.949778 0.005800 -0.000760 -0.959858 -0.000760 0.005800 0.000000 
5.000000e-01 5.000000e-01 4.999935e-03 5.000000e-01 5.000000e-01 1.456230e+00 -0.953865 0.033062 0.116368 0.655004 0.116368 0.033062 0.953865 0.005056 -0.001626 -0.960726 -0.001626 0.005056 0.000000 
5.000000e-01 5.000000e-01 4.999935e-03 5.000000e-01 5.000000e-01 1.462347e+00 -0.957933 0.029994 0.107876 0.682192 0.107876 0.029994 0.957933 0.004316 -0.002488 -0.961590 -0.002488 0.004316 0.000000 
5.000000e-01 5.000000e-01 4.999935e-03 5.000000e-01 5.000000e-01 1.468426e+00 -0.961982 0.026900 0.098769 0.710644 0.098769 0.026900 0.961982 0.003580 -0.003346 -0.962450 -0.003346 0.003580 0.000000 
5.000000e-01 5.000000e-01 4.999935e-03 5.000000e-01 5.000000e-01 1.474467e+00 -0.966015 0.023777 0.088931 0.740599 0.088931 0.023777 0.966015 0.002847 -0.004200 -0.963307 -0.004200 0.002847 0.000000 
5.000000e-01 5.000000e-01 4.999935e-03 5.000000e-01 5.000000e-01 1.480469e+00 -0.970026 0.020653 0.078804 0.771113 0.078804 0.020653 0.970026 0.002117 -0.005050 -0.964159 -0.005050 0.002117 0.000000 
5.000000e-01 5.000000e-01 4.999935e-03 5.000000e-01 5.000000e-01 1.486431e+00 -0.974023 0.017498 0.067839 0.803348 0.067839 0.017498 0.974023 0.001390 -0.005897 -0.965008 -0.005897 0.001390 0.000000 
5.000000e-01 5.000000e-01 4.999935e-03 5.000000e-01 5.000000e-01 1.492354e+00 -0.977998 0.014347 0.056618 0.836067 0.056618 0.014347 0.977998 0.000667 -0.006740 -0.965853 -0.006740 0.000667 0.000000 
5.000000e-01 5.000000e-01 4.999935e-03 5.000000e-01 5.000000e-01 1.498235e+00 -0.981953 0.011192 0.044977 0.869614 0.044977 0.011192 0.981953 -0.000052 -0.007578 -0.966693 -0.007578 -0.000052 0.000000 
5.000000e-01 5.000000e-01 4.999935e-03 5.000000e-01 5.000000e-01 1.504075e+00 -0.985885 0.008038 0.032998 0.903813 0.032998 0.008038 0.985885 -0.000768 -0.008411 -0.967528 -0.008411 -0.000768 0.000000 
5.000000e-01 5.000000e-01 4.999935e-03 5.000000e-01 5.000000e-01 1.509871e+00 -0.989791 0.004899 0.020928 0.938138 0.020928 0.004899 0.989791 -0.001478 -0.009239 -0.968358 -0.009239 -0.001478 0.000000 
5.000000e-01 5.000000e-01 4.999935e-03 5.000000e-01 5.000000e-01 1.515083e+00 -0.993308 0.002063 0.009795 0.969592 0.009795 0.002063 0.993308 -0.002118 -0.009984 -0.969105 -0.009984 -0.002118 0.000000 
5.000000e-01 5.000000e-01 4.999935e-03 5.000000e-01 5.000000e-01 1.515083e+00 -0.993308 0.002063 0.009795 0.969592 0.009795 0.002063 0.993308 -0.002118 -0.009984 -0.969105 -0.009984 -0.002118 0.000000 
5.000000e-01 5.000000e-01 4.999935e-03 5.000000e-01 5.000000e-01 1.515083e+00 -0.993308 0.002063 0.009795 0.969592 0.009795 0.002063 0.993308 -0.002118 -0.009984 -0.969105 -0.009984 -0.002118 0.000000 
5.000000e-01 5.000000e-01 4.999935e-03 5.000000e-01 5.000000e-01 1.515083e+00 -0.993308 0.002063 0.009795 0.969592 0.009795 0.002063 0.993308 -0.002118 -0.009984 -0.969105 -0.009984 -0.002118 0.000000 
5.000000e-01 5.000000e-01 4.999935e-03 5.000000e-01 5.000000e-01 1.515083e+00 -0.993308 0.002063 0.009795 0.969592 0.009795 0.002063 0.993308 -0.002118 -0.009984 -0.969105 -0.009984 -0.002118 0.000000 
5.000000e-01 5.000000e-01 4.999935e-03 5.000000e-01 5.000000e-01 1.515083e+00 -0.993308 0.002063 0.009795 0.969592 0.009795 0.002063 0.993308 -0.002118 -0.009984 -0.969105 -0.009984 -0.002118 0.000000 
5.000000e-01 5.000000e-01 4.999935e-03 5.000000e-01 5.000000e-01 1.515083e+00 -0.993308 0.002063 0.009795 0.969592 0.009795 0.002063 0.993308 -0.002118 -0.009984 -0.969105 -0.009984 -0.002118 0.000000 
5.000000e-01 5.000000e-01 4.999935e-03 5.000000e-01 5.000000e-01 1.515083e+00 -0.993308 0.002063 0.009795 0.969592 0.009795 0.002063 0.993308 -0.002118 -0.009984 -0.969105 -0.009984 -0.002118 0.000000 
5.000000e-01 5.000000e-01 4.999935e-03 5.000000e-01 5.000000e-01 1.515083e+00 -0.993308 0.002063 0.009795 0.969592 0.009795 0.002063 0.993308 -0.002118 -0.009984 -0.969105 -0.009984 -0.002118 0.000000 
5.000000e-01 5.000000e-01 4.999935e-03 5.000000e-01 5.000000e-01 1.515083e+00 -0.993308 0.002063 0.009795 0.969592 0.009795 0.002063 0.993308 -0.002118 -0.009984 -0.969105 -0.009984 -0.002118 0.000000 
5.000000e-01 5.000000e-01 4.999935e-03 5.000000e-01 5.000000e-01 1.515083e+00 -0.993308 0.002063 0.009795 0.969592 0.009795 0.002063 0.993308 -0.002118 -0.009984 -0.969105 -0.009984 -0.002118 0.000000 
5.000000e-01 5.000000e-01 4.999935e-03 5.000000e-01 5.000000e-01 1.515083e+00 -0.993308 0.002063 0.009795 0.969592 0.009795 0.002063 0.993308 -0.002118 -0.009984 -0.969105 -0.009984 -0.002118 0.000000 
5.000000e-01 5.000000e-01 4.999935e-03 5.000000e-01 5.000000e-01 1.515083e+00 -0.993308 0.002063 0.009795 0.969592 0.009795 0.002063 0.993308 -0.002118 -0.009984 -0.969105 -0.009984 -0.002118 0.000000 
5.000000e-01 5.000000e-01 4.999935e-03 5.000000e-01 5.000000e-01 1.515083e+00 -0.993308 0.002063 0.009795 0.969592 0.009795 0.002063 0.993308 -0.002118 -0.009984 -0.969105 -0.009984 -0.002118 0.000000 
5.000000e-01 5.000000e-01 4.999935e-03 5.000000e-01 5.000000e-01 1.515083e+00 -0.993308 0.002063 0.009795 0.969592 0.009795 0.002063 0.993308 -0.002118 -0.009984 -0.969105 -0.009984 -0.002118 0.000000 
5.000000e-01 5.000000e-01 4.999935e-03 5.000000e-01 5.000000e-01 1.515083e+00 -0.993308 0.002063 0.009795 0.969592 0.009795 0.002063 0.993308 -0.002118 -0.009984 -0.969105 -0.009984 -0.002118 0.000000 
5.000000e-01 5.000000e-01 4.999935e-03 5.000000e-01 5.000000e-01 1.515083e+00 -0.993308 0.002063 0.009795 0.969592 0.009795 0.002063 0.993308 -0.002118 -0.009984 -0.969105 -0.009984 -0.002118 0.000000 
5.000000e-01 5.000000e-01 4.999935e-03 5.000000e-01 5.000000e-01 1.515083e+00 -0.993308 0.002063 0.009795 0.969592 0.009795 0.002063 0.993308 -0.002118 -0.009984 -0.969105 -0.009984 -0.002118 0.000000 
5.000000e-01 5.000000e-01 4.999935e-03 5.000000e-01 5.000000e-01 1.515083e+00 -0.993308 0.002063 0.009795 0.969592 0.009795 0.002063 0.993308 -0.002118 -0.009984 -0.969105 -0.009984 -0.002118 0.000000 
5.000000e-01 5.000000e-01 4.999935e-03 5.000000e-01 5.000000e-01 1.515083e+00 -0.993308 0.002063 0.009795 0.969592 0.009795 0.002063 0.993308 -0.002118 -0.009984 -0.969105 -0.009984 -0.002118 0.000000 
5.000000e-01 5.000000e-01 4.999935e-03 5.000000e-01 5.000000e-01 1.515083e+00 -0.993308 0.002063 0.009795 0.969592 0.009795 0.002063 0.993308 -0.002118 -0.009984 -0.969105 -0.009984 -0.002118 0.000000 
5.000000e-01 5.000000e-01 4.999935e-03 5.000000e-01 5.000000e-01 1.515083e+00 -0.993308 0.002063 0.009795 0.969592 0.009795 0.002063 0.993308 -0.002118 -0.009984 -0.969105 -0.009984 -0.002118 0.000000 
5.000000e-01 5.000000e-01 4.999935e-03 5.000000e-01 5.000000e-01 1.515083e+00 -0.993308 0.002063 0.009795 0.969592 0.009795 0.002063 0.993308 -0.002118 -0.009984 -0.969105 -0.009984 -0.002118 0.000000 
5.000000e-01 5.000000e-01 4.999935e-03 5.000000e-01 5.000000e-01 1.515083e+00 -0.993308 0.002063 0.009795 0.969592 0.009795 0.002063 0.993308 -0.002118 -0.009984 -0.969105 -0.009984 -0.002118 0.000000 
5.000000e-01 5.000000e-01 4.999935e-03 5.000000e-01 5.000000e-01 1.515083e+00 -0.993308 0.002063 0.009795 0.969592 0.009795 0.002063 0.993308 -0.002118 -0.009984 -0.969105 -0.009984 -0.002118 0.000000 
5.000000e-01 5.000000e-01 4.999935e-03 5.000000e-01 5.000000e-01 1.515083e+00 -0.993308 0.002063 0.009795 0.969592 0.009795 0.002063 0.993308 -0.002118 -0.009984 -0.969105 -0.009984 -0.002118 0.000000 
5.000000e-01 5.000000e-01 4.999935e-03 5.000000e-01 5.000000e-01 1.515083e+00 -0.993308 0.002063 0.009795 0.969592 0.009795 0.002063 0.993308 -0.002118 -0.009984 -0.969105 -0.009984 -0.002118 0.000000 
5.000000e-01 5.000000e-01 4.999935e-03 5.000000e-01 5.000000e-01 1.515083e+00 -0.993308 0.002063 0.009795 0.969592 0.009795 0.002063 0.993308 -0.002118 -0.009984 -0.969105 -0.009984 -0.002118 0.000000 
5.000000e-01 5.000000e-01 4.999935e-03 5.000000e-01 5.000000e-01 1.515083e+00 -0.993308 0.002063 0.009795 0.969592 0.009795 0.002063 0.993308 -0.002118 -0.009984 -0.969105 -0.009984 -0.002118 0.000000 
5.000000e-01 5.000000e-01 4.999935e-03 5.000000e-01 5.000000e-01 1.515083e+00 -0.993308 0.002063 0.009795 0.969592 0.009795 0.002063 0.993308 -0.002118 -0.009984 -0.969105 -0.009984 -0.002118 0.000000 
5.000000e-01 5.000000e-01 4.999935e-03 5.000000e-01 5.000000e-01 1.515083e+00 -0.993308 0.002063 0.009795 0.969592 0.009795 0.002063 0.993308 -0.002118 -0.009984 -0.969105 -0.009984 -0.002118 0.000000 
5.000000e-01 5.000000e-01 4.999935e-03 5.000000e-01 5.000000e-01 1.515083e+00 -0.993308 0.002063 0.009795 0.969592 0.009795 0.002063 0.993308 -0.002118 -0.009984 -0.969105 -0.009984 -0.002118 0.000000 
5.000000e-01 5.000000e-01 4.999935e-03 5.000000e-01 5.000000e-01 1.515083e+00 -0.993308 0.002063 0.009795 0.969592 0.009795 0.002063 0.993308 -0.002118 -0.009984 -0.969105 -0.009984 -0.002118 0.000000 
5.000000e-01 5.000000e-01 4.999935e-03 5.000000e-01 5.000000e-01 1.515083e+00 -0.993308 0.002063 0.009795 0.969592 0.009795 0.002063 0.993308 -0.002118 -0.009984 -0.969105 -0.009984 -0.002118 0.000000 
5.000000e-01 5.000000e-01 4.999935e-03 5.000000e-01 5.000000e-01 1.515083e+00 -0.993308 0.002063 0.009795 0.969592 0.009795 0.002063 0.993308 -0.002118 -0.009984 -0.969105 -0.009984 -0.002118 0.000000 
5.000000e-01 5.000000e-01 4.999935e-03 5.000000e-01 5.000000e-01 1.515083e+00 -0.993308 0.002063 0.009795 0.969592 0.009795 0.002063 0.993308 -0.002118 -0.009984 -0.969105 -0.009984 -0.002118 0.000000 
5.000000e-01 5.000000e-01 4.999935e-03 5.000000e-01 5.000000e-01 1.515083e+00 -0.993308 0.002063 0.009795 0.969592 0.009795 0.002063 0.993308 -0.002118 -0.009984 -0.969105 -0.009984 -0.002118 0.000000 
5.000000e-01 5.000000e-01 4.999935e-03 5.000000e-01 5.000000e-01 1.515083e+00 -0.993308 0.002063 0.009795 0.969592 0.009795 0.002063 0.993308 -0.002118 -0.009984 -0.969105 -0.009984 -0.002118 0.000000 
5.000000e-01 5.000000e-01 4.999935e-03 5.000000e-01 5.000000e-01 1.515083e+00 -0.993308 0.002063 0.009795 0.969592 0.009795 0.002063 0.993308 -0.002118 -0.009984 -0.969105 -0.009984 -0.002118 0.000000 
5.000000e-01 5.000000e-01 4.999935e-03 5.000000e-01 5.000000e-01 1.515083e+00 -0.993308 0.002063 0.009795 0.969592 0.009795 0.002063 0.993308 -0.002118 -0.009984 -0.969105 -0.009984 -0.002118 0.000000 
5.000000e-01 5.000000e-01 4.999935e-03 5.000000e-01 5.000000e-01 1.515083e+00 -0.993308 0.002063 0.009795 0.969592 0.009795 0.002063 0.993308 -0.002118 -0.009984 -0.969105 -0.009984 -0.002118 0.000000 
5.000000e-01 5.000000e-01 4.999935e-03 5.000000e-01 5.000000e-01 1.515083e+00 -0.993308 0.002063 0.009795 0.969592 0.009795 0.002063 0.993308 -0.002118 -0.009984 -0.969105 -0.009984 -0.002118 0.000000 
5.000000e-01 5.000000e-01 4.999935e-03 5.000000e-01 5.000000e-01 1.515083e+00 -0.993308 0.002063 0.009795 0.969592 0.009795 0.002063 0.993308 -0.002118 -0.009984 -0.969105 -0.009984 -0.002118 0.000000 
5.000000e-01 5.000000e-01 4.999935e-03 5.000000e-01 5.000000e-01 1.515083e+00 -0.993308 0.002063 0.009795 0.969592 0.009795 0.002063 0.993308 -0.002118 -0.009984 -0.969105 -0.009984 -0.002118 0.000000 
5.000000e-01 5.000000e-01 4.999935e-03 5.000000e-01 5.000000e-01 1.515083e+00 -0.993308 0.002063 0.009795 0.969592 0.009795 0.002063 0.993308 -0.002118 -0.009984 -0.969105 -0.009984 -0.002118 0.000000 
5.000000e-01 5.000000e-01 4.999935e-03 5.000000e-01 5.000000e-01 1.515083e+00 -0.993308 0.002063 0.009795 0.969592 0.009795 0.002063 0.993308 -0.002118 -0.009984 -0.969105 -0.009984 -0.002118 0.000000 
5.000000e-01 5.000000e-01 4.999935e-03 5.000000e-01 5.000000e-01 1.515083e+00 -0.993308 0.002063 0.009795 0.969592 0.009795 0.002063 0.993308 -0.002118 -0.009984 -0.969105 -0.009984 -0.002118 0.000000 
5.000000e-01 5.000000e-01 4.999935e-03 5.000000e-01 5.000000e-01 1.515083e+00 -0.993308 0.002063 0.009795 0.969592 0.009795 0.002063 0.993308 -0.002118 -0.009984 -0.969105 -0.009984 -0.002118 0.000000 
5.000000e-01 5.000000e-01 4.999935e-03 5.000000e-01 5.000000e-01 1.515083e+00 -0.993308 0.002063 0.009795 0.969592 0.009795 0.002063 0.993308 -0.002118 -0.009984 -0.969105 -0.009984 -0.002118 0.000000 
5.000000e-01 5.000000e-01 4.999935e-03 5.000000e-01 5.000000e-01 1.515083e+00 -0.993308 0.002063 0.009795 0.969592 0.009795 0.002063 0.993308 -0.002118 -0.009984 -0.969105 -0.009984 -0.002118 0.000000 
5.000000e-01 5.000000e-01 4.999935e-03 5.000000e-01 5.000000e-01 1.515083e+00 -0.993308 0.002063 0.009795 0.969592 0.009795 0.002063 0.993308 -0.002118 -0.009984 -0.969105 -0.009984 -0.002118 0.000000 
5.000000e-01 5.000000e-01 4.999935e-03 5.000000e-01 5.000000e-01 1.515083e+00 -0.993308 0.002063 0.009795 0.969592 0.009795 0.002063 0.993308 -0.002118 -0.009984 -0.969105 -0.009984 -0.002118 0.000000 
5.000000e-01 5.000000e-01 4.999935e-03 5.000000e-01 5.000000e-01 1.515083e+00 -0.993308 0.002063 0.009795 0.969592 0.009795 0.002063 0.993308 -0.002118 -0.009984 -0.969105 -0.009984 -0.002118 0.000000 
5.000000e-01 5.000000e-01 4.999935e-03 5.000000e-01 5.000000e-01 1.515083e+00 -0.993308 0.002063 0.009795 0.969592 0.009795 0.002063 0.993308 -0.002118 -0.009984 -0.969105 -0.009984 -0.002118 0.000000 
5.000000e-01 5.000000e-01 4.999935e-03 5.000000e-01 5.000000e-01 1.515083e+00 -0.993308 0.002063 0.009795 0.969592 0.009795 0.002063 0.993308 -0.002118 -0.009984 -0.969105 -0.009984 -0.002118 0.000000 
5.000000e-01 5.000000e-01 4.999935e-03 5.000000e-01 5.000000e-01 1.515083e+00 -0.993308 0.002063 0.009795 0.969592 0.009795 0.002063 0.993308 -0.002118 -0.009984 -0.969105 -0.009984 -0.002118 0.000000 
5.000000e-01 5.000000e-01 4.999935e-03 5.000000e-01 5.000000e-01 1.515083e+00 -0.993308 0.002063 0.009795 0.969592 0.009795 0.002063 0.993308 -0.002118 -0.009984 -0.969105 -0.009984 -0.002118 0.000000 
5.000000e-01 5.000000e-01 4.999935e-03 5.000000e-01 5.000000e-01 1.515083e+00 -0.993308 0.002063 0.009795 0.969592 0.009795 0.002063 0.993308 -0.002118 -0.009984 -0.969105 -0.009984 -0.002118 0.000000 
5.000000e-01 5.000000e-01 4.999935e-03 5.000000e-01 5.000000e-01 1.515083e+00 -0.993308 0.002063 0.009795 0.969592 0.009795 0.002063 0.993308 -0.002118 -0.009984 -0.969105 -0.009984 -0.002118 0.000000 
5.000000e-01 5.000000e-01 4.999935e-03 5.000000e-01 5.000000e-01 1.515083e+00 -0.993308 0.002063 0.009795 0.969592 0.009795 0.002063 0.993308 -0.002118 -0.009984 -0.969105 -0.009984 -0.002118 0.000000 
5.000000e-01 5.000000e-01 4.999935e-03 5.000000e-01 5.000000e-01 1.515083e+00 -0.993308 0.002063 0.009795 0.969592 0.009795 0.002063 0.993308 -0.002118 -0.009984 -0.969105 -0.009984 -0.002118 0.000000 
5.000000e-01 5.000000e-01 4.999935e-03 5.000000e-01 5.000000e-01 1.515083e+00 -0.993308 0.002063 0.009795 0.969592 0.009795 0.002063 0.993308 -0.002118 -0.009984 -0.969105 -0.009984 -0.002118 0.000000 
5.000000e-01 5.000000e-01 4.999935e-03 5.000000e-01 5.000000e-01 1.515083e+00 -0.993308 0.002063 0.009795 0.969592 0.009795 0.002063 0.993308 -0.002118 -0.009984 -0.969105 -0.009984 -0.002118 0.000000 
5.000000e-01 5.000000e-01 4.999935e-03 5.000000e-01 5.000000e-01 1.515083e+00 -0.993308 0.002063 0.009795 0.969592 0.009795 0.002063 0.993308 -0.002118 -0.009984 -0.969105 -0.009984 -0.002118 0.000000 
5.000000e-01 5.000000e-01 4.999935e-03 5.000000e-01 5.000000e-01 1.515083e+00 -0.993308 0.002063 0.009795 0.969592 0.009795 0.002063 0.993308 -0.002118 -0.009984 -0.969105 -0.009984 -0.002118 0.000000 
5.000000e-01 5.000000e-01 4.999935e-03 5.000000e-01 5.000000e-01 1.515083e+00 -0.993308 0.002063 0.009795 0.969592 0.009795 0.002063 0.993308 -0.002118 -0.009984 -0.969105 -0.009984 -0.002118 0.000000 
5.000000e-01 5.000000e-01 4.999935e-03 5.000000e-01 5.000000e-01 1.515083e+00 -0.993308 0.002063 0.009795 0.969592 0.009795 0.002063 0.993308 -0.002118 -0.009984 -0.969105 -0.009984 -0.002118 0.000000 
5.000000e-01 5.000000e-01 4.999935e-03 5.000000e-01 5.000000e-01 1.515083e+00 -0.993308 0.002063 0.009795 0.969592 0.009795 0.002063 0.993308 -0.002118 -0.009984 -0.969105 -0.009984 -0.002118 0.000000 
5.000000e-01 5.000000e-01 4.999935e-03 5.000000e-01 5.000000e-01 1.515083e+00 -0.993308 0.002063 0.009795 0.969592 0.009795 0.002063 0.993308 -0.002118 -0.009984 -0.969105 -0.009984 -0.002118 0.000000 
5.000000e-01 5.000000e-01 4.999935e-03 5.000000e-01 5.000000e-01 1.515083e+00 -0.993308 0.002063 0.009795 0.969592 0.009795 0.002063 0.993308 -0.002118 -0.009984 -0.969105 -0.009984 -0.002118 0.000000 
5.000000e-01 5.000000e-01 4.999935e-03 5.000000e-01 5.000000e-01 1.515083e+00 -0.993308 0.002063 0.009795 0.969592 0.009795 0.002063 0.993308 -0.002118 -0.009984 -0.969105 -0.009984 -0.002118 0.000000 
5.000000e-01 5.000000e-01 4.999935e-03 5.000000e-01 5.000000e-01 1.515083e+00 -0.993308 0.002063 0.009795 0.969592 0.009795 0.002063 0.993308 -0.002118 -0.009984 -0.969105 -0.009984 -0.002118 0.000000 
5.000000e-01 5.000000e-01 4.999935e-03 5.000000e-01 5.000000e-01 1.515083e+00 -0.993308 0.002063 0.009795 0.969592 0.009795 0.002063 0.993308 -0.002118 -0.009984 -0.969105 -0.009984 -0.002118 0.000000 
5.000000e-01 5.000000e-01 4.999935e-03 5.000000e-01 5.000000e-01 1.515083e+00 -0.993308 0.002063 0.009795 0.969592 0.009795 0.002063 0.993308 -0.002118 -0.009984 -0.969105 -0.009984 -0.002118 0.000000 
5.000000e-01 5.000000e-01 4.999935e-03 5.000000e-01 5.000000e-01 1.515083e+00 -0.993308 0.002063 0.009795 0.969592 0.009795 0.002063 0.993308 -0.002118 -0.009984 -0.969105 -0.009984 -0.002118 0.000000 
5.000000e-01 5.000000e-01 4.999935e-03 5.000000e-01 5.000000e-01 1.515083e+00 -0.993308 0.002063 0.009795 0.969592 0.009795 0.002063 0.993308 -0.002118 -0.009984 -0.969105 -0.009984 -0.002118 0.000000 
5.000000e-01 5.000000e-01 4.999935e-03 5.000000e-01 5.000000e-01 1.515083e+00 -0.993308 0.002063 0.009795 0.969592 0.009795 0.002063 0.993308 -0.002118 -0.009984 -0.969105 -0.009984 -0.002118 0.000000 
5.000000e-01 5.000000e-01 4.999935e-03 5.000000e-01 5.000000e-01 1.515083e+00 -0.993308 0.002063 0.009795 0.969592 0.009795 0.002063 0.993308 -0.002118 -0.009984 -0.969105 -0.009984 -0.002118 0.000000 
5.000000e-01 5.000000e-01 4.999935e-03 5.000000e-01 5.000000e-01 1.515083e+00 -0.993308 0.002063 0.009795 0.969592 0.009795 0.002063 0.993308 -0.002118 -0.009984 -0.969105 -0.009984 -0.002118 0.000000 
5.000000e-01 5.000000e-01 4.999935e-03 5.000000e-01 5.000000e-01 1.515083e+00 -0.993308 0.002063 0.009795 0.969592 0.009795 0.002063 0.993308 -0.002118 -0.009984 -0.969105 -0.009984 -0.002118 0.000000 
5.000000e-01 5.000000e-01 4.999935e-03 5.000000e-01 5.000000e-01 1.515083e+00 -0.993308 0.002063 0.009795 0.969592 0.009795 0.002063 0.993308 -0.002118 -0.009984 -0.969105 -0.009984 -0.002118 0.000000 
5.000000e-01 5.000000e-01 4.999935e-03 5.000000e-01 5.000000e-01 1.515083e+00 -0.993308 0.002063 0.009795 0.969592 0.009795 0.002063 0.993308 -0.002118 -0.009984 -0.969105 -0.009984 -0.002118 0.000000 
5.000000e-01 5.000000e-01 4.999935e-03 5.000000e-01 5.000000e-01 1.515083e+00 -0.993308 0.002063 0.009795 0.969592 0.009795 0.002063 0.993308 -0.002118 -0.009984 -0.969105 -0.009984 -0.002118 0.000000 
5.000000e-01 5.000000e-01 4.999935e-03 5.000000e-01 5.000000e-01 1.515083e+00 -0.993308 0.002063 0.009795 0.969592 0.009795 0.002063 0.993308 -0.002118 -0.009984 -0.969105 -0.009984 -0.002118 0.000000 
5.000000e-01 5.000000e-01 4.999935e-03 5.000000e-01 5.000000e-01 1.515083e+00 -0.993308 0.002063 0.009795 0.969592 0.009795 0.002063 0.993308 -0.002118 -0.009984 -0.969105 -0.009984 -0.002118 0.000000 
5.000000e-01 5.000000e-01 4.999935e-03 5.000000e-01 5.000000e-01 1.515083e+00 -0.993308 0.002063 0.009795 0.969592 0.009795 0.002063 0.993308 -0.002118 -0.009984 -0.969105 -0.009984 -0.002118 0.000000 
5.000000e-01 5.000000e-01 4.999935e-03 5.000000e-01 5.000000e-01 1.515083e+00 -0.993308 0.002063 0.009795 0.969592 0.009795 0.002063 0.993308 -0.002118 -0.009984 -0.969105 -0.009984 -0.002118 0.000000 
5.000000e-01 5.000000e-01 4.999935e-03 5.000000e-01 5.000000e-01 1.515083e+00 -0.993308 0.002063 0.009795 0.969592 0.009795 0.002063 0.993308 -0.002118 -0.009984 -0.969105 -0.009984 -0.002118 0.000000 
5.000000e-01 5.000000e-01 4.999935e-03 5.000000e-01 5.000000e-01 1.515083e+00 -0.993308 0.002063 0.009795 0.969592 0.009795 0.002063 0.993308 -0.002118 -0.009984 -0.969105 -0.009984 -0.002118 0.000000 
5.000000e-01 5.000000e-01 4.999935e-03 5.000000e-01 5.000000e-01 1.515083e+00 -0.993308 0.002063 0.009795 0.969592 0.009795 0.002063 0.993308 -0.002118 -0.009984 -0.969105 -0.009984 -0.002118 0.000000 
5.000000e-01 5.000000e-01 4.999935e-03 5.000000e-01 5.000000e-01 1.515083e+00 -0.993308 0.002063 0.009795 0.969592 0.009795 0.002063 0.993308 -0.002118 -0.009984 -0.969105 -0.009984 -0.002118 0.000000 
5.000000e-01 5.000000e-01 4.999935e-03 5.000000e-01 5.000000e-01 1.515083e+00 -0.993308 0.002063 0.009795 0.969592 0.009795 0.002063 0.993308 -0.002118 -0.009984 -0.969105 -0.009984 -0.002118 0.000000 
5.000000e-01 5.000000e-01 4.999935e-03 5.000000e-01 5.000000e-01 1.515083e+00 -0.993308 0.002063 0.009795 0.969592 0.009795 0.002063 0.993308 -0.002118 -0.009984 -0.969105 -0.009984 -0.002118 0.000000 
5.000000e-01 5.000000e-01 4.999935e-03 5.000000e-01 5.000000e-01 1.515083e+00 -0.993308 0.002063 0.009795 0.969592 0.009795 0.002063 0.993308 -0.002118 -0.009984 -0.969105 -0.009984 -0.002118 0.000000 
5.000000e-01 5.000000e-01 4.999935e-03 5.000000e-01 5.000000e-01 1.515083e+00 -0.993308 0.002063 0.009795 0.969592 0.009795 0.002063 0.993308 -0.002118 -0.009984 -0.969105 -0.009984 -0.002118 0.000000 
5.000000e-01 5.000000e-01 4.999935e-03 5.000000e-01 5.000000e-01 1.515083e+00 -0.993308 0.002063 0.009795 0.969592 0.009795 0.002063 0.993308 -0.002118 -0.009984 -0.969105 -0.009984 -0.002118 0.000000 
5.000000e-01 5.000000e-01 4.999935e-03 5.000000e-01 5.000000e-01 1.515083e+00 -0.993308 0.002063 0.009795 0.969592 0.009795 0.002063 0.993308 -0.002118 -0.009984 -0.969105 -0.009984 -0.002118 0.000000 
5.000000e-01 5.000000e-01 4.999935e-03 5.000000e-01 5.000000e-01 1.515083e+00 -0.993308 0.002063 0.009795 0.969592 0.009795 0.002063 0.993308 -0.002118 -0.009984 -0.969105 -0.009984 -0.002118 0.000000 
5.000000e-01 5.000000e-01 4.999935e-03 5.000000e-01 5.000000e-01 1.515083e+00 -0.993308 0.002063 0.009795 0.969592 0.009795 0.002063 0.993308 -0.002118 -0.009984 -0.969105 -0.009984 -0.002118 0.000000 
5.000000e-01 5.000000e-01 4.999935e-03 5.000000e-01 5.000000e-01 1.515083e+00 -0.993308 0.002063 0.009795 0.969592 0.009795 0.002063 0.993308 -0.002118 -0.009984 -0.969105 -0.009984 -0.002118 0.000000 
5.000000e-01 5.000000e-01 4.999935e-03 5.000000e-01 5.000000e-01 1.515083e+00 -0.993308 0.002063 0.009795 0.969592 0.009795 0.002063 0.993308 -0.002118 -0.009984 -0.969105 -0.009984 -0.002118 0.000000 
5.000000e-01 5.000000e-01 4.999935e-03 5.000000e-01 5.000000e-01 1.515083e+00 -0.993308 0.002063 0.009795 0.969592 0.009795 0.002063 0.993308 -0.002118 -0.009984 -0.969105 -0.009984 -0.002118 0.000000 
5.000000e-01 5.000000e-01 4.999935e-03 5.000000e-01 5.000000e-01 1.515083e+00 -0.993308 0.002063 0.009795 0.969592 0.009795 0.002063 0.993308 -0.002118 -0.009984 -0.969105 -0.009984 -0.002118 0.000000 
5.000000e-01 5.000000e-01 4.999935e-03 5.000000e-01 5.000000e-01 1.515083e+00 -0.993308 0.002063 0.009795 0.969592 0.009795 0.002063 0.993308 -0.002118 -0.009984 -0.969105 -0.009984 -0.002118 0.000000 
5.000000e-01 5.000000e-01 4.999935e-03 5.000000e-01 5.000000e-01 1.515083e+00 -0.993308 0.002063 0.009795 0.969592 0.009795 0.002063 0.993308 -0.002118 -0.009984 -0.969105 -0.009984 -0.002118 0.000000 
5.000000e-01 5.000000e-01 4.999935e-03 5.000000e-01 5.000000e-01 1.515083e+00 -0.993308 0.002063 0.009795 0.969592 0.009795 0.002063 0.993308 -0.002118 -0.009984 -0.969105 -0.009984 -0.002118 0.000000 
5.000000e-01 5.000000e-01 4.999935e-03 5.000000e-01 5.000000e-01 1.515083e+00 -0.993308 0.002063 0.009795 0.969592 0.009795 0.002063 0.993308 -0.002118 -0.009984 -0.969105 -0.009984 -0.002118 0.000000 
5.000000e-01 5.000000e-01 4.999935e-03 5.000000e-01 5.000000e-01 1.515083e+00 -0.993308 0.002063 0.009795 0.969592 0.009795 0.002063 0.993308 -0.002118 -0.009984 -0.969105 -0.009984 -0.002118 0.000000 
5.000000e-01 5.000000e-01 4.999935e-03 5.000000e-01 5.000000e-01 1.515083e+00 -0.993308 0.002063 0.009795 0.969592 0.009795 0.002063 0.993308 -0.002118 -0.009984 -0.969105 -0.009984 -0.002118 0.000000 
5.000000e-01 5.000000e-01 4.999935e-03 5.000000e-01 5.000000e-01 1.515083e+00 -0.993308 0.002063 0.009795 0.969592 0.009795 0.002063 0.993308 -0.002118 -0.009984 -0.969105 -0.009984 -0.002118 0.000000 
5.000000e-01 5.000000e-01 4.999935e-03 5.000000e-01 5.000000e-01 1.515083e+00 -0.993308 0.002063 0.009795 0.969592 0.009795 0.002063 0.993308 -0.002118 -0.009984 -0.969105 -0.009984 -0.002118 0.000000 
5.000000e-01 5.000000e-01 4.999935e-03 5.000000e-01 5.000000e-01 1.515083e+00 -0.993308 0.002063 0.009795 0.969592 0.009795 0.002063 0.993308 -0.002118 -0.009984 -0.969105 -0.009984 -0.002118 0.000000 
5.000000e-01 5.000000e-01 4.999935e-03 5.000000e-01 5.000000e-01 1.515083e+00 -0.993308 0.002063 0.009795 0.969592 0.009795 0.002063 0.993308 -0.002118 -0.009984 -0.969105 -0.009984 -0.002118 0.000000 
5.000000e-01 5.000000e-01 4.999935e-03 5.000000e-01 5.000000e-01 1.515083e+00 -0.993308 0.002063 0.009795 0.969592 0.009795 0.002063 0.993308 -0.002118 -0.009984 -0.969105 -0.009984 -0.002118 0.000000 
5.000000e-01 5.000000e-01 4.999935e-03 5.000000e-01 5.000000e-01 1.515083e+00 -0.993308 0.002063 0.009795 0.969592 0.009795 0.002063 0.993308 -0.002118 -0.009984 -0.969105 -0.009984 -0.002118 0.000000 
5.000000e-01 5.000000e-01 4.999935e-03 5.000000e-01 5.000000e-01 1.515083e+00 -0.993308 0.002063 0.009795 0.969592 0.009795 0.002063 0.993308 -0.002118 -0.009984 -0.969105 -0.009984 -0.002118 0.000000 
5.000000e-01 5.000000e-01 4.999935e-03 5.000000e-01 5.000000e-01 1.515083e+00 -0.993308 0.002063 0.009795 0.969592 0.009795 0.002063 0.993308 -0.002118 -0.009984 -0.969105 -0.009984 -0.002118 0.000000 
5.000000e-01 5.000000e-01 4.999935e-03 5.000000e-01 5.000000e-01 1.515083e+00 -0.993308 0.002063 0.009795 0.969592 0.009795 0.002063 0.993308 -0.002118 -0.009984 -0.969105 -0.009984 -0.002118 0.000000 
5.000000e-01 5.000000e-01 4.999935e-03 5.000000e-01 5.000000e-01 1.515083e+00 -0.993308 0.002063 0.009795 0.969592 0.009795 0.002063 0.993308 -0.002118 -0.009984 -0.969105 -0.009984 -0.002118 0.000000 
5.000000e-01 5.000000e-01 4.999935e-03 5.000000e-01 5.000000e-01 1.515083e+00 -0.993308 0.002063 0.009795 0.969592 0.009795 0.002063 0.993308 -0.002118 -0.009984 -0.969105 -0.009984 -0.002118 0.000000 
5.000000e-01 5.000000e-01 4.999935e-03 5.000000e-01 5.000000e-01 1.515083e+00 -0.993308 0.002063 0.009795 0.969592 0.009795 0.002063 0.993308 -0.002118 -0.009984 -0.969105 -0.009984 -0.002118 0.000000 
5.000000e-01 5.000000e-01 4.999935e-03 5.000000e-01 5.000000e-01 1.515083e+00 -0.993308 0.002063 0.009795 0.969592 0.009795 0.002063 0.993308 -0.002118 -0.009984 -0.969105 -0.009984 -0.002118 0.000000 
5.000000e-01 5.000000e-01 4.999935e-03 5.000000e-01 5.000000e-01 1.515083e+00 -0.993308 0.002063 0.009795 0.969592 0.009795 0.002063 0.993308 -0.002118 -0.009984 -0.969105 -0.009984 -0.002118 0.000000 
5.000000e-01 5.000000e-01 4.999935e-03 5.000000e-01 5.000000e-01 1.515083e+00 -0.993308 0.002063 0.009795 0.969592 0.009795 0.002063 0.993308 -0.002118 -0.009984 -0.969105 -0.009984 -0.002118 0.000000 
5.000000e-01 5.000000e-01 4.999935e-03 5.000000e-01 5.000000e-01 1.515083e+00 -0.993308 0.002063 0.009795 0.969592 0.009795 0.002063 0.993308 -0.002118 -0.009984 -0.969105 -0.009984 -0.002118 0.000000 
5.000000e-01 5.000000e-01 4.999935e-03 5.000000e-01 5.000000e-01 1.515083e+00 -0.993308 0.002063 0.009795 0.969592 0.009795 0.002063 0.993308 -0.002118 -0.009984 -0.969105 -0.009984 -0.002118 0.000000 
5.000000e-01 5.000000e-01 4.999935e-03 5.000000e-01 5.000000e-01 1.515083e+00 -0.993308 0.002063 0.009795 0.969592 0.009795 0.002063 0.993308 -0.002118 -0.009984 -0.969105 -0.009984 -0.002118 0.000000 
5.000000e-01 5.000000e-01 4.999935e-03 5.000000e-01 5.000000e-01 1.515083e+00 -0.993308 0.002063 0.009795 0.969592 0.009795 0.002063 0.993308 -0.002118 -0.009984 -0.969105 -0.009984 -0.002118 0.000000 
5.000000e-01 5.000000e-01 4.999935e-03 5.000000e-01 5.000000e-01 1.515083e+00 -0.993308 0.002063 0.009795 0.969592 0.009795 0.002063 0.993308 -0.002118 -0.009984 -0.969105 -0.009984 -0.002118 0.000000 
5.000000e-01 5.000000e-01 4.999935e-03 5.000000e-01 5.000000e-01 1.515083e+00 -0.993308 0.002063 0.009795 0.969592 0.009795 0.002063 0.993308 -0.002118 -0.009984 -0.969105 -0.009984 -0.002118 0.000000 
5.000000e-01 5.000000e-01 4.999935e-03 5.000000e-01 5.000000e-01 1.515083e+00 -0.993308 0.002063 0.009795 0.969592 0.009795 0.002063 0.993308 -0.002118 -0.009984 -0.969105 -0.009984 -0.002118 0.000000 
5.000000e-01 5.000000e-01 4.999935e-03 5.000000e-01 5.000000e-01 1.515083e+00 -0.993308 0.002063 0.009795 0.969592 0.009795 0.002063 0.993308 -0.002118 -0.009984 -0.969105 -0.009984 -0.002118 0.000000 
5.000000e-01 5.000000e-01 4.999935e-03 5.000000e-01 5.000000e-01 1.515083e+00 -0.993308 0.002063 0.009795 0.969592 0.009795 0.002063 0.993308 -0.002118 -0.009984 -0.969105 -0.009984 -0.002118 0.000000 
5.000000e-01 5.000000e-01 4.999935e-03 5.000000e-01 5.000000e-01 1.515083e+00 -0.993308 0.002063 0.009795 0.969592 0.009795 0.002063 0.993308 -0.002118 -0.009984 -0.969105 -0.009984 -0.002118 0.000000 
5.000000e-01 5.000000e-01 4.999935e-03 5.000000e-01 5.000000e-01 1.515083e+00 -0.993308 0.002063 0.009795 0.969592 0.009795 0.002063 0.993308 -0.002118 -0.009984 -0.969105 -0.009984 -0.002118 0.000000 
