# TeX TeY TeZ ThX ThY THZ P1 P2
5.000000e-01 5.000000e-01 3.700000e-01 5.000000e-01 5.000000e-01 3.700000e-01 0.000000 0.000000 0.000000 0.000000 0.000000 0.000000 0.000000 0.000000 0.000000 0.000000 0.000000 0.000000 0.000000 
5.000000e-01 5.000000e-01 3.572937e-01 5.000000e-01 5.000000e-01 3.789110e-01 -0.014187 0.002559 0.003013 0.003043 0.003013 0.002559 0.014187 0.000927 -0.003483 -0.009076 -0.003483 0.000927 0.000000 
5.000000e-01 5.000000e-01 3.445540e-01 5.000000e-01 5.000000e-01 3.878126e-01 -0.028390 0.005121 0.006030 0.006088 0.006030 0.005121 0.028390 0.001940 -0.006952 -0.018367 -0.006952 0.001940 0.000000 
5.000000e-01 5.000000e-01 3.317813e-01 5.000000e-01 5.000000e-01 3.967046e-01 -0.042608 0.007687 0.009049 0.009137 0.009049 0.007687 0.042608 0.003052 -0.010395 -0.027922 -0.010395 0.003052 0.000000 
5.000000e-01 5.000000e-01 3.189758e-01 5.000000e-01 5.000000e-01 4.055871e-01 -0.056841 0.010255 0.012072 0.012188 0.012072 0.010255 0.056841 0.004290 -0.013797 -0.037826 -0.013797 0.004290 0.000000 
5.000000e-01 5.000000e-01 3.061377e-01 5.000000e-01 5.000000e-01 4.144598e-01 -0.071090 0.012826 0.015097 0.015242 0.015097 0.012826 0.071090 0.005677 -0.017136 -0.048171 -0.017136 0.005677 0.000000 
5.000000e-01 5.000000e-01 2.932673e-01 5.000000e-01 5.000000e-01 4.233227e-01 -0.085352 0.015400 0.018126 0.018299 0.018126 0.015400 0.085352 0.007208 -0.020397 -0.058974 -0.020397 0.007208 0.000000 
5.000000e-01 5.000000e-01 2.803649e-01 5.000000e-01 5.000000e-01 4.321758e-01 -0.099630 0.017977 0.021158 0.021359 0.021158 0.017977 0.099630 0.008897 -0.023557 -0.070309 -0.023557 0.008897 0.000000 
5.000000e-01 5.000000e-01 2.674307e-01 5.000000e-01 5.000000e-01 4.410190e-01 -0.113921 0.020556 0.024193 0.024423 0.024193 0.020556 0.113921 0.010795 -0.026564 -0.082383 -0.026564 0.010795 0.000000 
5.000000e-01 5.000000e-01 2.544650e-01 5.000000e-01 5.000000e-01 4.498521e-01 -0.128227 0.023137 0.027231 0.027490 0.027231 0.023137 0.128227 0.012887 -0.029395 -0.095210 -0.029395 0.012887 0.000000 
5.000000e-01 5.000000e-01 2.414679e-01 5.000000e-01 5.000000e-01 4.586752e-01 -0.142547 0.025721 0.030272 0.030561 0.030272 0.025721 0.142547 0.015176 -0.032012 -0.108875 -0.032012 0.015176 0.000000 
5.000000e-01 5.000000e-01 2.284397e-01 5.000000e-01 5.000000e-01 4.674880e-01 -0.156880 0.028306 0.033317 0.033635 0.033317 0.028306 0.156880 0.017706 -0.034332 -0.123629 -0.034332 0.017706 0.000000 
5.000000e-01 5.000000e-01 2.153805e-01 5.000000e-01 5.000000e-01 4.762906e-01 -0.171227 0.030893 0.036364 0.036713 0.036364 0.030893 0.171227 0.020493 -0.036282 -0.139649 -0.036282 0.020493 0.000000 
5.000000e-01 5.000000e-01 2.022905e-01 5.000000e-01 5.000000e-01 4.850828e-01 -0.185588 0.033482 0.039414 0.039795 0.039414 0.033482 0.185588 0.023521 -0.037810 -0.157012 -0.037810 0.023521 0.000000 
5.000000e-01 5.000000e-01 1.891699e-01 5.000000e-01 5.000000e-01 4.938646e-01 -0.199964 0.036073 0.042468 0.042881 0.042468 0.036073 0.199963 0.026818 -0.038793 -0.176013 -0.038793 0.026818 0.000000 
5.000000e-01 5.000000e-01 1.760185e-01 5.000000e-01 5.000000e-01 5.026358e-01 -0.214353 0.038666 0.045525 0.045971 0.045525 0.038666 0.214353 0.030417 -0.039042 -0.197105 -0.039042 0.030417 0.000000 
5.000000e-01 5.000000e-01 1.628364e-01 5.000000e-01 5.000000e-01 5.113964e-01 -0.228758 0.041260 0.048586 0.049066 0.048586 0.041260 0.228758 0.034286 -0.038494 -0.220342 -0.038494 0.034286 0.000000 
5.000000e-01 5.000000e-01 1.496234e-01 5.000000e-01 5.000000e-01 5.201462e-01 -0.243178 0.043856 0.051650 0.052165 0.051650 0.043856 0.243178 0.038436 -0.036964 -0.246122 -0.036964 0.038436 0.000000 
5.000000e-01 5.000000e-01 1.363790e-01 5.000000e-01 5.000000e-01 5.288853e-01 -0.257617 0.046454 0.054719 0.055270 0.054719 0.046454 0.257617 0.042907 -0.034050 -0.275332 -0.034050 0.042907 0.000000 
5.000000e-01 5.000000e-01 1.231028e-01 5.000000e-01 5.000000e-01 5.376134e-01 -0.272075 0.049055 0.057792 0.058382 0.057792 0.049055 0.272075 0.047653 -0.029695 -0.307990 -0.029695 0.047653 0.000000 
5.000000e-01 5.000000e-01 1.097936e-01 5.000000e-01 5.000000e-01 5.463306e-01 -0.286556 0.051658 0.060870 0.061500 0.060870 0.051658 0.286556 0.052673 -0.023617 -0.344668 -0.023617 0.052673 0.000000 
5.000000e-01 5.000000e-01 9.645016e-02 5.000000e-01 5.000000e-01 5.550366e-01 -0.301066 0.054264 0.063955 0.064627 0.063955 0.054264 0.301066 0.058009 -0.015126 -0.386831 -0.015126 0.058009 0.000000 
5.000000e-01 5.000000e-01 8.307066e-02 5.000000e-01 5.000000e-01 5.637315e-01 -0.315610 0.056876 0.067048 0.067763 0.067048 0.056876 0.315610 0.063597 -0.004245 -0.434314 -0.004245 0.063597 0.000000 
5.000000e-01 5.000000e-01 6.965285e-02 5.000000e-01 5.000000e-01 5.724150e-01 -0.330195 0.059492 0.070150 0.070910 0.070150 0.059492 0.330195 0.069430 0.009383 -0.487822 0.009383 0.069430 0.000000 
5.000000e-01 5.000000e-01 5.619441e-02 5.000000e-01 5.000000e-01 5.810871e-01 -0.344832 0.062117 0.073264 0.074071 0.073264 0.062117 0.344832 0.075527 0.026507 -0.548901 0.026507 0.075527 0.000000 
5.000000e-01 5.000000e-01 4.269342e-02 5.000000e-01 5.000000e-01 5.897478e-01 -0.359526 0.064750 0.076390 0.077246 0.076390 0.064750 0.359525 0.081820 0.046712 -0.616590 0.046712 0.081820 0.000000 
5.000000e-01 5.000000e-01 2.914942e-02 5.000000e-01 5.000000e-01 5.983969e-01 -0.374278 0.067390 0.079530 0.080438 0.079530 0.067390 0.374278 0.088289 0.069992 -0.690840 0.069992 0.088289 0.000000 
5.000000e-01 5.000000e-01 1.556446e-02 5.000000e-01 5.000000e-01 6.070342e-01 -0.389089 0.070040 0.082682 0.083645 0.082682 0.070040 0.389089 0.094904 0.096041 -0.770979 0.096041 0.094904 0.000000 
5.000000e-01 5.000000e-01 4.999754e-03 5.000000e-01 5.000000e-01 6.156597e-01 -0.401875 0.072318 0.085407 0.086426 0.085407 0.072318 0.401875 0.099927 0.117026 -0.835781 0.117026 0.099927 0.000000 
5.000000e-01 5.000000e-01 4.999754e-03 5.000000e-01 5.000000e-01 6.242734e-01 -0.407529 0.073296 0.086621 0.087695 0.086621 0.073296 0.407529 0.099200 0.115741 -0.837411 0.115741 0.099200 0.000000 
5.000000e-01 5.000000e-01 4.999754e-03 5.000000e-01 5.000000e-01 6.328750e-01 -0.413176 0.074271 0.087834 0.088967 0.087834 0.074271 0.413176 0.098458 0.114461 -0.839015 0.114461 0.098458 0.000000 
5.000000e-01 5.000000e-01 4.999754e-03 5.000000e-01 5.000000e-01 6.414644e-01 -0.418814 0.075241 0.089046 0.090240 0.089046 0.075241 0.418814 0.097703 0.113188 -0.840596 0.113188 0.097703 0.000000 
5.000000e-01 5.000000e-01 4.999754e-03 5.000000e-01 5.000000e-01 6.500417e-01 -0.424445 0.076206 0.090258 0.091517 0.090258 0.076206 0.424445 0.096935 0.111920 -0.842154 0.111920 0.096935 0.000000 
5.000000e-01 5.000000e-01 4.999754e-03 5.000000e-01 5.000000e-01 6.586065e-01 -0.430067 0.077166 0.091469 0.092797 0.091469 0.077166 0.430067 0.096152 0.110657 -0.843686 0.110657 0.096152 0.000000 
5.000000e-01 5.000000e-01 4.999754e-03 5.000000e-01 5.000000e-01 6.671589e-01 -0.435681 0.078122 0.092679 0.094079 0.092679 0.078122 0.435681 0.095358 0.109400 -0.845199 0.109400 0.095358 0.000000 
5.000000e-01 5.000000e-01 4.999754e-03 5.000000e-01 5.000000e-01 6.756988e-01 -0.441287 0.079072 0.093889 0.095366 0.093889 0.079072 0.441287 0.094554 0.108148 -0.846692 0.108148 0.094554 0.000000 
5.000000e-01 5.000000e-01 4.999754e-03 5.000000e-01 5.000000e-01 6.842259e-01 -0.446885 0.080017 0.095098 0.096655 0.095098 0.080017 0.446885 0.093740 0.106901 -0.848167 0.106901 0.093740 0.000000 
5.000000e-01 5.000000e-01 4.999754e-03 5.000000e-01 5.000000e-01 6.927402e-01 -0.452474 0.080956 0.096306 0.097948 0.096306 0.080956 0.452474 0.092917 0.105658 -0.849625 0.105658 0.092917 0.000000 
5.000000e-01 5.000000e-01 4.999754e-03 5.000000e-01 5.000000e-01 7.012415e-01 -0.458054 0.081890 0.097514 0.099245 0.097514 0.081890 0.458054 0.092085 0.104421 -0.851067 0.104421 0.092085 0.000000 
5.000000e-01 5.000000e-01 4.999754e-03 5.000000e-01 5.000000e-01 7.097298e-01 -0.463627 0.082818 0.098722 0.100547 0.098722 0.082818 0.463626 0.091245 0.103187 -0.852492 0.103187 0.091245 0.000000 
5.000000e-01 5.000000e-01 4.999754e-03 5.000000e-01 5.000000e-01 7.182049e-01 -0.469190 0.083739 0.099929 0.101854 0.099929 0.083739 0.469190 0.090396 0.101959 -0.853901 0.101959 0.090396 0.000000 
5.000000e-01 5.000000e-01 4.999754e-03 5.000000e-01 5.000000e-01 7.266667e-01 -0.474745 0.084653 0.101136 0.103166 0.101136 0.084653 0.474745 0.089540 0.100735 -0.855295 0.100735 0.089540 0.000000 
5.000000e-01 5.000000e-01 4.999754e-03 5.000000e-01 5.000000e-01 7.351151e-01 -0.480291 0.085561 0.102342 0.104483 0.102342 0.085561 0.480291 0.088677 0.099515 -0.856676 0.099515 0.088677 0.000000 
5.000000e-01 5.000000e-01 4.999754e-03 5.000000e-01 5.000000e-01 7.435499e-01 -0.485828 0.086462 0.103549 0.105806 0.103549 0.086462 0.485828 0.087809 0.098300 -0.858045 0.098300 0.087809 0.000000 
5.000000e-01 5.000000e-01 4.999754e-03 5.000000e-01 5.000000e-01 7.519710e-01 -0.491356 0.087356 0.104755 0.107134 0.104755 0.087356 0.491356 0.086935 0.097088 -0.859401 0.097088 0.086935 0.000000 
5.000000e-01 5.000000e-01 4.999754e-03 5.000000e-01 5.000000e-01 7.603783e-01 -0.496875 0.088242 0.105960 0.108469 0.105960 0.088242 0.496875 0.086055 0.095880 -0.860745 0.095880 0.086055 0.000000 
5.000000e-01 5.000000e-01 4.999754e-03 5.000000e-01 5.000000e-01 7.687716e-01 -0.502384 0.089120 0.107166 0.109812 0.107166 0.089120 0.502384 0.085170 0.094676 -0.862077 0.094676 0.085170 0.000000 
5.000000e-01 5.000000e-01 4.999754e-03 5.000000e-01 5.000000e-01 7.771508e-01 -0.507885 0.089989 0.108372 0.111162 0.108372 0.089989 0.507885 0.084280 0.093477 -0.863398 0.093477 0.084280 0.000000 
5.000000e-01 5.000000e-01 4.999754e-03 5.000000e-01 5.000000e-01 7.855158e-01 -0.513376 0.090850 0.109578 0.112520 0.109578 0.090850 0.513376 0.083386 0.092281 -0.864709 0.092281 0.083386 0.000000 
5.000000e-01 5.000000e-01 4.999754e-03 5.000000e-01 5.000000e-01 7.938665e-01 -0.518858 0.091702 0.110784 0.113886 0.110784 0.091702 0.518858 0.082488 0.091088 -0.866011 0.091088 0.082488 0.000000 
5.000000e-01 5.000000e-01 4.999754e-03 5.000000e-01 5.000000e-01 8.022026e-01 -0.524330 0.092545 0.111990 0.115261 0.111990 0.092545 0.524330 0.081587 0.089899 -0.867303 0.089899 0.081587 0.000000 
5.000000e-01 5.000000e-01 4.999754e-03 5.000000e-01 5.000000e-01 8.105240e-01 -0.529793 0.093378 0.113196 0.116644 0.113196 0.093378 0.529793 0.080683 0.088714 -0.868586 0.088714 0.080683 0.000000 
5.000000e-01 5.000000e-01 4.999754e-03 5.000000e-01 5.000000e-01 8.188307e-01 -0.535246 0.094200 0.114403 0.118039 0.114403 0.094200 0.535245 0.079775 0.087532 -0.869860 0.087532 0.079775 0.000000 
5.000000e-01 5.000000e-01 4.999754e-03 5.000000e-01 5.000000e-01 8.271224e-01 -0.540689 0.095011 0.115610 0.119445 0.115610 0.095011 0.540688 0.078864 0.086354 -0.871125 0.086354 0.078864 0.000000 
5.000000e-01 5.000000e-01 4.999754e-03 5.000000e-01 5.000000e-01 8.353990e-01 -0.546122 0.095812 0.116818 0.120862 0.116818 0.095812 0.546122 0.077951 0.085179 -0.872382 0.085179 0.077951 0.000000 
5.000000e-01 5.000000e-01 4.999754e-03 5.000000e-01 5.000000e-01 8.436604e-01 -0.551545 0.096601 0.118026 0.122290 0.118026 0.096601 0.551545 0.077035 0.084008 -0.873632 0.084008 0.077035 0.000000 
5.000000e-01 5.000000e-01 4.999754e-03 5.000000e-01 5.000000e-01 8.519063e-01 -0.556958 0.097379 0.119235 0.123730 0.119235 0.097379 0.556958 0.076118 0.082840 -0.874874 0.082840 0.076118 0.000000 
5.000000e-01 5.000000e-01 4.999754e-03 5.000000e-01 5.000000e-01 8.601367e-01 -0.562361 0.098145 0.120444 0.125183 0.120444 0.098145 0.562360 0.075200 0.081675 -0.876109 0.081675 0.075200 0.000000 
5.000000e-01 5.000000e-01 4.999754e-03 5.000000e-01 5.000000e-01 8.683514e-01 -0.567753 0.098896 0.121654 0.126653 0.121654 0.098896 0.567753 0.074279 0.080513 -0.877337 0.080513 0.074279 0.000000 
5.000000e-01 5.000000e-01 4.999754e-03 5.000000e-01 5.000000e-01 8.765502e-01 -0.573135 0.099633 0.122866 0.128137 0.122866 0.099633 0.573135 0.073357 0.079355 -0.878558 0.079355 0.073357 0.000000 
5.000000e-01 5.000000e-01 4.999754e-03 5.000000e-01 5.000000e-01 8.847329e-01 -0.578506 0.100356 0.124078 0.129637 0.124078 0.100356 0.578506 0.072433 0.078200 -0.879773 0.078200 0.072433 0.000000 
5.000000e-01 5.000000e-01 4.999754e-03 5.000000e-01 5.000000e-01 8.928995e-01 -0.583867 0.101066 0.125291 0.131152 0.125291 0.101066 0.583867 0.071509 0.077047 -0.880981 0.077047 0.071509 0.000000 
5.000000e-01 5.000000e-01 4.999754e-03 5.000000e-01 5.000000e-01 9.010496e-01 -0.589217 0.101761 0.126506 0.132684 0.126506 0.101761 0.589217 0.070585 0.075898 -0.882184 0.075898 0.070585 0.000000 
5.000000e-01 5.000000e-01 4.999754e-03 5.000000e-01 5.000000e-01 9.091833e-01 -0.594557 0.102439 0.127721 0.134236 0.127721 0.102439 0.594556 0.069659 0.074753 -0.883381 0.074753 0.069659 0.000000 
5.000000e-01 5.000000e-01 4.999754e-03 5.000000e-01 5.000000e-01 9.173002e-01 -0.599885 0.103098 0.128939 0.135811 0.128939 0.103098 0.599885 0.068733 0.073610 -0.884571 0.073610 0.068733 0.000000 
5.000000e-01 5.000000e-01 4.999754e-03 5.000000e-01 5.000000e-01 9.254002e-01 -0.605202 0.103741 0.130157 0.137405 0.130157 0.103741 0.605202 0.067807 0.072470 -0.885756 0.072470 0.067807 0.000000 
5.000000e-01 5.000000e-01 4.999754e-03 5.000000e-01 5.000000e-01 9.334831e-01 -0.610508 0.104366 0.131377 0.139020 0.131377 0.104366 0.610507 0.066880 0.071334 -0.886936 0.071334 0.066880 0.000000 
5.000000e-01 5.000000e-01 4.999754e-03 5.000000e-01 5.000000e-01 9.415488e-01 -0.615802 0.104974 0.132598 0.140657 0.132598 0.104974 0.615802 0.065954 0.070200 -0.888111 0.070200 0.065954 0.000000 
5.000000e-01 5.000000e-01 4.999754e-03 5.000000e-01 5.000000e-01 9.495971e-01 -0.621085 0.105563 0.133821 0.142318 0.133821 0.105563 0.621085 0.065028 0.069070 -0.889280 0.069070 0.065028 0.000000 
5.000000e-01 5.000000e-01 4.999754e-03 5.000000e-01 5.000000e-01 9.576277e-01 -0.626357 0.106127 0.135046 0.144010 0.135046 0.106127 0.626356 0.064101 0.067942 -0.890444 0.067942 0.064101 0.000000 
5.000000e-01 5.000000e-01 4.999754e-03 5.000000e-01 5.000000e-01 9.656405e-01 -0.631616 0.106671 0.136273 0.145728 0.136273 0.106671 0.631616 0.063175 0.066818 -0.891603 0.066818 0.063175 0.000000 
5.000000e-01 5.000000e-01 4.999754e-03 5.000000e-01 5.000000e-01 9.736354e-01 -0.636864 0.107194 0.137501 0.147474 0.137501 0.107194 0.636864 0.062250 0.065697 -0.892758 0.065697 0.062250 0.000000 
5.000000e-01 5.000000e-01 4.999754e-03 5.000000e-01 5.000000e-01 9.816120e-01 -0.642100 0.107696 0.138731 0.149247 0.138731 0.107696 0.642100 0.061325 0.064578 -0.893908 0.064578 0.061325 0.000000 
5.000000e-01 5.000000e-01 4.999754e-03 5.000000e-01 5.000000e-01 9.895702e-01 -0.647324 0.108174 0.139962 0.151052 0.139962 0.108174 0.647324 0.060401 0.063463 -0.895053 0.063463 0.060401 0.000000 
5.000000e-01 5.000000e-01 4.999754e-03 5.000000e-01 5.000000e-01 9.975099e-01 -0.652536 0.108622 0.141196 0.152899 0.141196 0.108622 0.652535 0.059478 0.062351 -0.896193 0.062351 0.059478 0.000000 
5.000000e-01 5.000000e-01 4.999754e-03 5.000000e-01 5.000000e-01 1.005431e+00 -0.657735 0.109046 0.142432 0.154779 0.142432 0.109046 0.657735 0.058555 0.061242 -0.897329 0.061242 0.058555 0.000000 
5.000000e-01 5.000000e-01 4.999754e-03 5.000000e-01 5.000000e-01 1.013333e+00 -0.662921 0.109445 0.143669 0.156694 0.143669 0.109445 0.662921 0.057634 0.060136 -0.898461 0.060136 0.057634 0.000000 
5.000000e-01 5.000000e-01 4.999754e-03 5.000000e-01 5.000000e-01 1.021215e+00 -0.668096 0.109817 0.144907 0.158646 0.144907 0.109817 0.668095 0.056714 0.059033 -0.899589 0.059033 0.056714 0.000000 
5.000000e-01 5.000000e-01 4.999754e-03 5.000000e-01 5.000000e-01 1.029078e+00 -0.673257 0.110159 0.146147 0.160643 0.146147 0.110159 0.673257 0.055795 0.057933 -0.900712 0.057933 0.055795 0.000000 
5.000000e-01 5.000000e-01 4.999754e-03 5.000000e-01 5.000000e-01 1.036922e+00 -0.678405 0.110467 0.147390 0.162691 0.147390 0.110467 0.678405 0.054877 0.056836 -0.901831 0.056836 0.054877 0.000000 
5.000000e-01 5.000000e-01 4.999754e-03 5.000000e-01 5.000000e-01 1.044746e+00 -0.683540 0.110746 0.148633 0.164782 0.148633 0.110746 0.683540 0.053960 0.055742 -0.902945 0.055742 0.053960 0.000000 
5.000000e-01 5.000000e-01 4.999754e-03 5.000000e-01 5.000000e-01 1.052549e+00 -0.688662 0.110995 0.149877 0.166918 0.149877 0.110995 0.688662 0.053045 0.054652 -0.904056 0.054652 0.053045 0.000000 
5.000000e-01 5.000000e-01 4.999754e-03 5.000000e-01 5.000000e-01 1.060332e+00 -0.693771 0.111213 0.151122 0.169101 0.151122 0.111213 0.693771 0.052132 0.053564 -0.905162 0.053564 0.052132 0.000000 
5.000000e-01 5.000000e-01 4.999754e-03 5.000000e-01 5.000000e-01 1.068095e+00 -0.698866 0.111388 0.152368 0.171353 0.152368 0.111388 0.698866 0.051220 0.052480 -0.906265 0.052480 0.051220 0.000000 
5.000000e-01 5.000000e-01 4.999754e-03 5.000000e-01 5.000000e-01 1.075837e+00 -0.703948 0.111528 0.153615 0.173662 0.153615 0.111528 0.703948 0.050309 0.051398 -0.907363 0.051398 0.050309 0.000000 
5.000000e-01 5.000000e-01 4.999754e-03 5.000000e-01 5.000000e-01 1.083558e+00 -0.709015 0.111633 0.154861 0.176027 0.154861 0.111633 0.709015 0.049401 0.050320 -0.908457 0.050320 0.049401 0.000000 
5.000000e-01 5.000000e-01 4.999754e-03 5.000000e-01 5.000000e-01 1.091258e+00 -0.714069 0.111703 0.156106 0.178450 0.156106 0.111703 0.714069 0.048494 0.049245 -0.909548 0.049245 0.048494 0.000000 
5.000000e-01 5.000000e-01 4.999754e-03 5.000000e-01 5.000000e-01 1.098936e+00 -0.719109 0.111729 0.157351 0.180947 0.157351 0.111729 0.719108 0.047589 0.048174 -0.910634 0.048174 0.047589 0.000000 
5.000000e-01 5.000000e-01 4.999754e-03 5.000000e-01 5.000000e-01 1.106592e+00 -0.724134 0.111709 0.158594 0.183527 0.158594 0.111709 0.724134 0.046686 0.047105 -0.911716 0.047105 0.046686 0.000000 
5.000000e-01 5.000000e-01 4.999754e-03 5.000000e-01 5.000000e-01 1.114227e+00 -0.729144 0.111649 0.159835 0.186175 0.159835 0.111649 0.729144 0.045785 0.046040 -0.912795 0.046040 0.045785 0.000000 
5.000000e-01 5.000000e-01 4.999754e-03 5.000000e-01 5.000000e-01 1.121839e+00 -0.734140 0.111550 0.161072 0.188896 0.161072 0.111550 0.734140 0.044886 0.044979 -0.913869 0.044979 0.044886 0.000000 
5.000000e-01 5.000000e-01 4.999754e-03 5.000000e-01 5.000000e-01 1.129429e+00 -0.739122 0.111405 0.162306 0.191699 0.162306 0.111405 0.739121 0.043989 0.043920 -0.914940 0.043920 0.043989 0.000000 
5.000000e-01 5.000000e-01 4.999754e-03 5.000000e-01 5.000000e-01 1.136995e+00 -0.744088 0.111203 0.163534 0.194614 0.163534 0.111203 0.744088 0.043094 0.042865 -0.916007 0.042865 0.043094 0.000000 
5.000000e-01 5.000000e-01 4.999754e-03 5.000000e-01 5.000000e-01 1.144539e+00 -0.749039 0.110956 0.164756 0.197615 0.164756 0.110956 0.749039 0.042202 0.041813 -0.917069 0.041813 0.042202 0.000000 
5.000000e-01 5.000000e-01 4.999754e-03 5.000000e-01 5.000000e-01 1.152060e+00 -0.753974 0.110664 0.165971 0.200705 0.165971 0.110664 0.753974 0.041312 0.040765 -0.918128 0.040765 0.041312 0.000000 
5.000000e-01 5.000000e-01 4.999754e-03 5.000000e-01 5.000000e-01 1.159556e+00 -0.758894 0.110323 0.167177 0.203894 0.167177 0.110323 0.758894 0.040424 0.039720 -0.919183 0.039720 0.040424 0.000000 
5.000000e-01 5.000000e-01 4.999754e-03 5.000000e-01 5.000000e-01 1.167029e+00 -0.763799 0.109915 0.168371 0.207228 0.168371 0.109915 0.763799 0.039539 0.038679 -0.920234 0.038679 0.039539 0.000000 
5.000000e-01 5.000000e-01 4.999754e-03 5.000000e-01 5.000000e-01 1.174478e+00 -0.768687 0.109458 0.169552 0.210667 0.169552 0.109458 0.768687 0.038656 0.037641 -0.921281 0.037641 0.038656 0.000000 
5.000000e-01 5.000000e-01 4.999754e-03 5.000000e-01 5.000000e-01 1.181903e+00 -0.773559 0.108951 0.170721 0.214215 0.170721 0.108951 0.773559 0.037776 0.036606 -0.922325 0.036606 0.037776 0.000000 
5.000000e-01 5.000000e-01 4.999754e-03 5.000000e-01 5.000000e-01 1.189302e+00 -0.778415 0.108387 0.171873 0.217895 0.171873 0.108387 0.778415 0.036899 0.035575 -0.923364 0.035575 0.036899 0.000000 
5.000000e-01 5.000000e-01 4.999754e-03 5.000000e-01 5.000000e-01 1.196676e+00 -0.783255 0.107750 0.173002 0.221750 0.173002 0.107750 0.783255 0.036024 0.034548 -0.924399 0.034548 0.036024 0.000000 
5.000000e-01 5.000000e-01 4.999754e-03 5.000000e-01 5.000000e-01 1.204026e+00 -0.788078 0.107060 0.174110 0.225737 0.174110 0.107060 0.788078 0.035151 0.033525 -0.925430 0.033525 0.035151 0.000000 
5.000000e-01 5.000000e-01 4.999754e-03 5.000000e-01 5.000000e-01 1.211349e+00 -0.792883 0.106317 0.175196 0.229858 0.175196 0.106317 0.792883 0.034282 0.032505 -0.926457 0.032505 0.034282 0.000000 
5.000000e-01 5.000000e-01 4.999754e-03 5.000000e-01 5.000000e-01 1.218646e+00 -0.797672 0.105502 0.176251 0.234165 0.176251 0.105502 0.797672 0.033415 0.031489 -0.927480 0.031489 0.033415 0.000000 
5.000000e-01 5.000000e-01 4.999754e-03 5.000000e-01 5.000000e-01 1.225917e+00 -0.802444 0.104615 0.177269 0.238675 0.177269 0.104615 0.802443 0.032551 0.030476 -0.928499 0.030476 0.032551 0.000000 
5.000000e-01 5.000000e-01 4.999754e-03 5.000000e-01 5.000000e-01 1.233162e+00 -0.807197 0.103672 0.178254 0.243347 0.178254 0.103672 0.807197 0.031691 0.029468 -0.929514 0.029468 0.031691 0.000000 
5.000000e-01 5.000000e-01 4.999754e-03 5.000000e-01 5.000000e-01 1.240379e+00 -0.811934 0.102672 0.179203 0.248183 0.179203 0.102672 0.811934 0.030833 0.028463 -0.930525 0.028463 0.030833 0.000000 
5.000000e-01 5.000000e-01 4.999754e-03 5.000000e-01 5.000000e-01 1.247569e+00 -0.816652 0.101580 0.180093 0.253305 0.180093 0.101580 0.816652 0.029978 0.027462 -0.931532 0.027462 0.029978 0.000000 
5.000000e-01 5.000000e-01 4.999754e-03 5.000000e-01 5.000000e-01 1.254732e+00 -0.821352 0.100425 0.180932 0.258638 0.180932 0.100425 0.821352 0.029126 0.026465 -0.932534 0.026465 0.029126 0.000000 
5.000000e-01 5.000000e-01 4.999754e-03 5.000000e-01 5.000000e-01 1.261866e+00 -0.826033 0.099211 0.181720 0.264170 0.181720 0.099211 0.826033 0.028277 0.025472 -0.933533 0.025472 0.028277 0.000000 
5.000000e-01 5.000000e-01 4.999754e-03 5.000000e-01 5.000000e-01 1.268973e+00 -0.830696 0.097924 0.182443 0.269963 0.182443 0.097924 0.830696 0.027432 0.024483 -0.934527 0.024483 0.027432 0.000000 
5.000000e-01 5.000000e-01 4.999754e-03 5.000000e-01 5.000000e-01 1.276050e+00 -0.835340 0.096548 0.183076 0.276093 0.183076 0.096548 0.835340 0.026590 0.023498 -0.935517 0.023498 0.026590 0.000000 
5.000000e-01 5.000000e-01 4.999754e-03 5.000000e-01 5.000000e-01 1.283098e+00 -0.839965 0.095112 0.183639 0.282463 0.183639 0.095112 0.839965 0.025751 0.022518 -0.936502 0.022518 0.025751 0.000000 
5.000000e-01 5.000000e-01 4.999754e-03 5.000000e-01 5.000000e-01 1.290117e+00 -0.844571 0.093618 0.184131 0.289074 0.184131 0.093618 0.844571 0.024915 0.021541 -0.937484 0.021541 0.024915 0.000000 
5.000000e-01 5.000000e-01 4.999754e-03 5.000000e-01 5.000000e-01 1.297106e+00 -0.849157 0.092017 0.184482 0.296159 0.184482 0.092017 0.849157 0.024083 0.020568 -0.938461 0.020568 0.024083 0.000000 
5.000000e-01 5.000000e-01 4.999754e-03 5.000000e-01 5.000000e-01 1.304065e+00 -0.853724 0.090355 0.184735 0.303544 0.184735 0.090355 0.853724 0.023254 0.019600 -0.939433 0.019600 0.023254 0.000000 
5.000000e-01 5.000000e-01 4.999754e-03 5.000000e-01 5.000000e-01 1.310994e+00 -0.858270 0.088634 0.184891 0.311219 0.184891 0.088634 0.858270 0.022429 0.018636 -0.940401 0.018636 0.022429 0.000000 
5.000000e-01 5.000000e-01 4.999754e-03 5.000000e-01 5.000000e-01 1.317891e+00 -0.862797 0.086820 0.184881 0.319393 0.184881 0.086820 0.862797 0.021607 0.017677 -0.941365 0.017677 0.021607 0.000000 
5.000000e-01 5.000000e-01 4.999754e-03 5.000000e-01 5.000000e-01 1.324757e+00 -0.867303 0.084931 0.184716 0.328008 0.184716 0.084931 0.867303 0.020789 0.016721 -0.942324 0.016721 0.020789 0.000000 
5.000000e-01 5.000000e-01 4.999754e-03 5.000000e-01 5.000000e-01 1.331592e+00 -0.871788 0.082986 0.184421 0.336974 0.184421 0.082986 0.871788 0.019975 0.015770 -0.943279 0.015770 0.019975 0.000000 
5.000000e-01 5.000000e-01 4.999754e-03 5.000000e-01 5.000000e-01 1.338394e+00 -0.876253 0.080958 0.183927 0.346482 0.183927 0.080958 0.876253 0.019164 0.014824 -0.944229 0.014824 0.019164 0.000000 
5.000000e-01 5.000000e-01 4.999754e-03 5.000000e-01 5.000000e-01 1.345164e+00 -0.880697 0.078847 0.183204 0.356594 0.183204 0.078847 0.880697 0.018357 0.013882 -0.945174 0.013882 0.018357 0.000000 
5.000000e-01 5.000000e-01 4.999754e-03 5.000000e-01 5.000000e-01 1.351901e+00 -0.885119 0.076683 0.182314 0.367124 0.182314 0.076683 0.885119 0.017553 0.012944 -0.946115 0.012944 0.017553 0.000000 
5.000000e-01 5.000000e-01 4.999754e-03 5.000000e-01 5.000000e-01 1.358604e+00 -0.889521 0.074444 0.181177 0.378278 0.181177 0.074444 0.889521 0.016754 0.012011 -0.947051 0.012011 0.016754 0.000000 
5.000000e-01 5.000000e-01 4.999754e-03 5.000000e-01 5.000000e-01 1.365274e+00 -0.893901 0.072121 0.179726 0.390207 0.179726 0.072121 0.893901 0.015958 0.011083 -0.947982 0.011083 0.015958 0.000000 
5.000000e-01 5.000000e-01 4.999754e-03 5.000000e-01 5.000000e-01 1.371910e+00 -0.898259 0.069751 0.178064 0.402629 0.178064 0.069751 0.898259 0.015166 0.010159 -0.948909 0.010159 0.015166 0.000000 
5.000000e-01 5.000000e-01 4.999754e-03 5.000000e-01 5.000000e-01 1.378511e+00 -0.902596 0.067309 0.176080 0.415817 0.176080 0.067309 0.902596 0.014378 0.009240 -0.949831 0.009240 0.014378 0.000000 
5.000000e-01 5.000000e-01 4.999754e-03 5.000000e-01 5.000000e-01 1.385078e+00 -0.906912 0.064791 0.173696 0.429939 0.173696 0.064791 0.906912 0.013593 0.008325 -0.950749 0.008325 0.013593 0.000000 
5.000000e-01 5.000000e-01 4.999754e-03 5.000000e-01 5.000000e-01 1.391609e+00 -0.911205 0.062231 0.171054 0.444634 0.171054 0.062231 0.911205 0.012813 0.007415 -0.951662 0.007415 0.012813 0.000000 
5.000000e-01 5.000000e-01 4.999754e-03 5.000000e-01 5.000000e-01 1.398105e+00 -0.915478 0.059600 0.167972 0.460332 0.167972 0.059600 0.915478 0.012036 0.006510 -0.952570 0.006510 0.012036 0.000000 
5.000000e-01 5.000000e-01 4.999754e-03 5.000000e-01 5.000000e-01 1.404565e+00 -0.919729 0.056907 0.164423 0.477068 0.164423 0.056907 0.919729 0.011263 0.005609 -0.953474 0.005609 0.011263 0.000000 
5.000000e-01 5.000000e-01 4.999754e-03 5.000000e-01 5.000000e-01 1.410989e+00 -0.923958 0.054180 0.160575 0.494447 0.160575 0.054180 0.923958 0.010495 0.004713 -0.954372 0.004713 0.010495 0.000000 
5.000000e-01 5.000000e-01 4.999754e-03 5.000000e-01 5.000000e-01 1.417376e+00 -0.928167 0.051380 0.156100 0.513208 0.156100 0.051380 0.928167 0.009729 0.003821 -0.955267 0.003821 0.009729 0.000000 
5.000000e-01 5.000000e-01 4.999754e-03 5.000000e-01 5.000000e-01 1.423727e+00 -0.932355 0.048537 0.151148 0.532986 0.151148 0.048537 0.932355 0.008968 0.002933 -0.956157 0.002933 0.008968 0.000000 
5.000000e-01 5.000000e-01 4.999754e-03 5.000000e-01 5.000000e-01 1.430040e+00 -0.936521 0.045668 0.145867 0.553450 0.145867 0.045668 0.936521 0.008210 0.002050 -0.957042 0.002050 0.008210 0.000000 
5.000000e-01 5.000000e-01 4.999754e-03 5.000000e-01 5.000000e-01 1.436317e+00 -0.940670 0.042722 0.139687 0.575850 0.139687 0.042722 0.940669 0.007456 0.001171 -0.957924 0.001171 0.007456 0.000000 
5.000000e-01 5.000000e-01 4.999754e-03 5.000000e-01 5.000000e-01 1.442556e+00 -0.944797 0.039758 0.133129 0.599023 0.133129 0.039758 0.944797 0.006705 0.000296 -0.958801 0.000296 0.006705 0.000000 
5.000000e-01 5.000000e-01 4.999754e-03 5.000000e-01 5.000000e-01 1.448757e+00 -0.948905 0.036759 0.126016 0.623355 0.126016 0.036759 0.948905 0.005958 -0.000574 -0.959673 -0.000574 0.005958 0.000000 
5.000000e-01 5.000000e-01 4.999754e-03 5.000000e-01 5.000000e-01 1.454920e+00 -0.952996 0.033713 0.118096 0.649377 0.118096 0.033713 0.952996 0.005214 -0.001441 -0.960542 -0.001441 0.005214 0.000000 
5.000000e-01 5.000000e-01 4.999754e-03 5.000000e-01 5.000000e-01 1.461046e+00 -0.957066 0.030657 0.109825 0.676102 0.109825 0.030657 0.957066 0.004474 -0.002304 -0.961407 -0.002304 0.004474 0.000000 
5.000000e-01 5.000000e-01 4.999754e-03 5.000000e-01 5.000000e-01 1.467133e+00 -0.961121 0.027558 0.100706 0.704593 0.100706 0.027558 0.961121 0.003737 -0.003163 -0.962268 -0.003163 0.003737 0.000000 
5.000000e-01 5.000000e-01 4.999754e-03 5.000000e-01 5.000000e-01 1.473182e+00 -0.965156 0.024445 0.091083 0.734101 0.091083 0.024445 0.965156 0.003003 -0.004018 -0.963126 -0.004018 0.003003 0.000000 
5.000000e-01 5.000000e-01 4.999754e-03 5.000000e-01 5.000000e-01 1.479192e+00 -0.969172 0.021321 0.081019 0.764494 0.081019 0.021321 0.969172 0.002272 -0.004869 -0.963979 -0.004869 0.002272 0.000000 
5.000000e-01 5.000000e-01 4.999754e-03 5.000000e-01 5.000000e-01 1.485163e+00 -0.973173 0.018169 0.070171 0.796492 0.070171 0.018169 0.973173 0.001545 -0.005717 -0.964829 -0.005717 0.001545 0.000000 
5.000000e-01 5.000000e-01 4.999754e-03 5.000000e-01 5.000000e-01 1.491094e+00 -0.977151 0.015023 0.059111 0.828883 0.059111 0.015023 0.977151 0.000821 -0.006560 -0.965674 -0.006560 0.000821 0.000000 
5.000000e-01 5.000000e-01 4.999754e-03 5.000000e-01 5.000000e-01 1.496985e+00 -0.981112 0.011863 0.047452 0.862481 0.047452 0.011863 0.981112 0.000101 -0.007399 -0.966515 -0.007399 0.000101 0.000000 
5.000000e-01 5.000000e-01 4.999754e-03 5.000000e-01 5.000000e-01 1.502833e+00 -0.985049 0.008711 0.035584 0.896460 0.035584 0.008711 0.985049 -0.000615 -0.008233 -0.967351 -0.008233 -0.000615 0.000000 
5.000000e-01 5.000000e-01 4.999754e-03 5.000000e-01 5.000000e-01 1.508639e+00 -0.988961 0.005566 0.023493 0.930842 0.023493 0.005566 0.988961 -0.001327 -0.009062 -0.968182 -0.009062 -0.001327 0.000000 
5.000000e-01 5.000000e-01 4.999754e-03 5.000000e-01 5.000000e-01 1.514421e+00 -0.992862 0.002423 0.011209 0.965598 0.011209 0.002423 0.992862 -0.002037 -0.009889 -0.969011 -0.009889 -0.002037 0.000000 
5.000000e-01 5.000000e-01 4.999754e-03 5.000000e-01 5.000000e-01 1.515007e+00 -0.993257 0.002104 0.009957 0.969135 0.009957 0.002104 0.993257 -0.002109 -0.009973 -0.969095 -0.009973 -0.002109 0.000000 
5.000000e-01 5.000000e-01 4.999754e-03 5.000000e-01 5.000000e-01 1.515007e+00 -0.993257 0.002104 0.009957 0.969135 0.009957 0.002104 0.993257 -0.002109 -0.009973 -0.969095 -0.009973 -0.002109 0.000000 
5.000000e-01 5.000000e-01 4.999754e-03 5.000000e-01 5.000000e-01 1.515007e+00 -0.993257 0.002104 0.009957 0.969135 0.009957 0.002104 0.993257 -0.002109 -0.009973 -0.969095 -0.009973 -0.002109 0.000000 
5.000000e-01 5.000000e-01 4.999754e-03 5.000000e-01 5.000000e-01 1.515007e+00 -0.993257 0.002104 0.009957 0.969135 0.009957 0.002104 0.993257 -0.002109 -0.009973 -0.969095 -0.009973 -0.002109 0.000000 
5.000000e-01 5.000000e-01 4.999754e-03 5.000000e-01 5.000000e-01 1.515007e+00 -0.993257 0.002104 0.009957 0.969135 0.009957 0.002104 0.993257 -0.002109 -0.009973 -0.969095 -0.009973 -0.002109 0.000000 
5.000000e-01 5.000000e-01 4.999754e-03 5.000000e-01 5.000000e-01 1.515007e+00 -0.993257 0.002104 0.009957 0.969135 0.009957 0.002104 0.993257 -0.002109 -0.009973 -0.969095 -0.009973 -0.002109 0.000000 
5.000000e-01 5.000000e-01 4.999754e-03 5.000000e-01 5.000000e-01 1.515007e+00 -0.993257 0.002104 0.009957 0.969135 0.009957 0.002104 0.993257 -0.002109 -0.009973 -0.969095 -0.009973 -0.002109 0.000000 
5.000000e-01 5.000000e-01 4.999754e-03 5.000000e-01 5.000000e-01 1.515007e+00 -0.993257 0.002104 0.009957 0.969135 0.009957 0.002104 0.993257 -0.002109 -0.009973 -0.969095 -0.009973 -0.002109 0.000000 
5.000000e-01 5.000000e-01 4.999754e-03 5.000000e-01 5.000000e-01 1.515007e+00 -0.993257 0.002104 0.009957 0.969135 0.009957 0.002104 0.993257 -0.002109 -0.009973 -0.969095 -0.009973 -0.002109 0.000000 
5.000000e-01 5.000000e-01 4.999754e-03 5.000000e-01 5.000000e-01 1.515007e+00 -0.993257 0.002104 0.009957 0.969135 0.009957 0.002104 0.993257 -0.002109 -0.009973 -0.969095 -0.009973 -0.002109 0.000000 
5.000000e-01 5.000000e-01 4.999754e-03 5.000000e-01 5.000000e-01 1.515007e+00 -0.993257 0.002104 0.009957 0.969135 0.009957 0.002104 0.993257 -0.002109 -0.009973 -0.969095 -0.009973 -0.002109 0.000000 
5.000000e-01 5.000000e-01 4.999754e-03 5.000000e-01 5.000000e-01 1.515007e+00 -0.993257 0.002104 0.009957 0.969135 0.009957 0.002104 0.993257 -0.002109 -0.009973 -0.969095 -0.009973 -0.002109 0.000000 
5.000000e-01 5.000000e-01 4.999754e-03 5.000000e-01 5.000000e-01 1.515007e+00 -0.993257 0.002104 0.009957 0.969135 0.009957 0.002104 0.993257 -0.002109 -0.009973 -0.969095 -0.009973 -0.002109 0.000000 
5.000000e-01 5.000000e-01 4.999754e-03 5.000000e-01 5.000000e-01 1.515007e+00 -0.993257 0.002104 0.009957 0.969135 0.009957 0.002104 0.993257 -0.002109 -0.009973 -0.969095 -0.009973 -0.002109 0.000000 
5.000000e-01 5.000000e-01 4.999754e-03 5.000000e-01 5.000000e-01 1.515007e+00 -0.993257 0.002104 0.009957 0.969135 0.009957 0.002104 0.993257 -0.002109 -0.009973 -0.969095 -0.009973 -0.002109 0.000000 
5.000000e-01 5.000000e-01 4.999754e-03 5.000000e-01 5.000000e-01 1.515007e+00 -0.993257 0.002104 0.009957 0.969135 0.009957 0.002104 0.993257 -0.002109 -0.009973 -0.969095 -0.009973 -0.002109 0.000000 
5.000000e-01 5.000000e-01 4.999754e-03 5.000000e-01 5.000000e-01 1.515007e+00 -0.993257 0.002104 0.009957 0.969135 0.009957 0.002104 0.993257 -0.002109 -0.009973 -0.969095 -0.009973 -0.002109 0.000000 
5.000000e-01 5.000000e-01 4.999754e-03 5.000000e-01 5.000000e-01 1.515007e+00 -0.993257 0.002104 0.009957 0.969135 0.009957 0.002104 0.993257 -0.002109 -0.009973 -0.969095 -0.009973 -0.002109 0.000000 
5.000000e-01 5.000000e-01 4.999754e-03 5.000000e-01 5.000000e-01 1.515007e+00 -0.993257 0.002104 0.009957 0.969135 0.009957 0.002104 0.993257 -0.002109 -0.009973 -0.969095 -0.009973 -0.002109 0.000000 
5.000000e-01 5.000000e-01 4.999754e-03 5.000000e-01 5.000000e-01 1.515007e+00 -0.993257 0.002104 0.009957 0.969135 0.009957 0.002104 0.993257 -0.002109 -0.009973 -0.969095 -0.009973 -0.002109 0.000000 
5.000000e-01 5.000000e-01 4.999754e-03 5.000000e-01 5.000000e-01 1.515007e+00 -0.993257 0.002104 0.009957 0.969135 0.009957 0.002104 0.993257 -0.002109 -0.009973 -0.969095 -0.009973 -0.002109 0.000000 
5.000000e-01 5.000000e-01 4.999754e-03 5.000000e-01 5.000000e-01 1.515007e+00 -0.993257 0.002104 0.009957 0.969135 0.009957 0.002104 0.993257 -0.002109 -0.009973 -0.969095 -0.009973 -0.002109 0.000000 
5.000000e-01 5.000000e-01 4.999754e-03 5.000000e-01 5.000000e-01 1.515007e+00 -0.993257 0.002104 0.009957 0.969135 0.009957 0.002104 0.993257 -0.002109 -0.009973 -0.969095 -0.009973 -0.002109 0.000000 
5.000000e-01 5.000000e-01 4.999754e-03 5.000000e-01 5.000000e-01 1.515007e+00 -0.993257 0.002104 0.009957 0.969135 0.009957 0.002104 0.993257 -0.002109 -0.009973 -0.969095 -0.009973 -0.002109 0.000000 
5.000000e-01 5.000000e-01 4.999754e-03 5.000000e-01 5.000000e-01 1.515007e+00 -0.993257 0.002104 0.009957 0.969135 0.009957 0.002104 0.993257 -0.002109 -0.009973 -0.969095 -0.009973 -0.002109 0.000000 
5.000000e-01 5.000000e-01 4.999754e-03 5.000000e-01 5.000000e-01 1.515007e+00 -0.993257 0.002104 0.009957 0.969135 0.009957 0.002104 0.993257 -0.002109 -0.009973 -0.969095 -0.009973 -0.002109 0.000000 
5.000000e-01 5.000000e-01 4.999754e-03 5.000000e-01 5.000000e-01 1.515007e+00 -0.993257 0.002104 0.009957 0.969135 0.009957 0.002104 0.993257 -0.002109 -0.009973 -0.969095 -0.009973 -0.002109 0.000000 
5.000000e-01 5.000000e-01 4.999754e-03 5.000000e-01 5.000000e-01 1.515007e+00 -0.993257 0.002104 0.009957 0.969135 0.009957 0.002104 0.993257 -0.002109 -0.009973 -0.969095 -0.009973 -0.002109 0.000000 
5.000000e-01 5.000000e-01 4.999754e-03 5.000000e-01 5.000000e-01 1.515007e+00 -0.993257 0.002104 0.009957 0.969135 0.009957 0.002104 0.993257 -0.002109 -0.009973 -0.969095 -0.009973 -0.002109 0.000000 
5.000000e-01 5.000000e-01 4.999754e-03 5.000000e-01 5.000000e-01 1.515007e+00 -0.993257 0.002104 0.009957 0.969135 0.009957 0.002104 0.993257 -0.002109 -0.009973 -0.969095 -0.009973 -0.002109 0.000000 
5.000000e-01 5.000000e-01 4.999754e-03 5.000000e-01 5.000000e-01 1.515007e+00 -0.993257 0.002104 0.009957 0.969135 0.009957 0.002104 0.993257 -0.002109 -0.009973 -0.969095 -0.009973 -0.002109 0.000000 
5.000000e-01 5.000000e-01 4.999754e-03 5.000000e-01 5.000000e-01 1.515007e+00 -0.993257 0.002104 0.009957 0.969135 0.009957 0.002104 0.993257 -0.002109 -0.009973 -0.969095 -0.009973 -0.002109 0.000000 
5.000000e-01 5.000000e-01 4.999754e-03 5.000000e-01 5.000000e-01 1.515007e+00 -0.993257 0.002104 0.009957 0.969135 0.009957 0.002104 0.993257 -0.002109 -0.009973 -0.969095 -0.009973 -0.002109 0.000000 
5.000000e-01 5.000000e-01 4.999754e-03 5.000000e-01 5.000000e-01 1.515007e+00 -0.993257 0.002104 0.009957 0.969135 0.009957 0.002104 0.993257 -0.002109 -0.009973 -0.969095 -0.009973 -0.002109 0.000000 
5.000000e-01 5.000000e-01 4.999754e-03 5.000000e-01 5.000000e-01 1.515007e+00 -0.993257 0.002104 0.009957 0.969135 0.009957 0.002104 0.993257 -0.002109 -0.009973 -0.969095 -0.009973 -0.002109 0.000000 
5.000000e-01 5.000000e-01 4.999754e-03 5.000000e-01 5.000000e-01 1.515007e+00 -0.993257 0.002104 0.009957 0.969135 0.009957 0.002104 0.993257 -0.002109 -0.009973 -0.969095 -0.009973 -0.002109 0.000000 
5.000000e-01 5.000000e-01 4.999754e-03 5.000000e-01 5.000000e-01 1.515007e+00 -0.993257 0.002104 0.009957 0.969135 0.009957 0.002104 0.993257 -0.002109 -0.009973 -0.969095 -0.009973 -0.002109 0.000000 
5.000000e-01 5.000000e-01 4.999754e-03 5.000000e-01 5.000000e-01 1.515007e+00 -0.993257 0.002104 0.009957 0.969135 0.009957 0.002104 0.993257 -0.002109 -0.009973 -0.969095 -0.009973 -0.002109 0.000000 
5.000000e-01 5.000000e-01 4.999754e-03 5.000000e-01 5.000000e-01 1.515007e+00 -0.993257 0.002104 0.009957 0.969135 0.009957 0.002104 0.993257 -0.002109 -0.009973 -0.969095 -0.009973 -0.002109 0.000000 
5.000000e-01 5.000000e-01 4.999754e-03 5.000000e-01 5.000000e-01 1.515007e+00 -0.993257 0.002104 0.009957 0.969135 0.009957 0.002104 0.993257 -0.002109 -0.009973 -0.969095 -0.009973 -0.002109 0.000000 
5.000000e-01 5.000000e-01 4.999754e-03 5.000000e-01 5.000000e-01 1.515007e+00 -0.993257 0.002104 0.009957 0.969135 0.009957 0.002104 0.993257 -0.002109 -0.009973 -0.969095 -0.009973 -0.002109 0.000000 
5.000000e-01 5.000000e-01 4.999754e-03 5.000000e-01 5.000000e-01 1.515007e+00 -0.993257 0.002104 0.009957 0.969135 0.009957 0.002104 0.993257 -0.002109 -0.009973 -0.969095 -0.009973 -0.002109 0.000000 
5.000000e-01 5.000000e-01 4.999754e-03 5.000000e-01 5.000000e-01 1.515007e+00 -0.993257 0.002104 0.009957 0.969135 0.009957 0.002104 0.993257 -0.002109 -0.009973 -0.969095 -0.009973 -0.002109 0.000000 
5.000000e-01 5.000000e-01 4.999754e-03 5.000000e-01 5.000000e-01 1.515007e+00 -0.993257 0.002104 0.009957 0.969135 0.009957 0.002104 0.993257 -0.002109 -0.009973 -0.969095 -0.009973 -0.002109 0.000000 
5.000000e-01 5.000000e-01 4.999754e-03 5.000000e-01 5.000000e-01 1.515007e+00 -0.993257 0.002104 0.009957 0.969135 0.009957 0.002104 0.993257 -0.002109 -0.009973 -0.969095 -0.009973 -0.002109 0.000000 
5.000000e-01 5.000000e-01 4.999754e-03 5.000000e-01 5.000000e-01 1.515007e+00 -0.993257 0.002104 0.009957 0.969135 0.009957 0.002104 0.993257 -0.002109 -0.009973 -0.969095 -0.009973 -0.002109 0.000000 
5.000000e-01 5.000000e-01 4.999754e-03 5.000000e-01 5.000000e-01 1.515007e+00 -0.993257 0.002104 0.009957 0.969135 0.009957 0.002104 0.993257 -0.002109 -0.009973 -0.969095 -0.009973 -0.002109 0.000000 
5.000000e-01 5.000000e-01 4.999754e-03 5.000000e-01 5.000000e-01 1.515007e+00 -0.993257 0.002104 0.009957 0.969135 0.009957 0.002104 0.993257 -0.002109 -0.009973 -0.969095 -0.009973 -0.002109 0.000000 
5.000000e-01 5.000000e-01 4.999754e-03 5.000000e-01 5.000000e-01 1.515007e+00 -0.993257 0.002104 0.009957 0.969135 0.009957 0.002104 0.993257 -0.002109 -0.009973 -0.969095 -0.009973 -0.002109 0.000000 
5.000000e-01 5.000000e-01 4.999754e-03 5.000000e-01 5.000000e-01 1.515007e+00 -0.993257 0.002104 0.009957 0.969135 0.009957 0.002104 0.993257 -0.002109 -0.009973 -0.969095 -0.009973 -0.002109 0.000000 
5.000000e-01 5.000000e-01 4.999754e-03 5.000000e-01 5.000000e-01 1.515007e+00 -0.993257 0.002104 0.009957 0.969135 0.009957 0.002104 0.993257 -0.002109 -0.009973 -0.969095 -0.009973 -0.002109 0.000000 
5.000000e-01 5.000000e-01 4.999754e-03 5.000000e-01 5.000000e-01 1.515007e+00 -0.993257 0.002104 0.009957 0.969135 0.009957 0.002104 0.993257 -0.002109 -0.009973 -0.969095 -0.009973 -0.002109 0.000000 
5.000000e-01 5.000000e-01 4.999754e-03 5.000000e-01 5.000000e-01 1.515007e+00 -0.993257 0.002104 0.009957 0.969135 0.009957 0.002104 0.993257 -0.002109 -0.009973 -0.969095 -0.009973 -0.002109 0.000000 
5.000000e-01 5.000000e-01 4.999754e-03 5.000000e-01 5.000000e-01 1.515007e+00 -0.993257 0.002104 0.009957 0.969135 0.009957 0.002104 0.993257 -0.002109 -0.009973 -0.969095 -0.009973 -0.002109 0.000000 
5.000000e-01 5.000000e-01 4.999754e-03 5.000000e-01 5.000000e-01 1.515007e+00 -0.993257 0.002104 0.009957 0.969135 0.009957 0.002104 0.993257 -0.002109 -0.009973 -0.969095 -0.009973 -0.002109 0.000000 
5.000000e-01 5.000000e-01 4.999754e-03 5.000000e-01 5.000000e-01 1.515007e+00 -0.993257 0.002104 0.009957 0.969135 0.009957 0.002104 0.993257 -0.002109 -0.009973 -0.969095 -0.009973 -0.002109 0.000000 
5.000000e-01 5.000000e-01 4.999754e-03 5.000000e-01 5.000000e-01 1.515007e+00 -0.993257 0.002104 0.009957 0.969135 0.009957 0.002104 0.993257 -0.002109 -0.009973 -0.969095 -0.009973 -0.002109 0.000000 
5.000000e-01 5.000000e-01 4.999754e-03 5.000000e-01 5.000000e-01 1.515007e+00 -0.993257 0.002104 0.009957 0.969135 0.009957 0.002104 0.993257 -0.002109 -0.009973 -0.969095 -0.009973 -0.002109 0.000000 
5.000000e-01 5.000000e-01 4.999754e-03 5.000000e-01 5.000000e-01 1.515007e+00 -0.993257 0.002104 0.009957 0.969135 0.009957 0.002104 0.993257 -0.002109 -0.009973 -0.969095 -0.009973 -0.002109 0.000000 
5.000000e-01 5.000000e-01 4.999754e-03 5.000000e-01 5.000000e-01 1.515007e+00 -0.993257 0.002104 0.009957 0.969135 0.009957 0.002104 0.993257 -0.002109 -0.009973 -0.969095 -0.009973 -0.002109 0.000000 
5.000000e-01 5.000000e-01 4.999754e-03 5.000000e-01 5.000000e-01 1.515007e+00 -0.993257 0.002104 0.009957 0.969135 0.009957 0.002104 0.993257 -0.002109 -0.009973 -0.969095 -0.009973 -0.002109 0.000000 
5.000000e-01 5.000000e-01 4.999754e-03 5.000000e-01 5.000000e-01 1.515007e+00 -0.993257 0.002104 0.009957 0.969135 0.009957 0.002104 0.993257 -0.002109 -0.009973 -0.969095 -0.009973 -0.002109 0.000000 
5.000000e-01 5.000000e-01 4.999754e-03 5.000000e-01 5.000000e-01 1.515007e+00 -0.993257 0.002104 0.009957 0.969135 0.009957 0.002104 0.993257 -0.002109 -0.009973 -0.969095 -0.009973 -0.002109 0.000000 
5.000000e-01 5.000000e-01 4.999754e-03 5.000000e-01 5.000000e-01 1.515007e+00 -0.993257 0.002104 0.009957 0.969135 0.009957 0.002104 0.993257 -0.002109 -0.009973 -0.969095 -0.009973 -0.002109 0.000000 
5.000000e-01 5.000000e-01 4.999754e-03 5.000000e-01 5.000000e-01 1.515007e+00 -0.993257 0.002104 0.009957 0.969135 0.009957 0.002104 0.993257 -0.002109 -0.009973 -0.969095 -0.009973 -0.002109 0.000000 
5.000000e-01 5.000000e-01 4.999754e-03 5.000000e-01 5.000000e-01 1.515007e+00 -0.993257 0.002104 0.009957 0.969135 0.009957 0.002104 0.993257 -0.002109 -0.009973 -0.969095 -0.009973 -0.002109 0.000000 
5.000000e-01 5.000000e-01 4.999754e-03 5.000000e-01 5.000000e-01 1.515007e+00 -0.993257 0.002104 0.009957 0.969135 0.009957 0.002104 0.993257 -0.002109 -0.009973 -0.969095 -0.009973 -0.002109 0.000000 
5.000000e-01 5.000000e-01 4.999754e-03 5.000000e-01 5.000000e-01 1.515007e+00 -0.993257 0.002104 0.009957 0.969135 0.009957 0.002104 0.993257 -0.002109 -0.009973 -0.969095 -0.009973 -0.002109 0.000000 
5.000000e-01 5.000000e-01 4.999754e-03 5.000000e-01 5.000000e-01 1.515007e+00 -0.993257 0.002104 0.009957 0.969135 0.009957 0.002104 0.993257 -0.002109 -0.009973 -0.969095 -0.009973 -0.002109 0.000000 
5.000000e-01 5.000000e-01 4.999754e-03 5.000000e-01 5.000000e-01 1.515007e+00 -0.993257 0.002104 0.009957 0.969135 0.009957 0.002104 0.993257 -0.002109 -0.009973 -0.969095 -0.009973 -0.002109 0.000000 
5.000000e-01 5.000000e-01 4.999754e-03 5.000000e-01 5.000000e-01 1.515007e+00 -0.993257 0.002104 0.009957 0.969135 0.009957 0.002104 0.993257 -0.002109 -0.009973 -0.969095 -0.009973 -0.002109 0.000000 
5.000000e-01 5.000000e-01 4.999754e-03 5.000000e-01 5.000000e-01 1.515007e+00 -0.993257 0.002104 0.009957 0.969135 0.009957 0.002104 0.993257 -0.002109 -0.009973 -0.969095 -0.009973 -0.002109 0.000000 
5.000000e-01 5.000000e-01 4.999754e-03 5.000000e-01 5.000000e-01 1.515007e+00 -0.993257 0.002104 0.009957 0.969135 0.009957 0.002104 0.993257 -0.002109 -0.009973 -0.969095 -0.009973 -0.002109 0.000000 
5.000000e-01 5.000000e-01 4.999754e-03 5.000000e-01 5.000000e-01 1.515007e+00 -0.993257 0.002104 0.009957 0.969135 0.009957 0.002104 0.993257 -0.002109 -0.009973 -0.969095 -0.009973 -0.002109 0.000000 
5.000000e-01 5.000000e-01 4.999754e-03 5.000000e-01 5.000000e-01 1.515007e+00 -0.993257 0.002104 0.009957 0.969135 0.009957 0.002104 0.993257 -0.002109 -0.009973 -0.969095 -0.009973 -0.002109 0.000000 
5.000000e-01 5.000000e-01 4.999754e-03 5.000000e-01 5.000000e-01 1.515007e+00 -0.993257 0.002104 0.009957 0.969135 0.009957 0.002104 0.993257 -0.002109 -0.009973 -0.969095 -0.009973 -0.002109 0.000000 
5.000000e-01 5.000000e-01 4.999754e-03 5.000000e-01 5.000000e-01 1.515007e+00 -0.993257 0.002104 0.009957 0.969135 0.009957 0.002104 0.993257 -0.002109 -0.009973 -0.969095 -0.009973 -0.002109 0.000000 
5.000000e-01 5.000000e-01 4.999754e-03 5.000000e-01 5.000000e-01 1.515007e+00 -0.993257 0.002104 0.009957 0.969135 0.009957 0.002104 0.993257 -0.002109 -0.009973 -0.969095 -0.009973 -0.002109 0.000000 
5.000000e-01 5.000000e-01 4.999754e-03 5.000000e-01 5.000000e-01 1.515007e+00 -0.993257 0.002104 0.009957 0.969135 0.009957 0.002104 0.993257 -0.002109 -0.009973 -0.969095 -0.009973 -0.002109 0.000000 
5.000000e-01 5.000000e-01 4.999754e-03 5.000000e-01 5.000000e-01 1.515007e+00 -0.993257 0.002104 0.009957 0.969135 0.009957 0.002104 0.993257 -0.002109 -0.009973 -0.969095 -0.009973 -0.002109 0.000000 
5.000000e-01 5.000000e-01 4.999754e-03 5.000000e-01 5.000000e-01 1.515007e+00 -0.993257 0.002104 0.009957 0.969135 0.009957 0.002104 0.993257 -0.002109 -0.009973 -0.969095 -0.009973 -0.002109 0.000000 
5.000000e-01 5.000000e-01 4.999754e-03 5.000000e-01 5.000000e-01 1.515007e+00 -0.993257 0.002104 0.009957 0.969135 0.009957 0.002104 0.993257 -0.002109 -0.009973 -0.969095 -0.009973 -0.002109 0.000000 
5.000000e-01 5.000000e-01 4.999754e-03 5.000000e-01 5.000000e-01 1.515007e+00 -0.993257 0.002104 0.009957 0.969135 0.009957 0.002104 0.993257 -0.002109 -0.009973 -0.969095 -0.009973 -0.002109 0.000000 
5.000000e-01 5.000000e-01 4.999754e-03 5.000000e-01 5.000000e-01 1.515007e+00 -0.993257 0.002104 0.009957 0.969135 0.009957 0.002104 0.993257 -0.002109 -0.009973 -0.969095 -0.009973 -0.002109 0.000000 
5.000000e-01 5.000000e-01 4.999754e-03 5.000000e-01 5.000000e-01 1.515007e+00 -0.993257 0.002104 0.009957 0.969135 0.009957 0.002104 0.993257 -0.002109 -0.009973 -0.969095 -0.009973 -0.002109 0.000000 
5.000000e-01 5.000000e-01 4.999754e-03 5.000000e-01 5.000000e-01 1.515007e+00 -0.993257 0.002104 0.009957 0.969135 0.009957 0.002104 0.993257 -0.002109 -0.009973 -0.969095 -0.009973 -0.002109 0.000000 
5.000000e-01 5.000000e-01 4.999754e-03 5.000000e-01 5.000000e-01 1.515007e+00 -0.993257 0.002104 0.009957 0.969135 0.009957 0.002104 0.993257 -0.002109 -0.009973 -0.969095 -0.009973 -0.002109 0.000000 
5.000000e-01 5.000000e-01 4.999754e-03 5.000000e-01 5.000000e-01 1.515007e+00 -0.993257 0.002104 0.009957 0.969135 0.009957 0.002104 0.993257 -0.002109 -0.009973 -0.969095 -0.009973 -0.002109 0.000000 
5.000000e-01 5.000000e-01 4.999754e-03 5.000000e-01 5.000000e-01 1.515007e+00 -0.993257 0.002104 0.009957 0.969135 0.009957 0.002104 0.993257 -0.002109 -0.009973 -0.969095 -0.009973 -0.002109 0.000000 
5.000000e-01 5.000000e-01 4.999754e-03 5.000000e-01 5.000000e-01 1.515007e+00 -0.993257 0.002104 0.009957 0.969135 0.009957 0.002104 0.993257 -0.002109 -0.009973 -0.969095 -0.009973 -0.002109 0.000000 
5.000000e-01 5.000000e-01 4.999754e-03 5.000000e-01 5.000000e-01 1.515007e+00 -0.993257 0.002104 0.009957 0.969135 0.009957 0.002104 0.993257 -0.002109 -0.009973 -0.969095 -0.009973 -0.002109 0.000000 
5.000000e-01 5.000000e-01 4.999754e-03 5.000000e-01 5.000000e-01 1.515007e+00 -0.993257 0.002104 0.009957 0.969135 0.009957 0.002104 0.993257 -0.002109 -0.009973 -0.969095 -0.009973 -0.002109 0.000000 
5.000000e-01 5.000000e-01 4.999754e-03 5.000000e-01 5.000000e-01 1.515007e+00 -0.993257 0.002104 0.009957 0.969135 0.009957 0.002104 0.993257 -0.002109 -0.009973 -0.969095 -0.009973 -0.002109 0.000000 
5.000000e-01 5.000000e-01 4.999754e-03 5.000000e-01 5.000000e-01 1.515007e+00 -0.993257 0.002104 0.009957 0.969135 0.009957 0.002104 0.993257 -0.002109 -0.009973 -0.969095 -0.009973 -0.002109 0.000000 
5.000000e-01 5.000000e-01 4.999754e-03 5.000000e-01 5.000000e-01 1.515007e+00 -0.993257 0.002104 0.009957 0.969135 0.009957 0.002104 0.993257 -0.002109 -0.009973 -0.969095 -0.009973 -0.002109 0.000000 
5.000000e-01 5.000000e-01 4.999754e-03 5.000000e-01 5.000000e-01 1.515007e+00 -0.993257 0.002104 0.009957 0.969135 0.009957 0.002104 0.993257 -0.002109 -0.009973 -0.969095 -0.009973 -0.002109 0.000000 
5.000000e-01 5.000000e-01 4.999754e-03 5.000000e-01 5.000000e-01 1.515007e+00 -0.993257 0.002104 0.009957 0.969135 0.009957 0.002104 0.993257 -0.002109 -0.009973 -0.969095 -0.009973 -0.002109 0.000000 
5.000000e-01 5.000000e-01 4.999754e-03 5.000000e-01 5.000000e-01 1.515007e+00 -0.993257 0.002104 0.009957 0.969135 0.009957 0.002104 0.993257 -0.002109 -0.009973 -0.969095 -0.009973 -0.002109 0.000000 
5.000000e-01 5.000000e-01 4.999754e-03 5.000000e-01 5.000000e-01 1.515007e+00 -0.993257 0.002104 0.009957 0.969135 0.009957 0.002104 0.993257 -0.002109 -0.009973 -0.969095 -0.009973 -0.002109 0.000000 
5.000000e-01 5.000000e-01 4.999754e-03 5.000000e-01 5.000000e-01 1.515007e+00 -0.993257 0.002104 0.009957 0.969135 0.009957 0.002104 0.993257 -0.002109 -0.009973 -0.969095 -0.009973 -0.002109 0.000000 
5.000000e-01 5.000000e-01 4.999754e-03 5.000000e-01 5.000000e-01 1.515007e+00 -0.993257 0.002104 0.009957 0.969135 0.009957 0.002104 0.993257 -0.002109 -0.009973 -0.969095 -0.009973 -0.002109 0.000000 
5.000000e-01 5.000000e-01 4.999754e-03 5.000000e-01 5.000000e-01 1.515007e+00 -0.993257 0.002104 0.009957 0.969135 0.009957 0.002104 0.993257 -0.002109 -0.009973 -0.969095 -0.009973 -0.002109 0.000000 
5.000000e-01 5.000000e-01 4.999754e-03 5.000000e-01 5.000000e-01 1.515007e+00 -0.993257 0.002104 0.009957 0.969135 0.009957 0.002104 0.993257 -0.002109 -0.009973 -0.969095 -0.009973 -0.002109 0.000000 
5.000000e-01 5.000000e-01 4.999754e-03 5.000000e-01 5.000000e-01 1.515007e+00 -0.993257 0.002104 0.009957 0.969135 0.009957 0.002104 0.993257 -0.002109 -0.009973 -0.969095 -0.009973 -0.002109 0.000000 
5.000000e-01 5.000000e-01 4.999754e-03 5.000000e-01 5.000000e-01 1.515007e+00 -0.993257 0.002104 0.009957 0.969135 0.009957 0.002104 0.993257 -0.002109 -0.009973 -0.969095 -0.009973 -0.002109 0.000000 
5.000000e-01 5.000000e-01 4.999754e-03 5.000000e-01 5.000000e-01 1.515007e+00 -0.993257 0.002104 0.009957 0.969135 0.009957 0.002104 0.993257 -0.002109 -0.009973 -0.969095 -0.009973 -0.002109 0.000000 
5.000000e-01 5.000000e-01 4.999754e-03 5.000000e-01 5.000000e-01 1.515007e+00 -0.993257 0.002104 0.009957 0.969135 0.009957 0.002104 0.993257 -0.002109 -0.009973 -0.969095 -0.009973 -0.002109 0.000000 
5.000000e-01 5.000000e-01 4.999754e-03 5.000000e-01 5.000000e-01 1.515007e+00 -0.993257 0.002104 0.009957 0.969135 0.009957 0.002104 0.993257 -0.002109 -0.009973 -0.969095 -0.009973 -0.002109 0.000000 
5.000000e-01 5.000000e-01 4.999754e-03 5.000000e-01 5.000000e-01 1.515007e+00 -0.993257 0.002104 0.009957 0.969135 0.009957 0.002104 0.993257 -0.002109 -0.009973 -0.969095 -0.009973 -0.002109 0.000000 
5.000000e-01 5.000000e-01 4.999754e-03 5.000000e-01 5.000000e-01 1.515007e+00 -0.993257 0.002104 0.009957 0.969135 0.009957 0.002104 0.993257 -0.002109 -0.009973 -0.969095 -0.009973 -0.002109 0.000000 
5.000000e-01 5.000000e-01 4.999754e-03 5.000000e-01 5.000000e-01 1.515007e+00 -0.993257 0.002104 0.009957 0.969135 0.009957 0.002104 0.993257 -0.002109 -0.009973 -0.969095 -0.009973 -0.002109 0.000000 
5.000000e-01 5.000000e-01 4.999754e-03 5.000000e-01 5.000000e-01 1.515007e+00 -0.993257 0.002104 0.009957 0.969135 0.009957 0.002104 0.993257 -0.002109 -0.009973 -0.969095 -0.009973 -0.002109 0.000000 
5.000000e-01 5.000000e-01 4.999754e-03 5.000000e-01 5.000000e-01 1.515007e+00 -0.993257 0.002104 0.009957 0.969135 0.009957 0.002104 0.993257 -0.002109 -0.009973 -0.969095 -0.009973 -0.002109 0.000000 
5.000000e-01 5.000000e-01 4.999754e-03 5.000000e-01 5.000000e-01 1.515007e+00 -0.993257 0.002104 0.009957 0.969135 0.009957 0.002104 0.993257 -0.002109 -0.009973 -0.969095 -0.009973 -0.002109 0.000000 
5.000000e-01 5.000000e-01 4.999754e-03 5.000000e-01 5.000000e-01 1.515007e+00 -0.993257 0.002104 0.009957 0.969135 0.009957 0.002104 0.993257 -0.002109 -0.009973 -0.969095 -0.009973 -0.002109 0.000000 
5.000000e-01 5.000000e-01 4.999754e-03 5.000000e-01 5.000000e-01 1.515007e+00 -0.993257 0.002104 0.009957 0.969135 0.009957 0.002104 0.993257 -0.002109 -0.009973 -0.969095 -0.009973 -0.002109 0.000000 
5.000000e-01 5.000000e-01 4.999754e-03 5.000000e-01 5.000000e-01 1.515007e+00 -0.993257 0.002104 0.009957 0.969135 0.009957 0.002104 0.993257 -0.002109 -0.009973 -0.969095 -0.009973 -0.002109 0.000000 
5.000000e-01 5.000000e-01 4.999754e-03 5.000000e-01 5.000000e-01 1.515007e+00 -0.993257 0.002104 0.009957 0.969135 0.009957 0.002104 0.993257 -0.002109 -0.009973 -0.969095 -0.009973 -0.002109 0.000000 
5.000000e-01 5.000000e-01 4.999754e-03 5.000000e-01 5.000000e-01 1.515007e+00 -0.993257 0.002104 0.009957 0.969135 0.009957 0.002104 0.993257 -0.002109 -0.009973 -0.969095 -0.009973 -0.002109 0.000000 
5.000000e-01 5.000000e-01 4.999754e-03 5.000000e-01 5.000000e-01 1.515007e+00 -0.993257 0.002104 0.009957 0.969135 0.009957 0.002104 0.993257 -0.002109 -0.009973 -0.969095 -0.009973 -0.002109 0.000000 
5.000000e-01 5.000000e-01 4.999754e-03 5.000000e-01 5.000000e-01 1.515007e+00 -0.993257 0.002104 0.009957 0.969135 0.009957 0.002104 0.993257 -0.002109 -0.009973 -0.969095 -0.009973 -0.002109 0.000000 
5.000000e-01 5.000000e-01 4.999754e-03 5.000000e-01 5.000000e-01 1.515007e+00 -0.993257 0.002104 0.009957 0.969135 0.009957 0.002104 0.993257 -0.002109 -0.009973 -0.969095 -0.009973 -0.002109 0.000000 
5.000000e-01 5.000000e-01 4.999754e-03 5.000000e-01 5.000000e-01 1.515007e+00 -0.993257 0.002104 0.009957 0.969135 0.009957 0.002104 0.993257 -0.002109 -0.009973 -0.969095 -0.009973 -0.002109 0.000000 
5.000000e-01 5.000000e-01 4.999754e-03 5.000000e-01 5.000000e-01 1.515007e+00 -0.993257 0.002104 0.009957 0.969135 0.009957 0.002104 0.993257 -0.002109 -0.009973 -0.969095 -0.009973 -0.002109 0.000000 
5.000000e-01 5.000000e-01 4.999754e-03 5.000000e-01 5.000000e-01 1.515007e+00 -0.993257 0.002104 0.009957 0.969135 0.009957 0.002104 0.993257 -0.002109 -0.009973 -0.969095 -0.009973 -0.002109 0.000000 
5.000000e-01 5.000000e-01 4.999754e-03 5.000000e-01 5.000000e-01 1.515007e+00 -0.993257 0.002104 0.009957 0.969135 0.009957 0.002104 0.993257 -0.002109 -0.009973 -0.969095 -0.009973 -0.002109 0.000000 
5.000000e-01 5.000000e-01 4.999754e-03 5.000000e-01 5.000000e-01 1.515007e+00 -0.993257 0.002104 0.009957 0.969135 0.009957 0.002104 0.993257 -0.002109 -0.009973 -0.969095 -0.009973 -0.002109 0.000000 
5.000000e-01 5.000000e-01 4.999754e-03 5.000000e-01 5.000000e-01 1.515007e+00 -0.993257 0.002104 0.009957 0.969135 0.009957 0.002104 0.993257 -0.002109 -0.009973 -0.969095 -0.009973 -0.002109 0.000000 
5.000000e-01 5.000000e-01 4.999754e-03 5.000000e-01 5.000000e-01 1.515007e+00 -0.993257 0.002104 0.009957 0.969135 0.009957 0.002104 0.993257 -0.002109 -0.009973 -0.969095 -0.009973 -0.002109 0.000000 
5.000000e-01 5.000000e-01 4.999754e-03 5.000000e-01 5.000000e-01 1.515007e+00 -0.993257 0.002104 0.009957 0.969135 0.009957 0.002104 0.993257 -0.002109 -0.009973 -0.969095 -0.009973 -0.002109 0.000000 
5.000000e-01 5.000000e-01 4.999754e-03 5.000000e-01 5.000000e-01 1.515007e+00 -0.993257 0.002104 0.009957 0.969135 0.009957 0.002104 0.993257 -0.002109 -0.009973 -0.969095 -0.009973 -0.002109 0.000000 
5.000000e-01 5.000000e-01 4.999754e-03 5.000000e-01 5.000000e-01 1.515007e+00 -0.993257 0.002104 0.009957 0.969135 0.009957 0.002104 0.993257 -0.002109 -0.009973 -0.969095 -0.009973 -0.002109 0.000000 
5.000000e-01 5.000000e-01 4.999754e-03 5.000000e-01 5.000000e-01 1.515007e+00 -0.993257 0.002104 0.009957 0.969135 0.009957 0.002104 0.993257 -0.002109 -0.009973 -0.969095 -0.009973 -0.002109 0.000000 
5.000000e-01 5.000000e-01 4.999754e-03 5.000000e-01 5.000000e-01 1.515007e+00 -0.993257 0.002104 0.009957 0.969135 0.009957 0.002104 0.993257 -0.002109 -0.009973 -0.969095 -0.009973 -0.002109 0.000000 
5.000000e-01 5.000000e-01 4.999754e-03 5.000000e-01 5.000000e-01 1.515007e+00 -0.993257 0.002104 0.009957 0.969135 0.009957 0.002104 0.993257 -0.002109 -0.009973 -0.969095 -0.009973 -0.002109 0.000000 
5.000000e-01 5.000000e-01 4.999754e-03 5.000000e-01 5.000000e-01 1.515007e+00 -0.993257 0.002104 0.009957 0.969135 0.009957 0.002104 0.993257 -0.002109 -0.009973 -0.969095 -0.009973 -0.002109 0.000000 
5.000000e-01 5.000000e-01 4.999754e-03 5.000000e-01 5.000000e-01 1.515007e+00 -0.993257 0.002104 0.009957 0.969135 0.009957 0.002104 0.993257 -0.002109 -0.009973 -0.969095 -0.009973 -0.002109 0.000000 
5.000000e-01 5.000000e-01 4.999754e-03 5.000000e-01 5.000000e-01 1.515007e+00 -0.993257 0.002104 0.009957 0.969135 0.009957 0.002104 0.993257 -0.002109 -0.009973 -0.969095 -0.009973 -0.002109 0.000000 
5.000000e-01 5.000000e-01 4.999754e-03 5.000000e-01 5.000000e-01 1.515007e+00 -0.993257 0.002104 0.009957 0.969135 0.009957 0.002104 0.993257 -0.002109 -0.009973 -0.969095 -0.009973 -0.002109 0.000000 
5.000000e-01 5.000000e-01 4.999754e-03 5.000000e-01 5.000000e-01 1.515007e+00 -0.993257 0.002104 0.009957 0.969135 0.009957 0.002104 0.993257 -0.002109 -0.009973 -0.969095 -0.009973 -0.002109 0.000000 
5.000000e-01 5.000000e-01 4.999754e-03 5.000000e-01 5.000000e-01 1.515007e+00 -0.993257 0.002104 0.009957 0.969135 0.009957 0.002104 0.993257 -0.002109 -0.009973 -0.969095 -0.009973 -0.002109 0.000000 
5.000000e-01 5.000000e-01 4.999754e-03 5.000000e-01 5.000000e-01 1.515007e+00 -0.993257 0.002104 0.009957 0.969135 0.009957 0.002104 0.993257 -0.002109 -0.009973 -0.969095 -0.009973 -0.002109 0.000000 
5.000000e-01 5.000000e-01 4.999754e-03 5.000000e-01 5.000000e-01 1.515007e+00 -0.993257 0.002104 0.009957 0.969135 0.009957 0.002104 0.993257 -0.002109 -0.009973 -0.969095 -0.009973 -0.002109 0.000000 
5.000000e-01 5.000000e-01 4.999754e-03 5.000000e-01 5.000000e-01 1.515007e+00 -0.993257 0.002104 0.009957 0.969135 0.009957 0.002104 0.993257 -0.002109 -0.009973 -0.969095 -0.009973 -0.002109 0.000000 
5.000000e-01 5.000000e-01 4.999754e-03 5.000000e-01 5.000000e-01 1.515007e+00 -0.993257 0.002104 0.009957 0.969135 0.009957 0.002104 0.993257 -0.002109 -0.009973 -0.969095 -0.009973 -0.002109 0.000000 
5.000000e-01 5.000000e-01 4.999754e-03 5.000000e-01 5.000000e-01 1.515007e+00 -0.993257 0.002104 0.009957 0.969135 0.009957 0.002104 0.993257 -0.002109 -0.009973 -0.969095 -0.009973 -0.002109 0.000000 
5.000000e-01 5.000000e-01 4.999754e-03 5.000000e-01 5.000000e-01 1.515007e+00 -0.993257 0.002104 0.009957 0.969135 0.009957 0.002104 0.993257 -0.002109 -0.009973 -0.969095 -0.009973 -0.002109 0.000000 
5.000000e-01 5.000000e-01 4.999754e-03 5.000000e-01 5.000000e-01 1.515007e+00 -0.993257 0.002104 0.009957 0.969135 0.009957 0.002104 0.993257 -0.002109 -0.009973 -0.969095 -0.009973 -0.002109 0.000000 
5.000000e-01 5.000000e-01 4.999754e-03 5.000000e-01 5.000000e-01 1.515007e+00 -0.993257 0.002104 0.009957 0.969135 0.009957 0.002104 0.993257 -0.002109 -0.009973 -0.969095 -0.009973 -0.002109 0.000000 
5.000000e-01 5.000000e-01 4.999754e-03 5.000000e-01 5.000000e-01 1.515007e+00 -0.993257 0.002104 0.009957 0.969135 0.009957 0.002104 0.993257 -0.002109 -0.009973 -0.969095 -0.009973 -0.002109 0.000000 
5.000000e-01 5.000000e-01 4.999754e-03 5.000000e-01 5.000000e-01 1.515007e+00 -0.993257 0.002104 0.009957 0.969135 0.009957 0.002104 0.993257 -0.002109 -0.009973 -0.969095 -0.009973 -0.002109 0.000000 
5.000000e-01 5.000000e-01 4.999754e-03 5.000000e-01 5.000000e-01 1.515007e+00 -0.993257 0.002104 0.009957 0.969135 0.009957 0.002104 0.993257 -0.002109 -0.009973 -0.969095 -0.009973 -0.002109 0.000000 
