# TeX TeY TeZ ThX ThY THZ P1 P2
5.000000e-01 5.000000e-01 6.100000e-01 5.000000e-01 5.000000e-01 6.100000e-01 0.000000 0.000000 0.000000 0.000000 0.000000 0.000000 0.000000 0.000000 0.000000 0.000000 0.000000 0.000000 0.000000 
5.000000e-01 5.000000e-01 5.980010e-01 5.000000e-01 5.000000e-01 6.186215e-01 -0.013536 0.002351 0.002903 0.003027 0.002903 0.002351 0.013536 -0.001686 -0.003090 -0.003984 -0.003090 -0.001686 0.000000 
5.000000e-01 5.000000e-01 5.859628e-01 5.000000e-01 5.000000e-01 6.272310e-01 -0.027090 0.004708 0.005810 0.006055 0.005810 0.004708 0.027090 -0.003354 -0.006189 -0.008004 -0.006189 -0.003354 0.000000 
5.000000e-01 5.000000e-01 5.738855e-01 5.000000e-01 5.000000e-01 6.358284e-01 -0.040661 0.007068 0.008720 0.009084 0.008720 0.007068 0.040661 -0.005001 -0.009297 -0.012065 -0.009297 -0.005001 0.000000 
5.000000e-01 5.000000e-01 5.617696e-01 5.000000e-01 5.000000e-01 6.444137e-01 -0.054250 0.009433 0.011633 0.012117 0.011633 0.009433 0.054250 -0.006623 -0.012415 -0.016175 -0.012415 -0.006623 0.000000 
5.000000e-01 5.000000e-01 5.496154e-01 5.000000e-01 5.000000e-01 6.529867e-01 -0.067856 0.011802 0.014550 0.015152 0.014550 0.011802 0.067856 -0.008214 -0.015543 -0.020341 -0.015543 -0.008214 0.000000 
5.000000e-01 5.000000e-01 5.374232e-01 5.000000e-01 5.000000e-01 6.615473e-01 -0.081478 0.014174 0.017470 0.018190 0.017470 0.014174 0.081478 -0.009765 -0.018684 -0.024581 -0.018684 -0.009765 0.000000 
5.000000e-01 5.000000e-01 5.251933e-01 5.000000e-01 5.000000e-01 6.700954e-01 -0.095117 0.016549 0.020393 0.021232 0.020393 0.016549 0.095117 -0.011277 -0.021835 -0.028892 -0.021835 -0.011277 0.000000 
5.000000e-01 5.000000e-01 5.129261e-01 5.000000e-01 5.000000e-01 6.786308e-01 -0.108773 0.018926 0.023321 0.024279 0.023321 0.018926 0.108773 -0.012747 -0.024998 -0.033281 -0.024998 -0.012747 0.000000 
5.000000e-01 5.000000e-01 5.006218e-01 5.000000e-01 5.000000e-01 6.871535e-01 -0.122444 0.021304 0.026252 0.027331 0.026252 0.021304 0.122444 -0.014168 -0.028173 -0.037761 -0.028173 -0.014168 0.000000 
5.000000e-01 5.000000e-01 4.882809e-01 5.000000e-01 5.000000e-01 6.956634e-01 -0.136130 0.023684 0.029186 0.030389 0.029186 0.023684 0.136130 -0.015526 -0.031361 -0.042356 -0.031361 -0.015526 0.000000 
5.000000e-01 5.000000e-01 4.759035e-01 5.000000e-01 5.000000e-01 7.041603e-01 -0.149832 0.026065 0.032125 0.033452 0.032125 0.026065 0.149832 -0.016820 -0.034562 -0.047069 -0.034562 -0.016820 0.000000 
5.000000e-01 5.000000e-01 4.634901e-01 5.000000e-01 5.000000e-01 7.126441e-01 -0.163549 0.028447 0.035067 0.036521 0.035067 0.028447 0.163549 -0.018045 -0.037774 -0.051910 -0.037774 -0.018045 0.000000 
5.000000e-01 5.000000e-01 4.510409e-01 5.000000e-01 5.000000e-01 7.211146e-01 -0.177281 0.030828 0.038013 0.039597 0.038013 0.030828 0.177281 -0.019197 -0.040998 -0.056892 -0.040998 -0.019197 0.000000 
5.000000e-01 5.000000e-01 4.385562e-01 5.000000e-01 5.000000e-01 7.295718e-01 -0.191027 0.033210 0.040963 0.042681 0.040963 0.033210 0.191027 -0.020258 -0.044233 -0.062045 -0.044233 -0.020258 0.000000 
5.000000e-01 5.000000e-01 4.260363e-01 5.000000e-01 5.000000e-01 7.380155e-01 -0.204787 0.035589 0.043917 0.045773 0.043917 0.035589 0.204787 -0.021224 -0.047477 -0.067385 -0.047477 -0.021224 0.000000 
5.000000e-01 5.000000e-01 4.134815e-01 5.000000e-01 5.000000e-01 7.464456e-01 -0.218561 0.037968 0.046876 0.048874 0.046876 0.037968 0.218561 -0.022093 -0.050728 -0.072920 -0.050728 -0.022093 0.000000 
5.000000e-01 5.000000e-01 4.008921e-01 5.000000e-01 5.000000e-01 7.548620e-01 -0.232349 0.040345 0.049838 0.051983 0.049838 0.040345 0.232349 -0.022855 -0.053984 -0.078671 -0.053984 -0.022855 0.000000 
5.000000e-01 5.000000e-01 3.882684e-01 5.000000e-01 5.000000e-01 7.632645e-01 -0.246150 0.042720 0.052804 0.055102 0.052804 0.042720 0.246150 -0.023488 -0.057242 -0.084689 -0.057242 -0.023488 0.000000 
5.000000e-01 5.000000e-01 3.756107e-01 5.000000e-01 5.000000e-01 7.716530e-01 -0.259964 0.045092 0.055775 0.058230 0.055775 0.045092 0.259964 -0.023989 -0.060496 -0.090994 -0.060496 -0.023989 0.000000 
5.000000e-01 5.000000e-01 3.629192e-01 5.000000e-01 5.000000e-01 7.800274e-01 -0.273790 0.047462 0.058749 0.061368 0.058749 0.047462 0.273790 -0.024354 -0.063742 -0.097598 -0.063742 -0.024354 0.000000 
5.000000e-01 5.000000e-01 3.501943e-01 5.000000e-01 5.000000e-01 7.883874e-01 -0.287629 0.049826 0.061729 0.064519 0.061729 0.049826 0.287629 -0.024576 -0.066972 -0.104534 -0.066972 -0.024576 0.000000 
5.000000e-01 5.000000e-01 3.374362e-01 5.000000e-01 5.000000e-01 7.967331e-01 -0.301480 0.052187 0.064713 0.067681 0.064713 0.052187 0.301480 -0.024614 -0.070173 -0.111906 -0.070173 -0.024614 0.000000 
5.000000e-01 5.000000e-01 3.246451e-01 5.000000e-01 5.000000e-01 8.050642e-01 -0.315344 0.054543 0.067701 0.070856 0.067701 0.054543 0.315343 -0.024482 -0.073337 -0.119706 -0.073337 -0.024482 0.000000 
5.000000e-01 5.000000e-01 3.118214e-01 5.000000e-01 5.000000e-01 8.133806e-01 -0.329218 0.056895 0.070693 0.074043 0.070693 0.056895 0.329218 -0.024170 -0.076450 -0.127978 -0.076450 -0.024170 0.000000 
5.000000e-01 5.000000e-01 2.989653e-01 5.000000e-01 5.000000e-01 8.216821e-01 -0.343104 0.059241 0.073690 0.077242 0.073690 0.059241 0.343104 -0.023653 -0.079492 -0.136814 -0.079492 -0.023653 0.000000 
5.000000e-01 5.000000e-01 2.860770e-01 5.000000e-01 5.000000e-01 8.299686e-01 -0.357001 0.061582 0.076691 0.080456 0.076691 0.061582 0.357001 -0.022908 -0.082433 -0.146320 -0.082433 -0.022908 0.000000 
5.000000e-01 5.000000e-01 2.731569e-01 5.000000e-01 5.000000e-01 8.382400e-01 -0.370909 0.063913 0.079698 0.083687 0.079698 0.063913 0.370909 -0.021946 -0.085255 -0.156506 -0.085255 -0.021946 0.000000 
5.000000e-01 5.000000e-01 2.602051e-01 5.000000e-01 5.000000e-01 8.464961e-01 -0.384828 0.066238 0.082709 0.086933 0.082709 0.066238 0.384828 -0.020756 -0.087930 -0.167458 -0.087930 -0.020756 0.000000 
5.000000e-01 5.000000e-01 2.472218e-01 5.000000e-01 5.000000e-01 8.547367e-01 -0.398757 0.068556 0.085725 0.090195 0.085725 0.068556 0.398757 -0.019281 -0.090380 -0.179436 -0.090380 -0.019281 0.000000 
5.000000e-01 5.000000e-01 2.342073e-01 5.000000e-01 5.000000e-01 8.629617e-01 -0.412696 0.070865 0.088746 0.093474 0.088746 0.070865 0.412696 -0.017549 -0.092582 -0.192435 -0.092582 -0.017549 0.000000 
5.000000e-01 5.000000e-01 2.211619e-01 5.000000e-01 5.000000e-01 8.711710e-01 -0.426645 0.073166 0.091771 0.096769 0.091771 0.073166 0.426645 -0.015551 -0.094483 -0.206579 -0.094483 -0.015551 0.000000 
5.000000e-01 5.000000e-01 2.080855e-01 5.000000e-01 5.000000e-01 8.793643e-01 -0.440605 0.075458 0.094802 0.100084 0.094802 0.075458 0.440604 -0.013245 -0.095961 -0.222193 -0.095961 -0.013245 0.000000 
5.000000e-01 5.000000e-01 1.949784e-01 5.000000e-01 5.000000e-01 8.875415e-01 -0.454574 0.077737 0.097839 0.103422 0.097839 0.077737 0.454574 -0.010634 -0.096932 -0.239443 -0.096932 -0.010634 0.000000 
5.000000e-01 5.000000e-01 1.818406e-01 5.000000e-01 5.000000e-01 8.957024e-01 -0.468554 0.080006 0.100881 0.106780 0.100881 0.080006 0.468554 -0.007729 -0.097320 -0.258456 -0.097320 -0.007729 0.000000 
5.000000e-01 5.000000e-01 1.686721e-01 5.000000e-01 5.000000e-01 9.038469e-01 -0.482544 0.082265 0.103928 0.110159 0.103928 0.082265 0.482544 -0.004501 -0.096935 -0.279673 -0.096935 -0.004501 0.000000 
5.000000e-01 5.000000e-01 1.554728e-01 5.000000e-01 5.000000e-01 9.119748e-01 -0.496547 0.084512 0.106981 0.113560 0.106981 0.084512 0.496547 -0.000936 -0.095567 -0.303543 -0.095567 -0.000936 0.000000 
5.000000e-01 5.000000e-01 1.422424e-01 5.000000e-01 5.000000e-01 9.200859e-01 -0.510562 0.086748 0.110040 0.116985 0.110040 0.086748 0.510562 0.002935 -0.093117 -0.330197 -0.093117 0.002935 0.000000 
5.000000e-01 5.000000e-01 1.289803e-01 5.000000e-01 5.000000e-01 9.281801e-01 -0.524592 0.088968 0.113107 0.120441 0.113107 0.088968 0.524592 0.007126 -0.089283 -0.360278 -0.089283 0.007126 0.000000 
5.000000e-01 5.000000e-01 1.156859e-01 5.000000e-01 5.000000e-01 9.362571e-01 -0.538640 0.091176 0.116181 0.123925 0.116181 0.091176 0.538640 0.011657 -0.083653 -0.394647 -0.083653 0.011657 0.000000 
5.000000e-01 5.000000e-01 1.023578e-01 5.000000e-01 5.000000e-01 9.443169e-01 -0.552709 0.093371 0.119264 0.127438 0.119264 0.093371 0.552709 0.016480 -0.076130 -0.433408 -0.076130 0.016480 0.000000 
5.000000e-01 5.000000e-01 8.899448e-02 5.000000e-01 5.000000e-01 9.523591e-01 -0.566805 0.095555 0.122356 0.130982 0.122356 0.095555 0.566804 0.021602 -0.066263 -0.477482 -0.066263 0.021602 0.000000 
5.000000e-01 5.000000e-01 7.559393e-02 5.000000e-01 5.000000e-01 9.603836e-01 -0.580936 0.097729 0.125459 0.134561 0.125459 0.097729 0.580936 0.027028 -0.053479 -0.528033 -0.053479 0.027028 0.000000 
5.000000e-01 5.000000e-01 6.215375e-02 5.000000e-01 5.000000e-01 9.683903e-01 -0.595108 0.099886 0.128576 0.138183 0.128576 0.099886 0.595108 0.032706 -0.037831 -0.584858 -0.037831 0.032706 0.000000 
5.000000e-01 5.000000e-01 4.867174e-02 5.000000e-01 5.000000e-01 9.763789e-01 -0.609330 0.102033 0.131707 0.141849 0.131707 0.102033 0.609330 0.038631 -0.018903 -0.648786 -0.018903 0.038631 0.000000 
5.000000e-01 5.000000e-01 3.514667e-02 5.000000e-01 5.000000e-01 9.843492e-01 -0.623610 0.104170 0.134855 0.145559 0.134855 0.104170 0.623610 0.044782 0.003425 -0.720025 0.003425 0.044782 0.000000 
5.000000e-01 5.000000e-01 2.157940e-02 5.000000e-01 5.000000e-01 9.923011e-01 -0.637941 0.106296 0.138018 0.149312 0.138018 0.106296 0.637941 0.051099 0.028442 -0.797023 0.028442 0.051099 0.000000 
5.000000e-01 5.000000e-01 7.975373e-03 5.000000e-01 5.000000e-01 1.000234e+00 -0.652316 0.108409 0.141194 0.153109 0.141194 0.108409 0.652316 0.057541 0.055609 -0.878617 0.055609 0.057541 0.000000 
5.000000e-01 5.000000e-01 4.999985e-03 5.000000e-01 5.000000e-01 1.008149e+00 -0.659519 0.109188 0.142856 0.155430 0.142856 0.109188 0.659518 0.058239 0.060861 -0.897718 0.060861 0.058239 0.000000 
5.000000e-01 5.000000e-01 4.999985e-03 5.000000e-01 5.000000e-01 1.016044e+00 -0.664701 0.109575 0.144094 0.157363 0.144094 0.109575 0.664701 0.057317 0.059756 -0.898848 0.059756 0.057317 0.000000 
5.000000e-01 5.000000e-01 4.999985e-03 5.000000e-01 5.000000e-01 1.023920e+00 -0.669871 0.109935 0.145334 0.159333 0.145334 0.109935 0.669871 0.056397 0.058654 -0.899974 0.058654 0.056397 0.000000 
5.000000e-01 5.000000e-01 4.999985e-03 5.000000e-01 5.000000e-01 1.031776e+00 -0.675027 0.110268 0.146574 0.161342 0.146574 0.110268 0.675027 0.055479 0.057555 -0.901095 0.057555 0.055479 0.000000 
5.000000e-01 5.000000e-01 4.999985e-03 5.000000e-01 5.000000e-01 1.039613e+00 -0.680171 0.110571 0.147816 0.163396 0.147816 0.110571 0.680171 0.054562 0.056459 -0.902213 0.056459 0.054562 0.000000 
5.000000e-01 5.000000e-01 4.999985e-03 5.000000e-01 5.000000e-01 1.047430e+00 -0.685302 0.110836 0.149060 0.165509 0.149060 0.110836 0.685302 0.053645 0.055366 -0.903326 0.055366 0.053645 0.000000 
5.000000e-01 5.000000e-01 4.999985e-03 5.000000e-01 5.000000e-01 1.055226e+00 -0.690420 0.111070 0.150305 0.167668 0.150305 0.111070 0.690419 0.052731 0.054277 -0.904435 0.054277 0.052731 0.000000 
5.000000e-01 5.000000e-01 4.999985e-03 5.000000e-01 5.000000e-01 1.063003e+00 -0.695524 0.111273 0.151551 0.169876 0.151551 0.111273 0.695524 0.051818 0.053190 -0.905540 0.053190 0.051818 0.000000 
5.000000e-01 5.000000e-01 4.999985e-03 5.000000e-01 5.000000e-01 1.070758e+00 -0.700614 0.111443 0.152796 0.172134 0.152796 0.111443 0.700614 0.050906 0.052107 -0.906641 0.052107 0.050906 0.000000 
5.000000e-01 5.000000e-01 4.999985e-03 5.000000e-01 5.000000e-01 1.078493e+00 -0.705691 0.111572 0.154043 0.174462 0.154043 0.111572 0.705691 0.049997 0.051027 -0.907738 0.051027 0.049997 0.000000 
5.000000e-01 5.000000e-01 4.999985e-03 5.000000e-01 5.000000e-01 1.086207e+00 -0.710754 0.111660 0.155289 0.176855 0.155289 0.111660 0.710754 0.049089 0.049950 -0.908831 0.049950 0.049089 0.000000 
5.000000e-01 5.000000e-01 4.999985e-03 5.000000e-01 5.000000e-01 1.093899e+00 -0.715802 0.111712 0.156535 0.179309 0.156535 0.111712 0.715802 0.048182 0.048876 -0.909920 0.048876 0.048182 0.000000 
5.000000e-01 5.000000e-01 4.999985e-03 5.000000e-01 5.000000e-01 1.101570e+00 -0.720837 0.111727 0.157779 0.181825 0.157779 0.111727 0.720837 0.047278 0.047806 -0.911005 0.047806 0.047278 0.000000 
5.000000e-01 5.000000e-01 4.999985e-03 5.000000e-01 5.000000e-01 1.109219e+00 -0.725857 0.111699 0.159021 0.184417 0.159021 0.111699 0.725857 0.046376 0.046739 -0.912086 0.046739 0.046376 0.000000 
5.000000e-01 5.000000e-01 4.999985e-03 5.000000e-01 5.000000e-01 1.116845e+00 -0.730863 0.111620 0.160261 0.187101 0.160261 0.111620 0.730863 0.045475 0.045675 -0.913163 0.045675 0.045475 0.000000 
5.000000e-01 5.000000e-01 4.999985e-03 5.000000e-01 5.000000e-01 1.124450e+00 -0.735854 0.111500 0.161497 0.189860 0.161497 0.111500 0.735854 0.044577 0.044614 -0.914236 0.044614 0.044577 0.000000 
5.000000e-01 5.000000e-01 4.999985e-03 5.000000e-01 5.000000e-01 1.132032e+00 -0.740830 0.111339 0.162728 0.192696 0.162728 0.111339 0.740830 0.043681 0.043557 -0.915306 0.043557 0.043681 0.000000 
5.000000e-01 5.000000e-01 4.999985e-03 5.000000e-01 5.000000e-01 1.139591e+00 -0.745791 0.111131 0.163955 0.195618 0.163955 0.111131 0.745791 0.042787 0.042503 -0.916371 0.042503 0.042787 0.000000 
5.000000e-01 5.000000e-01 4.999985e-03 5.000000e-01 5.000000e-01 1.147126e+00 -0.750737 0.110862 0.165174 0.198664 0.165174 0.110862 0.750736 0.041896 0.041452 -0.917432 0.041452 0.041896 0.000000 
5.000000e-01 5.000000e-01 4.999985e-03 5.000000e-01 5.000000e-01 1.154639e+00 -0.755667 0.110547 0.166386 0.201802 0.166386 0.110547 0.755667 0.041007 0.040405 -0.918490 0.040405 0.041007 0.000000 
5.000000e-01 5.000000e-01 4.999985e-03 5.000000e-01 5.000000e-01 1.162128e+00 -0.760582 0.110185 0.167588 0.205035 0.167588 0.110185 0.760581 0.040120 0.039361 -0.919544 0.039361 0.040120 0.000000 
5.000000e-01 5.000000e-01 4.999985e-03 5.000000e-01 5.000000e-01 1.169592e+00 -0.765480 0.109773 0.168780 0.208374 0.168780 0.109773 0.765480 0.039235 0.038321 -0.920593 0.038321 0.039235 0.000000 
5.000000e-01 5.000000e-01 4.999985e-03 5.000000e-01 5.000000e-01 1.177033e+00 -0.770363 0.109290 0.169956 0.211871 0.169956 0.109290 0.770363 0.038353 0.037284 -0.921639 0.037284 0.038353 0.000000 
5.000000e-01 5.000000e-01 4.999985e-03 5.000000e-01 5.000000e-01 1.184448e+00 -0.775230 0.108757 0.171117 0.215481 0.171117 0.108757 0.775230 0.037474 0.036251 -0.922681 0.036251 0.037474 0.000000 
5.000000e-01 5.000000e-01 4.999985e-03 5.000000e-01 5.000000e-01 1.191839e+00 -0.780080 0.108173 0.172263 0.219208 0.172263 0.108173 0.780080 0.036597 0.035222 -0.923718 0.035222 0.036597 0.000000 
5.000000e-01 5.000000e-01 4.999985e-03 5.000000e-01 5.000000e-01 1.199205e+00 -0.784914 0.107529 0.173388 0.223079 0.173388 0.107529 0.784914 0.035723 0.034196 -0.924752 0.034196 0.035723 0.000000 
5.000000e-01 5.000000e-01 4.999985e-03 5.000000e-01 5.000000e-01 1.206545e+00 -0.789731 0.106810 0.174486 0.227139 0.174486 0.106810 0.789731 0.034852 0.033173 -0.925782 0.033173 0.034852 0.000000 
5.000000e-01 5.000000e-01 4.999985e-03 5.000000e-01 5.000000e-01 1.213860e+00 -0.794531 0.106036 0.175559 0.231340 0.175559 0.106036 0.794531 0.033984 0.032155 -0.926808 0.032155 0.033984 0.000000 
5.000000e-01 5.000000e-01 4.999985e-03 5.000000e-01 5.000000e-01 1.221148e+00 -0.799314 0.105209 0.176606 0.235684 0.176606 0.105209 0.799314 0.033118 0.031140 -0.927830 0.031140 0.033118 0.000000 
5.000000e-01 5.000000e-01 4.999985e-03 5.000000e-01 5.000000e-01 1.228410e+00 -0.804079 0.104305 0.177615 0.240239 0.177615 0.104305 0.804079 0.032255 0.030129 -0.928847 0.030129 0.032255 0.000000 
5.000000e-01 5.000000e-01 4.999985e-03 5.000000e-01 5.000000e-01 1.235645e+00 -0.808827 0.103329 0.178581 0.245006 0.178581 0.103329 0.808827 0.031395 0.029122 -0.929861 0.029122 0.031395 0.000000 
5.000000e-01 5.000000e-01 4.999985e-03 5.000000e-01 5.000000e-01 1.242854e+00 -0.813557 0.102296 0.179509 0.249946 0.179509 0.102296 0.813557 0.030538 0.028118 -0.930870 0.028118 0.030538 0.000000 
5.000000e-01 5.000000e-01 4.999985e-03 5.000000e-01 5.000000e-01 1.250034e+00 -0.818269 0.101206 0.180398 0.255062 0.180398 0.101206 0.818269 0.029685 0.027119 -0.931876 0.027119 0.029685 0.000000 
5.000000e-01 5.000000e-01 4.999985e-03 5.000000e-01 5.000000e-01 1.257187e+00 -0.822963 0.100017 0.181211 0.260507 0.181211 0.100017 0.822963 0.028834 0.026123 -0.932877 0.026123 0.028834 0.000000 
5.000000e-01 5.000000e-01 4.999985e-03 5.000000e-01 5.000000e-01 1.264312e+00 -0.827638 0.098768 0.181969 0.266163 0.181969 0.098768 0.827638 0.027986 0.025131 -0.933874 0.025131 0.027986 0.000000 
5.000000e-01 5.000000e-01 4.999985e-03 5.000000e-01 5.000000e-01 1.271408e+00 -0.832294 0.097461 0.182670 0.272032 0.182670 0.097461 0.832294 0.027142 0.024144 -0.934866 0.024144 0.027142 0.000000 
5.000000e-01 5.000000e-01 4.999985e-03 5.000000e-01 5.000000e-01 1.278476e+00 -0.836932 0.096071 0.183288 0.278215 0.183288 0.096071 0.836932 0.026301 0.023160 -0.935855 0.023160 0.026301 0.000000 
5.000000e-01 5.000000e-01 4.999985e-03 5.000000e-01 5.000000e-01 1.285514e+00 -0.841550 0.094598 0.183809 0.284735 0.183809 0.094598 0.841550 0.025463 0.022181 -0.936839 0.022181 0.025463 0.000000 
5.000000e-01 5.000000e-01 4.999985e-03 5.000000e-01 5.000000e-01 1.292523e+00 -0.846149 0.093067 0.184252 0.291512 0.184252 0.093067 0.846149 0.024629 0.021206 -0.937819 0.021206 0.024629 0.000000 
5.000000e-01 5.000000e-01 4.999985e-03 5.000000e-01 5.000000e-01 1.299502e+00 -0.850729 0.091468 0.184602 0.298587 0.184602 0.091468 0.850729 0.023798 0.020235 -0.938794 0.020235 0.023798 0.000000 
5.000000e-01 5.000000e-01 4.999985e-03 5.000000e-01 5.000000e-01 1.306450e+00 -0.855289 0.089769 0.184798 0.306154 0.184798 0.089769 0.855289 0.022970 0.019268 -0.939765 0.019268 0.022970 0.000000 
5.000000e-01 5.000000e-01 4.999985e-03 5.000000e-01 5.000000e-01 1.313368e+00 -0.859828 0.088010 0.184888 0.314032 0.184888 0.088010 0.859828 0.022146 0.018305 -0.940731 0.018305 0.022146 0.000000 
5.000000e-01 5.000000e-01 4.999985e-03 5.000000e-01 5.000000e-01 1.320254e+00 -0.864348 0.086194 0.184870 0.322219 0.184870 0.086194 0.864348 0.021326 0.017347 -0.941694 0.017347 0.021326 0.000000 
5.000000e-01 5.000000e-01 4.999985e-03 5.000000e-01 5.000000e-01 1.327110e+00 -0.868847 0.084272 0.184635 0.331033 0.184635 0.084272 0.868847 0.020509 0.016393 -0.942651 0.016393 0.020509 0.000000 
5.000000e-01 5.000000e-01 4.999985e-03 5.000000e-01 5.000000e-01 1.333933e+00 -0.873325 0.082288 0.184251 0.340247 0.184251 0.082288 0.873325 0.019695 0.015444 -0.943604 0.015444 0.019695 0.000000 
5.000000e-01 5.000000e-01 4.999985e-03 5.000000e-01 5.000000e-01 1.340724e+00 -0.877782 0.080250 0.183726 0.349831 0.183726 0.080250 0.877782 0.018886 0.014499 -0.944553 0.014499 0.018886 0.000000 
5.000000e-01 5.000000e-01 4.999985e-03 5.000000e-01 5.000000e-01 1.347483e+00 -0.882219 0.078114 0.182932 0.360127 0.182932 0.078114 0.882219 0.018080 0.013559 -0.945496 0.013559 0.018080 0.000000 
5.000000e-01 5.000000e-01 4.999985e-03 5.000000e-01 5.000000e-01 1.354208e+00 -0.886634 0.075913 0.181923 0.370964 0.181923 0.075913 0.886634 0.017278 0.012623 -0.946436 0.012623 0.017278 0.000000 
5.000000e-01 5.000000e-01 4.999985e-03 5.000000e-01 5.000000e-01 1.360900e+00 -0.891028 0.073661 0.180733 0.382240 0.180733 0.073661 0.891028 0.016480 0.011691 -0.947370 0.011691 0.016480 0.000000 
5.000000e-01 5.000000e-01 4.999985e-03 5.000000e-01 5.000000e-01 1.367559e+00 -0.895401 0.071317 0.179200 0.394367 0.179200 0.071317 0.895401 0.015685 0.010764 -0.948300 0.010764 0.015685 0.000000 
5.000000e-01 5.000000e-01 4.999985e-03 5.000000e-01 5.000000e-01 1.374183e+00 -0.899752 0.068910 0.177381 0.407170 0.177381 0.068910 0.899752 0.014894 0.009842 -0.949225 0.009842 0.014894 0.000000 
5.000000e-01 5.000000e-01 4.999985e-03 5.000000e-01 5.000000e-01 1.380772e+00 -0.904082 0.066459 0.175338 0.420486 0.175338 0.066459 0.904082 0.014108 0.008925 -0.950146 0.008925 0.014108 0.000000 
5.000000e-01 5.000000e-01 4.999985e-03 5.000000e-01 5.000000e-01 1.387327e+00 -0.908390 0.063919 0.172838 0.434876 0.172838 0.063919 0.908390 0.013325 0.008012 -0.951062 0.008012 0.013325 0.000000 
5.000000e-01 5.000000e-01 4.999985e-03 5.000000e-01 5.000000e-01 1.393846e+00 -0.912676 0.061325 0.169993 0.450039 0.169993 0.061325 0.912676 0.012545 0.007103 -0.951973 0.007103 0.012545 0.000000 
5.000000e-01 5.000000e-01 4.999985e-03 5.000000e-01 5.000000e-01 1.400329e+00 -0.916941 0.058694 0.166882 0.465788 0.166882 0.058694 0.916941 0.011770 0.006199 -0.952880 0.006199 0.011770 0.000000 
5.000000e-01 5.000000e-01 4.999985e-03 5.000000e-01 5.000000e-01 1.406777e+00 -0.921185 0.055974 0.163139 0.482959 0.163139 0.055974 0.921185 0.010999 0.005300 -0.953782 0.005300 0.010999 0.000000 
5.000000e-01 5.000000e-01 4.999985e-03 5.000000e-01 5.000000e-01 1.413188e+00 -0.925407 0.053216 0.159034 0.500907 0.159034 0.053216 0.925407 0.010231 0.004405 -0.954679 0.004405 0.010231 0.000000 
5.000000e-01 5.000000e-01 4.999985e-03 5.000000e-01 5.000000e-01 1.419563e+00 -0.929608 0.050421 0.154567 0.519630 0.154567 0.050421 0.929608 0.009467 0.003515 -0.955572 0.003515 0.009467 0.000000 
5.000000e-01 5.000000e-01 4.999985e-03 5.000000e-01 5.000000e-01 1.425901e+00 -0.933789 0.047549 0.149331 0.540028 0.149331 0.047549 0.933789 0.008707 0.002629 -0.956460 0.002629 0.008707 0.000000 
5.000000e-01 5.000000e-01 4.999985e-03 5.000000e-01 5.000000e-01 1.432202e+00 -0.937949 0.044654 0.143739 0.561164 0.143739 0.044654 0.937949 0.007951 0.001747 -0.957344 0.001747 0.007951 0.000000 
5.000000e-01 5.000000e-01 4.999985e-03 5.000000e-01 5.000000e-01 1.438465e+00 -0.942089 0.041714 0.137572 0.583518 0.137572 0.041714 0.942089 0.007198 0.000870 -0.958224 0.000870 0.007198 0.000000 
5.000000e-01 5.000000e-01 4.999985e-03 5.000000e-01 5.000000e-01 1.444691e+00 -0.946212 0.038725 0.130680 0.607402 0.130680 0.038725 0.946211 0.006448 -0.000004 -0.959100 -0.000004 0.006448 0.000000 
5.000000e-01 5.000000e-01 4.999985e-03 5.000000e-01 5.000000e-01 1.450879e+00 -0.950312 0.035721 0.123430 0.632012 0.123430 0.035721 0.950312 0.005702 -0.000873 -0.959971 -0.000873 0.005702 0.000000 
5.000000e-01 5.000000e-01 4.999985e-03 5.000000e-01 5.000000e-01 1.457030e+00 -0.954397 0.032665 0.115312 0.658443 0.115312 0.032665 0.954397 0.004959 -0.001739 -0.960839 -0.001739 0.004959 0.000000 
5.000000e-01 5.000000e-01 4.999985e-03 5.000000e-01 5.000000e-01 1.463142e+00 -0.958462 0.029590 0.106685 0.685914 0.106685 0.029590 0.958462 0.004220 -0.002600 -0.961702 -0.002600 0.004220 0.000000 
5.000000e-01 5.000000e-01 4.999985e-03 5.000000e-01 5.000000e-01 1.469217e+00 -0.962508 0.026498 0.097585 0.714343 0.097585 0.026498 0.962508 0.003484 -0.003457 -0.962562 -0.003457 0.003484 0.000000 
5.000000e-01 5.000000e-01 4.999985e-03 5.000000e-01 5.000000e-01 1.475252e+00 -0.966539 0.023369 0.087616 0.744569 0.087616 0.023369 0.966539 0.002751 -0.004312 -0.963418 -0.004312 0.002751 0.000000 
5.000000e-01 5.000000e-01 4.999985e-03 5.000000e-01 5.000000e-01 1.481249e+00 -0.970549 0.020240 0.077370 0.775330 0.077370 0.020240 0.970549 0.002022 -0.005161 -0.964270 -0.005161 0.002022 0.000000 
5.000000e-01 5.000000e-01 4.999985e-03 5.000000e-01 5.000000e-01 1.487206e+00 -0.974542 0.017088 0.066414 0.807537 0.066414 0.017088 0.974542 0.001295 -0.006008 -0.965118 -0.006008 0.001295 0.000000 
5.000000e-01 5.000000e-01 4.999985e-03 5.000000e-01 5.000000e-01 1.493123e+00 -0.978515 0.013935 0.055095 0.840456 0.055095 0.013935 0.978515 0.000573 -0.006849 -0.965962 -0.006849 0.000573 0.000000 
5.000000e-01 5.000000e-01 4.999985e-03 5.000000e-01 5.000000e-01 1.499000e+00 -0.982466 0.010782 0.043464 0.873973 0.043464 0.010782 0.982466 -0.000146 -0.007687 -0.966801 -0.007687 -0.000146 0.000000 
5.000000e-01 5.000000e-01 4.999985e-03 5.000000e-01 5.000000e-01 1.504834e+00 -0.986397 0.007627 0.031418 0.908306 0.031418 0.007627 0.986397 -0.000861 -0.008519 -0.967636 -0.008519 -0.000861 0.000000 
5.000000e-01 5.000000e-01 4.999985e-03 5.000000e-01 5.000000e-01 1.510624e+00 -0.990299 0.004490 0.019326 0.942668 0.019326 0.004490 0.990299 -0.001571 -0.009346 -0.968465 -0.009346 -0.001571 0.000000 
5.000000e-01 5.000000e-01 4.999985e-03 5.000000e-01 5.000000e-01 1.515042e+00 -0.993281 0.002085 0.009882 0.969348 0.009882 0.002085 0.993281 -0.002113 -0.009978 -0.969098 -0.009978 -0.002113 0.000000 
5.000000e-01 5.000000e-01 4.999985e-03 5.000000e-01 5.000000e-01 1.515042e+00 -0.993281 0.002085 0.009882 0.969348 0.009882 0.002085 0.993281 -0.002113 -0.009978 -0.969098 -0.009978 -0.002113 0.000000 
5.000000e-01 5.000000e-01 4.999985e-03 5.000000e-01 5.000000e-01 1.515042e+00 -0.993281 0.002085 0.009882 0.969348 0.009882 0.002085 0.993281 -0.002113 -0.009978 -0.969098 -0.009978 -0.002113 0.000000 
5.000000e-01 5.000000e-01 4.999985e-03 5.000000e-01 5.000000e-01 1.515042e+00 -0.993281 0.002085 0.009882 0.969348 0.009882 0.002085 0.993281 -0.002113 -0.009978 -0.969098 -0.009978 -0.002113 0.000000 
5.000000e-01 5.000000e-01 4.999985e-03 5.000000e-01 5.000000e-01 1.515042e+00 -0.993281 0.002085 0.009882 0.969348 0.009882 0.002085 0.993281 -0.002113 -0.009978 -0.969098 -0.009978 -0.002113 0.000000 
5.000000e-01 5.000000e-01 4.999985e-03 5.000000e-01 5.000000e-01 1.515042e+00 -0.993281 0.002085 0.009882 0.969348 0.009882 0.002085 0.993281 -0.002113 -0.009978 -0.969098 -0.009978 -0.002113 0.000000 
5.000000e-01 5.000000e-01 4.999985e-03 5.000000e-01 5.000000e-01 1.515042e+00 -0.993281 0.002085 0.009882 0.969348 0.009882 0.002085 0.993281 -0.002113 -0.009978 -0.969098 -0.009978 -0.002113 0.000000 
5.000000e-01 5.000000e-01 4.999985e-03 5.000000e-01 5.000000e-01 1.515042e+00 -0.993281 0.002085 0.009882 0.969348 0.009882 0.002085 0.993281 -0.002113 -0.009978 -0.969098 -0.009978 -0.002113 0.000000 
5.000000e-01 5.000000e-01 4.999985e-03 5.000000e-01 5.000000e-01 1.515042e+00 -0.993281 0.002085 0.009882 0.969348 0.009882 0.002085 0.993281 -0.002113 -0.009978 -0.969098 -0.009978 -0.002113 0.000000 
5.000000e-01 5.000000e-01 4.999985e-03 5.000000e-01 5.000000e-01 1.515042e+00 -0.993281 0.002085 0.009882 0.969348 0.009882 0.002085 0.993281 -0.002113 -0.009978 -0.969098 -0.009978 -0.002113 0.000000 
5.000000e-01 5.000000e-01 4.999985e-03 5.000000e-01 5.000000e-01 1.515042e+00 -0.993281 0.002085 0.009882 0.969348 0.009882 0.002085 0.993281 -0.002113 -0.009978 -0.969098 -0.009978 -0.002113 0.000000 
5.000000e-01 5.000000e-01 4.999985e-03 5.000000e-01 5.000000e-01 1.515042e+00 -0.993281 0.002085 0.009882 0.969348 0.009882 0.002085 0.993281 -0.002113 -0.009978 -0.969098 -0.009978 -0.002113 0.000000 
5.000000e-01 5.000000e-01 4.999985e-03 5.000000e-01 5.000000e-01 1.515042e+00 -0.993281 0.002085 0.009882 0.969348 0.009882 0.002085 0.993281 -0.002113 -0.009978 -0.969098 -0.009978 -0.002113 0.000000 
5.000000e-01 5.000000e-01 4.999985e-03 5.000000e-01 5.000000e-01 1.515042e+00 -0.993281 0.002085 0.009882 0.969348 0.009882 0.002085 0.993281 -0.002113 -0.009978 -0.969098 -0.009978 -0.002113 0.000000 
5.000000e-01 5.000000e-01 4.999985e-03 5.000000e-01 5.000000e-01 1.515042e+00 -0.993281 0.002085 0.009882 0.969348 0.009882 0.002085 0.993281 -0.002113 -0.009978 -0.969098 -0.009978 -0.002113 0.000000 
5.000000e-01 5.000000e-01 4.999985e-03 5.000000e-01 5.000000e-01 1.515042e+00 -0.993281 0.002085 0.009882 0.969348 0.009882 0.002085 0.993281 -0.002113 -0.009978 -0.969098 -0.009978 -0.002113 0.000000 
5.000000e-01 5.000000e-01 4.999985e-03 5.000000e-01 5.000000e-01 1.515042e+00 -0.993281 0.002085 0.009882 0.969348 0.009882 0.002085 0.993281 -0.002113 -0.009978 -0.969098 -0.009978 -0.002113 0.000000 
5.000000e-01 5.000000e-01 4.999985e-03 5.000000e-01 5.000000e-01 1.515042e+00 -0.993281 0.002085 0.009882 0.969348 0.009882 0.002085 0.993281 -0.002113 -0.009978 -0.969098 -0.009978 -0.002113 0.000000 
5.000000e-01 5.000000e-01 4.999985e-03 5.000000e-01 5.000000e-01 1.515042e+00 -0.993281 0.002085 0.009882 0.969348 0.009882 0.002085 0.993281 -0.002113 -0.009978 -0.969098 -0.009978 -0.002113 0.000000 
5.000000e-01 5.000000e-01 4.999985e-03 5.000000e-01 5.000000e-01 1.515042e+00 -0.993281 0.002085 0.009882 0.969348 0.009882 0.002085 0.993281 -0.002113 -0.009978 -0.969098 -0.009978 -0.002113 0.000000 
5.000000e-01 5.000000e-01 4.999985e-03 5.000000e-01 5.000000e-01 1.515042e+00 -0.993281 0.002085 0.009882 0.969348 0.009882 0.002085 0.993281 -0.002113 -0.009978 -0.969098 -0.009978 -0.002113 0.000000 
5.000000e-01 5.000000e-01 4.999985e-03 5.000000e-01 5.000000e-01 1.515042e+00 -0.993281 0.002085 0.009882 0.969348 0.009882 0.002085 0.993281 -0.002113 -0.009978 -0.969098 -0.009978 -0.002113 0.000000 
5.000000e-01 5.000000e-01 4.999985e-03 5.000000e-01 5.000000e-01 1.515042e+00 -0.993281 0.002085 0.009882 0.969348 0.009882 0.002085 0.993281 -0.002113 -0.009978 -0.969098 -0.009978 -0.002113 0.000000 
5.000000e-01 5.000000e-01 4.999985e-03 5.000000e-01 5.000000e-01 1.515042e+00 -0.993281 0.002085 0.009882 0.969348 0.009882 0.002085 0.993281 -0.002113 -0.009978 -0.969098 -0.009978 -0.002113 0.000000 
5.000000e-01 5.000000e-01 4.999985e-03 5.000000e-01 5.000000e-01 1.515042e+00 -0.993281 0.002085 0.009882 0.969348 0.009882 0.002085 0.993281 -0.002113 -0.009978 -0.969098 -0.009978 -0.002113 0.000000 
5.000000e-01 5.000000e-01 4.999985e-03 5.000000e-01 5.000000e-01 1.515042e+00 -0.993281 0.002085 0.009882 0.969348 0.009882 0.002085 0.993281 -0.002113 -0.009978 -0.969098 -0.009978 -0.002113 0.000000 
5.000000e-01 5.000000e-01 4.999985e-03 5.000000e-01 5.000000e-01 1.515042e+00 -0.993281 0.002085 0.009882 0.969348 0.009882 0.002085 0.993281 -0.002113 -0.009978 -0.969098 -0.009978 -0.002113 0.000000 
5.000000e-01 5.000000e-01 4.999985e-03 5.000000e-01 5.000000e-01 1.515042e+00 -0.993281 0.002085 0.009882 0.969348 0.009882 0.002085 0.993281 -0.002113 -0.009978 -0.969098 -0.009978 -0.002113 0.000000 
5.000000e-01 5.000000e-01 4.999985e-03 5.000000e-01 5.000000e-01 1.515042e+00 -0.993281 0.002085 0.009882 0.969348 0.009882 0.002085 0.993281 -0.002113 -0.009978 -0.969098 -0.009978 -0.002113 0.000000 
5.000000e-01 5.000000e-01 4.999985e-03 5.000000e-01 5.000000e-01 1.515042e+00 -0.993281 0.002085 0.009882 0.969348 0.009882 0.002085 0.993281 -0.002113 -0.009978 -0.969098 -0.009978 -0.002113 0.000000 
5.000000e-01 5.000000e-01 4.999985e-03 5.000000e-01 5.000000e-01 1.515042e+00 -0.993281 0.002085 0.009882 0.969348 0.009882 0.002085 0.993281 -0.002113 -0.009978 -0.969098 -0.009978 -0.002113 0.000000 
5.000000e-01 5.000000e-01 4.999985e-03 5.000000e-01 5.000000e-01 1.515042e+00 -0.993281 0.002085 0.009882 0.969348 0.009882 0.002085 0.993281 -0.002113 -0.009978 -0.969098 -0.009978 -0.002113 0.000000 
5.000000e-01 5.000000e-01 4.999985e-03 5.000000e-01 5.000000e-01 1.515042e+00 -0.993281 0.002085 0.009882 0.969348 0.009882 0.002085 0.993281 -0.002113 -0.009978 -0.969098 -0.009978 -0.002113 0.000000 
5.000000e-01 5.000000e-01 4.999985e-03 5.000000e-01 5.000000e-01 1.515042e+00 -0.993281 0.002085 0.009882 0.969348 0.009882 0.002085 0.993281 -0.002113 -0.009978 -0.969098 -0.009978 -0.002113 0.000000 
5.000000e-01 5.000000e-01 4.999985e-03 5.000000e-01 5.000000e-01 1.515042e+00 -0.993281 0.002085 0.009882 0.969348 0.009882 0.002085 0.993281 -0.002113 -0.009978 -0.969098 -0.009978 -0.002113 0.000000 
5.000000e-01 5.000000e-01 4.999985e-03 5.000000e-01 5.000000e-01 1.515042e+00 -0.993281 0.002085 0.009882 0.969348 0.009882 0.002085 0.993281 -0.002113 -0.009978 -0.969098 -0.009978 -0.002113 0.000000 
5.000000e-01 5.000000e-01 4.999985e-03 5.000000e-01 5.000000e-01 1.515042e+00 -0.993281 0.002085 0.009882 0.969348 0.009882 0.002085 0.993281 -0.002113 -0.009978 -0.969098 -0.009978 -0.002113 0.000000 
5.000000e-01 5.000000e-01 4.999985e-03 5.000000e-01 5.000000e-01 1.515042e+00 -0.993281 0.002085 0.009882 0.969348 0.009882 0.002085 0.993281 -0.002113 -0.009978 -0.969098 -0.009978 -0.002113 0.000000 
5.000000e-01 5.000000e-01 4.999985e-03 5.000000e-01 5.000000e-01 1.515042e+00 -0.993281 0.002085 0.009882 0.969348 0.009882 0.002085 0.993281 -0.002113 -0.009978 -0.969098 -0.009978 -0.002113 0.000000 
5.000000e-01 5.000000e-01 4.999985e-03 5.000000e-01 5.000000e-01 1.515042e+00 -0.993281 0.002085 0.009882 0.969348 0.009882 0.002085 0.993281 -0.002113 -0.009978 -0.969098 -0.009978 -0.002113 0.000000 
5.000000e-01 5.000000e-01 4.999985e-03 5.000000e-01 5.000000e-01 1.515042e+00 -0.993281 0.002085 0.009882 0.969348 0.009882 0.002085 0.993281 -0.002113 -0.009978 -0.969098 -0.009978 -0.002113 0.000000 
5.000000e-01 5.000000e-01 4.999985e-03 5.000000e-01 5.000000e-01 1.515042e+00 -0.993281 0.002085 0.009882 0.969348 0.009882 0.002085 0.993281 -0.002113 -0.009978 -0.969098 -0.009978 -0.002113 0.000000 
5.000000e-01 5.000000e-01 4.999985e-03 5.000000e-01 5.000000e-01 1.515042e+00 -0.993281 0.002085 0.009882 0.969348 0.009882 0.002085 0.993281 -0.002113 -0.009978 -0.969098 -0.009978 -0.002113 0.000000 
5.000000e-01 5.000000e-01 4.999985e-03 5.000000e-01 5.000000e-01 1.515042e+00 -0.993281 0.002085 0.009882 0.969348 0.009882 0.002085 0.993281 -0.002113 -0.009978 -0.969098 -0.009978 -0.002113 0.000000 
5.000000e-01 5.000000e-01 4.999985e-03 5.000000e-01 5.000000e-01 1.515042e+00 -0.993281 0.002085 0.009882 0.969348 0.009882 0.002085 0.993281 -0.002113 -0.009978 -0.969098 -0.009978 -0.002113 0.000000 
5.000000e-01 5.000000e-01 4.999985e-03 5.000000e-01 5.000000e-01 1.515042e+00 -0.993281 0.002085 0.009882 0.969348 0.009882 0.002085 0.993281 -0.002113 -0.009978 -0.969098 -0.009978 -0.002113 0.000000 
5.000000e-01 5.000000e-01 4.999985e-03 5.000000e-01 5.000000e-01 1.515042e+00 -0.993281 0.002085 0.009882 0.969348 0.009882 0.002085 0.993281 -0.002113 -0.009978 -0.969098 -0.009978 -0.002113 0.000000 
5.000000e-01 5.000000e-01 4.999985e-03 5.000000e-01 5.000000e-01 1.515042e+00 -0.993281 0.002085 0.009882 0.969348 0.009882 0.002085 0.993281 -0.002113 -0.009978 -0.969098 -0.009978 -0.002113 0.000000 
5.000000e-01 5.000000e-01 4.999985e-03 5.000000e-01 5.000000e-01 1.515042e+00 -0.993281 0.002085 0.009882 0.969348 0.009882 0.002085 0.993281 -0.002113 -0.009978 -0.969098 -0.009978 -0.002113 0.000000 
5.000000e-01 5.000000e-01 4.999985e-03 5.000000e-01 5.000000e-01 1.515042e+00 -0.993281 0.002085 0.009882 0.969348 0.009882 0.002085 0.993281 -0.002113 -0.009978 -0.969098 -0.009978 -0.002113 0.000000 
5.000000e-01 5.000000e-01 4.999985e-03 5.000000e-01 5.000000e-01 1.515042e+00 -0.993281 0.002085 0.009882 0.969348 0.009882 0.002085 0.993281 -0.002113 -0.009978 -0.969098 -0.009978 -0.002113 0.000000 
5.000000e-01 5.000000e-01 4.999985e-03 5.000000e-01 5.000000e-01 1.515042e+00 -0.993281 0.002085 0.009882 0.969348 0.009882 0.002085 0.993281 -0.002113 -0.009978 -0.969098 -0.009978 -0.002113 0.000000 
5.000000e-01 5.000000e-01 4.999985e-03 5.000000e-01 5.000000e-01 1.515042e+00 -0.993281 0.002085 0.009882 0.969348 0.009882 0.002085 0.993281 -0.002113 -0.009978 -0.969098 -0.009978 -0.002113 0.000000 
5.000000e-01 5.000000e-01 4.999985e-03 5.000000e-01 5.000000e-01 1.515042e+00 -0.993281 0.002085 0.009882 0.969348 0.009882 0.002085 0.993281 -0.002113 -0.009978 -0.969098 -0.009978 -0.002113 0.000000 
5.000000e-01 5.000000e-01 4.999985e-03 5.000000e-01 5.000000e-01 1.515042e+00 -0.993281 0.002085 0.009882 0.969348 0.009882 0.002085 0.993281 -0.002113 -0.009978 -0.969098 -0.009978 -0.002113 0.000000 
5.000000e-01 5.000000e-01 4.999985e-03 5.000000e-01 5.000000e-01 1.515042e+00 -0.993281 0.002085 0.009882 0.969348 0.009882 0.002085 0.993281 -0.002113 -0.009978 -0.969098 -0.009978 -0.002113 0.000000 
5.000000e-01 5.000000e-01 4.999985e-03 5.000000e-01 5.000000e-01 1.515042e+00 -0.993281 0.002085 0.009882 0.969348 0.009882 0.002085 0.993281 -0.002113 -0.009978 -0.969098 -0.009978 -0.002113 0.000000 
5.000000e-01 5.000000e-01 4.999985e-03 5.000000e-01 5.000000e-01 1.515042e+00 -0.993281 0.002085 0.009882 0.969348 0.009882 0.002085 0.993281 -0.002113 -0.009978 -0.969098 -0.009978 -0.002113 0.000000 
5.000000e-01 5.000000e-01 4.999985e-03 5.000000e-01 5.000000e-01 1.515042e+00 -0.993281 0.002085 0.009882 0.969348 0.009882 0.002085 0.993281 -0.002113 -0.009978 -0.969098 -0.009978 -0.002113 0.000000 
5.000000e-01 5.000000e-01 4.999985e-03 5.000000e-01 5.000000e-01 1.515042e+00 -0.993281 0.002085 0.009882 0.969348 0.009882 0.002085 0.993281 -0.002113 -0.009978 -0.969098 -0.009978 -0.002113 0.000000 
5.000000e-01 5.000000e-01 4.999985e-03 5.000000e-01 5.000000e-01 1.515042e+00 -0.993281 0.002085 0.009882 0.969348 0.009882 0.002085 0.993281 -0.002113 -0.009978 -0.969098 -0.009978 -0.002113 0.000000 
5.000000e-01 5.000000e-01 4.999985e-03 5.000000e-01 5.000000e-01 1.515042e+00 -0.993281 0.002085 0.009882 0.969348 0.009882 0.002085 0.993281 -0.002113 -0.009978 -0.969098 -0.009978 -0.002113 0.000000 
5.000000e-01 5.000000e-01 4.999985e-03 5.000000e-01 5.000000e-01 1.515042e+00 -0.993281 0.002085 0.009882 0.969348 0.009882 0.002085 0.993281 -0.002113 -0.009978 -0.969098 -0.009978 -0.002113 0.000000 
5.000000e-01 5.000000e-01 4.999985e-03 5.000000e-01 5.000000e-01 1.515042e+00 -0.993281 0.002085 0.009882 0.969348 0.009882 0.002085 0.993281 -0.002113 -0.009978 -0.969098 -0.009978 -0.002113 0.000000 
5.000000e-01 5.000000e-01 4.999985e-03 5.000000e-01 5.000000e-01 1.515042e+00 -0.993281 0.002085 0.009882 0.969348 0.009882 0.002085 0.993281 -0.002113 -0.009978 -0.969098 -0.009978 -0.002113 0.000000 
5.000000e-01 5.000000e-01 4.999985e-03 5.000000e-01 5.000000e-01 1.515042e+00 -0.993281 0.002085 0.009882 0.969348 0.009882 0.002085 0.993281 -0.002113 -0.009978 -0.969098 -0.009978 -0.002113 0.000000 
5.000000e-01 5.000000e-01 4.999985e-03 5.000000e-01 5.000000e-01 1.515042e+00 -0.993281 0.002085 0.009882 0.969348 0.009882 0.002085 0.993281 -0.002113 -0.009978 -0.969098 -0.009978 -0.002113 0.000000 
5.000000e-01 5.000000e-01 4.999985e-03 5.000000e-01 5.000000e-01 1.515042e+00 -0.993281 0.002085 0.009882 0.969348 0.009882 0.002085 0.993281 -0.002113 -0.009978 -0.969098 -0.009978 -0.002113 0.000000 
5.000000e-01 5.000000e-01 4.999985e-03 5.000000e-01 5.000000e-01 1.515042e+00 -0.993281 0.002085 0.009882 0.969348 0.009882 0.002085 0.993281 -0.002113 -0.009978 -0.969098 -0.009978 -0.002113 0.000000 
5.000000e-01 5.000000e-01 4.999985e-03 5.000000e-01 5.000000e-01 1.515042e+00 -0.993281 0.002085 0.009882 0.969348 0.009882 0.002085 0.993281 -0.002113 -0.009978 -0.969098 -0.009978 -0.002113 0.000000 
5.000000e-01 5.000000e-01 4.999985e-03 5.000000e-01 5.000000e-01 1.515042e+00 -0.993281 0.002085 0.009882 0.969348 0.009882 0.002085 0.993281 -0.002113 -0.009978 -0.969098 -0.009978 -0.002113 0.000000 
5.000000e-01 5.000000e-01 4.999985e-03 5.000000e-01 5.000000e-01 1.515042e+00 -0.993281 0.002085 0.009882 0.969348 0.009882 0.002085 0.993281 -0.002113 -0.009978 -0.969098 -0.009978 -0.002113 0.000000 
5.000000e-01 5.000000e-01 4.999985e-03 5.000000e-01 5.000000e-01 1.515042e+00 -0.993281 0.002085 0.009882 0.969348 0.009882 0.002085 0.993281 -0.002113 -0.009978 -0.969098 -0.009978 -0.002113 0.000000 
5.000000e-01 5.000000e-01 4.999985e-03 5.000000e-01 5.000000e-01 1.515042e+00 -0.993281 0.002085 0.009882 0.969348 0.009882 0.002085 0.993281 -0.002113 -0.009978 -0.969098 -0.009978 -0.002113 0.000000 
5.000000e-01 5.000000e-01 4.999985e-03 5.000000e-01 5.000000e-01 1.515042e+00 -0.993281 0.002085 0.009882 0.969348 0.009882 0.002085 0.993281 -0.002113 -0.009978 -0.969098 -0.009978 -0.002113 0.000000 
5.000000e-01 5.000000e-01 4.999985e-03 5.000000e-01 5.000000e-01 1.515042e+00 -0.993281 0.002085 0.009882 0.969348 0.009882 0.002085 0.993281 -0.002113 -0.009978 -0.969098 -0.009978 -0.002113 0.000000 
5.000000e-01 5.000000e-01 4.999985e-03 5.000000e-01 5.000000e-01 1.515042e+00 -0.993281 0.002085 0.009882 0.969348 0.009882 0.002085 0.993281 -0.002113 -0.009978 -0.969098 -0.009978 -0.002113 0.000000 
5.000000e-01 5.000000e-01 4.999985e-03 5.000000e-01 5.000000e-01 1.515042e+00 -0.993281 0.002085 0.009882 0.969348 0.009882 0.002085 0.993281 -0.002113 -0.009978 -0.969098 -0.009978 -0.002113 0.000000 
5.000000e-01 5.000000e-01 4.999985e-03 5.000000e-01 5.000000e-01 1.515042e+00 -0.993281 0.002085 0.009882 0.969348 0.009882 0.002085 0.993281 -0.002113 -0.009978 -0.969098 -0.009978 -0.002113 0.000000 
5.000000e-01 5.000000e-01 4.999985e-03 5.000000e-01 5.000000e-01 1.515042e+00 -0.993281 0.002085 0.009882 0.969348 0.009882 0.002085 0.993281 -0.002113 -0.009978 -0.969098 -0.009978 -0.002113 0.000000 
5.000000e-01 5.000000e-01 4.999985e-03 5.000000e-01 5.000000e-01 1.515042e+00 -0.993281 0.002085 0.009882 0.969348 0.009882 0.002085 0.993281 -0.002113 -0.009978 -0.969098 -0.009978 -0.002113 0.000000 
5.000000e-01 5.000000e-01 4.999985e-03 5.000000e-01 5.000000e-01 1.515042e+00 -0.993281 0.002085 0.009882 0.969348 0.009882 0.002085 0.993281 -0.002113 -0.009978 -0.969098 -0.009978 -0.002113 0.000000 
5.000000e-01 5.000000e-01 4.999985e-03 5.000000e-01 5.000000e-01 1.515042e+00 -0.993281 0.002085 0.009882 0.969348 0.009882 0.002085 0.993281 -0.002113 -0.009978 -0.969098 -0.009978 -0.002113 0.000000 
5.000000e-01 5.000000e-01 4.999985e-03 5.000000e-01 5.000000e-01 1.515042e+00 -0.993281 0.002085 0.009882 0.969348 0.009882 0.002085 0.993281 -0.002113 -0.009978 -0.969098 -0.009978 -0.002113 0.000000 
5.000000e-01 5.000000e-01 4.999985e-03 5.000000e-01 5.000000e-01 1.515042e+00 -0.993281 0.002085 0.009882 0.969348 0.009882 0.002085 0.993281 -0.002113 -0.009978 -0.969098 -0.009978 -0.002113 0.000000 
5.000000e-01 5.000000e-01 4.999985e-03 5.000000e-01 5.000000e-01 1.515042e+00 -0.993281 0.002085 0.009882 0.969348 0.009882 0.002085 0.993281 -0.002113 -0.009978 -0.969098 -0.009978 -0.002113 0.000000 
5.000000e-01 5.000000e-01 4.999985e-03 5.000000e-01 5.000000e-01 1.515042e+00 -0.993281 0.002085 0.009882 0.969348 0.009882 0.002085 0.993281 -0.002113 -0.009978 -0.969098 -0.009978 -0.002113 0.000000 
5.000000e-01 5.000000e-01 4.999985e-03 5.000000e-01 5.000000e-01 1.515042e+00 -0.993281 0.002085 0.009882 0.969348 0.009882 0.002085 0.993281 -0.002113 -0.009978 -0.969098 -0.009978 -0.002113 0.000000 
5.000000e-01 5.000000e-01 4.999985e-03 5.000000e-01 5.000000e-01 1.515042e+00 -0.993281 0.002085 0.009882 0.969348 0.009882 0.002085 0.993281 -0.002113 -0.009978 -0.969098 -0.009978 -0.002113 0.000000 
5.000000e-01 5.000000e-01 4.999985e-03 5.000000e-01 5.000000e-01 1.515042e+00 -0.993281 0.002085 0.009882 0.969348 0.009882 0.002085 0.993281 -0.002113 -0.009978 -0.969098 -0.009978 -0.002113 0.000000 
5.000000e-01 5.000000e-01 4.999985e-03 5.000000e-01 5.000000e-01 1.515042e+00 -0.993281 0.002085 0.009882 0.969348 0.009882 0.002085 0.993281 -0.002113 -0.009978 -0.969098 -0.009978 -0.002113 0.000000 
5.000000e-01 5.000000e-01 4.999985e-03 5.000000e-01 5.000000e-01 1.515042e+00 -0.993281 0.002085 0.009882 0.969348 0.009882 0.002085 0.993281 -0.002113 -0.009978 -0.969098 -0.009978 -0.002113 0.000000 
5.000000e-01 5.000000e-01 4.999985e-03 5.000000e-01 5.000000e-01 1.515042e+00 -0.993281 0.002085 0.009882 0.969348 0.009882 0.002085 0.993281 -0.002113 -0.009978 -0.969098 -0.009978 -0.002113 0.000000 
5.000000e-01 5.000000e-01 4.999985e-03 5.000000e-01 5.000000e-01 1.515042e+00 -0.993281 0.002085 0.009882 0.969348 0.009882 0.002085 0.993281 -0.002113 -0.009978 -0.969098 -0.009978 -0.002113 0.000000 
5.000000e-01 5.000000e-01 4.999985e-03 5.000000e-01 5.000000e-01 1.515042e+00 -0.993281 0.002085 0.009882 0.969348 0.009882 0.002085 0.993281 -0.002113 -0.009978 -0.969098 -0.009978 -0.002113 0.000000 
5.000000e-01 5.000000e-01 4.999985e-03 5.000000e-01 5.000000e-01 1.515042e+00 -0.993281 0.002085 0.009882 0.969348 0.009882 0.002085 0.993281 -0.002113 -0.009978 -0.969098 -0.009978 -0.002113 0.000000 
5.000000e-01 5.000000e-01 4.999985e-03 5.000000e-01 5.000000e-01 1.515042e+00 -0.993281 0.002085 0.009882 0.969348 0.009882 0.002085 0.993281 -0.002113 -0.009978 -0.969098 -0.009978 -0.002113 0.000000 
5.000000e-01 5.000000e-01 4.999985e-03 5.000000e-01 5.000000e-01 1.515042e+00 -0.993281 0.002085 0.009882 0.969348 0.009882 0.002085 0.993281 -0.002113 -0.009978 -0.969098 -0.009978 -0.002113 0.000000 
5.000000e-01 5.000000e-01 4.999985e-03 5.000000e-01 5.000000e-01 1.515042e+00 -0.993281 0.002085 0.009882 0.969348 0.009882 0.002085 0.993281 -0.002113 -0.009978 -0.969098 -0.009978 -0.002113 0.000000 
5.000000e-01 5.000000e-01 4.999985e-03 5.000000e-01 5.000000e-01 1.515042e+00 -0.993281 0.002085 0.009882 0.969348 0.009882 0.002085 0.993281 -0.002113 -0.009978 -0.969098 -0.009978 -0.002113 0.000000 
5.000000e-01 5.000000e-01 4.999985e-03 5.000000e-01 5.000000e-01 1.515042e+00 -0.993281 0.002085 0.009882 0.969348 0.009882 0.002085 0.993281 -0.002113 -0.009978 -0.969098 -0.009978 -0.002113 0.000000 
5.000000e-01 5.000000e-01 4.999985e-03 5.000000e-01 5.000000e-01 1.515042e+00 -0.993281 0.002085 0.009882 0.969348 0.009882 0.002085 0.993281 -0.002113 -0.009978 -0.969098 -0.009978 -0.002113 0.000000 
5.000000e-01 5.000000e-01 4.999985e-03 5.000000e-01 5.000000e-01 1.515042e+00 -0.993281 0.002085 0.009882 0.969348 0.009882 0.002085 0.993281 -0.002113 -0.009978 -0.969098 -0.009978 -0.002113 0.000000 
5.000000e-01 5.000000e-01 4.999985e-03 5.000000e-01 5.000000e-01 1.515042e+00 -0.993281 0.002085 0.009882 0.969348 0.009882 0.002085 0.993281 -0.002113 -0.009978 -0.969098 -0.009978 -0.002113 0.000000 
5.000000e-01 5.000000e-01 4.999985e-03 5.000000e-01 5.000000e-01 1.515042e+00 -0.993281 0.002085 0.009882 0.969348 0.009882 0.002085 0.993281 -0.002113 -0.009978 -0.969098 -0.009978 -0.002113 0.000000 
5.000000e-01 5.000000e-01 4.999985e-03 5.000000e-01 5.000000e-01 1.515042e+00 -0.993281 0.002085 0.009882 0.969348 0.009882 0.002085 0.993281 -0.002113 -0.009978 -0.969098 -0.009978 -0.002113 0.000000 
5.000000e-01 5.000000e-01 4.999985e-03 5.000000e-01 5.000000e-01 1.515042e+00 -0.993281 0.002085 0.009882 0.969348 0.009882 0.002085 0.993281 -0.002113 -0.009978 -0.969098 -0.009978 -0.002113 0.000000 
5.000000e-01 5.000000e-01 4.999985e-03 5.000000e-01 5.000000e-01 1.515042e+00 -0.993281 0.002085 0.009882 0.969348 0.009882 0.002085 0.993281 -0.002113 -0.009978 -0.969098 -0.009978 -0.002113 0.000000 
5.000000e-01 5.000000e-01 4.999985e-03 5.000000e-01 5.000000e-01 1.515042e+00 -0.993281 0.002085 0.009882 0.969348 0.009882 0.002085 0.993281 -0.002113 -0.009978 -0.969098 -0.009978 -0.002113 0.000000 
5.000000e-01 5.000000e-01 4.999985e-03 5.000000e-01 5.000000e-01 1.515042e+00 -0.993281 0.002085 0.009882 0.969348 0.009882 0.002085 0.993281 -0.002113 -0.009978 -0.969098 -0.009978 -0.002113 0.000000 
5.000000e-01 5.000000e-01 4.999985e-03 5.000000e-01 5.000000e-01 1.515042e+00 -0.993281 0.002085 0.009882 0.969348 0.009882 0.002085 0.993281 -0.002113 -0.009978 -0.969098 -0.009978 -0.002113 0.000000 
5.000000e-01 5.000000e-01 4.999985e-03 5.000000e-01 5.000000e-01 1.515042e+00 -0.993281 0.002085 0.009882 0.969348 0.009882 0.002085 0.993281 -0.002113 -0.009978 -0.969098 -0.009978 -0.002113 0.000000 
5.000000e-01 5.000000e-01 4.999985e-03 5.000000e-01 5.000000e-01 1.515042e+00 -0.993281 0.002085 0.009882 0.969348 0.009882 0.002085 0.993281 -0.002113 -0.009978 -0.969098 -0.009978 -0.002113 0.000000 
5.000000e-01 5.000000e-01 4.999985e-03 5.000000e-01 5.000000e-01 1.515042e+00 -0.993281 0.002085 0.009882 0.969348 0.009882 0.002085 0.993281 -0.002113 -0.009978 -0.969098 -0.009978 -0.002113 0.000000 
5.000000e-01 5.000000e-01 4.999985e-03 5.000000e-01 5.000000e-01 1.515042e+00 -0.993281 0.002085 0.009882 0.969348 0.009882 0.002085 0.993281 -0.002113 -0.009978 -0.969098 -0.009978 -0.002113 0.000000 
5.000000e-01 5.000000e-01 4.999985e-03 5.000000e-01 5.000000e-01 1.515042e+00 -0.993281 0.002085 0.009882 0.969348 0.009882 0.002085 0.993281 -0.002113 -0.009978 -0.969098 -0.009978 -0.002113 0.000000 
5.000000e-01 5.000000e-01 4.999985e-03 5.000000e-01 5.000000e-01 1.515042e+00 -0.993281 0.002085 0.009882 0.969348 0.009882 0.002085 0.993281 -0.002113 -0.009978 -0.969098 -0.009978 -0.002113 0.000000 
5.000000e-01 5.000000e-01 4.999985e-03 5.000000e-01 5.000000e-01 1.515042e+00 -0.993281 0.002085 0.009882 0.969348 0.009882 0.002085 0.993281 -0.002113 -0.009978 -0.969098 -0.009978 -0.002113 0.000000 
5.000000e-01 5.000000e-01 4.999985e-03 5.000000e-01 5.000000e-01 1.515042e+00 -0.993281 0.002085 0.009882 0.969348 0.009882 0.002085 0.993281 -0.002113 -0.009978 -0.969098 -0.009978 -0.002113 0.000000 
5.000000e-01 5.000000e-01 4.999985e-03 5.000000e-01 5.000000e-01 1.515042e+00 -0.993281 0.002085 0.009882 0.969348 0.009882 0.002085 0.993281 -0.002113 -0.009978 -0.969098 -0.009978 -0.002113 0.000000 
5.000000e-01 5.000000e-01 4.999985e-03 5.000000e-01 5.000000e-01 1.515042e+00 -0.993281 0.002085 0.009882 0.969348 0.009882 0.002085 0.993281 -0.002113 -0.009978 -0.969098 -0.009978 -0.002113 0.000000 
5.000000e-01 5.000000e-01 4.999985e-03 5.000000e-01 5.000000e-01 1.515042e+00 -0.993281 0.002085 0.009882 0.969348 0.009882 0.002085 0.993281 -0.002113 -0.009978 -0.969098 -0.009978 -0.002113 0.000000 
5.000000e-01 5.000000e-01 4.999985e-03 5.000000e-01 5.000000e-01 1.515042e+00 -0.993281 0.002085 0.009882 0.969348 0.009882 0.002085 0.993281 -0.002113 -0.009978 -0.969098 -0.009978 -0.002113 0.000000 
5.000000e-01 5.000000e-01 4.999985e-03 5.000000e-01 5.000000e-01 1.515042e+00 -0.993281 0.002085 0.009882 0.969348 0.009882 0.002085 0.993281 -0.002113 -0.009978 -0.969098 -0.009978 -0.002113 0.000000 
5.000000e-01 5.000000e-01 4.999985e-03 5.000000e-01 5.000000e-01 1.515042e+00 -0.993281 0.002085 0.009882 0.969348 0.009882 0.002085 0.993281 -0.002113 -0.009978 -0.969098 -0.009978 -0.002113 0.000000 
5.000000e-01 5.000000e-01 4.999985e-03 5.000000e-01 5.000000e-01 1.515042e+00 -0.993281 0.002085 0.009882 0.969348 0.009882 0.002085 0.993281 -0.002113 -0.009978 -0.969098 -0.009978 -0.002113 0.000000 
5.000000e-01 5.000000e-01 4.999985e-03 5.000000e-01 5.000000e-01 1.515042e+00 -0.993281 0.002085 0.009882 0.969348 0.009882 0.002085 0.993281 -0.002113 -0.009978 -0.969098 -0.009978 -0.002113 0.000000 
5.000000e-01 5.000000e-01 4.999985e-03 5.000000e-01 5.000000e-01 1.515042e+00 -0.993281 0.002085 0.009882 0.969348 0.009882 0.002085 0.993281 -0.002113 -0.009978 -0.969098 -0.009978 -0.002113 0.000000 
5.000000e-01 5.000000e-01 4.999985e-03 5.000000e-01 5.000000e-01 1.515042e+00 -0.993281 0.002085 0.009882 0.969348 0.009882 0.002085 0.993281 -0.002113 -0.009978 -0.969098 -0.009978 -0.002113 0.000000 
5.000000e-01 5.000000e-01 4.999985e-03 5.000000e-01 5.000000e-01 1.515042e+00 -0.993281 0.002085 0.009882 0.969348 0.009882 0.002085 0.993281 -0.002113 -0.009978 -0.969098 -0.009978 -0.002113 0.000000 
5.000000e-01 5.000000e-01 4.999985e-03 5.000000e-01 5.000000e-01 1.515042e+00 -0.993281 0.002085 0.009882 0.969348 0.009882 0.002085 0.993281 -0.002113 -0.009978 -0.969098 -0.009978 -0.002113 0.000000 
5.000000e-01 5.000000e-01 4.999985e-03 5.000000e-01 5.000000e-01 1.515042e+00 -0.993281 0.002085 0.009882 0.969348 0.009882 0.002085 0.993281 -0.002113 -0.009978 -0.969098 -0.009978 -0.002113 0.000000 
5.000000e-01 5.000000e-01 4.999985e-03 5.000000e-01 5.000000e-01 1.515042e+00 -0.993281 0.002085 0.009882 0.969348 0.009882 0.002085 0.993281 -0.002113 -0.009978 -0.969098 -0.009978 -0.002113 0.000000 
5.000000e-01 5.000000e-01 4.999985e-03 5.000000e-01 5.000000e-01 1.515042e+00 -0.993281 0.002085 0.009882 0.969348 0.009882 0.002085 0.993281 -0.002113 -0.009978 -0.969098 -0.009978 -0.002113 0.000000 
5.000000e-01 5.000000e-01 4.999985e-03 5.000000e-01 5.000000e-01 1.515042e+00 -0.993281 0.002085 0.009882 0.969348 0.009882 0.002085 0.993281 -0.002113 -0.009978 -0.969098 -0.009978 -0.002113 0.000000 
5.000000e-01 5.000000e-01 4.999985e-03 5.000000e-01 5.000000e-01 1.515042e+00 -0.993281 0.002085 0.009882 0.969348 0.009882 0.002085 0.993281 -0.002113 -0.009978 -0.969098 -0.009978 -0.002113 0.000000 
5.000000e-01 5.000000e-01 4.999985e-03 5.000000e-01 5.000000e-01 1.515042e+00 -0.993281 0.002085 0.009882 0.969348 0.009882 0.002085 0.993281 -0.002113 -0.009978 -0.969098 -0.009978 -0.002113 0.000000 
5.000000e-01 5.000000e-01 4.999985e-03 5.000000e-01 5.000000e-01 1.515042e+00 -0.993281 0.002085 0.009882 0.969348 0.009882 0.002085 0.993281 -0.002113 -0.009978 -0.969098 -0.009978 -0.002113 0.000000 
5.000000e-01 5.000000e-01 4.999985e-03 5.000000e-01 5.000000e-01 1.515042e+00 -0.993281 0.002085 0.009882 0.969348 0.009882 0.002085 0.993281 -0.002113 -0.009978 -0.969098 -0.009978 -0.002113 0.000000 
5.000000e-01 5.000000e-01 4.999985e-03 5.000000e-01 5.000000e-01 1.515042e+00 -0.993281 0.002085 0.009882 0.969348 0.009882 0.002085 0.993281 -0.002113 -0.009978 -0.969098 -0.009978 -0.002113 0.000000 
5.000000e-01 5.000000e-01 4.999985e-03 5.000000e-01 5.000000e-01 1.515042e+00 -0.993281 0.002085 0.009882 0.969348 0.009882 0.002085 0.993281 -0.002113 -0.009978 -0.969098 -0.009978 -0.002113 0.000000 
5.000000e-01 5.000000e-01 4.999985e-03 5.000000e-01 5.000000e-01 1.515042e+00 -0.993281 0.002085 0.009882 0.969348 0.009882 0.002085 0.993281 -0.002113 -0.009978 -0.969098 -0.009978 -0.002113 0.000000 
5.000000e-01 5.000000e-01 4.999985e-03 5.000000e-01 5.000000e-01 1.515042e+00 -0.993281 0.002085 0.009882 0.969348 0.009882 0.002085 0.993281 -0.002113 -0.009978 -0.969098 -0.009978 -0.002113 0.000000 
5.000000e-01 5.000000e-01 4.999985e-03 5.000000e-01 5.000000e-01 1.515042e+00 -0.993281 0.002085 0.009882 0.969348 0.009882 0.002085 0.993281 -0.002113 -0.009978 -0.969098 -0.009978 -0.002113 0.000000 
5.000000e-01 5.000000e-01 4.999985e-03 5.000000e-01 5.000000e-01 1.515042e+00 -0.993281 0.002085 0.009882 0.969348 0.009882 0.002085 0.993281 -0.002113 -0.009978 -0.969098 -0.009978 -0.002113 0.000000 
5.000000e-01 5.000000e-01 4.999985e-03 5.000000e-01 5.000000e-01 1.515042e+00 -0.993281 0.002085 0.009882 0.969348 0.009882 0.002085 0.993281 -0.002113 -0.009978 -0.969098 -0.009978 -0.002113 0.000000 
5.000000e-01 5.000000e-01 4.999985e-03 5.000000e-01 5.000000e-01 1.515042e+00 -0.993281 0.002085 0.009882 0.969348 0.009882 0.002085 0.993281 -0.002113 -0.009978 -0.969098 -0.009978 -0.002113 0.000000 
5.000000e-01 5.000000e-01 4.999985e-03 5.000000e-01 5.000000e-01 1.515042e+00 -0.993281 0.002085 0.009882 0.969348 0.009882 0.002085 0.993281 -0.002113 -0.009978 -0.969098 -0.009978 -0.002113 0.000000 
5.000000e-01 5.000000e-01 4.999985e-03 5.000000e-01 5.000000e-01 1.515042e+00 -0.993281 0.002085 0.009882 0.969348 0.009882 0.002085 0.993281 -0.002113 -0.009978 -0.969098 -0.009978 -0.002113 0.000000 
5.000000e-01 5.000000e-01 4.999985e-03 5.000000e-01 5.000000e-01 1.515042e+00 -0.993281 0.002085 0.009882 0.969348 0.009882 0.002085 0.993281 -0.002113 -0.009978 -0.969098 -0.009978 -0.002113 0.000000 
5.000000e-01 5.000000e-01 4.999985e-03 5.000000e-01 5.000000e-01 1.515042e+00 -0.993281 0.002085 0.009882 0.969348 0.009882 0.002085 0.993281 -0.002113 -0.009978 -0.969098 -0.009978 -0.002113 0.000000 
5.000000e-01 5.000000e-01 4.999985e-03 5.000000e-01 5.000000e-01 1.515042e+00 -0.993281 0.002085 0.009882 0.969348 0.009882 0.002085 0.993281 -0.002113 -0.009978 -0.969098 -0.009978 -0.002113 0.000000 
5.000000e-01 5.000000e-01 4.999985e-03 5.000000e-01 5.000000e-01 1.515042e+00 -0.993281 0.002085 0.009882 0.969348 0.009882 0.002085 0.993281 -0.002113 -0.009978 -0.969098 -0.009978 -0.002113 0.000000 
5.000000e-01 5.000000e-01 4.999985e-03 5.000000e-01 5.000000e-01 1.515042e+00 -0.993281 0.002085 0.009882 0.969348 0.009882 0.002085 0.993281 -0.002113 -0.009978 -0.969098 -0.009978 -0.002113 0.000000 
5.000000e-01 5.000000e-01 4.999985e-03 5.000000e-01 5.000000e-01 1.515042e+00 -0.993281 0.002085 0.009882 0.969348 0.009882 0.002085 0.993281 -0.002113 -0.009978 -0.969098 -0.009978 -0.002113 0.000000 
5.000000e-01 5.000000e-01 4.999985e-03 5.000000e-01 5.000000e-01 1.515042e+00 -0.993281 0.002085 0.009882 0.969348 0.009882 0.002085 0.993281 -0.002113 -0.009978 -0.969098 -0.009978 -0.002113 0.000000 
5.000000e-01 5.000000e-01 4.999985e-03 5.000000e-01 5.000000e-01 1.515042e+00 -0.993281 0.002085 0.009882 0.969348 0.009882 0.002085 0.993281 -0.002113 -0.009978 -0.969098 -0.009978 -0.002113 0.000000 
5.000000e-01 5.000000e-01 4.999985e-03 5.000000e-01 5.000000e-01 1.515042e+00 -0.993281 0.002085 0.009882 0.969348 0.009882 0.002085 0.993281 -0.002113 -0.009978 -0.969098 -0.009978 -0.002113 0.000000 
5.000000e-01 5.000000e-01 4.999985e-03 5.000000e-01 5.000000e-01 1.515042e+00 -0.993281 0.002085 0.009882 0.969348 0.009882 0.002085 0.993281 -0.002113 -0.009978 -0.969098 -0.009978 -0.002113 0.000000 
5.000000e-01 5.000000e-01 4.999985e-03 5.000000e-01 5.000000e-01 1.515042e+00 -0.993281 0.002085 0.009882 0.969348 0.009882 0.002085 0.993281 -0.002113 -0.009978 -0.969098 -0.009978 -0.002113 0.000000 
5.000000e-01 5.000000e-01 4.999985e-03 5.000000e-01 5.000000e-01 1.515042e+00 -0.993281 0.002085 0.009882 0.969348 0.009882 0.002085 0.993281 -0.002113 -0.009978 -0.969098 -0.009978 -0.002113 0.000000 
5.000000e-01 5.000000e-01 4.999985e-03 5.000000e-01 5.000000e-01 1.515042e+00 -0.993281 0.002085 0.009882 0.969348 0.009882 0.002085 0.993281 -0.002113 -0.009978 -0.969098 -0.009978 -0.002113 0.000000 
5.000000e-01 5.000000e-01 4.999985e-03 5.000000e-01 5.000000e-01 1.515042e+00 -0.993281 0.002085 0.009882 0.969348 0.009882 0.002085 0.993281 -0.002113 -0.009978 -0.969098 -0.009978 -0.002113 0.000000 
5.000000e-01 5.000000e-01 4.999985e-03 5.000000e-01 5.000000e-01 1.515042e+00 -0.993281 0.002085 0.009882 0.969348 0.009882 0.002085 0.993281 -0.002113 -0.009978 -0.969098 -0.009978 -0.002113 0.000000 
5.000000e-01 5.000000e-01 4.999985e-03 5.000000e-01 5.000000e-01 1.515042e+00 -0.993281 0.002085 0.009882 0.969348 0.009882 0.002085 0.993281 -0.002113 -0.009978 -0.969098 -0.009978 -0.002113 0.000000 
5.000000e-01 5.000000e-01 4.999985e-03 5.000000e-01 5.000000e-01 1.515042e+00 -0.993281 0.002085 0.009882 0.969348 0.009882 0.002085 0.993281 -0.002113 -0.009978 -0.969098 -0.009978 -0.002113 0.000000 
5.000000e-01 5.000000e-01 4.999985e-03 5.000000e-01 5.000000e-01 1.515042e+00 -0.993281 0.002085 0.009882 0.969348 0.009882 0.002085 0.993281 -0.002113 -0.009978 -0.969098 -0.009978 -0.002113 0.000000 
5.000000e-01 5.000000e-01 4.999985e-03 5.000000e-01 5.000000e-01 1.515042e+00 -0.993281 0.002085 0.009882 0.969348 0.009882 0.002085 0.993281 -0.002113 -0.009978 -0.969098 -0.009978 -0.002113 0.000000 
5.000000e-01 5.000000e-01 4.999985e-03 5.000000e-01 5.000000e-01 1.515042e+00 -0.993281 0.002085 0.009882 0.969348 0.009882 0.002085 0.993281 -0.002113 -0.009978 -0.969098 -0.009978 -0.002113 0.000000 
5.000000e-01 5.000000e-01 4.999985e-03 5.000000e-01 5.000000e-01 1.515042e+00 -0.993281 0.002085 0.009882 0.969348 0.009882 0.002085 0.993281 -0.002113 -0.009978 -0.969098 -0.009978 -0.002113 0.000000 
5.000000e-01 5.000000e-01 4.999985e-03 5.000000e-01 5.000000e-01 1.515042e+00 -0.993281 0.002085 0.009882 0.969348 0.009882 0.002085 0.993281 -0.002113 -0.009978 -0.969098 -0.009978 -0.002113 0.000000 
5.000000e-01 5.000000e-01 4.999985e-03 5.000000e-01 5.000000e-01 1.515042e+00 -0.993281 0.002085 0.009882 0.969348 0.009882 0.002085 0.993281 -0.002113 -0.009978 -0.969098 -0.009978 -0.002113 0.000000 
5.000000e-01 5.000000e-01 4.999985e-03 5.000000e-01 5.000000e-01 1.515042e+00 -0.993281 0.002085 0.009882 0.969348 0.009882 0.002085 0.993281 -0.002113 -0.009978 -0.969098 -0.009978 -0.002113 0.000000 
5.000000e-01 5.000000e-01 4.999985e-03 5.000000e-01 5.000000e-01 1.515042e+00 -0.993281 0.002085 0.009882 0.969348 0.009882 0.002085 0.993281 -0.002113 -0.009978 -0.969098 -0.009978 -0.002113 0.000000 
5.000000e-01 5.000000e-01 4.999985e-03 5.000000e-01 5.000000e-01 1.515042e+00 -0.993281 0.002085 0.009882 0.969348 0.009882 0.002085 0.993281 -0.002113 -0.009978 -0.969098 -0.009978 -0.002113 0.000000 
5.000000e-01 5.000000e-01 4.999985e-03 5.000000e-01 5.000000e-01 1.515042e+00 -0.993281 0.002085 0.009882 0.969348 0.009882 0.002085 0.993281 -0.002113 -0.009978 -0.969098 -0.009978 -0.002113 0.000000 
5.000000e-01 5.000000e-01 4.999985e-03 5.000000e-01 5.000000e-01 1.515042e+00 -0.993281 0.002085 0.009882 0.969348 0.009882 0.002085 0.993281 -0.002113 -0.009978 -0.969098 -0.009978 -0.002113 0.000000 
5.000000e-01 5.000000e-01 4.999985e-03 5.000000e-01 5.000000e-01 1.515042e+00 -0.993281 0.002085 0.009882 0.969348 0.009882 0.002085 0.993281 -0.002113 -0.009978 -0.969098 -0.009978 -0.002113 0.000000 
5.000000e-01 5.000000e-01 4.999985e-03 5.000000e-01 5.000000e-01 1.515042e+00 -0.993281 0.002085 0.009882 0.969348 0.009882 0.002085 0.993281 -0.002113 -0.009978 -0.969098 -0.009978 -0.002113 0.000000 
5.000000e-01 5.000000e-01 4.999985e-03 5.000000e-01 5.000000e-01 1.515042e+00 -0.993281 0.002085 0.009882 0.969348 0.009882 0.002085 0.993281 -0.002113 -0.009978 -0.969098 -0.009978 -0.002113 0.000000 
