# TeX TeY TeZ ThX ThY THZ P1 P2
5.000000e-01 5.000000e-01 7.900000e-01 5.000000e-01 5.000000e-01 7.900000e-01 0.000000 0.000000 0.000000 0.000000 0.000000 0.000000 0.000000 0.000000 0.000000 0.000000 0.000000 0.000000 0.000000 
5.000000e-01 5.000000e-01 7.786538e-01 5.000000e-01 5.000000e-01 7.983429e-01 -0.012925 0.002011 0.002843 0.003218 0.002843 0.002011 0.012925 -0.002115 -0.002812 -0.003071 -0.002812 -0.002115 0.000000 
5.000000e-01 5.000000e-01 7.672626e-01 5.000000e-01 5.000000e-01 8.066711e-01 -0.025870 0.004030 0.005688 0.006433 0.005688 0.004030 0.025870 -0.004228 -0.005630 -0.006154 -0.005630 -0.004228 0.000000 
5.000000e-01 5.000000e-01 7.558268e-01 5.000000e-01 5.000000e-01 8.149846e-01 -0.038834 0.006057 0.008537 0.009647 0.008537 0.006057 0.038834 -0.006337 -0.008454 -0.009252 -0.008454 -0.006337 0.000000 
5.000000e-01 5.000000e-01 7.443467e-01 5.000000e-01 5.000000e-01 8.232833e-01 -0.051818 0.008090 0.011388 0.012862 0.011388 0.008090 0.051818 -0.008441 -0.011285 -0.012366 -0.011285 -0.008441 0.000000 
5.000000e-01 5.000000e-01 7.328228e-01 5.000000e-01 5.000000e-01 8.315669e-01 -0.064820 0.010128 0.014243 0.016079 0.014243 0.010128 0.064820 -0.010538 -0.014123 -0.015498 -0.014123 -0.010538 0.000000 
5.000000e-01 5.000000e-01 7.212554e-01 5.000000e-01 5.000000e-01 8.398354e-01 -0.077841 0.012169 0.017102 0.019299 0.017102 0.012169 0.077841 -0.012629 -0.016968 -0.018649 -0.016968 -0.012629 0.000000 
5.000000e-01 5.000000e-01 7.096450e-01 5.000000e-01 5.000000e-01 8.480885e-01 -0.090881 0.014212 0.019965 0.022527 0.019965 0.014212 0.090881 -0.014710 -0.019819 -0.021822 -0.019819 -0.014710 0.000000 
5.000000e-01 5.000000e-01 6.979918e-01 5.000000e-01 5.000000e-01 8.563261e-01 -0.103938 0.016257 0.022832 0.025761 0.022832 0.016257 0.103938 -0.016779 -0.022679 -0.025020 -0.022679 -0.016779 0.000000 
5.000000e-01 5.000000e-01 6.862964e-01 5.000000e-01 5.000000e-01 8.645481e-01 -0.117013 0.018302 0.025702 0.029003 0.025702 0.018302 0.117013 -0.018836 -0.025548 -0.028245 -0.025548 -0.018836 0.000000 
5.000000e-01 5.000000e-01 6.745590e-01 5.000000e-01 5.000000e-01 8.727542e-01 -0.130104 0.020348 0.028577 0.032254 0.028577 0.020348 0.130104 -0.020878 -0.028424 -0.031499 -0.028424 -0.020878 0.000000 
5.000000e-01 5.000000e-01 6.627800e-01 5.000000e-01 5.000000e-01 8.809444e-01 -0.143213 0.022392 0.031457 0.035516 0.031457 0.022392 0.143213 -0.022905 -0.031309 -0.034785 -0.031309 -0.022905 0.000000 
5.000000e-01 5.000000e-01 6.509597e-01 5.000000e-01 5.000000e-01 8.891185e-01 -0.156338 0.024431 0.034342 0.038792 0.034342 0.024431 0.156338 -0.024913 -0.034204 -0.038105 -0.034204 -0.024913 0.000000 
5.000000e-01 5.000000e-01 6.390986e-01 5.000000e-01 5.000000e-01 8.972763e-01 -0.169479 0.026466 0.037231 0.042084 0.037231 0.026466 0.169479 -0.026900 -0.037108 -0.041464 -0.037108 -0.026900 0.000000 
5.000000e-01 5.000000e-01 6.271970e-01 5.000000e-01 5.000000e-01 9.054176e-01 -0.182636 0.028497 0.040126 0.045391 0.040126 0.028497 0.182636 -0.028862 -0.040022 -0.044867 -0.040022 -0.028862 0.000000 
5.000000e-01 5.000000e-01 6.152552e-01 5.000000e-01 5.000000e-01 9.135423e-01 -0.195808 0.030522 0.043025 0.048714 0.043025 0.030522 0.195808 -0.030799 -0.042947 -0.048316 -0.042947 -0.030799 0.000000 
5.000000e-01 5.000000e-01 6.032737e-01 5.000000e-01 5.000000e-01 9.216501e-01 -0.208996 0.032540 0.045930 0.052055 0.045930 0.032540 0.208996 -0.032708 -0.045883 -0.051814 -0.045883 -0.032708 0.000000 
5.000000e-01 5.000000e-01 5.912526e-01 5.000000e-01 5.000000e-01 9.297410e-01 -0.222198 0.034551 0.048840 0.055416 0.048840 0.034551 0.222198 -0.034586 -0.048830 -0.055365 -0.048830 -0.034586 0.000000 
5.000000e-01 5.000000e-01 5.791924e-01 5.000000e-01 5.000000e-01 9.378147e-01 -0.235414 0.036548 0.051756 0.058804 0.051756 0.036548 0.235414 -0.036430 -0.051789 -0.058977 -0.051789 -0.036430 0.000000 
5.000000e-01 5.000000e-01 5.670934e-01 5.000000e-01 5.000000e-01 9.458711e-01 -0.248644 0.038537 0.054678 0.062215 0.054678 0.038537 0.248644 -0.038232 -0.054761 -0.062659 -0.054761 -0.038232 0.000000 
5.000000e-01 5.000000e-01 5.549560e-01 5.000000e-01 5.000000e-01 9.539099e-01 -0.261888 0.040514 0.057605 0.065649 0.057605 0.040514 0.261888 -0.039993 -0.057745 -0.066411 -0.057745 -0.039993 0.000000 
5.000000e-01 5.000000e-01 5.427804e-01 5.000000e-01 5.000000e-01 9.619310e-01 -0.275146 0.042480 0.060538 0.069108 0.060538 0.042480 0.275146 -0.041710 -0.060743 -0.070240 -0.060743 -0.041710 0.000000 
5.000000e-01 5.000000e-01 5.305670e-01 5.000000e-01 5.000000e-01 9.699342e-01 -0.288416 0.044434 0.063477 0.072595 0.063477 0.044434 0.288416 -0.043379 -0.063753 -0.074151 -0.063753 -0.043379 0.000000 
5.000000e-01 5.000000e-01 5.183162e-01 5.000000e-01 5.000000e-01 9.779193e-01 -0.301699 0.046367 0.066423 0.076120 0.066423 0.046367 0.301699 -0.044989 -0.066779 -0.078164 -0.066779 -0.044989 0.000000 
5.000000e-01 5.000000e-01 5.060281e-01 5.000000e-01 5.000000e-01 9.858860e-01 -0.314994 0.048285 0.069374 0.079675 0.069374 0.048285 0.314994 -0.046539 -0.069818 -0.082281 -0.069818 -0.046539 0.000000 
5.000000e-01 5.000000e-01 4.937033e-01 5.000000e-01 5.000000e-01 9.938343e-01 -0.328301 0.050188 0.072331 0.083264 0.072331 0.050188 0.328301 -0.048025 -0.072871 -0.086508 -0.072871 -0.048025 0.000000 
5.000000e-01 5.000000e-01 4.813419e-01 5.000000e-01 5.000000e-01 1.001764e+00 -0.341620 0.052073 0.075294 0.086886 0.075294 0.052073 0.341620 -0.049444 -0.075938 -0.090856 -0.075938 -0.049444 0.000000 
5.000000e-01 5.000000e-01 4.689442e-01 5.000000e-01 5.000000e-01 1.009675e+00 -0.354950 0.053940 0.078263 0.090545 0.078263 0.053940 0.354950 -0.050784 -0.079019 -0.095344 -0.079019 -0.050784 0.000000 
5.000000e-01 5.000000e-01 4.565107e-01 5.000000e-01 5.000000e-01 1.017566e+00 -0.368291 0.055779 0.081239 0.094255 0.081239 0.055779 0.368291 -0.052036 -0.082114 -0.099990 -0.082114 -0.052036 0.000000 
5.000000e-01 5.000000e-01 4.440415e-01 5.000000e-01 5.000000e-01 1.025438e+00 -0.381642 0.057598 0.084220 0.098005 0.084220 0.057598 0.381642 -0.053202 -0.085221 -0.104797 -0.085221 -0.053202 0.000000 
5.000000e-01 5.000000e-01 4.315371e-01 5.000000e-01 5.000000e-01 1.033291e+00 -0.395004 0.059396 0.087207 0.101798 0.087207 0.059396 0.395004 -0.054273 -0.088339 -0.109780 -0.088339 -0.054273 0.000000 
5.000000e-01 5.000000e-01 4.189976e-01 5.000000e-01 5.000000e-01 1.041124e+00 -0.408376 0.061171 0.090199 0.105634 0.090199 0.061171 0.408376 -0.055237 -0.091466 -0.114969 -0.091466 -0.055237 0.000000 
5.000000e-01 5.000000e-01 4.064233e-01 5.000000e-01 5.000000e-01 1.048937e+00 -0.421757 0.062918 0.093198 0.109526 0.093198 0.062918 0.421757 -0.056080 -0.094601 -0.120394 -0.094601 -0.056080 0.000000 
5.000000e-01 5.000000e-01 3.938147e-01 5.000000e-01 5.000000e-01 1.056730e+00 -0.435147 0.064633 0.096202 0.113478 0.096202 0.064633 0.435147 -0.056805 -0.097740 -0.126058 -0.097740 -0.056805 0.000000 
5.000000e-01 5.000000e-01 3.811718e-01 5.000000e-01 5.000000e-01 1.064502e+00 -0.448546 0.066321 0.099210 0.117482 0.099210 0.066321 0.448546 -0.057403 -0.100878 -0.131984 -0.100878 -0.057403 0.000000 
5.000000e-01 5.000000e-01 3.684952e-01 5.000000e-01 5.000000e-01 1.072253e+00 -0.461953 0.067983 0.102224 0.121540 0.102224 0.067983 0.461953 -0.057851 -0.104011 -0.138229 -0.104011 -0.057851 0.000000 
5.000000e-01 5.000000e-01 3.557849e-01 5.000000e-01 5.000000e-01 1.079984e+00 -0.475369 0.069616 0.105241 0.125655 0.105241 0.069616 0.475369 -0.058141 -0.107130 -0.144826 -0.107130 -0.058141 0.000000 
5.000000e-01 5.000000e-01 3.430413e-01 5.000000e-01 5.000000e-01 1.087694e+00 -0.488792 0.071205 0.108263 0.129856 0.108263 0.071205 0.488792 -0.058274 -0.110230 -0.151785 -0.110230 -0.058274 0.000000 
5.000000e-01 5.000000e-01 3.302647e-01 5.000000e-01 5.000000e-01 1.095382e+00 -0.502223 0.072762 0.111288 0.134122 0.111288 0.072762 0.502223 -0.058239 -0.113299 -0.159147 -0.113299 -0.058239 0.000000 
5.000000e-01 5.000000e-01 3.174552e-01 5.000000e-01 5.000000e-01 1.103048e+00 -0.515661 0.074287 0.114316 0.138455 0.114316 0.074287 0.515661 -0.057995 -0.116318 -0.167035 -0.116318 -0.057995 0.000000 
5.000000e-01 5.000000e-01 3.046133e-01 5.000000e-01 5.000000e-01 1.110693e+00 -0.529106 0.075779 0.117346 0.142856 0.117346 0.075779 0.529106 -0.057556 -0.119275 -0.175443 -0.119275 -0.057556 0.000000 
5.000000e-01 5.000000e-01 2.917391e-01 5.000000e-01 5.000000e-01 1.118316e+00 -0.542557 0.077223 0.120378 0.147355 0.120378 0.077223 0.542557 -0.056914 -0.122153 -0.184423 -0.122153 -0.056914 0.000000 
5.000000e-01 5.000000e-01 2.788330e-01 5.000000e-01 5.000000e-01 1.125916e+00 -0.556014 0.078625 0.123410 0.151943 0.123410 0.078625 0.556014 -0.056040 -0.124919 -0.194095 -0.124919 -0.056040 0.000000 
5.000000e-01 5.000000e-01 2.658950e-01 5.000000e-01 5.000000e-01 1.133493e+00 -0.569477 0.079990 0.126441 0.156613 0.126441 0.079990 0.569477 -0.054913 -0.127535 -0.204580 -0.127535 -0.054913 0.000000 
5.000000e-01 5.000000e-01 2.529255e-01 5.000000e-01 5.000000e-01 1.141048e+00 -0.582945 0.081317 0.129472 0.161368 0.129472 0.081317 0.582945 -0.053545 -0.129978 -0.215899 -0.129978 -0.053545 0.000000 
5.000000e-01 5.000000e-01 2.399248e-01 5.000000e-01 5.000000e-01 1.148579e+00 -0.596419 0.082591 0.132499 0.166238 0.132499 0.082591 0.596419 -0.051923 -0.132205 -0.228163 -0.132205 -0.051923 0.000000 
5.000000e-01 5.000000e-01 2.268929e-01 5.000000e-01 5.000000e-01 1.156087e+00 -0.609898 0.083814 0.135522 0.171226 0.135522 0.083814 0.609898 -0.049990 -0.134106 -0.241706 -0.134106 -0.049990 0.000000 
5.000000e-01 5.000000e-01 2.138300e-01 5.000000e-01 5.000000e-01 1.163571e+00 -0.623381 0.084994 0.138539 0.176314 0.138539 0.084994 0.623381 -0.047781 -0.135659 -0.256502 -0.135659 -0.047781 0.000000 
5.000000e-01 5.000000e-01 2.007364e-01 5.000000e-01 5.000000e-01 1.171031e+00 -0.636870 0.086132 0.141551 0.181505 0.141551 0.086132 0.636870 -0.045287 -0.136787 -0.272722 -0.136787 -0.045287 0.000000 
5.000000e-01 5.000000e-01 1.876121e-01 5.000000e-01 5.000000e-01 1.178466e+00 -0.650363 0.087209 0.144551 0.186842 0.144551 0.087209 0.650363 -0.042458 -0.137307 -0.290835 -0.137307 -0.042458 0.000000 
5.000000e-01 5.000000e-01 1.744571e-01 5.000000e-01 5.000000e-01 1.185877e+00 -0.663861 0.088229 0.147539 0.192325 0.147539 0.088229 0.663861 -0.039315 -0.137136 -0.310961 -0.137136 -0.039315 0.000000 
5.000000e-01 5.000000e-01 1.612713e-01 5.000000e-01 5.000000e-01 1.193264e+00 -0.677365 0.089202 0.150515 0.197931 0.150515 0.089202 0.677365 -0.035866 -0.136161 -0.333311 -0.136161 -0.035866 0.000000 
5.000000e-01 5.000000e-01 1.480546e-01 5.000000e-01 5.000000e-01 1.200624e+00 -0.690876 0.090128 0.153477 0.203665 0.153477 0.090128 0.690876 -0.032075 -0.134083 -0.358559 -0.134083 -0.032075 0.000000 
5.000000e-01 5.000000e-01 1.348065e-01 5.000000e-01 5.000000e-01 1.207960e+00 -0.704395 0.090982 0.156416 0.209598 0.156416 0.090982 0.704395 -0.027954 -0.130703 -0.387081 -0.130703 -0.027954 0.000000 
5.000000e-01 5.000000e-01 1.215264e-01 5.000000e-01 5.000000e-01 1.215269e+00 -0.717924 0.091779 0.159333 0.215699 0.159333 0.091779 0.717924 -0.023527 -0.125867 -0.419135 -0.125867 -0.023527 0.000000 
5.000000e-01 5.000000e-01 1.082133e-01 5.000000e-01 5.000000e-01 1.222553e+00 -0.731467 0.092527 0.162229 0.221955 0.162229 0.092527 0.731467 -0.018771 -0.119100 -0.455725 -0.119100 -0.018771 0.000000 
5.000000e-01 5.000000e-01 9.486566e-02 5.000000e-01 5.000000e-01 1.229809e+00 -0.745029 0.093224 0.165102 0.228377 0.165102 0.093224 0.745029 -0.013701 -0.110066 -0.497497 -0.110066 -0.013701 0.000000 
5.000000e-01 5.000000e-01 8.148172e-02 5.000000e-01 5.000000e-01 1.237039e+00 -0.758614 0.093838 0.167931 0.235075 0.167931 0.093838 0.758614 -0.008352 -0.098620 -0.544671 -0.098620 -0.008352 0.000000 
5.000000e-01 5.000000e-01 6.805920e-02 5.000000e-01 5.000000e-01 1.244242e+00 -0.772233 0.094403 0.170732 0.241963 0.170732 0.094403 0.772233 -0.002712 -0.084132 -0.598545 -0.084132 -0.002712 0.000000 
5.000000e-01 5.000000e-01 5.459580e-02 5.000000e-01 5.000000e-01 1.251418e+00 -0.785893 0.094922 0.173502 0.249045 0.173502 0.094922 0.785893 0.003190 -0.066398 -0.659477 -0.066398 0.003190 0.000000 
5.000000e-01 5.000000e-01 4.108969e-02 5.000000e-01 5.000000e-01 1.258565e+00 -0.799598 0.095374 0.176225 0.256401 0.176225 0.095374 0.799598 0.009311 -0.045588 -0.727045 -0.045588 0.009311 0.000000 
5.000000e-01 5.000000e-01 2.754067e-02 5.000000e-01 5.000000e-01 1.265684e+00 -0.813355 0.095758 0.178891 0.264057 0.178891 0.095758 0.813355 0.015640 -0.021497 -0.801643 -0.021497 0.015640 0.000000 
5.000000e-01 5.000000e-01 1.395116e-02 5.000000e-01 5.000000e-01 1.272775e+00 -0.827155 0.096094 0.181511 0.271946 0.181511 0.096094 0.827154 0.022118 0.005038 -0.881467 0.005038 0.022118 0.000000 
5.000000e-01 5.000000e-01 4.999975e-03 5.000000e-01 5.000000e-01 1.279837e+00 -0.837825 0.095803 0.183407 0.279405 0.183407 0.095803 0.837825 0.026139 0.022971 -0.936045 0.022971 0.026139 0.000000 
5.000000e-01 5.000000e-01 4.999975e-03 5.000000e-01 5.000000e-01 1.286870e+00 -0.842440 0.094310 0.183905 0.286010 0.183905 0.094310 0.842440 0.025302 0.021992 -0.937028 0.021992 0.025302 0.000000 
5.000000e-01 5.000000e-01 4.999975e-03 5.000000e-01 5.000000e-01 1.293873e+00 -0.847035 0.092758 0.184320 0.292881 0.184320 0.092758 0.847035 0.024468 0.021018 -0.938007 0.021018 0.024468 0.000000 
5.000000e-01 5.000000e-01 4.999975e-03 5.000000e-01 5.000000e-01 1.300846e+00 -0.851611 0.091146 0.184650 0.300018 0.184650 0.091146 0.851611 0.023638 0.020048 -0.938982 0.020048 0.023638 0.000000 
5.000000e-01 5.000000e-01 4.999975e-03 5.000000e-01 5.000000e-01 1.307788e+00 -0.856167 0.089440 0.184834 0.307619 0.184834 0.089440 0.856167 0.022811 0.019082 -0.939952 0.019082 0.022811 0.000000 
5.000000e-01 5.000000e-01 4.999975e-03 5.000000e-01 5.000000e-01 1.314700e+00 -0.860703 0.087660 0.184886 0.315611 0.184886 0.087660 0.860702 0.021987 0.018120 -0.940918 0.018120 0.021987 0.000000 
5.000000e-01 5.000000e-01 4.999975e-03 5.000000e-01 5.000000e-01 1.321581e+00 -0.865218 0.085822 0.184824 0.323924 0.184824 0.085822 0.865218 0.021168 0.017163 -0.941879 0.017163 0.021168 0.000000 
5.000000e-01 5.000000e-01 4.999975e-03 5.000000e-01 5.000000e-01 1.328430e+00 -0.869713 0.083901 0.184590 0.332730 0.184590 0.083901 0.869713 0.020351 0.016210 -0.942836 0.016210 0.020351 0.000000 
5.000000e-01 5.000000e-01 4.999975e-03 5.000000e-01 5.000000e-01 1.335247e+00 -0.874187 0.081896 0.184156 0.342083 0.184156 0.081896 0.874187 0.019539 0.015261 -0.943788 0.015261 0.019539 0.000000 
5.000000e-01 5.000000e-01 4.999975e-03 5.000000e-01 5.000000e-01 1.342032e+00 -0.878641 0.079837 0.183572 0.351823 0.183572 0.079837 0.878641 0.018730 0.014317 -0.944735 0.014317 0.018730 0.000000 
5.000000e-01 5.000000e-01 4.999975e-03 5.000000e-01 5.000000e-01 1.348784e+00 -0.883073 0.077703 0.182779 0.362109 0.182779 0.077703 0.883073 0.017925 0.013378 -0.945678 0.013378 0.017925 0.000000 
5.000000e-01 5.000000e-01 4.999975e-03 5.000000e-01 5.000000e-01 1.355503e+00 -0.887485 0.075480 0.181703 0.373118 0.181703 0.075480 0.887485 0.017123 0.012443 -0.946617 0.012443 0.017123 0.000000 
5.000000e-01 5.000000e-01 4.999975e-03 5.000000e-01 5.000000e-01 1.362189e+00 -0.891874 0.073207 0.180436 0.384587 0.180436 0.073207 0.891874 0.016326 0.011512 -0.947550 0.011512 0.016326 0.000000 
5.000000e-01 5.000000e-01 4.999975e-03 5.000000e-01 5.000000e-01 1.368840e+00 -0.896243 0.070866 0.178905 0.396702 0.178905 0.070866 0.896243 0.015532 0.010586 -0.948479 0.010586 0.015532 0.000000 
5.000000e-01 5.000000e-01 4.999975e-03 5.000000e-01 5.000000e-01 1.375458e+00 -0.900590 0.068439 0.176998 0.409717 0.176998 0.068439 0.900590 0.014742 0.009665 -0.949404 0.009665 0.014742 0.000000 
5.000000e-01 5.000000e-01 4.999975e-03 5.000000e-01 5.000000e-01 1.382040e+00 -0.904915 0.065968 0.174854 0.423271 0.174854 0.065968 0.904915 0.013956 0.008748 -0.950323 0.008748 0.013956 0.000000 
5.000000e-01 5.000000e-01 4.999975e-03 5.000000e-01 5.000000e-01 1.388588e+00 -0.909219 0.063430 0.172357 0.437646 0.172357 0.063430 0.909219 0.013174 0.007836 -0.951238 0.007836 0.013174 0.000000 
5.000000e-01 5.000000e-01 4.999975e-03 5.000000e-01 5.000000e-01 1.395100e+00 -0.913501 0.060817 0.169398 0.453071 0.169398 0.060817 0.913501 0.012395 0.006928 -0.952149 0.006928 0.012395 0.000000 
5.000000e-01 5.000000e-01 4.999975e-03 5.000000e-01 5.000000e-01 1.401577e+00 -0.917762 0.058168 0.166158 0.469111 0.166158 0.058168 0.917762 0.011621 0.006025 -0.953054 0.006025 0.011621 0.000000 
5.000000e-01 5.000000e-01 4.999975e-03 5.000000e-01 5.000000e-01 1.408018e+00 -0.922001 0.055450 0.162419 0.486263 0.162419 0.055450 0.922001 0.010850 0.005127 -0.953955 0.005127 0.010850 0.000000 
5.000000e-01 5.000000e-01 4.999975e-03 5.000000e-01 5.000000e-01 1.414422e+00 -0.926220 0.052675 0.158170 0.504531 0.158170 0.052675 0.926220 0.010083 0.004233 -0.954852 0.004233 0.010083 0.000000 
5.000000e-01 5.000000e-01 4.999975e-03 5.000000e-01 5.000000e-01 1.420789e+00 -0.930417 0.049871 0.153602 0.523472 0.153602 0.049871 0.930417 0.009320 0.003343 -0.955744 0.003343 0.009320 0.000000 
5.000000e-01 5.000000e-01 4.999975e-03 5.000000e-01 5.000000e-01 1.427120e+00 -0.934594 0.046995 0.148313 0.543978 0.148313 0.046995 0.934594 0.008561 0.002458 -0.956631 0.002458 0.008561 0.000000 
5.000000e-01 5.000000e-01 4.999975e-03 5.000000e-01 5.000000e-01 1.433414e+00 -0.938751 0.044085 0.142545 0.565490 0.142545 0.044085 0.938751 0.007805 0.001577 -0.957515 0.001577 0.007805 0.000000 
5.000000e-01 5.000000e-01 4.999975e-03 5.000000e-01 5.000000e-01 1.439670e+00 -0.942886 0.041148 0.136385 0.587819 0.136385 0.041148 0.942886 0.007053 0.000701 -0.958393 0.000701 0.007053 0.000000 
5.000000e-01 5.000000e-01 4.999975e-03 5.000000e-01 5.000000e-01 1.445889e+00 -0.947005 0.038146 0.129306 0.612102 0.129306 0.038146 0.947005 0.006304 -0.000172 -0.959268 -0.000172 0.006304 0.000000 
5.000000e-01 5.000000e-01 4.999975e-03 5.000000e-01 5.000000e-01 1.452070e+00 -0.951103 0.035129 0.121858 0.637128 0.121858 0.035129 0.951103 0.005559 -0.001040 -0.960139 -0.001040 0.005559 0.000000 
5.000000e-01 5.000000e-01 4.999975e-03 5.000000e-01 5.000000e-01 1.458213e+00 -0.955183 0.032077 0.113751 0.663528 0.113751 0.032077 0.955183 0.004817 -0.001905 -0.961006 -0.001905 0.004817 0.000000 
5.000000e-01 5.000000e-01 4.999975e-03 5.000000e-01 5.000000e-01 1.464318e+00 -0.959245 0.028991 0.104923 0.691417 0.104923 0.028991 0.959245 0.004078 -0.002766 -0.961869 -0.002766 0.004078 0.000000 
5.000000e-01 5.000000e-01 4.999975e-03 5.000000e-01 5.000000e-01 1.470385e+00 -0.963287 0.025899 0.095767 0.719956 0.095767 0.025899 0.963287 0.003343 -0.003622 -0.962727 -0.003622 0.003343 0.000000 
5.000000e-01 5.000000e-01 4.999975e-03 5.000000e-01 5.000000e-01 1.476413e+00 -0.967315 0.022765 0.085672 0.750440 0.085672 0.022765 0.967315 0.002610 -0.004476 -0.963583 -0.004476 0.002610 0.000000 
5.000000e-01 5.000000e-01 4.999975e-03 5.000000e-01 5.000000e-01 1.482402e+00 -0.971322 0.019630 0.075249 0.781565 0.075249 0.019630 0.971322 0.001881 -0.005325 -0.964434 -0.005325 0.001881 0.000000 
5.000000e-01 5.000000e-01 4.999975e-03 5.000000e-01 5.000000e-01 1.488352e+00 -0.975310 0.016482 0.064308 0.813731 0.064308 0.016482 0.975310 0.001156 -0.006170 -0.965281 -0.006170 0.001156 0.000000 
5.000000e-01 5.000000e-01 4.999975e-03 5.000000e-01 5.000000e-01 1.494261e+00 -0.979280 0.013324 0.052843 0.846946 0.052843 0.013324 0.979280 0.000434 -0.007011 -0.966125 -0.007011 0.000434 0.000000 
5.000000e-01 5.000000e-01 4.999975e-03 5.000000e-01 5.000000e-01 1.500129e+00 -0.983226 0.010176 0.041215 0.880446 0.041215 0.010176 0.983226 -0.000284 -0.007848 -0.966963 -0.007848 -0.000284 0.000000 
5.000000e-01 5.000000e-01 4.999975e-03 5.000000e-01 5.000000e-01 1.505955e+00 -0.987152 0.007020 0.029082 0.914948 0.029082 0.007020 0.987152 -0.000998 -0.008680 -0.967797 -0.008680 -0.000998 0.000000 
5.000000e-01 5.000000e-01 4.999975e-03 5.000000e-01 5.000000e-01 1.511746e+00 -0.991056 0.003879 0.016928 0.949442 0.016928 0.003879 0.991056 -0.001708 -0.009507 -0.968626 -0.009507 -0.001708 0.000000 
5.000000e-01 5.000000e-01 4.999975e-03 5.000000e-01 5.000000e-01 1.515046e+00 -0.993283 0.002083 0.009874 0.969370 0.009874 0.002083 0.993283 -0.002113 -0.009979 -0.969099 -0.009979 -0.002113 0.000000 
5.000000e-01 5.000000e-01 4.999975e-03 5.000000e-01 5.000000e-01 1.515046e+00 -0.993283 0.002083 0.009874 0.969370 0.009874 0.002083 0.993283 -0.002113 -0.009979 -0.969099 -0.009979 -0.002113 0.000000 
5.000000e-01 5.000000e-01 4.999975e-03 5.000000e-01 5.000000e-01 1.515046e+00 -0.993283 0.002083 0.009874 0.969370 0.009874 0.002083 0.993283 -0.002113 -0.009979 -0.969099 -0.009979 -0.002113 0.000000 
5.000000e-01 5.000000e-01 4.999975e-03 5.000000e-01 5.000000e-01 1.515046e+00 -0.993283 0.002083 0.009874 0.969370 0.009874 0.002083 0.993283 -0.002113 -0.009979 -0.969099 -0.009979 -0.002113 0.000000 
5.000000e-01 5.000000e-01 4.999975e-03 5.000000e-01 5.000000e-01 1.515046e+00 -0.993283 0.002083 0.009874 0.969370 0.009874 0.002083 0.993283 -0.002113 -0.009979 -0.969099 -0.009979 -0.002113 0.000000 
5.000000e-01 5.000000e-01 4.999975e-03 5.000000e-01 5.000000e-01 1.515046e+00 -0.993283 0.002083 0.009874 0.969370 0.009874 0.002083 0.993283 -0.002113 -0.009979 -0.969099 -0.009979 -0.002113 0.000000 
5.000000e-01 5.000000e-01 4.999975e-03 5.000000e-01 5.000000e-01 1.515046e+00 -0.993283 0.002083 0.009874 0.969370 0.009874 0.002083 0.993283 -0.002113 -0.009979 -0.969099 -0.009979 -0.002113 0.000000 
5.000000e-01 5.000000e-01 4.999975e-03 5.000000e-01 5.000000e-01 1.515046e+00 -0.993283 0.002083 0.009874 0.969370 0.009874 0.002083 0.993283 -0.002113 -0.009979 -0.969099 -0.009979 -0.002113 0.000000 
5.000000e-01 5.000000e-01 4.999975e-03 5.000000e-01 5.000000e-01 1.515046e+00 -0.993283 0.002083 0.009874 0.969370 0.009874 0.002083 0.993283 -0.002113 -0.009979 -0.969099 -0.009979 -0.002113 0.000000 
5.000000e-01 5.000000e-01 4.999975e-03 5.000000e-01 5.000000e-01 1.515046e+00 -0.993283 0.002083 0.009874 0.969370 0.009874 0.002083 0.993283 -0.002113 -0.009979 -0.969099 -0.009979 -0.002113 0.000000 
5.000000e-01 5.000000e-01 4.999975e-03 5.000000e-01 5.000000e-01 1.515046e+00 -0.993283 0.002083 0.009874 0.969370 0.009874 0.002083 0.993283 -0.002113 -0.009979 -0.969099 -0.009979 -0.002113 0.000000 
5.000000e-01 5.000000e-01 4.999975e-03 5.000000e-01 5.000000e-01 1.515046e+00 -0.993283 0.002083 0.009874 0.969370 0.009874 0.002083 0.993283 -0.002113 -0.009979 -0.969099 -0.009979 -0.002113 0.000000 
5.000000e-01 5.000000e-01 4.999975e-03 5.000000e-01 5.000000e-01 1.515046e+00 -0.993283 0.002083 0.009874 0.969370 0.009874 0.002083 0.993283 -0.002113 -0.009979 -0.969099 -0.009979 -0.002113 0.000000 
5.000000e-01 5.000000e-01 4.999975e-03 5.000000e-01 5.000000e-01 1.515046e+00 -0.993283 0.002083 0.009874 0.969370 0.009874 0.002083 0.993283 -0.002113 -0.009979 -0.969099 -0.009979 -0.002113 0.000000 
5.000000e-01 5.000000e-01 4.999975e-03 5.000000e-01 5.000000e-01 1.515046e+00 -0.993283 0.002083 0.009874 0.969370 0.009874 0.002083 0.993283 -0.002113 -0.009979 -0.969099 -0.009979 -0.002113 0.000000 
5.000000e-01 5.000000e-01 4.999975e-03 5.000000e-01 5.000000e-01 1.515046e+00 -0.993283 0.002083 0.009874 0.969370 0.009874 0.002083 0.993283 -0.002113 -0.009979 -0.969099 -0.009979 -0.002113 0.000000 
5.000000e-01 5.000000e-01 4.999975e-03 5.000000e-01 5.000000e-01 1.515046e+00 -0.993283 0.002083 0.009874 0.969370 0.009874 0.002083 0.993283 -0.002113 -0.009979 -0.969099 -0.009979 -0.002113 0.000000 
5.000000e-01 5.000000e-01 4.999975e-03 5.000000e-01 5.000000e-01 1.515046e+00 -0.993283 0.002083 0.009874 0.969370 0.009874 0.002083 0.993283 -0.002113 -0.009979 -0.969099 -0.009979 -0.002113 0.000000 
5.000000e-01 5.000000e-01 4.999975e-03 5.000000e-01 5.000000e-01 1.515046e+00 -0.993283 0.002083 0.009874 0.969370 0.009874 0.002083 0.993283 -0.002113 -0.009979 -0.969099 -0.009979 -0.002113 0.000000 
5.000000e-01 5.000000e-01 4.999975e-03 5.000000e-01 5.000000e-01 1.515046e+00 -0.993283 0.002083 0.009874 0.969370 0.009874 0.002083 0.993283 -0.002113 -0.009979 -0.969099 -0.009979 -0.002113 0.000000 
5.000000e-01 5.000000e-01 4.999975e-03 5.000000e-01 5.000000e-01 1.515046e+00 -0.993283 0.002083 0.009874 0.969370 0.009874 0.002083 0.993283 -0.002113 -0.009979 -0.969099 -0.009979 -0.002113 0.000000 
5.000000e-01 5.000000e-01 4.999975e-03 5.000000e-01 5.000000e-01 1.515046e+00 -0.993283 0.002083 0.009874 0.969370 0.009874 0.002083 0.993283 -0.002113 -0.009979 -0.969099 -0.009979 -0.002113 0.000000 
5.000000e-01 5.000000e-01 4.999975e-03 5.000000e-01 5.000000e-01 1.515046e+00 -0.993283 0.002083 0.009874 0.969370 0.009874 0.002083 0.993283 -0.002113 -0.009979 -0.969099 -0.009979 -0.002113 0.000000 
5.000000e-01 5.000000e-01 4.999975e-03 5.000000e-01 5.000000e-01 1.515046e+00 -0.993283 0.002083 0.009874 0.969370 0.009874 0.002083 0.993283 -0.002113 -0.009979 -0.969099 -0.009979 -0.002113 0.000000 
5.000000e-01 5.000000e-01 4.999975e-03 5.000000e-01 5.000000e-01 1.515046e+00 -0.993283 0.002083 0.009874 0.969370 0.009874 0.002083 0.993283 -0.002113 -0.009979 -0.969099 -0.009979 -0.002113 0.000000 
5.000000e-01 5.000000e-01 4.999975e-03 5.000000e-01 5.000000e-01 1.515046e+00 -0.993283 0.002083 0.009874 0.969370 0.009874 0.002083 0.993283 -0.002113 -0.009979 -0.969099 -0.009979 -0.002113 0.000000 
5.000000e-01 5.000000e-01 4.999975e-03 5.000000e-01 5.000000e-01 1.515046e+00 -0.993283 0.002083 0.009874 0.969370 0.009874 0.002083 0.993283 -0.002113 -0.009979 -0.969099 -0.009979 -0.002113 0.000000 
5.000000e-01 5.000000e-01 4.999975e-03 5.000000e-01 5.000000e-01 1.515046e+00 -0.993283 0.002083 0.009874 0.969370 0.009874 0.002083 0.993283 -0.002113 -0.009979 -0.969099 -0.009979 -0.002113 0.000000 
5.000000e-01 5.000000e-01 4.999975e-03 5.000000e-01 5.000000e-01 1.515046e+00 -0.993283 0.002083 0.009874 0.969370 0.009874 0.002083 0.993283 -0.002113 -0.009979 -0.969099 -0.009979 -0.002113 0.000000 
5.000000e-01 5.000000e-01 4.999975e-03 5.000000e-01 5.000000e-01 1.515046e+00 -0.993283 0.002083 0.009874 0.969370 0.009874 0.002083 0.993283 -0.002113 -0.009979 -0.969099 -0.009979 -0.002113 0.000000 
5.000000e-01 5.000000e-01 4.999975e-03 5.000000e-01 5.000000e-01 1.515046e+00 -0.993283 0.002083 0.009874 0.969370 0.009874 0.002083 0.993283 -0.002113 -0.009979 -0.969099 -0.009979 -0.002113 0.000000 
5.000000e-01 5.000000e-01 4.999975e-03 5.000000e-01 5.000000e-01 1.515046e+00 -0.993283 0.002083 0.009874 0.969370 0.009874 0.002083 0.993283 -0.002113 -0.009979 -0.969099 -0.009979 -0.002113 0.000000 
5.000000e-01 5.000000e-01 4.999975e-03 5.000000e-01 5.000000e-01 1.515046e+00 -0.993283 0.002083 0.009874 0.969370 0.009874 0.002083 0.993283 -0.002113 -0.009979 -0.969099 -0.009979 -0.002113 0.000000 
5.000000e-01 5.000000e-01 4.999975e-03 5.000000e-01 5.000000e-01 1.515046e+00 -0.993283 0.002083 0.009874 0.969370 0.009874 0.002083 0.993283 -0.002113 -0.009979 -0.969099 -0.009979 -0.002113 0.000000 
5.000000e-01 5.000000e-01 4.999975e-03 5.000000e-01 5.000000e-01 1.515046e+00 -0.993283 0.002083 0.009874 0.969370 0.009874 0.002083 0.993283 -0.002113 -0.009979 -0.969099 -0.009979 -0.002113 0.000000 
5.000000e-01 5.000000e-01 4.999975e-03 5.000000e-01 5.000000e-01 1.515046e+00 -0.993283 0.002083 0.009874 0.969370 0.009874 0.002083 0.993283 -0.002113 -0.009979 -0.969099 -0.009979 -0.002113 0.000000 
5.000000e-01 5.000000e-01 4.999975e-03 5.000000e-01 5.000000e-01 1.515046e+00 -0.993283 0.002083 0.009874 0.969370 0.009874 0.002083 0.993283 -0.002113 -0.009979 -0.969099 -0.009979 -0.002113 0.000000 
5.000000e-01 5.000000e-01 4.999975e-03 5.000000e-01 5.000000e-01 1.515046e+00 -0.993283 0.002083 0.009874 0.969370 0.009874 0.002083 0.993283 -0.002113 -0.009979 -0.969099 -0.009979 -0.002113 0.000000 
5.000000e-01 5.000000e-01 4.999975e-03 5.000000e-01 5.000000e-01 1.515046e+00 -0.993283 0.002083 0.009874 0.969370 0.009874 0.002083 0.993283 -0.002113 -0.009979 -0.969099 -0.009979 -0.002113 0.000000 
5.000000e-01 5.000000e-01 4.999975e-03 5.000000e-01 5.000000e-01 1.515046e+00 -0.993283 0.002083 0.009874 0.969370 0.009874 0.002083 0.993283 -0.002113 -0.009979 -0.969099 -0.009979 -0.002113 0.000000 
5.000000e-01 5.000000e-01 4.999975e-03 5.000000e-01 5.000000e-01 1.515046e+00 -0.993283 0.002083 0.009874 0.969370 0.009874 0.002083 0.993283 -0.002113 -0.009979 -0.969099 -0.009979 -0.002113 0.000000 
5.000000e-01 5.000000e-01 4.999975e-03 5.000000e-01 5.000000e-01 1.515046e+00 -0.993283 0.002083 0.009874 0.969370 0.009874 0.002083 0.993283 -0.002113 -0.009979 -0.969099 -0.009979 -0.002113 0.000000 
5.000000e-01 5.000000e-01 4.999975e-03 5.000000e-01 5.000000e-01 1.515046e+00 -0.993283 0.002083 0.009874 0.969370 0.009874 0.002083 0.993283 -0.002113 -0.009979 -0.969099 -0.009979 -0.002113 0.000000 
5.000000e-01 5.000000e-01 4.999975e-03 5.000000e-01 5.000000e-01 1.515046e+00 -0.993283 0.002083 0.009874 0.969370 0.009874 0.002083 0.993283 -0.002113 -0.009979 -0.969099 -0.009979 -0.002113 0.000000 
5.000000e-01 5.000000e-01 4.999975e-03 5.000000e-01 5.000000e-01 1.515046e+00 -0.993283 0.002083 0.009874 0.969370 0.009874 0.002083 0.993283 -0.002113 -0.009979 -0.969099 -0.009979 -0.002113 0.000000 
5.000000e-01 5.000000e-01 4.999975e-03 5.000000e-01 5.000000e-01 1.515046e+00 -0.993283 0.002083 0.009874 0.969370 0.009874 0.002083 0.993283 -0.002113 -0.009979 -0.969099 -0.009979 -0.002113 0.000000 
5.000000e-01 5.000000e-01 4.999975e-03 5.000000e-01 5.000000e-01 1.515046e+00 -0.993283 0.002083 0.009874 0.969370 0.009874 0.002083 0.993283 -0.002113 -0.009979 -0.969099 -0.009979 -0.002113 0.000000 
5.000000e-01 5.000000e-01 4.999975e-03 5.000000e-01 5.000000e-01 1.515046e+00 -0.993283 0.002083 0.009874 0.969370 0.009874 0.002083 0.993283 -0.002113 -0.009979 -0.969099 -0.009979 -0.002113 0.000000 
5.000000e-01 5.000000e-01 4.999975e-03 5.000000e-01 5.000000e-01 1.515046e+00 -0.993283 0.002083 0.009874 0.969370 0.009874 0.002083 0.993283 -0.002113 -0.009979 -0.969099 -0.009979 -0.002113 0.000000 
5.000000e-01 5.000000e-01 4.999975e-03 5.000000e-01 5.000000e-01 1.515046e+00 -0.993283 0.002083 0.009874 0.969370 0.009874 0.002083 0.993283 -0.002113 -0.009979 -0.969099 -0.009979 -0.002113 0.000000 
5.000000e-01 5.000000e-01 4.999975e-03 5.000000e-01 5.000000e-01 1.515046e+00 -0.993283 0.002083 0.009874 0.969370 0.009874 0.002083 0.993283 -0.002113 -0.009979 -0.969099 -0.009979 -0.002113 0.000000 
5.000000e-01 5.000000e-01 4.999975e-03 5.000000e-01 5.000000e-01 1.515046e+00 -0.993283 0.002083 0.009874 0.969370 0.009874 0.002083 0.993283 -0.002113 -0.009979 -0.969099 -0.009979 -0.002113 0.000000 
5.000000e-01 5.000000e-01 4.999975e-03 5.000000e-01 5.000000e-01 1.515046e+00 -0.993283 0.002083 0.009874 0.969370 0.009874 0.002083 0.993283 -0.002113 -0.009979 -0.969099 -0.009979 -0.002113 0.000000 
5.000000e-01 5.000000e-01 4.999975e-03 5.000000e-01 5.000000e-01 1.515046e+00 -0.993283 0.002083 0.009874 0.969370 0.009874 0.002083 0.993283 -0.002113 -0.009979 -0.969099 -0.009979 -0.002113 0.000000 
5.000000e-01 5.000000e-01 4.999975e-03 5.000000e-01 5.000000e-01 1.515046e+00 -0.993283 0.002083 0.009874 0.969370 0.009874 0.002083 0.993283 -0.002113 -0.009979 -0.969099 -0.009979 -0.002113 0.000000 
5.000000e-01 5.000000e-01 4.999975e-03 5.000000e-01 5.000000e-01 1.515046e+00 -0.993283 0.002083 0.009874 0.969370 0.009874 0.002083 0.993283 -0.002113 -0.009979 -0.969099 -0.009979 -0.002113 0.000000 
5.000000e-01 5.000000e-01 4.999975e-03 5.000000e-01 5.000000e-01 1.515046e+00 -0.993283 0.002083 0.009874 0.969370 0.009874 0.002083 0.993283 -0.002113 -0.009979 -0.969099 -0.009979 -0.002113 0.000000 
5.000000e-01 5.000000e-01 4.999975e-03 5.000000e-01 5.000000e-01 1.515046e+00 -0.993283 0.002083 0.009874 0.969370 0.009874 0.002083 0.993283 -0.002113 -0.009979 -0.969099 -0.009979 -0.002113 0.000000 
5.000000e-01 5.000000e-01 4.999975e-03 5.000000e-01 5.000000e-01 1.515046e+00 -0.993283 0.002083 0.009874 0.969370 0.009874 0.002083 0.993283 -0.002113 -0.009979 -0.969099 -0.009979 -0.002113 0.000000 
5.000000e-01 5.000000e-01 4.999975e-03 5.000000e-01 5.000000e-01 1.515046e+00 -0.993283 0.002083 0.009874 0.969370 0.009874 0.002083 0.993283 -0.002113 -0.009979 -0.969099 -0.009979 -0.002113 0.000000 
5.000000e-01 5.000000e-01 4.999975e-03 5.000000e-01 5.000000e-01 1.515046e+00 -0.993283 0.002083 0.009874 0.969370 0.009874 0.002083 0.993283 -0.002113 -0.009979 -0.969099 -0.009979 -0.002113 0.000000 
5.000000e-01 5.000000e-01 4.999975e-03 5.000000e-01 5.000000e-01 1.515046e+00 -0.993283 0.002083 0.009874 0.969370 0.009874 0.002083 0.993283 -0.002113 -0.009979 -0.969099 -0.009979 -0.002113 0.000000 
5.000000e-01 5.000000e-01 4.999975e-03 5.000000e-01 5.000000e-01 1.515046e+00 -0.993283 0.002083 0.009874 0.969370 0.009874 0.002083 0.993283 -0.002113 -0.009979 -0.969099 -0.009979 -0.002113 0.000000 
5.000000e-01 5.000000e-01 4.999975e-03 5.000000e-01 5.000000e-01 1.515046e+00 -0.993283 0.002083 0.009874 0.969370 0.009874 0.002083 0.993283 -0.002113 -0.009979 -0.969099 -0.009979 -0.002113 0.000000 
5.000000e-01 5.000000e-01 4.999975e-03 5.000000e-01 5.000000e-01 1.515046e+00 -0.993283 0.002083 0.009874 0.969370 0.009874 0.002083 0.993283 -0.002113 -0.009979 -0.969099 -0.009979 -0.002113 0.000000 
5.000000e-01 5.000000e-01 4.999975e-03 5.000000e-01 5.000000e-01 1.515046e+00 -0.993283 0.002083 0.009874 0.969370 0.009874 0.002083 0.993283 -0.002113 -0.009979 -0.969099 -0.009979 -0.002113 0.000000 
5.000000e-01 5.000000e-01 4.999975e-03 5.000000e-01 5.000000e-01 1.515046e+00 -0.993283 0.002083 0.009874 0.969370 0.009874 0.002083 0.993283 -0.002113 -0.009979 -0.969099 -0.009979 -0.002113 0.000000 
5.000000e-01 5.000000e-01 4.999975e-03 5.000000e-01 5.000000e-01 1.515046e+00 -0.993283 0.002083 0.009874 0.969370 0.009874 0.002083 0.993283 -0.002113 -0.009979 -0.969099 -0.009979 -0.002113 0.000000 
5.000000e-01 5.000000e-01 4.999975e-03 5.000000e-01 5.000000e-01 1.515046e+00 -0.993283 0.002083 0.009874 0.969370 0.009874 0.002083 0.993283 -0.002113 -0.009979 -0.969099 -0.009979 -0.002113 0.000000 
5.000000e-01 5.000000e-01 4.999975e-03 5.000000e-01 5.000000e-01 1.515046e+00 -0.993283 0.002083 0.009874 0.969370 0.009874 0.002083 0.993283 -0.002113 -0.009979 -0.969099 -0.009979 -0.002113 0.000000 
5.000000e-01 5.000000e-01 4.999975e-03 5.000000e-01 5.000000e-01 1.515046e+00 -0.993283 0.002083 0.009874 0.969370 0.009874 0.002083 0.993283 -0.002113 -0.009979 -0.969099 -0.009979 -0.002113 0.000000 
5.000000e-01 5.000000e-01 4.999975e-03 5.000000e-01 5.000000e-01 1.515046e+00 -0.993283 0.002083 0.009874 0.969370 0.009874 0.002083 0.993283 -0.002113 -0.009979 -0.969099 -0.009979 -0.002113 0.000000 
5.000000e-01 5.000000e-01 4.999975e-03 5.000000e-01 5.000000e-01 1.515046e+00 -0.993283 0.002083 0.009874 0.969370 0.009874 0.002083 0.993283 -0.002113 -0.009979 -0.969099 -0.009979 -0.002113 0.000000 
5.000000e-01 5.000000e-01 4.999975e-03 5.000000e-01 5.000000e-01 1.515046e+00 -0.993283 0.002083 0.009874 0.969370 0.009874 0.002083 0.993283 -0.002113 -0.009979 -0.969099 -0.009979 -0.002113 0.000000 
5.000000e-01 5.000000e-01 4.999975e-03 5.000000e-01 5.000000e-01 1.515046e+00 -0.993283 0.002083 0.009874 0.969370 0.009874 0.002083 0.993283 -0.002113 -0.009979 -0.969099 -0.009979 -0.002113 0.000000 
5.000000e-01 5.000000e-01 4.999975e-03 5.000000e-01 5.000000e-01 1.515046e+00 -0.993283 0.002083 0.009874 0.969370 0.009874 0.002083 0.993283 -0.002113 -0.009979 -0.969099 -0.009979 -0.002113 0.000000 
5.000000e-01 5.000000e-01 4.999975e-03 5.000000e-01 5.000000e-01 1.515046e+00 -0.993283 0.002083 0.009874 0.969370 0.009874 0.002083 0.993283 -0.002113 -0.009979 -0.969099 -0.009979 -0.002113 0.000000 
5.000000e-01 5.000000e-01 4.999975e-03 5.000000e-01 5.000000e-01 1.515046e+00 -0.993283 0.002083 0.009874 0.969370 0.009874 0.002083 0.993283 -0.002113 -0.009979 -0.969099 -0.009979 -0.002113 0.000000 
5.000000e-01 5.000000e-01 4.999975e-03 5.000000e-01 5.000000e-01 1.515046e+00 -0.993283 0.002083 0.009874 0.969370 0.009874 0.002083 0.993283 -0.002113 -0.009979 -0.969099 -0.009979 -0.002113 0.000000 
5.000000e-01 5.000000e-01 4.999975e-03 5.000000e-01 5.000000e-01 1.515046e+00 -0.993283 0.002083 0.009874 0.969370 0.009874 0.002083 0.993283 -0.002113 -0.009979 -0.969099 -0.009979 -0.002113 0.000000 
5.000000e-01 5.000000e-01 4.999975e-03 5.000000e-01 5.000000e-01 1.515046e+00 -0.993283 0.002083 0.009874 0.969370 0.009874 0.002083 0.993283 -0.002113 -0.009979 -0.969099 -0.009979 -0.002113 0.000000 
5.000000e-01 5.000000e-01 4.999975e-03 5.000000e-01 5.000000e-01 1.515046e+00 -0.993283 0.002083 0.009874 0.969370 0.009874 0.002083 0.993283 -0.002113 -0.009979 -0.969099 -0.009979 -0.002113 0.000000 
5.000000e-01 5.000000e-01 4.999975e-03 5.000000e-01 5.000000e-01 1.515046e+00 -0.993283 0.002083 0.009874 0.969370 0.009874 0.002083 0.993283 -0.002113 -0.009979 -0.969099 -0.009979 -0.002113 0.000000 
5.000000e-01 5.000000e-01 4.999975e-03 5.000000e-01 5.000000e-01 1.515046e+00 -0.993283 0.002083 0.009874 0.969370 0.009874 0.002083 0.993283 -0.002113 -0.009979 -0.969099 -0.009979 -0.002113 0.000000 
5.000000e-01 5.000000e-01 4.999975e-03 5.000000e-01 5.000000e-01 1.515046e+00 -0.993283 0.002083 0.009874 0.969370 0.009874 0.002083 0.993283 -0.002113 -0.009979 -0.969099 -0.009979 -0.002113 0.000000 
5.000000e-01 5.000000e-01 4.999975e-03 5.000000e-01 5.000000e-01 1.515046e+00 -0.993283 0.002083 0.009874 0.969370 0.009874 0.002083 0.993283 -0.002113 -0.009979 -0.969099 -0.009979 -0.002113 0.000000 
5.000000e-01 5.000000e-01 4.999975e-03 5.000000e-01 5.000000e-01 1.515046e+00 -0.993283 0.002083 0.009874 0.969370 0.009874 0.002083 0.993283 -0.002113 -0.009979 -0.969099 -0.009979 -0.002113 0.000000 
5.000000e-01 5.000000e-01 4.999975e-03 5.000000e-01 5.000000e-01 1.515046e+00 -0.993283 0.002083 0.009874 0.969370 0.009874 0.002083 0.993283 -0.002113 -0.009979 -0.969099 -0.009979 -0.002113 0.000000 
5.000000e-01 5.000000e-01 4.999975e-03 5.000000e-01 5.000000e-01 1.515046e+00 -0.993283 0.002083 0.009874 0.969370 0.009874 0.002083 0.993283 -0.002113 -0.009979 -0.969099 -0.009979 -0.002113 0.000000 
5.000000e-01 5.000000e-01 4.999975e-03 5.000000e-01 5.000000e-01 1.515046e+00 -0.993283 0.002083 0.009874 0.969370 0.009874 0.002083 0.993283 -0.002113 -0.009979 -0.969099 -0.009979 -0.002113 0.000000 
5.000000e-01 5.000000e-01 4.999975e-03 5.000000e-01 5.000000e-01 1.515046e+00 -0.993283 0.002083 0.009874 0.969370 0.009874 0.002083 0.993283 -0.002113 -0.009979 -0.969099 -0.009979 -0.002113 0.000000 
5.000000e-01 5.000000e-01 4.999975e-03 5.000000e-01 5.000000e-01 1.515046e+00 -0.993283 0.002083 0.009874 0.969370 0.009874 0.002083 0.993283 -0.002113 -0.009979 -0.969099 -0.009979 -0.002113 0.000000 
5.000000e-01 5.000000e-01 4.999975e-03 5.000000e-01 5.000000e-01 1.515046e+00 -0.993283 0.002083 0.009874 0.969370 0.009874 0.002083 0.993283 -0.002113 -0.009979 -0.969099 -0.009979 -0.002113 0.000000 
5.000000e-01 5.000000e-01 4.999975e-03 5.000000e-01 5.000000e-01 1.515046e+00 -0.993283 0.002083 0.009874 0.969370 0.009874 0.002083 0.993283 -0.002113 -0.009979 -0.969099 -0.009979 -0.002113 0.000000 
5.000000e-01 5.000000e-01 4.999975e-03 5.000000e-01 5.000000e-01 1.515046e+00 -0.993283 0.002083 0.009874 0.969370 0.009874 0.002083 0.993283 -0.002113 -0.009979 -0.969099 -0.009979 -0.002113 0.000000 
5.000000e-01 5.000000e-01 4.999975e-03 5.000000e-01 5.000000e-01 1.515046e+00 -0.993283 0.002083 0.009874 0.969370 0.009874 0.002083 0.993283 -0.002113 -0.009979 -0.969099 -0.009979 -0.002113 0.000000 
5.000000e-01 5.000000e-01 4.999975e-03 5.000000e-01 5.000000e-01 1.515046e+00 -0.993283 0.002083 0.009874 0.969370 0.009874 0.002083 0.993283 -0.002113 -0.009979 -0.969099 -0.009979 -0.002113 0.000000 
5.000000e-01 5.000000e-01 4.999975e-03 5.000000e-01 5.000000e-01 1.515046e+00 -0.993283 0.002083 0.009874 0.969370 0.009874 0.002083 0.993283 -0.002113 -0.009979 -0.969099 -0.009979 -0.002113 0.000000 
5.000000e-01 5.000000e-01 4.999975e-03 5.000000e-01 5.000000e-01 1.515046e+00 -0.993283 0.002083 0.009874 0.969370 0.009874 0.002083 0.993283 -0.002113 -0.009979 -0.969099 -0.009979 -0.002113 0.000000 
5.000000e-01 5.000000e-01 4.999975e-03 5.000000e-01 5.000000e-01 1.515046e+00 -0.993283 0.002083 0.009874 0.969370 0.009874 0.002083 0.993283 -0.002113 -0.009979 -0.969099 -0.009979 -0.002113 0.000000 
5.000000e-01 5.000000e-01 4.999975e-03 5.000000e-01 5.000000e-01 1.515046e+00 -0.993283 0.002083 0.009874 0.969370 0.009874 0.002083 0.993283 -0.002113 -0.009979 -0.969099 -0.009979 -0.002113 0.000000 
5.000000e-01 5.000000e-01 4.999975e-03 5.000000e-01 5.000000e-01 1.515046e+00 -0.993283 0.002083 0.009874 0.969370 0.009874 0.002083 0.993283 -0.002113 -0.009979 -0.969099 -0.009979 -0.002113 0.000000 
5.000000e-01 5.000000e-01 4.999975e-03 5.000000e-01 5.000000e-01 1.515046e+00 -0.993283 0.002083 0.009874 0.969370 0.009874 0.002083 0.993283 -0.002113 -0.009979 -0.969099 -0.009979 -0.002113 0.000000 
5.000000e-01 5.000000e-01 4.999975e-03 5.000000e-01 5.000000e-01 1.515046e+00 -0.993283 0.002083 0.009874 0.969370 0.009874 0.002083 0.993283 -0.002113 -0.009979 -0.969099 -0.009979 -0.002113 0.000000 
5.000000e-01 5.000000e-01 4.999975e-03 5.000000e-01 5.000000e-01 1.515046e+00 -0.993283 0.002083 0.009874 0.969370 0.009874 0.002083 0.993283 -0.002113 -0.009979 -0.969099 -0.009979 -0.002113 0.000000 
5.000000e-01 5.000000e-01 4.999975e-03 5.000000e-01 5.000000e-01 1.515046e+00 -0.993283 0.002083 0.009874 0.969370 0.009874 0.002083 0.993283 -0.002113 -0.009979 -0.969099 -0.009979 -0.002113 0.000000 
5.000000e-01 5.000000e-01 4.999975e-03 5.000000e-01 5.000000e-01 1.515046e+00 -0.993283 0.002083 0.009874 0.969370 0.009874 0.002083 0.993283 -0.002113 -0.009979 -0.969099 -0.009979 -0.002113 0.000000 
5.000000e-01 5.000000e-01 4.999975e-03 5.000000e-01 5.000000e-01 1.515046e+00 -0.993283 0.002083 0.009874 0.969370 0.009874 0.002083 0.993283 -0.002113 -0.009979 -0.969099 -0.009979 -0.002113 0.000000 
5.000000e-01 5.000000e-01 4.999975e-03 5.000000e-01 5.000000e-01 1.515046e+00 -0.993283 0.002083 0.009874 0.969370 0.009874 0.002083 0.993283 -0.002113 -0.009979 -0.969099 -0.009979 -0.002113 0.000000 
5.000000e-01 5.000000e-01 4.999975e-03 5.000000e-01 5.000000e-01 1.515046e+00 -0.993283 0.002083 0.009874 0.969370 0.009874 0.002083 0.993283 -0.002113 -0.009979 -0.969099 -0.009979 -0.002113 0.000000 
5.000000e-01 5.000000e-01 4.999975e-03 5.000000e-01 5.000000e-01 1.515046e+00 -0.993283 0.002083 0.009874 0.969370 0.009874 0.002083 0.993283 -0.002113 -0.009979 -0.969099 -0.009979 -0.002113 0.000000 
5.000000e-01 5.000000e-01 4.999975e-03 5.000000e-01 5.000000e-01 1.515046e+00 -0.993283 0.002083 0.009874 0.969370 0.009874 0.002083 0.993283 -0.002113 -0.009979 -0.969099 -0.009979 -0.002113 0.000000 
5.000000e-01 5.000000e-01 4.999975e-03 5.000000e-01 5.000000e-01 1.515046e+00 -0.993283 0.002083 0.009874 0.969370 0.009874 0.002083 0.993283 -0.002113 -0.009979 -0.969099 -0.009979 -0.002113 0.000000 
5.000000e-01 5.000000e-01 4.999975e-03 5.000000e-01 5.000000e-01 1.515046e+00 -0.993283 0.002083 0.009874 0.969370 0.009874 0.002083 0.993283 -0.002113 -0.009979 -0.969099 -0.009979 -0.002113 0.000000 
5.000000e-01 5.000000e-01 4.999975e-03 5.000000e-01 5.000000e-01 1.515046e+00 -0.993283 0.002083 0.009874 0.969370 0.009874 0.002083 0.993283 -0.002113 -0.009979 -0.969099 -0.009979 -0.002113 0.000000 
5.000000e-01 5.000000e-01 4.999975e-03 5.000000e-01 5.000000e-01 1.515046e+00 -0.993283 0.002083 0.009874 0.969370 0.009874 0.002083 0.993283 -0.002113 -0.009979 -0.969099 -0.009979 -0.002113 0.000000 
5.000000e-01 5.000000e-01 4.999975e-03 5.000000e-01 5.000000e-01 1.515046e+00 -0.993283 0.002083 0.009874 0.969370 0.009874 0.002083 0.993283 -0.002113 -0.009979 -0.969099 -0.009979 -0.002113 0.000000 
5.000000e-01 5.000000e-01 4.999975e-03 5.000000e-01 5.000000e-01 1.515046e+00 -0.993283 0.002083 0.009874 0.969370 0.009874 0.002083 0.993283 -0.002113 -0.009979 -0.969099 -0.009979 -0.002113 0.000000 
5.000000e-01 5.000000e-01 4.999975e-03 5.000000e-01 5.000000e-01 1.515046e+00 -0.993283 0.002083 0.009874 0.969370 0.009874 0.002083 0.993283 -0.002113 -0.009979 -0.969099 -0.009979 -0.002113 0.000000 
5.000000e-01 5.000000e-01 4.999975e-03 5.000000e-01 5.000000e-01 1.515046e+00 -0.993283 0.002083 0.009874 0.969370 0.009874 0.002083 0.993283 -0.002113 -0.009979 -0.969099 -0.009979 -0.002113 0.000000 
5.000000e-01 5.000000e-01 4.999975e-03 5.000000e-01 5.000000e-01 1.515046e+00 -0.993283 0.002083 0.009874 0.969370 0.009874 0.002083 0.993283 -0.002113 -0.009979 -0.969099 -0.009979 -0.002113 0.000000 
5.000000e-01 5.000000e-01 4.999975e-03 5.000000e-01 5.000000e-01 1.515046e+00 -0.993283 0.002083 0.009874 0.969370 0.009874 0.002083 0.993283 -0.002113 -0.009979 -0.969099 -0.009979 -0.002113 0.000000 
5.000000e-01 5.000000e-01 4.999975e-03 5.000000e-01 5.000000e-01 1.515046e+00 -0.993283 0.002083 0.009874 0.969370 0.009874 0.002083 0.993283 -0.002113 -0.009979 -0.969099 -0.009979 -0.002113 0.000000 
5.000000e-01 5.000000e-01 4.999975e-03 5.000000e-01 5.000000e-01 1.515046e+00 -0.993283 0.002083 0.009874 0.969370 0.009874 0.002083 0.993283 -0.002113 -0.009979 -0.969099 -0.009979 -0.002113 0.000000 
5.000000e-01 5.000000e-01 4.999975e-03 5.000000e-01 5.000000e-01 1.515046e+00 -0.993283 0.002083 0.009874 0.969370 0.009874 0.002083 0.993283 -0.002113 -0.009979 -0.969099 -0.009979 -0.002113 0.000000 
5.000000e-01 5.000000e-01 4.999975e-03 5.000000e-01 5.000000e-01 1.515046e+00 -0.993283 0.002083 0.009874 0.969370 0.009874 0.002083 0.993283 -0.002113 -0.009979 -0.969099 -0.009979 -0.002113 0.000000 
5.000000e-01 5.000000e-01 4.999975e-03 5.000000e-01 5.000000e-01 1.515046e+00 -0.993283 0.002083 0.009874 0.969370 0.009874 0.002083 0.993283 -0.002113 -0.009979 -0.969099 -0.009979 -0.002113 0.000000 
5.000000e-01 5.000000e-01 4.999975e-03 5.000000e-01 5.000000e-01 1.515046e+00 -0.993283 0.002083 0.009874 0.969370 0.009874 0.002083 0.993283 -0.002113 -0.009979 -0.969099 -0.009979 -0.002113 0.000000 
5.000000e-01 5.000000e-01 4.999975e-03 5.000000e-01 5.000000e-01 1.515046e+00 -0.993283 0.002083 0.009874 0.969370 0.009874 0.002083 0.993283 -0.002113 -0.009979 -0.969099 -0.009979 -0.002113 0.000000 
5.000000e-01 5.000000e-01 4.999975e-03 5.000000e-01 5.000000e-01 1.515046e+00 -0.993283 0.002083 0.009874 0.969370 0.009874 0.002083 0.993283 -0.002113 -0.009979 -0.969099 -0.009979 -0.002113 0.000000 
5.000000e-01 5.000000e-01 4.999975e-03 5.000000e-01 5.000000e-01 1.515046e+00 -0.993283 0.002083 0.009874 0.969370 0.009874 0.002083 0.993283 -0.002113 -0.009979 -0.969099 -0.009979 -0.002113 0.000000 
5.000000e-01 5.000000e-01 4.999975e-03 5.000000e-01 5.000000e-01 1.515046e+00 -0.993283 0.002083 0.009874 0.969370 0.009874 0.002083 0.993283 -0.002113 -0.009979 -0.969099 -0.009979 -0.002113 0.000000 
5.000000e-01 5.000000e-01 4.999975e-03 5.000000e-01 5.000000e-01 1.515046e+00 -0.993283 0.002083 0.009874 0.969370 0.009874 0.002083 0.993283 -0.002113 -0.009979 -0.969099 -0.009979 -0.002113 0.000000 
5.000000e-01 5.000000e-01 4.999975e-03 5.000000e-01 5.000000e-01 1.515046e+00 -0.993283 0.002083 0.009874 0.969370 0.009874 0.002083 0.993283 -0.002113 -0.009979 -0.969099 -0.009979 -0.002113 0.000000 
5.000000e-01 5.000000e-01 4.999975e-03 5.000000e-01 5.000000e-01 1.515046e+00 -0.993283 0.002083 0.009874 0.969370 0.009874 0.002083 0.993283 -0.002113 -0.009979 -0.969099 -0.009979 -0.002113 0.000000 
5.000000e-01 5.000000e-01 4.999975e-03 5.000000e-01 5.000000e-01 1.515046e+00 -0.993283 0.002083 0.009874 0.969370 0.009874 0.002083 0.993283 -0.002113 -0.009979 -0.969099 -0.009979 -0.002113 0.000000 
5.000000e-01 5.000000e-01 4.999975e-03 5.000000e-01 5.000000e-01 1.515046e+00 -0.993283 0.002083 0.009874 0.969370 0.009874 0.002083 0.993283 -0.002113 -0.009979 -0.969099 -0.009979 -0.002113 0.000000 
5.000000e-01 5.000000e-01 4.999975e-03 5.000000e-01 5.000000e-01 1.515046e+00 -0.993283 0.002083 0.009874 0.969370 0.009874 0.002083 0.993283 -0.002113 -0.009979 -0.969099 -0.009979 -0.002113 0.000000 
5.000000e-01 5.000000e-01 4.999975e-03 5.000000e-01 5.000000e-01 1.515046e+00 -0.993283 0.002083 0.009874 0.969370 0.009874 0.002083 0.993283 -0.002113 -0.009979 -0.969099 -0.009979 -0.002113 0.000000 
5.000000e-01 5.000000e-01 4.999975e-03 5.000000e-01 5.000000e-01 1.515046e+00 -0.993283 0.002083 0.009874 0.969370 0.009874 0.002083 0.993283 -0.002113 -0.009979 -0.969099 -0.009979 -0.002113 0.000000 
5.000000e-01 5.000000e-01 4.999975e-03 5.000000e-01 5.000000e-01 1.515046e+00 -0.993283 0.002083 0.009874 0.969370 0.009874 0.002083 0.993283 -0.002113 -0.009979 -0.969099 -0.009979 -0.002113 0.000000 
5.000000e-01 5.000000e-01 4.999975e-03 5.000000e-01 5.000000e-01 1.515046e+00 -0.993283 0.002083 0.009874 0.969370 0.009874 0.002083 0.993283 -0.002113 -0.009979 -0.969099 -0.009979 -0.002113 0.000000 
5.000000e-01 5.000000e-01 4.999975e-03 5.000000e-01 5.000000e-01 1.515046e+00 -0.993283 0.002083 0.009874 0.969370 0.009874 0.002083 0.993283 -0.002113 -0.009979 -0.969099 -0.009979 -0.002113 0.000000 
5.000000e-01 5.000000e-01 4.999975e-03 5.000000e-01 5.000000e-01 1.515046e+00 -0.993283 0.002083 0.009874 0.969370 0.009874 0.002083 0.993283 -0.002113 -0.009979 -0.969099 -0.009979 -0.002113 0.000000 
5.000000e-01 5.000000e-01 4.999975e-03 5.000000e-01 5.000000e-01 1.515046e+00 -0.993283 0.002083 0.009874 0.969370 0.009874 0.002083 0.993283 -0.002113 -0.009979 -0.969099 -0.009979 -0.002113 0.000000 
5.000000e-01 5.000000e-01 4.999975e-03 5.000000e-01 5.000000e-01 1.515046e+00 -0.993283 0.002083 0.009874 0.969370 0.009874 0.002083 0.993283 -0.002113 -0.009979 -0.969099 -0.009979 -0.002113 0.000000 
5.000000e-01 5.000000e-01 4.999975e-03 5.000000e-01 5.000000e-01 1.515046e+00 -0.993283 0.002083 0.009874 0.969370 0.009874 0.002083 0.993283 -0.002113 -0.009979 -0.969099 -0.009979 -0.002113 0.000000 
5.000000e-01 5.000000e-01 4.999975e-03 5.000000e-01 5.000000e-01 1.515046e+00 -0.993283 0.002083 0.009874 0.969370 0.009874 0.002083 0.993283 -0.002113 -0.009979 -0.969099 -0.009979 -0.002113 0.000000 
5.000000e-01 5.000000e-01 4.999975e-03 5.000000e-01 5.000000e-01 1.515046e+00 -0.993283 0.002083 0.009874 0.969370 0.009874 0.002083 0.993283 -0.002113 -0.009979 -0.969099 -0.009979 -0.002113 0.000000 
5.000000e-01 5.000000e-01 4.999975e-03 5.000000e-01 5.000000e-01 1.515046e+00 -0.993283 0.002083 0.009874 0.969370 0.009874 0.002083 0.993283 -0.002113 -0.009979 -0.969099 -0.009979 -0.002113 0.000000 
5.000000e-01 5.000000e-01 4.999975e-03 5.000000e-01 5.000000e-01 1.515046e+00 -0.993283 0.002083 0.009874 0.969370 0.009874 0.002083 0.993283 -0.002113 -0.009979 -0.969099 -0.009979 -0.002113 0.000000 
5.000000e-01 5.000000e-01 4.999975e-03 5.000000e-01 5.000000e-01 1.515046e+00 -0.993283 0.002083 0.009874 0.969370 0.009874 0.002083 0.993283 -0.002113 -0.009979 -0.969099 -0.009979 -0.002113 0.000000 
5.000000e-01 5.000000e-01 4.999975e-03 5.000000e-01 5.000000e-01 1.515046e+00 -0.993283 0.002083 0.009874 0.969370 0.009874 0.002083 0.993283 -0.002113 -0.009979 -0.969099 -0.009979 -0.002113 0.000000 
5.000000e-01 5.000000e-01 4.999975e-03 5.000000e-01 5.000000e-01 1.515046e+00 -0.993283 0.002083 0.009874 0.969370 0.009874 0.002083 0.993283 -0.002113 -0.009979 -0.969099 -0.009979 -0.002113 0.000000 
5.000000e-01 5.000000e-01 4.999975e-03 5.000000e-01 5.000000e-01 1.515046e+00 -0.993283 0.002083 0.009874 0.969370 0.009874 0.002083 0.993283 -0.002113 -0.009979 -0.969099 -0.009979 -0.002113 0.000000 
5.000000e-01 5.000000e-01 4.999975e-03 5.000000e-01 5.000000e-01 1.515046e+00 -0.993283 0.002083 0.009874 0.969370 0.009874 0.002083 0.993283 -0.002113 -0.009979 -0.969099 -0.009979 -0.002113 0.000000 
5.000000e-01 5.000000e-01 4.999975e-03 5.000000e-01 5.000000e-01 1.515046e+00 -0.993283 0.002083 0.009874 0.969370 0.009874 0.002083 0.993283 -0.002113 -0.009979 -0.969099 -0.009979 -0.002113 0.000000 
5.000000e-01 5.000000e-01 4.999975e-03 5.000000e-01 5.000000e-01 1.515046e+00 -0.993283 0.002083 0.009874 0.969370 0.009874 0.002083 0.993283 -0.002113 -0.009979 -0.969099 -0.009979 -0.002113 0.000000 
5.000000e-01 5.000000e-01 4.999975e-03 5.000000e-01 5.000000e-01 1.515046e+00 -0.993283 0.002083 0.009874 0.969370 0.009874 0.002083 0.993283 -0.002113 -0.009979 -0.969099 -0.009979 -0.002113 0.000000 
5.000000e-01 5.000000e-01 4.999975e-03 5.000000e-01 5.000000e-01 1.515046e+00 -0.993283 0.002083 0.009874 0.969370 0.009874 0.002083 0.993283 -0.002113 -0.009979 -0.969099 -0.009979 -0.002113 0.000000 
5.000000e-01 5.000000e-01 4.999975e-03 5.000000e-01 5.000000e-01 1.515046e+00 -0.993283 0.002083 0.009874 0.969370 0.009874 0.002083 0.993283 -0.002113 -0.009979 -0.969099 -0.009979 -0.002113 0.000000 
5.000000e-01 5.000000e-01 4.999975e-03 5.000000e-01 5.000000e-01 1.515046e+00 -0.993283 0.002083 0.009874 0.969370 0.009874 0.002083 0.993283 -0.002113 -0.009979 -0.969099 -0.009979 -0.002113 0.000000 
5.000000e-01 5.000000e-01 4.999975e-03 5.000000e-01 5.000000e-01 1.515046e+00 -0.993283 0.002083 0.009874 0.969370 0.009874 0.002083 0.993283 -0.002113 -0.009979 -0.969099 -0.009979 -0.002113 0.000000 
5.000000e-01 5.000000e-01 4.999975e-03 5.000000e-01 5.000000e-01 1.515046e+00 -0.993283 0.002083 0.009874 0.969370 0.009874 0.002083 0.993283 -0.002113 -0.009979 -0.969099 -0.009979 -0.002113 0.000000 
5.000000e-01 5.000000e-01 4.999975e-03 5.000000e-01 5.000000e-01 1.515046e+00 -0.993283 0.002083 0.009874 0.969370 0.009874 0.002083 0.993283 -0.002113 -0.009979 -0.969099 -0.009979 -0.002113 0.000000 
5.000000e-01 5.000000e-01 4.999975e-03 5.000000e-01 5.000000e-01 1.515046e+00 -0.993283 0.002083 0.009874 0.969370 0.009874 0.002083 0.993283 -0.002113 -0.009979 -0.969099 -0.009979 -0.002113 0.000000 
5.000000e-01 5.000000e-01 4.999975e-03 5.000000e-01 5.000000e-01 1.515046e+00 -0.993283 0.002083 0.009874 0.969370 0.009874 0.002083 0.993283 -0.002113 -0.009979 -0.969099 -0.009979 -0.002113 0.000000 
5.000000e-01 5.000000e-01 4.999975e-03 5.000000e-01 5.000000e-01 1.515046e+00 -0.993283 0.002083 0.009874 0.969370 0.009874 0.002083 0.993283 -0.002113 -0.009979 -0.969099 -0.009979 -0.002113 0.000000 
5.000000e-01 5.000000e-01 4.999975e-03 5.000000e-01 5.000000e-01 1.515046e+00 -0.993283 0.002083 0.009874 0.969370 0.009874 0.002083 0.993283 -0.002113 -0.009979 -0.969099 -0.009979 -0.002113 0.000000 
5.000000e-01 5.000000e-01 4.999975e-03 5.000000e-01 5.000000e-01 1.515046e+00 -0.993283 0.002083 0.009874 0.969370 0.009874 0.002083 0.993283 -0.002113 -0.009979 -0.969099 -0.009979 -0.002113 0.000000 
5.000000e-01 5.000000e-01 4.999975e-03 5.000000e-01 5.000000e-01 1.515046e+00 -0.993283 0.002083 0.009874 0.969370 0.009874 0.002083 0.993283 -0.002113 -0.009979 -0.969099 -0.009979 -0.002113 0.000000 
5.000000e-01 5.000000e-01 4.999975e-03 5.000000e-01 5.000000e-01 1.515046e+00 -0.993283 0.002083 0.009874 0.969370 0.009874 0.002083 0.993283 -0.002113 -0.009979 -0.969099 -0.009979 -0.002113 0.000000 
5.000000e-01 5.000000e-01 4.999975e-03 5.000000e-01 5.000000e-01 1.515046e+00 -0.993283 0.002083 0.009874 0.969370 0.009874 0.002083 0.993283 -0.002113 -0.009979 -0.969099 -0.009979 -0.002113 0.000000 
5.000000e-01 5.000000e-01 4.999975e-03 5.000000e-01 5.000000e-01 1.515046e+00 -0.993283 0.002083 0.009874 0.969370 0.009874 0.002083 0.993283 -0.002113 -0.009979 -0.969099 -0.009979 -0.002113 0.000000 
5.000000e-01 5.000000e-01 4.999975e-03 5.000000e-01 5.000000e-01 1.515046e+00 -0.993283 0.002083 0.009874 0.969370 0.009874 0.002083 0.993283 -0.002113 -0.009979 -0.969099 -0.009979 -0.002113 0.000000 
5.000000e-01 5.000000e-01 4.999975e-03 5.000000e-01 5.000000e-01 1.515046e+00 -0.993283 0.002083 0.009874 0.969370 0.009874 0.002083 0.993283 -0.002113 -0.009979 -0.969099 -0.009979 -0.002113 0.000000 
5.000000e-01 5.000000e-01 4.999975e-03 5.000000e-01 5.000000e-01 1.515046e+00 -0.993283 0.002083 0.009874 0.969370 0.009874 0.002083 0.993283 -0.002113 -0.009979 -0.969099 -0.009979 -0.002113 0.000000 
5.000000e-01 5.000000e-01 4.999975e-03 5.000000e-01 5.000000e-01 1.515046e+00 -0.993283 0.002083 0.009874 0.969370 0.009874 0.002083 0.993283 -0.002113 -0.009979 -0.969099 -0.009979 -0.002113 0.000000 
5.000000e-01 5.000000e-01 4.999975e-03 5.000000e-01 5.000000e-01 1.515046e+00 -0.993283 0.002083 0.009874 0.969370 0.009874 0.002083 0.993283 -0.002113 -0.009979 -0.969099 -0.009979 -0.002113 0.000000 
5.000000e-01 5.000000e-01 4.999975e-03 5.000000e-01 5.000000e-01 1.515046e+00 -0.993283 0.002083 0.009874 0.969370 0.009874 0.002083 0.993283 -0.002113 -0.009979 -0.969099 -0.009979 -0.002113 0.000000 
5.000000e-01 5.000000e-01 4.999975e-03 5.000000e-01 5.000000e-01 1.515046e+00 -0.993283 0.002083 0.009874 0.969370 0.009874 0.002083 0.993283 -0.002113 -0.009979 -0.969099 -0.009979 -0.002113 0.000000 
5.000000e-01 5.000000e-01 4.999975e-03 5.000000e-01 5.000000e-01 1.515046e+00 -0.993283 0.002083 0.009874 0.969370 0.009874 0.002083 0.993283 -0.002113 -0.009979 -0.969099 -0.009979 -0.002113 0.000000 
5.000000e-01 5.000000e-01 4.999975e-03 5.000000e-01 5.000000e-01 1.515046e+00 -0.993283 0.002083 0.009874 0.969370 0.009874 0.002083 0.993283 -0.002113 -0.009979 -0.969099 -0.009979 -0.002113 0.000000 
5.000000e-01 5.000000e-01 4.999975e-03 5.000000e-01 5.000000e-01 1.515046e+00 -0.993283 0.002083 0.009874 0.969370 0.009874 0.002083 0.993283 -0.002113 -0.009979 -0.969099 -0.009979 -0.002113 0.000000 
5.000000e-01 5.000000e-01 4.999975e-03 5.000000e-01 5.000000e-01 1.515046e+00 -0.993283 0.002083 0.009874 0.969370 0.009874 0.002083 0.993283 -0.002113 -0.009979 -0.969099 -0.009979 -0.002113 0.000000 
5.000000e-01 5.000000e-01 4.999975e-03 5.000000e-01 5.000000e-01 1.515046e+00 -0.993283 0.002083 0.009874 0.969370 0.009874 0.002083 0.993283 -0.002113 -0.009979 -0.969099 -0.009979 -0.002113 0.000000 
5.000000e-01 5.000000e-01 4.999975e-03 5.000000e-01 5.000000e-01 1.515046e+00 -0.993283 0.002083 0.009874 0.969370 0.009874 0.002083 0.993283 -0.002113 -0.009979 -0.969099 -0.009979 -0.002113 0.000000 
5.000000e-01 5.000000e-01 4.999975e-03 5.000000e-01 5.000000e-01 1.515046e+00 -0.993283 0.002083 0.009874 0.969370 0.009874 0.002083 0.993283 -0.002113 -0.009979 -0.969099 -0.009979 -0.002113 0.000000 
5.000000e-01 5.000000e-01 4.999975e-03 5.000000e-01 5.000000e-01 1.515046e+00 -0.993283 0.002083 0.009874 0.969370 0.009874 0.002083 0.993283 -0.002113 -0.009979 -0.969099 -0.009979 -0.002113 0.000000 
5.000000e-01 5.000000e-01 4.999975e-03 5.000000e-01 5.000000e-01 1.515046e+00 -0.993283 0.002083 0.009874 0.969370 0.009874 0.002083 0.993283 -0.002113 -0.009979 -0.969099 -0.009979 -0.002113 0.000000 
5.000000e-01 5.000000e-01 4.999975e-03 5.000000e-01 5.000000e-01 1.515046e+00 -0.993283 0.002083 0.009874 0.969370 0.009874 0.002083 0.993283 -0.002113 -0.009979 -0.969099 -0.009979 -0.002113 0.000000 
5.000000e-01 5.000000e-01 4.999975e-03 5.000000e-01 5.000000e-01 1.515046e+00 -0.993283 0.002083 0.009874 0.969370 0.009874 0.002083 0.993283 -0.002113 -0.009979 -0.969099 -0.009979 -0.002113 0.000000 
5.000000e-01 5.000000e-01 4.999975e-03 5.000000e-01 5.000000e-01 1.515046e+00 -0.993283 0.002083 0.009874 0.969370 0.009874 0.002083 0.993283 -0.002113 -0.009979 -0.969099 -0.009979 -0.002113 0.000000 
5.000000e-01 5.000000e-01 4.999975e-03 5.000000e-01 5.000000e-01 1.515046e+00 -0.993283 0.002083 0.009874 0.969370 0.009874 0.002083 0.993283 -0.002113 -0.009979 -0.969099 -0.009979 -0.002113 0.000000 
5.000000e-01 5.000000e-01 4.999975e-03 5.000000e-01 5.000000e-01 1.515046e+00 -0.993283 0.002083 0.009874 0.969370 0.009874 0.002083 0.993283 -0.002113 -0.009979 -0.969099 -0.009979 -0.002113 0.000000 
5.000000e-01 5.000000e-01 4.999975e-03 5.000000e-01 5.000000e-01 1.515046e+00 -0.993283 0.002083 0.009874 0.969370 0.009874 0.002083 0.993283 -0.002113 -0.009979 -0.969099 -0.009979 -0.002113 0.000000 
5.000000e-01 5.000000e-01 4.999975e-03 5.000000e-01 5.000000e-01 1.515046e+00 -0.993283 0.002083 0.009874 0.969370 0.009874 0.002083 0.993283 -0.002113 -0.009979 -0.969099 -0.009979 -0.002113 0.000000 
5.000000e-01 5.000000e-01 4.999975e-03 5.000000e-01 5.000000e-01 1.515046e+00 -0.993283 0.002083 0.009874 0.969370 0.009874 0.002083 0.993283 -0.002113 -0.009979 -0.969099 -0.009979 -0.002113 0.000000 
5.000000e-01 5.000000e-01 4.999975e-03 5.000000e-01 5.000000e-01 1.515046e+00 -0.993283 0.002083 0.009874 0.969370 0.009874 0.002083 0.993283 -0.002113 -0.009979 -0.969099 -0.009979 -0.002113 0.000000 
5.000000e-01 5.000000e-01 4.999975e-03 5.000000e-01 5.000000e-01 1.515046e+00 -0.993283 0.002083 0.009874 0.969370 0.009874 0.002083 0.993283 -0.002113 -0.009979 -0.969099 -0.009979 -0.002113 0.000000 
5.000000e-01 5.000000e-01 4.999975e-03 5.000000e-01 5.000000e-01 1.515046e+00 -0.993283 0.002083 0.009874 0.969370 0.009874 0.002083 0.993283 -0.002113 -0.009979 -0.969099 -0.009979 -0.002113 0.000000 
