# TeX TeY TeZ ThX ThY THZ P1 P2
5.000000e-01 5.000000e-01 3.000000e-01 5.000000e-01 5.000000e-01 3.000000e-01 0.000000 0.000000 0.000000 0.000000 0.000000 0.000000 0.000000 0.000000 0.000000 0.000000 0.000000 0.000000 0.000000 
5.000000e-01 5.000000e-01 2.871143e-01 5.000000e-01 5.000000e-01 3.089825e-01 -0.014350 0.002598 0.003045 0.003065 0.003045 0.002598 0.014350 0.002644 -0.003069 -0.013501 -0.003069 0.002644 0.000000 
5.000000e-01 5.000000e-01 2.741967e-01 5.000000e-01 5.000000e-01 3.179560e-01 -0.028716 0.005199 0.006093 0.006133 0.006093 0.005199 0.028716 0.005408 -0.006060 -0.027412 -0.006060 0.005408 0.000000 
5.000000e-01 5.000000e-01 2.612474e-01 5.000000e-01 5.000000e-01 3.269206e-01 -0.043096 0.007803 0.009144 0.009203 0.009144 0.007803 0.043096 0.008308 -0.008937 -0.041839 -0.008937 0.008308 0.000000 
5.000000e-01 5.000000e-01 2.482667e-01 5.000000e-01 5.000000e-01 3.358762e-01 -0.057491 0.010409 0.012198 0.012277 0.012198 0.010409 0.057491 0.011385 -0.011632 -0.056997 -0.011632 0.011385 0.000000 
5.000000e-01 5.000000e-01 2.352547e-01 5.000000e-01 5.000000e-01 3.448227e-01 -0.071900 0.013019 0.015255 0.015353 0.015255 0.013019 0.071900 0.014650 -0.014092 -0.073015 -0.014092 0.014650 0.000000 
5.000000e-01 5.000000e-01 2.222117e-01 5.000000e-01 5.000000e-01 3.537600e-01 -0.086324 0.015631 0.018315 0.018433 0.018315 0.015631 0.086324 0.018098 -0.016272 -0.089976 -0.016272 0.018098 0.000000 
5.000000e-01 5.000000e-01 2.091379e-01 5.000000e-01 5.000000e-01 3.626880e-01 -0.100763 0.018245 0.021378 0.021515 0.021378 0.018245 0.100763 0.021756 -0.018076 -0.108124 -0.018076 0.021756 0.000000 
5.000000e-01 5.000000e-01 1.960332e-01 5.000000e-01 5.000000e-01 3.716067e-01 -0.115216 0.020863 0.024445 0.024601 0.024445 0.020863 0.115216 0.025663 -0.019364 -0.127815 -0.019364 0.025663 0.000000 
5.000000e-01 5.000000e-01 1.828979e-01 5.000000e-01 5.000000e-01 3.805161e-01 -0.129684 0.023482 0.027514 0.027691 0.027514 0.023482 0.129684 0.029791 -0.020083 -0.149100 -0.020083 0.029791 0.000000 
5.000000e-01 5.000000e-01 1.697319e-01 5.000000e-01 5.000000e-01 3.894159e-01 -0.144168 0.026105 0.030587 0.030784 0.030587 0.026105 0.144168 0.034150 -0.020098 -0.172272 -0.020098 0.034150 0.000000 
5.000000e-01 5.000000e-01 1.565351e-01 5.000000e-01 5.000000e-01 3.983062e-01 -0.158668 0.028729 0.033664 0.033881 0.033664 0.028729 0.158668 0.038795 -0.019094 -0.198070 -0.019094 0.038795 0.000000 
5.000000e-01 5.000000e-01 1.433072e-01 5.000000e-01 5.000000e-01 4.071869e-01 -0.173185 0.031357 0.036744 0.036982 0.036744 0.031357 0.173185 0.043683 -0.017021 -0.226509 -0.017021 0.043683 0.000000 
5.000000e-01 5.000000e-01 1.300477e-01 5.000000e-01 5.000000e-01 4.160579e-01 -0.187722 0.033987 0.039829 0.040088 0.039829 0.033987 0.187721 0.048817 -0.013672 -0.258012 -0.013672 0.048817 0.000000 
5.000000e-01 5.000000e-01 1.167558e-01 5.000000e-01 5.000000e-01 4.249191e-01 -0.202281 0.036622 0.042919 0.043200 0.042919 0.036622 0.202281 0.054252 -0.008464 -0.293857 -0.008464 0.054252 0.000000 
5.000000e-01 5.000000e-01 1.034305e-01 5.000000e-01 5.000000e-01 4.337704e-01 -0.216866 0.039260 0.046014 0.046318 0.046014 0.039260 0.216866 0.059927 -0.001372 -0.333976 -0.001372 0.059927 0.000000 
5.000000e-01 5.000000e-01 9.007013e-02 5.000000e-01 5.000000e-01 4.426118e-01 -0.231482 0.041903 0.049116 0.049444 0.049116 0.041903 0.231482 0.065834 0.007900 -0.378950 0.007900 0.065834 0.000000 
5.000000e-01 5.000000e-01 7.667263e-02 5.000000e-01 5.000000e-01 4.514431e-01 -0.246139 0.044553 0.052227 0.052579 0.052227 0.044553 0.246139 0.072014 0.020199 -0.430564 0.020199 0.072014 0.000000 
5.000000e-01 5.000000e-01 6.323574e-02 5.000000e-01 5.000000e-01 4.602643e-01 -0.260841 0.047210 0.055348 0.055725 0.055348 0.047210 0.260841 0.078401 0.035364 -0.488371 0.035364 0.078401 0.000000 
5.000000e-01 5.000000e-01 4.975716e-02 5.000000e-01 5.000000e-01 4.690753e-01 -0.275596 0.049876 0.058480 0.058884 0.058480 0.049876 0.275596 0.084976 0.053613 -0.552774 0.053613 0.084976 0.000000 
5.000000e-01 5.000000e-01 3.623556e-02 5.000000e-01 5.000000e-01 4.778760e-01 -0.290416 0.052552 0.061627 0.062058 0.061627 0.052552 0.290416 0.091749 0.075472 -0.624858 0.075472 0.091749 0.000000 
5.000000e-01 5.000000e-01 2.267156e-02 5.000000e-01 5.000000e-01 4.866663e-01 -0.305293 0.055238 0.064786 0.065245 0.064786 0.055238 0.305293 0.098650 0.100049 -0.702691 0.100049 0.098650 0.000000 
5.000000e-01 5.000000e-01 9.069615e-03 5.000000e-01 5.000000e-01 4.954462e-01 -0.320219 0.057932 0.067955 0.068445 0.067955 0.057932 0.320219 0.105640 0.126763 -0.785025 0.126763 0.105640 0.000000 
5.000000e-01 5.000000e-01 4.999951e-03 5.000000e-01 5.000000e-01 5.042155e-01 -0.328722 0.059455 0.069764 0.070282 0.069764 0.059455 0.328721 0.107454 0.134082 -0.811794 0.134082 0.107454 0.000000 
5.000000e-01 5.000000e-01 4.999951e-03 5.000000e-01 5.000000e-01 5.129742e-01 -0.334471 0.060477 0.070990 0.071536 0.070990 0.060477 0.334471 0.107021 0.132709 -0.813931 0.132709 0.107021 0.000000 
5.000000e-01 5.000000e-01 4.999951e-03 5.000000e-01 5.000000e-01 5.217221e-01 -0.340213 0.061496 0.072215 0.072790 0.072215 0.061496 0.340213 0.106557 0.131343 -0.816015 0.131343 0.106557 0.000000 
5.000000e-01 5.000000e-01 4.999951e-03 5.000000e-01 5.000000e-01 5.304592e-01 -0.345948 0.062512 0.073439 0.074045 0.073439 0.062512 0.345948 0.106064 0.129985 -0.818047 0.129985 0.106064 0.000000 
5.000000e-01 5.000000e-01 4.999951e-03 5.000000e-01 5.000000e-01 5.391854e-01 -0.351676 0.063525 0.074662 0.075301 0.074662 0.063525 0.351676 0.105540 0.128635 -0.820027 0.128635 0.105540 0.000000 
5.000000e-01 5.000000e-01 4.999951e-03 5.000000e-01 5.000000e-01 5.479005e-01 -0.357396 0.064536 0.075884 0.076557 0.075884 0.064536 0.357396 0.104989 0.127292 -0.821959 0.127292 0.104989 0.000000 
5.000000e-01 5.000000e-01 4.999951e-03 5.000000e-01 5.000000e-01 5.566045e-01 -0.363110 0.065542 0.077105 0.077815 0.077105 0.065542 0.363110 0.104413 0.125957 -0.823849 0.125957 0.104413 0.000000 
5.000000e-01 5.000000e-01 4.999951e-03 5.000000e-01 5.000000e-01 5.652973e-01 -0.368816 0.066546 0.078325 0.079074 0.078325 0.066546 0.368816 0.103814 0.124628 -0.825700 0.124628 0.103814 0.000000 
5.000000e-01 5.000000e-01 4.999951e-03 5.000000e-01 5.000000e-01 5.739788e-01 -0.374515 0.067547 0.079544 0.080333 0.079544 0.067547 0.374515 0.103193 0.123306 -0.827513 0.123306 0.103193 0.000000 
5.000000e-01 5.000000e-01 4.999951e-03 5.000000e-01 5.000000e-01 5.826489e-01 -0.380206 0.068544 0.080762 0.081594 0.080762 0.068544 0.380206 0.102552 0.121990 -0.829291 0.121990 0.102552 0.000000 
5.000000e-01 5.000000e-01 4.999951e-03 5.000000e-01 5.000000e-01 5.913075e-01 -0.385890 0.069537 0.081979 0.082857 0.081979 0.069537 0.385889 0.101892 0.120681 -0.831035 0.120681 0.101892 0.000000 
5.000000e-01 5.000000e-01 4.999951e-03 5.000000e-01 5.000000e-01 5.999544e-01 -0.391566 0.070527 0.083195 0.084120 0.083195 0.070527 0.391566 0.101213 0.119379 -0.832748 0.119379 0.101213 0.000000 
5.000000e-01 5.000000e-01 4.999951e-03 5.000000e-01 5.000000e-01 6.085897e-01 -0.397234 0.071513 0.084411 0.085386 0.084411 0.071513 0.397234 0.100513 0.118083 -0.834426 0.118083 0.100513 0.000000 
5.000000e-01 5.000000e-01 4.999951e-03 5.000000e-01 5.000000e-01 6.172131e-01 -0.402895 0.072495 0.085625 0.086654 0.085625 0.072495 0.402895 0.099798 0.116793 -0.836077 0.116793 0.099798 0.000000 
5.000000e-01 5.000000e-01 4.999951e-03 5.000000e-01 5.000000e-01 6.258245e-01 -0.408548 0.073472 0.086839 0.087924 0.086839 0.073472 0.408547 0.099067 0.115509 -0.837701 0.115509 0.099067 0.000000 
5.000000e-01 5.000000e-01 4.999951e-03 5.000000e-01 5.000000e-01 6.344240e-01 -0.414193 0.074446 0.088052 0.089196 0.088052 0.074446 0.414192 0.098322 0.114231 -0.839300 0.114231 0.098322 0.000000 
5.000000e-01 5.000000e-01 4.999951e-03 5.000000e-01 5.000000e-01 6.430112e-01 -0.419830 0.075415 0.089264 0.090471 0.089264 0.075415 0.419829 0.097564 0.112959 -0.840876 0.112959 0.097564 0.000000 
5.000000e-01 5.000000e-01 4.999951e-03 5.000000e-01 5.000000e-01 6.515862e-01 -0.425458 0.076379 0.090476 0.091747 0.090476 0.076379 0.425458 0.096793 0.111692 -0.842429 0.111692 0.096793 0.000000 
5.000000e-01 5.000000e-01 4.999951e-03 5.000000e-01 5.000000e-01 6.601489e-01 -0.431079 0.077339 0.091687 0.093027 0.091687 0.077339 0.431079 0.096011 0.110430 -0.843961 0.110430 0.096011 0.000000 
5.000000e-01 5.000000e-01 4.999951e-03 5.000000e-01 5.000000e-01 6.686990e-01 -0.436692 0.078294 0.092897 0.094311 0.092897 0.078294 0.436692 0.095215 0.109174 -0.845469 0.109174 0.095215 0.000000 
5.000000e-01 5.000000e-01 4.999951e-03 5.000000e-01 5.000000e-01 6.772366e-01 -0.442296 0.079243 0.094107 0.095597 0.094107 0.079243 0.442296 0.094408 0.107922 -0.846959 0.107922 0.094408 0.000000 
5.000000e-01 5.000000e-01 4.999951e-03 5.000000e-01 5.000000e-01 6.857614e-01 -0.447892 0.080186 0.095316 0.096888 0.095316 0.080186 0.447892 0.093592 0.106676 -0.848430 0.106676 0.093592 0.000000 
5.000000e-01 5.000000e-01 4.999951e-03 5.000000e-01 5.000000e-01 6.942733e-01 -0.453480 0.081125 0.096524 0.098182 0.096524 0.081125 0.453480 0.092767 0.105435 -0.849885 0.105435 0.092767 0.000000 
5.000000e-01 5.000000e-01 4.999951e-03 5.000000e-01 5.000000e-01 7.027723e-01 -0.459059 0.082057 0.097732 0.099480 0.097732 0.082057 0.459059 0.091934 0.104198 -0.851323 0.104198 0.091934 0.000000 
5.000000e-01 5.000000e-01 4.999951e-03 5.000000e-01 5.000000e-01 7.112583e-01 -0.464630 0.082984 0.098939 0.100782 0.098939 0.082984 0.464630 0.091092 0.102965 -0.852745 0.102965 0.091092 0.000000 
5.000000e-01 5.000000e-01 4.999951e-03 5.000000e-01 5.000000e-01 7.197310e-01 -0.470192 0.083905 0.100146 0.102089 0.100146 0.083905 0.470192 0.090243 0.101738 -0.854153 0.101738 0.090243 0.000000 
5.000000e-01 5.000000e-01 4.999951e-03 5.000000e-01 5.000000e-01 7.281904e-01 -0.475745 0.084818 0.101353 0.103402 0.101353 0.084818 0.475745 0.089385 0.100514 -0.855544 0.100514 0.089385 0.000000 
5.000000e-01 5.000000e-01 4.999951e-03 5.000000e-01 5.000000e-01 7.366363e-01 -0.481289 0.085724 0.102560 0.104721 0.102560 0.085724 0.481289 0.088521 0.099295 -0.856923 0.099295 0.088521 0.000000 
5.000000e-01 5.000000e-01 4.999951e-03 5.000000e-01 5.000000e-01 7.450687e-01 -0.486825 0.086624 0.103766 0.106045 0.103766 0.086624 0.486824 0.087651 0.098080 -0.858288 0.098080 0.087651 0.000000 
5.000000e-01 5.000000e-01 4.999951e-03 5.000000e-01 5.000000e-01 7.534873e-01 -0.492351 0.087516 0.104972 0.107375 0.104972 0.087516 0.492351 0.086776 0.096870 -0.859642 0.096870 0.086776 0.000000 
5.000000e-01 5.000000e-01 4.999951e-03 5.000000e-01 5.000000e-01 7.618921e-01 -0.497868 0.088401 0.106178 0.108711 0.106178 0.088401 0.497868 0.085895 0.095663 -0.860984 0.095663 0.085895 0.000000 
5.000000e-01 5.000000e-01 4.999951e-03 5.000000e-01 5.000000e-01 7.702829e-01 -0.503376 0.089278 0.107383 0.110054 0.107383 0.089278 0.503376 0.085010 0.094459 -0.862316 0.094459 0.085010 0.000000 
5.000000e-01 5.000000e-01 4.999951e-03 5.000000e-01 5.000000e-01 7.786595e-01 -0.508875 0.090145 0.108589 0.111406 0.108589 0.090145 0.508875 0.084119 0.093260 -0.863635 0.093260 0.084119 0.000000 
5.000000e-01 5.000000e-01 4.999951e-03 5.000000e-01 5.000000e-01 7.870220e-01 -0.514365 0.091004 0.109795 0.112766 0.109795 0.091004 0.514365 0.083224 0.092065 -0.864944 0.092065 0.083224 0.000000 
5.000000e-01 5.000000e-01 4.999951e-03 5.000000e-01 5.000000e-01 7.953700e-01 -0.519845 0.091854 0.111001 0.114134 0.111001 0.091854 0.519845 0.082326 0.090873 -0.866243 0.090873 0.082326 0.000000 
5.000000e-01 5.000000e-01 4.999951e-03 5.000000e-01 5.000000e-01 8.037035e-01 -0.525315 0.092695 0.112207 0.115510 0.112207 0.092695 0.525315 0.081424 0.089685 -0.867533 0.089685 0.081424 0.000000 
5.000000e-01 5.000000e-01 4.999951e-03 5.000000e-01 5.000000e-01 8.120223e-01 -0.530776 0.093526 0.113414 0.116896 0.113414 0.093526 0.530776 0.080519 0.088500 -0.868814 0.088500 0.080519 0.000000 
5.000000e-01 5.000000e-01 4.999951e-03 5.000000e-01 5.000000e-01 8.203262e-01 -0.536227 0.094348 0.114620 0.118291 0.114620 0.094348 0.536227 0.079611 0.087319 -0.870087 0.087319 0.079611 0.000000 
5.000000e-01 5.000000e-01 4.999951e-03 5.000000e-01 5.000000e-01 8.286152e-01 -0.541668 0.095157 0.115828 0.119699 0.115828 0.095157 0.541668 0.078699 0.086142 -0.871351 0.086142 0.078699 0.000000 
5.000000e-01 5.000000e-01 4.999951e-03 5.000000e-01 5.000000e-01 8.368891e-01 -0.547100 0.095955 0.117035 0.121118 0.117035 0.095955 0.547100 0.077786 0.084968 -0.872607 0.084968 0.077786 0.000000 
5.000000e-01 5.000000e-01 4.999951e-03 5.000000e-01 5.000000e-01 8.451477e-01 -0.552521 0.096742 0.118244 0.122549 0.118244 0.096742 0.552521 0.076870 0.083797 -0.873855 0.083797 0.076870 0.000000 
5.000000e-01 5.000000e-01 4.999951e-03 5.000000e-01 5.000000e-01 8.533908e-01 -0.557932 0.097517 0.119453 0.123992 0.119453 0.097517 0.557932 0.075952 0.082629 -0.875096 0.082629 0.075952 0.000000 
5.000000e-01 5.000000e-01 4.999951e-03 5.000000e-01 5.000000e-01 8.616184e-01 -0.563333 0.098280 0.120662 0.125448 0.120662 0.098280 0.563333 0.075033 0.081465 -0.876330 0.081465 0.075033 0.000000 
5.000000e-01 5.000000e-01 4.999951e-03 5.000000e-01 5.000000e-01 8.698302e-01 -0.568724 0.099031 0.121872 0.126917 0.121872 0.099031 0.568724 0.074113 0.080304 -0.877557 0.080304 0.074113 0.000000 
5.000000e-01 5.000000e-01 4.999951e-03 5.000000e-01 5.000000e-01 8.780262e-01 -0.574104 0.099765 0.123084 0.128405 0.123084 0.099765 0.574104 0.073190 0.079146 -0.878776 0.079146 0.073190 0.000000 
5.000000e-01 5.000000e-01 4.999951e-03 5.000000e-01 5.000000e-01 8.862060e-01 -0.579473 0.100485 0.124297 0.129909 0.124297 0.100485 0.579473 0.072267 0.077991 -0.879990 0.077991 0.072267 0.000000 
5.000000e-01 5.000000e-01 4.999951e-03 5.000000e-01 5.000000e-01 8.943696e-01 -0.584832 0.101192 0.125510 0.131428 0.125510 0.101192 0.584832 0.071343 0.076840 -0.881197 0.076840 0.071343 0.000000 
5.000000e-01 5.000000e-01 4.999951e-03 5.000000e-01 5.000000e-01 9.025168e-01 -0.590180 0.101883 0.126725 0.132964 0.126725 0.101883 0.590180 0.070418 0.075691 -0.882399 0.075691 0.070418 0.000000 
5.000000e-01 5.000000e-01 4.999951e-03 5.000000e-01 5.000000e-01 9.106474e-01 -0.595518 0.102559 0.127940 0.134518 0.127940 0.102559 0.595517 0.069492 0.074546 -0.883594 0.074546 0.069492 0.000000 
5.000000e-01 5.000000e-01 4.999951e-03 5.000000e-01 5.000000e-01 9.187613e-01 -0.600844 0.103216 0.129158 0.136095 0.129158 0.103216 0.600844 0.068566 0.073404 -0.884784 0.073404 0.068566 0.000000 
5.000000e-01 5.000000e-01 4.999951e-03 5.000000e-01 5.000000e-01 9.268583e-01 -0.606159 0.103855 0.130377 0.137694 0.130377 0.103855 0.606159 0.067640 0.072265 -0.885968 0.072265 0.067640 0.000000 
5.000000e-01 5.000000e-01 4.999951e-03 5.000000e-01 5.000000e-01 9.349381e-01 -0.611463 0.104477 0.131597 0.139314 0.131597 0.104477 0.611462 0.066713 0.071129 -0.887147 0.071129 0.066713 0.000000 
5.000000e-01 5.000000e-01 4.999951e-03 5.000000e-01 5.000000e-01 9.430007e-01 -0.616755 0.105080 0.132819 0.140956 0.132819 0.105080 0.616755 0.065787 0.069996 -0.888320 0.069996 0.065787 0.000000 
5.000000e-01 5.000000e-01 4.999951e-03 5.000000e-01 5.000000e-01 9.510458e-01 -0.622036 0.105665 0.134042 0.142621 0.134042 0.105665 0.622036 0.064860 0.068866 -0.889489 0.068866 0.064860 0.000000 
5.000000e-01 5.000000e-01 4.999951e-03 5.000000e-01 5.000000e-01 9.590732e-01 -0.627305 0.106228 0.135267 0.144315 0.135267 0.106228 0.627305 0.063934 0.067739 -0.890652 0.067739 0.063934 0.000000 
5.000000e-01 5.000000e-01 4.999951e-03 5.000000e-01 5.000000e-01 9.670828e-01 -0.632563 0.106768 0.136494 0.146040 0.136494 0.106768 0.632563 0.063008 0.066615 -0.891811 0.066615 0.063008 0.000000 
5.000000e-01 5.000000e-01 4.999951e-03 5.000000e-01 5.000000e-01 9.750744e-01 -0.637809 0.107286 0.137723 0.147792 0.137723 0.107286 0.637809 0.062083 0.065495 -0.892964 0.065495 0.062083 0.000000 
5.000000e-01 5.000000e-01 4.999951e-03 5.000000e-01 5.000000e-01 9.830477e-01 -0.643042 0.107782 0.138953 0.149573 0.138953 0.107782 0.643042 0.061158 0.064377 -0.894113 0.064377 0.061158 0.000000 
5.000000e-01 5.000000e-01 4.999951e-03 5.000000e-01 5.000000e-01 9.910026e-01 -0.648264 0.108256 0.140184 0.151383 0.140184 0.108256 0.648264 0.060235 0.063262 -0.895258 0.063262 0.060235 0.000000 
5.000000e-01 5.000000e-01 4.999951e-03 5.000000e-01 5.000000e-01 9.989388e-01 -0.653473 0.108702 0.141418 0.153232 0.141418 0.108702 0.653473 0.059311 0.062150 -0.896397 0.062150 0.059311 0.000000 
5.000000e-01 5.000000e-01 4.999951e-03 5.000000e-01 5.000000e-01 1.006856e+00 -0.658670 0.109120 0.142654 0.155121 0.142654 0.109120 0.658670 0.058389 0.061042 -0.897533 0.061042 0.058389 0.000000 
5.000000e-01 5.000000e-01 4.999951e-03 5.000000e-01 5.000000e-01 1.014755e+00 -0.663855 0.109513 0.143892 0.157045 0.143892 0.109513 0.663855 0.057468 0.059936 -0.898664 0.059936 0.057468 0.000000 
5.000000e-01 5.000000e-01 4.999951e-03 5.000000e-01 5.000000e-01 1.022634e+00 -0.669027 0.109879 0.145131 0.159006 0.145131 0.109879 0.669026 0.056548 0.058834 -0.899790 0.058834 0.056548 0.000000 
5.000000e-01 5.000000e-01 4.999951e-03 5.000000e-01 5.000000e-01 1.030493e+00 -0.674186 0.110218 0.146371 0.161006 0.146371 0.110218 0.674185 0.055629 0.057734 -0.900913 0.057734 0.055629 0.000000 
5.000000e-01 5.000000e-01 4.999951e-03 5.000000e-01 5.000000e-01 1.038333e+00 -0.679332 0.110522 0.147613 0.163061 0.147613 0.110522 0.679331 0.054711 0.056638 -0.902031 0.056638 0.054711 0.000000 
5.000000e-01 5.000000e-01 4.999951e-03 5.000000e-01 5.000000e-01 1.046154e+00 -0.684464 0.110793 0.148857 0.165163 0.148857 0.110793 0.684464 0.053795 0.055545 -0.903145 0.055545 0.053795 0.000000 
5.000000e-01 5.000000e-01 4.999951e-03 5.000000e-01 5.000000e-01 1.053953e+00 -0.689584 0.111034 0.150102 0.167311 0.150102 0.111034 0.689584 0.052880 0.054455 -0.904254 0.054455 0.052880 0.000000 
5.000000e-01 5.000000e-01 4.999951e-03 5.000000e-01 5.000000e-01 1.061733e+00 -0.694690 0.111244 0.151347 0.169507 0.151347 0.111244 0.694690 0.051967 0.053368 -0.905360 0.053368 0.051967 0.000000 
5.000000e-01 5.000000e-01 4.999951e-03 5.000000e-01 5.000000e-01 1.069492e+00 -0.699783 0.111419 0.152593 0.171758 0.152593 0.111419 0.699783 0.051055 0.052284 -0.906462 0.052284 0.051055 0.000000 
5.000000e-01 5.000000e-01 4.999951e-03 5.000000e-01 5.000000e-01 1.077230e+00 -0.704862 0.111551 0.153839 0.174082 0.153839 0.111551 0.704862 0.050145 0.051203 -0.907559 0.051203 0.050145 0.000000 
5.000000e-01 5.000000e-01 4.999951e-03 5.000000e-01 5.000000e-01 1.084947e+00 -0.709927 0.111647 0.155086 0.176462 0.155086 0.111647 0.709927 0.049237 0.050126 -0.908653 0.050126 0.049237 0.000000 
5.000000e-01 5.000000e-01 4.999951e-03 5.000000e-01 5.000000e-01 1.092643e+00 -0.714978 0.111708 0.156331 0.178901 0.156331 0.111708 0.714978 0.048330 0.049052 -0.909743 0.049052 0.048330 0.000000 
5.000000e-01 5.000000e-01 4.999951e-03 5.000000e-01 5.000000e-01 1.100317e+00 -0.720015 0.111732 0.157575 0.181401 0.157575 0.111732 0.720015 0.047426 0.047981 -0.910828 0.047981 0.047426 0.000000 
5.000000e-01 5.000000e-01 4.999951e-03 5.000000e-01 5.000000e-01 1.107970e+00 -0.725038 0.111704 0.158818 0.183993 0.158818 0.111704 0.725038 0.046523 0.046913 -0.911910 0.046913 0.046523 0.000000 
5.000000e-01 5.000000e-01 4.999951e-03 5.000000e-01 5.000000e-01 1.115600e+00 -0.730046 0.111634 0.160058 0.186661 0.160058 0.111634 0.730046 0.045622 0.045848 -0.912988 0.045848 0.045622 0.000000 
5.000000e-01 5.000000e-01 4.999951e-03 5.000000e-01 5.000000e-01 1.123208e+00 -0.735039 0.111524 0.161295 0.189401 0.161295 0.111524 0.735039 0.044724 0.044787 -0.914061 0.044787 0.044724 0.000000 
5.000000e-01 5.000000e-01 4.999951e-03 5.000000e-01 5.000000e-01 1.130794e+00 -0.740018 0.111373 0.162528 0.192217 0.162528 0.111373 0.740018 0.043828 0.043729 -0.915131 0.043729 0.043828 0.000000 
5.000000e-01 5.000000e-01 4.999951e-03 5.000000e-01 5.000000e-01 1.138357e+00 -0.744981 0.111165 0.163755 0.195141 0.163755 0.111165 0.744981 0.042933 0.042675 -0.916197 0.042675 0.042933 0.000000 
5.000000e-01 5.000000e-01 4.999951e-03 5.000000e-01 5.000000e-01 1.145896e+00 -0.749929 0.110907 0.164975 0.198165 0.164975 0.110907 0.749929 0.042041 0.041624 -0.917259 0.041624 0.042041 0.000000 
5.000000e-01 5.000000e-01 4.999951e-03 5.000000e-01 5.000000e-01 1.153413e+00 -0.754862 0.110603 0.166188 0.201280 0.166188 0.110603 0.754862 0.041152 0.040576 -0.918318 0.040576 0.041152 0.000000 
5.000000e-01 5.000000e-01 4.999951e-03 5.000000e-01 5.000000e-01 1.160905e+00 -0.759779 0.110253 0.167393 0.204488 0.167393 0.110253 0.759779 0.040265 0.039532 -0.919372 0.039532 0.040265 0.000000 
5.000000e-01 5.000000e-01 4.999951e-03 5.000000e-01 5.000000e-01 1.168374e+00 -0.764681 0.109841 0.168585 0.207829 0.168585 0.109841 0.764681 0.039380 0.038491 -0.920422 0.038491 0.039380 0.000000 
5.000000e-01 5.000000e-01 4.999951e-03 5.000000e-01 5.000000e-01 1.175818e+00 -0.769566 0.109370 0.169764 0.211298 0.169764 0.109370 0.769566 0.038497 0.037454 -0.921468 0.037454 0.038497 0.000000 
5.000000e-01 5.000000e-01 4.999951e-03 5.000000e-01 5.000000e-01 1.183238e+00 -0.774436 0.108849 0.170929 0.214879 0.170929 0.108849 0.774436 0.037618 0.036420 -0.922511 0.036420 0.037618 0.000000 
5.000000e-01 5.000000e-01 4.999951e-03 5.000000e-01 5.000000e-01 1.190633e+00 -0.779289 0.108279 0.172078 0.218574 0.172078 0.108279 0.779289 0.036741 0.035390 -0.923549 0.035390 0.036741 0.000000 
5.000000e-01 5.000000e-01 4.999951e-03 5.000000e-01 5.000000e-01 1.198003e+00 -0.784125 0.107634 0.173205 0.222447 0.173205 0.107634 0.784125 0.035866 0.034363 -0.924584 0.034363 0.035866 0.000000 
5.000000e-01 5.000000e-01 4.999951e-03 5.000000e-01 5.000000e-01 1.205347e+00 -0.788945 0.106929 0.174307 0.226473 0.174307 0.106929 0.788945 0.034994 0.033340 -0.925614 0.033340 0.034994 0.000000 
5.000000e-01 5.000000e-01 4.999951e-03 5.000000e-01 5.000000e-01 1.212666e+00 -0.793748 0.106170 0.175387 0.230635 0.175387 0.106170 0.793748 0.034125 0.032321 -0.926641 0.032321 0.034125 0.000000 
5.000000e-01 5.000000e-01 4.999951e-03 5.000000e-01 5.000000e-01 1.219959e+00 -0.798533 0.105356 0.176441 0.234940 0.176441 0.105356 0.798533 0.033259 0.031306 -0.927663 0.031306 0.033259 0.000000 
5.000000e-01 5.000000e-01 4.999951e-03 5.000000e-01 5.000000e-01 1.227225e+00 -0.803302 0.104453 0.177450 0.239495 0.177450 0.104453 0.803301 0.032396 0.030294 -0.928681 0.030294 0.032396 0.000000 
5.000000e-01 5.000000e-01 4.999951e-03 5.000000e-01 5.000000e-01 1.234465e+00 -0.808052 0.103492 0.178426 0.244217 0.178426 0.103492 0.808052 0.031536 0.029286 -0.929696 0.029286 0.031536 0.000000 
5.000000e-01 5.000000e-01 4.999951e-03 5.000000e-01 5.000000e-01 1.241677e+00 -0.812785 0.102475 0.179364 0.249108 0.179364 0.102475 0.812785 0.030678 0.028282 -0.930706 0.028282 0.030678 0.000000 
5.000000e-01 5.000000e-01 4.999951e-03 5.000000e-01 5.000000e-01 1.248862e+00 -0.817500 0.101384 0.180253 0.254226 0.180253 0.101384 0.817500 0.029824 0.027282 -0.931712 0.027282 0.029824 0.000000 
5.000000e-01 5.000000e-01 4.999951e-03 5.000000e-01 5.000000e-01 1.256020e+00 -0.822197 0.100211 0.181078 0.259618 0.181078 0.100211 0.822197 0.028973 0.026286 -0.932714 0.026286 0.028973 0.000000 
5.000000e-01 5.000000e-01 4.999951e-03 5.000000e-01 5.000000e-01 1.263149e+00 -0.826875 0.098979 0.181851 0.265215 0.181851 0.098979 0.826875 0.028125 0.025293 -0.933711 0.025293 0.028125 0.000000 
5.000000e-01 5.000000e-01 4.999951e-03 5.000000e-01 5.000000e-01 1.270250e+00 -0.831535 0.097688 0.182569 0.271019 0.182569 0.097688 0.831534 0.027280 0.024305 -0.934705 0.024305 0.027280 0.000000 
5.000000e-01 5.000000e-01 4.999951e-03 5.000000e-01 5.000000e-01 1.277323e+00 -0.836175 0.096297 0.183187 0.277206 0.183187 0.096297 0.836175 0.026438 0.023321 -0.935694 0.023321 0.026438 0.000000 
5.000000e-01 5.000000e-01 4.999951e-03 5.000000e-01 5.000000e-01 1.284366e+00 -0.840797 0.094843 0.183728 0.283655 0.183728 0.094843 0.840797 0.025600 0.022341 -0.936678 0.022341 0.025600 0.000000 
5.000000e-01 5.000000e-01 4.999951e-03 5.000000e-01 5.000000e-01 1.291379e+00 -0.845399 0.093329 0.184194 0.290353 0.184194 0.093329 0.845399 0.024765 0.021365 -0.937659 0.021365 0.024765 0.000000 
5.000000e-01 5.000000e-01 4.999951e-03 5.000000e-01 5.000000e-01 1.298363e+00 -0.849982 0.091729 0.184545 0.297433 0.184545 0.091729 0.849982 0.023933 0.020393 -0.938635 0.020393 0.023933 0.000000 
5.000000e-01 5.000000e-01 4.999951e-03 5.000000e-01 5.000000e-01 1.305316e+00 -0.854545 0.090047 0.184768 0.304913 0.184768 0.090047 0.854545 0.023105 0.019426 -0.939607 0.019426 0.023105 0.000000 
5.000000e-01 5.000000e-01 4.999951e-03 5.000000e-01 5.000000e-01 1.312239e+00 -0.859088 0.088307 0.184889 0.312695 0.184889 0.088307 0.859088 0.022281 0.018462 -0.940574 0.018462 0.022281 0.000000 
5.000000e-01 5.000000e-01 4.999951e-03 5.000000e-01 5.000000e-01 1.319131e+00 -0.863610 0.086494 0.184880 0.320862 0.184880 0.086494 0.863610 0.021460 0.017504 -0.941537 0.017504 0.021460 0.000000 
5.000000e-01 5.000000e-01 4.999951e-03 5.000000e-01 5.000000e-01 1.325991e+00 -0.868113 0.084585 0.184674 0.329595 0.184674 0.084585 0.868113 0.020642 0.016549 -0.942495 0.016549 0.020642 0.000000 
5.000000e-01 5.000000e-01 4.999951e-03 5.000000e-01 5.000000e-01 1.332820e+00 -0.872594 0.082620 0.184332 0.338691 0.184332 0.082620 0.872594 0.019828 0.015599 -0.943449 0.015599 0.019828 0.000000 
5.000000e-01 5.000000e-01 4.999951e-03 5.000000e-01 5.000000e-01 1.339616e+00 -0.877055 0.080593 0.183838 0.348191 0.183838 0.080593 0.877055 0.019018 0.014653 -0.944398 0.014653 0.019018 0.000000 
5.000000e-01 5.000000e-01 4.999951e-03 5.000000e-01 5.000000e-01 1.346380e+00 -0.881495 0.078462 0.183062 0.358447 0.183062 0.078462 0.881495 0.018211 0.013712 -0.945343 0.013712 0.018211 0.000000 
5.000000e-01 5.000000e-01 4.999951e-03 5.000000e-01 5.000000e-01 1.353111e+00 -0.885914 0.076279 0.182109 0.369138 0.182109 0.076279 0.885914 0.017409 0.012775 -0.946283 0.012775 0.017409 0.000000 
5.000000e-01 5.000000e-01 4.999951e-03 5.000000e-01 5.000000e-01 1.359809e+00 -0.890312 0.074042 0.180973 0.380283 0.180973 0.074042 0.890312 0.016610 0.011843 -0.947218 0.011843 0.016610 0.000000 
5.000000e-01 5.000000e-01 4.999951e-03 5.000000e-01 5.000000e-01 1.366473e+00 -0.894688 0.071699 0.179450 0.392389 0.179450 0.071699 0.894688 0.015815 0.010916 -0.948149 0.010916 0.015815 0.000000 
5.000000e-01 5.000000e-01 4.999951e-03 5.000000e-01 5.000000e-01 1.373102e+00 -0.899043 0.069310 0.177705 0.405011 0.177705 0.069310 0.899043 0.015023 0.009993 -0.949075 0.009993 0.015023 0.000000 
5.000000e-01 5.000000e-01 4.999951e-03 5.000000e-01 5.000000e-01 1.379697e+00 -0.903375 0.066871 0.175724 0.418187 0.175724 0.066871 0.903375 0.014236 0.009074 -0.949996 0.009074 0.014236 0.000000 
5.000000e-01 5.000000e-01 4.999951e-03 5.000000e-01 5.000000e-01 1.386258e+00 -0.907687 0.064333 0.173246 0.432529 0.173246 0.064333 0.907687 0.013452 0.008160 -0.950913 0.008160 0.013452 0.000000 
5.000000e-01 5.000000e-01 4.999951e-03 5.000000e-01 5.000000e-01 1.392783e+00 -0.911977 0.061756 0.170498 0.447470 0.170498 0.061756 0.911977 0.012672 0.007251 -0.951825 0.007251 0.012672 0.000000 
5.000000e-01 5.000000e-01 4.999951e-03 5.000000e-01 5.000000e-01 1.399272e+00 -0.916245 0.059128 0.167419 0.463152 0.167419 0.059128 0.916245 0.011897 0.006347 -0.952732 0.006347 0.011897 0.000000 
5.000000e-01 5.000000e-01 4.999951e-03 5.000000e-01 5.000000e-01 1.405725e+00 -0.920493 0.056417 0.163750 0.480159 0.163750 0.056417 0.920493 0.011125 0.005447 -0.953635 0.005447 0.011125 0.000000 
5.000000e-01 5.000000e-01 4.999951e-03 5.000000e-01 5.000000e-01 1.412143e+00 -0.924718 0.053674 0.159767 0.497836 0.159767 0.053674 0.924718 0.010356 0.004551 -0.954533 0.004551 0.010356 0.000000 
5.000000e-01 5.000000e-01 4.999951e-03 5.000000e-01 5.000000e-01 1.418523e+00 -0.928923 0.050877 0.155296 0.516577 0.155296 0.050877 0.928923 0.009592 0.003660 -0.955426 0.003660 0.009592 0.000000 
5.000000e-01 5.000000e-01 4.999951e-03 5.000000e-01 5.000000e-01 1.424867e+00 -0.933107 0.048019 0.150195 0.536681 0.150195 0.048019 0.933107 0.008831 0.002773 -0.956316 0.002773 0.008831 0.000000 
5.000000e-01 5.000000e-01 4.999951e-03 5.000000e-01 5.000000e-01 1.431174e+00 -0.937270 0.045136 0.144751 0.557497 0.144751 0.045136 0.937270 0.008074 0.001891 -0.957200 0.001891 0.008074 0.000000 
5.000000e-01 5.000000e-01 4.999951e-03 5.000000e-01 5.000000e-01 1.437444e+00 -0.941414 0.042193 0.138577 0.579873 0.138577 0.042193 0.941414 0.007320 0.001013 -0.958081 0.001013 0.007320 0.000000 
5.000000e-01 5.000000e-01 4.999951e-03 5.000000e-01 5.000000e-01 1.443676e+00 -0.945539 0.039216 0.131844 0.603419 0.131844 0.039216 0.945539 0.006570 0.000139 -0.958957 0.000139 0.006570 0.000000 
5.000000e-01 5.000000e-01 4.999951e-03 5.000000e-01 5.000000e-01 1.449870e+00 -0.949642 0.036220 0.124739 0.627724 0.124739 0.036220 0.949642 0.005824 -0.000731 -0.959829 -0.000731 0.005824 0.000000 
5.000000e-01 5.000000e-01 4.999951e-03 5.000000e-01 5.000000e-01 1.456027e+00 -0.953731 0.033163 0.116636 0.654134 0.116636 0.033163 0.953731 0.005081 -0.001597 -0.960697 -0.001597 0.005081 0.000000 
5.000000e-01 5.000000e-01 4.999951e-03 5.000000e-01 5.000000e-01 1.462146e+00 -0.957799 0.030097 0.108177 0.681250 0.108177 0.030097 0.957799 0.004341 -0.002459 -0.961562 -0.002459 0.004341 0.000000 
5.000000e-01 5.000000e-01 4.999951e-03 5.000000e-01 5.000000e-01 1.468226e+00 -0.961848 0.027002 0.099068 0.709708 0.099068 0.027002 0.961848 0.003604 -0.003318 -0.962422 -0.003318 0.003604 0.000000 
5.000000e-01 5.000000e-01 4.999951e-03 5.000000e-01 5.000000e-01 1.474268e+00 -0.965882 0.023880 0.089264 0.739594 0.089264 0.023880 0.965882 0.002871 -0.004172 -0.963279 -0.004172 0.002871 0.000000 
5.000000e-01 5.000000e-01 4.999951e-03 5.000000e-01 5.000000e-01 1.480271e+00 -0.969894 0.020757 0.079167 0.770045 0.079167 0.020757 0.969894 0.002141 -0.005022 -0.964131 -0.005022 0.002141 0.000000 
5.000000e-01 5.000000e-01 4.999951e-03 5.000000e-01 5.000000e-01 1.486235e+00 -0.973892 0.017602 0.068200 0.802288 0.068200 0.017602 0.973892 0.001414 -0.005870 -0.964980 -0.005870 0.001414 0.000000 
5.000000e-01 5.000000e-01 4.999951e-03 5.000000e-01 5.000000e-01 1.492159e+00 -0.977867 0.014452 0.057004 0.834956 0.057004 0.014452 0.977867 0.000691 -0.006712 -0.965825 -0.006712 0.000691 0.000000 
5.000000e-01 5.000000e-01 4.999951e-03 5.000000e-01 5.000000e-01 1.498042e+00 -0.981822 0.011296 0.045360 0.868511 0.045360 0.011296 0.981822 -0.000029 -0.007550 -0.966665 -0.007550 -0.000029 0.000000 
5.000000e-01 5.000000e-01 4.999951e-03 5.000000e-01 5.000000e-01 1.503883e+00 -0.985756 0.008142 0.033398 0.902676 0.033398 0.008142 0.985756 -0.000744 -0.008384 -0.967500 -0.008384 -0.000744 0.000000 
5.000000e-01 5.000000e-01 4.999951e-03 5.000000e-01 5.000000e-01 1.509681e+00 -0.989663 0.005002 0.021324 0.937010 0.021324 0.005002 0.989663 -0.001455 -0.009212 -0.968330 -0.009212 -0.001455 0.000000 
5.000000e-01 5.000000e-01 4.999951e-03 5.000000e-01 5.000000e-01 1.515039e+00 -0.993278 0.002087 0.009889 0.969328 0.009889 0.002087 0.993278 -0.002113 -0.009978 -0.969098 -0.009978 -0.002113 0.000000 
5.000000e-01 5.000000e-01 4.999951e-03 5.000000e-01 5.000000e-01 1.515039e+00 -0.993278 0.002087 0.009889 0.969328 0.009889 0.002087 0.993278 -0.002113 -0.009978 -0.969098 -0.009978 -0.002113 0.000000 
5.000000e-01 5.000000e-01 4.999951e-03 5.000000e-01 5.000000e-01 1.515039e+00 -0.993278 0.002087 0.009889 0.969328 0.009889 0.002087 0.993278 -0.002113 -0.009978 -0.969098 -0.009978 -0.002113 0.000000 
5.000000e-01 5.000000e-01 4.999951e-03 5.000000e-01 5.000000e-01 1.515039e+00 -0.993278 0.002087 0.009889 0.969328 0.009889 0.002087 0.993278 -0.002113 -0.009978 -0.969098 -0.009978 -0.002113 0.000000 
5.000000e-01 5.000000e-01 4.999951e-03 5.000000e-01 5.000000e-01 1.515039e+00 -0.993278 0.002087 0.009889 0.969328 0.009889 0.002087 0.993278 -0.002113 -0.009978 -0.969098 -0.009978 -0.002113 0.000000 
5.000000e-01 5.000000e-01 4.999951e-03 5.000000e-01 5.000000e-01 1.515039e+00 -0.993278 0.002087 0.009889 0.969328 0.009889 0.002087 0.993278 -0.002113 -0.009978 -0.969098 -0.009978 -0.002113 0.000000 
5.000000e-01 5.000000e-01 4.999951e-03 5.000000e-01 5.000000e-01 1.515039e+00 -0.993278 0.002087 0.009889 0.969328 0.009889 0.002087 0.993278 -0.002113 -0.009978 -0.969098 -0.009978 -0.002113 0.000000 
5.000000e-01 5.000000e-01 4.999951e-03 5.000000e-01 5.000000e-01 1.515039e+00 -0.993278 0.002087 0.009889 0.969328 0.009889 0.002087 0.993278 -0.002113 -0.009978 -0.969098 -0.009978 -0.002113 0.000000 
5.000000e-01 5.000000e-01 4.999951e-03 5.000000e-01 5.000000e-01 1.515039e+00 -0.993278 0.002087 0.009889 0.969328 0.009889 0.002087 0.993278 -0.002113 -0.009978 -0.969098 -0.009978 -0.002113 0.000000 
5.000000e-01 5.000000e-01 4.999951e-03 5.000000e-01 5.000000e-01 1.515039e+00 -0.993278 0.002087 0.009889 0.969328 0.009889 0.002087 0.993278 -0.002113 -0.009978 -0.969098 -0.009978 -0.002113 0.000000 
5.000000e-01 5.000000e-01 4.999951e-03 5.000000e-01 5.000000e-01 1.515039e+00 -0.993278 0.002087 0.009889 0.969328 0.009889 0.002087 0.993278 -0.002113 -0.009978 -0.969098 -0.009978 -0.002113 0.000000 
5.000000e-01 5.000000e-01 4.999951e-03 5.000000e-01 5.000000e-01 1.515039e+00 -0.993278 0.002087 0.009889 0.969328 0.009889 0.002087 0.993278 -0.002113 -0.009978 -0.969098 -0.009978 -0.002113 0.000000 
5.000000e-01 5.000000e-01 4.999951e-03 5.000000e-01 5.000000e-01 1.515039e+00 -0.993278 0.002087 0.009889 0.969328 0.009889 0.002087 0.993278 -0.002113 -0.009978 -0.969098 -0.009978 -0.002113 0.000000 
5.000000e-01 5.000000e-01 4.999951e-03 5.000000e-01 5.000000e-01 1.515039e+00 -0.993278 0.002087 0.009889 0.969328 0.009889 0.002087 0.993278 -0.002113 -0.009978 -0.969098 -0.009978 -0.002113 0.000000 
5.000000e-01 5.000000e-01 4.999951e-03 5.000000e-01 5.000000e-01 1.515039e+00 -0.993278 0.002087 0.009889 0.969328 0.009889 0.002087 0.993278 -0.002113 -0.009978 -0.969098 -0.009978 -0.002113 0.000000 
5.000000e-01 5.000000e-01 4.999951e-03 5.000000e-01 5.000000e-01 1.515039e+00 -0.993278 0.002087 0.009889 0.969328 0.009889 0.002087 0.993278 -0.002113 -0.009978 -0.969098 -0.009978 -0.002113 0.000000 
5.000000e-01 5.000000e-01 4.999951e-03 5.000000e-01 5.000000e-01 1.515039e+00 -0.993278 0.002087 0.009889 0.969328 0.009889 0.002087 0.993278 -0.002113 -0.009978 -0.969098 -0.009978 -0.002113 0.000000 
5.000000e-01 5.000000e-01 4.999951e-03 5.000000e-01 5.000000e-01 1.515039e+00 -0.993278 0.002087 0.009889 0.969328 0.009889 0.002087 0.993278 -0.002113 -0.009978 -0.969098 -0.009978 -0.002113 0.000000 
5.000000e-01 5.000000e-01 4.999951e-03 5.000000e-01 5.000000e-01 1.515039e+00 -0.993278 0.002087 0.009889 0.969328 0.009889 0.002087 0.993278 -0.002113 -0.009978 -0.969098 -0.009978 -0.002113 0.000000 
5.000000e-01 5.000000e-01 4.999951e-03 5.000000e-01 5.000000e-01 1.515039e+00 -0.993278 0.002087 0.009889 0.969328 0.009889 0.002087 0.993278 -0.002113 -0.009978 -0.969098 -0.009978 -0.002113 0.000000 
5.000000e-01 5.000000e-01 4.999951e-03 5.000000e-01 5.000000e-01 1.515039e+00 -0.993278 0.002087 0.009889 0.969328 0.009889 0.002087 0.993278 -0.002113 -0.009978 -0.969098 -0.009978 -0.002113 0.000000 
5.000000e-01 5.000000e-01 4.999951e-03 5.000000e-01 5.000000e-01 1.515039e+00 -0.993278 0.002087 0.009889 0.969328 0.009889 0.002087 0.993278 -0.002113 -0.009978 -0.969098 -0.009978 -0.002113 0.000000 
5.000000e-01 5.000000e-01 4.999951e-03 5.000000e-01 5.000000e-01 1.515039e+00 -0.993278 0.002087 0.009889 0.969328 0.009889 0.002087 0.993278 -0.002113 -0.009978 -0.969098 -0.009978 -0.002113 0.000000 
5.000000e-01 5.000000e-01 4.999951e-03 5.000000e-01 5.000000e-01 1.515039e+00 -0.993278 0.002087 0.009889 0.969328 0.009889 0.002087 0.993278 -0.002113 -0.009978 -0.969098 -0.009978 -0.002113 0.000000 
5.000000e-01 5.000000e-01 4.999951e-03 5.000000e-01 5.000000e-01 1.515039e+00 -0.993278 0.002087 0.009889 0.969328 0.009889 0.002087 0.993278 -0.002113 -0.009978 -0.969098 -0.009978 -0.002113 0.000000 
5.000000e-01 5.000000e-01 4.999951e-03 5.000000e-01 5.000000e-01 1.515039e+00 -0.993278 0.002087 0.009889 0.969328 0.009889 0.002087 0.993278 -0.002113 -0.009978 -0.969098 -0.009978 -0.002113 0.000000 
5.000000e-01 5.000000e-01 4.999951e-03 5.000000e-01 5.000000e-01 1.515039e+00 -0.993278 0.002087 0.009889 0.969328 0.009889 0.002087 0.993278 -0.002113 -0.009978 -0.969098 -0.009978 -0.002113 0.000000 
5.000000e-01 5.000000e-01 4.999951e-03 5.000000e-01 5.000000e-01 1.515039e+00 -0.993278 0.002087 0.009889 0.969328 0.009889 0.002087 0.993278 -0.002113 -0.009978 -0.969098 -0.009978 -0.002113 0.000000 
5.000000e-01 5.000000e-01 4.999951e-03 5.000000e-01 5.000000e-01 1.515039e+00 -0.993278 0.002087 0.009889 0.969328 0.009889 0.002087 0.993278 -0.002113 -0.009978 -0.969098 -0.009978 -0.002113 0.000000 
5.000000e-01 5.000000e-01 4.999951e-03 5.000000e-01 5.000000e-01 1.515039e+00 -0.993278 0.002087 0.009889 0.969328 0.009889 0.002087 0.993278 -0.002113 -0.009978 -0.969098 -0.009978 -0.002113 0.000000 
5.000000e-01 5.000000e-01 4.999951e-03 5.000000e-01 5.000000e-01 1.515039e+00 -0.993278 0.002087 0.009889 0.969328 0.009889 0.002087 0.993278 -0.002113 -0.009978 -0.969098 -0.009978 -0.002113 0.000000 
5.000000e-01 5.000000e-01 4.999951e-03 5.000000e-01 5.000000e-01 1.515039e+00 -0.993278 0.002087 0.009889 0.969328 0.009889 0.002087 0.993278 -0.002113 -0.009978 -0.969098 -0.009978 -0.002113 0.000000 
5.000000e-01 5.000000e-01 4.999951e-03 5.000000e-01 5.000000e-01 1.515039e+00 -0.993278 0.002087 0.009889 0.969328 0.009889 0.002087 0.993278 -0.002113 -0.009978 -0.969098 -0.009978 -0.002113 0.000000 
5.000000e-01 5.000000e-01 4.999951e-03 5.000000e-01 5.000000e-01 1.515039e+00 -0.993278 0.002087 0.009889 0.969328 0.009889 0.002087 0.993278 -0.002113 -0.009978 -0.969098 -0.009978 -0.002113 0.000000 
5.000000e-01 5.000000e-01 4.999951e-03 5.000000e-01 5.000000e-01 1.515039e+00 -0.993278 0.002087 0.009889 0.969328 0.009889 0.002087 0.993278 -0.002113 -0.009978 -0.969098 -0.009978 -0.002113 0.000000 
5.000000e-01 5.000000e-01 4.999951e-03 5.000000e-01 5.000000e-01 1.515039e+00 -0.993278 0.002087 0.009889 0.969328 0.009889 0.002087 0.993278 -0.002113 -0.009978 -0.969098 -0.009978 -0.002113 0.000000 
5.000000e-01 5.000000e-01 4.999951e-03 5.000000e-01 5.000000e-01 1.515039e+00 -0.993278 0.002087 0.009889 0.969328 0.009889 0.002087 0.993278 -0.002113 -0.009978 -0.969098 -0.009978 -0.002113 0.000000 
5.000000e-01 5.000000e-01 4.999951e-03 5.000000e-01 5.000000e-01 1.515039e+00 -0.993278 0.002087 0.009889 0.969328 0.009889 0.002087 0.993278 -0.002113 -0.009978 -0.969098 -0.009978 -0.002113 0.000000 
5.000000e-01 5.000000e-01 4.999951e-03 5.000000e-01 5.000000e-01 1.515039e+00 -0.993278 0.002087 0.009889 0.969328 0.009889 0.002087 0.993278 -0.002113 -0.009978 -0.969098 -0.009978 -0.002113 0.000000 
5.000000e-01 5.000000e-01 4.999951e-03 5.000000e-01 5.000000e-01 1.515039e+00 -0.993278 0.002087 0.009889 0.969328 0.009889 0.002087 0.993278 -0.002113 -0.009978 -0.969098 -0.009978 -0.002113 0.000000 
5.000000e-01 5.000000e-01 4.999951e-03 5.000000e-01 5.000000e-01 1.515039e+00 -0.993278 0.002087 0.009889 0.969328 0.009889 0.002087 0.993278 -0.002113 -0.009978 -0.969098 -0.009978 -0.002113 0.000000 
5.000000e-01 5.000000e-01 4.999951e-03 5.000000e-01 5.000000e-01 1.515039e+00 -0.993278 0.002087 0.009889 0.969328 0.009889 0.002087 0.993278 -0.002113 -0.009978 -0.969098 -0.009978 -0.002113 0.000000 
5.000000e-01 5.000000e-01 4.999951e-03 5.000000e-01 5.000000e-01 1.515039e+00 -0.993278 0.002087 0.009889 0.969328 0.009889 0.002087 0.993278 -0.002113 -0.009978 -0.969098 -0.009978 -0.002113 0.000000 
5.000000e-01 5.000000e-01 4.999951e-03 5.000000e-01 5.000000e-01 1.515039e+00 -0.993278 0.002087 0.009889 0.969328 0.009889 0.002087 0.993278 -0.002113 -0.009978 -0.969098 -0.009978 -0.002113 0.000000 
5.000000e-01 5.000000e-01 4.999951e-03 5.000000e-01 5.000000e-01 1.515039e+00 -0.993278 0.002087 0.009889 0.969328 0.009889 0.002087 0.993278 -0.002113 -0.009978 -0.969098 -0.009978 -0.002113 0.000000 
5.000000e-01 5.000000e-01 4.999951e-03 5.000000e-01 5.000000e-01 1.515039e+00 -0.993278 0.002087 0.009889 0.969328 0.009889 0.002087 0.993278 -0.002113 -0.009978 -0.969098 -0.009978 -0.002113 0.000000 
5.000000e-01 5.000000e-01 4.999951e-03 5.000000e-01 5.000000e-01 1.515039e+00 -0.993278 0.002087 0.009889 0.969328 0.009889 0.002087 0.993278 -0.002113 -0.009978 -0.969098 -0.009978 -0.002113 0.000000 
5.000000e-01 5.000000e-01 4.999951e-03 5.000000e-01 5.000000e-01 1.515039e+00 -0.993278 0.002087 0.009889 0.969328 0.009889 0.002087 0.993278 -0.002113 -0.009978 -0.969098 -0.009978 -0.002113 0.000000 
5.000000e-01 5.000000e-01 4.999951e-03 5.000000e-01 5.000000e-01 1.515039e+00 -0.993278 0.002087 0.009889 0.969328 0.009889 0.002087 0.993278 -0.002113 -0.009978 -0.969098 -0.009978 -0.002113 0.000000 
5.000000e-01 5.000000e-01 4.999951e-03 5.000000e-01 5.000000e-01 1.515039e+00 -0.993278 0.002087 0.009889 0.969328 0.009889 0.002087 0.993278 -0.002113 -0.009978 -0.969098 -0.009978 -0.002113 0.000000 
5.000000e-01 5.000000e-01 4.999951e-03 5.000000e-01 5.000000e-01 1.515039e+00 -0.993278 0.002087 0.009889 0.969328 0.009889 0.002087 0.993278 -0.002113 -0.009978 -0.969098 -0.009978 -0.002113 0.000000 
5.000000e-01 5.000000e-01 4.999951e-03 5.000000e-01 5.000000e-01 1.515039e+00 -0.993278 0.002087 0.009889 0.969328 0.009889 0.002087 0.993278 -0.002113 -0.009978 -0.969098 -0.009978 -0.002113 0.000000 
5.000000e-01 5.000000e-01 4.999951e-03 5.000000e-01 5.000000e-01 1.515039e+00 -0.993278 0.002087 0.009889 0.969328 0.009889 0.002087 0.993278 -0.002113 -0.009978 -0.969098 -0.009978 -0.002113 0.000000 
5.000000e-01 5.000000e-01 4.999951e-03 5.000000e-01 5.000000e-01 1.515039e+00 -0.993278 0.002087 0.009889 0.969328 0.009889 0.002087 0.993278 -0.002113 -0.009978 -0.969098 -0.009978 -0.002113 0.000000 
5.000000e-01 5.000000e-01 4.999951e-03 5.000000e-01 5.000000e-01 1.515039e+00 -0.993278 0.002087 0.009889 0.969328 0.009889 0.002087 0.993278 -0.002113 -0.009978 -0.969098 -0.009978 -0.002113 0.000000 
5.000000e-01 5.000000e-01 4.999951e-03 5.000000e-01 5.000000e-01 1.515039e+00 -0.993278 0.002087 0.009889 0.969328 0.009889 0.002087 0.993278 -0.002113 -0.009978 -0.969098 -0.009978 -0.002113 0.000000 
5.000000e-01 5.000000e-01 4.999951e-03 5.000000e-01 5.000000e-01 1.515039e+00 -0.993278 0.002087 0.009889 0.969328 0.009889 0.002087 0.993278 -0.002113 -0.009978 -0.969098 -0.009978 -0.002113 0.000000 
5.000000e-01 5.000000e-01 4.999951e-03 5.000000e-01 5.000000e-01 1.515039e+00 -0.993278 0.002087 0.009889 0.969328 0.009889 0.002087 0.993278 -0.002113 -0.009978 -0.969098 -0.009978 -0.002113 0.000000 
5.000000e-01 5.000000e-01 4.999951e-03 5.000000e-01 5.000000e-01 1.515039e+00 -0.993278 0.002087 0.009889 0.969328 0.009889 0.002087 0.993278 -0.002113 -0.009978 -0.969098 -0.009978 -0.002113 0.000000 
5.000000e-01 5.000000e-01 4.999951e-03 5.000000e-01 5.000000e-01 1.515039e+00 -0.993278 0.002087 0.009889 0.969328 0.009889 0.002087 0.993278 -0.002113 -0.009978 -0.969098 -0.009978 -0.002113 0.000000 
5.000000e-01 5.000000e-01 4.999951e-03 5.000000e-01 5.000000e-01 1.515039e+00 -0.993278 0.002087 0.009889 0.969328 0.009889 0.002087 0.993278 -0.002113 -0.009978 -0.969098 -0.009978 -0.002113 0.000000 
5.000000e-01 5.000000e-01 4.999951e-03 5.000000e-01 5.000000e-01 1.515039e+00 -0.993278 0.002087 0.009889 0.969328 0.009889 0.002087 0.993278 -0.002113 -0.009978 -0.969098 -0.009978 -0.002113 0.000000 
5.000000e-01 5.000000e-01 4.999951e-03 5.000000e-01 5.000000e-01 1.515039e+00 -0.993278 0.002087 0.009889 0.969328 0.009889 0.002087 0.993278 -0.002113 -0.009978 -0.969098 -0.009978 -0.002113 0.000000 
5.000000e-01 5.000000e-01 4.999951e-03 5.000000e-01 5.000000e-01 1.515039e+00 -0.993278 0.002087 0.009889 0.969328 0.009889 0.002087 0.993278 -0.002113 -0.009978 -0.969098 -0.009978 -0.002113 0.000000 
5.000000e-01 5.000000e-01 4.999951e-03 5.000000e-01 5.000000e-01 1.515039e+00 -0.993278 0.002087 0.009889 0.969328 0.009889 0.002087 0.993278 -0.002113 -0.009978 -0.969098 -0.009978 -0.002113 0.000000 
5.000000e-01 5.000000e-01 4.999951e-03 5.000000e-01 5.000000e-01 1.515039e+00 -0.993278 0.002087 0.009889 0.969328 0.009889 0.002087 0.993278 -0.002113 -0.009978 -0.969098 -0.009978 -0.002113 0.000000 
5.000000e-01 5.000000e-01 4.999951e-03 5.000000e-01 5.000000e-01 1.515039e+00 -0.993278 0.002087 0.009889 0.969328 0.009889 0.002087 0.993278 -0.002113 -0.009978 -0.969098 -0.009978 -0.002113 0.000000 
5.000000e-01 5.000000e-01 4.999951e-03 5.000000e-01 5.000000e-01 1.515039e+00 -0.993278 0.002087 0.009889 0.969328 0.009889 0.002087 0.993278 -0.002113 -0.009978 -0.969098 -0.009978 -0.002113 0.000000 
5.000000e-01 5.000000e-01 4.999951e-03 5.000000e-01 5.000000e-01 1.515039e+00 -0.993278 0.002087 0.009889 0.969328 0.009889 0.002087 0.993278 -0.002113 -0.009978 -0.969098 -0.009978 -0.002113 0.000000 
5.000000e-01 5.000000e-01 4.999951e-03 5.000000e-01 5.000000e-01 1.515039e+00 -0.993278 0.002087 0.009889 0.969328 0.009889 0.002087 0.993278 -0.002113 -0.009978 -0.969098 -0.009978 -0.002113 0.000000 
5.000000e-01 5.000000e-01 4.999951e-03 5.000000e-01 5.000000e-01 1.515039e+00 -0.993278 0.002087 0.009889 0.969328 0.009889 0.002087 0.993278 -0.002113 -0.009978 -0.969098 -0.009978 -0.002113 0.000000 
5.000000e-01 5.000000e-01 4.999951e-03 5.000000e-01 5.000000e-01 1.515039e+00 -0.993278 0.002087 0.009889 0.969328 0.009889 0.002087 0.993278 -0.002113 -0.009978 -0.969098 -0.009978 -0.002113 0.000000 
5.000000e-01 5.000000e-01 4.999951e-03 5.000000e-01 5.000000e-01 1.515039e+00 -0.993278 0.002087 0.009889 0.969328 0.009889 0.002087 0.993278 -0.002113 -0.009978 -0.969098 -0.009978 -0.002113 0.000000 
5.000000e-01 5.000000e-01 4.999951e-03 5.000000e-01 5.000000e-01 1.515039e+00 -0.993278 0.002087 0.009889 0.969328 0.009889 0.002087 0.993278 -0.002113 -0.009978 -0.969098 -0.009978 -0.002113 0.000000 
5.000000e-01 5.000000e-01 4.999951e-03 5.000000e-01 5.000000e-01 1.515039e+00 -0.993278 0.002087 0.009889 0.969328 0.009889 0.002087 0.993278 -0.002113 -0.009978 -0.969098 -0.009978 -0.002113 0.000000 
5.000000e-01 5.000000e-01 4.999951e-03 5.000000e-01 5.000000e-01 1.515039e+00 -0.993278 0.002087 0.009889 0.969328 0.009889 0.002087 0.993278 -0.002113 -0.009978 -0.969098 -0.009978 -0.002113 0.000000 
5.000000e-01 5.000000e-01 4.999951e-03 5.000000e-01 5.000000e-01 1.515039e+00 -0.993278 0.002087 0.009889 0.969328 0.009889 0.002087 0.993278 -0.002113 -0.009978 -0.969098 -0.009978 -0.002113 0.000000 
5.000000e-01 5.000000e-01 4.999951e-03 5.000000e-01 5.000000e-01 1.515039e+00 -0.993278 0.002087 0.009889 0.969328 0.009889 0.002087 0.993278 -0.002113 -0.009978 -0.969098 -0.009978 -0.002113 0.000000 
5.000000e-01 5.000000e-01 4.999951e-03 5.000000e-01 5.000000e-01 1.515039e+00 -0.993278 0.002087 0.009889 0.969328 0.009889 0.002087 0.993278 -0.002113 -0.009978 -0.969098 -0.009978 -0.002113 0.000000 
5.000000e-01 5.000000e-01 4.999951e-03 5.000000e-01 5.000000e-01 1.515039e+00 -0.993278 0.002087 0.009889 0.969328 0.009889 0.002087 0.993278 -0.002113 -0.009978 -0.969098 -0.009978 -0.002113 0.000000 
5.000000e-01 5.000000e-01 4.999951e-03 5.000000e-01 5.000000e-01 1.515039e+00 -0.993278 0.002087 0.009889 0.969328 0.009889 0.002087 0.993278 -0.002113 -0.009978 -0.969098 -0.009978 -0.002113 0.000000 
5.000000e-01 5.000000e-01 4.999951e-03 5.000000e-01 5.000000e-01 1.515039e+00 -0.993278 0.002087 0.009889 0.969328 0.009889 0.002087 0.993278 -0.002113 -0.009978 -0.969098 -0.009978 -0.002113 0.000000 
5.000000e-01 5.000000e-01 4.999951e-03 5.000000e-01 5.000000e-01 1.515039e+00 -0.993278 0.002087 0.009889 0.969328 0.009889 0.002087 0.993278 -0.002113 -0.009978 -0.969098 -0.009978 -0.002113 0.000000 
5.000000e-01 5.000000e-01 4.999951e-03 5.000000e-01 5.000000e-01 1.515039e+00 -0.993278 0.002087 0.009889 0.969328 0.009889 0.002087 0.993278 -0.002113 -0.009978 -0.969098 -0.009978 -0.002113 0.000000 
5.000000e-01 5.000000e-01 4.999951e-03 5.000000e-01 5.000000e-01 1.515039e+00 -0.993278 0.002087 0.009889 0.969328 0.009889 0.002087 0.993278 -0.002113 -0.009978 -0.969098 -0.009978 -0.002113 0.000000 
5.000000e-01 5.000000e-01 4.999951e-03 5.000000e-01 5.000000e-01 1.515039e+00 -0.993278 0.002087 0.009889 0.969328 0.009889 0.002087 0.993278 -0.002113 -0.009978 -0.969098 -0.009978 -0.002113 0.000000 
5.000000e-01 5.000000e-01 4.999951e-03 5.000000e-01 5.000000e-01 1.515039e+00 -0.993278 0.002087 0.009889 0.969328 0.009889 0.002087 0.993278 -0.002113 -0.009978 -0.969098 -0.009978 -0.002113 0.000000 
5.000000e-01 5.000000e-01 4.999951e-03 5.000000e-01 5.000000e-01 1.515039e+00 -0.993278 0.002087 0.009889 0.969328 0.009889 0.002087 0.993278 -0.002113 -0.009978 -0.969098 -0.009978 -0.002113 0.000000 
5.000000e-01 5.000000e-01 4.999951e-03 5.000000e-01 5.000000e-01 1.515039e+00 -0.993278 0.002087 0.009889 0.969328 0.009889 0.002087 0.993278 -0.002113 -0.009978 -0.969098 -0.009978 -0.002113 0.000000 
5.000000e-01 5.000000e-01 4.999951e-03 5.000000e-01 5.000000e-01 1.515039e+00 -0.993278 0.002087 0.009889 0.969328 0.009889 0.002087 0.993278 -0.002113 -0.009978 -0.969098 -0.009978 -0.002113 0.000000 
5.000000e-01 5.000000e-01 4.999951e-03 5.000000e-01 5.000000e-01 1.515039e+00 -0.993278 0.002087 0.009889 0.969328 0.009889 0.002087 0.993278 -0.002113 -0.009978 -0.969098 -0.009978 -0.002113 0.000000 
5.000000e-01 5.000000e-01 4.999951e-03 5.000000e-01 5.000000e-01 1.515039e+00 -0.993278 0.002087 0.009889 0.969328 0.009889 0.002087 0.993278 -0.002113 -0.009978 -0.969098 -0.009978 -0.002113 0.000000 
5.000000e-01 5.000000e-01 4.999951e-03 5.000000e-01 5.000000e-01 1.515039e+00 -0.993278 0.002087 0.009889 0.969328 0.009889 0.002087 0.993278 -0.002113 -0.009978 -0.969098 -0.009978 -0.002113 0.000000 
5.000000e-01 5.000000e-01 4.999951e-03 5.000000e-01 5.000000e-01 1.515039e+00 -0.993278 0.002087 0.009889 0.969328 0.009889 0.002087 0.993278 -0.002113 -0.009978 -0.969098 -0.009978 -0.002113 0.000000 
5.000000e-01 5.000000e-01 4.999951e-03 5.000000e-01 5.000000e-01 1.515039e+00 -0.993278 0.002087 0.009889 0.969328 0.009889 0.002087 0.993278 -0.002113 -0.009978 -0.969098 -0.009978 -0.002113 0.000000 
5.000000e-01 5.000000e-01 4.999951e-03 5.000000e-01 5.000000e-01 1.515039e+00 -0.993278 0.002087 0.009889 0.969328 0.009889 0.002087 0.993278 -0.002113 -0.009978 -0.969098 -0.009978 -0.002113 0.000000 
5.000000e-01 5.000000e-01 4.999951e-03 5.000000e-01 5.000000e-01 1.515039e+00 -0.993278 0.002087 0.009889 0.969328 0.009889 0.002087 0.993278 -0.002113 -0.009978 -0.969098 -0.009978 -0.002113 0.000000 
5.000000e-01 5.000000e-01 4.999951e-03 5.000000e-01 5.000000e-01 1.515039e+00 -0.993278 0.002087 0.009889 0.969328 0.009889 0.002087 0.993278 -0.002113 -0.009978 -0.969098 -0.009978 -0.002113 0.000000 
5.000000e-01 5.000000e-01 4.999951e-03 5.000000e-01 5.000000e-01 1.515039e+00 -0.993278 0.002087 0.009889 0.969328 0.009889 0.002087 0.993278 -0.002113 -0.009978 -0.969098 -0.009978 -0.002113 0.000000 
5.000000e-01 5.000000e-01 4.999951e-03 5.000000e-01 5.000000e-01 1.515039e+00 -0.993278 0.002087 0.009889 0.969328 0.009889 0.002087 0.993278 -0.002113 -0.009978 -0.969098 -0.009978 -0.002113 0.000000 
5.000000e-01 5.000000e-01 4.999951e-03 5.000000e-01 5.000000e-01 1.515039e+00 -0.993278 0.002087 0.009889 0.969328 0.009889 0.002087 0.993278 -0.002113 -0.009978 -0.969098 -0.009978 -0.002113 0.000000 
5.000000e-01 5.000000e-01 4.999951e-03 5.000000e-01 5.000000e-01 1.515039e+00 -0.993278 0.002087 0.009889 0.969328 0.009889 0.002087 0.993278 -0.002113 -0.009978 -0.969098 -0.009978 -0.002113 0.000000 
5.000000e-01 5.000000e-01 4.999951e-03 5.000000e-01 5.000000e-01 1.515039e+00 -0.993278 0.002087 0.009889 0.969328 0.009889 0.002087 0.993278 -0.002113 -0.009978 -0.969098 -0.009978 -0.002113 0.000000 
5.000000e-01 5.000000e-01 4.999951e-03 5.000000e-01 5.000000e-01 1.515039e+00 -0.993278 0.002087 0.009889 0.969328 0.009889 0.002087 0.993278 -0.002113 -0.009978 -0.969098 -0.009978 -0.002113 0.000000 
5.000000e-01 5.000000e-01 4.999951e-03 5.000000e-01 5.000000e-01 1.515039e+00 -0.993278 0.002087 0.009889 0.969328 0.009889 0.002087 0.993278 -0.002113 -0.009978 -0.969098 -0.009978 -0.002113 0.000000 
5.000000e-01 5.000000e-01 4.999951e-03 5.000000e-01 5.000000e-01 1.515039e+00 -0.993278 0.002087 0.009889 0.969328 0.009889 0.002087 0.993278 -0.002113 -0.009978 -0.969098 -0.009978 -0.002113 0.000000 
5.000000e-01 5.000000e-01 4.999951e-03 5.000000e-01 5.000000e-01 1.515039e+00 -0.993278 0.002087 0.009889 0.969328 0.009889 0.002087 0.993278 -0.002113 -0.009978 -0.969098 -0.009978 -0.002113 0.000000 
5.000000e-01 5.000000e-01 4.999951e-03 5.000000e-01 5.000000e-01 1.515039e+00 -0.993278 0.002087 0.009889 0.969328 0.009889 0.002087 0.993278 -0.002113 -0.009978 -0.969098 -0.009978 -0.002113 0.000000 
5.000000e-01 5.000000e-01 4.999951e-03 5.000000e-01 5.000000e-01 1.515039e+00 -0.993278 0.002087 0.009889 0.969328 0.009889 0.002087 0.993278 -0.002113 -0.009978 -0.969098 -0.009978 -0.002113 0.000000 
5.000000e-01 5.000000e-01 4.999951e-03 5.000000e-01 5.000000e-01 1.515039e+00 -0.993278 0.002087 0.009889 0.969328 0.009889 0.002087 0.993278 -0.002113 -0.009978 -0.969098 -0.009978 -0.002113 0.000000 
5.000000e-01 5.000000e-01 4.999951e-03 5.000000e-01 5.000000e-01 1.515039e+00 -0.993278 0.002087 0.009889 0.969328 0.009889 0.002087 0.993278 -0.002113 -0.009978 -0.969098 -0.009978 -0.002113 0.000000 
5.000000e-01 5.000000e-01 4.999951e-03 5.000000e-01 5.000000e-01 1.515039e+00 -0.993278 0.002087 0.009889 0.969328 0.009889 0.002087 0.993278 -0.002113 -0.009978 -0.969098 -0.009978 -0.002113 0.000000 
5.000000e-01 5.000000e-01 4.999951e-03 5.000000e-01 5.000000e-01 1.515039e+00 -0.993278 0.002087 0.009889 0.969328 0.009889 0.002087 0.993278 -0.002113 -0.009978 -0.969098 -0.009978 -0.002113 0.000000 
5.000000e-01 5.000000e-01 4.999951e-03 5.000000e-01 5.000000e-01 1.515039e+00 -0.993278 0.002087 0.009889 0.969328 0.009889 0.002087 0.993278 -0.002113 -0.009978 -0.969098 -0.009978 -0.002113 0.000000 
5.000000e-01 5.000000e-01 4.999951e-03 5.000000e-01 5.000000e-01 1.515039e+00 -0.993278 0.002087 0.009889 0.969328 0.009889 0.002087 0.993278 -0.002113 -0.009978 -0.969098 -0.009978 -0.002113 0.000000 
5.000000e-01 5.000000e-01 4.999951e-03 5.000000e-01 5.000000e-01 1.515039e+00 -0.993278 0.002087 0.009889 0.969328 0.009889 0.002087 0.993278 -0.002113 -0.009978 -0.969098 -0.009978 -0.002113 0.000000 
5.000000e-01 5.000000e-01 4.999951e-03 5.000000e-01 5.000000e-01 1.515039e+00 -0.993278 0.002087 0.009889 0.969328 0.009889 0.002087 0.993278 -0.002113 -0.009978 -0.969098 -0.009978 -0.002113 0.000000 
5.000000e-01 5.000000e-01 4.999951e-03 5.000000e-01 5.000000e-01 1.515039e+00 -0.993278 0.002087 0.009889 0.969328 0.009889 0.002087 0.993278 -0.002113 -0.009978 -0.969098 -0.009978 -0.002113 0.000000 
5.000000e-01 5.000000e-01 4.999951e-03 5.000000e-01 5.000000e-01 1.515039e+00 -0.993278 0.002087 0.009889 0.969328 0.009889 0.002087 0.993278 -0.002113 -0.009978 -0.969098 -0.009978 -0.002113 0.000000 
5.000000e-01 5.000000e-01 4.999951e-03 5.000000e-01 5.000000e-01 1.515039e+00 -0.993278 0.002087 0.009889 0.969328 0.009889 0.002087 0.993278 -0.002113 -0.009978 -0.969098 -0.009978 -0.002113 0.000000 
5.000000e-01 5.000000e-01 4.999951e-03 5.000000e-01 5.000000e-01 1.515039e+00 -0.993278 0.002087 0.009889 0.969328 0.009889 0.002087 0.993278 -0.002113 -0.009978 -0.969098 -0.009978 -0.002113 0.000000 
5.000000e-01 5.000000e-01 4.999951e-03 5.000000e-01 5.000000e-01 1.515039e+00 -0.993278 0.002087 0.009889 0.969328 0.009889 0.002087 0.993278 -0.002113 -0.009978 -0.969098 -0.009978 -0.002113 0.000000 
5.000000e-01 5.000000e-01 4.999951e-03 5.000000e-01 5.000000e-01 1.515039e+00 -0.993278 0.002087 0.009889 0.969328 0.009889 0.002087 0.993278 -0.002113 -0.009978 -0.969098 -0.009978 -0.002113 0.000000 
5.000000e-01 5.000000e-01 4.999951e-03 5.000000e-01 5.000000e-01 1.515039e+00 -0.993278 0.002087 0.009889 0.969328 0.009889 0.002087 0.993278 -0.002113 -0.009978 -0.969098 -0.009978 -0.002113 0.000000 
5.000000e-01 5.000000e-01 4.999951e-03 5.000000e-01 5.000000e-01 1.515039e+00 -0.993278 0.002087 0.009889 0.969328 0.009889 0.002087 0.993278 -0.002113 -0.009978 -0.969098 -0.009978 -0.002113 0.000000 
5.000000e-01 5.000000e-01 4.999951e-03 5.000000e-01 5.000000e-01 1.515039e+00 -0.993278 0.002087 0.009889 0.969328 0.009889 0.002087 0.993278 -0.002113 -0.009978 -0.969098 -0.009978 -0.002113 0.000000 
5.000000e-01 5.000000e-01 4.999951e-03 5.000000e-01 5.000000e-01 1.515039e+00 -0.993278 0.002087 0.009889 0.969328 0.009889 0.002087 0.993278 -0.002113 -0.009978 -0.969098 -0.009978 -0.002113 0.000000 
5.000000e-01 5.000000e-01 4.999951e-03 5.000000e-01 5.000000e-01 1.515039e+00 -0.993278 0.002087 0.009889 0.969328 0.009889 0.002087 0.993278 -0.002113 -0.009978 -0.969098 -0.009978 -0.002113 0.000000 
5.000000e-01 5.000000e-01 4.999951e-03 5.000000e-01 5.000000e-01 1.515039e+00 -0.993278 0.002087 0.009889 0.969328 0.009889 0.002087 0.993278 -0.002113 -0.009978 -0.969098 -0.009978 -0.002113 0.000000 
5.000000e-01 5.000000e-01 4.999951e-03 5.000000e-01 5.000000e-01 1.515039e+00 -0.993278 0.002087 0.009889 0.969328 0.009889 0.002087 0.993278 -0.002113 -0.009978 -0.969098 -0.009978 -0.002113 0.000000 
5.000000e-01 5.000000e-01 4.999951e-03 5.000000e-01 5.000000e-01 1.515039e+00 -0.993278 0.002087 0.009889 0.969328 0.009889 0.002087 0.993278 -0.002113 -0.009978 -0.969098 -0.009978 -0.002113 0.000000 
5.000000e-01 5.000000e-01 4.999951e-03 5.000000e-01 5.000000e-01 1.515039e+00 -0.993278 0.002087 0.009889 0.969328 0.009889 0.002087 0.993278 -0.002113 -0.009978 -0.969098 -0.009978 -0.002113 0.000000 
5.000000e-01 5.000000e-01 4.999951e-03 5.000000e-01 5.000000e-01 1.515039e+00 -0.993278 0.002087 0.009889 0.969328 0.009889 0.002087 0.993278 -0.002113 -0.009978 -0.969098 -0.009978 -0.002113 0.000000 
5.000000e-01 5.000000e-01 4.999951e-03 5.000000e-01 5.000000e-01 1.515039e+00 -0.993278 0.002087 0.009889 0.969328 0.009889 0.002087 0.993278 -0.002113 -0.009978 -0.969098 -0.009978 -0.002113 0.000000 
5.000000e-01 5.000000e-01 4.999951e-03 5.000000e-01 5.000000e-01 1.515039e+00 -0.993278 0.002087 0.009889 0.969328 0.009889 0.002087 0.993278 -0.002113 -0.009978 -0.969098 -0.009978 -0.002113 0.000000 
5.000000e-01 5.000000e-01 4.999951e-03 5.000000e-01 5.000000e-01 1.515039e+00 -0.993278 0.002087 0.009889 0.969328 0.009889 0.002087 0.993278 -0.002113 -0.009978 -0.969098 -0.009978 -0.002113 0.000000 
5.000000e-01 5.000000e-01 4.999951e-03 5.000000e-01 5.000000e-01 1.515039e+00 -0.993278 0.002087 0.009889 0.969328 0.009889 0.002087 0.993278 -0.002113 -0.009978 -0.969098 -0.009978 -0.002113 0.000000 
5.000000e-01 5.000000e-01 4.999951e-03 5.000000e-01 5.000000e-01 1.515039e+00 -0.993278 0.002087 0.009889 0.969328 0.009889 0.002087 0.993278 -0.002113 -0.009978 -0.969098 -0.009978 -0.002113 0.000000 
5.000000e-01 5.000000e-01 4.999951e-03 5.000000e-01 5.000000e-01 1.515039e+00 -0.993278 0.002087 0.009889 0.969328 0.009889 0.002087 0.993278 -0.002113 -0.009978 -0.969098 -0.009978 -0.002113 0.000000 
5.000000e-01 5.000000e-01 4.999951e-03 5.000000e-01 5.000000e-01 1.515039e+00 -0.993278 0.002087 0.009889 0.969328 0.009889 0.002087 0.993278 -0.002113 -0.009978 -0.969098 -0.009978 -0.002113 0.000000 
5.000000e-01 5.000000e-01 4.999951e-03 5.000000e-01 5.000000e-01 1.515039e+00 -0.993278 0.002087 0.009889 0.969328 0.009889 0.002087 0.993278 -0.002113 -0.009978 -0.969098 -0.009978 -0.002113 0.000000 
5.000000e-01 5.000000e-01 4.999951e-03 5.000000e-01 5.000000e-01 1.515039e+00 -0.993278 0.002087 0.009889 0.969328 0.009889 0.002087 0.993278 -0.002113 -0.009978 -0.969098 -0.009978 -0.002113 0.000000 
5.000000e-01 5.000000e-01 4.999951e-03 5.000000e-01 5.000000e-01 1.515039e+00 -0.993278 0.002087 0.009889 0.969328 0.009889 0.002087 0.993278 -0.002113 -0.009978 -0.969098 -0.009978 -0.002113 0.000000 
5.000000e-01 5.000000e-01 4.999951e-03 5.000000e-01 5.000000e-01 1.515039e+00 -0.993278 0.002087 0.009889 0.969328 0.009889 0.002087 0.993278 -0.002113 -0.009978 -0.969098 -0.009978 -0.002113 0.000000 
5.000000e-01 5.000000e-01 4.999951e-03 5.000000e-01 5.000000e-01 1.515039e+00 -0.993278 0.002087 0.009889 0.969328 0.009889 0.002087 0.993278 -0.002113 -0.009978 -0.969098 -0.009978 -0.002113 0.000000 
