# TeX TeY TeZ ThX ThY THZ P1 P2
5.000000e-01 5.000000e-01 9.500000e-01 5.000000e-01 5.000000e-01 9.500000e-01 0.000000 0.000000 0.000000 0.000000 0.000000 0.000000 0.000000 0.000000 0.000000 0.000000 0.000000 0.000000 0.000000 
5.000000e-01 5.000000e-01 9.393575e-01 5.000000e-01 5.000000e-01 9.580297e-01 -0.012257 0.001343 0.002842 0.003888 0.002842 0.001343 0.012257 -0.002151 -0.002622 -0.002710 -0.002622 -0.002151 0.000000 
5.000000e-01 5.000000e-01 9.286638e-01 5.000000e-01 5.000000e-01 9.660417e-01 -0.024536 0.002701 0.005685 0.007763 0.005685 0.002701 0.024536 -0.004304 -0.005250 -0.005428 -0.005250 -0.004304 0.000000 
5.000000e-01 5.000000e-01 9.179192e-01 5.000000e-01 5.000000e-01 9.740356e-01 -0.036836 0.004071 0.008531 0.011631 0.008531 0.004071 0.036836 -0.006459 -0.007882 -0.008154 -0.007882 -0.006459 0.000000 
5.000000e-01 5.000000e-01 9.071243e-01 5.000000e-01 5.000000e-01 9.820113e-01 -0.049157 0.005453 0.011379 0.015494 0.011379 0.005453 0.049157 -0.008615 -0.010520 -0.010888 -0.010520 -0.008615 0.000000 
5.000000e-01 5.000000e-01 8.962795e-01 5.000000e-01 5.000000e-01 9.899686e-01 -0.061499 0.006843 0.014229 0.019356 0.014229 0.006843 0.061499 -0.010771 -0.013164 -0.013630 -0.013164 -0.010771 0.000000 
5.000000e-01 5.000000e-01 8.853853e-01 5.000000e-01 5.000000e-01 9.979073e-01 -0.073862 0.008231 0.017083 0.023234 0.017083 0.008231 0.073862 -0.012928 -0.015812 -0.016381 -0.015812 -0.012928 0.000000 
5.000000e-01 5.000000e-01 8.744420e-01 5.000000e-01 5.000000e-01 1.005827e+00 -0.086244 0.009623 0.019940 0.027120 0.019940 0.009623 0.086244 -0.015085 -0.018466 -0.019142 -0.018466 -0.015085 0.000000 
5.000000e-01 5.000000e-01 8.634501e-01 5.000000e-01 5.000000e-01 1.013728e+00 -0.098645 0.011016 0.022799 0.031016 0.022799 0.011016 0.098645 -0.017240 -0.021126 -0.021913 -0.021126 -0.017240 0.000000 
5.000000e-01 5.000000e-01 8.524101e-01 5.000000e-01 5.000000e-01 1.021610e+00 -0.111066 0.012409 0.025661 0.034927 0.025661 0.012409 0.111066 -0.019394 -0.023791 -0.024696 -0.023791 -0.019394 0.000000 
5.000000e-01 5.000000e-01 8.413224e-01 5.000000e-01 5.000000e-01 1.029472e+00 -0.123505 0.013797 0.028526 0.038860 0.028526 0.013797 0.123505 -0.021546 -0.026461 -0.027489 -0.026461 -0.021546 0.000000 
5.000000e-01 5.000000e-01 8.301873e-01 5.000000e-01 5.000000e-01 1.037314e+00 -0.135962 0.015172 0.031395 0.042828 0.031395 0.015172 0.135962 -0.023696 -0.029138 -0.030295 -0.029138 -0.023696 0.000000 
5.000000e-01 5.000000e-01 8.190054e-01 5.000000e-01 5.000000e-01 1.045137e+00 -0.148437 0.016542 0.034267 0.046820 0.034267 0.016542 0.148437 -0.025841 -0.031820 -0.033115 -0.031820 -0.025841 0.000000 
5.000000e-01 5.000000e-01 8.077770e-01 5.000000e-01 5.000000e-01 1.052940e+00 -0.160929 0.017902 0.037142 0.050841 0.037142 0.017902 0.160929 -0.027982 -0.034508 -0.035949 -0.034508 -0.027982 0.000000 
5.000000e-01 5.000000e-01 7.965025e-01 5.000000e-01 5.000000e-01 1.060722e+00 -0.173439 0.019252 0.040020 0.054894 0.040020 0.019252 0.173439 -0.030118 -0.037203 -0.038798 -0.037203 -0.030118 0.000000 
5.000000e-01 5.000000e-01 7.851824e-01 5.000000e-01 5.000000e-01 1.068484e+00 -0.185964 0.020581 0.042901 0.059000 0.042901 0.020581 0.185964 -0.032248 -0.039903 -0.041663 -0.039903 -0.032248 0.000000 
5.000000e-01 5.000000e-01 7.738170e-01 5.000000e-01 5.000000e-01 1.076225e+00 -0.198506 0.021890 0.045785 0.063155 0.045785 0.021890 0.198506 -0.034371 -0.042610 -0.044545 -0.042610 -0.034371 0.000000 
5.000000e-01 5.000000e-01 7.624068e-01 5.000000e-01 5.000000e-01 1.083944e+00 -0.211063 0.023182 0.048672 0.067355 0.048672 0.023182 0.211063 -0.036486 -0.045323 -0.047445 -0.045323 -0.036486 0.000000 
5.000000e-01 5.000000e-01 7.509521e-01 5.000000e-01 5.000000e-01 1.091643e+00 -0.223635 0.024456 0.051560 0.071603 0.051560 0.024456 0.223635 -0.038593 -0.048043 -0.050364 -0.048043 -0.038593 0.000000 
5.000000e-01 5.000000e-01 7.394533e-01 5.000000e-01 5.000000e-01 1.099320e+00 -0.236222 0.025705 0.054451 0.075911 0.054451 0.025705 0.236222 -0.040689 -0.050769 -0.053306 -0.050769 -0.040689 0.000000 
5.000000e-01 5.000000e-01 7.279109e-01 5.000000e-01 5.000000e-01 1.106976e+00 -0.248824 0.026920 0.057343 0.080298 0.057343 0.026920 0.248824 -0.042773 -0.053503 -0.056271 -0.053503 -0.042773 0.000000 
5.000000e-01 5.000000e-01 7.163252e-01 5.000000e-01 5.000000e-01 1.114609e+00 -0.261439 0.028111 0.060236 0.084747 0.060236 0.028111 0.261439 -0.044845 -0.056244 -0.059260 -0.056244 -0.044845 0.000000 
5.000000e-01 5.000000e-01 7.046965e-01 5.000000e-01 5.000000e-01 1.122220e+00 -0.274068 0.029275 0.063128 0.089261 0.063128 0.029275 0.274068 -0.046903 -0.058993 -0.062276 -0.058993 -0.046903 0.000000 
5.000000e-01 5.000000e-01 6.930254e-01 5.000000e-01 5.000000e-01 1.129808e+00 -0.286710 0.030410 0.066021 0.093848 0.066021 0.030410 0.286710 -0.048945 -0.061750 -0.065320 -0.061750 -0.048945 0.000000 
5.000000e-01 5.000000e-01 6.813120e-01 5.000000e-01 5.000000e-01 1.137374e+00 -0.299364 0.031497 0.068911 0.098548 0.068911 0.031497 0.299364 -0.050971 -0.064514 -0.068394 -0.064514 -0.050971 0.000000 
5.000000e-01 5.000000e-01 6.695569e-01 5.000000e-01 5.000000e-01 1.144917e+00 -0.312031 0.032553 0.071798 0.103329 0.071798 0.032553 0.312031 -0.052978 -0.067287 -0.071501 -0.067287 -0.052978 0.000000 
5.000000e-01 5.000000e-01 6.577603e-01 5.000000e-01 5.000000e-01 1.152436e+00 -0.324710 0.033576 0.074682 0.108195 0.074682 0.033576 0.324710 -0.054962 -0.070070 -0.074647 -0.070070 -0.054962 0.000000 
5.000000e-01 5.000000e-01 6.459227e-01 5.000000e-01 5.000000e-01 1.159932e+00 -0.337400 0.034564 0.077561 0.113150 0.077561 0.034564 0.337400 -0.056924 -0.072861 -0.077831 -0.072861 -0.056924 0.000000 
5.000000e-01 5.000000e-01 6.340443e-01 5.000000e-01 5.000000e-01 1.167403e+00 -0.350101 0.035491 0.080432 0.118255 0.080432 0.035491 0.350101 -0.058861 -0.075662 -0.081056 -0.075662 -0.058861 0.000000 
5.000000e-01 5.000000e-01 6.221256e-01 5.000000e-01 5.000000e-01 1.174851e+00 -0.362812 0.036380 0.083293 0.123465 0.083293 0.036380 0.362812 -0.060771 -0.078472 -0.084325 -0.078472 -0.060771 0.000000 
5.000000e-01 5.000000e-01 6.101668e-01 5.000000e-01 5.000000e-01 1.182274e+00 -0.375534 0.037230 0.086146 0.128782 0.086146 0.037230 0.375534 -0.062653 -0.081292 -0.087643 -0.081292 -0.062653 0.000000 
5.000000e-01 5.000000e-01 5.981684e-01 5.000000e-01 5.000000e-01 1.189672e+00 -0.388265 0.038036 0.088987 0.134219 0.088987 0.038036 0.388265 -0.064498 -0.084124 -0.091020 -0.084124 -0.064498 0.000000 
5.000000e-01 5.000000e-01 5.861307e-01 5.000000e-01 5.000000e-01 1.197045e+00 -0.401005 0.038774 0.091807 0.139843 0.091807 0.038774 0.401005 -0.066308 -0.086967 -0.094455 -0.086967 -0.066308 0.000000 
5.000000e-01 5.000000e-01 5.740540e-01 5.000000e-01 5.000000e-01 1.204393e+00 -0.413755 0.039468 0.094611 0.145597 0.094611 0.039468 0.413755 -0.068080 -0.089821 -0.097952 -0.089821 -0.068080 0.000000 
5.000000e-01 5.000000e-01 5.619386e-01 5.000000e-01 5.000000e-01 1.211715e+00 -0.426512 0.040117 0.097396 0.151487 0.097396 0.040117 0.426513 -0.069811 -0.092687 -0.101516 -0.092687 -0.069811 0.000000 
5.000000e-01 5.000000e-01 5.497849e-01 5.000000e-01 5.000000e-01 1.219011e+00 -0.439278 0.040708 0.100156 0.157551 0.100156 0.040708 0.439278 -0.071497 -0.095565 -0.105155 -0.095565 -0.071497 0.000000 
5.000000e-01 5.000000e-01 5.375932e-01 5.000000e-01 5.000000e-01 1.226281e+00 -0.452051 0.041229 0.102881 0.163832 0.102881 0.041229 0.452052 -0.073128 -0.098456 -0.108884 -0.098456 -0.073128 0.000000 
5.000000e-01 5.000000e-01 5.253639e-01 5.000000e-01 5.000000e-01 1.233524e+00 -0.464832 0.041702 0.105576 0.170276 0.105576 0.041702 0.464832 -0.074705 -0.101360 -0.112701 -0.101360 -0.074705 0.000000 
5.000000e-01 5.000000e-01 5.130972e-01 5.000000e-01 5.000000e-01 1.240740e+00 -0.477619 0.042125 0.108241 0.176887 0.108241 0.042125 0.477619 -0.076225 -0.104277 -0.116614 -0.104277 -0.076225 0.000000 
5.000000e-01 5.000000e-01 5.007934e-01 5.000000e-01 5.000000e-01 1.247929e+00 -0.490412 0.042470 0.110852 0.183769 0.110852 0.042470 0.490412 -0.077684 -0.107207 -0.120631 -0.107207 -0.077684 0.000000 
5.000000e-01 5.000000e-01 4.884530e-01 5.000000e-01 5.000000e-01 1.255090e+00 -0.503211 0.042752 0.113413 0.190881 0.113413 0.042752 0.503211 -0.079068 -0.110151 -0.124773 -0.110151 -0.079068 0.000000 
5.000000e-01 5.000000e-01 4.760762e-01 5.000000e-01 5.000000e-01 1.262223e+00 -0.516016 0.042983 0.115928 0.198195 0.115928 0.042983 0.516016 -0.080376 -0.113108 -0.129048 -0.113108 -0.080376 0.000000 
5.000000e-01 5.000000e-01 4.636632e-01 5.000000e-01 5.000000e-01 1.269328e+00 -0.528825 0.043151 0.118385 0.205753 0.118385 0.043151 0.528825 -0.081604 -0.116077 -0.133462 -0.116077 -0.081604 0.000000 
5.000000e-01 5.000000e-01 4.512145e-01 5.000000e-01 5.000000e-01 1.276404e+00 -0.541639 0.043232 0.120752 0.213671 0.120752 0.043232 0.541639 -0.082748 -0.119058 -0.138026 -0.119058 -0.082748 0.000000 
5.000000e-01 5.000000e-01 4.387303e-01 5.000000e-01 5.000000e-01 1.283451e+00 -0.554458 0.043259 0.123053 0.221834 0.123053 0.043259 0.554458 -0.083793 -0.122051 -0.142770 -0.122051 -0.083793 0.000000 
5.000000e-01 5.000000e-01 4.262109e-01 5.000000e-01 5.000000e-01 1.290468e+00 -0.567279 0.043234 0.125285 0.230242 0.125285 0.043234 0.567279 -0.084730 -0.125053 -0.147712 -0.125053 -0.084730 0.000000 
5.000000e-01 5.000000e-01 4.136566e-01 5.000000e-01 5.000000e-01 1.297456e+00 -0.580104 0.043114 0.127388 0.239101 0.127388 0.043114 0.580105 -0.085561 -0.128062 -0.152858 -0.128062 -0.085561 0.000000 
5.000000e-01 5.000000e-01 4.010677e-01 5.000000e-01 5.000000e-01 1.304413e+00 -0.592932 0.042932 0.129389 0.248290 0.129389 0.042932 0.592932 -0.086276 -0.131076 -0.158227 -0.131076 -0.086276 0.000000 
5.000000e-01 5.000000e-01 3.884445e-01 5.000000e-01 5.000000e-01 1.311340e+00 -0.605763 0.042698 0.131296 0.257776 0.131296 0.042698 0.605763 -0.086856 -0.134091 -0.163867 -0.134091 -0.086856 0.000000 
5.000000e-01 5.000000e-01 3.757872e-01 5.000000e-01 5.000000e-01 1.318236e+00 -0.618595 0.042381 0.133051 0.267731 0.133051 0.042381 0.618595 -0.087294 -0.137103 -0.169802 -0.137103 -0.087294 0.000000 
5.000000e-01 5.000000e-01 3.630962e-01 5.000000e-01 5.000000e-01 1.325101e+00 -0.631429 0.041989 0.134643 0.278166 0.134643 0.041989 0.631429 -0.087588 -0.140105 -0.176044 -0.140105 -0.087588 0.000000 
5.000000e-01 5.000000e-01 3.503718e-01 5.000000e-01 5.000000e-01 1.331933e+00 -0.644264 0.041546 0.136108 0.288957 0.136108 0.041546 0.644264 -0.087730 -0.143091 -0.182623 -0.143091 -0.087730 0.000000 
5.000000e-01 5.000000e-01 3.376141e-01 5.000000e-01 5.000000e-01 1.338734e+00 -0.657100 0.041030 0.137392 0.300256 0.137392 0.041030 0.657100 -0.087683 -0.146048 -0.189638 -0.146048 -0.087683 0.000000 
5.000000e-01 5.000000e-01 3.248235e-01 5.000000e-01 5.000000e-01 1.345502e+00 -0.669937 0.040431 0.138436 0.312204 0.138436 0.040431 0.669937 -0.087457 -0.148966 -0.197090 -0.148966 -0.087457 0.000000 
5.000000e-01 5.000000e-01 3.120002e-01 5.000000e-01 5.000000e-01 1.352237e+00 -0.682774 0.039784 0.139314 0.324578 0.139314 0.039784 0.682774 -0.087045 -0.151834 -0.205017 -0.151834 -0.087045 0.000000 
5.000000e-01 5.000000e-01 2.991446e-01 5.000000e-01 5.000000e-01 1.358939e+00 -0.695610 0.039072 0.139968 0.337532 0.139968 0.039072 0.695610 -0.086424 -0.154629 -0.213504 -0.154629 -0.086424 0.000000 
5.000000e-01 5.000000e-01 2.862567e-01 5.000000e-01 5.000000e-01 1.365607e+00 -0.708446 0.038275 0.140291 0.351316 0.140291 0.038275 0.708446 -0.085566 -0.157322 -0.222671 -0.157322 -0.085566 0.000000 
5.000000e-01 5.000000e-01 2.733370e-01 5.000000e-01 5.000000e-01 1.372242e+00 -0.721282 0.037435 0.140404 0.365603 0.140404 0.037435 0.721282 -0.084484 -0.159896 -0.232521 -0.159896 -0.084484 0.000000 
5.000000e-01 5.000000e-01 2.603857e-01 5.000000e-01 5.000000e-01 1.378841e+00 -0.734116 0.036534 0.140224 0.380601 0.140224 0.036534 0.734116 -0.083168 -0.162321 -0.243138 -0.162321 -0.083168 0.000000 
5.000000e-01 5.000000e-01 2.474028e-01 5.000000e-01 5.000000e-01 1.385406e+00 -0.746950 0.035555 0.139620 0.396600 0.139620 0.035555 0.746950 -0.081565 -0.164523 -0.254773 -0.164523 -0.081565 0.000000 
5.000000e-01 5.000000e-01 2.343888e-01 5.000000e-01 5.000000e-01 1.391936e+00 -0.759782 0.034539 0.138760 0.413183 0.138760 0.034539 0.759782 -0.079696 -0.166475 -0.267440 -0.166475 -0.079696 0.000000 
5.000000e-01 5.000000e-01 2.213437e-01 5.000000e-01 5.000000e-01 1.398430e+00 -0.772613 0.033463 0.137494 0.430700 0.137494 0.033463 0.772613 -0.077557 -0.168124 -0.281252 -0.168124 -0.077557 0.000000 
5.000000e-01 5.000000e-01 2.082678e-01 5.000000e-01 5.000000e-01 1.404888e+00 -0.785444 0.032322 0.135731 0.449339 0.135731 0.032322 0.785444 -0.075108 -0.169355 -0.296519 -0.169355 -0.075108 0.000000 
5.000000e-01 5.000000e-01 1.951611e-01 5.000000e-01 5.000000e-01 1.411310e+00 -0.798273 0.031152 0.133669 0.468632 0.133669 0.031152 0.798273 -0.072345 -0.170074 -0.313437 -0.170074 -0.072345 0.000000 
5.000000e-01 5.000000e-01 1.820238e-01 5.000000e-01 5.000000e-01 1.417695e+00 -0.811103 0.029919 0.131022 0.489221 0.131022 0.029919 0.811103 -0.069284 -0.170210 -0.332116 -0.170210 -0.069284 0.000000 
5.000000e-01 5.000000e-01 1.688557e-01 5.000000e-01 5.000000e-01 1.424044e+00 -0.823935 0.028641 0.127861 0.510929 0.127861 0.028641 0.823935 -0.065899 -0.169582 -0.352973 -0.169582 -0.065899 0.000000 
5.000000e-01 5.000000e-01 1.556568e-01 5.000000e-01 5.000000e-01 1.430356e+00 -0.836766 0.027344 0.124372 0.533335 0.124372 0.027344 0.836766 -0.062169 -0.167963 -0.376504 -0.167963 -0.062169 0.000000 
5.000000e-01 5.000000e-01 1.424269e-01 5.000000e-01 5.000000e-01 1.436630e+00 -0.849604 0.025978 0.120036 0.557576 0.120036 0.025978 0.849604 -0.058130 -0.165263 -0.402817 -0.165263 -0.058130 0.000000 
5.000000e-01 5.000000e-01 1.291653e-01 5.000000e-01 5.000000e-01 1.442867e+00 -0.862447 0.024594 0.115277 0.582706 0.115277 0.024594 0.862447 -0.053769 -0.161198 -0.432513 -0.161198 -0.053769 0.000000 
5.000000e-01 5.000000e-01 1.158712e-01 5.000000e-01 5.000000e-01 1.449067e+00 -0.875299 0.023186 0.110019 0.608889 0.110019 0.023186 0.875299 -0.049062 -0.155323 -0.466530 -0.155323 -0.049062 0.000000 
5.000000e-01 5.000000e-01 1.025436e-01 5.000000e-01 5.000000e-01 1.455228e+00 -0.888168 0.021732 0.103909 0.636885 0.103909 0.021732 0.888168 -0.044060 -0.147556 -0.504935 -0.147556 -0.044060 0.000000 
5.000000e-01 5.000000e-01 8.918084e-02 5.000000e-01 5.000000e-01 1.461352e+00 -0.901053 0.020276 0.097454 0.665592 0.097454 0.020276 0.901053 -0.038758 -0.137475 -0.548587 -0.137475 -0.038758 0.000000 
5.000000e-01 5.000000e-01 7.578082e-02 5.000000e-01 5.000000e-01 1.467437e+00 -0.913970 0.018791 0.090216 0.695957 0.090216 0.018791 0.913970 -0.033146 -0.124455 -0.598768 -0.124455 -0.033146 0.000000 
5.000000e-01 5.000000e-01 6.234121e-02 5.000000e-01 5.000000e-01 1.473484e+00 -0.926920 0.017296 0.082432 0.727464 0.082432 0.017296 0.926920 -0.027279 -0.108571 -0.655221 -0.108571 -0.027279 0.000000 
5.000000e-01 5.000000e-01 4.885979e-02 5.000000e-01 5.000000e-01 1.479493e+00 -0.939912 0.015806 0.074273 0.759754 0.074273 0.015806 0.939912 -0.021163 -0.089442 -0.718703 -0.089442 -0.021163 0.000000 
5.000000e-01 5.000000e-01 3.533533e-02 5.000000e-01 5.000000e-01 1.485461e+00 -0.952959 0.014298 0.065297 0.793769 0.065297 0.014298 0.952959 -0.014817 -0.066876 -0.789574 -0.066876 -0.014817 0.000000 
5.000000e-01 5.000000e-01 2.176862e-02 5.000000e-01 5.000000e-01 1.491390e+00 -0.966048 0.012808 0.056130 0.828172 0.056130 0.012808 0.966048 -0.008302 -0.041615 -0.866214 -0.041615 -0.008302 0.000000 
5.000000e-01 5.000000e-01 8.165167e-03 5.000000e-01 5.000000e-01 1.497279e+00 -0.979174 0.011317 0.046417 0.863705 0.046417 0.011317 0.979174 -0.001658 -0.014207 -0.947444 -0.014207 -0.001658 0.000000 
5.000000e-01 5.000000e-01 4.999840e-03 5.000000e-01 5.000000e-01 1.503125e+00 -0.985245 0.008553 0.034975 0.898189 0.034975 0.008553 0.985245 -0.000651 -0.008275 -0.967393 -0.008275 -0.000651 0.000000 
5.000000e-01 5.000000e-01 4.999840e-03 5.000000e-01 5.000000e-01 1.508929e+00 -0.989157 0.005409 0.022890 0.932558 0.022890 0.005409 0.989157 -0.001363 -0.009104 -0.968223 -0.009104 -0.001363 0.000000 
5.000000e-01 5.000000e-01 4.999840e-03 5.000000e-01 5.000000e-01 1.514707e+00 -0.993054 0.002267 0.010599 0.967322 0.010599 0.002267 0.993054 -0.002072 -0.009930 -0.969051 -0.009930 -0.002072 0.000000 
5.000000e-01 5.000000e-01 4.999840e-03 5.000000e-01 5.000000e-01 1.515041e+00 -0.993280 0.002085 0.009884 0.969341 0.009884 0.002085 0.993280 -0.002113 -0.009978 -0.969099 -0.009978 -0.002113 0.000000 
5.000000e-01 5.000000e-01 4.999840e-03 5.000000e-01 5.000000e-01 1.515041e+00 -0.993280 0.002085 0.009884 0.969341 0.009884 0.002085 0.993280 -0.002113 -0.009978 -0.969099 -0.009978 -0.002113 0.000000 
5.000000e-01 5.000000e-01 4.999840e-03 5.000000e-01 5.000000e-01 1.515041e+00 -0.993280 0.002085 0.009884 0.969341 0.009884 0.002085 0.993280 -0.002113 -0.009978 -0.969099 -0.009978 -0.002113 0.000000 
5.000000e-01 5.000000e-01 4.999840e-03 5.000000e-01 5.000000e-01 1.515041e+00 -0.993280 0.002085 0.009884 0.969341 0.009884 0.002085 0.993280 -0.002113 -0.009978 -0.969099 -0.009978 -0.002113 0.000000 
5.000000e-01 5.000000e-01 4.999840e-03 5.000000e-01 5.000000e-01 1.515041e+00 -0.993280 0.002085 0.009884 0.969341 0.009884 0.002085 0.993280 -0.002113 -0.009978 -0.969099 -0.009978 -0.002113 0.000000 
5.000000e-01 5.000000e-01 4.999840e-03 5.000000e-01 5.000000e-01 1.515041e+00 -0.993280 0.002085 0.009884 0.969341 0.009884 0.002085 0.993280 -0.002113 -0.009978 -0.969099 -0.009978 -0.002113 0.000000 
5.000000e-01 5.000000e-01 4.999840e-03 5.000000e-01 5.000000e-01 1.515041e+00 -0.993280 0.002085 0.009884 0.969341 0.009884 0.002085 0.993280 -0.002113 -0.009978 -0.969099 -0.009978 -0.002113 0.000000 
5.000000e-01 5.000000e-01 4.999840e-03 5.000000e-01 5.000000e-01 1.515041e+00 -0.993280 0.002085 0.009884 0.969341 0.009884 0.002085 0.993280 -0.002113 -0.009978 -0.969099 -0.009978 -0.002113 0.000000 
5.000000e-01 5.000000e-01 4.999840e-03 5.000000e-01 5.000000e-01 1.515041e+00 -0.993280 0.002085 0.009884 0.969341 0.009884 0.002085 0.993280 -0.002113 -0.009978 -0.969099 -0.009978 -0.002113 0.000000 
5.000000e-01 5.000000e-01 4.999840e-03 5.000000e-01 5.000000e-01 1.515041e+00 -0.993280 0.002085 0.009884 0.969341 0.009884 0.002085 0.993280 -0.002113 -0.009978 -0.969099 -0.009978 -0.002113 0.000000 
5.000000e-01 5.000000e-01 4.999840e-03 5.000000e-01 5.000000e-01 1.515041e+00 -0.993280 0.002085 0.009884 0.969341 0.009884 0.002085 0.993280 -0.002113 -0.009978 -0.969099 -0.009978 -0.002113 0.000000 
5.000000e-01 5.000000e-01 4.999840e-03 5.000000e-01 5.000000e-01 1.515041e+00 -0.993280 0.002085 0.009884 0.969341 0.009884 0.002085 0.993280 -0.002113 -0.009978 -0.969099 -0.009978 -0.002113 0.000000 
5.000000e-01 5.000000e-01 4.999840e-03 5.000000e-01 5.000000e-01 1.515041e+00 -0.993280 0.002085 0.009884 0.969341 0.009884 0.002085 0.993280 -0.002113 -0.009978 -0.969099 -0.009978 -0.002113 0.000000 
5.000000e-01 5.000000e-01 4.999840e-03 5.000000e-01 5.000000e-01 1.515041e+00 -0.993280 0.002085 0.009884 0.969341 0.009884 0.002085 0.993280 -0.002113 -0.009978 -0.969099 -0.009978 -0.002113 0.000000 
5.000000e-01 5.000000e-01 4.999840e-03 5.000000e-01 5.000000e-01 1.515041e+00 -0.993280 0.002085 0.009884 0.969341 0.009884 0.002085 0.993280 -0.002113 -0.009978 -0.969099 -0.009978 -0.002113 0.000000 
5.000000e-01 5.000000e-01 4.999840e-03 5.000000e-01 5.000000e-01 1.515041e+00 -0.993280 0.002085 0.009884 0.969341 0.009884 0.002085 0.993280 -0.002113 -0.009978 -0.969099 -0.009978 -0.002113 0.000000 
5.000000e-01 5.000000e-01 4.999840e-03 5.000000e-01 5.000000e-01 1.515041e+00 -0.993280 0.002085 0.009884 0.969341 0.009884 0.002085 0.993280 -0.002113 -0.009978 -0.969099 -0.009978 -0.002113 0.000000 
5.000000e-01 5.000000e-01 4.999840e-03 5.000000e-01 5.000000e-01 1.515041e+00 -0.993280 0.002085 0.009884 0.969341 0.009884 0.002085 0.993280 -0.002113 -0.009978 -0.969099 -0.009978 -0.002113 0.000000 
5.000000e-01 5.000000e-01 4.999840e-03 5.000000e-01 5.000000e-01 1.515041e+00 -0.993280 0.002085 0.009884 0.969341 0.009884 0.002085 0.993280 -0.002113 -0.009978 -0.969099 -0.009978 -0.002113 0.000000 
5.000000e-01 5.000000e-01 4.999840e-03 5.000000e-01 5.000000e-01 1.515041e+00 -0.993280 0.002085 0.009884 0.969341 0.009884 0.002085 0.993280 -0.002113 -0.009978 -0.969099 -0.009978 -0.002113 0.000000 
5.000000e-01 5.000000e-01 4.999840e-03 5.000000e-01 5.000000e-01 1.515041e+00 -0.993280 0.002085 0.009884 0.969341 0.009884 0.002085 0.993280 -0.002113 -0.009978 -0.969099 -0.009978 -0.002113 0.000000 
5.000000e-01 5.000000e-01 4.999840e-03 5.000000e-01 5.000000e-01 1.515041e+00 -0.993280 0.002085 0.009884 0.969341 0.009884 0.002085 0.993280 -0.002113 -0.009978 -0.969099 -0.009978 -0.002113 0.000000 
5.000000e-01 5.000000e-01 4.999840e-03 5.000000e-01 5.000000e-01 1.515041e+00 -0.993280 0.002085 0.009884 0.969341 0.009884 0.002085 0.993280 -0.002113 -0.009978 -0.969099 -0.009978 -0.002113 0.000000 
5.000000e-01 5.000000e-01 4.999840e-03 5.000000e-01 5.000000e-01 1.515041e+00 -0.993280 0.002085 0.009884 0.969341 0.009884 0.002085 0.993280 -0.002113 -0.009978 -0.969099 -0.009978 -0.002113 0.000000 
5.000000e-01 5.000000e-01 4.999840e-03 5.000000e-01 5.000000e-01 1.515041e+00 -0.993280 0.002085 0.009884 0.969341 0.009884 0.002085 0.993280 -0.002113 -0.009978 -0.969099 -0.009978 -0.002113 0.000000 
5.000000e-01 5.000000e-01 4.999840e-03 5.000000e-01 5.000000e-01 1.515041e+00 -0.993280 0.002085 0.009884 0.969341 0.009884 0.002085 0.993280 -0.002113 -0.009978 -0.969099 -0.009978 -0.002113 0.000000 
5.000000e-01 5.000000e-01 4.999840e-03 5.000000e-01 5.000000e-01 1.515041e+00 -0.993280 0.002085 0.009884 0.969341 0.009884 0.002085 0.993280 -0.002113 -0.009978 -0.969099 -0.009978 -0.002113 0.000000 
5.000000e-01 5.000000e-01 4.999840e-03 5.000000e-01 5.000000e-01 1.515041e+00 -0.993280 0.002085 0.009884 0.969341 0.009884 0.002085 0.993280 -0.002113 -0.009978 -0.969099 -0.009978 -0.002113 0.000000 
5.000000e-01 5.000000e-01 4.999840e-03 5.000000e-01 5.000000e-01 1.515041e+00 -0.993280 0.002085 0.009884 0.969341 0.009884 0.002085 0.993280 -0.002113 -0.009978 -0.969099 -0.009978 -0.002113 0.000000 
5.000000e-01 5.000000e-01 4.999840e-03 5.000000e-01 5.000000e-01 1.515041e+00 -0.993280 0.002085 0.009884 0.969341 0.009884 0.002085 0.993280 -0.002113 -0.009978 -0.969099 -0.009978 -0.002113 0.000000 
5.000000e-01 5.000000e-01 4.999840e-03 5.000000e-01 5.000000e-01 1.515041e+00 -0.993280 0.002085 0.009884 0.969341 0.009884 0.002085 0.993280 -0.002113 -0.009978 -0.969099 -0.009978 -0.002113 0.000000 
5.000000e-01 5.000000e-01 4.999840e-03 5.000000e-01 5.000000e-01 1.515041e+00 -0.993280 0.002085 0.009884 0.969341 0.009884 0.002085 0.993280 -0.002113 -0.009978 -0.969099 -0.009978 -0.002113 0.000000 
5.000000e-01 5.000000e-01 4.999840e-03 5.000000e-01 5.000000e-01 1.515041e+00 -0.993280 0.002085 0.009884 0.969341 0.009884 0.002085 0.993280 -0.002113 -0.009978 -0.969099 -0.009978 -0.002113 0.000000 
5.000000e-01 5.000000e-01 4.999840e-03 5.000000e-01 5.000000e-01 1.515041e+00 -0.993280 0.002085 0.009884 0.969341 0.009884 0.002085 0.993280 -0.002113 -0.009978 -0.969099 -0.009978 -0.002113 0.000000 
5.000000e-01 5.000000e-01 4.999840e-03 5.000000e-01 5.000000e-01 1.515041e+00 -0.993280 0.002085 0.009884 0.969341 0.009884 0.002085 0.993280 -0.002113 -0.009978 -0.969099 -0.009978 -0.002113 0.000000 
5.000000e-01 5.000000e-01 4.999840e-03 5.000000e-01 5.000000e-01 1.515041e+00 -0.993280 0.002085 0.009884 0.969341 0.009884 0.002085 0.993280 -0.002113 -0.009978 -0.969099 -0.009978 -0.002113 0.000000 
5.000000e-01 5.000000e-01 4.999840e-03 5.000000e-01 5.000000e-01 1.515041e+00 -0.993280 0.002085 0.009884 0.969341 0.009884 0.002085 0.993280 -0.002113 -0.009978 -0.969099 -0.009978 -0.002113 0.000000 
5.000000e-01 5.000000e-01 4.999840e-03 5.000000e-01 5.000000e-01 1.515041e+00 -0.993280 0.002085 0.009884 0.969341 0.009884 0.002085 0.993280 -0.002113 -0.009978 -0.969099 -0.009978 -0.002113 0.000000 
5.000000e-01 5.000000e-01 4.999840e-03 5.000000e-01 5.000000e-01 1.515041e+00 -0.993280 0.002085 0.009884 0.969341 0.009884 0.002085 0.993280 -0.002113 -0.009978 -0.969099 -0.009978 -0.002113 0.000000 
5.000000e-01 5.000000e-01 4.999840e-03 5.000000e-01 5.000000e-01 1.515041e+00 -0.993280 0.002085 0.009884 0.969341 0.009884 0.002085 0.993280 -0.002113 -0.009978 -0.969099 -0.009978 -0.002113 0.000000 
5.000000e-01 5.000000e-01 4.999840e-03 5.000000e-01 5.000000e-01 1.515041e+00 -0.993280 0.002085 0.009884 0.969341 0.009884 0.002085 0.993280 -0.002113 -0.009978 -0.969099 -0.009978 -0.002113 0.000000 
5.000000e-01 5.000000e-01 4.999840e-03 5.000000e-01 5.000000e-01 1.515041e+00 -0.993280 0.002085 0.009884 0.969341 0.009884 0.002085 0.993280 -0.002113 -0.009978 -0.969099 -0.009978 -0.002113 0.000000 
5.000000e-01 5.000000e-01 4.999840e-03 5.000000e-01 5.000000e-01 1.515041e+00 -0.993280 0.002085 0.009884 0.969341 0.009884 0.002085 0.993280 -0.002113 -0.009978 -0.969099 -0.009978 -0.002113 0.000000 
5.000000e-01 5.000000e-01 4.999840e-03 5.000000e-01 5.000000e-01 1.515041e+00 -0.993280 0.002085 0.009884 0.969341 0.009884 0.002085 0.993280 -0.002113 -0.009978 -0.969099 -0.009978 -0.002113 0.000000 
5.000000e-01 5.000000e-01 4.999840e-03 5.000000e-01 5.000000e-01 1.515041e+00 -0.993280 0.002085 0.009884 0.969341 0.009884 0.002085 0.993280 -0.002113 -0.009978 -0.969099 -0.009978 -0.002113 0.000000 
5.000000e-01 5.000000e-01 4.999840e-03 5.000000e-01 5.000000e-01 1.515041e+00 -0.993280 0.002085 0.009884 0.969341 0.009884 0.002085 0.993280 -0.002113 -0.009978 -0.969099 -0.009978 -0.002113 0.000000 
5.000000e-01 5.000000e-01 4.999840e-03 5.000000e-01 5.000000e-01 1.515041e+00 -0.993280 0.002085 0.009884 0.969341 0.009884 0.002085 0.993280 -0.002113 -0.009978 -0.969099 -0.009978 -0.002113 0.000000 
5.000000e-01 5.000000e-01 4.999840e-03 5.000000e-01 5.000000e-01 1.515041e+00 -0.993280 0.002085 0.009884 0.969341 0.009884 0.002085 0.993280 -0.002113 -0.009978 -0.969099 -0.009978 -0.002113 0.000000 
5.000000e-01 5.000000e-01 4.999840e-03 5.000000e-01 5.000000e-01 1.515041e+00 -0.993280 0.002085 0.009884 0.969341 0.009884 0.002085 0.993280 -0.002113 -0.009978 -0.969099 -0.009978 -0.002113 0.000000 
5.000000e-01 5.000000e-01 4.999840e-03 5.000000e-01 5.000000e-01 1.515041e+00 -0.993280 0.002085 0.009884 0.969341 0.009884 0.002085 0.993280 -0.002113 -0.009978 -0.969099 -0.009978 -0.002113 0.000000 
5.000000e-01 5.000000e-01 4.999840e-03 5.000000e-01 5.000000e-01 1.515041e+00 -0.993280 0.002085 0.009884 0.969341 0.009884 0.002085 0.993280 -0.002113 -0.009978 -0.969099 -0.009978 -0.002113 0.000000 
5.000000e-01 5.000000e-01 4.999840e-03 5.000000e-01 5.000000e-01 1.515041e+00 -0.993280 0.002085 0.009884 0.969341 0.009884 0.002085 0.993280 -0.002113 -0.009978 -0.969099 -0.009978 -0.002113 0.000000 
5.000000e-01 5.000000e-01 4.999840e-03 5.000000e-01 5.000000e-01 1.515041e+00 -0.993280 0.002085 0.009884 0.969341 0.009884 0.002085 0.993280 -0.002113 -0.009978 -0.969099 -0.009978 -0.002113 0.000000 
5.000000e-01 5.000000e-01 4.999840e-03 5.000000e-01 5.000000e-01 1.515041e+00 -0.993280 0.002085 0.009884 0.969341 0.009884 0.002085 0.993280 -0.002113 -0.009978 -0.969099 -0.009978 -0.002113 0.000000 
5.000000e-01 5.000000e-01 4.999840e-03 5.000000e-01 5.000000e-01 1.515041e+00 -0.993280 0.002085 0.009884 0.969341 0.009884 0.002085 0.993280 -0.002113 -0.009978 -0.969099 -0.009978 -0.002113 0.000000 
5.000000e-01 5.000000e-01 4.999840e-03 5.000000e-01 5.000000e-01 1.515041e+00 -0.993280 0.002085 0.009884 0.969341 0.009884 0.002085 0.993280 -0.002113 -0.009978 -0.969099 -0.009978 -0.002113 0.000000 
5.000000e-01 5.000000e-01 4.999840e-03 5.000000e-01 5.000000e-01 1.515041e+00 -0.993280 0.002085 0.009884 0.969341 0.009884 0.002085 0.993280 -0.002113 -0.009978 -0.969099 -0.009978 -0.002113 0.000000 
5.000000e-01 5.000000e-01 4.999840e-03 5.000000e-01 5.000000e-01 1.515041e+00 -0.993280 0.002085 0.009884 0.969341 0.009884 0.002085 0.993280 -0.002113 -0.009978 -0.969099 -0.009978 -0.002113 0.000000 
5.000000e-01 5.000000e-01 4.999840e-03 5.000000e-01 5.000000e-01 1.515041e+00 -0.993280 0.002085 0.009884 0.969341 0.009884 0.002085 0.993280 -0.002113 -0.009978 -0.969099 -0.009978 -0.002113 0.000000 
5.000000e-01 5.000000e-01 4.999840e-03 5.000000e-01 5.000000e-01 1.515041e+00 -0.993280 0.002085 0.009884 0.969341 0.009884 0.002085 0.993280 -0.002113 -0.009978 -0.969099 -0.009978 -0.002113 0.000000 
5.000000e-01 5.000000e-01 4.999840e-03 5.000000e-01 5.000000e-01 1.515041e+00 -0.993280 0.002085 0.009884 0.969341 0.009884 0.002085 0.993280 -0.002113 -0.009978 -0.969099 -0.009978 -0.002113 0.000000 
5.000000e-01 5.000000e-01 4.999840e-03 5.000000e-01 5.000000e-01 1.515041e+00 -0.993280 0.002085 0.009884 0.969341 0.009884 0.002085 0.993280 -0.002113 -0.009978 -0.969099 -0.009978 -0.002113 0.000000 
5.000000e-01 5.000000e-01 4.999840e-03 5.000000e-01 5.000000e-01 1.515041e+00 -0.993280 0.002085 0.009884 0.969341 0.009884 0.002085 0.993280 -0.002113 -0.009978 -0.969099 -0.009978 -0.002113 0.000000 
5.000000e-01 5.000000e-01 4.999840e-03 5.000000e-01 5.000000e-01 1.515041e+00 -0.993280 0.002085 0.009884 0.969341 0.009884 0.002085 0.993280 -0.002113 -0.009978 -0.969099 -0.009978 -0.002113 0.000000 
5.000000e-01 5.000000e-01 4.999840e-03 5.000000e-01 5.000000e-01 1.515041e+00 -0.993280 0.002085 0.009884 0.969341 0.009884 0.002085 0.993280 -0.002113 -0.009978 -0.969099 -0.009978 -0.002113 0.000000 
5.000000e-01 5.000000e-01 4.999840e-03 5.000000e-01 5.000000e-01 1.515041e+00 -0.993280 0.002085 0.009884 0.969341 0.009884 0.002085 0.993280 -0.002113 -0.009978 -0.969099 -0.009978 -0.002113 0.000000 
5.000000e-01 5.000000e-01 4.999840e-03 5.000000e-01 5.000000e-01 1.515041e+00 -0.993280 0.002085 0.009884 0.969341 0.009884 0.002085 0.993280 -0.002113 -0.009978 -0.969099 -0.009978 -0.002113 0.000000 
5.000000e-01 5.000000e-01 4.999840e-03 5.000000e-01 5.000000e-01 1.515041e+00 -0.993280 0.002085 0.009884 0.969341 0.009884 0.002085 0.993280 -0.002113 -0.009978 -0.969099 -0.009978 -0.002113 0.000000 
5.000000e-01 5.000000e-01 4.999840e-03 5.000000e-01 5.000000e-01 1.515041e+00 -0.993280 0.002085 0.009884 0.969341 0.009884 0.002085 0.993280 -0.002113 -0.009978 -0.969099 -0.009978 -0.002113 0.000000 
5.000000e-01 5.000000e-01 4.999840e-03 5.000000e-01 5.000000e-01 1.515041e+00 -0.993280 0.002085 0.009884 0.969341 0.009884 0.002085 0.993280 -0.002113 -0.009978 -0.969099 -0.009978 -0.002113 0.000000 
5.000000e-01 5.000000e-01 4.999840e-03 5.000000e-01 5.000000e-01 1.515041e+00 -0.993280 0.002085 0.009884 0.969341 0.009884 0.002085 0.993280 -0.002113 -0.009978 -0.969099 -0.009978 -0.002113 0.000000 
5.000000e-01 5.000000e-01 4.999840e-03 5.000000e-01 5.000000e-01 1.515041e+00 -0.993280 0.002085 0.009884 0.969341 0.009884 0.002085 0.993280 -0.002113 -0.009978 -0.969099 -0.009978 -0.002113 0.000000 
5.000000e-01 5.000000e-01 4.999840e-03 5.000000e-01 5.000000e-01 1.515041e+00 -0.993280 0.002085 0.009884 0.969341 0.009884 0.002085 0.993280 -0.002113 -0.009978 -0.969099 -0.009978 -0.002113 0.000000 
5.000000e-01 5.000000e-01 4.999840e-03 5.000000e-01 5.000000e-01 1.515041e+00 -0.993280 0.002085 0.009884 0.969341 0.009884 0.002085 0.993280 -0.002113 -0.009978 -0.969099 -0.009978 -0.002113 0.000000 
5.000000e-01 5.000000e-01 4.999840e-03 5.000000e-01 5.000000e-01 1.515041e+00 -0.993280 0.002085 0.009884 0.969341 0.009884 0.002085 0.993280 -0.002113 -0.009978 -0.969099 -0.009978 -0.002113 0.000000 
5.000000e-01 5.000000e-01 4.999840e-03 5.000000e-01 5.000000e-01 1.515041e+00 -0.993280 0.002085 0.009884 0.969341 0.009884 0.002085 0.993280 -0.002113 -0.009978 -0.969099 -0.009978 -0.002113 0.000000 
5.000000e-01 5.000000e-01 4.999840e-03 5.000000e-01 5.000000e-01 1.515041e+00 -0.993280 0.002085 0.009884 0.969341 0.009884 0.002085 0.993280 -0.002113 -0.009978 -0.969099 -0.009978 -0.002113 0.000000 
5.000000e-01 5.000000e-01 4.999840e-03 5.000000e-01 5.000000e-01 1.515041e+00 -0.993280 0.002085 0.009884 0.969341 0.009884 0.002085 0.993280 -0.002113 -0.009978 -0.969099 -0.009978 -0.002113 0.000000 
5.000000e-01 5.000000e-01 4.999840e-03 5.000000e-01 5.000000e-01 1.515041e+00 -0.993280 0.002085 0.009884 0.969341 0.009884 0.002085 0.993280 -0.002113 -0.009978 -0.969099 -0.009978 -0.002113 0.000000 
5.000000e-01 5.000000e-01 4.999840e-03 5.000000e-01 5.000000e-01 1.515041e+00 -0.993280 0.002085 0.009884 0.969341 0.009884 0.002085 0.993280 -0.002113 -0.009978 -0.969099 -0.009978 -0.002113 0.000000 
5.000000e-01 5.000000e-01 4.999840e-03 5.000000e-01 5.000000e-01 1.515041e+00 -0.993280 0.002085 0.009884 0.969341 0.009884 0.002085 0.993280 -0.002113 -0.009978 -0.969099 -0.009978 -0.002113 0.000000 
5.000000e-01 5.000000e-01 4.999840e-03 5.000000e-01 5.000000e-01 1.515041e+00 -0.993280 0.002085 0.009884 0.969341 0.009884 0.002085 0.993280 -0.002113 -0.009978 -0.969099 -0.009978 -0.002113 0.000000 
5.000000e-01 5.000000e-01 4.999840e-03 5.000000e-01 5.000000e-01 1.515041e+00 -0.993280 0.002085 0.009884 0.969341 0.009884 0.002085 0.993280 -0.002113 -0.009978 -0.969099 -0.009978 -0.002113 0.000000 
5.000000e-01 5.000000e-01 4.999840e-03 5.000000e-01 5.000000e-01 1.515041e+00 -0.993280 0.002085 0.009884 0.969341 0.009884 0.002085 0.993280 -0.002113 -0.009978 -0.969099 -0.009978 -0.002113 0.000000 
5.000000e-01 5.000000e-01 4.999840e-03 5.000000e-01 5.000000e-01 1.515041e+00 -0.993280 0.002085 0.009884 0.969341 0.009884 0.002085 0.993280 -0.002113 -0.009978 -0.969099 -0.009978 -0.002113 0.000000 
5.000000e-01 5.000000e-01 4.999840e-03 5.000000e-01 5.000000e-01 1.515041e+00 -0.993280 0.002085 0.009884 0.969341 0.009884 0.002085 0.993280 -0.002113 -0.009978 -0.969099 -0.009978 -0.002113 0.000000 
5.000000e-01 5.000000e-01 4.999840e-03 5.000000e-01 5.000000e-01 1.515041e+00 -0.993280 0.002085 0.009884 0.969341 0.009884 0.002085 0.993280 -0.002113 -0.009978 -0.969099 -0.009978 -0.002113 0.000000 
5.000000e-01 5.000000e-01 4.999840e-03 5.000000e-01 5.000000e-01 1.515041e+00 -0.993280 0.002085 0.009884 0.969341 0.009884 0.002085 0.993280 -0.002113 -0.009978 -0.969099 -0.009978 -0.002113 0.000000 
5.000000e-01 5.000000e-01 4.999840e-03 5.000000e-01 5.000000e-01 1.515041e+00 -0.993280 0.002085 0.009884 0.969341 0.009884 0.002085 0.993280 -0.002113 -0.009978 -0.969099 -0.009978 -0.002113 0.000000 
5.000000e-01 5.000000e-01 4.999840e-03 5.000000e-01 5.000000e-01 1.515041e+00 -0.993280 0.002085 0.009884 0.969341 0.009884 0.002085 0.993280 -0.002113 -0.009978 -0.969099 -0.009978 -0.002113 0.000000 
5.000000e-01 5.000000e-01 4.999840e-03 5.000000e-01 5.000000e-01 1.515041e+00 -0.993280 0.002085 0.009884 0.969341 0.009884 0.002085 0.993280 -0.002113 -0.009978 -0.969099 -0.009978 -0.002113 0.000000 
5.000000e-01 5.000000e-01 4.999840e-03 5.000000e-01 5.000000e-01 1.515041e+00 -0.993280 0.002085 0.009884 0.969341 0.009884 0.002085 0.993280 -0.002113 -0.009978 -0.969099 -0.009978 -0.002113 0.000000 
5.000000e-01 5.000000e-01 4.999840e-03 5.000000e-01 5.000000e-01 1.515041e+00 -0.993280 0.002085 0.009884 0.969341 0.009884 0.002085 0.993280 -0.002113 -0.009978 -0.969099 -0.009978 -0.002113 0.000000 
5.000000e-01 5.000000e-01 4.999840e-03 5.000000e-01 5.000000e-01 1.515041e+00 -0.993280 0.002085 0.009884 0.969341 0.009884 0.002085 0.993280 -0.002113 -0.009978 -0.969099 -0.009978 -0.002113 0.000000 
5.000000e-01 5.000000e-01 4.999840e-03 5.000000e-01 5.000000e-01 1.515041e+00 -0.993280 0.002085 0.009884 0.969341 0.009884 0.002085 0.993280 -0.002113 -0.009978 -0.969099 -0.009978 -0.002113 0.000000 
5.000000e-01 5.000000e-01 4.999840e-03 5.000000e-01 5.000000e-01 1.515041e+00 -0.993280 0.002085 0.009884 0.969341 0.009884 0.002085 0.993280 -0.002113 -0.009978 -0.969099 -0.009978 -0.002113 0.000000 
5.000000e-01 5.000000e-01 4.999840e-03 5.000000e-01 5.000000e-01 1.515041e+00 -0.993280 0.002085 0.009884 0.969341 0.009884 0.002085 0.993280 -0.002113 -0.009978 -0.969099 -0.009978 -0.002113 0.000000 
5.000000e-01 5.000000e-01 4.999840e-03 5.000000e-01 5.000000e-01 1.515041e+00 -0.993280 0.002085 0.009884 0.969341 0.009884 0.002085 0.993280 -0.002113 -0.009978 -0.969099 -0.009978 -0.002113 0.000000 
5.000000e-01 5.000000e-01 4.999840e-03 5.000000e-01 5.000000e-01 1.515041e+00 -0.993280 0.002085 0.009884 0.969341 0.009884 0.002085 0.993280 -0.002113 -0.009978 -0.969099 -0.009978 -0.002113 0.000000 
5.000000e-01 5.000000e-01 4.999840e-03 5.000000e-01 5.000000e-01 1.515041e+00 -0.993280 0.002085 0.009884 0.969341 0.009884 0.002085 0.993280 -0.002113 -0.009978 -0.969099 -0.009978 -0.002113 0.000000 
5.000000e-01 5.000000e-01 4.999840e-03 5.000000e-01 5.000000e-01 1.515041e+00 -0.993280 0.002085 0.009884 0.969341 0.009884 0.002085 0.993280 -0.002113 -0.009978 -0.969099 -0.009978 -0.002113 0.000000 
5.000000e-01 5.000000e-01 4.999840e-03 5.000000e-01 5.000000e-01 1.515041e+00 -0.993280 0.002085 0.009884 0.969341 0.009884 0.002085 0.993280 -0.002113 -0.009978 -0.969099 -0.009978 -0.002113 0.000000 
5.000000e-01 5.000000e-01 4.999840e-03 5.000000e-01 5.000000e-01 1.515041e+00 -0.993280 0.002085 0.009884 0.969341 0.009884 0.002085 0.993280 -0.002113 -0.009978 -0.969099 -0.009978 -0.002113 0.000000 
5.000000e-01 5.000000e-01 4.999840e-03 5.000000e-01 5.000000e-01 1.515041e+00 -0.993280 0.002085 0.009884 0.969341 0.009884 0.002085 0.993280 -0.002113 -0.009978 -0.969099 -0.009978 -0.002113 0.000000 
5.000000e-01 5.000000e-01 4.999840e-03 5.000000e-01 5.000000e-01 1.515041e+00 -0.993280 0.002085 0.009884 0.969341 0.009884 0.002085 0.993280 -0.002113 -0.009978 -0.969099 -0.009978 -0.002113 0.000000 
5.000000e-01 5.000000e-01 4.999840e-03 5.000000e-01 5.000000e-01 1.515041e+00 -0.993280 0.002085 0.009884 0.969341 0.009884 0.002085 0.993280 -0.002113 -0.009978 -0.969099 -0.009978 -0.002113 0.000000 
5.000000e-01 5.000000e-01 4.999840e-03 5.000000e-01 5.000000e-01 1.515041e+00 -0.993280 0.002085 0.009884 0.969341 0.009884 0.002085 0.993280 -0.002113 -0.009978 -0.969099 -0.009978 -0.002113 0.000000 
5.000000e-01 5.000000e-01 4.999840e-03 5.000000e-01 5.000000e-01 1.515041e+00 -0.993280 0.002085 0.009884 0.969341 0.009884 0.002085 0.993280 -0.002113 -0.009978 -0.969099 -0.009978 -0.002113 0.000000 
5.000000e-01 5.000000e-01 4.999840e-03 5.000000e-01 5.000000e-01 1.515041e+00 -0.993280 0.002085 0.009884 0.969341 0.009884 0.002085 0.993280 -0.002113 -0.009978 -0.969099 -0.009978 -0.002113 0.000000 
5.000000e-01 5.000000e-01 4.999840e-03 5.000000e-01 5.000000e-01 1.515041e+00 -0.993280 0.002085 0.009884 0.969341 0.009884 0.002085 0.993280 -0.002113 -0.009978 -0.969099 -0.009978 -0.002113 0.000000 
5.000000e-01 5.000000e-01 4.999840e-03 5.000000e-01 5.000000e-01 1.515041e+00 -0.993280 0.002085 0.009884 0.969341 0.009884 0.002085 0.993280 -0.002113 -0.009978 -0.969099 -0.009978 -0.002113 0.000000 
5.000000e-01 5.000000e-01 4.999840e-03 5.000000e-01 5.000000e-01 1.515041e+00 -0.993280 0.002085 0.009884 0.969341 0.009884 0.002085 0.993280 -0.002113 -0.009978 -0.969099 -0.009978 -0.002113 0.000000 
5.000000e-01 5.000000e-01 4.999840e-03 5.000000e-01 5.000000e-01 1.515041e+00 -0.993280 0.002085 0.009884 0.969341 0.009884 0.002085 0.993280 -0.002113 -0.009978 -0.969099 -0.009978 -0.002113 0.000000 
5.000000e-01 5.000000e-01 4.999840e-03 5.000000e-01 5.000000e-01 1.515041e+00 -0.993280 0.002085 0.009884 0.969341 0.009884 0.002085 0.993280 -0.002113 -0.009978 -0.969099 -0.009978 -0.002113 0.000000 
5.000000e-01 5.000000e-01 4.999840e-03 5.000000e-01 5.000000e-01 1.515041e+00 -0.993280 0.002085 0.009884 0.969341 0.009884 0.002085 0.993280 -0.002113 -0.009978 -0.969099 -0.009978 -0.002113 0.000000 
5.000000e-01 5.000000e-01 4.999840e-03 5.000000e-01 5.000000e-01 1.515041e+00 -0.993280 0.002085 0.009884 0.969341 0.009884 0.002085 0.993280 -0.002113 -0.009978 -0.969099 -0.009978 -0.002113 0.000000 
5.000000e-01 5.000000e-01 4.999840e-03 5.000000e-01 5.000000e-01 1.515041e+00 -0.993280 0.002085 0.009884 0.969341 0.009884 0.002085 0.993280 -0.002113 -0.009978 -0.969099 -0.009978 -0.002113 0.000000 
5.000000e-01 5.000000e-01 4.999840e-03 5.000000e-01 5.000000e-01 1.515041e+00 -0.993280 0.002085 0.009884 0.969341 0.009884 0.002085 0.993280 -0.002113 -0.009978 -0.969099 -0.009978 -0.002113 0.000000 
5.000000e-01 5.000000e-01 4.999840e-03 5.000000e-01 5.000000e-01 1.515041e+00 -0.993280 0.002085 0.009884 0.969341 0.009884 0.002085 0.993280 -0.002113 -0.009978 -0.969099 -0.009978 -0.002113 0.000000 
5.000000e-01 5.000000e-01 4.999840e-03 5.000000e-01 5.000000e-01 1.515041e+00 -0.993280 0.002085 0.009884 0.969341 0.009884 0.002085 0.993280 -0.002113 -0.009978 -0.969099 -0.009978 -0.002113 0.000000 
5.000000e-01 5.000000e-01 4.999840e-03 5.000000e-01 5.000000e-01 1.515041e+00 -0.993280 0.002085 0.009884 0.969341 0.009884 0.002085 0.993280 -0.002113 -0.009978 -0.969099 -0.009978 -0.002113 0.000000 
5.000000e-01 5.000000e-01 4.999840e-03 5.000000e-01 5.000000e-01 1.515041e+00 -0.993280 0.002085 0.009884 0.969341 0.009884 0.002085 0.993280 -0.002113 -0.009978 -0.969099 -0.009978 -0.002113 0.000000 
5.000000e-01 5.000000e-01 4.999840e-03 5.000000e-01 5.000000e-01 1.515041e+00 -0.993280 0.002085 0.009884 0.969341 0.009884 0.002085 0.993280 -0.002113 -0.009978 -0.969099 -0.009978 -0.002113 0.000000 
5.000000e-01 5.000000e-01 4.999840e-03 5.000000e-01 5.000000e-01 1.515041e+00 -0.993280 0.002085 0.009884 0.969341 0.009884 0.002085 0.993280 -0.002113 -0.009978 -0.969099 -0.009978 -0.002113 0.000000 
5.000000e-01 5.000000e-01 4.999840e-03 5.000000e-01 5.000000e-01 1.515041e+00 -0.993280 0.002085 0.009884 0.969341 0.009884 0.002085 0.993280 -0.002113 -0.009978 -0.969099 -0.009978 -0.002113 0.000000 
5.000000e-01 5.000000e-01 4.999840e-03 5.000000e-01 5.000000e-01 1.515041e+00 -0.993280 0.002085 0.009884 0.969341 0.009884 0.002085 0.993280 -0.002113 -0.009978 -0.969099 -0.009978 -0.002113 0.000000 
5.000000e-01 5.000000e-01 4.999840e-03 5.000000e-01 5.000000e-01 1.515041e+00 -0.993280 0.002085 0.009884 0.969341 0.009884 0.002085 0.993280 -0.002113 -0.009978 -0.969099 -0.009978 -0.002113 0.000000 
5.000000e-01 5.000000e-01 4.999840e-03 5.000000e-01 5.000000e-01 1.515041e+00 -0.993280 0.002085 0.009884 0.969341 0.009884 0.002085 0.993280 -0.002113 -0.009978 -0.969099 -0.009978 -0.002113 0.000000 
5.000000e-01 5.000000e-01 4.999840e-03 5.000000e-01 5.000000e-01 1.515041e+00 -0.993280 0.002085 0.009884 0.969341 0.009884 0.002085 0.993280 -0.002113 -0.009978 -0.969099 -0.009978 -0.002113 0.000000 
5.000000e-01 5.000000e-01 4.999840e-03 5.000000e-01 5.000000e-01 1.515041e+00 -0.993280 0.002085 0.009884 0.969341 0.009884 0.002085 0.993280 -0.002113 -0.009978 -0.969099 -0.009978 -0.002113 0.000000 
5.000000e-01 5.000000e-01 4.999840e-03 5.000000e-01 5.000000e-01 1.515041e+00 -0.993280 0.002085 0.009884 0.969341 0.009884 0.002085 0.993280 -0.002113 -0.009978 -0.969099 -0.009978 -0.002113 0.000000 
5.000000e-01 5.000000e-01 4.999840e-03 5.000000e-01 5.000000e-01 1.515041e+00 -0.993280 0.002085 0.009884 0.969341 0.009884 0.002085 0.993280 -0.002113 -0.009978 -0.969099 -0.009978 -0.002113 0.000000 
5.000000e-01 5.000000e-01 4.999840e-03 5.000000e-01 5.000000e-01 1.515041e+00 -0.993280 0.002085 0.009884 0.969341 0.009884 0.002085 0.993280 -0.002113 -0.009978 -0.969099 -0.009978 -0.002113 0.000000 
5.000000e-01 5.000000e-01 4.999840e-03 5.000000e-01 5.000000e-01 1.515041e+00 -0.993280 0.002085 0.009884 0.969341 0.009884 0.002085 0.993280 -0.002113 -0.009978 -0.969099 -0.009978 -0.002113 0.000000 
5.000000e-01 5.000000e-01 4.999840e-03 5.000000e-01 5.000000e-01 1.515041e+00 -0.993280 0.002085 0.009884 0.969341 0.009884 0.002085 0.993280 -0.002113 -0.009978 -0.969099 -0.009978 -0.002113 0.000000 
5.000000e-01 5.000000e-01 4.999840e-03 5.000000e-01 5.000000e-01 1.515041e+00 -0.993280 0.002085 0.009884 0.969341 0.009884 0.002085 0.993280 -0.002113 -0.009978 -0.969099 -0.009978 -0.002113 0.000000 
5.000000e-01 5.000000e-01 4.999840e-03 5.000000e-01 5.000000e-01 1.515041e+00 -0.993280 0.002085 0.009884 0.969341 0.009884 0.002085 0.993280 -0.002113 -0.009978 -0.969099 -0.009978 -0.002113 0.000000 
5.000000e-01 5.000000e-01 4.999840e-03 5.000000e-01 5.000000e-01 1.515041e+00 -0.993280 0.002085 0.009884 0.969341 0.009884 0.002085 0.993280 -0.002113 -0.009978 -0.969099 -0.009978 -0.002113 0.000000 
5.000000e-01 5.000000e-01 4.999840e-03 5.000000e-01 5.000000e-01 1.515041e+00 -0.993280 0.002085 0.009884 0.969341 0.009884 0.002085 0.993280 -0.002113 -0.009978 -0.969099 -0.009978 -0.002113 0.000000 
5.000000e-01 5.000000e-01 4.999840e-03 5.000000e-01 5.000000e-01 1.515041e+00 -0.993280 0.002085 0.009884 0.969341 0.009884 0.002085 0.993280 -0.002113 -0.009978 -0.969099 -0.009978 -0.002113 0.000000 
5.000000e-01 5.000000e-01 4.999840e-03 5.000000e-01 5.000000e-01 1.515041e+00 -0.993280 0.002085 0.009884 0.969341 0.009884 0.002085 0.993280 -0.002113 -0.009978 -0.969099 -0.009978 -0.002113 0.000000 
5.000000e-01 5.000000e-01 4.999840e-03 5.000000e-01 5.000000e-01 1.515041e+00 -0.993280 0.002085 0.009884 0.969341 0.009884 0.002085 0.993280 -0.002113 -0.009978 -0.969099 -0.009978 -0.002113 0.000000 
5.000000e-01 5.000000e-01 4.999840e-03 5.000000e-01 5.000000e-01 1.515041e+00 -0.993280 0.002085 0.009884 0.969341 0.009884 0.002085 0.993280 -0.002113 -0.009978 -0.969099 -0.009978 -0.002113 0.000000 
5.000000e-01 5.000000e-01 4.999840e-03 5.000000e-01 5.000000e-01 1.515041e+00 -0.993280 0.002085 0.009884 0.969341 0.009884 0.002085 0.993280 -0.002113 -0.009978 -0.969099 -0.009978 -0.002113 0.000000 
5.000000e-01 5.000000e-01 4.999840e-03 5.000000e-01 5.000000e-01 1.515041e+00 -0.993280 0.002085 0.009884 0.969341 0.009884 0.002085 0.993280 -0.002113 -0.009978 -0.969099 -0.009978 -0.002113 0.000000 
5.000000e-01 5.000000e-01 4.999840e-03 5.000000e-01 5.000000e-01 1.515041e+00 -0.993280 0.002085 0.009884 0.969341 0.009884 0.002085 0.993280 -0.002113 -0.009978 -0.969099 -0.009978 -0.002113 0.000000 
5.000000e-01 5.000000e-01 4.999840e-03 5.000000e-01 5.000000e-01 1.515041e+00 -0.993280 0.002085 0.009884 0.969341 0.009884 0.002085 0.993280 -0.002113 -0.009978 -0.969099 -0.009978 -0.002113 0.000000 
5.000000e-01 5.000000e-01 4.999840e-03 5.000000e-01 5.000000e-01 1.515041e+00 -0.993280 0.002085 0.009884 0.969341 0.009884 0.002085 0.993280 -0.002113 -0.009978 -0.969099 -0.009978 -0.002113 0.000000 
5.000000e-01 5.000000e-01 4.999840e-03 5.000000e-01 5.000000e-01 1.515041e+00 -0.993280 0.002085 0.009884 0.969341 0.009884 0.002085 0.993280 -0.002113 -0.009978 -0.969099 -0.009978 -0.002113 0.000000 
5.000000e-01 5.000000e-01 4.999840e-03 5.000000e-01 5.000000e-01 1.515041e+00 -0.993280 0.002085 0.009884 0.969341 0.009884 0.002085 0.993280 -0.002113 -0.009978 -0.969099 -0.009978 -0.002113 0.000000 
5.000000e-01 5.000000e-01 4.999840e-03 5.000000e-01 5.000000e-01 1.515041e+00 -0.993280 0.002085 0.009884 0.969341 0.009884 0.002085 0.993280 -0.002113 -0.009978 -0.969099 -0.009978 -0.002113 0.000000 
5.000000e-01 5.000000e-01 4.999840e-03 5.000000e-01 5.000000e-01 1.515041e+00 -0.993280 0.002085 0.009884 0.969341 0.009884 0.002085 0.993280 -0.002113 -0.009978 -0.969099 -0.009978 -0.002113 0.000000 
5.000000e-01 5.000000e-01 4.999840e-03 5.000000e-01 5.000000e-01 1.515041e+00 -0.993280 0.002085 0.009884 0.969341 0.009884 0.002085 0.993280 -0.002113 -0.009978 -0.969099 -0.009978 -0.002113 0.000000 
5.000000e-01 5.000000e-01 4.999840e-03 5.000000e-01 5.000000e-01 1.515041e+00 -0.993280 0.002085 0.009884 0.969341 0.009884 0.002085 0.993280 -0.002113 -0.009978 -0.969099 -0.009978 -0.002113 0.000000 
5.000000e-01 5.000000e-01 4.999840e-03 5.000000e-01 5.000000e-01 1.515041e+00 -0.993280 0.002085 0.009884 0.969341 0.009884 0.002085 0.993280 -0.002113 -0.009978 -0.969099 -0.009978 -0.002113 0.000000 
5.000000e-01 5.000000e-01 4.999840e-03 5.000000e-01 5.000000e-01 1.515041e+00 -0.993280 0.002085 0.009884 0.969341 0.009884 0.002085 0.993280 -0.002113 -0.009978 -0.969099 -0.009978 -0.002113 0.000000 
5.000000e-01 5.000000e-01 4.999840e-03 5.000000e-01 5.000000e-01 1.515041e+00 -0.993280 0.002085 0.009884 0.969341 0.009884 0.002085 0.993280 -0.002113 -0.009978 -0.969099 -0.009978 -0.002113 0.000000 
5.000000e-01 5.000000e-01 4.999840e-03 5.000000e-01 5.000000e-01 1.515041e+00 -0.993280 0.002085 0.009884 0.969341 0.009884 0.002085 0.993280 -0.002113 -0.009978 -0.969099 -0.009978 -0.002113 0.000000 
5.000000e-01 5.000000e-01 4.999840e-03 5.000000e-01 5.000000e-01 1.515041e+00 -0.993280 0.002085 0.009884 0.969341 0.009884 0.002085 0.993280 -0.002113 -0.009978 -0.969099 -0.009978 -0.002113 0.000000 
5.000000e-01 5.000000e-01 4.999840e-03 5.000000e-01 5.000000e-01 1.515041e+00 -0.993280 0.002085 0.009884 0.969341 0.009884 0.002085 0.993280 -0.002113 -0.009978 -0.969099 -0.009978 -0.002113 0.000000 
5.000000e-01 5.000000e-01 4.999840e-03 5.000000e-01 5.000000e-01 1.515041e+00 -0.993280 0.002085 0.009884 0.969341 0.009884 0.002085 0.993280 -0.002113 -0.009978 -0.969099 -0.009978 -0.002113 0.000000 
5.000000e-01 5.000000e-01 4.999840e-03 5.000000e-01 5.000000e-01 1.515041e+00 -0.993280 0.002085 0.009884 0.969341 0.009884 0.002085 0.993280 -0.002113 -0.009978 -0.969099 -0.009978 -0.002113 0.000000 
5.000000e-01 5.000000e-01 4.999840e-03 5.000000e-01 5.000000e-01 1.515041e+00 -0.993280 0.002085 0.009884 0.969341 0.009884 0.002085 0.993280 -0.002113 -0.009978 -0.969099 -0.009978 -0.002113 0.000000 
5.000000e-01 5.000000e-01 4.999840e-03 5.000000e-01 5.000000e-01 1.515041e+00 -0.993280 0.002085 0.009884 0.969341 0.009884 0.002085 0.993280 -0.002113 -0.009978 -0.969099 -0.009978 -0.002113 0.000000 
5.000000e-01 5.000000e-01 4.999840e-03 5.000000e-01 5.000000e-01 1.515041e+00 -0.993280 0.002085 0.009884 0.969341 0.009884 0.002085 0.993280 -0.002113 -0.009978 -0.969099 -0.009978 -0.002113 0.000000 
5.000000e-01 5.000000e-01 4.999840e-03 5.000000e-01 5.000000e-01 1.515041e+00 -0.993280 0.002085 0.009884 0.969341 0.009884 0.002085 0.993280 -0.002113 -0.009978 -0.969099 -0.009978 -0.002113 0.000000 
5.000000e-01 5.000000e-01 4.999840e-03 5.000000e-01 5.000000e-01 1.515041e+00 -0.993280 0.002085 0.009884 0.969341 0.009884 0.002085 0.993280 -0.002113 -0.009978 -0.969099 -0.009978 -0.002113 0.000000 
5.000000e-01 5.000000e-01 4.999840e-03 5.000000e-01 5.000000e-01 1.515041e+00 -0.993280 0.002085 0.009884 0.969341 0.009884 0.002085 0.993280 -0.002113 -0.009978 -0.969099 -0.009978 -0.002113 0.000000 
5.000000e-01 5.000000e-01 4.999840e-03 5.000000e-01 5.000000e-01 1.515041e+00 -0.993280 0.002085 0.009884 0.969341 0.009884 0.002085 0.993280 -0.002113 -0.009978 -0.969099 -0.009978 -0.002113 0.000000 
5.000000e-01 5.000000e-01 4.999840e-03 5.000000e-01 5.000000e-01 1.515041e+00 -0.993280 0.002085 0.009884 0.969341 0.009884 0.002085 0.993280 -0.002113 -0.009978 -0.969099 -0.009978 -0.002113 0.000000 
5.000000e-01 5.000000e-01 4.999840e-03 5.000000e-01 5.000000e-01 1.515041e+00 -0.993280 0.002085 0.009884 0.969341 0.009884 0.002085 0.993280 -0.002113 -0.009978 -0.969099 -0.009978 -0.002113 0.000000 
5.000000e-01 5.000000e-01 4.999840e-03 5.000000e-01 5.000000e-01 1.515041e+00 -0.993280 0.002085 0.009884 0.969341 0.009884 0.002085 0.993280 -0.002113 -0.009978 -0.969099 -0.009978 -0.002113 0.000000 
5.000000e-01 5.000000e-01 4.999840e-03 5.000000e-01 5.000000e-01 1.515041e+00 -0.993280 0.002085 0.009884 0.969341 0.009884 0.002085 0.993280 -0.002113 -0.009978 -0.969099 -0.009978 -0.002113 0.000000 
5.000000e-01 5.000000e-01 4.999840e-03 5.000000e-01 5.000000e-01 1.515041e+00 -0.993280 0.002085 0.009884 0.969341 0.009884 0.002085 0.993280 -0.002113 -0.009978 -0.969099 -0.009978 -0.002113 0.000000 
5.000000e-01 5.000000e-01 4.999840e-03 5.000000e-01 5.000000e-01 1.515041e+00 -0.993280 0.002085 0.009884 0.969341 0.009884 0.002085 0.993280 -0.002113 -0.009978 -0.969099 -0.009978 -0.002113 0.000000 
5.000000e-01 5.000000e-01 4.999840e-03 5.000000e-01 5.000000e-01 1.515041e+00 -0.993280 0.002085 0.009884 0.969341 0.009884 0.002085 0.993280 -0.002113 -0.009978 -0.969099 -0.009978 -0.002113 0.000000 
5.000000e-01 5.000000e-01 4.999840e-03 5.000000e-01 5.000000e-01 1.515041e+00 -0.993280 0.002085 0.009884 0.969341 0.009884 0.002085 0.993280 -0.002113 -0.009978 -0.969099 -0.009978 -0.002113 0.000000 
5.000000e-01 5.000000e-01 4.999840e-03 5.000000e-01 5.000000e-01 1.515041e+00 -0.993280 0.002085 0.009884 0.969341 0.009884 0.002085 0.993280 -0.002113 -0.009978 -0.969099 -0.009978 -0.002113 0.000000 
5.000000e-01 5.000000e-01 4.999840e-03 5.000000e-01 5.000000e-01 1.515041e+00 -0.993280 0.002085 0.009884 0.969341 0.009884 0.002085 0.993280 -0.002113 -0.009978 -0.969099 -0.009978 -0.002113 0.000000 
5.000000e-01 5.000000e-01 4.999840e-03 5.000000e-01 5.000000e-01 1.515041e+00 -0.993280 0.002085 0.009884 0.969341 0.009884 0.002085 0.993280 -0.002113 -0.009978 -0.969099 -0.009978 -0.002113 0.000000 
5.000000e-01 5.000000e-01 4.999840e-03 5.000000e-01 5.000000e-01 1.515041e+00 -0.993280 0.002085 0.009884 0.969341 0.009884 0.002085 0.993280 -0.002113 -0.009978 -0.969099 -0.009978 -0.002113 0.000000 
5.000000e-01 5.000000e-01 4.999840e-03 5.000000e-01 5.000000e-01 1.515041e+00 -0.993280 0.002085 0.009884 0.969341 0.009884 0.002085 0.993280 -0.002113 -0.009978 -0.969099 -0.009978 -0.002113 0.000000 
5.000000e-01 5.000000e-01 4.999840e-03 5.000000e-01 5.000000e-01 1.515041e+00 -0.993280 0.002085 0.009884 0.969341 0.009884 0.002085 0.993280 -0.002113 -0.009978 -0.969099 -0.009978 -0.002113 0.000000 
5.000000e-01 5.000000e-01 4.999840e-03 5.000000e-01 5.000000e-01 1.515041e+00 -0.993280 0.002085 0.009884 0.969341 0.009884 0.002085 0.993280 -0.002113 -0.009978 -0.969099 -0.009978 -0.002113 0.000000 
5.000000e-01 5.000000e-01 4.999840e-03 5.000000e-01 5.000000e-01 1.515041e+00 -0.993280 0.002085 0.009884 0.969341 0.009884 0.002085 0.993280 -0.002113 -0.009978 -0.969099 -0.009978 -0.002113 0.000000 
5.000000e-01 5.000000e-01 4.999840e-03 5.000000e-01 5.000000e-01 1.515041e+00 -0.993280 0.002085 0.009884 0.969341 0.009884 0.002085 0.993280 -0.002113 -0.009978 -0.969099 -0.009978 -0.002113 0.000000 
5.000000e-01 5.000000e-01 4.999840e-03 5.000000e-01 5.000000e-01 1.515041e+00 -0.993280 0.002085 0.009884 0.969341 0.009884 0.002085 0.993280 -0.002113 -0.009978 -0.969099 -0.009978 -0.002113 0.000000 
5.000000e-01 5.000000e-01 4.999840e-03 5.000000e-01 5.000000e-01 1.515041e+00 -0.993280 0.002085 0.009884 0.969341 0.009884 0.002085 0.993280 -0.002113 -0.009978 -0.969099 -0.009978 -0.002113 0.000000 
5.000000e-01 5.000000e-01 4.999840e-03 5.000000e-01 5.000000e-01 1.515041e+00 -0.993280 0.002085 0.009884 0.969341 0.009884 0.002085 0.993280 -0.002113 -0.009978 -0.969099 -0.009978 -0.002113 0.000000 
5.000000e-01 5.000000e-01 4.999840e-03 5.000000e-01 5.000000e-01 1.515041e+00 -0.993280 0.002085 0.009884 0.969341 0.009884 0.002085 0.993280 -0.002113 -0.009978 -0.969099 -0.009978 -0.002113 0.000000 
5.000000e-01 5.000000e-01 4.999840e-03 5.000000e-01 5.000000e-01 1.515041e+00 -0.993280 0.002085 0.009884 0.969341 0.009884 0.002085 0.993280 -0.002113 -0.009978 -0.969099 -0.009978 -0.002113 0.000000 
5.000000e-01 5.000000e-01 4.999840e-03 5.000000e-01 5.000000e-01 1.515041e+00 -0.993280 0.002085 0.009884 0.969341 0.009884 0.002085 0.993280 -0.002113 -0.009978 -0.969099 -0.009978 -0.002113 0.000000 
5.000000e-01 5.000000e-01 4.999840e-03 5.000000e-01 5.000000e-01 1.515041e+00 -0.993280 0.002085 0.009884 0.969341 0.009884 0.002085 0.993280 -0.002113 -0.009978 -0.969099 -0.009978 -0.002113 0.000000 
5.000000e-01 5.000000e-01 4.999840e-03 5.000000e-01 5.000000e-01 1.515041e+00 -0.993280 0.002085 0.009884 0.969341 0.009884 0.002085 0.993280 -0.002113 -0.009978 -0.969099 -0.009978 -0.002113 0.000000 
5.000000e-01 5.000000e-01 4.999840e-03 5.000000e-01 5.000000e-01 1.515041e+00 -0.993280 0.002085 0.009884 0.969341 0.009884 0.002085 0.993280 -0.002113 -0.009978 -0.969099 -0.009978 -0.002113 0.000000 
5.000000e-01 5.000000e-01 4.999840e-03 5.000000e-01 5.000000e-01 1.515041e+00 -0.993280 0.002085 0.009884 0.969341 0.009884 0.002085 0.993280 -0.002113 -0.009978 -0.969099 -0.009978 -0.002113 0.000000 
5.000000e-01 5.000000e-01 4.999840e-03 5.000000e-01 5.000000e-01 1.515041e+00 -0.993280 0.002085 0.009884 0.969341 0.009884 0.002085 0.993280 -0.002113 -0.009978 -0.969099 -0.009978 -0.002113 0.000000 
5.000000e-01 5.000000e-01 4.999840e-03 5.000000e-01 5.000000e-01 1.515041e+00 -0.993280 0.002085 0.009884 0.969341 0.009884 0.002085 0.993280 -0.002113 -0.009978 -0.969099 -0.009978 -0.002113 0.000000 
5.000000e-01 5.000000e-01 4.999840e-03 5.000000e-01 5.000000e-01 1.515041e+00 -0.993280 0.002085 0.009884 0.969341 0.009884 0.002085 0.993280 -0.002113 -0.009978 -0.969099 -0.009978 -0.002113 0.000000 
5.000000e-01 5.000000e-01 4.999840e-03 5.000000e-01 5.000000e-01 1.515041e+00 -0.993280 0.002085 0.009884 0.969341 0.009884 0.002085 0.993280 -0.002113 -0.009978 -0.969099 -0.009978 -0.002113 0.000000 
5.000000e-01 5.000000e-01 4.999840e-03 5.000000e-01 5.000000e-01 1.515041e+00 -0.993280 0.002085 0.009884 0.969341 0.009884 0.002085 0.993280 -0.002113 -0.009978 -0.969099 -0.009978 -0.002113 0.000000 
5.000000e-01 5.000000e-01 4.999840e-03 5.000000e-01 5.000000e-01 1.515041e+00 -0.993280 0.002085 0.009884 0.969341 0.009884 0.002085 0.993280 -0.002113 -0.009978 -0.969099 -0.009978 -0.002113 0.000000 
5.000000e-01 5.000000e-01 4.999840e-03 5.000000e-01 5.000000e-01 1.515041e+00 -0.993280 0.002085 0.009884 0.969341 0.009884 0.002085 0.993280 -0.002113 -0.009978 -0.969099 -0.009978 -0.002113 0.000000 
5.000000e-01 5.000000e-01 4.999840e-03 5.000000e-01 5.000000e-01 1.515041e+00 -0.993280 0.002085 0.009884 0.969341 0.009884 0.002085 0.993280 -0.002113 -0.009978 -0.969099 -0.009978 -0.002113 0.000000 
5.000000e-01 5.000000e-01 4.999840e-03 5.000000e-01 5.000000e-01 1.515041e+00 -0.993280 0.002085 0.009884 0.969341 0.009884 0.002085 0.993280 -0.002113 -0.009978 -0.969099 -0.009978 -0.002113 0.000000 
5.000000e-01 5.000000e-01 4.999840e-03 5.000000e-01 5.000000e-01 1.515041e+00 -0.993280 0.002085 0.009884 0.969341 0.009884 0.002085 0.993280 -0.002113 -0.009978 -0.969099 -0.009978 -0.002113 0.000000 
5.000000e-01 5.000000e-01 4.999840e-03 5.000000e-01 5.000000e-01 1.515041e+00 -0.993280 0.002085 0.009884 0.969341 0.009884 0.002085 0.993280 -0.002113 -0.009978 -0.969099 -0.009978 -0.002113 0.000000 
5.000000e-01 5.000000e-01 4.999840e-03 5.000000e-01 5.000000e-01 1.515041e+00 -0.993280 0.002085 0.009884 0.969341 0.009884 0.002085 0.993280 -0.002113 -0.009978 -0.969099 -0.009978 -0.002113 0.000000 
5.000000e-01 5.000000e-01 4.999840e-03 5.000000e-01 5.000000e-01 1.515041e+00 -0.993280 0.002085 0.009884 0.969341 0.009884 0.002085 0.993280 -0.002113 -0.009978 -0.969099 -0.009978 -0.002113 0.000000 
5.000000e-01 5.000000e-01 4.999840e-03 5.000000e-01 5.000000e-01 1.515041e+00 -0.993280 0.002085 0.009884 0.969341 0.009884 0.002085 0.993280 -0.002113 -0.009978 -0.969099 -0.009978 -0.002113 0.000000 
5.000000e-01 5.000000e-01 4.999840e-03 5.000000e-01 5.000000e-01 1.515041e+00 -0.993280 0.002085 0.009884 0.969341 0.009884 0.002085 0.993280 -0.002113 -0.009978 -0.969099 -0.009978 -0.002113 0.000000 
5.000000e-01 5.000000e-01 4.999840e-03 5.000000e-01 5.000000e-01 1.515041e+00 -0.993280 0.002085 0.009884 0.969341 0.009884 0.002085 0.993280 -0.002113 -0.009978 -0.969099 -0.009978 -0.002113 0.000000 
5.000000e-01 5.000000e-01 4.999840e-03 5.000000e-01 5.000000e-01 1.515041e+00 -0.993280 0.002085 0.009884 0.969341 0.009884 0.002085 0.993280 -0.002113 -0.009978 -0.969099 -0.009978 -0.002113 0.000000 
5.000000e-01 5.000000e-01 4.999840e-03 5.000000e-01 5.000000e-01 1.515041e+00 -0.993280 0.002085 0.009884 0.969341 0.009884 0.002085 0.993280 -0.002113 -0.009978 -0.969099 -0.009978 -0.002113 0.000000 
5.000000e-01 5.000000e-01 4.999840e-03 5.000000e-01 5.000000e-01 1.515041e+00 -0.993280 0.002085 0.009884 0.969341 0.009884 0.002085 0.993280 -0.002113 -0.009978 -0.969099 -0.009978 -0.002113 0.000000 
5.000000e-01 5.000000e-01 4.999840e-03 5.000000e-01 5.000000e-01 1.515041e+00 -0.993280 0.002085 0.009884 0.969341 0.009884 0.002085 0.993280 -0.002113 -0.009978 -0.969099 -0.009978 -0.002113 0.000000 
5.000000e-01 5.000000e-01 4.999840e-03 5.000000e-01 5.000000e-01 1.515041e+00 -0.993280 0.002085 0.009884 0.969341 0.009884 0.002085 0.993280 -0.002113 -0.009978 -0.969099 -0.009978 -0.002113 0.000000 
5.000000e-01 5.000000e-01 4.999840e-03 5.000000e-01 5.000000e-01 1.515041e+00 -0.993280 0.002085 0.009884 0.969341 0.009884 0.002085 0.993280 -0.002113 -0.009978 -0.969099 -0.009978 -0.002113 0.000000 
5.000000e-01 5.000000e-01 4.999840e-03 5.000000e-01 5.000000e-01 1.515041e+00 -0.993280 0.002085 0.009884 0.969341 0.009884 0.002085 0.993280 -0.002113 -0.009978 -0.969099 -0.009978 -0.002113 0.000000 
5.000000e-01 5.000000e-01 4.999840e-03 5.000000e-01 5.000000e-01 1.515041e+00 -0.993280 0.002085 0.009884 0.969341 0.009884 0.002085 0.993280 -0.002113 -0.009978 -0.969099 -0.009978 -0.002113 0.000000 
