# TeX TeY TeZ ThX ThY THZ P1 P2
5.000000e-01 5.000000e-01 1.150000e+00 5.000000e-01 5.000000e-01 1.150000e+00 0.000000 0.000000 0.000000 0.000000 0.000000 0.000000 0.000000 0.000000 0.000000 0.000000 0.000000 0.000000 0.000000 
5.000000e-01 5.000000e-01 1.140475e+00 5.000000e-01 5.000000e-01 1.157503e+00 -0.011176 -0.000686 0.002748 0.007052 0.002748 -0.000686 0.011176 -0.002015 -0.002374 -0.002397 -0.002374 -0.002015 0.000000 
5.000000e-01 5.000000e-01 1.130888e+00 5.000000e-01 5.000000e-01 1.164983e+00 -0.022376 -0.001342 0.005501 0.014058 0.005501 -0.001342 0.022376 -0.004035 -0.004753 -0.004801 -0.004753 -0.004035 0.000000 
5.000000e-01 5.000000e-01 1.121242e+00 5.000000e-01 5.000000e-01 1.172438e+00 -0.033600 -0.001970 0.008255 0.021031 0.008255 -0.001970 0.033600 -0.006058 -0.007137 -0.007210 -0.007137 -0.006058 0.000000 
5.000000e-01 5.000000e-01 1.111535e+00 5.000000e-01 5.000000e-01 1.179869e+00 -0.044847 -0.002575 0.011007 0.027984 0.011007 -0.002575 0.044847 -0.008085 -0.009526 -0.009624 -0.009526 -0.008085 0.000000 
5.000000e-01 5.000000e-01 1.101769e+00 5.000000e-01 5.000000e-01 1.187276e+00 -0.056118 -0.003185 0.013747 0.034994 0.013747 -0.003185 0.056118 -0.010116 -0.011921 -0.012045 -0.011921 -0.010116 0.000000 
5.000000e-01 5.000000e-01 1.091944e+00 5.000000e-01 5.000000e-01 1.194657e+00 -0.067410 -0.003778 0.016476 0.042016 0.016476 -0.003778 0.067410 -0.012150 -0.014320 -0.014471 -0.014320 -0.012150 0.000000 
5.000000e-01 5.000000e-01 1.082060e+00 5.000000e-01 5.000000e-01 1.202013e+00 -0.078725 -0.004358 0.019191 0.049058 0.019191 -0.004358 0.078725 -0.014187 -0.016724 -0.016903 -0.016724 -0.014187 0.000000 
5.000000e-01 5.000000e-01 1.072119e+00 5.000000e-01 5.000000e-01 1.209344e+00 -0.090060 -0.004934 0.021887 0.056153 0.021887 -0.004934 0.090060 -0.016226 -0.019134 -0.019340 -0.019134 -0.016226 0.000000 
5.000000e-01 5.000000e-01 1.062120e+00 5.000000e-01 5.000000e-01 1.216648e+00 -0.101416 -0.005528 0.024553 0.063366 0.024553 -0.005528 0.101416 -0.018269 -0.021547 -0.021784 -0.021547 -0.018269 0.000000 
5.000000e-01 5.000000e-01 1.052064e+00 5.000000e-01 5.000000e-01 1.223926e+00 -0.112793 -0.006118 0.027192 0.070644 0.027192 -0.006118 0.112793 -0.020314 -0.023966 -0.024233 -0.023966 -0.020314 0.000000 
5.000000e-01 5.000000e-01 1.041952e+00 5.000000e-01 5.000000e-01 1.231178e+00 -0.124189 -0.006707 0.029803 0.077997 0.029803 -0.006707 0.124189 -0.022361 -0.026389 -0.026689 -0.026389 -0.022361 0.000000 
5.000000e-01 5.000000e-01 1.031784e+00 5.000000e-01 5.000000e-01 1.238403e+00 -0.135604 -0.007319 0.032370 0.085502 0.032370 -0.007319 0.135604 -0.024410 -0.028816 -0.029151 -0.028816 -0.024410 0.000000 
5.000000e-01 5.000000e-01 1.021560e+00 5.000000e-01 5.000000e-01 1.245601e+00 -0.147038 -0.007953 0.034888 0.093169 0.034888 -0.007953 0.147038 -0.026461 -0.031248 -0.031618 -0.031248 -0.026461 0.000000 
5.000000e-01 5.000000e-01 1.011282e+00 5.000000e-01 5.000000e-01 1.252771e+00 -0.158489 -0.008595 0.037362 0.100956 0.037362 -0.008595 0.158489 -0.028514 -0.033685 -0.034092 -0.033685 -0.028514 0.000000 
5.000000e-01 5.000000e-01 1.000949e+00 5.000000e-01 5.000000e-01 1.259913e+00 -0.169959 -0.009248 0.039789 0.108876 0.039789 -0.009248 0.169959 -0.030568 -0.036125 -0.036572 -0.036125 -0.030568 0.000000 
5.000000e-01 5.000000e-01 9.905620e-01 5.000000e-01 5.000000e-01 1.267027e+00 -0.181445 -0.009955 0.042129 0.117096 0.042129 -0.009955 0.181445 -0.032622 -0.038570 -0.039059 -0.038570 -0.032622 0.000000 
5.000000e-01 5.000000e-01 9.801215e-01 5.000000e-01 5.000000e-01 1.274112e+00 -0.192947 -0.010678 0.044407 0.125489 0.044407 -0.010678 0.192947 -0.034678 -0.041019 -0.041553 -0.041019 -0.034678 0.000000 
5.000000e-01 5.000000e-01 9.696280e-01 5.000000e-01 5.000000e-01 1.281169e+00 -0.204465 -0.011416 0.046619 0.134058 0.046619 -0.011416 0.204466 -0.036734 -0.043473 -0.044053 -0.043473 -0.036734 0.000000 
5.000000e-01 5.000000e-01 9.590820e-01 5.000000e-01 5.000000e-01 1.288196e+00 -0.215999 -0.012201 0.048730 0.142941 0.048730 -0.012201 0.215999 -0.038789 -0.045930 -0.046560 -0.045930 -0.038789 0.000000 
5.000000e-01 5.000000e-01 9.484838e-01 5.000000e-01 5.000000e-01 1.295193e+00 -0.227548 -0.013026 0.050734 0.152132 0.050734 -0.013026 0.227548 -0.040845 -0.048392 -0.049075 -0.048392 -0.040845 0.000000 
5.000000e-01 5.000000e-01 9.378339e-01 5.000000e-01 5.000000e-01 1.302160e+00 -0.239110 -0.013874 0.052650 0.161559 0.052650 -0.013874 0.239110 -0.042899 -0.050857 -0.051597 -0.050857 -0.042899 0.000000 
5.000000e-01 5.000000e-01 9.271329e-01 5.000000e-01 5.000000e-01 1.309097e+00 -0.250687 -0.014759 0.054450 0.171304 0.054450 -0.014759 0.250687 -0.044953 -0.053327 -0.054127 -0.053327 -0.044953 0.000000 
5.000000e-01 5.000000e-01 9.163811e-01 5.000000e-01 5.000000e-01 1.316003e+00 -0.262276 -0.015707 0.056083 0.181523 0.056083 -0.015707 0.262277 -0.047006 -0.055800 -0.056665 -0.055800 -0.047006 0.000000 
5.000000e-01 5.000000e-01 9.055791e-01 5.000000e-01 5.000000e-01 1.322878e+00 -0.273879 -0.016680 0.057597 0.192043 0.057597 -0.016680 0.273879 -0.049056 -0.058278 -0.059211 -0.058278 -0.049056 0.000000 
5.000000e-01 5.000000e-01 8.947272e-01 5.000000e-01 5.000000e-01 1.329721e+00 -0.285493 -0.017683 0.058982 0.202895 0.058982 -0.017683 0.285494 -0.051104 -0.060759 -0.061766 -0.060759 -0.051104 0.000000 
5.000000e-01 5.000000e-01 8.838259e-01 5.000000e-01 5.000000e-01 1.336532e+00 -0.297120 -0.018764 0.060119 0.214410 0.060119 -0.018764 0.297120 -0.053150 -0.063245 -0.064330 -0.063245 -0.053150 0.000000 
5.000000e-01 5.000000e-01 8.728757e-01 5.000000e-01 5.000000e-01 1.343311e+00 -0.308758 -0.019871 0.061099 0.226301 0.061099 -0.019871 0.308758 -0.055193 -0.065734 -0.066904 -0.065734 -0.055193 0.000000 
5.000000e-01 5.000000e-01 8.618769e-01 5.000000e-01 5.000000e-01 1.350057e+00 -0.320406 -0.021005 0.061927 0.238562 0.061927 -0.021005 0.320406 -0.057231 -0.068228 -0.069488 -0.068228 -0.057231 0.000000 
5.000000e-01 5.000000e-01 8.508301e-01 5.000000e-01 5.000000e-01 1.356770e+00 -0.332065 -0.022222 0.062412 0.251685 0.062412 -0.022222 0.332065 -0.059266 -0.070725 -0.072082 -0.070725 -0.059266 0.000000 
5.000000e-01 5.000000e-01 8.397355e-01 5.000000e-01 5.000000e-01 1.363449e+00 -0.343734 -0.023465 0.062695 0.265274 0.062695 -0.023465 0.343734 -0.061296 -0.073227 -0.074688 -0.073227 -0.061296 0.000000 
5.000000e-01 5.000000e-01 8.285938e-01 5.000000e-01 5.000000e-01 1.370094e+00 -0.355412 -0.024732 0.062785 0.279306 0.062785 -0.024732 0.355412 -0.063319 -0.075733 -0.077307 -0.075733 -0.063319 0.000000 
5.000000e-01 5.000000e-01 8.174052e-01 5.000000e-01 5.000000e-01 1.376705e+00 -0.367100 -0.026082 0.062427 0.294409 0.062427 -0.026082 0.367100 -0.065337 -0.078244 -0.079938 -0.078244 -0.065337 0.000000 
5.000000e-01 5.000000e-01 8.061702e-01 5.000000e-01 5.000000e-01 1.383281e+00 -0.378796 -0.027455 0.061816 0.310074 0.061816 -0.027455 0.378796 -0.067348 -0.080759 -0.082583 -0.080759 -0.067348 0.000000 
5.000000e-01 5.000000e-01 7.948891e-01 5.000000e-01 5.000000e-01 1.389822e+00 -0.390501 -0.028854 0.060954 0.326300 0.060954 -0.028854 0.390501 -0.069351 -0.083278 -0.085242 -0.083278 -0.069351 0.000000 
5.000000e-01 5.000000e-01 7.835625e-01 5.000000e-01 5.000000e-01 1.396328e+00 -0.402215 -0.030329 0.059520 0.343834 0.059520 -0.030329 0.402215 -0.071346 -0.085802 -0.087917 -0.085802 -0.071346 0.000000 
5.000000e-01 5.000000e-01 7.721907e-01 5.000000e-01 5.000000e-01 1.402797e+00 -0.413936 -0.031823 0.057791 0.361999 0.057791 -0.031823 0.413937 -0.073332 -0.088331 -0.090609 -0.088331 -0.073332 0.000000 
5.000000e-01 5.000000e-01 7.607741e-01 5.000000e-01 5.000000e-01 1.409231e+00 -0.425666 -0.033346 0.055697 0.380963 0.055697 -0.033346 0.425666 -0.075308 -0.090865 -0.093318 -0.090865 -0.075308 0.000000 
5.000000e-01 5.000000e-01 7.493131e-01 5.000000e-01 5.000000e-01 1.415628e+00 -0.437404 -0.034929 0.052951 0.401361 0.052951 -0.034929 0.437404 -0.077273 -0.093405 -0.096047 -0.093405 -0.077273 0.000000 
5.000000e-01 5.000000e-01 7.378081e-01 5.000000e-01 5.000000e-01 1.421989e+00 -0.449150 -0.036524 0.049872 0.422453 0.049872 -0.036524 0.449150 -0.079225 -0.095951 -0.098798 -0.095951 -0.079225 0.000000 
5.000000e-01 5.000000e-01 7.262595e-01 5.000000e-01 5.000000e-01 1.428313e+00 -0.460904 -0.038156 0.046238 0.444739 0.046238 -0.038156 0.460904 -0.081164 -0.098502 -0.101572 -0.098502 -0.081164 0.000000 
5.000000e-01 5.000000e-01 7.146676e-01 5.000000e-01 5.000000e-01 1.434599e+00 -0.472667 -0.039826 0.041953 0.468413 0.041953 -0.039826 0.472667 -0.083088 -0.101060 -0.104369 -0.101060 -0.083088 0.000000 
5.000000e-01 5.000000e-01 7.030329e-01 5.000000e-01 5.000000e-01 1.440849e+00 -0.484436 -0.041503 0.037318 0.492806 0.037318 -0.041503 0.484436 -0.084997 -0.103625 -0.107193 -0.103625 -0.084997 0.000000 
5.000000e-01 5.000000e-01 6.913557e-01 5.000000e-01 5.000000e-01 1.447060e+00 -0.496216 -0.043225 0.031853 0.518961 0.031853 -0.043225 0.496216 -0.086890 -0.106196 -0.110044 -0.106196 -0.086890 0.000000 
5.000000e-01 5.000000e-01 6.796363e-01 5.000000e-01 5.000000e-01 1.453234e+00 -0.508004 -0.044959 0.025875 0.546172 0.025875 -0.044959 0.508004 -0.088763 -0.108775 -0.112927 -0.108775 -0.088763 0.000000 
5.000000e-01 5.000000e-01 6.678752e-01 5.000000e-01 5.000000e-01 1.459370e+00 -0.519800 -0.046700 0.019443 0.574313 0.019443 -0.046700 0.519800 -0.090615 -0.111362 -0.115845 -0.111362 -0.090615 0.000000 
5.000000e-01 5.000000e-01 6.560728e-01 5.000000e-01 5.000000e-01 1.465468e+00 -0.531608 -0.048477 0.012090 0.604381 0.012090 -0.048477 0.531608 -0.092445 -0.113959 -0.118800 -0.113959 -0.092445 0.000000 
5.000000e-01 5.000000e-01 6.442293e-01 5.000000e-01 5.000000e-01 1.471528e+00 -0.543421 -0.050247 0.004417 0.635082 0.004417 -0.050247 0.543422 -0.094251 -0.116563 -0.121793 -0.116563 -0.094251 0.000000 
5.000000e-01 5.000000e-01 6.323452e-01 5.000000e-01 5.000000e-01 1.477548e+00 -0.555246 -0.052036 -0.003987 0.667292 -0.003987 -0.052036 0.555246 -0.096032 -0.119176 -0.124828 -0.119176 -0.096032 0.000000 
5.000000e-01 5.000000e-01 6.204207e-01 5.000000e-01 5.000000e-01 1.483530e+00 -0.567078 -0.053826 -0.012903 0.700536 -0.012903 -0.053826 0.567078 -0.097786 -0.121799 -0.127908 -0.121799 -0.097786 0.000000 
5.000000e-01 5.000000e-01 6.084563e-01 5.000000e-01 5.000000e-01 1.489472e+00 -0.578915 -0.055608 -0.022144 0.734421 -0.022144 -0.055608 0.578915 -0.099505 -0.124432 -0.131041 -0.124432 -0.099505 0.000000 
5.000000e-01 5.000000e-01 5.964522e-01 5.000000e-01 5.000000e-01 1.495374e+00 -0.590762 -0.057399 -0.032062 0.769684 -0.032062 -0.057399 0.590762 -0.101190 -0.127076 -0.134229 -0.127076 -0.101190 0.000000 
5.000000e-01 5.000000e-01 5.844089e-01 5.000000e-01 5.000000e-01 1.501234e+00 -0.602609 -0.059169 -0.042095 0.805137 -0.042095 -0.059169 0.602610 -0.102838 -0.129729 -0.137475 -0.129729 -0.102838 0.000000 
5.000000e-01 5.000000e-01 5.723267e-01 5.000000e-01 5.000000e-01 1.507052e+00 -0.614461 -0.060930 -0.052513 0.841348 -0.052513 -0.060930 0.614461 -0.104447 -0.132393 -0.140782 -0.132393 -0.104447 0.000000 
5.000000e-01 5.000000e-01 5.602058e-01 5.000000e-01 5.000000e-01 1.512838e+00 -0.626320 -0.062674 -0.063017 0.877704 -0.063017 -0.062674 0.626320 -0.106014 -0.135068 -0.144157 -0.135068 -0.106014 0.000000 
5.000000e-01 5.000000e-01 5.480467e-01 5.000000e-01 5.000000e-01 1.515105e+00 -0.635831 -0.062502 -0.066156 0.893147 -0.066156 -0.062502 0.635831 -0.107100 -0.137257 -0.147116 -0.137257 -0.107100 0.000000 
5.000000e-01 5.000000e-01 5.358496e-01 5.000000e-01 5.000000e-01 1.515105e+00 -0.643837 -0.061087 -0.064446 0.894905 -0.064446 -0.061087 0.643837 -0.107861 -0.139138 -0.149838 -0.139138 -0.107861 0.000000 
5.000000e-01 5.000000e-01 5.236149e-01 5.000000e-01 5.000000e-01 1.515105e+00 -0.651868 -0.059666 -0.062732 0.896664 -0.062732 -0.059666 0.651868 -0.108572 -0.141036 -0.152652 -0.141036 -0.108572 0.000000 
5.000000e-01 5.000000e-01 5.113429e-01 5.000000e-01 5.000000e-01 1.515105e+00 -0.659923 -0.058236 -0.061014 0.898424 -0.061014 -0.058236 0.659923 -0.109227 -0.142951 -0.155567 -0.142951 -0.109227 0.000000 
5.000000e-01 5.000000e-01 4.990339e-01 5.000000e-01 5.000000e-01 1.515105e+00 -0.668003 -0.056800 -0.059291 0.900185 -0.059291 -0.056800 0.668003 -0.109819 -0.144883 -0.158598 -0.144883 -0.109819 0.000000 
5.000000e-01 5.000000e-01 4.866882e-01 5.000000e-01 5.000000e-01 1.515105e+00 -0.676106 -0.055356 -0.057564 0.901948 -0.057564 -0.055356 0.676106 -0.110340 -0.146833 -0.161760 -0.146833 -0.110340 0.000000 
5.000000e-01 5.000000e-01 4.743062e-01 5.000000e-01 5.000000e-01 1.515105e+00 -0.684233 -0.053906 -0.055833 0.903712 -0.055833 -0.053906 0.684233 -0.110791 -0.148799 -0.165054 -0.148799 -0.110791 0.000000 
5.000000e-01 5.000000e-01 4.618882e-01 5.000000e-01 5.000000e-01 1.515105e+00 -0.692384 -0.052449 -0.054098 0.905479 -0.054098 -0.052449 0.692384 -0.111165 -0.150782 -0.168491 -0.150782 -0.111165 0.000000 
5.000000e-01 5.000000e-01 4.494343e-01 5.000000e-01 5.000000e-01 1.515105e+00 -0.700558 -0.050986 -0.052358 0.907247 -0.052358 -0.050986 0.700558 -0.111453 -0.152780 -0.172091 -0.152780 -0.111453 0.000000 
5.000000e-01 5.000000e-01 4.369451e-01 5.000000e-01 5.000000e-01 1.515105e+00 -0.708756 -0.049517 -0.050614 0.909018 -0.050614 -0.049517 0.708756 -0.111641 -0.154795 -0.175885 -0.154795 -0.111641 0.000000 
5.000000e-01 5.000000e-01 4.244207e-01 5.000000e-01 5.000000e-01 1.515105e+00 -0.716976 -0.048041 -0.048866 0.910791 -0.048866 -0.048041 0.716976 -0.111731 -0.156822 -0.179871 -0.156822 -0.111731 0.000000 
5.000000e-01 5.000000e-01 4.118614e-01 5.000000e-01 5.000000e-01 1.515105e+00 -0.725219 -0.046560 -0.047113 0.912567 -0.047113 -0.046560 0.725219 -0.111716 -0.158860 -0.184066 -0.158860 -0.111716 0.000000 
5.000000e-01 5.000000e-01 3.992676e-01 5.000000e-01 5.000000e-01 1.515105e+00 -0.733485 -0.045074 -0.045357 0.914345 -0.045357 -0.045074 0.733485 -0.111584 -0.160907 -0.188502 -0.160907 -0.111584 0.000000 
5.000000e-01 5.000000e-01 3.866395e-01 5.000000e-01 5.000000e-01 1.515105e+00 -0.741773 -0.043581 -0.043595 0.916126 -0.043595 -0.043581 0.741773 -0.111315 -0.162959 -0.193224 -0.162959 -0.111315 0.000000 
5.000000e-01 5.000000e-01 3.739774e-01 5.000000e-01 5.000000e-01 1.515105e+00 -0.750083 -0.042084 -0.041830 0.917910 -0.041830 -0.042084 0.750083 -0.110915 -0.165011 -0.198232 -0.165011 -0.110915 0.000000 
5.000000e-01 5.000000e-01 3.612816e-01 5.000000e-01 5.000000e-01 1.515105e+00 -0.758415 -0.040581 -0.040060 0.919697 -0.040060 -0.040581 0.758415 -0.110374 -0.167057 -0.203552 -0.167057 -0.110374 0.000000 
5.000000e-01 5.000000e-01 3.485524e-01 5.000000e-01 5.000000e-01 1.515105e+00 -0.766769 -0.039073 -0.038287 0.921487 -0.038287 -0.039073 0.766769 -0.109669 -0.169089 -0.209254 -0.169089 -0.109669 0.000000 
5.000000e-01 5.000000e-01 3.357900e-01 5.000000e-01 5.000000e-01 1.515105e+00 -0.775144 -0.037560 -0.036509 0.923281 -0.036509 -0.037560 0.775144 -0.108788 -0.171095 -0.215378 -0.171095 -0.108788 0.000000 
5.000000e-01 5.000000e-01 3.229947e-01 5.000000e-01 5.000000e-01 1.515105e+00 -0.783541 -0.036042 -0.034726 0.925077 -0.034726 -0.036042 0.783541 -0.107734 -0.173067 -0.221938 -0.173067 -0.107734 0.000000 
5.000000e-01 5.000000e-01 3.101668e-01 5.000000e-01 5.000000e-01 1.515105e+00 -0.791959 -0.034519 -0.032940 0.926877 -0.032940 -0.034519 0.791959 -0.106496 -0.174991 -0.228984 -0.174991 -0.106496 0.000000 
5.000000e-01 5.000000e-01 2.973066e-01 5.000000e-01 5.000000e-01 1.515105e+00 -0.800398 -0.032991 -0.031149 0.928679 -0.031149 -0.032991 0.800399 -0.105029 -0.176836 -0.236668 -0.176836 -0.105029 0.000000 
5.000000e-01 5.000000e-01 2.844142e-01 5.000000e-01 5.000000e-01 1.515105e+00 -0.808859 -0.031459 -0.029354 0.930486 -0.029354 -0.031459 0.808859 -0.103350 -0.178589 -0.244981 -0.178589 -0.103350 0.000000 
5.000000e-01 5.000000e-01 2.714899e-01 5.000000e-01 5.000000e-01 1.515105e+00 -0.817339 -0.029923 -0.027555 0.932296 -0.027555 -0.029923 0.817340 -0.101451 -0.180224 -0.253990 -0.180224 -0.101451 0.000000 
5.000000e-01 5.000000e-01 2.585341e-01 5.000000e-01 5.000000e-01 1.515105e+00 -0.825841 -0.028382 -0.025752 0.934109 -0.025752 -0.028382 0.825841 -0.099297 -0.181695 -0.263858 -0.181695 -0.099297 0.000000 
5.000000e-01 5.000000e-01 2.455468e-01 5.000000e-01 5.000000e-01 1.515105e+00 -0.834363 -0.026837 -0.023944 0.935926 -0.023944 -0.026837 0.834363 -0.096875 -0.182952 -0.274711 -0.182952 -0.096875 0.000000 
5.000000e-01 5.000000e-01 2.325283e-01 5.000000e-01 5.000000e-01 1.515105e+00 -0.842906 -0.025287 -0.022133 0.937746 -0.022133 -0.025287 0.842906 -0.094195 -0.183962 -0.286592 -0.183962 -0.094195 0.000000 
5.000000e-01 5.000000e-01 2.194788e-01 5.000000e-01 5.000000e-01 1.515105e+00 -0.851469 -0.023733 -0.020317 0.939570 -0.020317 -0.023733 0.851469 -0.091239 -0.184656 -0.299678 -0.184656 -0.091239 0.000000 
5.000000e-01 5.000000e-01 2.063985e-01 5.000000e-01 5.000000e-01 1.515105e+00 -0.860052 -0.022175 -0.018497 0.941398 -0.018497 -0.022175 0.860052 -0.087961 -0.184903 -0.314324 -0.184903 -0.087961 0.000000 
5.000000e-01 5.000000e-01 1.932874e-01 5.000000e-01 5.000000e-01 1.515105e+00 -0.868657 -0.020613 -0.016673 0.943229 -0.016673 -0.020613 0.868657 -0.084396 -0.184664 -0.330537 -0.184664 -0.084396 0.000000 
5.000000e-01 5.000000e-01 1.801457e-01 5.000000e-01 5.000000e-01 1.515105e+00 -0.877282 -0.019047 -0.014844 0.945064 -0.014844 -0.019047 0.877282 -0.080535 -0.183836 -0.348539 -0.183836 -0.080535 0.000000 
5.000000e-01 5.000000e-01 1.669733e-01 5.000000e-01 5.000000e-01 1.515105e+00 -0.885929 -0.017476 -0.013011 0.946904 -0.013011 -0.017476 0.885929 -0.076320 -0.182138 -0.369013 -0.182138 -0.076320 0.000000 
5.000000e-01 5.000000e-01 1.537700e-01 5.000000e-01 5.000000e-01 1.515105e+00 -0.894599 -0.015901 -0.011174 0.948748 -0.011174 -0.015901 0.894599 -0.071798 -0.179521 -0.391963 -0.179521 -0.071798 0.000000 
5.000000e-01 5.000000e-01 1.405355e-01 5.000000e-01 5.000000e-01 1.515105e+00 -0.903293 -0.014321 -0.009331 0.950597 -0.009331 -0.014321 0.903293 -0.066970 -0.175809 -0.417737 -0.175809 -0.066970 0.000000 
5.000000e-01 5.000000e-01 1.272693e-01 5.000000e-01 5.000000e-01 1.515105e+00 -0.912014 -0.012736 -0.007483 0.952451 -0.007483 -0.012736 0.912014 -0.061790 -0.170537 -0.447359 -0.170537 -0.061790 0.000000 
5.000000e-01 5.000000e-01 1.139706e-01 5.000000e-01 5.000000e-01 1.515105e+00 -0.920763 -0.011145 -0.005628 0.954310 -0.005628 -0.011145 0.920763 -0.056302 -0.163588 -0.480983 -0.163588 -0.056302 0.000000 
5.000000e-01 5.000000e-01 1.006381e-01 5.000000e-01 5.000000e-01 1.515105e+00 -0.929546 -0.009548 -0.003767 0.956177 -0.003767 -0.009548 0.929546 -0.050522 -0.154723 -0.519055 -0.154723 -0.050522 0.000000 
5.000000e-01 5.000000e-01 8.727007e-02 5.000000e-01 5.000000e-01 1.515105e+00 -0.938369 -0.007944 -0.001897 0.958052 -0.001897 -0.007944 0.938369 -0.044419 -0.143234 -0.563065 -0.143234 -0.044419 0.000000 
5.000000e-01 5.000000e-01 7.386455e-02 5.000000e-01 5.000000e-01 1.515105e+00 -0.947239 -0.006331 -0.000017 0.959936 -0.000017 -0.006331 0.947239 -0.038039 -0.129038 -0.613084 -0.129038 -0.038039 0.000000 
5.000000e-01 5.000000e-01 6.041908e-02 5.000000e-01 5.000000e-01 1.515105e+00 -0.956162 -0.004708 0.001873 0.961832 0.001873 -0.004708 0.956162 -0.031410 -0.111960 -0.669421 -0.111960 -0.031410 0.000000 
5.000000e-01 5.000000e-01 4.693156e-02 5.000000e-01 5.000000e-01 1.515105e+00 -0.965151 -0.003074 0.003778 0.963742 0.003778 -0.003074 0.965151 -0.024517 -0.091288 -0.733541 -0.091288 -0.024517 0.000000 
5.000000e-01 5.000000e-01 3.340094e-02 5.000000e-01 5.000000e-01 1.515105e+00 -0.974206 -0.001427 0.005697 0.965665 0.005697 -0.001427 0.974206 -0.017422 -0.067546 -0.804270 -0.067546 -0.017422 0.000000 
5.000000e-01 5.000000e-01 1.982844e-02 5.000000e-01 5.000000e-01 1.515105e+00 -0.983325 0.000232 0.007629 0.967602 0.007629 0.000232 0.983325 -0.010166 -0.041142 -0.880711 -0.041142 -0.010166 0.000000 
5.000000e-01 5.000000e-01 6.220184e-03 5.000000e-01 5.000000e-01 1.515105e+00 -0.992500 0.001901 0.009573 0.969551 0.009573 0.001901 0.992500 -0.002785 -0.012595 -0.961740 -0.012595 -0.002785 0.000000 
5.000000e-01 5.000000e-01 4.999638e-03 5.000000e-01 5.000000e-01 1.515105e+00 -0.993323 0.002051 0.009748 0.969726 0.009748 0.002051 0.993323 -0.002120 -0.009986 -0.969109 -0.009986 -0.002120 0.000000 
5.000000e-01 5.000000e-01 4.999638e-03 5.000000e-01 5.000000e-01 1.515105e+00 -0.993323 0.002051 0.009748 0.969726 0.009748 0.002051 0.993323 -0.002120 -0.009986 -0.969109 -0.009986 -0.002120 0.000000 
5.000000e-01 5.000000e-01 4.999638e-03 5.000000e-01 5.000000e-01 1.515105e+00 -0.993323 0.002051 0.009748 0.969726 0.009748 0.002051 0.993323 -0.002120 -0.009986 -0.969109 -0.009986 -0.002120 0.000000 
5.000000e-01 5.000000e-01 4.999638e-03 5.000000e-01 5.000000e-01 1.515105e+00 -0.993323 0.002051 0.009748 0.969726 0.009748 0.002051 0.993323 -0.002120 -0.009986 -0.969109 -0.009986 -0.002120 0.000000 
5.000000e-01 5.000000e-01 4.999638e-03 5.000000e-01 5.000000e-01 1.515105e+00 -0.993323 0.002051 0.009748 0.969726 0.009748 0.002051 0.993323 -0.002120 -0.009986 -0.969109 -0.009986 -0.002120 0.000000 
5.000000e-01 5.000000e-01 4.999638e-03 5.000000e-01 5.000000e-01 1.515105e+00 -0.993323 0.002051 0.009748 0.969726 0.009748 0.002051 0.993323 -0.002120 -0.009986 -0.969109 -0.009986 -0.002120 0.000000 
5.000000e-01 5.000000e-01 4.999638e-03 5.000000e-01 5.000000e-01 1.515105e+00 -0.993323 0.002051 0.009748 0.969726 0.009748 0.002051 0.993323 -0.002120 -0.009986 -0.969109 -0.009986 -0.002120 0.000000 
5.000000e-01 5.000000e-01 4.999638e-03 5.000000e-01 5.000000e-01 1.515105e+00 -0.993323 0.002051 0.009748 0.969726 0.009748 0.002051 0.993323 -0.002120 -0.009986 -0.969109 -0.009986 -0.002120 0.000000 
5.000000e-01 5.000000e-01 4.999638e-03 5.000000e-01 5.000000e-01 1.515105e+00 -0.993323 0.002051 0.009748 0.969726 0.009748 0.002051 0.993323 -0.002120 -0.009986 -0.969109 -0.009986 -0.002120 0.000000 
5.000000e-01 5.000000e-01 4.999638e-03 5.000000e-01 5.000000e-01 1.515105e+00 -0.993323 0.002051 0.009748 0.969726 0.009748 0.002051 0.993323 -0.002120 -0.009986 -0.969109 -0.009986 -0.002120 0.000000 
5.000000e-01 5.000000e-01 4.999638e-03 5.000000e-01 5.000000e-01 1.515105e+00 -0.993323 0.002051 0.009748 0.969726 0.009748 0.002051 0.993323 -0.002120 -0.009986 -0.969109 -0.009986 -0.002120 0.000000 
5.000000e-01 5.000000e-01 4.999638e-03 5.000000e-01 5.000000e-01 1.515105e+00 -0.993323 0.002051 0.009748 0.969726 0.009748 0.002051 0.993323 -0.002120 -0.009986 -0.969109 -0.009986 -0.002120 0.000000 
5.000000e-01 5.000000e-01 4.999638e-03 5.000000e-01 5.000000e-01 1.515105e+00 -0.993323 0.002051 0.009748 0.969726 0.009748 0.002051 0.993323 -0.002120 -0.009986 -0.969109 -0.009986 -0.002120 0.000000 
5.000000e-01 5.000000e-01 4.999638e-03 5.000000e-01 5.000000e-01 1.515105e+00 -0.993323 0.002051 0.009748 0.969726 0.009748 0.002051 0.993323 -0.002120 -0.009986 -0.969109 -0.009986 -0.002120 0.000000 
5.000000e-01 5.000000e-01 4.999638e-03 5.000000e-01 5.000000e-01 1.515105e+00 -0.993323 0.002051 0.009748 0.969726 0.009748 0.002051 0.993323 -0.002120 -0.009986 -0.969109 -0.009986 -0.002120 0.000000 
5.000000e-01 5.000000e-01 4.999638e-03 5.000000e-01 5.000000e-01 1.515105e+00 -0.993323 0.002051 0.009748 0.969726 0.009748 0.002051 0.993323 -0.002120 -0.009986 -0.969109 -0.009986 -0.002120 0.000000 
5.000000e-01 5.000000e-01 4.999638e-03 5.000000e-01 5.000000e-01 1.515105e+00 -0.993323 0.002051 0.009748 0.969726 0.009748 0.002051 0.993323 -0.002120 -0.009986 -0.969109 -0.009986 -0.002120 0.000000 
5.000000e-01 5.000000e-01 4.999638e-03 5.000000e-01 5.000000e-01 1.515105e+00 -0.993323 0.002051 0.009748 0.969726 0.009748 0.002051 0.993323 -0.002120 -0.009986 -0.969109 -0.009986 -0.002120 0.000000 
5.000000e-01 5.000000e-01 4.999638e-03 5.000000e-01 5.000000e-01 1.515105e+00 -0.993323 0.002051 0.009748 0.969726 0.009748 0.002051 0.993323 -0.002120 -0.009986 -0.969109 -0.009986 -0.002120 0.000000 
5.000000e-01 5.000000e-01 4.999638e-03 5.000000e-01 5.000000e-01 1.515105e+00 -0.993323 0.002051 0.009748 0.969726 0.009748 0.002051 0.993323 -0.002120 -0.009986 -0.969109 -0.009986 -0.002120 0.000000 
5.000000e-01 5.000000e-01 4.999638e-03 5.000000e-01 5.000000e-01 1.515105e+00 -0.993323 0.002051 0.009748 0.969726 0.009748 0.002051 0.993323 -0.002120 -0.009986 -0.969109 -0.009986 -0.002120 0.000000 
5.000000e-01 5.000000e-01 4.999638e-03 5.000000e-01 5.000000e-01 1.515105e+00 -0.993323 0.002051 0.009748 0.969726 0.009748 0.002051 0.993323 -0.002120 -0.009986 -0.969109 -0.009986 -0.002120 0.000000 
5.000000e-01 5.000000e-01 4.999638e-03 5.000000e-01 5.000000e-01 1.515105e+00 -0.993323 0.002051 0.009748 0.969726 0.009748 0.002051 0.993323 -0.002120 -0.009986 -0.969109 -0.009986 -0.002120 0.000000 
5.000000e-01 5.000000e-01 4.999638e-03 5.000000e-01 5.000000e-01 1.515105e+00 -0.993323 0.002051 0.009748 0.969726 0.009748 0.002051 0.993323 -0.002120 -0.009986 -0.969109 -0.009986 -0.002120 0.000000 
5.000000e-01 5.000000e-01 4.999638e-03 5.000000e-01 5.000000e-01 1.515105e+00 -0.993323 0.002051 0.009748 0.969726 0.009748 0.002051 0.993323 -0.002120 -0.009986 -0.969109 -0.009986 -0.002120 0.000000 
5.000000e-01 5.000000e-01 4.999638e-03 5.000000e-01 5.000000e-01 1.515105e+00 -0.993323 0.002051 0.009748 0.969726 0.009748 0.002051 0.993323 -0.002120 -0.009986 -0.969109 -0.009986 -0.002120 0.000000 
5.000000e-01 5.000000e-01 4.999638e-03 5.000000e-01 5.000000e-01 1.515105e+00 -0.993323 0.002051 0.009748 0.969726 0.009748 0.002051 0.993323 -0.002120 -0.009986 -0.969109 -0.009986 -0.002120 0.000000 
5.000000e-01 5.000000e-01 4.999638e-03 5.000000e-01 5.000000e-01 1.515105e+00 -0.993323 0.002051 0.009748 0.969726 0.009748 0.002051 0.993323 -0.002120 -0.009986 -0.969109 -0.009986 -0.002120 0.000000 
5.000000e-01 5.000000e-01 4.999638e-03 5.000000e-01 5.000000e-01 1.515105e+00 -0.993323 0.002051 0.009748 0.969726 0.009748 0.002051 0.993323 -0.002120 -0.009986 -0.969109 -0.009986 -0.002120 0.000000 
5.000000e-01 5.000000e-01 4.999638e-03 5.000000e-01 5.000000e-01 1.515105e+00 -0.993323 0.002051 0.009748 0.969726 0.009748 0.002051 0.993323 -0.002120 -0.009986 -0.969109 -0.009986 -0.002120 0.000000 
5.000000e-01 5.000000e-01 4.999638e-03 5.000000e-01 5.000000e-01 1.515105e+00 -0.993323 0.002051 0.009748 0.969726 0.009748 0.002051 0.993323 -0.002120 -0.009986 -0.969109 -0.009986 -0.002120 0.000000 
5.000000e-01 5.000000e-01 4.999638e-03 5.000000e-01 5.000000e-01 1.515105e+00 -0.993323 0.002051 0.009748 0.969726 0.009748 0.002051 0.993323 -0.002120 -0.009986 -0.969109 -0.009986 -0.002120 0.000000 
5.000000e-01 5.000000e-01 4.999638e-03 5.000000e-01 5.000000e-01 1.515105e+00 -0.993323 0.002051 0.009748 0.969726 0.009748 0.002051 0.993323 -0.002120 -0.009986 -0.969109 -0.009986 -0.002120 0.000000 
5.000000e-01 5.000000e-01 4.999638e-03 5.000000e-01 5.000000e-01 1.515105e+00 -0.993323 0.002051 0.009748 0.969726 0.009748 0.002051 0.993323 -0.002120 -0.009986 -0.969109 -0.009986 -0.002120 0.000000 
5.000000e-01 5.000000e-01 4.999638e-03 5.000000e-01 5.000000e-01 1.515105e+00 -0.993323 0.002051 0.009748 0.969726 0.009748 0.002051 0.993323 -0.002120 -0.009986 -0.969109 -0.009986 -0.002120 0.000000 
5.000000e-01 5.000000e-01 4.999638e-03 5.000000e-01 5.000000e-01 1.515105e+00 -0.993323 0.002051 0.009748 0.969726 0.009748 0.002051 0.993323 -0.002120 -0.009986 -0.969109 -0.009986 -0.002120 0.000000 
5.000000e-01 5.000000e-01 4.999638e-03 5.000000e-01 5.000000e-01 1.515105e+00 -0.993323 0.002051 0.009748 0.969726 0.009748 0.002051 0.993323 -0.002120 -0.009986 -0.969109 -0.009986 -0.002120 0.000000 
5.000000e-01 5.000000e-01 4.999638e-03 5.000000e-01 5.000000e-01 1.515105e+00 -0.993323 0.002051 0.009748 0.969726 0.009748 0.002051 0.993323 -0.002120 -0.009986 -0.969109 -0.009986 -0.002120 0.000000 
5.000000e-01 5.000000e-01 4.999638e-03 5.000000e-01 5.000000e-01 1.515105e+00 -0.993323 0.002051 0.009748 0.969726 0.009748 0.002051 0.993323 -0.002120 -0.009986 -0.969109 -0.009986 -0.002120 0.000000 
5.000000e-01 5.000000e-01 4.999638e-03 5.000000e-01 5.000000e-01 1.515105e+00 -0.993323 0.002051 0.009748 0.969726 0.009748 0.002051 0.993323 -0.002120 -0.009986 -0.969109 -0.009986 -0.002120 0.000000 
5.000000e-01 5.000000e-01 4.999638e-03 5.000000e-01 5.000000e-01 1.515105e+00 -0.993323 0.002051 0.009748 0.969726 0.009748 0.002051 0.993323 -0.002120 -0.009986 -0.969109 -0.009986 -0.002120 0.000000 
5.000000e-01 5.000000e-01 4.999638e-03 5.000000e-01 5.000000e-01 1.515105e+00 -0.993323 0.002051 0.009748 0.969726 0.009748 0.002051 0.993323 -0.002120 -0.009986 -0.969109 -0.009986 -0.002120 0.000000 
5.000000e-01 5.000000e-01 4.999638e-03 5.000000e-01 5.000000e-01 1.515105e+00 -0.993323 0.002051 0.009748 0.969726 0.009748 0.002051 0.993323 -0.002120 -0.009986 -0.969109 -0.009986 -0.002120 0.000000 
5.000000e-01 5.000000e-01 4.999638e-03 5.000000e-01 5.000000e-01 1.515105e+00 -0.993323 0.002051 0.009748 0.969726 0.009748 0.002051 0.993323 -0.002120 -0.009986 -0.969109 -0.009986 -0.002120 0.000000 
5.000000e-01 5.000000e-01 4.999638e-03 5.000000e-01 5.000000e-01 1.515105e+00 -0.993323 0.002051 0.009748 0.969726 0.009748 0.002051 0.993323 -0.002120 -0.009986 -0.969109 -0.009986 -0.002120 0.000000 
5.000000e-01 5.000000e-01 4.999638e-03 5.000000e-01 5.000000e-01 1.515105e+00 -0.993323 0.002051 0.009748 0.969726 0.009748 0.002051 0.993323 -0.002120 -0.009986 -0.969109 -0.009986 -0.002120 0.000000 
5.000000e-01 5.000000e-01 4.999638e-03 5.000000e-01 5.000000e-01 1.515105e+00 -0.993323 0.002051 0.009748 0.969726 0.009748 0.002051 0.993323 -0.002120 -0.009986 -0.969109 -0.009986 -0.002120 0.000000 
5.000000e-01 5.000000e-01 4.999638e-03 5.000000e-01 5.000000e-01 1.515105e+00 -0.993323 0.002051 0.009748 0.969726 0.009748 0.002051 0.993323 -0.002120 -0.009986 -0.969109 -0.009986 -0.002120 0.000000 
5.000000e-01 5.000000e-01 4.999638e-03 5.000000e-01 5.000000e-01 1.515105e+00 -0.993323 0.002051 0.009748 0.969726 0.009748 0.002051 0.993323 -0.002120 -0.009986 -0.969109 -0.009986 -0.002120 0.000000 
5.000000e-01 5.000000e-01 4.999638e-03 5.000000e-01 5.000000e-01 1.515105e+00 -0.993323 0.002051 0.009748 0.969726 0.009748 0.002051 0.993323 -0.002120 -0.009986 -0.969109 -0.009986 -0.002120 0.000000 
5.000000e-01 5.000000e-01 4.999638e-03 5.000000e-01 5.000000e-01 1.515105e+00 -0.993323 0.002051 0.009748 0.969726 0.009748 0.002051 0.993323 -0.002120 -0.009986 -0.969109 -0.009986 -0.002120 0.000000 
5.000000e-01 5.000000e-01 4.999638e-03 5.000000e-01 5.000000e-01 1.515105e+00 -0.993323 0.002051 0.009748 0.969726 0.009748 0.002051 0.993323 -0.002120 -0.009986 -0.969109 -0.009986 -0.002120 0.000000 
5.000000e-01 5.000000e-01 4.999638e-03 5.000000e-01 5.000000e-01 1.515105e+00 -0.993323 0.002051 0.009748 0.969726 0.009748 0.002051 0.993323 -0.002120 -0.009986 -0.969109 -0.009986 -0.002120 0.000000 
5.000000e-01 5.000000e-01 4.999638e-03 5.000000e-01 5.000000e-01 1.515105e+00 -0.993323 0.002051 0.009748 0.969726 0.009748 0.002051 0.993323 -0.002120 -0.009986 -0.969109 -0.009986 -0.002120 0.000000 
5.000000e-01 5.000000e-01 4.999638e-03 5.000000e-01 5.000000e-01 1.515105e+00 -0.993323 0.002051 0.009748 0.969726 0.009748 0.002051 0.993323 -0.002120 -0.009986 -0.969109 -0.009986 -0.002120 0.000000 
5.000000e-01 5.000000e-01 4.999638e-03 5.000000e-01 5.000000e-01 1.515105e+00 -0.993323 0.002051 0.009748 0.969726 0.009748 0.002051 0.993323 -0.002120 -0.009986 -0.969109 -0.009986 -0.002120 0.000000 
5.000000e-01 5.000000e-01 4.999638e-03 5.000000e-01 5.000000e-01 1.515105e+00 -0.993323 0.002051 0.009748 0.969726 0.009748 0.002051 0.993323 -0.002120 -0.009986 -0.969109 -0.009986 -0.002120 0.000000 
5.000000e-01 5.000000e-01 4.999638e-03 5.000000e-01 5.000000e-01 1.515105e+00 -0.993323 0.002051 0.009748 0.969726 0.009748 0.002051 0.993323 -0.002120 -0.009986 -0.969109 -0.009986 -0.002120 0.000000 
5.000000e-01 5.000000e-01 4.999638e-03 5.000000e-01 5.000000e-01 1.515105e+00 -0.993323 0.002051 0.009748 0.969726 0.009748 0.002051 0.993323 -0.002120 -0.009986 -0.969109 -0.009986 -0.002120 0.000000 
5.000000e-01 5.000000e-01 4.999638e-03 5.000000e-01 5.000000e-01 1.515105e+00 -0.993323 0.002051 0.009748 0.969726 0.009748 0.002051 0.993323 -0.002120 -0.009986 -0.969109 -0.009986 -0.002120 0.000000 
5.000000e-01 5.000000e-01 4.999638e-03 5.000000e-01 5.000000e-01 1.515105e+00 -0.993323 0.002051 0.009748 0.969726 0.009748 0.002051 0.993323 -0.002120 -0.009986 -0.969109 -0.009986 -0.002120 0.000000 
5.000000e-01 5.000000e-01 4.999638e-03 5.000000e-01 5.000000e-01 1.515105e+00 -0.993323 0.002051 0.009748 0.969726 0.009748 0.002051 0.993323 -0.002120 -0.009986 -0.969109 -0.009986 -0.002120 0.000000 
5.000000e-01 5.000000e-01 4.999638e-03 5.000000e-01 5.000000e-01 1.515105e+00 -0.993323 0.002051 0.009748 0.969726 0.009748 0.002051 0.993323 -0.002120 -0.009986 -0.969109 -0.009986 -0.002120 0.000000 
5.000000e-01 5.000000e-01 4.999638e-03 5.000000e-01 5.000000e-01 1.515105e+00 -0.993323 0.002051 0.009748 0.969726 0.009748 0.002051 0.993323 -0.002120 -0.009986 -0.969109 -0.009986 -0.002120 0.000000 
5.000000e-01 5.000000e-01 4.999638e-03 5.000000e-01 5.000000e-01 1.515105e+00 -0.993323 0.002051 0.009748 0.969726 0.009748 0.002051 0.993323 -0.002120 -0.009986 -0.969109 -0.009986 -0.002120 0.000000 
5.000000e-01 5.000000e-01 4.999638e-03 5.000000e-01 5.000000e-01 1.515105e+00 -0.993323 0.002051 0.009748 0.969726 0.009748 0.002051 0.993323 -0.002120 -0.009986 -0.969109 -0.009986 -0.002120 0.000000 
5.000000e-01 5.000000e-01 4.999638e-03 5.000000e-01 5.000000e-01 1.515105e+00 -0.993323 0.002051 0.009748 0.969726 0.009748 0.002051 0.993323 -0.002120 -0.009986 -0.969109 -0.009986 -0.002120 0.000000 
5.000000e-01 5.000000e-01 4.999638e-03 5.000000e-01 5.000000e-01 1.515105e+00 -0.993323 0.002051 0.009748 0.969726 0.009748 0.002051 0.993323 -0.002120 -0.009986 -0.969109 -0.009986 -0.002120 0.000000 
5.000000e-01 5.000000e-01 4.999638e-03 5.000000e-01 5.000000e-01 1.515105e+00 -0.993323 0.002051 0.009748 0.969726 0.009748 0.002051 0.993323 -0.002120 -0.009986 -0.969109 -0.009986 -0.002120 0.000000 
5.000000e-01 5.000000e-01 4.999638e-03 5.000000e-01 5.000000e-01 1.515105e+00 -0.993323 0.002051 0.009748 0.969726 0.009748 0.002051 0.993323 -0.002120 -0.009986 -0.969109 -0.009986 -0.002120 0.000000 
5.000000e-01 5.000000e-01 4.999638e-03 5.000000e-01 5.000000e-01 1.515105e+00 -0.993323 0.002051 0.009748 0.969726 0.009748 0.002051 0.993323 -0.002120 -0.009986 -0.969109 -0.009986 -0.002120 0.000000 
5.000000e-01 5.000000e-01 4.999638e-03 5.000000e-01 5.000000e-01 1.515105e+00 -0.993323 0.002051 0.009748 0.969726 0.009748 0.002051 0.993323 -0.002120 -0.009986 -0.969109 -0.009986 -0.002120 0.000000 
5.000000e-01 5.000000e-01 4.999638e-03 5.000000e-01 5.000000e-01 1.515105e+00 -0.993323 0.002051 0.009748 0.969726 0.009748 0.002051 0.993323 -0.002120 -0.009986 -0.969109 -0.009986 -0.002120 0.000000 
5.000000e-01 5.000000e-01 4.999638e-03 5.000000e-01 5.000000e-01 1.515105e+00 -0.993323 0.002051 0.009748 0.969726 0.009748 0.002051 0.993323 -0.002120 -0.009986 -0.969109 -0.009986 -0.002120 0.000000 
5.000000e-01 5.000000e-01 4.999638e-03 5.000000e-01 5.000000e-01 1.515105e+00 -0.993323 0.002051 0.009748 0.969726 0.009748 0.002051 0.993323 -0.002120 -0.009986 -0.969109 -0.009986 -0.002120 0.000000 
5.000000e-01 5.000000e-01 4.999638e-03 5.000000e-01 5.000000e-01 1.515105e+00 -0.993323 0.002051 0.009748 0.969726 0.009748 0.002051 0.993323 -0.002120 -0.009986 -0.969109 -0.009986 -0.002120 0.000000 
5.000000e-01 5.000000e-01 4.999638e-03 5.000000e-01 5.000000e-01 1.515105e+00 -0.993323 0.002051 0.009748 0.969726 0.009748 0.002051 0.993323 -0.002120 -0.009986 -0.969109 -0.009986 -0.002120 0.000000 
5.000000e-01 5.000000e-01 4.999638e-03 5.000000e-01 5.000000e-01 1.515105e+00 -0.993323 0.002051 0.009748 0.969726 0.009748 0.002051 0.993323 -0.002120 -0.009986 -0.969109 -0.009986 -0.002120 0.000000 
5.000000e-01 5.000000e-01 4.999638e-03 5.000000e-01 5.000000e-01 1.515105e+00 -0.993323 0.002051 0.009748 0.969726 0.009748 0.002051 0.993323 -0.002120 -0.009986 -0.969109 -0.009986 -0.002120 0.000000 
5.000000e-01 5.000000e-01 4.999638e-03 5.000000e-01 5.000000e-01 1.515105e+00 -0.993323 0.002051 0.009748 0.969726 0.009748 0.002051 0.993323 -0.002120 -0.009986 -0.969109 -0.009986 -0.002120 0.000000 
5.000000e-01 5.000000e-01 4.999638e-03 5.000000e-01 5.000000e-01 1.515105e+00 -0.993323 0.002051 0.009748 0.969726 0.009748 0.002051 0.993323 -0.002120 -0.009986 -0.969109 -0.009986 -0.002120 0.000000 
5.000000e-01 5.000000e-01 4.999638e-03 5.000000e-01 5.000000e-01 1.515105e+00 -0.993323 0.002051 0.009748 0.969726 0.009748 0.002051 0.993323 -0.002120 -0.009986 -0.969109 -0.009986 -0.002120 0.000000 
5.000000e-01 5.000000e-01 4.999638e-03 5.000000e-01 5.000000e-01 1.515105e+00 -0.993323 0.002051 0.009748 0.969726 0.009748 0.002051 0.993323 -0.002120 -0.009986 -0.969109 -0.009986 -0.002120 0.000000 
5.000000e-01 5.000000e-01 4.999638e-03 5.000000e-01 5.000000e-01 1.515105e+00 -0.993323 0.002051 0.009748 0.969726 0.009748 0.002051 0.993323 -0.002120 -0.009986 -0.969109 -0.009986 -0.002120 0.000000 
5.000000e-01 5.000000e-01 4.999638e-03 5.000000e-01 5.000000e-01 1.515105e+00 -0.993323 0.002051 0.009748 0.969726 0.009748 0.002051 0.993323 -0.002120 -0.009986 -0.969109 -0.009986 -0.002120 0.000000 
5.000000e-01 5.000000e-01 4.999638e-03 5.000000e-01 5.000000e-01 1.515105e+00 -0.993323 0.002051 0.009748 0.969726 0.009748 0.002051 0.993323 -0.002120 -0.009986 -0.969109 -0.009986 -0.002120 0.000000 
5.000000e-01 5.000000e-01 4.999638e-03 5.000000e-01 5.000000e-01 1.515105e+00 -0.993323 0.002051 0.009748 0.969726 0.009748 0.002051 0.993323 -0.002120 -0.009986 -0.969109 -0.009986 -0.002120 0.000000 
5.000000e-01 5.000000e-01 4.999638e-03 5.000000e-01 5.000000e-01 1.515105e+00 -0.993323 0.002051 0.009748 0.969726 0.009748 0.002051 0.993323 -0.002120 -0.009986 -0.969109 -0.009986 -0.002120 0.000000 
5.000000e-01 5.000000e-01 4.999638e-03 5.000000e-01 5.000000e-01 1.515105e+00 -0.993323 0.002051 0.009748 0.969726 0.009748 0.002051 0.993323 -0.002120 -0.009986 -0.969109 -0.009986 -0.002120 0.000000 
5.000000e-01 5.000000e-01 4.999638e-03 5.000000e-01 5.000000e-01 1.515105e+00 -0.993323 0.002051 0.009748 0.969726 0.009748 0.002051 0.993323 -0.002120 -0.009986 -0.969109 -0.009986 -0.002120 0.000000 
5.000000e-01 5.000000e-01 4.999638e-03 5.000000e-01 5.000000e-01 1.515105e+00 -0.993323 0.002051 0.009748 0.969726 0.009748 0.002051 0.993323 -0.002120 -0.009986 -0.969109 -0.009986 -0.002120 0.000000 
5.000000e-01 5.000000e-01 4.999638e-03 5.000000e-01 5.000000e-01 1.515105e+00 -0.993323 0.002051 0.009748 0.969726 0.009748 0.002051 0.993323 -0.002120 -0.009986 -0.969109 -0.009986 -0.002120 0.000000 
5.000000e-01 5.000000e-01 4.999638e-03 5.000000e-01 5.000000e-01 1.515105e+00 -0.993323 0.002051 0.009748 0.969726 0.009748 0.002051 0.993323 -0.002120 -0.009986 -0.969109 -0.009986 -0.002120 0.000000 
5.000000e-01 5.000000e-01 4.999638e-03 5.000000e-01 5.000000e-01 1.515105e+00 -0.993323 0.002051 0.009748 0.969726 0.009748 0.002051 0.993323 -0.002120 -0.009986 -0.969109 -0.009986 -0.002120 0.000000 
5.000000e-01 5.000000e-01 4.999638e-03 5.000000e-01 5.000000e-01 1.515105e+00 -0.993323 0.002051 0.009748 0.969726 0.009748 0.002051 0.993323 -0.002120 -0.009986 -0.969109 -0.009986 -0.002120 0.000000 
5.000000e-01 5.000000e-01 4.999638e-03 5.000000e-01 5.000000e-01 1.515105e+00 -0.993323 0.002051 0.009748 0.969726 0.009748 0.002051 0.993323 -0.002120 -0.009986 -0.969109 -0.009986 -0.002120 0.000000 
5.000000e-01 5.000000e-01 4.999638e-03 5.000000e-01 5.000000e-01 1.515105e+00 -0.993323 0.002051 0.009748 0.969726 0.009748 0.002051 0.993323 -0.002120 -0.009986 -0.969109 -0.009986 -0.002120 0.000000 
5.000000e-01 5.000000e-01 4.999638e-03 5.000000e-01 5.000000e-01 1.515105e+00 -0.993323 0.002051 0.009748 0.969726 0.009748 0.002051 0.993323 -0.002120 -0.009986 -0.969109 -0.009986 -0.002120 0.000000 
5.000000e-01 5.000000e-01 4.999638e-03 5.000000e-01 5.000000e-01 1.515105e+00 -0.993323 0.002051 0.009748 0.969726 0.009748 0.002051 0.993323 -0.002120 -0.009986 -0.969109 -0.009986 -0.002120 0.000000 
5.000000e-01 5.000000e-01 4.999638e-03 5.000000e-01 5.000000e-01 1.515105e+00 -0.993323 0.002051 0.009748 0.969726 0.009748 0.002051 0.993323 -0.002120 -0.009986 -0.969109 -0.009986 -0.002120 0.000000 
5.000000e-01 5.000000e-01 4.999638e-03 5.000000e-01 5.000000e-01 1.515105e+00 -0.993323 0.002051 0.009748 0.969726 0.009748 0.002051 0.993323 -0.002120 -0.009986 -0.969109 -0.009986 -0.002120 0.000000 
5.000000e-01 5.000000e-01 4.999638e-03 5.000000e-01 5.000000e-01 1.515105e+00 -0.993323 0.002051 0.009748 0.969726 0.009748 0.002051 0.993323 -0.002120 -0.009986 -0.969109 -0.009986 -0.002120 0.000000 
5.000000e-01 5.000000e-01 4.999638e-03 5.000000e-01 5.000000e-01 1.515105e+00 -0.993323 0.002051 0.009748 0.969726 0.009748 0.002051 0.993323 -0.002120 -0.009986 -0.969109 -0.009986 -0.002120 0.000000 
5.000000e-01 5.000000e-01 4.999638e-03 5.000000e-01 5.000000e-01 1.515105e+00 -0.993323 0.002051 0.009748 0.969726 0.009748 0.002051 0.993323 -0.002120 -0.009986 -0.969109 -0.009986 -0.002120 0.000000 
5.000000e-01 5.000000e-01 4.999638e-03 5.000000e-01 5.000000e-01 1.515105e+00 -0.993323 0.002051 0.009748 0.969726 0.009748 0.002051 0.993323 -0.002120 -0.009986 -0.969109 -0.009986 -0.002120 0.000000 
5.000000e-01 5.000000e-01 4.999638e-03 5.000000e-01 5.000000e-01 1.515105e+00 -0.993323 0.002051 0.009748 0.969726 0.009748 0.002051 0.993323 -0.002120 -0.009986 -0.969109 -0.009986 -0.002120 0.000000 
5.000000e-01 5.000000e-01 4.999638e-03 5.000000e-01 5.000000e-01 1.515105e+00 -0.993323 0.002051 0.009748 0.969726 0.009748 0.002051 0.993323 -0.002120 -0.009986 -0.969109 -0.009986 -0.002120 0.000000 
5.000000e-01 5.000000e-01 4.999638e-03 5.000000e-01 5.000000e-01 1.515105e+00 -0.993323 0.002051 0.009748 0.969726 0.009748 0.002051 0.993323 -0.002120 -0.009986 -0.969109 -0.009986 -0.002120 0.000000 
5.000000e-01 5.000000e-01 4.999638e-03 5.000000e-01 5.000000e-01 1.515105e+00 -0.993323 0.002051 0.009748 0.969726 0.009748 0.002051 0.993323 -0.002120 -0.009986 -0.969109 -0.009986 -0.002120 0.000000 
5.000000e-01 5.000000e-01 4.999638e-03 5.000000e-01 5.000000e-01 1.515105e+00 -0.993323 0.002051 0.009748 0.969726 0.009748 0.002051 0.993323 -0.002120 -0.009986 -0.969109 -0.009986 -0.002120 0.000000 
5.000000e-01 5.000000e-01 4.999638e-03 5.000000e-01 5.000000e-01 1.515105e+00 -0.993323 0.002051 0.009748 0.969726 0.009748 0.002051 0.993323 -0.002120 -0.009986 -0.969109 -0.009986 -0.002120 0.000000 
5.000000e-01 5.000000e-01 4.999638e-03 5.000000e-01 5.000000e-01 1.515105e+00 -0.993323 0.002051 0.009748 0.969726 0.009748 0.002051 0.993323 -0.002120 -0.009986 -0.969109 -0.009986 -0.002120 0.000000 
5.000000e-01 5.000000e-01 4.999638e-03 5.000000e-01 5.000000e-01 1.515105e+00 -0.993323 0.002051 0.009748 0.969726 0.009748 0.002051 0.993323 -0.002120 -0.009986 -0.969109 -0.009986 -0.002120 0.000000 
5.000000e-01 5.000000e-01 4.999638e-03 5.000000e-01 5.000000e-01 1.515105e+00 -0.993323 0.002051 0.009748 0.969726 0.009748 0.002051 0.993323 -0.002120 -0.009986 -0.969109 -0.009986 -0.002120 0.000000 
5.000000e-01 5.000000e-01 4.999638e-03 5.000000e-01 5.000000e-01 1.515105e+00 -0.993323 0.002051 0.009748 0.969726 0.009748 0.002051 0.993323 -0.002120 -0.009986 -0.969109 -0.009986 -0.002120 0.000000 
5.000000e-01 5.000000e-01 4.999638e-03 5.000000e-01 5.000000e-01 1.515105e+00 -0.993323 0.002051 0.009748 0.969726 0.009748 0.002051 0.993323 -0.002120 -0.009986 -0.969109 -0.009986 -0.002120 0.000000 
5.000000e-01 5.000000e-01 4.999638e-03 5.000000e-01 5.000000e-01 1.515105e+00 -0.993323 0.002051 0.009748 0.969726 0.009748 0.002051 0.993323 -0.002120 -0.009986 -0.969109 -0.009986 -0.002120 0.000000 
5.000000e-01 5.000000e-01 4.999638e-03 5.000000e-01 5.000000e-01 1.515105e+00 -0.993323 0.002051 0.009748 0.969726 0.009748 0.002051 0.993323 -0.002120 -0.009986 -0.969109 -0.009986 -0.002120 0.000000 
5.000000e-01 5.000000e-01 4.999638e-03 5.000000e-01 5.000000e-01 1.515105e+00 -0.993323 0.002051 0.009748 0.969726 0.009748 0.002051 0.993323 -0.002120 -0.009986 -0.969109 -0.009986 -0.002120 0.000000 
5.000000e-01 5.000000e-01 4.999638e-03 5.000000e-01 5.000000e-01 1.515105e+00 -0.993323 0.002051 0.009748 0.969726 0.009748 0.002051 0.993323 -0.002120 -0.009986 -0.969109 -0.009986 -0.002120 0.000000 
5.000000e-01 5.000000e-01 4.999638e-03 5.000000e-01 5.000000e-01 1.515105e+00 -0.993323 0.002051 0.009748 0.969726 0.009748 0.002051 0.993323 -0.002120 -0.009986 -0.969109 -0.009986 -0.002120 0.000000 
5.000000e-01 5.000000e-01 4.999638e-03 5.000000e-01 5.000000e-01 1.515105e+00 -0.993323 0.002051 0.009748 0.969726 0.009748 0.002051 0.993323 -0.002120 -0.009986 -0.969109 -0.009986 -0.002120 0.000000 
5.000000e-01 5.000000e-01 4.999638e-03 5.000000e-01 5.000000e-01 1.515105e+00 -0.993323 0.002051 0.009748 0.969726 0.009748 0.002051 0.993323 -0.002120 -0.009986 -0.969109 -0.009986 -0.002120 0.000000 
5.000000e-01 5.000000e-01 4.999638e-03 5.000000e-01 5.000000e-01 1.515105e+00 -0.993323 0.002051 0.009748 0.969726 0.009748 0.002051 0.993323 -0.002120 -0.009986 -0.969109 -0.009986 -0.002120 0.000000 
5.000000e-01 5.000000e-01 4.999638e-03 5.000000e-01 5.000000e-01 1.515105e+00 -0.993323 0.002051 0.009748 0.969726 0.009748 0.002051 0.993323 -0.002120 -0.009986 -0.969109 -0.009986 -0.002120 0.000000 
5.000000e-01 5.000000e-01 4.999638e-03 5.000000e-01 5.000000e-01 1.515105e+00 -0.993323 0.002051 0.009748 0.969726 0.009748 0.002051 0.993323 -0.002120 -0.009986 -0.969109 -0.009986 -0.002120 0.000000 
5.000000e-01 5.000000e-01 4.999638e-03 5.000000e-01 5.000000e-01 1.515105e+00 -0.993323 0.002051 0.009748 0.969726 0.009748 0.002051 0.993323 -0.002120 -0.009986 -0.969109 -0.009986 -0.002120 0.000000 
5.000000e-01 5.000000e-01 4.999638e-03 5.000000e-01 5.000000e-01 1.515105e+00 -0.993323 0.002051 0.009748 0.969726 0.009748 0.002051 0.993323 -0.002120 -0.009986 -0.969109 -0.009986 -0.002120 0.000000 
5.000000e-01 5.000000e-01 4.999638e-03 5.000000e-01 5.000000e-01 1.515105e+00 -0.993323 0.002051 0.009748 0.969726 0.009748 0.002051 0.993323 -0.002120 -0.009986 -0.969109 -0.009986 -0.002120 0.000000 
5.000000e-01 5.000000e-01 4.999638e-03 5.000000e-01 5.000000e-01 1.515105e+00 -0.993323 0.002051 0.009748 0.969726 0.009748 0.002051 0.993323 -0.002120 -0.009986 -0.969109 -0.009986 -0.002120 0.000000 
5.000000e-01 5.000000e-01 4.999638e-03 5.000000e-01 5.000000e-01 1.515105e+00 -0.993323 0.002051 0.009748 0.969726 0.009748 0.002051 0.993323 -0.002120 -0.009986 -0.969109 -0.009986 -0.002120 0.000000 
5.000000e-01 5.000000e-01 4.999638e-03 5.000000e-01 5.000000e-01 1.515105e+00 -0.993323 0.002051 0.009748 0.969726 0.009748 0.002051 0.993323 -0.002120 -0.009986 -0.969109 -0.009986 -0.002120 0.000000 
5.000000e-01 5.000000e-01 4.999638e-03 5.000000e-01 5.000000e-01 1.515105e+00 -0.993323 0.002051 0.009748 0.969726 0.009748 0.002051 0.993323 -0.002120 -0.009986 -0.969109 -0.009986 -0.002120 0.000000 
5.000000e-01 5.000000e-01 4.999638e-03 5.000000e-01 5.000000e-01 1.515105e+00 -0.993323 0.002051 0.009748 0.969726 0.009748 0.002051 0.993323 -0.002120 -0.009986 -0.969109 -0.009986 -0.002120 0.000000 
5.000000e-01 5.000000e-01 4.999638e-03 5.000000e-01 5.000000e-01 1.515105e+00 -0.993323 0.002051 0.009748 0.969726 0.009748 0.002051 0.993323 -0.002120 -0.009986 -0.969109 -0.009986 -0.002120 0.000000 
5.000000e-01 5.000000e-01 4.999638e-03 5.000000e-01 5.000000e-01 1.515105e+00 -0.993323 0.002051 0.009748 0.969726 0.009748 0.002051 0.993323 -0.002120 -0.009986 -0.969109 -0.009986 -0.002120 0.000000 
5.000000e-01 5.000000e-01 4.999638e-03 5.000000e-01 5.000000e-01 1.515105e+00 -0.993323 0.002051 0.009748 0.969726 0.009748 0.002051 0.993323 -0.002120 -0.009986 -0.969109 -0.009986 -0.002120 0.000000 
5.000000e-01 5.000000e-01 4.999638e-03 5.000000e-01 5.000000e-01 1.515105e+00 -0.993323 0.002051 0.009748 0.969726 0.009748 0.002051 0.993323 -0.002120 -0.009986 -0.969109 -0.009986 -0.002120 0.000000 
5.000000e-01 5.000000e-01 4.999638e-03 5.000000e-01 5.000000e-01 1.515105e+00 -0.993323 0.002051 0.009748 0.969726 0.009748 0.002051 0.993323 -0.002120 -0.009986 -0.969109 -0.009986 -0.002120 0.000000 
5.000000e-01 5.000000e-01 4.999638e-03 5.000000e-01 5.000000e-01 1.515105e+00 -0.993323 0.002051 0.009748 0.969726 0.009748 0.002051 0.993323 -0.002120 -0.009986 -0.969109 -0.009986 -0.002120 0.000000 
5.000000e-01 5.000000e-01 4.999638e-03 5.000000e-01 5.000000e-01 1.515105e+00 -0.993323 0.002051 0.009748 0.969726 0.009748 0.002051 0.993323 -0.002120 -0.009986 -0.969109 -0.009986 -0.002120 0.000000 
5.000000e-01 5.000000e-01 4.999638e-03 5.000000e-01 5.000000e-01 1.515105e+00 -0.993323 0.002051 0.009748 0.969726 0.009748 0.002051 0.993323 -0.002120 -0.009986 -0.969109 -0.009986 -0.002120 0.000000 
5.000000e-01 5.000000e-01 4.999638e-03 5.000000e-01 5.000000e-01 1.515105e+00 -0.993323 0.002051 0.009748 0.969726 0.009748 0.002051 0.993323 -0.002120 -0.009986 -0.969109 -0.009986 -0.002120 0.000000 
5.000000e-01 5.000000e-01 4.999638e-03 5.000000e-01 5.000000e-01 1.515105e+00 -0.993323 0.002051 0.009748 0.969726 0.009748 0.002051 0.993323 -0.002120 -0.009986 -0.969109 -0.009986 -0.002120 0.000000 
5.000000e-01 5.000000e-01 4.999638e-03 5.000000e-01 5.000000e-01 1.515105e+00 -0.993323 0.002051 0.009748 0.969726 0.009748 0.002051 0.993323 -0.002120 -0.009986 -0.969109 -0.009986 -0.002120 0.000000 
5.000000e-01 5.000000e-01 4.999638e-03 5.000000e-01 5.000000e-01 1.515105e+00 -0.993323 0.002051 0.009748 0.969726 0.009748 0.002051 0.993323 -0.002120 -0.009986 -0.969109 -0.009986 -0.002120 0.000000 
5.000000e-01 5.000000e-01 4.999638e-03 5.000000e-01 5.000000e-01 1.515105e+00 -0.993323 0.002051 0.009748 0.969726 0.009748 0.002051 0.993323 -0.002120 -0.009986 -0.969109 -0.009986 -0.002120 0.000000 
5.000000e-01 5.000000e-01 4.999638e-03 5.000000e-01 5.000000e-01 1.515105e+00 -0.993323 0.002051 0.009748 0.969726 0.009748 0.002051 0.993323 -0.002120 -0.009986 -0.969109 -0.009986 -0.002120 0.000000 
5.000000e-01 5.000000e-01 4.999638e-03 5.000000e-01 5.000000e-01 1.515105e+00 -0.993323 0.002051 0.009748 0.969726 0.009748 0.002051 0.993323 -0.002120 -0.009986 -0.969109 -0.009986 -0.002120 0.000000 
5.000000e-01 5.000000e-01 4.999638e-03 5.000000e-01 5.000000e-01 1.515105e+00 -0.993323 0.002051 0.009748 0.969726 0.009748 0.002051 0.993323 -0.002120 -0.009986 -0.969109 -0.009986 -0.002120 0.000000 
5.000000e-01 5.000000e-01 4.999638e-03 5.000000e-01 5.000000e-01 1.515105e+00 -0.993323 0.002051 0.009748 0.969726 0.009748 0.002051 0.993323 -0.002120 -0.009986 -0.969109 -0.009986 -0.002120 0.000000 
5.000000e-01 5.000000e-01 4.999638e-03 5.000000e-01 5.000000e-01 1.515105e+00 -0.993323 0.002051 0.009748 0.969726 0.009748 0.002051 0.993323 -0.002120 -0.009986 -0.969109 -0.009986 -0.002120 0.000000 
5.000000e-01 5.000000e-01 4.999638e-03 5.000000e-01 5.000000e-01 1.515105e+00 -0.993323 0.002051 0.009748 0.969726 0.009748 0.002051 0.993323 -0.002120 -0.009986 -0.969109 -0.009986 -0.002120 0.000000 
5.000000e-01 5.000000e-01 4.999638e-03 5.000000e-01 5.000000e-01 1.515105e+00 -0.993323 0.002051 0.009748 0.969726 0.009748 0.002051 0.993323 -0.002120 -0.009986 -0.969109 -0.009986 -0.002120 0.000000 
5.000000e-01 5.000000e-01 4.999638e-03 5.000000e-01 5.000000e-01 1.515105e+00 -0.993323 0.002051 0.009748 0.969726 0.009748 0.002051 0.993323 -0.002120 -0.009986 -0.969109 -0.009986 -0.002120 0.000000 
5.000000e-01 5.000000e-01 4.999638e-03 5.000000e-01 5.000000e-01 1.515105e+00 -0.993323 0.002051 0.009748 0.969726 0.009748 0.002051 0.993323 -0.002120 -0.009986 -0.969109 -0.009986 -0.002120 0.000000 
5.000000e-01 5.000000e-01 4.999638e-03 5.000000e-01 5.000000e-01 1.515105e+00 -0.993323 0.002051 0.009748 0.969726 0.009748 0.002051 0.993323 -0.002120 -0.009986 -0.969109 -0.009986 -0.002120 0.000000 
5.000000e-01 5.000000e-01 4.999638e-03 5.000000e-01 5.000000e-01 1.515105e+00 -0.993323 0.002051 0.009748 0.969726 0.009748 0.002051 0.993323 -0.002120 -0.009986 -0.969109 -0.009986 -0.002120 0.000000 
5.000000e-01 5.000000e-01 4.999638e-03 5.000000e-01 5.000000e-01 1.515105e+00 -0.993323 0.002051 0.009748 0.969726 0.009748 0.002051 0.993323 -0.002120 -0.009986 -0.969109 -0.009986 -0.002120 0.000000 
5.000000e-01 5.000000e-01 4.999638e-03 5.000000e-01 5.000000e-01 1.515105e+00 -0.993323 0.002051 0.009748 0.969726 0.009748 0.002051 0.993323 -0.002120 -0.009986 -0.969109 -0.009986 -0.002120 0.000000 
5.000000e-01 5.000000e-01 4.999638e-03 5.000000e-01 5.000000e-01 1.515105e+00 -0.993323 0.002051 0.009748 0.969726 0.009748 0.002051 0.993323 -0.002120 -0.009986 -0.969109 -0.009986 -0.002120 0.000000 
5.000000e-01 5.000000e-01 4.999638e-03 5.000000e-01 5.000000e-01 1.515105e+00 -0.993323 0.002051 0.009748 0.969726 0.009748 0.002051 0.993323 -0.002120 -0.009986 -0.969109 -0.009986 -0.002120 0.000000 
5.000000e-01 5.000000e-01 4.999638e-03 5.000000e-01 5.000000e-01 1.515105e+00 -0.993323 0.002051 0.009748 0.969726 0.009748 0.002051 0.993323 -0.002120 -0.009986 -0.969109 -0.009986 -0.002120 0.000000 
5.000000e-01 5.000000e-01 4.999638e-03 5.000000e-01 5.000000e-01 1.515105e+00 -0.993323 0.002051 0.009748 0.969726 0.009748 0.002051 0.993323 -0.002120 -0.009986 -0.969109 -0.009986 -0.002120 0.000000 
5.000000e-01 5.000000e-01 4.999638e-03 5.000000e-01 5.000000e-01 1.515105e+00 -0.993323 0.002051 0.009748 0.969726 0.009748 0.002051 0.993323 -0.002120 -0.009986 -0.969109 -0.009986 -0.002120 0.000000 
5.000000e-01 5.000000e-01 4.999638e-03 5.000000e-01 5.000000e-01 1.515105e+00 -0.993323 0.002051 0.009748 0.969726 0.009748 0.002051 0.993323 -0.002120 -0.009986 -0.969109 -0.009986 -0.002120 0.000000 
5.000000e-01 5.000000e-01 4.999638e-03 5.000000e-01 5.000000e-01 1.515105e+00 -0.993323 0.002051 0.009748 0.969726 0.009748 0.002051 0.993323 -0.002120 -0.009986 -0.969109 -0.009986 -0.002120 0.000000 
5.000000e-01 5.000000e-01 4.999638e-03 5.000000e-01 5.000000e-01 1.515105e+00 -0.993323 0.002051 0.009748 0.969726 0.009748 0.002051 0.993323 -0.002120 -0.009986 -0.969109 -0.009986 -0.002120 0.000000 
5.000000e-01 5.000000e-01 4.999638e-03 5.000000e-01 5.000000e-01 1.515105e+00 -0.993323 0.002051 0.009748 0.969726 0.009748 0.002051 0.993323 -0.002120 -0.009986 -0.969109 -0.009986 -0.002120 0.000000 
5.000000e-01 5.000000e-01 4.999638e-03 5.000000e-01 5.000000e-01 1.515105e+00 -0.993323 0.002051 0.009748 0.969726 0.009748 0.002051 0.993323 -0.002120 -0.009986 -0.969109 -0.009986 -0.002120 0.000000 
5.000000e-01 5.000000e-01 4.999638e-03 5.000000e-01 5.000000e-01 1.515105e+00 -0.993323 0.002051 0.009748 0.969726 0.009748 0.002051 0.993323 -0.002120 -0.009986 -0.969109 -0.009986 -0.002120 0.000000 
5.000000e-01 5.000000e-01 4.999638e-03 5.000000e-01 5.000000e-01 1.515105e+00 -0.993323 0.002051 0.009748 0.969726 0.009748 0.002051 0.993323 -0.002120 -0.009986 -0.969109 -0.009986 -0.002120 0.000000 
5.000000e-01 5.000000e-01 4.999638e-03 5.000000e-01 5.000000e-01 1.515105e+00 -0.993323 0.002051 0.009748 0.969726 0.009748 0.002051 0.993323 -0.002120 -0.009986 -0.969109 -0.009986 -0.002120 0.000000 
5.000000e-01 5.000000e-01 4.999638e-03 5.000000e-01 5.000000e-01 1.515105e+00 -0.993323 0.002051 0.009748 0.969726 0.009748 0.002051 0.993323 -0.002120 -0.009986 -0.969109 -0.009986 -0.002120 0.000000 
5.000000e-01 5.000000e-01 4.999638e-03 5.000000e-01 5.000000e-01 1.515105e+00 -0.993323 0.002051 0.009748 0.969726 0.009748 0.002051 0.993323 -0.002120 -0.009986 -0.969109 -0.009986 -0.002120 0.000000 
5.000000e-01 5.000000e-01 4.999638e-03 5.000000e-01 5.000000e-01 1.515105e+00 -0.993323 0.002051 0.009748 0.969726 0.009748 0.002051 0.993323 -0.002120 -0.009986 -0.969109 -0.009986 -0.002120 0.000000 
5.000000e-01 5.000000e-01 4.999638e-03 5.000000e-01 5.000000e-01 1.515105e+00 -0.993323 0.002051 0.009748 0.969726 0.009748 0.002051 0.993323 -0.002120 -0.009986 -0.969109 -0.009986 -0.002120 0.000000 
5.000000e-01 5.000000e-01 4.999638e-03 5.000000e-01 5.000000e-01 1.515105e+00 -0.993323 0.002051 0.009748 0.969726 0.009748 0.002051 0.993323 -0.002120 -0.009986 -0.969109 -0.009986 -0.002120 0.000000 
5.000000e-01 5.000000e-01 4.999638e-03 5.000000e-01 5.000000e-01 1.515105e+00 -0.993323 0.002051 0.009748 0.969726 0.009748 0.002051 0.993323 -0.002120 -0.009986 -0.969109 -0.009986 -0.002120 0.000000 
5.000000e-01 5.000000e-01 4.999638e-03 5.000000e-01 5.000000e-01 1.515105e+00 -0.993323 0.002051 0.009748 0.969726 0.009748 0.002051 0.993323 -0.002120 -0.009986 -0.969109 -0.009986 -0.002120 0.000000 
5.000000e-01 5.000000e-01 4.999638e-03 5.000000e-01 5.000000e-01 1.515105e+00 -0.993323 0.002051 0.009748 0.969726 0.009748 0.002051 0.993323 -0.002120 -0.009986 -0.969109 -0.009986 -0.002120 0.000000 
5.000000e-01 5.000000e-01 4.999638e-03 5.000000e-01 5.000000e-01 1.515105e+00 -0.993323 0.002051 0.009748 0.969726 0.009748 0.002051 0.993323 -0.002120 -0.009986 -0.969109 -0.009986 -0.002120 0.000000 
5.000000e-01 5.000000e-01 4.999638e-03 5.000000e-01 5.000000e-01 1.515105e+00 -0.993323 0.002051 0.009748 0.969726 0.009748 0.002051 0.993323 -0.002120 -0.009986 -0.969109 -0.009986 -0.002120 0.000000 
5.000000e-01 5.000000e-01 4.999638e-03 5.000000e-01 5.000000e-01 1.515105e+00 -0.993323 0.002051 0.009748 0.969726 0.009748 0.002051 0.993323 -0.002120 -0.009986 -0.969109 -0.009986 -0.002120 0.000000 
5.000000e-01 5.000000e-01 4.999638e-03 5.000000e-01 5.000000e-01 1.515105e+00 -0.993323 0.002051 0.009748 0.969726 0.009748 0.002051 0.993323 -0.002120 -0.009986 -0.969109 -0.009986 -0.002120 0.000000 
5.000000e-01 5.000000e-01 4.999638e-03 5.000000e-01 5.000000e-01 1.515105e+00 -0.993323 0.002051 0.009748 0.969726 0.009748 0.002051 0.993323 -0.002120 -0.009986 -0.969109 -0.009986 -0.002120 0.000000 
5.000000e-01 5.000000e-01 4.999638e-03 5.000000e-01 5.000000e-01 1.515105e+00 -0.993323 0.002051 0.009748 0.969726 0.009748 0.002051 0.993323 -0.002120 -0.009986 -0.969109 -0.009986 -0.002120 0.000000 
5.000000e-01 5.000000e-01 4.999638e-03 5.000000e-01 5.000000e-01 1.515105e+00 -0.993323 0.002051 0.009748 0.969726 0.009748 0.002051 0.993323 -0.002120 -0.009986 -0.969109 -0.009986 -0.002120 0.000000 
5.000000e-01 5.000000e-01 4.999638e-03 5.000000e-01 5.000000e-01 1.515105e+00 -0.993323 0.002051 0.009748 0.969726 0.009748 0.002051 0.993323 -0.002120 -0.009986 -0.969109 -0.009986 -0.002120 0.000000 
5.000000e-01 5.000000e-01 4.999638e-03 5.000000e-01 5.000000e-01 1.515105e+00 -0.993323 0.002051 0.009748 0.969726 0.009748 0.002051 0.993323 -0.002120 -0.009986 -0.969109 -0.009986 -0.002120 0.000000 
5.000000e-01 5.000000e-01 4.999638e-03 5.000000e-01 5.000000e-01 1.515105e+00 -0.993323 0.002051 0.009748 0.969726 0.009748 0.002051 0.993323 -0.002120 -0.009986 -0.969109 -0.009986 -0.002120 0.000000 
5.000000e-01 5.000000e-01 4.999638e-03 5.000000e-01 5.000000e-01 1.515105e+00 -0.993323 0.002051 0.009748 0.969726 0.009748 0.002051 0.993323 -0.002120 -0.009986 -0.969109 -0.009986 -0.002120 0.000000 
5.000000e-01 5.000000e-01 4.999638e-03 5.000000e-01 5.000000e-01 1.515105e+00 -0.993323 0.002051 0.009748 0.969726 0.009748 0.002051 0.993323 -0.002120 -0.009986 -0.969109 -0.009986 -0.002120 0.000000 
5.000000e-01 5.000000e-01 4.999638e-03 5.000000e-01 5.000000e-01 1.515105e+00 -0.993323 0.002051 0.009748 0.969726 0.009748 0.002051 0.993323 -0.002120 -0.009986 -0.969109 -0.009986 -0.002120 0.000000 
5.000000e-01 5.000000e-01 4.999638e-03 5.000000e-01 5.000000e-01 1.515105e+00 -0.993323 0.002051 0.009748 0.969726 0.009748 0.002051 0.993323 -0.002120 -0.009986 -0.969109 -0.009986 -0.002120 0.000000 
5.000000e-01 5.000000e-01 4.999638e-03 5.000000e-01 5.000000e-01 1.515105e+00 -0.993323 0.002051 0.009748 0.969726 0.009748 0.002051 0.993323 -0.002120 -0.009986 -0.969109 -0.009986 -0.002120 0.000000 
5.000000e-01 5.000000e-01 4.999638e-03 5.000000e-01 5.000000e-01 1.515105e+00 -0.993323 0.002051 0.009748 0.969726 0.009748 0.002051 0.993323 -0.002120 -0.009986 -0.969109 -0.009986 -0.002120 0.000000 
5.000000e-01 5.000000e-01 4.999638e-03 5.000000e-01 5.000000e-01 1.515105e+00 -0.993323 0.002051 0.009748 0.969726 0.009748 0.002051 0.993323 -0.002120 -0.009986 -0.969109 -0.009986 -0.002120 0.000000 
5.000000e-01 5.000000e-01 4.999638e-03 5.000000e-01 5.000000e-01 1.515105e+00 -0.993323 0.002051 0.009748 0.969726 0.009748 0.002051 0.993323 -0.002120 -0.009986 -0.969109 -0.009986 -0.002120 0.000000 
5.000000e-01 5.000000e-01 4.999638e-03 5.000000e-01 5.000000e-01 1.515105e+00 -0.993323 0.002051 0.009748 0.969726 0.009748 0.002051 0.993323 -0.002120 -0.009986 -0.969109 -0.009986 -0.002120 0.000000 
5.000000e-01 5.000000e-01 4.999638e-03 5.000000e-01 5.000000e-01 1.515105e+00 -0.993323 0.002051 0.009748 0.969726 0.009748 0.002051 0.993323 -0.002120 -0.009986 -0.969109 -0.009986 -0.002120 0.000000 
5.000000e-01 5.000000e-01 4.999638e-03 5.000000e-01 5.000000e-01 1.515105e+00 -0.993323 0.002051 0.009748 0.969726 0.009748 0.002051 0.993323 -0.002120 -0.009986 -0.969109 -0.009986 -0.002120 0.000000 
5.000000e-01 5.000000e-01 4.999638e-03 5.000000e-01 5.000000e-01 1.515105e+00 -0.993323 0.002051 0.009748 0.969726 0.009748 0.002051 0.993323 -0.002120 -0.009986 -0.969109 -0.009986 -0.002120 0.000000 
