# TeX TeY TeZ ThX ThY THZ P1 P2
5.000000e-01 5.000000e-01 7.300000e-01 5.000000e-01 5.000000e-01 7.300000e-01 0.000000 0.000000 0.000000 0.000000 0.000000 0.000000 0.000000 0.000000 0.000000 0.000000 0.000000 0.000000 0.000000 
5.000000e-01 5.000000e-01 7.184221e-01 5.000000e-01 5.000000e-01 7.384430e-01 -0.013143 0.002155 0.002858 0.003116 0.002858 0.002155 0.013143 -0.002038 -0.002893 -0.003281 -0.002893 -0.002038 0.000000 
5.000000e-01 5.000000e-01 7.068012e-01 5.000000e-01 5.000000e-01 7.468725e-01 -0.026305 0.004318 0.005719 0.006231 0.005719 0.004318 0.026305 -0.004070 -0.005792 -0.006580 -0.005792 -0.004070 0.000000 
5.000000e-01 5.000000e-01 6.951376e-01 5.000000e-01 5.000000e-01 7.552881e-01 -0.039486 0.006486 0.008583 0.009347 0.008583 0.006486 0.039486 -0.006095 -0.008698 -0.009899 -0.008698 -0.006095 0.000000 
5.000000e-01 5.000000e-01 6.834319e-01 5.000000e-01 5.000000e-01 7.636899e-01 -0.052685 0.008660 0.011451 0.012464 0.011451 0.008660 0.052685 -0.008111 -0.011612 -0.013240 -0.011612 -0.008111 0.000000 
5.000000e-01 5.000000e-01 6.716843e-01 5.000000e-01 5.000000e-01 7.720777e-01 -0.065903 0.010838 0.014322 0.015584 0.014322 0.010838 0.065903 -0.010115 -0.014533 -0.016606 -0.014533 -0.010115 0.000000 
5.000000e-01 5.000000e-01 6.598952e-01 5.000000e-01 5.000000e-01 7.804513e-01 -0.079139 0.013020 0.017196 0.018706 0.017196 0.013020 0.079139 -0.012106 -0.017463 -0.020001 -0.017463 -0.012106 0.000000 
5.000000e-01 5.000000e-01 6.480649e-01 5.000000e-01 5.000000e-01 7.888107e-01 -0.092392 0.015204 0.020075 0.021834 0.020075 0.015204 0.092392 -0.014079 -0.020402 -0.023430 -0.020402 -0.014079 0.000000 
5.000000e-01 5.000000e-01 6.361939e-01 5.000000e-01 5.000000e-01 7.971556e-01 -0.105663 0.017389 0.022957 0.024969 0.022957 0.017389 0.105663 -0.016034 -0.023350 -0.026894 -0.023350 -0.016034 0.000000 
5.000000e-01 5.000000e-01 6.242824e-01 5.000000e-01 5.000000e-01 8.054860e-01 -0.118950 0.019576 0.025844 0.028110 0.025844 0.019576 0.118950 -0.017969 -0.026308 -0.030396 -0.026308 -0.017969 0.000000 
5.000000e-01 5.000000e-01 6.123309e-01 5.000000e-01 5.000000e-01 8.138016e-01 -0.132254 0.021763 0.028735 0.031259 0.028735 0.021763 0.132254 -0.019880 -0.029276 -0.033942 -0.029276 -0.019880 0.000000 
5.000000e-01 5.000000e-01 6.003396e-01 5.000000e-01 5.000000e-01 8.221024e-01 -0.145575 0.023950 0.031629 0.034416 0.031629 0.023950 0.145575 -0.021766 -0.032254 -0.037535 -0.032254 -0.021766 0.000000 
5.000000e-01 5.000000e-01 5.883090e-01 5.000000e-01 5.000000e-01 8.303881e-01 -0.158911 0.026136 0.034529 0.037582 0.034529 0.026136 0.158911 -0.023618 -0.035244 -0.041186 -0.035244 -0.023618 0.000000 
5.000000e-01 5.000000e-01 5.762393e-01 5.000000e-01 5.000000e-01 8.386587e-01 -0.172263 0.028319 0.037433 0.040761 0.037433 0.028319 0.172263 -0.025438 -0.038246 -0.044895 -0.038246 -0.025438 0.000000 
5.000000e-01 5.000000e-01 5.641309e-01 5.000000e-01 5.000000e-01 8.469140e-01 -0.185630 0.030498 0.040342 0.043952 0.040342 0.030498 0.185630 -0.027222 -0.041259 -0.048668 -0.041259 -0.027222 0.000000 
5.000000e-01 5.000000e-01 5.519841e-01 5.000000e-01 5.000000e-01 8.551539e-01 -0.199013 0.032673 0.043255 0.047156 0.043255 0.032673 0.199013 -0.028967 -0.044285 -0.052509 -0.044285 -0.028967 0.000000 
5.000000e-01 5.000000e-01 5.397992e-01 5.000000e-01 5.000000e-01 8.633781e-01 -0.212410 0.034844 0.046174 0.050374 0.046174 0.034844 0.212410 -0.030667 -0.047324 -0.056427 -0.047324 -0.030667 0.000000 
5.000000e-01 5.000000e-01 5.275767e-01 5.000000e-01 5.000000e-01 8.715865e-01 -0.225821 0.037011 0.049097 0.053605 0.049097 0.037011 0.225821 -0.032313 -0.050378 -0.060440 -0.050378 -0.032313 0.000000 
5.000000e-01 5.000000e-01 5.153167e-01 5.000000e-01 5.000000e-01 8.797790e-01 -0.239246 0.039172 0.052025 0.056852 0.052025 0.039172 0.239246 -0.033906 -0.053445 -0.064545 -0.053445 -0.033906 0.000000 
5.000000e-01 5.000000e-01 5.030196e-01 5.000000e-01 5.000000e-01 8.879554e-01 -0.252685 0.041323 0.054959 0.060121 0.054959 0.041323 0.252685 -0.035443 -0.056525 -0.068750 -0.056525 -0.035443 0.000000 
5.000000e-01 5.000000e-01 4.906858e-01 5.000000e-01 5.000000e-01 8.961155e-01 -0.266137 0.043466 0.057899 0.063407 0.057899 0.043466 0.266137 -0.036917 -0.059619 -0.073065 -0.059619 -0.036917 0.000000 
5.000000e-01 5.000000e-01 4.783155e-01 5.000000e-01 5.000000e-01 9.042592e-01 -0.279603 0.045602 0.060844 0.066712 0.060844 0.045602 0.279603 -0.038316 -0.062728 -0.077516 -0.062728 -0.038316 0.000000 
5.000000e-01 5.000000e-01 4.659091e-01 5.000000e-01 5.000000e-01 9.123862e-01 -0.293081 0.047728 0.063794 0.070037 0.063794 0.047728 0.293081 -0.039637 -0.065850 -0.082107 -0.065850 -0.039637 0.000000 
5.000000e-01 5.000000e-01 4.534668e-01 5.000000e-01 5.000000e-01 9.204965e-01 -0.306571 0.049845 0.066749 0.073383 0.066749 0.049845 0.306571 -0.040877 -0.068986 -0.086846 -0.068986 -0.040877 0.000000 
5.000000e-01 5.000000e-01 4.409890e-01 5.000000e-01 5.000000e-01 9.285898e-01 -0.320074 0.051948 0.069711 0.076756 0.069711 0.051948 0.320074 -0.042031 -0.072133 -0.091746 -0.072133 -0.042031 0.000000 
5.000000e-01 5.000000e-01 4.284759e-01 5.000000e-01 5.000000e-01 9.366660e-01 -0.333588 0.054038 0.072679 0.080155 0.072679 0.054038 0.333588 -0.043081 -0.075291 -0.096843 -0.075291 -0.043081 0.000000 
5.000000e-01 5.000000e-01 4.159279e-01 5.000000e-01 5.000000e-01 9.447248e-01 -0.347114 0.056116 0.075652 0.083578 0.075652 0.056116 0.347114 -0.044022 -0.078459 -0.102151 -0.078459 -0.044022 0.000000 
5.000000e-01 5.000000e-01 4.033452e-01 5.000000e-01 5.000000e-01 9.527661e-01 -0.360651 0.058180 0.078631 0.087028 0.078631 0.058180 0.360651 -0.044853 -0.081633 -0.107679 -0.081633 -0.044853 0.000000 
5.000000e-01 5.000000e-01 3.907282e-01 5.000000e-01 5.000000e-01 9.607898e-01 -0.374198 0.060231 0.081616 0.090505 0.081616 0.060231 0.374198 -0.045564 -0.084810 -0.113449 -0.084810 -0.045564 0.000000 
5.000000e-01 5.000000e-01 3.780771e-01 5.000000e-01 5.000000e-01 9.687955e-01 -0.387756 0.062263 0.084607 0.094017 0.084607 0.062263 0.387756 -0.046132 -0.087985 -0.119521 -0.087985 -0.046132 0.000000 
5.000000e-01 5.000000e-01 3.653922e-01 5.000000e-01 5.000000e-01 9.767832e-01 -0.401325 0.064276 0.087604 0.097563 0.087604 0.064276 0.401324 -0.046555 -0.091153 -0.125907 -0.091153 -0.046555 0.000000 
5.000000e-01 5.000000e-01 3.526737e-01 5.000000e-01 5.000000e-01 9.847526e-01 -0.414903 0.066273 0.090608 0.101142 0.090608 0.066273 0.414903 -0.046830 -0.094308 -0.132626 -0.094308 -0.046830 0.000000 
5.000000e-01 5.000000e-01 3.399220e-01 5.000000e-01 5.000000e-01 9.927035e-01 -0.428490 0.068251 0.093617 0.104754 0.093617 0.068251 0.428490 -0.046946 -0.097441 -0.139717 -0.097441 -0.046946 0.000000 
5.000000e-01 5.000000e-01 3.271374e-01 5.000000e-01 5.000000e-01 1.000636e+00 -0.442087 0.070211 0.096632 0.108401 0.096632 0.070211 0.442087 -0.046862 -0.100534 -0.147294 -0.100534 -0.046862 0.000000 
5.000000e-01 5.000000e-01 3.143200e-01 5.000000e-01 5.000000e-01 1.008549e+00 -0.455692 0.072146 0.099653 0.112094 0.099653 0.072146 0.455692 -0.046596 -0.103580 -0.155340 -0.103580 -0.046596 0.000000 
5.000000e-01 5.000000e-01 3.014702e-01 5.000000e-01 5.000000e-01 1.016443e+00 -0.469306 0.074057 0.102681 0.115831 0.102681 0.074057 0.469306 -0.046137 -0.106562 -0.163909 -0.106562 -0.046137 0.000000 
5.000000e-01 5.000000e-01 2.885881e-01 5.000000e-01 5.000000e-01 1.024318e+00 -0.482929 0.075946 0.105714 0.119610 0.105714 0.075946 0.482929 -0.045454 -0.109452 -0.173117 -0.109452 -0.045454 0.000000 
5.000000e-01 5.000000e-01 2.756742e-01 5.000000e-01 5.000000e-01 1.032174e+00 -0.496559 0.077812 0.108752 0.123431 0.108752 0.077812 0.496559 -0.044533 -0.112220 -0.183054 -0.112220 -0.044533 0.000000 
5.000000e-01 5.000000e-01 2.627285e-01 5.000000e-01 5.000000e-01 1.040010e+00 -0.510197 0.079655 0.111796 0.127296 0.111796 0.079655 0.510197 -0.043380 -0.114845 -0.193748 -0.114845 -0.043380 0.000000 
5.000000e-01 5.000000e-01 2.497513e-01 5.000000e-01 5.000000e-01 1.047825e+00 -0.523843 0.081462 0.114846 0.131227 0.114846 0.081462 0.523843 -0.041982 -0.117286 -0.205308 -0.117286 -0.041982 0.000000 
5.000000e-01 5.000000e-01 2.367429e-01 5.000000e-01 5.000000e-01 1.055621e+00 -0.537496 0.083242 0.117901 0.135209 0.117901 0.083242 0.537496 -0.040286 -0.119456 -0.218011 -0.119456 -0.040286 0.000000 
5.000000e-01 5.000000e-01 2.237035e-01 5.000000e-01 5.000000e-01 1.063396e+00 -0.551155 0.084995 0.120961 0.139244 0.120961 0.084995 0.551155 -0.038323 -0.121334 -0.231842 -0.121334 -0.038323 0.000000 
5.000000e-01 5.000000e-01 2.106331e-01 5.000000e-01 5.000000e-01 1.071151e+00 -0.564822 0.086719 0.124026 0.143332 0.124026 0.086719 0.564822 -0.036083 -0.122851 -0.246953 -0.122851 -0.036083 0.000000 
5.000000e-01 5.000000e-01 1.975320e-01 5.000000e-01 5.000000e-01 1.078884e+00 -0.578496 0.088408 0.127095 0.147490 0.127095 0.088408 0.578496 -0.033515 -0.123850 -0.263766 -0.123850 -0.033515 0.000000 
5.000000e-01 5.000000e-01 1.844002e-01 5.000000e-01 5.000000e-01 1.086597e+00 -0.592177 0.090059 0.130168 0.151722 0.130168 0.090059 0.592177 -0.030641 -0.124262 -0.282370 -0.124262 -0.030641 0.000000 
5.000000e-01 5.000000e-01 1.712377e-01 5.000000e-01 5.000000e-01 1.094288e+00 -0.605865 0.091678 0.133245 0.156019 0.133245 0.091678 0.605865 -0.027465 -0.123988 -0.302959 -0.123988 -0.027465 0.000000 
5.000000e-01 5.000000e-01 1.580444e-01 5.000000e-01 5.000000e-01 1.101958e+00 -0.619561 0.093264 0.136325 0.160382 0.136325 0.093264 0.619561 -0.023949 -0.122766 -0.326130 -0.122766 -0.023949 0.000000 
5.000000e-01 5.000000e-01 1.448200e-01 5.000000e-01 5.000000e-01 1.109606e+00 -0.633267 0.094815 0.139408 0.164820 0.139408 0.094815 0.633267 -0.020104 -0.120424 -0.352211 -0.120424 -0.020104 0.000000 
5.000000e-01 5.000000e-01 1.315642e-01 5.000000e-01 5.000000e-01 1.117231e+00 -0.646983 0.096316 0.142494 0.169362 0.142494 0.096316 0.646983 -0.015951 -0.116822 -0.381437 -0.116822 -0.015951 0.000000 
5.000000e-01 5.000000e-01 1.182761e-01 5.000000e-01 5.000000e-01 1.124835e+00 -0.660713 0.097782 0.145582 0.173984 0.145582 0.097782 0.660713 -0.011466 -0.111540 -0.414700 -0.111540 -0.011466 0.000000 
5.000000e-01 5.000000e-01 1.049547e-01 5.000000e-01 5.000000e-01 1.132415e+00 -0.674460 0.099212 0.148673 0.178691 0.148673 0.099212 0.674460 -0.006658 -0.104258 -0.452629 -0.104258 -0.006658 0.000000 
5.000000e-01 5.000000e-01 9.159838e-02 5.000000e-01 5.000000e-01 1.139973e+00 -0.688229 0.100606 0.151766 0.183484 0.151766 0.100606 0.688229 -0.001563 -0.094821 -0.495462 -0.094821 -0.001563 0.000000 
5.000000e-01 5.000000e-01 7.820522e-02 5.000000e-01 5.000000e-01 1.147508e+00 -0.702028 0.101943 0.154861 0.188418 0.154861 0.101943 0.702027 0.003833 -0.082631 -0.544432 -0.082631 0.003833 0.000000 
5.000000e-01 5.000000e-01 6.477295e-02 5.000000e-01 5.000000e-01 1.155019e+00 -0.715864 0.103245 0.157959 0.193456 0.157959 0.103245 0.715864 0.009509 -0.067367 -0.600146 -0.067367 0.009509 0.000000 
5.000000e-01 5.000000e-01 5.129923e-02 5.000000e-01 5.000000e-01 1.162506e+00 -0.729742 0.104510 0.161061 0.198601 0.161061 0.104510 0.729742 0.015422 -0.049077 -0.662433 -0.049077 0.015422 0.000000 
5.000000e-01 5.000000e-01 3.778256e-02 5.000000e-01 5.000000e-01 1.169970e+00 -0.743674 0.105741 0.164167 0.203859 0.164167 0.105741 0.743674 0.021571 -0.027348 -0.732120 -0.027348 0.021571 0.000000 
5.000000e-01 5.000000e-01 2.422327e-02 5.000000e-01 5.000000e-01 1.177409e+00 -0.757658 0.106910 0.167271 0.209297 0.167271 0.106910 0.757657 0.027906 -0.002639 -0.808191 -0.002639 0.027906 0.000000 
5.000000e-01 5.000000e-01 1.062471e-02 5.000000e-01 5.000000e-01 1.184824e+00 -0.771681 0.108038 0.170371 0.214862 0.170371 0.108038 0.771681 0.034370 0.024211 -0.888842 0.024211 0.034370 0.000000 
5.000000e-01 5.000000e-01 4.999909e-03 5.000000e-01 5.000000e-01 1.192213e+00 -0.780326 0.108141 0.172320 0.219405 0.172320 0.108141 0.780326 0.036553 0.035170 -0.923771 0.035170 0.036553 0.000000 
5.000000e-01 5.000000e-01 4.999909e-03 5.000000e-01 5.000000e-01 1.199578e+00 -0.785159 0.107496 0.173445 0.223275 0.173445 0.107496 0.785159 0.035679 0.034144 -0.924805 0.034144 0.035679 0.000000 
5.000000e-01 5.000000e-01 4.999909e-03 5.000000e-01 5.000000e-01 1.206917e+00 -0.789975 0.106773 0.174541 0.227346 0.174541 0.106773 0.789975 0.034808 0.033122 -0.925835 0.033122 0.034808 0.000000 
5.000000e-01 5.000000e-01 4.999909e-03 5.000000e-01 5.000000e-01 1.214230e+00 -0.794774 0.105995 0.175613 0.231558 0.175613 0.105995 0.794774 0.033940 0.032103 -0.926860 0.032103 0.033940 0.000000 
5.000000e-01 5.000000e-01 4.999909e-03 5.000000e-01 5.000000e-01 1.221517e+00 -0.799556 0.105163 0.176657 0.235915 0.176657 0.105163 0.799556 0.033074 0.031089 -0.927882 0.031089 0.033074 0.000000 
5.000000e-01 5.000000e-01 4.999909e-03 5.000000e-01 5.000000e-01 1.228778e+00 -0.804320 0.104259 0.177666 0.240469 0.177666 0.104259 0.804320 0.032212 0.030078 -0.928899 0.030078 0.032212 0.000000 
5.000000e-01 5.000000e-01 4.999909e-03 5.000000e-01 5.000000e-01 1.236011e+00 -0.809067 0.103279 0.178630 0.245250 0.178630 0.103279 0.809067 0.031352 0.029071 -0.929912 0.029071 0.031352 0.000000 
5.000000e-01 5.000000e-01 4.999909e-03 5.000000e-01 5.000000e-01 1.243218e+00 -0.813796 0.102241 0.179555 0.250205 0.179555 0.102241 0.813796 0.030495 0.028068 -0.930922 0.028068 0.030495 0.000000 
5.000000e-01 5.000000e-01 4.999909e-03 5.000000e-01 5.000000e-01 1.250397e+00 -0.818507 0.101146 0.180439 0.255338 0.180439 0.101146 0.818507 0.029642 0.027068 -0.931927 0.027068 0.029642 0.000000 
5.000000e-01 5.000000e-01 4.999909e-03 5.000000e-01 5.000000e-01 1.257549e+00 -0.823200 0.099957 0.181252 0.260782 0.181252 0.099957 0.823200 0.028791 0.026073 -0.932928 0.026073 0.028791 0.000000 
5.000000e-01 5.000000e-01 4.999909e-03 5.000000e-01 5.000000e-01 1.264672e+00 -0.827874 0.098703 0.182006 0.266457 0.182006 0.098703 0.827874 0.027944 0.025081 -0.933924 0.025081 0.027944 0.000000 
5.000000e-01 5.000000e-01 4.999909e-03 5.000000e-01 5.000000e-01 1.271767e+00 -0.832530 0.097390 0.182702 0.272346 0.182702 0.097390 0.832530 0.027099 0.024094 -0.934917 0.024094 0.027099 0.000000 
5.000000e-01 5.000000e-01 4.999909e-03 5.000000e-01 5.000000e-01 1.278833e+00 -0.837166 0.096000 0.183319 0.278527 0.183319 0.096000 0.837166 0.026259 0.023111 -0.935905 0.023111 0.026259 0.000000 
5.000000e-01 5.000000e-01 4.999909e-03 5.000000e-01 5.000000e-01 1.285870e+00 -0.841784 0.094523 0.183834 0.285070 0.183834 0.094523 0.841784 0.025421 0.022132 -0.936889 0.022132 0.025421 0.000000 
5.000000e-01 5.000000e-01 4.999909e-03 5.000000e-01 5.000000e-01 1.292877e+00 -0.846382 0.092986 0.184269 0.291872 0.184269 0.092986 0.846382 0.024587 0.021157 -0.937869 0.021157 0.024587 0.000000 
5.000000e-01 5.000000e-01 4.999909e-03 5.000000e-01 5.000000e-01 1.299854e+00 -0.850960 0.091388 0.184620 0.298945 0.184620 0.091388 0.850960 0.023756 0.020186 -0.938844 0.020186 0.023756 0.000000 
5.000000e-01 5.000000e-01 4.999909e-03 5.000000e-01 5.000000e-01 1.306801e+00 -0.855519 0.089682 0.184808 0.306539 0.184808 0.089682 0.855519 0.022928 0.019219 -0.939814 0.019219 0.022928 0.000000 
5.000000e-01 5.000000e-01 4.999909e-03 5.000000e-01 5.000000e-01 1.313717e+00 -0.860058 0.087918 0.184887 0.314447 0.184887 0.087918 0.860058 0.022105 0.018257 -0.940781 0.018257 0.022105 0.000000 
5.000000e-01 5.000000e-01 4.999909e-03 5.000000e-01 5.000000e-01 1.320603e+00 -0.864576 0.086097 0.184858 0.322667 0.184858 0.086097 0.864576 0.021284 0.017299 -0.941743 0.017299 0.021284 0.000000 
5.000000e-01 5.000000e-01 4.999909e-03 5.000000e-01 5.000000e-01 1.327456e+00 -0.869074 0.084174 0.184623 0.331478 0.184623 0.084174 0.869074 0.020468 0.016345 -0.942700 0.016345 0.020468 0.000000 
5.000000e-01 5.000000e-01 4.999909e-03 5.000000e-01 5.000000e-01 1.334278e+00 -0.873551 0.082185 0.184226 0.340729 0.184226 0.082185 0.873551 0.019654 0.015396 -0.943653 0.015396 0.019654 0.000000 
5.000000e-01 5.000000e-01 4.999909e-03 5.000000e-01 5.000000e-01 1.341068e+00 -0.878008 0.080142 0.183685 0.350354 0.183685 0.080142 0.878008 0.018845 0.014451 -0.944601 0.014451 0.018845 0.000000 
5.000000e-01 5.000000e-01 4.999909e-03 5.000000e-01 5.000000e-01 1.347824e+00 -0.882443 0.078006 0.182892 0.360647 0.182892 0.078006 0.882443 0.018039 0.013511 -0.945545 0.013511 0.018039 0.000000 
5.000000e-01 5.000000e-01 4.999909e-03 5.000000e-01 5.000000e-01 1.354548e+00 -0.886858 0.075799 0.181865 0.371529 0.181865 0.075799 0.886858 0.017237 0.012576 -0.946484 0.012576 0.017237 0.000000 
5.000000e-01 5.000000e-01 4.999909e-03 5.000000e-01 5.000000e-01 1.361239e+00 -0.891251 0.073542 0.180655 0.382856 0.180655 0.073542 0.891251 0.016439 0.011644 -0.947418 0.011644 0.016439 0.000000 
5.000000e-01 5.000000e-01 4.999909e-03 5.000000e-01 5.000000e-01 1.367895e+00 -0.895622 0.071199 0.179122 0.394980 0.179122 0.071199 0.895622 0.015645 0.010718 -0.948348 0.010718 0.015645 0.000000 
5.000000e-01 5.000000e-01 4.999909e-03 5.000000e-01 5.000000e-01 1.374517e+00 -0.899972 0.068787 0.177280 0.407838 0.177280 0.068787 0.899972 0.014854 0.009796 -0.949273 0.009796 0.014854 0.000000 
5.000000e-01 5.000000e-01 4.999909e-03 5.000000e-01 5.000000e-01 1.381105e+00 -0.904300 0.066330 0.175211 0.421217 0.175211 0.066330 0.904300 0.014068 0.008878 -0.950193 0.008878 0.014068 0.000000 
5.000000e-01 5.000000e-01 4.999909e-03 5.000000e-01 5.000000e-01 1.387658e+00 -0.908607 0.063791 0.172711 0.435603 0.172711 0.063791 0.908607 0.013285 0.007966 -0.951109 0.007966 0.013285 0.000000 
5.000000e-01 5.000000e-01 4.999909e-03 5.000000e-01 5.000000e-01 1.394175e+00 -0.912893 0.061192 0.169837 0.450835 0.169837 0.061192 0.912893 0.012506 0.007057 -0.952020 0.007057 0.012506 0.000000 
5.000000e-01 5.000000e-01 4.999909e-03 5.000000e-01 5.000000e-01 1.400657e+00 -0.917156 0.058556 0.166692 0.466660 0.166692 0.058556 0.917156 0.011731 0.006154 -0.952926 0.006154 0.011731 0.000000 
5.000000e-01 5.000000e-01 4.999909e-03 5.000000e-01 5.000000e-01 1.407103e+00 -0.921399 0.055836 0.162950 0.483827 0.162950 0.055836 0.921399 0.010960 0.005255 -0.953828 0.005255 0.010960 0.000000 
5.000000e-01 5.000000e-01 4.999909e-03 5.000000e-01 5.000000e-01 1.413512e+00 -0.925620 0.053074 0.158807 0.501858 0.158807 0.053074 0.925620 0.010192 0.004360 -0.954725 0.004360 0.010192 0.000000 
5.000000e-01 5.000000e-01 4.999909e-03 5.000000e-01 5.000000e-01 1.419885e+00 -0.929820 0.050280 0.154342 0.520576 0.154342 0.050280 0.929820 0.009429 0.003470 -0.955617 0.003470 0.009429 0.000000 
5.000000e-01 5.000000e-01 4.999909e-03 5.000000e-01 5.000000e-01 1.426221e+00 -0.934001 0.047404 0.149064 0.541065 0.149064 0.047404 0.934000 0.008669 0.002584 -0.956506 0.002584 0.008669 0.000000 
5.000000e-01 5.000000e-01 4.999909e-03 5.000000e-01 5.000000e-01 1.432520e+00 -0.938160 0.044504 0.143426 0.562300 0.143426 0.044504 0.938160 0.007912 0.001702 -0.957389 0.001702 0.007912 0.000000 
5.000000e-01 5.000000e-01 4.999909e-03 5.000000e-01 5.000000e-01 1.438781e+00 -0.942299 0.041566 0.137260 0.584647 0.137260 0.041566 0.942299 0.007160 0.000825 -0.958269 0.000825 0.007160 0.000000 
5.000000e-01 5.000000e-01 4.999909e-03 5.000000e-01 5.000000e-01 1.445006e+00 -0.946420 0.038573 0.130319 0.608636 0.130319 0.038573 0.946420 0.006410 -0.000048 -0.959144 -0.000048 0.006410 0.000000 
5.000000e-01 5.000000e-01 4.999909e-03 5.000000e-01 5.000000e-01 1.451192e+00 -0.950520 0.035565 0.123017 0.633355 0.123017 0.035565 0.950520 0.005665 -0.000917 -0.960016 -0.000917 0.005665 0.000000 
5.000000e-01 5.000000e-01 4.999909e-03 5.000000e-01 5.000000e-01 1.457341e+00 -0.954603 0.032510 0.114902 0.659778 0.114902 0.032510 0.954603 0.004922 -0.001782 -0.960883 -0.001782 0.004922 0.000000 
5.000000e-01 5.000000e-01 4.999909e-03 5.000000e-01 5.000000e-01 1.463451e+00 -0.958668 0.029432 0.106222 0.687359 0.106222 0.029432 0.958668 0.004183 -0.002643 -0.961747 -0.002643 0.004183 0.000000 
5.000000e-01 5.000000e-01 4.999909e-03 5.000000e-01 5.000000e-01 1.469523e+00 -0.962712 0.026342 0.097125 0.715778 0.097125 0.026342 0.962712 0.003447 -0.003500 -0.962606 -0.003500 0.003447 0.000000 
5.000000e-01 5.000000e-01 4.999909e-03 5.000000e-01 5.000000e-01 1.475557e+00 -0.966743 0.023210 0.087106 0.746110 0.087106 0.023210 0.966743 0.002714 -0.004355 -0.963462 -0.004355 0.002714 0.000000 
5.000000e-01 5.000000e-01 4.999909e-03 5.000000e-01 5.000000e-01 1.481552e+00 -0.970752 0.020080 0.076813 0.776967 0.076813 0.020080 0.970752 0.001985 -0.005204 -0.964314 -0.005204 0.001985 0.000000 
5.000000e-01 5.000000e-01 4.999909e-03 5.000000e-01 5.000000e-01 1.487507e+00 -0.974744 0.016929 0.065861 0.809163 0.065861 0.016929 0.974744 0.001259 -0.006050 -0.965162 -0.006050 0.001259 0.000000 
5.000000e-01 5.000000e-01 4.999909e-03 5.000000e-01 5.000000e-01 1.493422e+00 -0.978716 0.013774 0.054504 0.842160 0.054504 0.013774 0.978716 0.000536 -0.006892 -0.966005 -0.006892 0.000536 0.000000 
5.000000e-01 5.000000e-01 4.999909e-03 5.000000e-01 5.000000e-01 1.499296e+00 -0.982666 0.010623 0.042877 0.875665 0.042877 0.010623 0.982666 -0.000182 -0.007729 -0.966844 -0.007729 -0.000182 0.000000 
5.000000e-01 5.000000e-01 4.999909e-03 5.000000e-01 5.000000e-01 1.505128e+00 -0.986595 0.007468 0.030804 0.910050 0.030804 0.007468 0.986595 -0.000897 -0.008561 -0.967679 -0.008561 -0.000897 0.000000 
5.000000e-01 5.000000e-01 4.999909e-03 5.000000e-01 5.000000e-01 1.510927e+00 -0.990504 0.004325 0.018678 0.944499 0.018678 0.004325 0.990504 -0.001608 -0.009390 -0.968509 -0.009390 -0.001608 0.000000 
5.000000e-01 5.000000e-01 4.999909e-03 5.000000e-01 5.000000e-01 1.515008e+00 -0.993258 0.002103 0.009955 0.969141 0.009955 0.002103 0.993258 -0.002109 -0.009973 -0.969094 -0.009973 -0.002109 0.000000 
5.000000e-01 5.000000e-01 4.999909e-03 5.000000e-01 5.000000e-01 1.515008e+00 -0.993258 0.002103 0.009955 0.969141 0.009955 0.002103 0.993258 -0.002109 -0.009973 -0.969094 -0.009973 -0.002109 0.000000 
5.000000e-01 5.000000e-01 4.999909e-03 5.000000e-01 5.000000e-01 1.515008e+00 -0.993258 0.002103 0.009955 0.969141 0.009955 0.002103 0.993258 -0.002109 -0.009973 -0.969094 -0.009973 -0.002109 0.000000 
5.000000e-01 5.000000e-01 4.999909e-03 5.000000e-01 5.000000e-01 1.515008e+00 -0.993258 0.002103 0.009955 0.969141 0.009955 0.002103 0.993258 -0.002109 -0.009973 -0.969094 -0.009973 -0.002109 0.000000 
5.000000e-01 5.000000e-01 4.999909e-03 5.000000e-01 5.000000e-01 1.515008e+00 -0.993258 0.002103 0.009955 0.969141 0.009955 0.002103 0.993258 -0.002109 -0.009973 -0.969094 -0.009973 -0.002109 0.000000 
5.000000e-01 5.000000e-01 4.999909e-03 5.000000e-01 5.000000e-01 1.515008e+00 -0.993258 0.002103 0.009955 0.969141 0.009955 0.002103 0.993258 -0.002109 -0.009973 -0.969094 -0.009973 -0.002109 0.000000 
5.000000e-01 5.000000e-01 4.999909e-03 5.000000e-01 5.000000e-01 1.515008e+00 -0.993258 0.002103 0.009955 0.969141 0.009955 0.002103 0.993258 -0.002109 -0.009973 -0.969094 -0.009973 -0.002109 0.000000 
5.000000e-01 5.000000e-01 4.999909e-03 5.000000e-01 5.000000e-01 1.515008e+00 -0.993258 0.002103 0.009955 0.969141 0.009955 0.002103 0.993258 -0.002109 -0.009973 -0.969094 -0.009973 -0.002109 0.000000 
5.000000e-01 5.000000e-01 4.999909e-03 5.000000e-01 5.000000e-01 1.515008e+00 -0.993258 0.002103 0.009955 0.969141 0.009955 0.002103 0.993258 -0.002109 -0.009973 -0.969094 -0.009973 -0.002109 0.000000 
5.000000e-01 5.000000e-01 4.999909e-03 5.000000e-01 5.000000e-01 1.515008e+00 -0.993258 0.002103 0.009955 0.969141 0.009955 0.002103 0.993258 -0.002109 -0.009973 -0.969094 -0.009973 -0.002109 0.000000 
5.000000e-01 5.000000e-01 4.999909e-03 5.000000e-01 5.000000e-01 1.515008e+00 -0.993258 0.002103 0.009955 0.969141 0.009955 0.002103 0.993258 -0.002109 -0.009973 -0.969094 -0.009973 -0.002109 0.000000 
5.000000e-01 5.000000e-01 4.999909e-03 5.000000e-01 5.000000e-01 1.515008e+00 -0.993258 0.002103 0.009955 0.969141 0.009955 0.002103 0.993258 -0.002109 -0.009973 -0.969094 -0.009973 -0.002109 0.000000 
5.000000e-01 5.000000e-01 4.999909e-03 5.000000e-01 5.000000e-01 1.515008e+00 -0.993258 0.002103 0.009955 0.969141 0.009955 0.002103 0.993258 -0.002109 -0.009973 -0.969094 -0.009973 -0.002109 0.000000 
5.000000e-01 5.000000e-01 4.999909e-03 5.000000e-01 5.000000e-01 1.515008e+00 -0.993258 0.002103 0.009955 0.969141 0.009955 0.002103 0.993258 -0.002109 -0.009973 -0.969094 -0.009973 -0.002109 0.000000 
5.000000e-01 5.000000e-01 4.999909e-03 5.000000e-01 5.000000e-01 1.515008e+00 -0.993258 0.002103 0.009955 0.969141 0.009955 0.002103 0.993258 -0.002109 -0.009973 -0.969094 -0.009973 -0.002109 0.000000 
5.000000e-01 5.000000e-01 4.999909e-03 5.000000e-01 5.000000e-01 1.515008e+00 -0.993258 0.002103 0.009955 0.969141 0.009955 0.002103 0.993258 -0.002109 -0.009973 -0.969094 -0.009973 -0.002109 0.000000 
5.000000e-01 5.000000e-01 4.999909e-03 5.000000e-01 5.000000e-01 1.515008e+00 -0.993258 0.002103 0.009955 0.969141 0.009955 0.002103 0.993258 -0.002109 -0.009973 -0.969094 -0.009973 -0.002109 0.000000 
5.000000e-01 5.000000e-01 4.999909e-03 5.000000e-01 5.000000e-01 1.515008e+00 -0.993258 0.002103 0.009955 0.969141 0.009955 0.002103 0.993258 -0.002109 -0.009973 -0.969094 -0.009973 -0.002109 0.000000 
5.000000e-01 5.000000e-01 4.999909e-03 5.000000e-01 5.000000e-01 1.515008e+00 -0.993258 0.002103 0.009955 0.969141 0.009955 0.002103 0.993258 -0.002109 -0.009973 -0.969094 -0.009973 -0.002109 0.000000 
5.000000e-01 5.000000e-01 4.999909e-03 5.000000e-01 5.000000e-01 1.515008e+00 -0.993258 0.002103 0.009955 0.969141 0.009955 0.002103 0.993258 -0.002109 -0.009973 -0.969094 -0.009973 -0.002109 0.000000 
5.000000e-01 5.000000e-01 4.999909e-03 5.000000e-01 5.000000e-01 1.515008e+00 -0.993258 0.002103 0.009955 0.969141 0.009955 0.002103 0.993258 -0.002109 -0.009973 -0.969094 -0.009973 -0.002109 0.000000 
5.000000e-01 5.000000e-01 4.999909e-03 5.000000e-01 5.000000e-01 1.515008e+00 -0.993258 0.002103 0.009955 0.969141 0.009955 0.002103 0.993258 -0.002109 -0.009973 -0.969094 -0.009973 -0.002109 0.000000 
5.000000e-01 5.000000e-01 4.999909e-03 5.000000e-01 5.000000e-01 1.515008e+00 -0.993258 0.002103 0.009955 0.969141 0.009955 0.002103 0.993258 -0.002109 -0.009973 -0.969094 -0.009973 -0.002109 0.000000 
5.000000e-01 5.000000e-01 4.999909e-03 5.000000e-01 5.000000e-01 1.515008e+00 -0.993258 0.002103 0.009955 0.969141 0.009955 0.002103 0.993258 -0.002109 -0.009973 -0.969094 -0.009973 -0.002109 0.000000 
5.000000e-01 5.000000e-01 4.999909e-03 5.000000e-01 5.000000e-01 1.515008e+00 -0.993258 0.002103 0.009955 0.969141 0.009955 0.002103 0.993258 -0.002109 -0.009973 -0.969094 -0.009973 -0.002109 0.000000 
5.000000e-01 5.000000e-01 4.999909e-03 5.000000e-01 5.000000e-01 1.515008e+00 -0.993258 0.002103 0.009955 0.969141 0.009955 0.002103 0.993258 -0.002109 -0.009973 -0.969094 -0.009973 -0.002109 0.000000 
5.000000e-01 5.000000e-01 4.999909e-03 5.000000e-01 5.000000e-01 1.515008e+00 -0.993258 0.002103 0.009955 0.969141 0.009955 0.002103 0.993258 -0.002109 -0.009973 -0.969094 -0.009973 -0.002109 0.000000 
5.000000e-01 5.000000e-01 4.999909e-03 5.000000e-01 5.000000e-01 1.515008e+00 -0.993258 0.002103 0.009955 0.969141 0.009955 0.002103 0.993258 -0.002109 -0.009973 -0.969094 -0.009973 -0.002109 0.000000 
5.000000e-01 5.000000e-01 4.999909e-03 5.000000e-01 5.000000e-01 1.515008e+00 -0.993258 0.002103 0.009955 0.969141 0.009955 0.002103 0.993258 -0.002109 -0.009973 -0.969094 -0.009973 -0.002109 0.000000 
5.000000e-01 5.000000e-01 4.999909e-03 5.000000e-01 5.000000e-01 1.515008e+00 -0.993258 0.002103 0.009955 0.969141 0.009955 0.002103 0.993258 -0.002109 -0.009973 -0.969094 -0.009973 -0.002109 0.000000 
5.000000e-01 5.000000e-01 4.999909e-03 5.000000e-01 5.000000e-01 1.515008e+00 -0.993258 0.002103 0.009955 0.969141 0.009955 0.002103 0.993258 -0.002109 -0.009973 -0.969094 -0.009973 -0.002109 0.000000 
5.000000e-01 5.000000e-01 4.999909e-03 5.000000e-01 5.000000e-01 1.515008e+00 -0.993258 0.002103 0.009955 0.969141 0.009955 0.002103 0.993258 -0.002109 -0.009973 -0.969094 -0.009973 -0.002109 0.000000 
5.000000e-01 5.000000e-01 4.999909e-03 5.000000e-01 5.000000e-01 1.515008e+00 -0.993258 0.002103 0.009955 0.969141 0.009955 0.002103 0.993258 -0.002109 -0.009973 -0.969094 -0.009973 -0.002109 0.000000 
5.000000e-01 5.000000e-01 4.999909e-03 5.000000e-01 5.000000e-01 1.515008e+00 -0.993258 0.002103 0.009955 0.969141 0.009955 0.002103 0.993258 -0.002109 -0.009973 -0.969094 -0.009973 -0.002109 0.000000 
5.000000e-01 5.000000e-01 4.999909e-03 5.000000e-01 5.000000e-01 1.515008e+00 -0.993258 0.002103 0.009955 0.969141 0.009955 0.002103 0.993258 -0.002109 -0.009973 -0.969094 -0.009973 -0.002109 0.000000 
5.000000e-01 5.000000e-01 4.999909e-03 5.000000e-01 5.000000e-01 1.515008e+00 -0.993258 0.002103 0.009955 0.969141 0.009955 0.002103 0.993258 -0.002109 -0.009973 -0.969094 -0.009973 -0.002109 0.000000 
5.000000e-01 5.000000e-01 4.999909e-03 5.000000e-01 5.000000e-01 1.515008e+00 -0.993258 0.002103 0.009955 0.969141 0.009955 0.002103 0.993258 -0.002109 -0.009973 -0.969094 -0.009973 -0.002109 0.000000 
5.000000e-01 5.000000e-01 4.999909e-03 5.000000e-01 5.000000e-01 1.515008e+00 -0.993258 0.002103 0.009955 0.969141 0.009955 0.002103 0.993258 -0.002109 -0.009973 -0.969094 -0.009973 -0.002109 0.000000 
5.000000e-01 5.000000e-01 4.999909e-03 5.000000e-01 5.000000e-01 1.515008e+00 -0.993258 0.002103 0.009955 0.969141 0.009955 0.002103 0.993258 -0.002109 -0.009973 -0.969094 -0.009973 -0.002109 0.000000 
5.000000e-01 5.000000e-01 4.999909e-03 5.000000e-01 5.000000e-01 1.515008e+00 -0.993258 0.002103 0.009955 0.969141 0.009955 0.002103 0.993258 -0.002109 -0.009973 -0.969094 -0.009973 -0.002109 0.000000 
5.000000e-01 5.000000e-01 4.999909e-03 5.000000e-01 5.000000e-01 1.515008e+00 -0.993258 0.002103 0.009955 0.969141 0.009955 0.002103 0.993258 -0.002109 -0.009973 -0.969094 -0.009973 -0.002109 0.000000 
5.000000e-01 5.000000e-01 4.999909e-03 5.000000e-01 5.000000e-01 1.515008e+00 -0.993258 0.002103 0.009955 0.969141 0.009955 0.002103 0.993258 -0.002109 -0.009973 -0.969094 -0.009973 -0.002109 0.000000 
5.000000e-01 5.000000e-01 4.999909e-03 5.000000e-01 5.000000e-01 1.515008e+00 -0.993258 0.002103 0.009955 0.969141 0.009955 0.002103 0.993258 -0.002109 -0.009973 -0.969094 -0.009973 -0.002109 0.000000 
5.000000e-01 5.000000e-01 4.999909e-03 5.000000e-01 5.000000e-01 1.515008e+00 -0.993258 0.002103 0.009955 0.969141 0.009955 0.002103 0.993258 -0.002109 -0.009973 -0.969094 -0.009973 -0.002109 0.000000 
5.000000e-01 5.000000e-01 4.999909e-03 5.000000e-01 5.000000e-01 1.515008e+00 -0.993258 0.002103 0.009955 0.969141 0.009955 0.002103 0.993258 -0.002109 -0.009973 -0.969094 -0.009973 -0.002109 0.000000 
5.000000e-01 5.000000e-01 4.999909e-03 5.000000e-01 5.000000e-01 1.515008e+00 -0.993258 0.002103 0.009955 0.969141 0.009955 0.002103 0.993258 -0.002109 -0.009973 -0.969094 -0.009973 -0.002109 0.000000 
5.000000e-01 5.000000e-01 4.999909e-03 5.000000e-01 5.000000e-01 1.515008e+00 -0.993258 0.002103 0.009955 0.969141 0.009955 0.002103 0.993258 -0.002109 -0.009973 -0.969094 -0.009973 -0.002109 0.000000 
5.000000e-01 5.000000e-01 4.999909e-03 5.000000e-01 5.000000e-01 1.515008e+00 -0.993258 0.002103 0.009955 0.969141 0.009955 0.002103 0.993258 -0.002109 -0.009973 -0.969094 -0.009973 -0.002109 0.000000 
5.000000e-01 5.000000e-01 4.999909e-03 5.000000e-01 5.000000e-01 1.515008e+00 -0.993258 0.002103 0.009955 0.969141 0.009955 0.002103 0.993258 -0.002109 -0.009973 -0.969094 -0.009973 -0.002109 0.000000 
5.000000e-01 5.000000e-01 4.999909e-03 5.000000e-01 5.000000e-01 1.515008e+00 -0.993258 0.002103 0.009955 0.969141 0.009955 0.002103 0.993258 -0.002109 -0.009973 -0.969094 -0.009973 -0.002109 0.000000 
5.000000e-01 5.000000e-01 4.999909e-03 5.000000e-01 5.000000e-01 1.515008e+00 -0.993258 0.002103 0.009955 0.969141 0.009955 0.002103 0.993258 -0.002109 -0.009973 -0.969094 -0.009973 -0.002109 0.000000 
5.000000e-01 5.000000e-01 4.999909e-03 5.000000e-01 5.000000e-01 1.515008e+00 -0.993258 0.002103 0.009955 0.969141 0.009955 0.002103 0.993258 -0.002109 -0.009973 -0.969094 -0.009973 -0.002109 0.000000 
5.000000e-01 5.000000e-01 4.999909e-03 5.000000e-01 5.000000e-01 1.515008e+00 -0.993258 0.002103 0.009955 0.969141 0.009955 0.002103 0.993258 -0.002109 -0.009973 -0.969094 -0.009973 -0.002109 0.000000 
5.000000e-01 5.000000e-01 4.999909e-03 5.000000e-01 5.000000e-01 1.515008e+00 -0.993258 0.002103 0.009955 0.969141 0.009955 0.002103 0.993258 -0.002109 -0.009973 -0.969094 -0.009973 -0.002109 0.000000 
5.000000e-01 5.000000e-01 4.999909e-03 5.000000e-01 5.000000e-01 1.515008e+00 -0.993258 0.002103 0.009955 0.969141 0.009955 0.002103 0.993258 -0.002109 -0.009973 -0.969094 -0.009973 -0.002109 0.000000 
5.000000e-01 5.000000e-01 4.999909e-03 5.000000e-01 5.000000e-01 1.515008e+00 -0.993258 0.002103 0.009955 0.969141 0.009955 0.002103 0.993258 -0.002109 -0.009973 -0.969094 -0.009973 -0.002109 0.000000 
5.000000e-01 5.000000e-01 4.999909e-03 5.000000e-01 5.000000e-01 1.515008e+00 -0.993258 0.002103 0.009955 0.969141 0.009955 0.002103 0.993258 -0.002109 -0.009973 -0.969094 -0.009973 -0.002109 0.000000 
5.000000e-01 5.000000e-01 4.999909e-03 5.000000e-01 5.000000e-01 1.515008e+00 -0.993258 0.002103 0.009955 0.969141 0.009955 0.002103 0.993258 -0.002109 -0.009973 -0.969094 -0.009973 -0.002109 0.000000 
5.000000e-01 5.000000e-01 4.999909e-03 5.000000e-01 5.000000e-01 1.515008e+00 -0.993258 0.002103 0.009955 0.969141 0.009955 0.002103 0.993258 -0.002109 -0.009973 -0.969094 -0.009973 -0.002109 0.000000 
5.000000e-01 5.000000e-01 4.999909e-03 5.000000e-01 5.000000e-01 1.515008e+00 -0.993258 0.002103 0.009955 0.969141 0.009955 0.002103 0.993258 -0.002109 -0.009973 -0.969094 -0.009973 -0.002109 0.000000 
5.000000e-01 5.000000e-01 4.999909e-03 5.000000e-01 5.000000e-01 1.515008e+00 -0.993258 0.002103 0.009955 0.969141 0.009955 0.002103 0.993258 -0.002109 -0.009973 -0.969094 -0.009973 -0.002109 0.000000 
5.000000e-01 5.000000e-01 4.999909e-03 5.000000e-01 5.000000e-01 1.515008e+00 -0.993258 0.002103 0.009955 0.969141 0.009955 0.002103 0.993258 -0.002109 -0.009973 -0.969094 -0.009973 -0.002109 0.000000 
5.000000e-01 5.000000e-01 4.999909e-03 5.000000e-01 5.000000e-01 1.515008e+00 -0.993258 0.002103 0.009955 0.969141 0.009955 0.002103 0.993258 -0.002109 -0.009973 -0.969094 -0.009973 -0.002109 0.000000 
5.000000e-01 5.000000e-01 4.999909e-03 5.000000e-01 5.000000e-01 1.515008e+00 -0.993258 0.002103 0.009955 0.969141 0.009955 0.002103 0.993258 -0.002109 -0.009973 -0.969094 -0.009973 -0.002109 0.000000 
5.000000e-01 5.000000e-01 4.999909e-03 5.000000e-01 5.000000e-01 1.515008e+00 -0.993258 0.002103 0.009955 0.969141 0.009955 0.002103 0.993258 -0.002109 -0.009973 -0.969094 -0.009973 -0.002109 0.000000 
5.000000e-01 5.000000e-01 4.999909e-03 5.000000e-01 5.000000e-01 1.515008e+00 -0.993258 0.002103 0.009955 0.969141 0.009955 0.002103 0.993258 -0.002109 -0.009973 -0.969094 -0.009973 -0.002109 0.000000 
5.000000e-01 5.000000e-01 4.999909e-03 5.000000e-01 5.000000e-01 1.515008e+00 -0.993258 0.002103 0.009955 0.969141 0.009955 0.002103 0.993258 -0.002109 -0.009973 -0.969094 -0.009973 -0.002109 0.000000 
5.000000e-01 5.000000e-01 4.999909e-03 5.000000e-01 5.000000e-01 1.515008e+00 -0.993258 0.002103 0.009955 0.969141 0.009955 0.002103 0.993258 -0.002109 -0.009973 -0.969094 -0.009973 -0.002109 0.000000 
5.000000e-01 5.000000e-01 4.999909e-03 5.000000e-01 5.000000e-01 1.515008e+00 -0.993258 0.002103 0.009955 0.969141 0.009955 0.002103 0.993258 -0.002109 -0.009973 -0.969094 -0.009973 -0.002109 0.000000 
5.000000e-01 5.000000e-01 4.999909e-03 5.000000e-01 5.000000e-01 1.515008e+00 -0.993258 0.002103 0.009955 0.969141 0.009955 0.002103 0.993258 -0.002109 -0.009973 -0.969094 -0.009973 -0.002109 0.000000 
5.000000e-01 5.000000e-01 4.999909e-03 5.000000e-01 5.000000e-01 1.515008e+00 -0.993258 0.002103 0.009955 0.969141 0.009955 0.002103 0.993258 -0.002109 -0.009973 -0.969094 -0.009973 -0.002109 0.000000 
5.000000e-01 5.000000e-01 4.999909e-03 5.000000e-01 5.000000e-01 1.515008e+00 -0.993258 0.002103 0.009955 0.969141 0.009955 0.002103 0.993258 -0.002109 -0.009973 -0.969094 -0.009973 -0.002109 0.000000 
5.000000e-01 5.000000e-01 4.999909e-03 5.000000e-01 5.000000e-01 1.515008e+00 -0.993258 0.002103 0.009955 0.969141 0.009955 0.002103 0.993258 -0.002109 -0.009973 -0.969094 -0.009973 -0.002109 0.000000 
5.000000e-01 5.000000e-01 4.999909e-03 5.000000e-01 5.000000e-01 1.515008e+00 -0.993258 0.002103 0.009955 0.969141 0.009955 0.002103 0.993258 -0.002109 -0.009973 -0.969094 -0.009973 -0.002109 0.000000 
5.000000e-01 5.000000e-01 4.999909e-03 5.000000e-01 5.000000e-01 1.515008e+00 -0.993258 0.002103 0.009955 0.969141 0.009955 0.002103 0.993258 -0.002109 -0.009973 -0.969094 -0.009973 -0.002109 0.000000 
5.000000e-01 5.000000e-01 4.999909e-03 5.000000e-01 5.000000e-01 1.515008e+00 -0.993258 0.002103 0.009955 0.969141 0.009955 0.002103 0.993258 -0.002109 -0.009973 -0.969094 -0.009973 -0.002109 0.000000 
5.000000e-01 5.000000e-01 4.999909e-03 5.000000e-01 5.000000e-01 1.515008e+00 -0.993258 0.002103 0.009955 0.969141 0.009955 0.002103 0.993258 -0.002109 -0.009973 -0.969094 -0.009973 -0.002109 0.000000 
5.000000e-01 5.000000e-01 4.999909e-03 5.000000e-01 5.000000e-01 1.515008e+00 -0.993258 0.002103 0.009955 0.969141 0.009955 0.002103 0.993258 -0.002109 -0.009973 -0.969094 -0.009973 -0.002109 0.000000 
5.000000e-01 5.000000e-01 4.999909e-03 5.000000e-01 5.000000e-01 1.515008e+00 -0.993258 0.002103 0.009955 0.969141 0.009955 0.002103 0.993258 -0.002109 -0.009973 -0.969094 -0.009973 -0.002109 0.000000 
5.000000e-01 5.000000e-01 4.999909e-03 5.000000e-01 5.000000e-01 1.515008e+00 -0.993258 0.002103 0.009955 0.969141 0.009955 0.002103 0.993258 -0.002109 -0.009973 -0.969094 -0.009973 -0.002109 0.000000 
5.000000e-01 5.000000e-01 4.999909e-03 5.000000e-01 5.000000e-01 1.515008e+00 -0.993258 0.002103 0.009955 0.969141 0.009955 0.002103 0.993258 -0.002109 -0.009973 -0.969094 -0.009973 -0.002109 0.000000 
5.000000e-01 5.000000e-01 4.999909e-03 5.000000e-01 5.000000e-01 1.515008e+00 -0.993258 0.002103 0.009955 0.969141 0.009955 0.002103 0.993258 -0.002109 -0.009973 -0.969094 -0.009973 -0.002109 0.000000 
5.000000e-01 5.000000e-01 4.999909e-03 5.000000e-01 5.000000e-01 1.515008e+00 -0.993258 0.002103 0.009955 0.969141 0.009955 0.002103 0.993258 -0.002109 -0.009973 -0.969094 -0.009973 -0.002109 0.000000 
5.000000e-01 5.000000e-01 4.999909e-03 5.000000e-01 5.000000e-01 1.515008e+00 -0.993258 0.002103 0.009955 0.969141 0.009955 0.002103 0.993258 -0.002109 -0.009973 -0.969094 -0.009973 -0.002109 0.000000 
5.000000e-01 5.000000e-01 4.999909e-03 5.000000e-01 5.000000e-01 1.515008e+00 -0.993258 0.002103 0.009955 0.969141 0.009955 0.002103 0.993258 -0.002109 -0.009973 -0.969094 -0.009973 -0.002109 0.000000 
5.000000e-01 5.000000e-01 4.999909e-03 5.000000e-01 5.000000e-01 1.515008e+00 -0.993258 0.002103 0.009955 0.969141 0.009955 0.002103 0.993258 -0.002109 -0.009973 -0.969094 -0.009973 -0.002109 0.000000 
5.000000e-01 5.000000e-01 4.999909e-03 5.000000e-01 5.000000e-01 1.515008e+00 -0.993258 0.002103 0.009955 0.969141 0.009955 0.002103 0.993258 -0.002109 -0.009973 -0.969094 -0.009973 -0.002109 0.000000 
5.000000e-01 5.000000e-01 4.999909e-03 5.000000e-01 5.000000e-01 1.515008e+00 -0.993258 0.002103 0.009955 0.969141 0.009955 0.002103 0.993258 -0.002109 -0.009973 -0.969094 -0.009973 -0.002109 0.000000 
5.000000e-01 5.000000e-01 4.999909e-03 5.000000e-01 5.000000e-01 1.515008e+00 -0.993258 0.002103 0.009955 0.969141 0.009955 0.002103 0.993258 -0.002109 -0.009973 -0.969094 -0.009973 -0.002109 0.000000 
5.000000e-01 5.000000e-01 4.999909e-03 5.000000e-01 5.000000e-01 1.515008e+00 -0.993258 0.002103 0.009955 0.969141 0.009955 0.002103 0.993258 -0.002109 -0.009973 -0.969094 -0.009973 -0.002109 0.000000 
5.000000e-01 5.000000e-01 4.999909e-03 5.000000e-01 5.000000e-01 1.515008e+00 -0.993258 0.002103 0.009955 0.969141 0.009955 0.002103 0.993258 -0.002109 -0.009973 -0.969094 -0.009973 -0.002109 0.000000 
5.000000e-01 5.000000e-01 4.999909e-03 5.000000e-01 5.000000e-01 1.515008e+00 -0.993258 0.002103 0.009955 0.969141 0.009955 0.002103 0.993258 -0.002109 -0.009973 -0.969094 -0.009973 -0.002109 0.000000 
5.000000e-01 5.000000e-01 4.999909e-03 5.000000e-01 5.000000e-01 1.515008e+00 -0.993258 0.002103 0.009955 0.969141 0.009955 0.002103 0.993258 -0.002109 -0.009973 -0.969094 -0.009973 -0.002109 0.000000 
5.000000e-01 5.000000e-01 4.999909e-03 5.000000e-01 5.000000e-01 1.515008e+00 -0.993258 0.002103 0.009955 0.969141 0.009955 0.002103 0.993258 -0.002109 -0.009973 -0.969094 -0.009973 -0.002109 0.000000 
5.000000e-01 5.000000e-01 4.999909e-03 5.000000e-01 5.000000e-01 1.515008e+00 -0.993258 0.002103 0.009955 0.969141 0.009955 0.002103 0.993258 -0.002109 -0.009973 -0.969094 -0.009973 -0.002109 0.000000 
5.000000e-01 5.000000e-01 4.999909e-03 5.000000e-01 5.000000e-01 1.515008e+00 -0.993258 0.002103 0.009955 0.969141 0.009955 0.002103 0.993258 -0.002109 -0.009973 -0.969094 -0.009973 -0.002109 0.000000 
5.000000e-01 5.000000e-01 4.999909e-03 5.000000e-01 5.000000e-01 1.515008e+00 -0.993258 0.002103 0.009955 0.969141 0.009955 0.002103 0.993258 -0.002109 -0.009973 -0.969094 -0.009973 -0.002109 0.000000 
5.000000e-01 5.000000e-01 4.999909e-03 5.000000e-01 5.000000e-01 1.515008e+00 -0.993258 0.002103 0.009955 0.969141 0.009955 0.002103 0.993258 -0.002109 -0.009973 -0.969094 -0.009973 -0.002109 0.000000 
5.000000e-01 5.000000e-01 4.999909e-03 5.000000e-01 5.000000e-01 1.515008e+00 -0.993258 0.002103 0.009955 0.969141 0.009955 0.002103 0.993258 -0.002109 -0.009973 -0.969094 -0.009973 -0.002109 0.000000 
5.000000e-01 5.000000e-01 4.999909e-03 5.000000e-01 5.000000e-01 1.515008e+00 -0.993258 0.002103 0.009955 0.969141 0.009955 0.002103 0.993258 -0.002109 -0.009973 -0.969094 -0.009973 -0.002109 0.000000 
5.000000e-01 5.000000e-01 4.999909e-03 5.000000e-01 5.000000e-01 1.515008e+00 -0.993258 0.002103 0.009955 0.969141 0.009955 0.002103 0.993258 -0.002109 -0.009973 -0.969094 -0.009973 -0.002109 0.000000 
5.000000e-01 5.000000e-01 4.999909e-03 5.000000e-01 5.000000e-01 1.515008e+00 -0.993258 0.002103 0.009955 0.969141 0.009955 0.002103 0.993258 -0.002109 -0.009973 -0.969094 -0.009973 -0.002109 0.000000 
5.000000e-01 5.000000e-01 4.999909e-03 5.000000e-01 5.000000e-01 1.515008e+00 -0.993258 0.002103 0.009955 0.969141 0.009955 0.002103 0.993258 -0.002109 -0.009973 -0.969094 -0.009973 -0.002109 0.000000 
5.000000e-01 5.000000e-01 4.999909e-03 5.000000e-01 5.000000e-01 1.515008e+00 -0.993258 0.002103 0.009955 0.969141 0.009955 0.002103 0.993258 -0.002109 -0.009973 -0.969094 -0.009973 -0.002109 0.000000 
5.000000e-01 5.000000e-01 4.999909e-03 5.000000e-01 5.000000e-01 1.515008e+00 -0.993258 0.002103 0.009955 0.969141 0.009955 0.002103 0.993258 -0.002109 -0.009973 -0.969094 -0.009973 -0.002109 0.000000 
5.000000e-01 5.000000e-01 4.999909e-03 5.000000e-01 5.000000e-01 1.515008e+00 -0.993258 0.002103 0.009955 0.969141 0.009955 0.002103 0.993258 -0.002109 -0.009973 -0.969094 -0.009973 -0.002109 0.000000 
5.000000e-01 5.000000e-01 4.999909e-03 5.000000e-01 5.000000e-01 1.515008e+00 -0.993258 0.002103 0.009955 0.969141 0.009955 0.002103 0.993258 -0.002109 -0.009973 -0.969094 -0.009973 -0.002109 0.000000 
5.000000e-01 5.000000e-01 4.999909e-03 5.000000e-01 5.000000e-01 1.515008e+00 -0.993258 0.002103 0.009955 0.969141 0.009955 0.002103 0.993258 -0.002109 -0.009973 -0.969094 -0.009973 -0.002109 0.000000 
5.000000e-01 5.000000e-01 4.999909e-03 5.000000e-01 5.000000e-01 1.515008e+00 -0.993258 0.002103 0.009955 0.969141 0.009955 0.002103 0.993258 -0.002109 -0.009973 -0.969094 -0.009973 -0.002109 0.000000 
5.000000e-01 5.000000e-01 4.999909e-03 5.000000e-01 5.000000e-01 1.515008e+00 -0.993258 0.002103 0.009955 0.969141 0.009955 0.002103 0.993258 -0.002109 -0.009973 -0.969094 -0.009973 -0.002109 0.000000 
5.000000e-01 5.000000e-01 4.999909e-03 5.000000e-01 5.000000e-01 1.515008e+00 -0.993258 0.002103 0.009955 0.969141 0.009955 0.002103 0.993258 -0.002109 -0.009973 -0.969094 -0.009973 -0.002109 0.000000 
5.000000e-01 5.000000e-01 4.999909e-03 5.000000e-01 5.000000e-01 1.515008e+00 -0.993258 0.002103 0.009955 0.969141 0.009955 0.002103 0.993258 -0.002109 -0.009973 -0.969094 -0.009973 -0.002109 0.000000 
5.000000e-01 5.000000e-01 4.999909e-03 5.000000e-01 5.000000e-01 1.515008e+00 -0.993258 0.002103 0.009955 0.969141 0.009955 0.002103 0.993258 -0.002109 -0.009973 -0.969094 -0.009973 -0.002109 0.000000 
5.000000e-01 5.000000e-01 4.999909e-03 5.000000e-01 5.000000e-01 1.515008e+00 -0.993258 0.002103 0.009955 0.969141 0.009955 0.002103 0.993258 -0.002109 -0.009973 -0.969094 -0.009973 -0.002109 0.000000 
5.000000e-01 5.000000e-01 4.999909e-03 5.000000e-01 5.000000e-01 1.515008e+00 -0.993258 0.002103 0.009955 0.969141 0.009955 0.002103 0.993258 -0.002109 -0.009973 -0.969094 -0.009973 -0.002109 0.000000 
5.000000e-01 5.000000e-01 4.999909e-03 5.000000e-01 5.000000e-01 1.515008e+00 -0.993258 0.002103 0.009955 0.969141 0.009955 0.002103 0.993258 -0.002109 -0.009973 -0.969094 -0.009973 -0.002109 0.000000 
5.000000e-01 5.000000e-01 4.999909e-03 5.000000e-01 5.000000e-01 1.515008e+00 -0.993258 0.002103 0.009955 0.969141 0.009955 0.002103 0.993258 -0.002109 -0.009973 -0.969094 -0.009973 -0.002109 0.000000 
5.000000e-01 5.000000e-01 4.999909e-03 5.000000e-01 5.000000e-01 1.515008e+00 -0.993258 0.002103 0.009955 0.969141 0.009955 0.002103 0.993258 -0.002109 -0.009973 -0.969094 -0.009973 -0.002109 0.000000 
5.000000e-01 5.000000e-01 4.999909e-03 5.000000e-01 5.000000e-01 1.515008e+00 -0.993258 0.002103 0.009955 0.969141 0.009955 0.002103 0.993258 -0.002109 -0.009973 -0.969094 -0.009973 -0.002109 0.000000 
5.000000e-01 5.000000e-01 4.999909e-03 5.000000e-01 5.000000e-01 1.515008e+00 -0.993258 0.002103 0.009955 0.969141 0.009955 0.002103 0.993258 -0.002109 -0.009973 -0.969094 -0.009973 -0.002109 0.000000 
5.000000e-01 5.000000e-01 4.999909e-03 5.000000e-01 5.000000e-01 1.515008e+00 -0.993258 0.002103 0.009955 0.969141 0.009955 0.002103 0.993258 -0.002109 -0.009973 -0.969094 -0.009973 -0.002109 0.000000 
5.000000e-01 5.000000e-01 4.999909e-03 5.000000e-01 5.000000e-01 1.515008e+00 -0.993258 0.002103 0.009955 0.969141 0.009955 0.002103 0.993258 -0.002109 -0.009973 -0.969094 -0.009973 -0.002109 0.000000 
5.000000e-01 5.000000e-01 4.999909e-03 5.000000e-01 5.000000e-01 1.515008e+00 -0.993258 0.002103 0.009955 0.969141 0.009955 0.002103 0.993258 -0.002109 -0.009973 -0.969094 -0.009973 -0.002109 0.000000 
5.000000e-01 5.000000e-01 4.999909e-03 5.000000e-01 5.000000e-01 1.515008e+00 -0.993258 0.002103 0.009955 0.969141 0.009955 0.002103 0.993258 -0.002109 -0.009973 -0.969094 -0.009973 -0.002109 0.000000 
5.000000e-01 5.000000e-01 4.999909e-03 5.000000e-01 5.000000e-01 1.515008e+00 -0.993258 0.002103 0.009955 0.969141 0.009955 0.002103 0.993258 -0.002109 -0.009973 -0.969094 -0.009973 -0.002109 0.000000 
5.000000e-01 5.000000e-01 4.999909e-03 5.000000e-01 5.000000e-01 1.515008e+00 -0.993258 0.002103 0.009955 0.969141 0.009955 0.002103 0.993258 -0.002109 -0.009973 -0.969094 -0.009973 -0.002109 0.000000 
5.000000e-01 5.000000e-01 4.999909e-03 5.000000e-01 5.000000e-01 1.515008e+00 -0.993258 0.002103 0.009955 0.969141 0.009955 0.002103 0.993258 -0.002109 -0.009973 -0.969094 -0.009973 -0.002109 0.000000 
5.000000e-01 5.000000e-01 4.999909e-03 5.000000e-01 5.000000e-01 1.515008e+00 -0.993258 0.002103 0.009955 0.969141 0.009955 0.002103 0.993258 -0.002109 -0.009973 -0.969094 -0.009973 -0.002109 0.000000 
5.000000e-01 5.000000e-01 4.999909e-03 5.000000e-01 5.000000e-01 1.515008e+00 -0.993258 0.002103 0.009955 0.969141 0.009955 0.002103 0.993258 -0.002109 -0.009973 -0.969094 -0.009973 -0.002109 0.000000 
5.000000e-01 5.000000e-01 4.999909e-03 5.000000e-01 5.000000e-01 1.515008e+00 -0.993258 0.002103 0.009955 0.969141 0.009955 0.002103 0.993258 -0.002109 -0.009973 -0.969094 -0.009973 -0.002109 0.000000 
5.000000e-01 5.000000e-01 4.999909e-03 5.000000e-01 5.000000e-01 1.515008e+00 -0.993258 0.002103 0.009955 0.969141 0.009955 0.002103 0.993258 -0.002109 -0.009973 -0.969094 -0.009973 -0.002109 0.000000 
5.000000e-01 5.000000e-01 4.999909e-03 5.000000e-01 5.000000e-01 1.515008e+00 -0.993258 0.002103 0.009955 0.969141 0.009955 0.002103 0.993258 -0.002109 -0.009973 -0.969094 -0.009973 -0.002109 0.000000 
5.000000e-01 5.000000e-01 4.999909e-03 5.000000e-01 5.000000e-01 1.515008e+00 -0.993258 0.002103 0.009955 0.969141 0.009955 0.002103 0.993258 -0.002109 -0.009973 -0.969094 -0.009973 -0.002109 0.000000 
5.000000e-01 5.000000e-01 4.999909e-03 5.000000e-01 5.000000e-01 1.515008e+00 -0.993258 0.002103 0.009955 0.969141 0.009955 0.002103 0.993258 -0.002109 -0.009973 -0.969094 -0.009973 -0.002109 0.000000 
5.000000e-01 5.000000e-01 4.999909e-03 5.000000e-01 5.000000e-01 1.515008e+00 -0.993258 0.002103 0.009955 0.969141 0.009955 0.002103 0.993258 -0.002109 -0.009973 -0.969094 -0.009973 -0.002109 0.000000 
5.000000e-01 5.000000e-01 4.999909e-03 5.000000e-01 5.000000e-01 1.515008e+00 -0.993258 0.002103 0.009955 0.969141 0.009955 0.002103 0.993258 -0.002109 -0.009973 -0.969094 -0.009973 -0.002109 0.000000 
5.000000e-01 5.000000e-01 4.999909e-03 5.000000e-01 5.000000e-01 1.515008e+00 -0.993258 0.002103 0.009955 0.969141 0.009955 0.002103 0.993258 -0.002109 -0.009973 -0.969094 -0.009973 -0.002109 0.000000 
5.000000e-01 5.000000e-01 4.999909e-03 5.000000e-01 5.000000e-01 1.515008e+00 -0.993258 0.002103 0.009955 0.969141 0.009955 0.002103 0.993258 -0.002109 -0.009973 -0.969094 -0.009973 -0.002109 0.000000 
5.000000e-01 5.000000e-01 4.999909e-03 5.000000e-01 5.000000e-01 1.515008e+00 -0.993258 0.002103 0.009955 0.969141 0.009955 0.002103 0.993258 -0.002109 -0.009973 -0.969094 -0.009973 -0.002109 0.000000 
5.000000e-01 5.000000e-01 4.999909e-03 5.000000e-01 5.000000e-01 1.515008e+00 -0.993258 0.002103 0.009955 0.969141 0.009955 0.002103 0.993258 -0.002109 -0.009973 -0.969094 -0.009973 -0.002109 0.000000 
5.000000e-01 5.000000e-01 4.999909e-03 5.000000e-01 5.000000e-01 1.515008e+00 -0.993258 0.002103 0.009955 0.969141 0.009955 0.002103 0.993258 -0.002109 -0.009973 -0.969094 -0.009973 -0.002109 0.000000 
5.000000e-01 5.000000e-01 4.999909e-03 5.000000e-01 5.000000e-01 1.515008e+00 -0.993258 0.002103 0.009955 0.969141 0.009955 0.002103 0.993258 -0.002109 -0.009973 -0.969094 -0.009973 -0.002109 0.000000 
5.000000e-01 5.000000e-01 4.999909e-03 5.000000e-01 5.000000e-01 1.515008e+00 -0.993258 0.002103 0.009955 0.969141 0.009955 0.002103 0.993258 -0.002109 -0.009973 -0.969094 -0.009973 -0.002109 0.000000 
5.000000e-01 5.000000e-01 4.999909e-03 5.000000e-01 5.000000e-01 1.515008e+00 -0.993258 0.002103 0.009955 0.969141 0.009955 0.002103 0.993258 -0.002109 -0.009973 -0.969094 -0.009973 -0.002109 0.000000 
5.000000e-01 5.000000e-01 4.999909e-03 5.000000e-01 5.000000e-01 1.515008e+00 -0.993258 0.002103 0.009955 0.969141 0.009955 0.002103 0.993258 -0.002109 -0.009973 -0.969094 -0.009973 -0.002109 0.000000 
5.000000e-01 5.000000e-01 4.999909e-03 5.000000e-01 5.000000e-01 1.515008e+00 -0.993258 0.002103 0.009955 0.969141 0.009955 0.002103 0.993258 -0.002109 -0.009973 -0.969094 -0.009973 -0.002109 0.000000 
5.000000e-01 5.000000e-01 4.999909e-03 5.000000e-01 5.000000e-01 1.515008e+00 -0.993258 0.002103 0.009955 0.969141 0.009955 0.002103 0.993258 -0.002109 -0.009973 -0.969094 -0.009973 -0.002109 0.000000 
5.000000e-01 5.000000e-01 4.999909e-03 5.000000e-01 5.000000e-01 1.515008e+00 -0.993258 0.002103 0.009955 0.969141 0.009955 0.002103 0.993258 -0.002109 -0.009973 -0.969094 -0.009973 -0.002109 0.000000 
5.000000e-01 5.000000e-01 4.999909e-03 5.000000e-01 5.000000e-01 1.515008e+00 -0.993258 0.002103 0.009955 0.969141 0.009955 0.002103 0.993258 -0.002109 -0.009973 -0.969094 -0.009973 -0.002109 0.000000 
5.000000e-01 5.000000e-01 4.999909e-03 5.000000e-01 5.000000e-01 1.515008e+00 -0.993258 0.002103 0.009955 0.969141 0.009955 0.002103 0.993258 -0.002109 -0.009973 -0.969094 -0.009973 -0.002109 0.000000 
5.000000e-01 5.000000e-01 4.999909e-03 5.000000e-01 5.000000e-01 1.515008e+00 -0.993258 0.002103 0.009955 0.969141 0.009955 0.002103 0.993258 -0.002109 -0.009973 -0.969094 -0.009973 -0.002109 0.000000 
5.000000e-01 5.000000e-01 4.999909e-03 5.000000e-01 5.000000e-01 1.515008e+00 -0.993258 0.002103 0.009955 0.969141 0.009955 0.002103 0.993258 -0.002109 -0.009973 -0.969094 -0.009973 -0.002109 0.000000 
5.000000e-01 5.000000e-01 4.999909e-03 5.000000e-01 5.000000e-01 1.515008e+00 -0.993258 0.002103 0.009955 0.969141 0.009955 0.002103 0.993258 -0.002109 -0.009973 -0.969094 -0.009973 -0.002109 0.000000 
5.000000e-01 5.000000e-01 4.999909e-03 5.000000e-01 5.000000e-01 1.515008e+00 -0.993258 0.002103 0.009955 0.969141 0.009955 0.002103 0.993258 -0.002109 -0.009973 -0.969094 -0.009973 -0.002109 0.000000 
5.000000e-01 5.000000e-01 4.999909e-03 5.000000e-01 5.000000e-01 1.515008e+00 -0.993258 0.002103 0.009955 0.969141 0.009955 0.002103 0.993258 -0.002109 -0.009973 -0.969094 -0.009973 -0.002109 0.000000 
5.000000e-01 5.000000e-01 4.999909e-03 5.000000e-01 5.000000e-01 1.515008e+00 -0.993258 0.002103 0.009955 0.969141 0.009955 0.002103 0.993258 -0.002109 -0.009973 -0.969094 -0.009973 -0.002109 0.000000 
5.000000e-01 5.000000e-01 4.999909e-03 5.000000e-01 5.000000e-01 1.515008e+00 -0.993258 0.002103 0.009955 0.969141 0.009955 0.002103 0.993258 -0.002109 -0.009973 -0.969094 -0.009973 -0.002109 0.000000 
5.000000e-01 5.000000e-01 4.999909e-03 5.000000e-01 5.000000e-01 1.515008e+00 -0.993258 0.002103 0.009955 0.969141 0.009955 0.002103 0.993258 -0.002109 -0.009973 -0.969094 -0.009973 -0.002109 0.000000 
5.000000e-01 5.000000e-01 4.999909e-03 5.000000e-01 5.000000e-01 1.515008e+00 -0.993258 0.002103 0.009955 0.969141 0.009955 0.002103 0.993258 -0.002109 -0.009973 -0.969094 -0.009973 -0.002109 0.000000 
5.000000e-01 5.000000e-01 4.999909e-03 5.000000e-01 5.000000e-01 1.515008e+00 -0.993258 0.002103 0.009955 0.969141 0.009955 0.002103 0.993258 -0.002109 -0.009973 -0.969094 -0.009973 -0.002109 0.000000 
5.000000e-01 5.000000e-01 4.999909e-03 5.000000e-01 5.000000e-01 1.515008e+00 -0.993258 0.002103 0.009955 0.969141 0.009955 0.002103 0.993258 -0.002109 -0.009973 -0.969094 -0.009973 -0.002109 0.000000 
5.000000e-01 5.000000e-01 4.999909e-03 5.000000e-01 5.000000e-01 1.515008e+00 -0.993258 0.002103 0.009955 0.969141 0.009955 0.002103 0.993258 -0.002109 -0.009973 -0.969094 -0.009973 -0.002109 0.000000 
5.000000e-01 5.000000e-01 4.999909e-03 5.000000e-01 5.000000e-01 1.515008e+00 -0.993258 0.002103 0.009955 0.969141 0.009955 0.002103 0.993258 -0.002109 -0.009973 -0.969094 -0.009973 -0.002109 0.000000 
5.000000e-01 5.000000e-01 4.999909e-03 5.000000e-01 5.000000e-01 1.515008e+00 -0.993258 0.002103 0.009955 0.969141 0.009955 0.002103 0.993258 -0.002109 -0.009973 -0.969094 -0.009973 -0.002109 0.000000 
5.000000e-01 5.000000e-01 4.999909e-03 5.000000e-01 5.000000e-01 1.515008e+00 -0.993258 0.002103 0.009955 0.969141 0.009955 0.002103 0.993258 -0.002109 -0.009973 -0.969094 -0.009973 -0.002109 0.000000 
5.000000e-01 5.000000e-01 4.999909e-03 5.000000e-01 5.000000e-01 1.515008e+00 -0.993258 0.002103 0.009955 0.969141 0.009955 0.002103 0.993258 -0.002109 -0.009973 -0.969094 -0.009973 -0.002109 0.000000 
5.000000e-01 5.000000e-01 4.999909e-03 5.000000e-01 5.000000e-01 1.515008e+00 -0.993258 0.002103 0.009955 0.969141 0.009955 0.002103 0.993258 -0.002109 -0.009973 -0.969094 -0.009973 -0.002109 0.000000 
5.000000e-01 5.000000e-01 4.999909e-03 5.000000e-01 5.000000e-01 1.515008e+00 -0.993258 0.002103 0.009955 0.969141 0.009955 0.002103 0.993258 -0.002109 -0.009973 -0.969094 -0.009973 -0.002109 0.000000 
5.000000e-01 5.000000e-01 4.999909e-03 5.000000e-01 5.000000e-01 1.515008e+00 -0.993258 0.002103 0.009955 0.969141 0.009955 0.002103 0.993258 -0.002109 -0.009973 -0.969094 -0.009973 -0.002109 0.000000 
5.000000e-01 5.000000e-01 4.999909e-03 5.000000e-01 5.000000e-01 1.515008e+00 -0.993258 0.002103 0.009955 0.969141 0.009955 0.002103 0.993258 -0.002109 -0.009973 -0.969094 -0.009973 -0.002109 0.000000 
5.000000e-01 5.000000e-01 4.999909e-03 5.000000e-01 5.000000e-01 1.515008e+00 -0.993258 0.002103 0.009955 0.969141 0.009955 0.002103 0.993258 -0.002109 -0.009973 -0.969094 -0.009973 -0.002109 0.000000 
5.000000e-01 5.000000e-01 4.999909e-03 5.000000e-01 5.000000e-01 1.515008e+00 -0.993258 0.002103 0.009955 0.969141 0.009955 0.002103 0.993258 -0.002109 -0.009973 -0.969094 -0.009973 -0.002109 0.000000 
5.000000e-01 5.000000e-01 4.999909e-03 5.000000e-01 5.000000e-01 1.515008e+00 -0.993258 0.002103 0.009955 0.969141 0.009955 0.002103 0.993258 -0.002109 -0.009973 -0.969094 -0.009973 -0.002109 0.000000 
5.000000e-01 5.000000e-01 4.999909e-03 5.000000e-01 5.000000e-01 1.515008e+00 -0.993258 0.002103 0.009955 0.969141 0.009955 0.002103 0.993258 -0.002109 -0.009973 -0.969094 -0.009973 -0.002109 0.000000 
5.000000e-01 5.000000e-01 4.999909e-03 5.000000e-01 5.000000e-01 1.515008e+00 -0.993258 0.002103 0.009955 0.969141 0.009955 0.002103 0.993258 -0.002109 -0.009973 -0.969094 -0.009973 -0.002109 0.000000 
5.000000e-01 5.000000e-01 4.999909e-03 5.000000e-01 5.000000e-01 1.515008e+00 -0.993258 0.002103 0.009955 0.969141 0.009955 0.002103 0.993258 -0.002109 -0.009973 -0.969094 -0.009973 -0.002109 0.000000 
5.000000e-01 5.000000e-01 4.999909e-03 5.000000e-01 5.000000e-01 1.515008e+00 -0.993258 0.002103 0.009955 0.969141 0.009955 0.002103 0.993258 -0.002109 -0.009973 -0.969094 -0.009973 -0.002109 0.000000 
5.000000e-01 5.000000e-01 4.999909e-03 5.000000e-01 5.000000e-01 1.515008e+00 -0.993258 0.002103 0.009955 0.969141 0.009955 0.002103 0.993258 -0.002109 -0.009973 -0.969094 -0.009973 -0.002109 0.000000 
5.000000e-01 5.000000e-01 4.999909e-03 5.000000e-01 5.000000e-01 1.515008e+00 -0.993258 0.002103 0.009955 0.969141 0.009955 0.002103 0.993258 -0.002109 -0.009973 -0.969094 -0.009973 -0.002109 0.000000 
5.000000e-01 5.000000e-01 4.999909e-03 5.000000e-01 5.000000e-01 1.515008e+00 -0.993258 0.002103 0.009955 0.969141 0.009955 0.002103 0.993258 -0.002109 -0.009973 -0.969094 -0.009973 -0.002109 0.000000 
5.000000e-01 5.000000e-01 4.999909e-03 5.000000e-01 5.000000e-01 1.515008e+00 -0.993258 0.002103 0.009955 0.969141 0.009955 0.002103 0.993258 -0.002109 -0.009973 -0.969094 -0.009973 -0.002109 0.000000 
5.000000e-01 5.000000e-01 4.999909e-03 5.000000e-01 5.000000e-01 1.515008e+00 -0.993258 0.002103 0.009955 0.969141 0.009955 0.002103 0.993258 -0.002109 -0.009973 -0.969094 -0.009973 -0.002109 0.000000 
5.000000e-01 5.000000e-01 4.999909e-03 5.000000e-01 5.000000e-01 1.515008e+00 -0.993258 0.002103 0.009955 0.969141 0.009955 0.002103 0.993258 -0.002109 -0.009973 -0.969094 -0.009973 -0.002109 0.000000 
5.000000e-01 5.000000e-01 4.999909e-03 5.000000e-01 5.000000e-01 1.515008e+00 -0.993258 0.002103 0.009955 0.969141 0.009955 0.002103 0.993258 -0.002109 -0.009973 -0.969094 -0.009973 -0.002109 0.000000 
5.000000e-01 5.000000e-01 4.999909e-03 5.000000e-01 5.000000e-01 1.515008e+00 -0.993258 0.002103 0.009955 0.969141 0.009955 0.002103 0.993258 -0.002109 -0.009973 -0.969094 -0.009973 -0.002109 0.000000 
5.000000e-01 5.000000e-01 4.999909e-03 5.000000e-01 5.000000e-01 1.515008e+00 -0.993258 0.002103 0.009955 0.969141 0.009955 0.002103 0.993258 -0.002109 -0.009973 -0.969094 -0.009973 -0.002109 0.000000 
5.000000e-01 5.000000e-01 4.999909e-03 5.000000e-01 5.000000e-01 1.515008e+00 -0.993258 0.002103 0.009955 0.969141 0.009955 0.002103 0.993258 -0.002109 -0.009973 -0.969094 -0.009973 -0.002109 0.000000 
5.000000e-01 5.000000e-01 4.999909e-03 5.000000e-01 5.000000e-01 1.515008e+00 -0.993258 0.002103 0.009955 0.969141 0.009955 0.002103 0.993258 -0.002109 -0.009973 -0.969094 -0.009973 -0.002109 0.000000 
5.000000e-01 5.000000e-01 4.999909e-03 5.000000e-01 5.000000e-01 1.515008e+00 -0.993258 0.002103 0.009955 0.969141 0.009955 0.002103 0.993258 -0.002109 -0.009973 -0.969094 -0.009973 -0.002109 0.000000 
5.000000e-01 5.000000e-01 4.999909e-03 5.000000e-01 5.000000e-01 1.515008e+00 -0.993258 0.002103 0.009955 0.969141 0.009955 0.002103 0.993258 -0.002109 -0.009973 -0.969094 -0.009973 -0.002109 0.000000 
5.000000e-01 5.000000e-01 4.999909e-03 5.000000e-01 5.000000e-01 1.515008e+00 -0.993258 0.002103 0.009955 0.969141 0.009955 0.002103 0.993258 -0.002109 -0.009973 -0.969094 -0.009973 -0.002109 0.000000 
5.000000e-01 5.000000e-01 4.999909e-03 5.000000e-01 5.000000e-01 1.515008e+00 -0.993258 0.002103 0.009955 0.969141 0.009955 0.002103 0.993258 -0.002109 -0.009973 -0.969094 -0.009973 -0.002109 0.000000 
5.000000e-01 5.000000e-01 4.999909e-03 5.000000e-01 5.000000e-01 1.515008e+00 -0.993258 0.002103 0.009955 0.969141 0.009955 0.002103 0.993258 -0.002109 -0.009973 -0.969094 -0.009973 -0.002109 0.000000 
5.000000e-01 5.000000e-01 4.999909e-03 5.000000e-01 5.000000e-01 1.515008e+00 -0.993258 0.002103 0.009955 0.969141 0.009955 0.002103 0.993258 -0.002109 -0.009973 -0.969094 -0.009973 -0.002109 0.000000 
