# TeX TeY TeZ ThX ThY THZ P1 P2
5.000000e-01 5.000000e-01 1.100000e+00 5.000000e-01 5.000000e-01 1.100000e+00 0.000000 0.000000 0.000000 0.000000 0.000000 0.000000 0.000000 0.000000 0.000000 0.000000 0.000000 0.000000 0.000000 
5.000000e-01 5.000000e-01 1.090164e+00 5.000000e-01 5.000000e-01 1.107653e+00 -0.011479 0.000006 0.002837 0.005792 0.002837 0.000006 0.011479 -0.002062 -0.002441 -0.002473 -0.002441 -0.002062 0.000000 
5.000000e-01 5.000000e-01 1.080270e+00 5.000000e-01 5.000000e-01 1.115285e+00 -0.022981 0.000038 0.005677 0.011550 0.005677 0.000038 0.022981 -0.004128 -0.004887 -0.004953 -0.004887 -0.004128 0.000000 
5.000000e-01 5.000000e-01 1.070319e+00 5.000000e-01 5.000000e-01 1.122894e+00 -0.034507 0.000094 0.008518 0.017284 0.008518 0.000094 0.034507 -0.006197 -0.007338 -0.007438 -0.007338 -0.006197 0.000000 
5.000000e-01 5.000000e-01 1.060309e+00 5.000000e-01 5.000000e-01 1.130480e+00 -0.046056 0.000169 0.011358 0.023001 0.011358 0.000169 0.046056 -0.008269 -0.009794 -0.009929 -0.009794 -0.008269 0.000000 
5.000000e-01 5.000000e-01 1.050243e+00 5.000000e-01 5.000000e-01 1.138044e+00 -0.057627 0.000244 0.014195 0.028747 0.014195 0.000244 0.057627 -0.010345 -0.012255 -0.012426 -0.012255 -0.010345 0.000000 
5.000000e-01 5.000000e-01 1.040121e+00 5.000000e-01 5.000000e-01 1.145584e+00 -0.069220 0.000327 0.017028 0.034509 0.017028 0.000327 0.069220 -0.012424 -0.014721 -0.014930 -0.014721 -0.012424 0.000000 
5.000000e-01 5.000000e-01 1.029943e+00 5.000000e-01 5.000000e-01 1.153102e+00 -0.080834 0.000420 0.019854 0.040285 0.019854 0.000420 0.080834 -0.014505 -0.017192 -0.017440 -0.017192 -0.014505 0.000000 
5.000000e-01 5.000000e-01 1.019709e+00 5.000000e-01 5.000000e-01 1.160595e+00 -0.092469 0.000520 0.022673 0.046083 0.022673 0.000520 0.092469 -0.016588 -0.019668 -0.019956 -0.019668 -0.016588 0.000000 
5.000000e-01 5.000000e-01 1.009421e+00 5.000000e-01 5.000000e-01 1.168065e+00 -0.104124 0.000603 0.025481 0.051956 0.025481 0.000603 0.104124 -0.018674 -0.022149 -0.022478 -0.022149 -0.018674 0.000000 
5.000000e-01 5.000000e-01 9.990784e-01 5.000000e-01 5.000000e-01 1.175510e+00 -0.115799 0.000680 0.028275 0.057889 0.028275 0.000680 0.115799 -0.020761 -0.024635 -0.025008 -0.024635 -0.020761 0.000000 
5.000000e-01 5.000000e-01 9.886817e-01 5.000000e-01 5.000000e-01 1.182931e+00 -0.127494 0.000752 0.031056 0.063876 0.031056 0.000752 0.127494 -0.022850 -0.027125 -0.027544 -0.027125 -0.022850 0.000000 
5.000000e-01 5.000000e-01 9.782316e-01 5.000000e-01 5.000000e-01 1.190327e+00 -0.139207 0.000819 0.033823 0.069923 0.033823 0.000819 0.139207 -0.024940 -0.029620 -0.030087 -0.029620 -0.024940 0.000000 
5.000000e-01 5.000000e-01 9.677286e-01 5.000000e-01 5.000000e-01 1.197698e+00 -0.150938 0.000850 0.036565 0.076108 0.036565 0.000850 0.150938 -0.027031 -0.032119 -0.032637 -0.032119 -0.027031 0.000000 
5.000000e-01 5.000000e-01 9.571731e-01 5.000000e-01 5.000000e-01 1.205044e+00 -0.162688 0.000864 0.039285 0.082390 0.039285 0.000864 0.162688 -0.029123 -0.034623 -0.035195 -0.034623 -0.029123 0.000000 
5.000000e-01 5.000000e-01 9.465656e-01 5.000000e-01 5.000000e-01 1.212363e+00 -0.174454 0.000862 0.041982 0.088765 0.041982 0.000862 0.174454 -0.031215 -0.037132 -0.037760 -0.037132 -0.031215 0.000000 
5.000000e-01 5.000000e-01 9.359064e-01 5.000000e-01 5.000000e-01 1.219657e+00 -0.186237 0.000839 0.044653 0.095252 0.044653 0.000839 0.186237 -0.033307 -0.039645 -0.040333 -0.039645 -0.033307 0.000000 
5.000000e-01 5.000000e-01 9.251962e-01 5.000000e-01 5.000000e-01 1.226925e+00 -0.198037 0.000765 0.047282 0.101942 0.047282 0.000765 0.198037 -0.035398 -0.042163 -0.042914 -0.042163 -0.035398 0.000000 
5.000000e-01 5.000000e-01 9.144354e-01 5.000000e-01 5.000000e-01 1.234165e+00 -0.209852 0.000667 0.049877 0.108763 0.049877 0.000667 0.209852 -0.037489 -0.044685 -0.045504 -0.044685 -0.037489 0.000000 
5.000000e-01 5.000000e-01 9.036243e-01 5.000000e-01 5.000000e-01 1.241379e+00 -0.221682 0.000545 0.052437 0.115720 0.052437 0.000545 0.221682 -0.039578 -0.047212 -0.048102 -0.047212 -0.039578 0.000000 
5.000000e-01 5.000000e-01 8.927635e-01 5.000000e-01 5.000000e-01 1.248565e+00 -0.233527 0.000375 0.054945 0.122887 0.054945 0.000375 0.233527 -0.041665 -0.049743 -0.050710 -0.049743 -0.041665 0.000000 
5.000000e-01 5.000000e-01 8.818533e-01 5.000000e-01 5.000000e-01 1.255724e+00 -0.245386 0.000156 0.057393 0.130287 0.057393 0.000156 0.245386 -0.043751 -0.052279 -0.053327 -0.052279 -0.043751 0.000000 
5.000000e-01 5.000000e-01 8.708943e-01 5.000000e-01 5.000000e-01 1.262855e+00 -0.257259 -0.000094 0.059791 0.137865 0.059791 -0.000094 0.257259 -0.045833 -0.054819 -0.055955 -0.054819 -0.045833 0.000000 
5.000000e-01 5.000000e-01 8.598868e-01 5.000000e-01 5.000000e-01 1.269957e+00 -0.269145 -0.000377 0.062136 0.145627 0.062136 -0.000377 0.269146 -0.047913 -0.057364 -0.058593 -0.057364 -0.047913 0.000000 
5.000000e-01 5.000000e-01 8.488313e-01 5.000000e-01 5.000000e-01 1.277030e+00 -0.281044 -0.000736 0.064378 0.153760 0.064378 -0.000736 0.281044 -0.049988 -0.059913 -0.061242 -0.059913 -0.049988 0.000000 
5.000000e-01 5.000000e-01 8.377282e-01 5.000000e-01 5.000000e-01 1.284074e+00 -0.292955 -0.001132 0.066550 0.162118 0.066550 -0.001132 0.292955 -0.052058 -0.062467 -0.063904 -0.062467 -0.052058 0.000000 
5.000000e-01 5.000000e-01 8.265780e-01 5.000000e-01 5.000000e-01 1.291089e+00 -0.304878 -0.001563 0.068649 0.170707 0.068649 -0.001563 0.304878 -0.054124 -0.065026 -0.066578 -0.065026 -0.054124 0.000000 
5.000000e-01 5.000000e-01 8.153810e-01 5.000000e-01 5.000000e-01 1.298074e+00 -0.316811 -0.002063 0.070629 0.179681 0.070629 -0.002063 0.316812 -0.056184 -0.067589 -0.069265 -0.067589 -0.056184 0.000000 
5.000000e-01 5.000000e-01 8.041376e-01 5.000000e-01 5.000000e-01 1.305029e+00 -0.328756 -0.002621 0.072491 0.189016 0.072491 -0.002621 0.328756 -0.058237 -0.070158 -0.071966 -0.070158 -0.058237 0.000000 
5.000000e-01 5.000000e-01 7.928483e-01 5.000000e-01 5.000000e-01 1.311953e+00 -0.340710 -0.003216 0.074253 0.198637 0.074253 -0.003216 0.340711 -0.060283 -0.072731 -0.074683 -0.072731 -0.060283 0.000000 
5.000000e-01 5.000000e-01 7.815135e-01 5.000000e-01 5.000000e-01 1.318846e+00 -0.352675 -0.003870 0.075880 0.208656 0.075880 -0.003870 0.352675 -0.062321 -0.075309 -0.077415 -0.075309 -0.062321 0.000000 
5.000000e-01 5.000000e-01 7.701336e-01 5.000000e-01 5.000000e-01 1.325708e+00 -0.364648 -0.004597 0.077321 0.219200 0.077321 -0.004597 0.364648 -0.064350 -0.077892 -0.080163 -0.077892 -0.064350 0.000000 
5.000000e-01 5.000000e-01 7.587090e-01 5.000000e-01 5.000000e-01 1.332538e+00 -0.376631 -0.005362 0.078632 0.230093 0.078632 -0.005362 0.376631 -0.066368 -0.080481 -0.082932 -0.080481 -0.066368 0.000000 
5.000000e-01 5.000000e-01 7.472400e-01 5.000000e-01 5.000000e-01 1.339336e+00 -0.388621 -0.006177 0.079782 0.241412 0.079782 -0.006177 0.388621 -0.068375 -0.083075 -0.085720 -0.083075 -0.068375 0.000000 
5.000000e-01 5.000000e-01 7.357271e-01 5.000000e-01 5.000000e-01 1.346101e+00 -0.400620 -0.007076 0.080665 0.253443 0.080665 -0.007076 0.400620 -0.070370 -0.085676 -0.088529 -0.085676 -0.070370 0.000000 
5.000000e-01 5.000000e-01 7.241706e-01 5.000000e-01 5.000000e-01 1.352833e+00 -0.412626 -0.008012 0.081376 0.265897 0.081376 -0.008012 0.412626 -0.072351 -0.088281 -0.091360 -0.088281 -0.072351 0.000000 
5.000000e-01 5.000000e-01 7.125710e-01 5.000000e-01 5.000000e-01 1.359532e+00 -0.424638 -0.008993 0.081893 0.278837 0.081893 -0.008993 0.424638 -0.074318 -0.090893 -0.094216 -0.090893 -0.074318 0.000000 
5.000000e-01 5.000000e-01 7.009286e-01 5.000000e-01 5.000000e-01 1.366197e+00 -0.436658 -0.010060 0.082044 0.292691 0.082044 -0.010060 0.436658 -0.076269 -0.093512 -0.097097 -0.093512 -0.076269 0.000000 
5.000000e-01 5.000000e-01 6.892437e-01 5.000000e-01 5.000000e-01 1.372828e+00 -0.448684 -0.011160 0.081978 0.307048 0.081978 -0.011160 0.448684 -0.078201 -0.096137 -0.100008 -0.096137 -0.078201 0.000000 
5.000000e-01 5.000000e-01 6.775168e-01 5.000000e-01 5.000000e-01 1.379425e+00 -0.460716 -0.012302 0.081659 0.322003 0.081659 -0.012302 0.460716 -0.080113 -0.098769 -0.102951 -0.098769 -0.080113 0.000000 
5.000000e-01 5.000000e-01 6.657483e-01 5.000000e-01 5.000000e-01 1.385987e+00 -0.472754 -0.013526 0.080870 0.338067 0.080870 -0.013526 0.472754 -0.082005 -0.101409 -0.105926 -0.101409 -0.082005 0.000000 
5.000000e-01 5.000000e-01 6.539384e-01 5.000000e-01 5.000000e-01 1.392513e+00 -0.484797 -0.014778 0.079817 0.354719 0.079817 -0.014778 0.484797 -0.083874 -0.104056 -0.108937 -0.104056 -0.083874 0.000000 
5.000000e-01 5.000000e-01 6.420875e-01 5.000000e-01 5.000000e-01 1.399004e+00 -0.496846 -0.016074 0.078412 0.372171 0.078412 -0.016074 0.496846 -0.085718 -0.106711 -0.111987 -0.106711 -0.085718 0.000000 
5.000000e-01 5.000000e-01 6.301961e-01 5.000000e-01 5.000000e-01 1.405459e+00 -0.508900 -0.017438 0.076449 0.390879 0.076449 -0.017438 0.508900 -0.087536 -0.109375 -0.115077 -0.109375 -0.087536 0.000000 
5.000000e-01 5.000000e-01 6.182644e-01 5.000000e-01 5.000000e-01 1.411878e+00 -0.520959 -0.018824 0.074179 0.410249 0.074179 -0.018824 0.520959 -0.089322 -0.112048 -0.118218 -0.112048 -0.089322 0.000000 
5.000000e-01 5.000000e-01 6.062928e-01 5.000000e-01 5.000000e-01 1.418260e+00 -0.533023 -0.020258 0.071393 0.430754 0.071393 -0.020258 0.533023 -0.091076 -0.114731 -0.121410 -0.114731 -0.091076 0.000000 
5.000000e-01 5.000000e-01 5.942816e-01 5.000000e-01 5.000000e-01 1.424605e+00 -0.545093 -0.021740 0.068016 0.452541 0.068016 -0.021740 0.545093 -0.092796 -0.117423 -0.124654 -0.117423 -0.092796 0.000000 
5.000000e-01 5.000000e-01 5.822313e-01 5.000000e-01 5.000000e-01 1.430914e+00 -0.557166 -0.023238 0.064304 0.475034 0.064304 -0.023238 0.557166 -0.094479 -0.120126 -0.127957 -0.120126 -0.094479 0.000000 
5.000000e-01 5.000000e-01 5.701420e-01 5.000000e-01 5.000000e-01 1.437185e+00 -0.569247 -0.024790 0.059828 0.499173 0.059828 -0.024790 0.569247 -0.096122 -0.122840 -0.131323 -0.122840 -0.096122 0.000000 
5.000000e-01 5.000000e-01 5.580142e-01 5.000000e-01 5.000000e-01 1.443419e+00 -0.581333 -0.026365 0.054837 0.524390 0.054837 -0.026365 0.581334 -0.097717 -0.125566 -0.134767 -0.125566 -0.097717 0.000000 
5.000000e-01 5.000000e-01 5.458482e-01 5.000000e-01 5.000000e-01 1.449615e+00 -0.593424 -0.027954 0.049436 0.550459 0.049436 -0.027954 0.593424 -0.099264 -0.128303 -0.138288 -0.128303 -0.099264 0.000000 
5.000000e-01 5.000000e-01 5.336443e-01 5.000000e-01 5.000000e-01 1.455773e+00 -0.605523 -0.029593 0.043086 0.578538 0.043086 -0.029593 0.605524 -0.100762 -0.131054 -0.141892 -0.131054 -0.100762 0.000000 
5.000000e-01 5.000000e-01 5.214028e-01 5.000000e-01 5.000000e-01 1.461893e+00 -0.617627 -0.031234 0.036386 0.607323 0.036386 -0.031234 0.617627 -0.102204 -0.133817 -0.145585 -0.133817 -0.102204 0.000000 
5.000000e-01 5.000000e-01 5.091241e-01 5.000000e-01 5.000000e-01 1.467975e+00 -0.629738 -0.032899 0.028993 0.637549 0.028993 -0.032899 0.629738 -0.103584 -0.136593 -0.149383 -0.136593 -0.103584 0.000000 
5.000000e-01 5.000000e-01 4.968085e-01 5.000000e-01 5.000000e-01 1.474019e+00 -0.641855 -0.034581 0.020954 0.669109 0.020954 -0.034581 0.641856 -0.104895 -0.139384 -0.153299 -0.139384 -0.104895 0.000000 
5.000000e-01 5.000000e-01 4.844563e-01 5.000000e-01 5.000000e-01 1.480023e+00 -0.653976 -0.036257 0.012623 0.701245 0.012623 -0.036257 0.653976 -0.106135 -0.142186 -0.157333 -0.142186 -0.106135 0.000000 
5.000000e-01 5.000000e-01 4.720677e-01 5.000000e-01 5.000000e-01 1.485989e+00 -0.666106 -0.037962 0.003385 0.735261 0.003385 -0.037962 0.666106 -0.107301 -0.145003 -0.161497 -0.145003 -0.107301 0.000000 
5.000000e-01 5.000000e-01 4.596432e-01 5.000000e-01 5.000000e-01 1.491914e+00 -0.678237 -0.039653 -0.006044 0.769633 -0.006044 -0.039653 0.678237 -0.108385 -0.147831 -0.165805 -0.147831 -0.108385 0.000000 
5.000000e-01 5.000000e-01 4.471830e-01 5.000000e-01 5.000000e-01 1.497799e+00 -0.690372 -0.041346 -0.015951 0.804967 -0.015951 -0.041346 0.690372 -0.109369 -0.150672 -0.170291 -0.150672 -0.109369 0.000000 
5.000000e-01 5.000000e-01 4.346874e-01 5.000000e-01 5.000000e-01 1.503642e+00 -0.702508 -0.043029 -0.026147 0.840860 -0.026147 -0.043029 0.702508 -0.110258 -0.153522 -0.174949 -0.153522 -0.110258 0.000000 
5.000000e-01 5.000000e-01 4.221566e-01 5.000000e-01 5.000000e-01 1.509441e+00 -0.714641 -0.044693 -0.036475 0.876979 -0.036475 -0.044693 0.714641 -0.111043 -0.156379 -0.179795 -0.156379 -0.111043 0.000000 
5.000000e-01 5.000000e-01 4.095911e-01 5.000000e-01 5.000000e-01 1.515035e+00 -0.726662 -0.046254 -0.046647 0.912464 -0.046647 -0.046254 0.726662 -0.111696 -0.159219 -0.184831 -0.159219 -0.111696 0.000000 
5.000000e-01 5.000000e-01 3.969911e-01 5.000000e-01 5.000000e-01 1.515035e+00 -0.734931 -0.044766 -0.044889 0.914242 -0.044889 -0.044766 0.734931 -0.111532 -0.161267 -0.189333 -0.161267 -0.111532 0.000000 
5.000000e-01 5.000000e-01 3.843569e-01 5.000000e-01 5.000000e-01 1.515035e+00 -0.743223 -0.043273 -0.043127 0.916024 -0.043127 -0.043273 0.743223 -0.111244 -0.163319 -0.194097 -0.163319 -0.111244 0.000000 
5.000000e-01 5.000000e-01 3.716887e-01 5.000000e-01 5.000000e-01 1.515035e+00 -0.751537 -0.041775 -0.041361 0.917809 -0.041361 -0.041775 0.751538 -0.110823 -0.165371 -0.199149 -0.165371 -0.110823 0.000000 
5.000000e-01 5.000000e-01 3.589868e-01 5.000000e-01 5.000000e-01 1.515035e+00 -0.759874 -0.040271 -0.039591 0.919596 -0.039591 -0.040271 0.759874 -0.110251 -0.167415 -0.204541 -0.167415 -0.110251 0.000000 
5.000000e-01 5.000000e-01 3.462516e-01 5.000000e-01 5.000000e-01 1.515035e+00 -0.768231 -0.038762 -0.037816 0.921387 -0.037816 -0.038762 0.768231 -0.109510 -0.169442 -0.210328 -0.169442 -0.109510 0.000000 
5.000000e-01 5.000000e-01 3.334832e-01 5.000000e-01 5.000000e-01 1.515035e+00 -0.776611 -0.037248 -0.036037 0.923180 -0.036037 -0.037248 0.776611 -0.108604 -0.171444 -0.216515 -0.171444 -0.108604 0.000000 
5.000000e-01 5.000000e-01 3.206821e-01 5.000000e-01 5.000000e-01 1.515035e+00 -0.785011 -0.035729 -0.034254 0.924977 -0.034254 -0.035729 0.785012 -0.107523 -0.173410 -0.223144 -0.173410 -0.107523 0.000000 
5.000000e-01 5.000000e-01 3.078483e-01 5.000000e-01 5.000000e-01 1.515035e+00 -0.793433 -0.034205 -0.032467 0.926778 -0.032467 -0.034205 0.793433 -0.106231 -0.175317 -0.230337 -0.175317 -0.106231 0.000000 
5.000000e-01 5.000000e-01 2.949822e-01 5.000000e-01 5.000000e-01 1.515035e+00 -0.801876 -0.032677 -0.030675 0.928581 -0.030675 -0.032677 0.801876 -0.104731 -0.177149 -0.238116 -0.177149 -0.104731 0.000000 
5.000000e-01 5.000000e-01 2.820841e-01 5.000000e-01 5.000000e-01 1.515035e+00 -0.810340 -0.031144 -0.028880 0.930388 -0.028880 -0.031144 0.810340 -0.103021 -0.178886 -0.246527 -0.178886 -0.103021 0.000000 
5.000000e-01 5.000000e-01 2.691541e-01 5.000000e-01 5.000000e-01 1.515035e+00 -0.818825 -0.029607 -0.027080 0.932199 -0.027080 -0.029607 0.818825 -0.101075 -0.180495 -0.255685 -0.180495 -0.101075 0.000000 
5.000000e-01 5.000000e-01 2.561925e-01 5.000000e-01 5.000000e-01 1.515035e+00 -0.827330 -0.028065 -0.025276 0.934012 -0.025276 -0.028065 0.827330 -0.098864 -0.181923 -0.265757 -0.181923 -0.098864 0.000000 
5.000000e-01 5.000000e-01 2.431996e-01 5.000000e-01 5.000000e-01 1.515035e+00 -0.835856 -0.026519 -0.023468 0.935830 -0.023468 -0.026519 0.835856 -0.096404 -0.183147 -0.276754 -0.183147 -0.096404 0.000000 
5.000000e-01 5.000000e-01 2.301755e-01 5.000000e-01 5.000000e-01 1.515035e+00 -0.844402 -0.024969 -0.021655 0.937651 -0.021655 -0.024969 0.844402 -0.093686 -0.184117 -0.288795 -0.184117 -0.093686 0.000000 
5.000000e-01 5.000000e-01 2.171205e-01 5.000000e-01 5.000000e-01 1.515035e+00 -0.852969 -0.023414 -0.019839 0.939475 -0.019839 -0.023414 0.852969 -0.090651 -0.184709 -0.302250 -0.184709 -0.090651 0.000000 
5.000000e-01 5.000000e-01 2.040346e-01 5.000000e-01 5.000000e-01 1.515035e+00 -0.861556 -0.021856 -0.018018 0.941304 -0.018018 -0.021856 0.861556 -0.087331 -0.184889 -0.317116 -0.184889 -0.087331 0.000000 
5.000000e-01 5.000000e-01 1.909180e-01 5.000000e-01 5.000000e-01 1.515035e+00 -0.870164 -0.020293 -0.016193 0.943136 -0.016193 -0.020293 0.870164 -0.083723 -0.184573 -0.333573 -0.184573 -0.083723 0.000000 
5.000000e-01 5.000000e-01 1.777707e-01 5.000000e-01 5.000000e-01 1.515035e+00 -0.878794 -0.018725 -0.014364 0.944972 -0.014364 -0.018725 0.878794 -0.079779 -0.183554 -0.352129 -0.183554 -0.079779 0.000000 
5.000000e-01 5.000000e-01 1.645927e-01 5.000000e-01 5.000000e-01 1.515035e+00 -0.887445 -0.017154 -0.012530 0.946812 -0.012530 -0.017154 0.887445 -0.075516 -0.181724 -0.372964 -0.181724 -0.075516 0.000000 
5.000000e-01 5.000000e-01 1.513838e-01 5.000000e-01 5.000000e-01 1.515035e+00 -0.896119 -0.015578 -0.010691 0.948657 -0.010691 -0.015578 0.896119 -0.070949 -0.178961 -0.396299 -0.178961 -0.070949 0.000000 
5.000000e-01 5.000000e-01 1.381437e-01 5.000000e-01 5.000000e-01 1.515035e+00 -0.904818 -0.013997 -0.008848 0.950507 -0.008848 -0.013997 0.904818 -0.066043 -0.174929 -0.422872 -0.174929 -0.066043 0.000000 
5.000000e-01 5.000000e-01 1.248717e-01 5.000000e-01 5.000000e-01 1.515035e+00 -0.913543 -0.012411 -0.006998 0.952362 -0.006998 -0.012411 0.913543 -0.060810 -0.169390 -0.453143 -0.169390 -0.060810 0.000000 
5.000000e-01 5.000000e-01 1.115670e-01 5.000000e-01 5.000000e-01 1.515035e+00 -0.922298 -0.010819 -0.005143 0.954223 -0.005143 -0.010819 0.922298 -0.055279 -0.162183 -0.487375 -0.162183 -0.055279 0.000000 
5.000000e-01 5.000000e-01 9.822816e-02 5.000000e-01 5.000000e-01 1.515035e+00 -0.931088 -0.009221 -0.003280 0.956091 -0.003280 -0.009221 0.931088 -0.049429 -0.152786 -0.526659 -0.152786 -0.049429 0.000000 
5.000000e-01 5.000000e-01 8.485359e-02 5.000000e-01 5.000000e-01 1.515035e+00 -0.939919 -0.007615 -0.001409 0.957967 -0.001409 -0.007615 0.939919 -0.043276 -0.140844 -0.571679 -0.140844 -0.043276 0.000000 
5.000000e-01 5.000000e-01 7.144101e-02 5.000000e-01 5.000000e-01 1.515035e+00 -0.948797 -0.006001 0.000473 0.959853 0.000473 -0.006001 0.948797 -0.036859 -0.126248 -0.622583 -0.126248 -0.036859 0.000000 
5.000000e-01 5.000000e-01 5.798808e-02 5.000000e-01 5.000000e-01 1.515035e+00 -0.957733 -0.004376 0.002366 0.961752 0.002366 -0.004376 0.957733 -0.030169 -0.108383 -0.680628 -0.108383 -0.030169 0.000000 
5.000000e-01 5.000000e-01 4.449283e-02 5.000000e-01 5.000000e-01 1.515035e+00 -0.966733 -0.002739 0.004274 0.963664 0.004274 -0.002739 0.966733 -0.023240 -0.087194 -0.745863 -0.087194 -0.023240 0.000000 
5.000000e-01 5.000000e-01 3.095449e-02 5.000000e-01 5.000000e-01 1.515035e+00 -0.975799 -0.001090 0.006195 0.965589 0.006195 -0.001090 0.975799 -0.016119 -0.063037 -0.817487 -0.063037 -0.016119 0.000000 
5.000000e-01 5.000000e-01 1.737482e-02 5.000000e-01 5.000000e-01 1.515035e+00 -0.984932 0.000571 0.008130 0.967529 0.008130 0.000571 0.984932 -0.008828 -0.036022 -0.895231 -0.036022 -0.008828 0.000000 
5.000000e-01 5.000000e-01 4.999987e-03 5.000000e-01 5.000000e-01 1.515035e+00 -0.993276 0.002089 0.009898 0.969302 0.009898 0.002089 0.993276 -0.002112 -0.009977 -0.969097 -0.009977 -0.002112 0.000000 
5.000000e-01 5.000000e-01 4.999987e-03 5.000000e-01 5.000000e-01 1.515035e+00 -0.993276 0.002089 0.009898 0.969302 0.009898 0.002089 0.993276 -0.002112 -0.009977 -0.969097 -0.009977 -0.002112 0.000000 
5.000000e-01 5.000000e-01 4.999987e-03 5.000000e-01 5.000000e-01 1.515035e+00 -0.993276 0.002089 0.009898 0.969302 0.009898 0.002089 0.993276 -0.002112 -0.009977 -0.969097 -0.009977 -0.002112 0.000000 
5.000000e-01 5.000000e-01 4.999987e-03 5.000000e-01 5.000000e-01 1.515035e+00 -0.993276 0.002089 0.009898 0.969302 0.009898 0.002089 0.993276 -0.002112 -0.009977 -0.969097 -0.009977 -0.002112 0.000000 
5.000000e-01 5.000000e-01 4.999987e-03 5.000000e-01 5.000000e-01 1.515035e+00 -0.993276 0.002089 0.009898 0.969302 0.009898 0.002089 0.993276 -0.002112 -0.009977 -0.969097 -0.009977 -0.002112 0.000000 
5.000000e-01 5.000000e-01 4.999987e-03 5.000000e-01 5.000000e-01 1.515035e+00 -0.993276 0.002089 0.009898 0.969302 0.009898 0.002089 0.993276 -0.002112 -0.009977 -0.969097 -0.009977 -0.002112 0.000000 
5.000000e-01 5.000000e-01 4.999987e-03 5.000000e-01 5.000000e-01 1.515035e+00 -0.993276 0.002089 0.009898 0.969302 0.009898 0.002089 0.993276 -0.002112 -0.009977 -0.969097 -0.009977 -0.002112 0.000000 
5.000000e-01 5.000000e-01 4.999987e-03 5.000000e-01 5.000000e-01 1.515035e+00 -0.993276 0.002089 0.009898 0.969302 0.009898 0.002089 0.993276 -0.002112 -0.009977 -0.969097 -0.009977 -0.002112 0.000000 
5.000000e-01 5.000000e-01 4.999987e-03 5.000000e-01 5.000000e-01 1.515035e+00 -0.993276 0.002089 0.009898 0.969302 0.009898 0.002089 0.993276 -0.002112 -0.009977 -0.969097 -0.009977 -0.002112 0.000000 
5.000000e-01 5.000000e-01 4.999987e-03 5.000000e-01 5.000000e-01 1.515035e+00 -0.993276 0.002089 0.009898 0.969302 0.009898 0.002089 0.993276 -0.002112 -0.009977 -0.969097 -0.009977 -0.002112 0.000000 
5.000000e-01 5.000000e-01 4.999987e-03 5.000000e-01 5.000000e-01 1.515035e+00 -0.993276 0.002089 0.009898 0.969302 0.009898 0.002089 0.993276 -0.002112 -0.009977 -0.969097 -0.009977 -0.002112 0.000000 
5.000000e-01 5.000000e-01 4.999987e-03 5.000000e-01 5.000000e-01 1.515035e+00 -0.993276 0.002089 0.009898 0.969302 0.009898 0.002089 0.993276 -0.002112 -0.009977 -0.969097 -0.009977 -0.002112 0.000000 
5.000000e-01 5.000000e-01 4.999987e-03 5.000000e-01 5.000000e-01 1.515035e+00 -0.993276 0.002089 0.009898 0.969302 0.009898 0.002089 0.993276 -0.002112 -0.009977 -0.969097 -0.009977 -0.002112 0.000000 
5.000000e-01 5.000000e-01 4.999987e-03 5.000000e-01 5.000000e-01 1.515035e+00 -0.993276 0.002089 0.009898 0.969302 0.009898 0.002089 0.993276 -0.002112 -0.009977 -0.969097 -0.009977 -0.002112 0.000000 
5.000000e-01 5.000000e-01 4.999987e-03 5.000000e-01 5.000000e-01 1.515035e+00 -0.993276 0.002089 0.009898 0.969302 0.009898 0.002089 0.993276 -0.002112 -0.009977 -0.969097 -0.009977 -0.002112 0.000000 
5.000000e-01 5.000000e-01 4.999987e-03 5.000000e-01 5.000000e-01 1.515035e+00 -0.993276 0.002089 0.009898 0.969302 0.009898 0.002089 0.993276 -0.002112 -0.009977 -0.969097 -0.009977 -0.002112 0.000000 
5.000000e-01 5.000000e-01 4.999987e-03 5.000000e-01 5.000000e-01 1.515035e+00 -0.993276 0.002089 0.009898 0.969302 0.009898 0.002089 0.993276 -0.002112 -0.009977 -0.969097 -0.009977 -0.002112 0.000000 
5.000000e-01 5.000000e-01 4.999987e-03 5.000000e-01 5.000000e-01 1.515035e+00 -0.993276 0.002089 0.009898 0.969302 0.009898 0.002089 0.993276 -0.002112 -0.009977 -0.969097 -0.009977 -0.002112 0.000000 
5.000000e-01 5.000000e-01 4.999987e-03 5.000000e-01 5.000000e-01 1.515035e+00 -0.993276 0.002089 0.009898 0.969302 0.009898 0.002089 0.993276 -0.002112 -0.009977 -0.969097 -0.009977 -0.002112 0.000000 
5.000000e-01 5.000000e-01 4.999987e-03 5.000000e-01 5.000000e-01 1.515035e+00 -0.993276 0.002089 0.009898 0.969302 0.009898 0.002089 0.993276 -0.002112 -0.009977 -0.969097 -0.009977 -0.002112 0.000000 
5.000000e-01 5.000000e-01 4.999987e-03 5.000000e-01 5.000000e-01 1.515035e+00 -0.993276 0.002089 0.009898 0.969302 0.009898 0.002089 0.993276 -0.002112 -0.009977 -0.969097 -0.009977 -0.002112 0.000000 
5.000000e-01 5.000000e-01 4.999987e-03 5.000000e-01 5.000000e-01 1.515035e+00 -0.993276 0.002089 0.009898 0.969302 0.009898 0.002089 0.993276 -0.002112 -0.009977 -0.969097 -0.009977 -0.002112 0.000000 
5.000000e-01 5.000000e-01 4.999987e-03 5.000000e-01 5.000000e-01 1.515035e+00 -0.993276 0.002089 0.009898 0.969302 0.009898 0.002089 0.993276 -0.002112 -0.009977 -0.969097 -0.009977 -0.002112 0.000000 
5.000000e-01 5.000000e-01 4.999987e-03 5.000000e-01 5.000000e-01 1.515035e+00 -0.993276 0.002089 0.009898 0.969302 0.009898 0.002089 0.993276 -0.002112 -0.009977 -0.969097 -0.009977 -0.002112 0.000000 
5.000000e-01 5.000000e-01 4.999987e-03 5.000000e-01 5.000000e-01 1.515035e+00 -0.993276 0.002089 0.009898 0.969302 0.009898 0.002089 0.993276 -0.002112 -0.009977 -0.969097 -0.009977 -0.002112 0.000000 
5.000000e-01 5.000000e-01 4.999987e-03 5.000000e-01 5.000000e-01 1.515035e+00 -0.993276 0.002089 0.009898 0.969302 0.009898 0.002089 0.993276 -0.002112 -0.009977 -0.969097 -0.009977 -0.002112 0.000000 
5.000000e-01 5.000000e-01 4.999987e-03 5.000000e-01 5.000000e-01 1.515035e+00 -0.993276 0.002089 0.009898 0.969302 0.009898 0.002089 0.993276 -0.002112 -0.009977 -0.969097 -0.009977 -0.002112 0.000000 
5.000000e-01 5.000000e-01 4.999987e-03 5.000000e-01 5.000000e-01 1.515035e+00 -0.993276 0.002089 0.009898 0.969302 0.009898 0.002089 0.993276 -0.002112 -0.009977 -0.969097 -0.009977 -0.002112 0.000000 
5.000000e-01 5.000000e-01 4.999987e-03 5.000000e-01 5.000000e-01 1.515035e+00 -0.993276 0.002089 0.009898 0.969302 0.009898 0.002089 0.993276 -0.002112 -0.009977 -0.969097 -0.009977 -0.002112 0.000000 
5.000000e-01 5.000000e-01 4.999987e-03 5.000000e-01 5.000000e-01 1.515035e+00 -0.993276 0.002089 0.009898 0.969302 0.009898 0.002089 0.993276 -0.002112 -0.009977 -0.969097 -0.009977 -0.002112 0.000000 
5.000000e-01 5.000000e-01 4.999987e-03 5.000000e-01 5.000000e-01 1.515035e+00 -0.993276 0.002089 0.009898 0.969302 0.009898 0.002089 0.993276 -0.002112 -0.009977 -0.969097 -0.009977 -0.002112 0.000000 
5.000000e-01 5.000000e-01 4.999987e-03 5.000000e-01 5.000000e-01 1.515035e+00 -0.993276 0.002089 0.009898 0.969302 0.009898 0.002089 0.993276 -0.002112 -0.009977 -0.969097 -0.009977 -0.002112 0.000000 
5.000000e-01 5.000000e-01 4.999987e-03 5.000000e-01 5.000000e-01 1.515035e+00 -0.993276 0.002089 0.009898 0.969302 0.009898 0.002089 0.993276 -0.002112 -0.009977 -0.969097 -0.009977 -0.002112 0.000000 
5.000000e-01 5.000000e-01 4.999987e-03 5.000000e-01 5.000000e-01 1.515035e+00 -0.993276 0.002089 0.009898 0.969302 0.009898 0.002089 0.993276 -0.002112 -0.009977 -0.969097 -0.009977 -0.002112 0.000000 
5.000000e-01 5.000000e-01 4.999987e-03 5.000000e-01 5.000000e-01 1.515035e+00 -0.993276 0.002089 0.009898 0.969302 0.009898 0.002089 0.993276 -0.002112 -0.009977 -0.969097 -0.009977 -0.002112 0.000000 
5.000000e-01 5.000000e-01 4.999987e-03 5.000000e-01 5.000000e-01 1.515035e+00 -0.993276 0.002089 0.009898 0.969302 0.009898 0.002089 0.993276 -0.002112 -0.009977 -0.969097 -0.009977 -0.002112 0.000000 
5.000000e-01 5.000000e-01 4.999987e-03 5.000000e-01 5.000000e-01 1.515035e+00 -0.993276 0.002089 0.009898 0.969302 0.009898 0.002089 0.993276 -0.002112 -0.009977 -0.969097 -0.009977 -0.002112 0.000000 
5.000000e-01 5.000000e-01 4.999987e-03 5.000000e-01 5.000000e-01 1.515035e+00 -0.993276 0.002089 0.009898 0.969302 0.009898 0.002089 0.993276 -0.002112 -0.009977 -0.969097 -0.009977 -0.002112 0.000000 
5.000000e-01 5.000000e-01 4.999987e-03 5.000000e-01 5.000000e-01 1.515035e+00 -0.993276 0.002089 0.009898 0.969302 0.009898 0.002089 0.993276 -0.002112 -0.009977 -0.969097 -0.009977 -0.002112 0.000000 
5.000000e-01 5.000000e-01 4.999987e-03 5.000000e-01 5.000000e-01 1.515035e+00 -0.993276 0.002089 0.009898 0.969302 0.009898 0.002089 0.993276 -0.002112 -0.009977 -0.969097 -0.009977 -0.002112 0.000000 
5.000000e-01 5.000000e-01 4.999987e-03 5.000000e-01 5.000000e-01 1.515035e+00 -0.993276 0.002089 0.009898 0.969302 0.009898 0.002089 0.993276 -0.002112 -0.009977 -0.969097 -0.009977 -0.002112 0.000000 
5.000000e-01 5.000000e-01 4.999987e-03 5.000000e-01 5.000000e-01 1.515035e+00 -0.993276 0.002089 0.009898 0.969302 0.009898 0.002089 0.993276 -0.002112 -0.009977 -0.969097 -0.009977 -0.002112 0.000000 
5.000000e-01 5.000000e-01 4.999987e-03 5.000000e-01 5.000000e-01 1.515035e+00 -0.993276 0.002089 0.009898 0.969302 0.009898 0.002089 0.993276 -0.002112 -0.009977 -0.969097 -0.009977 -0.002112 0.000000 
5.000000e-01 5.000000e-01 4.999987e-03 5.000000e-01 5.000000e-01 1.515035e+00 -0.993276 0.002089 0.009898 0.969302 0.009898 0.002089 0.993276 -0.002112 -0.009977 -0.969097 -0.009977 -0.002112 0.000000 
5.000000e-01 5.000000e-01 4.999987e-03 5.000000e-01 5.000000e-01 1.515035e+00 -0.993276 0.002089 0.009898 0.969302 0.009898 0.002089 0.993276 -0.002112 -0.009977 -0.969097 -0.009977 -0.002112 0.000000 
5.000000e-01 5.000000e-01 4.999987e-03 5.000000e-01 5.000000e-01 1.515035e+00 -0.993276 0.002089 0.009898 0.969302 0.009898 0.002089 0.993276 -0.002112 -0.009977 -0.969097 -0.009977 -0.002112 0.000000 
5.000000e-01 5.000000e-01 4.999987e-03 5.000000e-01 5.000000e-01 1.515035e+00 -0.993276 0.002089 0.009898 0.969302 0.009898 0.002089 0.993276 -0.002112 -0.009977 -0.969097 -0.009977 -0.002112 0.000000 
5.000000e-01 5.000000e-01 4.999987e-03 5.000000e-01 5.000000e-01 1.515035e+00 -0.993276 0.002089 0.009898 0.969302 0.009898 0.002089 0.993276 -0.002112 -0.009977 -0.969097 -0.009977 -0.002112 0.000000 
5.000000e-01 5.000000e-01 4.999987e-03 5.000000e-01 5.000000e-01 1.515035e+00 -0.993276 0.002089 0.009898 0.969302 0.009898 0.002089 0.993276 -0.002112 -0.009977 -0.969097 -0.009977 -0.002112 0.000000 
5.000000e-01 5.000000e-01 4.999987e-03 5.000000e-01 5.000000e-01 1.515035e+00 -0.993276 0.002089 0.009898 0.969302 0.009898 0.002089 0.993276 -0.002112 -0.009977 -0.969097 -0.009977 -0.002112 0.000000 
5.000000e-01 5.000000e-01 4.999987e-03 5.000000e-01 5.000000e-01 1.515035e+00 -0.993276 0.002089 0.009898 0.969302 0.009898 0.002089 0.993276 -0.002112 -0.009977 -0.969097 -0.009977 -0.002112 0.000000 
5.000000e-01 5.000000e-01 4.999987e-03 5.000000e-01 5.000000e-01 1.515035e+00 -0.993276 0.002089 0.009898 0.969302 0.009898 0.002089 0.993276 -0.002112 -0.009977 -0.969097 -0.009977 -0.002112 0.000000 
5.000000e-01 5.000000e-01 4.999987e-03 5.000000e-01 5.000000e-01 1.515035e+00 -0.993276 0.002089 0.009898 0.969302 0.009898 0.002089 0.993276 -0.002112 -0.009977 -0.969097 -0.009977 -0.002112 0.000000 
5.000000e-01 5.000000e-01 4.999987e-03 5.000000e-01 5.000000e-01 1.515035e+00 -0.993276 0.002089 0.009898 0.969302 0.009898 0.002089 0.993276 -0.002112 -0.009977 -0.969097 -0.009977 -0.002112 0.000000 
5.000000e-01 5.000000e-01 4.999987e-03 5.000000e-01 5.000000e-01 1.515035e+00 -0.993276 0.002089 0.009898 0.969302 0.009898 0.002089 0.993276 -0.002112 -0.009977 -0.969097 -0.009977 -0.002112 0.000000 
5.000000e-01 5.000000e-01 4.999987e-03 5.000000e-01 5.000000e-01 1.515035e+00 -0.993276 0.002089 0.009898 0.969302 0.009898 0.002089 0.993276 -0.002112 -0.009977 -0.969097 -0.009977 -0.002112 0.000000 
5.000000e-01 5.000000e-01 4.999987e-03 5.000000e-01 5.000000e-01 1.515035e+00 -0.993276 0.002089 0.009898 0.969302 0.009898 0.002089 0.993276 -0.002112 -0.009977 -0.969097 -0.009977 -0.002112 0.000000 
5.000000e-01 5.000000e-01 4.999987e-03 5.000000e-01 5.000000e-01 1.515035e+00 -0.993276 0.002089 0.009898 0.969302 0.009898 0.002089 0.993276 -0.002112 -0.009977 -0.969097 -0.009977 -0.002112 0.000000 
5.000000e-01 5.000000e-01 4.999987e-03 5.000000e-01 5.000000e-01 1.515035e+00 -0.993276 0.002089 0.009898 0.969302 0.009898 0.002089 0.993276 -0.002112 -0.009977 -0.969097 -0.009977 -0.002112 0.000000 
5.000000e-01 5.000000e-01 4.999987e-03 5.000000e-01 5.000000e-01 1.515035e+00 -0.993276 0.002089 0.009898 0.969302 0.009898 0.002089 0.993276 -0.002112 -0.009977 -0.969097 -0.009977 -0.002112 0.000000 
5.000000e-01 5.000000e-01 4.999987e-03 5.000000e-01 5.000000e-01 1.515035e+00 -0.993276 0.002089 0.009898 0.969302 0.009898 0.002089 0.993276 -0.002112 -0.009977 -0.969097 -0.009977 -0.002112 0.000000 
5.000000e-01 5.000000e-01 4.999987e-03 5.000000e-01 5.000000e-01 1.515035e+00 -0.993276 0.002089 0.009898 0.969302 0.009898 0.002089 0.993276 -0.002112 -0.009977 -0.969097 -0.009977 -0.002112 0.000000 
5.000000e-01 5.000000e-01 4.999987e-03 5.000000e-01 5.000000e-01 1.515035e+00 -0.993276 0.002089 0.009898 0.969302 0.009898 0.002089 0.993276 -0.002112 -0.009977 -0.969097 -0.009977 -0.002112 0.000000 
5.000000e-01 5.000000e-01 4.999987e-03 5.000000e-01 5.000000e-01 1.515035e+00 -0.993276 0.002089 0.009898 0.969302 0.009898 0.002089 0.993276 -0.002112 -0.009977 -0.969097 -0.009977 -0.002112 0.000000 
5.000000e-01 5.000000e-01 4.999987e-03 5.000000e-01 5.000000e-01 1.515035e+00 -0.993276 0.002089 0.009898 0.969302 0.009898 0.002089 0.993276 -0.002112 -0.009977 -0.969097 -0.009977 -0.002112 0.000000 
5.000000e-01 5.000000e-01 4.999987e-03 5.000000e-01 5.000000e-01 1.515035e+00 -0.993276 0.002089 0.009898 0.969302 0.009898 0.002089 0.993276 -0.002112 -0.009977 -0.969097 -0.009977 -0.002112 0.000000 
5.000000e-01 5.000000e-01 4.999987e-03 5.000000e-01 5.000000e-01 1.515035e+00 -0.993276 0.002089 0.009898 0.969302 0.009898 0.002089 0.993276 -0.002112 -0.009977 -0.969097 -0.009977 -0.002112 0.000000 
5.000000e-01 5.000000e-01 4.999987e-03 5.000000e-01 5.000000e-01 1.515035e+00 -0.993276 0.002089 0.009898 0.969302 0.009898 0.002089 0.993276 -0.002112 -0.009977 -0.969097 -0.009977 -0.002112 0.000000 
5.000000e-01 5.000000e-01 4.999987e-03 5.000000e-01 5.000000e-01 1.515035e+00 -0.993276 0.002089 0.009898 0.969302 0.009898 0.002089 0.993276 -0.002112 -0.009977 -0.969097 -0.009977 -0.002112 0.000000 
5.000000e-01 5.000000e-01 4.999987e-03 5.000000e-01 5.000000e-01 1.515035e+00 -0.993276 0.002089 0.009898 0.969302 0.009898 0.002089 0.993276 -0.002112 -0.009977 -0.969097 -0.009977 -0.002112 0.000000 
5.000000e-01 5.000000e-01 4.999987e-03 5.000000e-01 5.000000e-01 1.515035e+00 -0.993276 0.002089 0.009898 0.969302 0.009898 0.002089 0.993276 -0.002112 -0.009977 -0.969097 -0.009977 -0.002112 0.000000 
5.000000e-01 5.000000e-01 4.999987e-03 5.000000e-01 5.000000e-01 1.515035e+00 -0.993276 0.002089 0.009898 0.969302 0.009898 0.002089 0.993276 -0.002112 -0.009977 -0.969097 -0.009977 -0.002112 0.000000 
5.000000e-01 5.000000e-01 4.999987e-03 5.000000e-01 5.000000e-01 1.515035e+00 -0.993276 0.002089 0.009898 0.969302 0.009898 0.002089 0.993276 -0.002112 -0.009977 -0.969097 -0.009977 -0.002112 0.000000 
5.000000e-01 5.000000e-01 4.999987e-03 5.000000e-01 5.000000e-01 1.515035e+00 -0.993276 0.002089 0.009898 0.969302 0.009898 0.002089 0.993276 -0.002112 -0.009977 -0.969097 -0.009977 -0.002112 0.000000 
5.000000e-01 5.000000e-01 4.999987e-03 5.000000e-01 5.000000e-01 1.515035e+00 -0.993276 0.002089 0.009898 0.969302 0.009898 0.002089 0.993276 -0.002112 -0.009977 -0.969097 -0.009977 -0.002112 0.000000 
5.000000e-01 5.000000e-01 4.999987e-03 5.000000e-01 5.000000e-01 1.515035e+00 -0.993276 0.002089 0.009898 0.969302 0.009898 0.002089 0.993276 -0.002112 -0.009977 -0.969097 -0.009977 -0.002112 0.000000 
5.000000e-01 5.000000e-01 4.999987e-03 5.000000e-01 5.000000e-01 1.515035e+00 -0.993276 0.002089 0.009898 0.969302 0.009898 0.002089 0.993276 -0.002112 -0.009977 -0.969097 -0.009977 -0.002112 0.000000 
5.000000e-01 5.000000e-01 4.999987e-03 5.000000e-01 5.000000e-01 1.515035e+00 -0.993276 0.002089 0.009898 0.969302 0.009898 0.002089 0.993276 -0.002112 -0.009977 -0.969097 -0.009977 -0.002112 0.000000 
5.000000e-01 5.000000e-01 4.999987e-03 5.000000e-01 5.000000e-01 1.515035e+00 -0.993276 0.002089 0.009898 0.969302 0.009898 0.002089 0.993276 -0.002112 -0.009977 -0.969097 -0.009977 -0.002112 0.000000 
5.000000e-01 5.000000e-01 4.999987e-03 5.000000e-01 5.000000e-01 1.515035e+00 -0.993276 0.002089 0.009898 0.969302 0.009898 0.002089 0.993276 -0.002112 -0.009977 -0.969097 -0.009977 -0.002112 0.000000 
5.000000e-01 5.000000e-01 4.999987e-03 5.000000e-01 5.000000e-01 1.515035e+00 -0.993276 0.002089 0.009898 0.969302 0.009898 0.002089 0.993276 -0.002112 -0.009977 -0.969097 -0.009977 -0.002112 0.000000 
5.000000e-01 5.000000e-01 4.999987e-03 5.000000e-01 5.000000e-01 1.515035e+00 -0.993276 0.002089 0.009898 0.969302 0.009898 0.002089 0.993276 -0.002112 -0.009977 -0.969097 -0.009977 -0.002112 0.000000 
5.000000e-01 5.000000e-01 4.999987e-03 5.000000e-01 5.000000e-01 1.515035e+00 -0.993276 0.002089 0.009898 0.969302 0.009898 0.002089 0.993276 -0.002112 -0.009977 -0.969097 -0.009977 -0.002112 0.000000 
5.000000e-01 5.000000e-01 4.999987e-03 5.000000e-01 5.000000e-01 1.515035e+00 -0.993276 0.002089 0.009898 0.969302 0.009898 0.002089 0.993276 -0.002112 -0.009977 -0.969097 -0.009977 -0.002112 0.000000 
5.000000e-01 5.000000e-01 4.999987e-03 5.000000e-01 5.000000e-01 1.515035e+00 -0.993276 0.002089 0.009898 0.969302 0.009898 0.002089 0.993276 -0.002112 -0.009977 -0.969097 -0.009977 -0.002112 0.000000 
5.000000e-01 5.000000e-01 4.999987e-03 5.000000e-01 5.000000e-01 1.515035e+00 -0.993276 0.002089 0.009898 0.969302 0.009898 0.002089 0.993276 -0.002112 -0.009977 -0.969097 -0.009977 -0.002112 0.000000 
5.000000e-01 5.000000e-01 4.999987e-03 5.000000e-01 5.000000e-01 1.515035e+00 -0.993276 0.002089 0.009898 0.969302 0.009898 0.002089 0.993276 -0.002112 -0.009977 -0.969097 -0.009977 -0.002112 0.000000 
5.000000e-01 5.000000e-01 4.999987e-03 5.000000e-01 5.000000e-01 1.515035e+00 -0.993276 0.002089 0.009898 0.969302 0.009898 0.002089 0.993276 -0.002112 -0.009977 -0.969097 -0.009977 -0.002112 0.000000 
5.000000e-01 5.000000e-01 4.999987e-03 5.000000e-01 5.000000e-01 1.515035e+00 -0.993276 0.002089 0.009898 0.969302 0.009898 0.002089 0.993276 -0.002112 -0.009977 -0.969097 -0.009977 -0.002112 0.000000 
5.000000e-01 5.000000e-01 4.999987e-03 5.000000e-01 5.000000e-01 1.515035e+00 -0.993276 0.002089 0.009898 0.969302 0.009898 0.002089 0.993276 -0.002112 -0.009977 -0.969097 -0.009977 -0.002112 0.000000 
5.000000e-01 5.000000e-01 4.999987e-03 5.000000e-01 5.000000e-01 1.515035e+00 -0.993276 0.002089 0.009898 0.969302 0.009898 0.002089 0.993276 -0.002112 -0.009977 -0.969097 -0.009977 -0.002112 0.000000 
5.000000e-01 5.000000e-01 4.999987e-03 5.000000e-01 5.000000e-01 1.515035e+00 -0.993276 0.002089 0.009898 0.969302 0.009898 0.002089 0.993276 -0.002112 -0.009977 -0.969097 -0.009977 -0.002112 0.000000 
5.000000e-01 5.000000e-01 4.999987e-03 5.000000e-01 5.000000e-01 1.515035e+00 -0.993276 0.002089 0.009898 0.969302 0.009898 0.002089 0.993276 -0.002112 -0.009977 -0.969097 -0.009977 -0.002112 0.000000 
5.000000e-01 5.000000e-01 4.999987e-03 5.000000e-01 5.000000e-01 1.515035e+00 -0.993276 0.002089 0.009898 0.969302 0.009898 0.002089 0.993276 -0.002112 -0.009977 -0.969097 -0.009977 -0.002112 0.000000 
5.000000e-01 5.000000e-01 4.999987e-03 5.000000e-01 5.000000e-01 1.515035e+00 -0.993276 0.002089 0.009898 0.969302 0.009898 0.002089 0.993276 -0.002112 -0.009977 -0.969097 -0.009977 -0.002112 0.000000 
5.000000e-01 5.000000e-01 4.999987e-03 5.000000e-01 5.000000e-01 1.515035e+00 -0.993276 0.002089 0.009898 0.969302 0.009898 0.002089 0.993276 -0.002112 -0.009977 -0.969097 -0.009977 -0.002112 0.000000 
5.000000e-01 5.000000e-01 4.999987e-03 5.000000e-01 5.000000e-01 1.515035e+00 -0.993276 0.002089 0.009898 0.969302 0.009898 0.002089 0.993276 -0.002112 -0.009977 -0.969097 -0.009977 -0.002112 0.000000 
5.000000e-01 5.000000e-01 4.999987e-03 5.000000e-01 5.000000e-01 1.515035e+00 -0.993276 0.002089 0.009898 0.969302 0.009898 0.002089 0.993276 -0.002112 -0.009977 -0.969097 -0.009977 -0.002112 0.000000 
5.000000e-01 5.000000e-01 4.999987e-03 5.000000e-01 5.000000e-01 1.515035e+00 -0.993276 0.002089 0.009898 0.969302 0.009898 0.002089 0.993276 -0.002112 -0.009977 -0.969097 -0.009977 -0.002112 0.000000 
5.000000e-01 5.000000e-01 4.999987e-03 5.000000e-01 5.000000e-01 1.515035e+00 -0.993276 0.002089 0.009898 0.969302 0.009898 0.002089 0.993276 -0.002112 -0.009977 -0.969097 -0.009977 -0.002112 0.000000 
5.000000e-01 5.000000e-01 4.999987e-03 5.000000e-01 5.000000e-01 1.515035e+00 -0.993276 0.002089 0.009898 0.969302 0.009898 0.002089 0.993276 -0.002112 -0.009977 -0.969097 -0.009977 -0.002112 0.000000 
5.000000e-01 5.000000e-01 4.999987e-03 5.000000e-01 5.000000e-01 1.515035e+00 -0.993276 0.002089 0.009898 0.969302 0.009898 0.002089 0.993276 -0.002112 -0.009977 -0.969097 -0.009977 -0.002112 0.000000 
5.000000e-01 5.000000e-01 4.999987e-03 5.000000e-01 5.000000e-01 1.515035e+00 -0.993276 0.002089 0.009898 0.969302 0.009898 0.002089 0.993276 -0.002112 -0.009977 -0.969097 -0.009977 -0.002112 0.000000 
5.000000e-01 5.000000e-01 4.999987e-03 5.000000e-01 5.000000e-01 1.515035e+00 -0.993276 0.002089 0.009898 0.969302 0.009898 0.002089 0.993276 -0.002112 -0.009977 -0.969097 -0.009977 -0.002112 0.000000 
5.000000e-01 5.000000e-01 4.999987e-03 5.000000e-01 5.000000e-01 1.515035e+00 -0.993276 0.002089 0.009898 0.969302 0.009898 0.002089 0.993276 -0.002112 -0.009977 -0.969097 -0.009977 -0.002112 0.000000 
5.000000e-01 5.000000e-01 4.999987e-03 5.000000e-01 5.000000e-01 1.515035e+00 -0.993276 0.002089 0.009898 0.969302 0.009898 0.002089 0.993276 -0.002112 -0.009977 -0.969097 -0.009977 -0.002112 0.000000 
5.000000e-01 5.000000e-01 4.999987e-03 5.000000e-01 5.000000e-01 1.515035e+00 -0.993276 0.002089 0.009898 0.969302 0.009898 0.002089 0.993276 -0.002112 -0.009977 -0.969097 -0.009977 -0.002112 0.000000 
5.000000e-01 5.000000e-01 4.999987e-03 5.000000e-01 5.000000e-01 1.515035e+00 -0.993276 0.002089 0.009898 0.969302 0.009898 0.002089 0.993276 -0.002112 -0.009977 -0.969097 -0.009977 -0.002112 0.000000 
5.000000e-01 5.000000e-01 4.999987e-03 5.000000e-01 5.000000e-01 1.515035e+00 -0.993276 0.002089 0.009898 0.969302 0.009898 0.002089 0.993276 -0.002112 -0.009977 -0.969097 -0.009977 -0.002112 0.000000 
5.000000e-01 5.000000e-01 4.999987e-03 5.000000e-01 5.000000e-01 1.515035e+00 -0.993276 0.002089 0.009898 0.969302 0.009898 0.002089 0.993276 -0.002112 -0.009977 -0.969097 -0.009977 -0.002112 0.000000 
5.000000e-01 5.000000e-01 4.999987e-03 5.000000e-01 5.000000e-01 1.515035e+00 -0.993276 0.002089 0.009898 0.969302 0.009898 0.002089 0.993276 -0.002112 -0.009977 -0.969097 -0.009977 -0.002112 0.000000 
5.000000e-01 5.000000e-01 4.999987e-03 5.000000e-01 5.000000e-01 1.515035e+00 -0.993276 0.002089 0.009898 0.969302 0.009898 0.002089 0.993276 -0.002112 -0.009977 -0.969097 -0.009977 -0.002112 0.000000 
5.000000e-01 5.000000e-01 4.999987e-03 5.000000e-01 5.000000e-01 1.515035e+00 -0.993276 0.002089 0.009898 0.969302 0.009898 0.002089 0.993276 -0.002112 -0.009977 -0.969097 -0.009977 -0.002112 0.000000 
5.000000e-01 5.000000e-01 4.999987e-03 5.000000e-01 5.000000e-01 1.515035e+00 -0.993276 0.002089 0.009898 0.969302 0.009898 0.002089 0.993276 -0.002112 -0.009977 -0.969097 -0.009977 -0.002112 0.000000 
5.000000e-01 5.000000e-01 4.999987e-03 5.000000e-01 5.000000e-01 1.515035e+00 -0.993276 0.002089 0.009898 0.969302 0.009898 0.002089 0.993276 -0.002112 -0.009977 -0.969097 -0.009977 -0.002112 0.000000 
5.000000e-01 5.000000e-01 4.999987e-03 5.000000e-01 5.000000e-01 1.515035e+00 -0.993276 0.002089 0.009898 0.969302 0.009898 0.002089 0.993276 -0.002112 -0.009977 -0.969097 -0.009977 -0.002112 0.000000 
5.000000e-01 5.000000e-01 4.999987e-03 5.000000e-01 5.000000e-01 1.515035e+00 -0.993276 0.002089 0.009898 0.969302 0.009898 0.002089 0.993276 -0.002112 -0.009977 -0.969097 -0.009977 -0.002112 0.000000 
5.000000e-01 5.000000e-01 4.999987e-03 5.000000e-01 5.000000e-01 1.515035e+00 -0.993276 0.002089 0.009898 0.969302 0.009898 0.002089 0.993276 -0.002112 -0.009977 -0.969097 -0.009977 -0.002112 0.000000 
5.000000e-01 5.000000e-01 4.999987e-03 5.000000e-01 5.000000e-01 1.515035e+00 -0.993276 0.002089 0.009898 0.969302 0.009898 0.002089 0.993276 -0.002112 -0.009977 -0.969097 -0.009977 -0.002112 0.000000 
5.000000e-01 5.000000e-01 4.999987e-03 5.000000e-01 5.000000e-01 1.515035e+00 -0.993276 0.002089 0.009898 0.969302 0.009898 0.002089 0.993276 -0.002112 -0.009977 -0.969097 -0.009977 -0.002112 0.000000 
5.000000e-01 5.000000e-01 4.999987e-03 5.000000e-01 5.000000e-01 1.515035e+00 -0.993276 0.002089 0.009898 0.969302 0.009898 0.002089 0.993276 -0.002112 -0.009977 -0.969097 -0.009977 -0.002112 0.000000 
5.000000e-01 5.000000e-01 4.999987e-03 5.000000e-01 5.000000e-01 1.515035e+00 -0.993276 0.002089 0.009898 0.969302 0.009898 0.002089 0.993276 -0.002112 -0.009977 -0.969097 -0.009977 -0.002112 0.000000 
5.000000e-01 5.000000e-01 4.999987e-03 5.000000e-01 5.000000e-01 1.515035e+00 -0.993276 0.002089 0.009898 0.969302 0.009898 0.002089 0.993276 -0.002112 -0.009977 -0.969097 -0.009977 -0.002112 0.000000 
5.000000e-01 5.000000e-01 4.999987e-03 5.000000e-01 5.000000e-01 1.515035e+00 -0.993276 0.002089 0.009898 0.969302 0.009898 0.002089 0.993276 -0.002112 -0.009977 -0.969097 -0.009977 -0.002112 0.000000 
5.000000e-01 5.000000e-01 4.999987e-03 5.000000e-01 5.000000e-01 1.515035e+00 -0.993276 0.002089 0.009898 0.969302 0.009898 0.002089 0.993276 -0.002112 -0.009977 -0.969097 -0.009977 -0.002112 0.000000 
5.000000e-01 5.000000e-01 4.999987e-03 5.000000e-01 5.000000e-01 1.515035e+00 -0.993276 0.002089 0.009898 0.969302 0.009898 0.002089 0.993276 -0.002112 -0.009977 -0.969097 -0.009977 -0.002112 0.000000 
5.000000e-01 5.000000e-01 4.999987e-03 5.000000e-01 5.000000e-01 1.515035e+00 -0.993276 0.002089 0.009898 0.969302 0.009898 0.002089 0.993276 -0.002112 -0.009977 -0.969097 -0.009977 -0.002112 0.000000 
5.000000e-01 5.000000e-01 4.999987e-03 5.000000e-01 5.000000e-01 1.515035e+00 -0.993276 0.002089 0.009898 0.969302 0.009898 0.002089 0.993276 -0.002112 -0.009977 -0.969097 -0.009977 -0.002112 0.000000 
5.000000e-01 5.000000e-01 4.999987e-03 5.000000e-01 5.000000e-01 1.515035e+00 -0.993276 0.002089 0.009898 0.969302 0.009898 0.002089 0.993276 -0.002112 -0.009977 -0.969097 -0.009977 -0.002112 0.000000 
5.000000e-01 5.000000e-01 4.999987e-03 5.000000e-01 5.000000e-01 1.515035e+00 -0.993276 0.002089 0.009898 0.969302 0.009898 0.002089 0.993276 -0.002112 -0.009977 -0.969097 -0.009977 -0.002112 0.000000 
5.000000e-01 5.000000e-01 4.999987e-03 5.000000e-01 5.000000e-01 1.515035e+00 -0.993276 0.002089 0.009898 0.969302 0.009898 0.002089 0.993276 -0.002112 -0.009977 -0.969097 -0.009977 -0.002112 0.000000 
5.000000e-01 5.000000e-01 4.999987e-03 5.000000e-01 5.000000e-01 1.515035e+00 -0.993276 0.002089 0.009898 0.969302 0.009898 0.002089 0.993276 -0.002112 -0.009977 -0.969097 -0.009977 -0.002112 0.000000 
5.000000e-01 5.000000e-01 4.999987e-03 5.000000e-01 5.000000e-01 1.515035e+00 -0.993276 0.002089 0.009898 0.969302 0.009898 0.002089 0.993276 -0.002112 -0.009977 -0.969097 -0.009977 -0.002112 0.000000 
5.000000e-01 5.000000e-01 4.999987e-03 5.000000e-01 5.000000e-01 1.515035e+00 -0.993276 0.002089 0.009898 0.969302 0.009898 0.002089 0.993276 -0.002112 -0.009977 -0.969097 -0.009977 -0.002112 0.000000 
5.000000e-01 5.000000e-01 4.999987e-03 5.000000e-01 5.000000e-01 1.515035e+00 -0.993276 0.002089 0.009898 0.969302 0.009898 0.002089 0.993276 -0.002112 -0.009977 -0.969097 -0.009977 -0.002112 0.000000 
5.000000e-01 5.000000e-01 4.999987e-03 5.000000e-01 5.000000e-01 1.515035e+00 -0.993276 0.002089 0.009898 0.969302 0.009898 0.002089 0.993276 -0.002112 -0.009977 -0.969097 -0.009977 -0.002112 0.000000 
5.000000e-01 5.000000e-01 4.999987e-03 5.000000e-01 5.000000e-01 1.515035e+00 -0.993276 0.002089 0.009898 0.969302 0.009898 0.002089 0.993276 -0.002112 -0.009977 -0.969097 -0.009977 -0.002112 0.000000 
5.000000e-01 5.000000e-01 4.999987e-03 5.000000e-01 5.000000e-01 1.515035e+00 -0.993276 0.002089 0.009898 0.969302 0.009898 0.002089 0.993276 -0.002112 -0.009977 -0.969097 -0.009977 -0.002112 0.000000 
5.000000e-01 5.000000e-01 4.999987e-03 5.000000e-01 5.000000e-01 1.515035e+00 -0.993276 0.002089 0.009898 0.969302 0.009898 0.002089 0.993276 -0.002112 -0.009977 -0.969097 -0.009977 -0.002112 0.000000 
5.000000e-01 5.000000e-01 4.999987e-03 5.000000e-01 5.000000e-01 1.515035e+00 -0.993276 0.002089 0.009898 0.969302 0.009898 0.002089 0.993276 -0.002112 -0.009977 -0.969097 -0.009977 -0.002112 0.000000 
5.000000e-01 5.000000e-01 4.999987e-03 5.000000e-01 5.000000e-01 1.515035e+00 -0.993276 0.002089 0.009898 0.969302 0.009898 0.002089 0.993276 -0.002112 -0.009977 -0.969097 -0.009977 -0.002112 0.000000 
5.000000e-01 5.000000e-01 4.999987e-03 5.000000e-01 5.000000e-01 1.515035e+00 -0.993276 0.002089 0.009898 0.969302 0.009898 0.002089 0.993276 -0.002112 -0.009977 -0.969097 -0.009977 -0.002112 0.000000 
5.000000e-01 5.000000e-01 4.999987e-03 5.000000e-01 5.000000e-01 1.515035e+00 -0.993276 0.002089 0.009898 0.969302 0.009898 0.002089 0.993276 -0.002112 -0.009977 -0.969097 -0.009977 -0.002112 0.000000 
5.000000e-01 5.000000e-01 4.999987e-03 5.000000e-01 5.000000e-01 1.515035e+00 -0.993276 0.002089 0.009898 0.969302 0.009898 0.002089 0.993276 -0.002112 -0.009977 -0.969097 -0.009977 -0.002112 0.000000 
5.000000e-01 5.000000e-01 4.999987e-03 5.000000e-01 5.000000e-01 1.515035e+00 -0.993276 0.002089 0.009898 0.969302 0.009898 0.002089 0.993276 -0.002112 -0.009977 -0.969097 -0.009977 -0.002112 0.000000 
5.000000e-01 5.000000e-01 4.999987e-03 5.000000e-01 5.000000e-01 1.515035e+00 -0.993276 0.002089 0.009898 0.969302 0.009898 0.002089 0.993276 -0.002112 -0.009977 -0.969097 -0.009977 -0.002112 0.000000 
5.000000e-01 5.000000e-01 4.999987e-03 5.000000e-01 5.000000e-01 1.515035e+00 -0.993276 0.002089 0.009898 0.969302 0.009898 0.002089 0.993276 -0.002112 -0.009977 -0.969097 -0.009977 -0.002112 0.000000 
5.000000e-01 5.000000e-01 4.999987e-03 5.000000e-01 5.000000e-01 1.515035e+00 -0.993276 0.002089 0.009898 0.969302 0.009898 0.002089 0.993276 -0.002112 -0.009977 -0.969097 -0.009977 -0.002112 0.000000 
5.000000e-01 5.000000e-01 4.999987e-03 5.000000e-01 5.000000e-01 1.515035e+00 -0.993276 0.002089 0.009898 0.969302 0.009898 0.002089 0.993276 -0.002112 -0.009977 -0.969097 -0.009977 -0.002112 0.000000 
5.000000e-01 5.000000e-01 4.999987e-03 5.000000e-01 5.000000e-01 1.515035e+00 -0.993276 0.002089 0.009898 0.969302 0.009898 0.002089 0.993276 -0.002112 -0.009977 -0.969097 -0.009977 -0.002112 0.000000 
5.000000e-01 5.000000e-01 4.999987e-03 5.000000e-01 5.000000e-01 1.515035e+00 -0.993276 0.002089 0.009898 0.969302 0.009898 0.002089 0.993276 -0.002112 -0.009977 -0.969097 -0.009977 -0.002112 0.000000 
5.000000e-01 5.000000e-01 4.999987e-03 5.000000e-01 5.000000e-01 1.515035e+00 -0.993276 0.002089 0.009898 0.969302 0.009898 0.002089 0.993276 -0.002112 -0.009977 -0.969097 -0.009977 -0.002112 0.000000 
5.000000e-01 5.000000e-01 4.999987e-03 5.000000e-01 5.000000e-01 1.515035e+00 -0.993276 0.002089 0.009898 0.969302 0.009898 0.002089 0.993276 -0.002112 -0.009977 -0.969097 -0.009977 -0.002112 0.000000 
5.000000e-01 5.000000e-01 4.999987e-03 5.000000e-01 5.000000e-01 1.515035e+00 -0.993276 0.002089 0.009898 0.969302 0.009898 0.002089 0.993276 -0.002112 -0.009977 -0.969097 -0.009977 -0.002112 0.000000 
5.000000e-01 5.000000e-01 4.999987e-03 5.000000e-01 5.000000e-01 1.515035e+00 -0.993276 0.002089 0.009898 0.969302 0.009898 0.002089 0.993276 -0.002112 -0.009977 -0.969097 -0.009977 -0.002112 0.000000 
5.000000e-01 5.000000e-01 4.999987e-03 5.000000e-01 5.000000e-01 1.515035e+00 -0.993276 0.002089 0.009898 0.969302 0.009898 0.002089 0.993276 -0.002112 -0.009977 -0.969097 -0.009977 -0.002112 0.000000 
5.000000e-01 5.000000e-01 4.999987e-03 5.000000e-01 5.000000e-01 1.515035e+00 -0.993276 0.002089 0.009898 0.969302 0.009898 0.002089 0.993276 -0.002112 -0.009977 -0.969097 -0.009977 -0.002112 0.000000 
5.000000e-01 5.000000e-01 4.999987e-03 5.000000e-01 5.000000e-01 1.515035e+00 -0.993276 0.002089 0.009898 0.969302 0.009898 0.002089 0.993276 -0.002112 -0.009977 -0.969097 -0.009977 -0.002112 0.000000 
5.000000e-01 5.000000e-01 4.999987e-03 5.000000e-01 5.000000e-01 1.515035e+00 -0.993276 0.002089 0.009898 0.969302 0.009898 0.002089 0.993276 -0.002112 -0.009977 -0.969097 -0.009977 -0.002112 0.000000 
5.000000e-01 5.000000e-01 4.999987e-03 5.000000e-01 5.000000e-01 1.515035e+00 -0.993276 0.002089 0.009898 0.969302 0.009898 0.002089 0.993276 -0.002112 -0.009977 -0.969097 -0.009977 -0.002112 0.000000 
5.000000e-01 5.000000e-01 4.999987e-03 5.000000e-01 5.000000e-01 1.515035e+00 -0.993276 0.002089 0.009898 0.969302 0.009898 0.002089 0.993276 -0.002112 -0.009977 -0.969097 -0.009977 -0.002112 0.000000 
5.000000e-01 5.000000e-01 4.999987e-03 5.000000e-01 5.000000e-01 1.515035e+00 -0.993276 0.002089 0.009898 0.969302 0.009898 0.002089 0.993276 -0.002112 -0.009977 -0.969097 -0.009977 -0.002112 0.000000 
5.000000e-01 5.000000e-01 4.999987e-03 5.000000e-01 5.000000e-01 1.515035e+00 -0.993276 0.002089 0.009898 0.969302 0.009898 0.002089 0.993276 -0.002112 -0.009977 -0.969097 -0.009977 -0.002112 0.000000 
5.000000e-01 5.000000e-01 4.999987e-03 5.000000e-01 5.000000e-01 1.515035e+00 -0.993276 0.002089 0.009898 0.969302 0.009898 0.002089 0.993276 -0.002112 -0.009977 -0.969097 -0.009977 -0.002112 0.000000 
5.000000e-01 5.000000e-01 4.999987e-03 5.000000e-01 5.000000e-01 1.515035e+00 -0.993276 0.002089 0.009898 0.969302 0.009898 0.002089 0.993276 -0.002112 -0.009977 -0.969097 -0.009977 -0.002112 0.000000 
5.000000e-01 5.000000e-01 4.999987e-03 5.000000e-01 5.000000e-01 1.515035e+00 -0.993276 0.002089 0.009898 0.969302 0.009898 0.002089 0.993276 -0.002112 -0.009977 -0.969097 -0.009977 -0.002112 0.000000 
5.000000e-01 5.000000e-01 4.999987e-03 5.000000e-01 5.000000e-01 1.515035e+00 -0.993276 0.002089 0.009898 0.969302 0.009898 0.002089 0.993276 -0.002112 -0.009977 -0.969097 -0.009977 -0.002112 0.000000 
5.000000e-01 5.000000e-01 4.999987e-03 5.000000e-01 5.000000e-01 1.515035e+00 -0.993276 0.002089 0.009898 0.969302 0.009898 0.002089 0.993276 -0.002112 -0.009977 -0.969097 -0.009977 -0.002112 0.000000 
5.000000e-01 5.000000e-01 4.999987e-03 5.000000e-01 5.000000e-01 1.515035e+00 -0.993276 0.002089 0.009898 0.969302 0.009898 0.002089 0.993276 -0.002112 -0.009977 -0.969097 -0.009977 -0.002112 0.000000 
5.000000e-01 5.000000e-01 4.999987e-03 5.000000e-01 5.000000e-01 1.515035e+00 -0.993276 0.002089 0.009898 0.969302 0.009898 0.002089 0.993276 -0.002112 -0.009977 -0.969097 -0.009977 -0.002112 0.000000 
5.000000e-01 5.000000e-01 4.999987e-03 5.000000e-01 5.000000e-01 1.515035e+00 -0.993276 0.002089 0.009898 0.969302 0.009898 0.002089 0.993276 -0.002112 -0.009977 -0.969097 -0.009977 -0.002112 0.000000 
5.000000e-01 5.000000e-01 4.999987e-03 5.000000e-01 5.000000e-01 1.515035e+00 -0.993276 0.002089 0.009898 0.969302 0.009898 0.002089 0.993276 -0.002112 -0.009977 -0.969097 -0.009977 -0.002112 0.000000 
5.000000e-01 5.000000e-01 4.999987e-03 5.000000e-01 5.000000e-01 1.515035e+00 -0.993276 0.002089 0.009898 0.969302 0.009898 0.002089 0.993276 -0.002112 -0.009977 -0.969097 -0.009977 -0.002112 0.000000 
5.000000e-01 5.000000e-01 4.999987e-03 5.000000e-01 5.000000e-01 1.515035e+00 -0.993276 0.002089 0.009898 0.969302 0.009898 0.002089 0.993276 -0.002112 -0.009977 -0.969097 -0.009977 -0.002112 0.000000 
5.000000e-01 5.000000e-01 4.999987e-03 5.000000e-01 5.000000e-01 1.515035e+00 -0.993276 0.002089 0.009898 0.969302 0.009898 0.002089 0.993276 -0.002112 -0.009977 -0.969097 -0.009977 -0.002112 0.000000 
5.000000e-01 5.000000e-01 4.999987e-03 5.000000e-01 5.000000e-01 1.515035e+00 -0.993276 0.002089 0.009898 0.969302 0.009898 0.002089 0.993276 -0.002112 -0.009977 -0.969097 -0.009977 -0.002112 0.000000 
5.000000e-01 5.000000e-01 4.999987e-03 5.000000e-01 5.000000e-01 1.515035e+00 -0.993276 0.002089 0.009898 0.969302 0.009898 0.002089 0.993276 -0.002112 -0.009977 -0.969097 -0.009977 -0.002112 0.000000 
5.000000e-01 5.000000e-01 4.999987e-03 5.000000e-01 5.000000e-01 1.515035e+00 -0.993276 0.002089 0.009898 0.969302 0.009898 0.002089 0.993276 -0.002112 -0.009977 -0.969097 -0.009977 -0.002112 0.000000 
5.000000e-01 5.000000e-01 4.999987e-03 5.000000e-01 5.000000e-01 1.515035e+00 -0.993276 0.002089 0.009898 0.969302 0.009898 0.002089 0.993276 -0.002112 -0.009977 -0.969097 -0.009977 -0.002112 0.000000 
5.000000e-01 5.000000e-01 4.999987e-03 5.000000e-01 5.000000e-01 1.515035e+00 -0.993276 0.002089 0.009898 0.969302 0.009898 0.002089 0.993276 -0.002112 -0.009977 -0.969097 -0.009977 -0.002112 0.000000 
5.000000e-01 5.000000e-01 4.999987e-03 5.000000e-01 5.000000e-01 1.515035e+00 -0.993276 0.002089 0.009898 0.969302 0.009898 0.002089 0.993276 -0.002112 -0.009977 -0.969097 -0.009977 -0.002112 0.000000 
5.000000e-01 5.000000e-01 4.999987e-03 5.000000e-01 5.000000e-01 1.515035e+00 -0.993276 0.002089 0.009898 0.969302 0.009898 0.002089 0.993276 -0.002112 -0.009977 -0.969097 -0.009977 -0.002112 0.000000 
5.000000e-01 5.000000e-01 4.999987e-03 5.000000e-01 5.000000e-01 1.515035e+00 -0.993276 0.002089 0.009898 0.969302 0.009898 0.002089 0.993276 -0.002112 -0.009977 -0.969097 -0.009977 -0.002112 0.000000 
5.000000e-01 5.000000e-01 4.999987e-03 5.000000e-01 5.000000e-01 1.515035e+00 -0.993276 0.002089 0.009898 0.969302 0.009898 0.002089 0.993276 -0.002112 -0.009977 -0.969097 -0.009977 -0.002112 0.000000 
5.000000e-01 5.000000e-01 4.999987e-03 5.000000e-01 5.000000e-01 1.515035e+00 -0.993276 0.002089 0.009898 0.969302 0.009898 0.002089 0.993276 -0.002112 -0.009977 -0.969097 -0.009977 -0.002112 0.000000 
5.000000e-01 5.000000e-01 4.999987e-03 5.000000e-01 5.000000e-01 1.515035e+00 -0.993276 0.002089 0.009898 0.969302 0.009898 0.002089 0.993276 -0.002112 -0.009977 -0.969097 -0.009977 -0.002112 0.000000 
5.000000e-01 5.000000e-01 4.999987e-03 5.000000e-01 5.000000e-01 1.515035e+00 -0.993276 0.002089 0.009898 0.969302 0.009898 0.002089 0.993276 -0.002112 -0.009977 -0.969097 -0.009977 -0.002112 0.000000 
5.000000e-01 5.000000e-01 4.999987e-03 5.000000e-01 5.000000e-01 1.515035e+00 -0.993276 0.002089 0.009898 0.969302 0.009898 0.002089 0.993276 -0.002112 -0.009977 -0.969097 -0.009977 -0.002112 0.000000 
5.000000e-01 5.000000e-01 4.999987e-03 5.000000e-01 5.000000e-01 1.515035e+00 -0.993276 0.002089 0.009898 0.969302 0.009898 0.002089 0.993276 -0.002112 -0.009977 -0.969097 -0.009977 -0.002112 0.000000 
5.000000e-01 5.000000e-01 4.999987e-03 5.000000e-01 5.000000e-01 1.515035e+00 -0.993276 0.002089 0.009898 0.969302 0.009898 0.002089 0.993276 -0.002112 -0.009977 -0.969097 -0.009977 -0.002112 0.000000 
5.000000e-01 5.000000e-01 4.999987e-03 5.000000e-01 5.000000e-01 1.515035e+00 -0.993276 0.002089 0.009898 0.969302 0.009898 0.002089 0.993276 -0.002112 -0.009977 -0.969097 -0.009977 -0.002112 0.000000 
5.000000e-01 5.000000e-01 4.999987e-03 5.000000e-01 5.000000e-01 1.515035e+00 -0.993276 0.002089 0.009898 0.969302 0.009898 0.002089 0.993276 -0.002112 -0.009977 -0.969097 -0.009977 -0.002112 0.000000 
5.000000e-01 5.000000e-01 4.999987e-03 5.000000e-01 5.000000e-01 1.515035e+00 -0.993276 0.002089 0.009898 0.969302 0.009898 0.002089 0.993276 -0.002112 -0.009977 -0.969097 -0.009977 -0.002112 0.000000 
5.000000e-01 5.000000e-01 4.999987e-03 5.000000e-01 5.000000e-01 1.515035e+00 -0.993276 0.002089 0.009898 0.969302 0.009898 0.002089 0.993276 -0.002112 -0.009977 -0.969097 -0.009977 -0.002112 0.000000 
5.000000e-01 5.000000e-01 4.999987e-03 5.000000e-01 5.000000e-01 1.515035e+00 -0.993276 0.002089 0.009898 0.969302 0.009898 0.002089 0.993276 -0.002112 -0.009977 -0.969097 -0.009977 -0.002112 0.000000 
5.000000e-01 5.000000e-01 4.999987e-03 5.000000e-01 5.000000e-01 1.515035e+00 -0.993276 0.002089 0.009898 0.969302 0.009898 0.002089 0.993276 -0.002112 -0.009977 -0.969097 -0.009977 -0.002112 0.000000 
5.000000e-01 5.000000e-01 4.999987e-03 5.000000e-01 5.000000e-01 1.515035e+00 -0.993276 0.002089 0.009898 0.969302 0.009898 0.002089 0.993276 -0.002112 -0.009977 -0.969097 -0.009977 -0.002112 0.000000 
5.000000e-01 5.000000e-01 4.999987e-03 5.000000e-01 5.000000e-01 1.515035e+00 -0.993276 0.002089 0.009898 0.969302 0.009898 0.002089 0.993276 -0.002112 -0.009977 -0.969097 -0.009977 -0.002112 0.000000 
5.000000e-01 5.000000e-01 4.999987e-03 5.000000e-01 5.000000e-01 1.515035e+00 -0.993276 0.002089 0.009898 0.969302 0.009898 0.002089 0.993276 -0.002112 -0.009977 -0.969097 -0.009977 -0.002112 0.000000 
5.000000e-01 5.000000e-01 4.999987e-03 5.000000e-01 5.000000e-01 1.515035e+00 -0.993276 0.002089 0.009898 0.969302 0.009898 0.002089 0.993276 -0.002112 -0.009977 -0.969097 -0.009977 -0.002112 0.000000 
5.000000e-01 5.000000e-01 4.999987e-03 5.000000e-01 5.000000e-01 1.515035e+00 -0.993276 0.002089 0.009898 0.969302 0.009898 0.002089 0.993276 -0.002112 -0.009977 -0.969097 -0.009977 -0.002112 0.000000 
5.000000e-01 5.000000e-01 4.999987e-03 5.000000e-01 5.000000e-01 1.515035e+00 -0.993276 0.002089 0.009898 0.969302 0.009898 0.002089 0.993276 -0.002112 -0.009977 -0.969097 -0.009977 -0.002112 0.000000 
5.000000e-01 5.000000e-01 4.999987e-03 5.000000e-01 5.000000e-01 1.515035e+00 -0.993276 0.002089 0.009898 0.969302 0.009898 0.002089 0.993276 -0.002112 -0.009977 -0.969097 -0.009977 -0.002112 0.000000 
5.000000e-01 5.000000e-01 4.999987e-03 5.000000e-01 5.000000e-01 1.515035e+00 -0.993276 0.002089 0.009898 0.969302 0.009898 0.002089 0.993276 -0.002112 -0.009977 -0.969097 -0.009977 -0.002112 0.000000 
5.000000e-01 5.000000e-01 4.999987e-03 5.000000e-01 5.000000e-01 1.515035e+00 -0.993276 0.002089 0.009898 0.969302 0.009898 0.002089 0.993276 -0.002112 -0.009977 -0.969097 -0.009977 -0.002112 0.000000 
5.000000e-01 5.000000e-01 4.999987e-03 5.000000e-01 5.000000e-01 1.515035e+00 -0.993276 0.002089 0.009898 0.969302 0.009898 0.002089 0.993276 -0.002112 -0.009977 -0.969097 -0.009977 -0.002112 0.000000 
5.000000e-01 5.000000e-01 4.999987e-03 5.000000e-01 5.000000e-01 1.515035e+00 -0.993276 0.002089 0.009898 0.969302 0.009898 0.002089 0.993276 -0.002112 -0.009977 -0.969097 -0.009977 -0.002112 0.000000 
5.000000e-01 5.000000e-01 4.999987e-03 5.000000e-01 5.000000e-01 1.515035e+00 -0.993276 0.002089 0.009898 0.969302 0.009898 0.002089 0.993276 -0.002112 -0.009977 -0.969097 -0.009977 -0.002112 0.000000 
5.000000e-01 5.000000e-01 4.999987e-03 5.000000e-01 5.000000e-01 1.515035e+00 -0.993276 0.002089 0.009898 0.969302 0.009898 0.002089 0.993276 -0.002112 -0.009977 -0.969097 -0.009977 -0.002112 0.000000 
