# TeX TeY TeZ ThX ThY THZ P1 P2
5.000000e-01 5.000000e-01 6.500000e-01 5.000000e-01 5.000000e-01 6.500000e-01 0.000000 0.000000 0.000000 0.000000 0.000000 0.000000 0.000000 0.000000 0.000000 0.000000 0.000000 0.000000 0.000000 
5.000000e-01 5.000000e-01 6.381356e-01 5.000000e-01 5.000000e-01 6.585649e-01 -0.013411 0.002297 0.002887 0.003044 0.002887 0.002297 0.013411 -0.001841 -0.003017 -0.003693 -0.003017 -0.001841 0.000000 
5.000000e-01 5.000000e-01 6.262307e-01 5.000000e-01 5.000000e-01 6.671174e-01 -0.026840 0.004599 0.005777 0.006089 0.005777 0.004599 0.026840 -0.003670 -0.006043 -0.007413 -0.006043 -0.003670 0.000000 
5.000000e-01 5.000000e-01 6.142857e-01 5.000000e-01 5.000000e-01 6.756573e-01 -0.040287 0.006906 0.008670 0.009136 0.008670 0.006906 0.040287 -0.005484 -0.009077 -0.011166 -0.009077 -0.005484 0.000000 
5.000000e-01 5.000000e-01 6.023009e-01 5.000000e-01 5.000000e-01 6.841844e-01 -0.053751 0.009217 0.011566 0.012184 0.011566 0.009217 0.053751 -0.007278 -0.012120 -0.014955 -0.012120 -0.007278 0.000000 
5.000000e-01 5.000000e-01 5.902767e-01 5.000000e-01 5.000000e-01 6.926988e-01 -0.067234 0.011532 0.014466 0.015236 0.014466 0.011532 0.067234 -0.009051 -0.015172 -0.018786 -0.015172 -0.009051 0.000000 
5.000000e-01 5.000000e-01 5.782133e-01 5.000000e-01 5.000000e-01 7.012002e-01 -0.080733 0.013851 0.017370 0.018290 0.017370 0.013851 0.080733 -0.010795 -0.018236 -0.022672 -0.018236 -0.010795 0.000000 
5.000000e-01 5.000000e-01 5.661112e-01 5.000000e-01 5.000000e-01 7.096886e-01 -0.094249 0.016173 0.020277 0.021349 0.020277 0.016173 0.094249 -0.012508 -0.021310 -0.026613 -0.021310 -0.012508 0.000000 
5.000000e-01 5.000000e-01 5.539707e-01 5.000000e-01 5.000000e-01 7.181638e-01 -0.107782 0.018496 0.023188 0.024413 0.023188 0.018496 0.107782 -0.014189 -0.024396 -0.030612 -0.024396 -0.014189 0.000000 
5.000000e-01 5.000000e-01 5.417920e-01 5.000000e-01 5.000000e-01 7.266256e-01 -0.121331 0.020821 0.026103 0.027483 0.026103 0.020821 0.121331 -0.015833 -0.027492 -0.034679 -0.027492 -0.015833 0.000000 
5.000000e-01 5.000000e-01 5.295756e-01 5.000000e-01 5.000000e-01 7.350741e-01 -0.134896 0.023147 0.029021 0.030559 0.029021 0.023147 0.134896 -0.017434 -0.030602 -0.038824 -0.030602 -0.017434 0.000000 
5.000000e-01 5.000000e-01 5.173217e-01 5.000000e-01 5.000000e-01 7.435089e-01 -0.148476 0.025474 0.031944 0.033641 0.031944 0.025474 0.148476 -0.018981 -0.033725 -0.043064 -0.033725 -0.018981 0.000000 
5.000000e-01 5.000000e-01 5.050307e-01 5.000000e-01 5.000000e-01 7.519301e-01 -0.162072 0.027801 0.034870 0.036729 0.034870 0.027801 0.162072 -0.020476 -0.036860 -0.047398 -0.036860 -0.020476 0.000000 
5.000000e-01 5.000000e-01 4.927028e-01 5.000000e-01 5.000000e-01 7.603375e-01 -0.175683 0.030128 0.037801 0.039826 0.037801 0.030128 0.175683 -0.021915 -0.040009 -0.051836 -0.040009 -0.021915 0.000000 
5.000000e-01 5.000000e-01 4.803385e-01 5.000000e-01 5.000000e-01 7.687308e-01 -0.189308 0.032452 0.040736 0.042933 0.040736 0.032452 0.189308 -0.023291 -0.043170 -0.056386 -0.043170 -0.023291 0.000000 
5.000000e-01 5.000000e-01 4.679379e-01 5.000000e-01 5.000000e-01 7.771101e-01 -0.202948 0.034775 0.043675 0.046049 0.043675 0.034775 0.202948 -0.024589 -0.046345 -0.061080 -0.046345 -0.024589 0.000000 
5.000000e-01 5.000000e-01 4.555015e-01 5.000000e-01 5.000000e-01 7.854752e-01 -0.216602 0.037096 0.046618 0.049174 0.046618 0.037096 0.216602 -0.025809 -0.049533 -0.065919 -0.049533 -0.025809 0.000000 
5.000000e-01 5.000000e-01 4.430295e-01 5.000000e-01 5.000000e-01 7.938259e-01 -0.230270 0.039414 0.049566 0.052310 0.049566 0.039414 0.230270 -0.026946 -0.052732 -0.070914 -0.052732 -0.026946 0.000000 
5.000000e-01 5.000000e-01 4.305221e-01 5.000000e-01 5.000000e-01 8.021621e-01 -0.243952 0.041729 0.052518 0.055456 0.052518 0.041729 0.243952 -0.027994 -0.055941 -0.076081 -0.055941 -0.027994 0.000000 
5.000000e-01 5.000000e-01 4.179798e-01 5.000000e-01 5.000000e-01 8.104836e-01 -0.257646 0.044041 0.055475 0.058614 0.055475 0.044041 0.257646 -0.028931 -0.059160 -0.081464 -0.059160 -0.028931 0.000000 
5.000000e-01 5.000000e-01 4.054028e-01 5.000000e-01 5.000000e-01 8.187903e-01 -0.271354 0.046348 0.058437 0.061786 0.058437 0.046348 0.271354 -0.029759 -0.062385 -0.087066 -0.062385 -0.029759 0.000000 
5.000000e-01 5.000000e-01 3.927913e-01 5.000000e-01 5.000000e-01 8.270821e-01 -0.285074 0.048648 0.061403 0.064971 0.061403 0.048648 0.285074 -0.030472 -0.065613 -0.092904 -0.065613 -0.030472 0.000000 
5.000000e-01 5.000000e-01 3.801458e-01 5.000000e-01 5.000000e-01 8.353588e-01 -0.298807 0.050944 0.064374 0.068171 0.064374 0.050944 0.298807 -0.031061 -0.068841 -0.099002 -0.068841 -0.031061 0.000000 
5.000000e-01 5.000000e-01 3.674663e-01 5.000000e-01 5.000000e-01 8.436202e-01 -0.312551 0.053234 0.067350 0.071384 0.067350 0.053234 0.312551 -0.031495 -0.072062 -0.105438 -0.072062 -0.031495 0.000000 
5.000000e-01 5.000000e-01 3.547534e-01 5.000000e-01 5.000000e-01 8.518663e-01 -0.326308 0.055517 0.070330 0.074613 0.070330 0.055517 0.326308 -0.031783 -0.075269 -0.112204 -0.075269 -0.031783 0.000000 
5.000000e-01 5.000000e-01 3.420071e-01 5.000000e-01 5.000000e-01 8.600967e-01 -0.340075 0.057794 0.073315 0.077857 0.073315 0.057794 0.340075 -0.031916 -0.078456 -0.119333 -0.078456 -0.031916 0.000000 
5.000000e-01 5.000000e-01 3.292278e-01 5.000000e-01 5.000000e-01 8.683115e-01 -0.353854 0.060060 0.076306 0.081122 0.076306 0.060060 0.353854 -0.031876 -0.081609 -0.126885 -0.081609 -0.031876 0.000000 
5.000000e-01 5.000000e-01 3.164157e-01 5.000000e-01 5.000000e-01 8.765104e-01 -0.367644 0.062318 0.079302 0.084404 0.079302 0.062318 0.367644 -0.031635 -0.084712 -0.134950 -0.084712 -0.031635 0.000000 
5.000000e-01 5.000000e-01 3.035712e-01 5.000000e-01 5.000000e-01 8.846932e-01 -0.381445 0.064566 0.082303 0.087705 0.082303 0.064566 0.381445 -0.031204 -0.087754 -0.143529 -0.087754 -0.031204 0.000000 
5.000000e-01 5.000000e-01 2.906944e-01 5.000000e-01 5.000000e-01 8.928598e-01 -0.395256 0.066806 0.085309 0.091025 0.085309 0.066806 0.395256 -0.030572 -0.090715 -0.152682 -0.090715 -0.030572 0.000000 
5.000000e-01 5.000000e-01 2.777856e-01 5.000000e-01 5.000000e-01 9.010101e-01 -0.409077 0.069035 0.088320 0.094365 0.088320 0.069035 0.409076 -0.029696 -0.093555 -0.162575 -0.093555 -0.029696 0.000000 
5.000000e-01 5.000000e-01 2.648451e-01 5.000000e-01 5.000000e-01 9.091438e-01 -0.422907 0.071252 0.091337 0.097729 0.091337 0.071252 0.422907 -0.028583 -0.096250 -0.173241 -0.096250 -0.028583 0.000000 
5.000000e-01 5.000000e-01 2.518731e-01 5.000000e-01 5.000000e-01 9.172608e-01 -0.436748 0.073455 0.094360 0.101118 0.094360 0.073455 0.436748 -0.027232 -0.098770 -0.184745 -0.098770 -0.027232 0.000000 
5.000000e-01 5.000000e-01 2.388698e-01 5.000000e-01 5.000000e-01 9.253609e-01 -0.450597 0.075645 0.097388 0.104531 0.097388 0.075645 0.450597 -0.025612 -0.101053 -0.197268 -0.101053 -0.025612 0.000000 
5.000000e-01 5.000000e-01 2.258354e-01 5.000000e-01 5.000000e-01 9.334439e-01 -0.464456 0.077822 0.100422 0.107968 0.100422 0.077822 0.464456 -0.023698 -0.103023 -0.211013 -0.103023 -0.023698 0.000000 
5.000000e-01 5.000000e-01 2.127701e-01 5.000000e-01 5.000000e-01 9.415097e-01 -0.478324 0.079986 0.103461 0.111430 0.103461 0.079986 0.478324 -0.021511 -0.104642 -0.226019 -0.104642 -0.021511 0.000000 
5.000000e-01 5.000000e-01 1.996739e-01 5.000000e-01 5.000000e-01 9.495580e-01 -0.492202 0.082135 0.106506 0.114921 0.106506 0.082135 0.492202 -0.019035 -0.105820 -0.242492 -0.105820 -0.019035 0.000000 
5.000000e-01 5.000000e-01 1.865471e-01 5.000000e-01 5.000000e-01 9.575887e-01 -0.506088 0.084264 0.109557 0.118446 0.109557 0.084264 0.506088 -0.016218 -0.106366 -0.260920 -0.106366 -0.016218 0.000000 
5.000000e-01 5.000000e-01 1.733897e-01 5.000000e-01 5.000000e-01 9.656016e-01 -0.519985 0.086377 0.112615 0.122002 0.112615 0.086377 0.519985 -0.013102 -0.106239 -0.281302 -0.106239 -0.013102 0.000000 
5.000000e-01 5.000000e-01 1.602014e-01 5.000000e-01 5.000000e-01 9.735966e-01 -0.533891 0.088473 0.115678 0.125589 0.115678 0.088473 0.533891 -0.009683 -0.105301 -0.303924 -0.105301 -0.009683 0.000000 
5.000000e-01 5.000000e-01 1.469822e-01 5.000000e-01 5.000000e-01 9.815733e-01 -0.547809 0.090552 0.118748 0.129209 0.118748 0.090552 0.547809 -0.005904 -0.103175 -0.329651 -0.103175 -0.005904 0.000000 
5.000000e-01 5.000000e-01 1.337315e-01 5.000000e-01 5.000000e-01 9.895316e-01 -0.561740 0.092613 0.121825 0.132865 0.121825 0.092613 0.561740 -0.001816 -0.099801 -0.358507 -0.099801 -0.001816 0.000000 
5.000000e-01 5.000000e-01 1.204488e-01 5.000000e-01 5.000000e-01 9.974713e-01 -0.575687 0.094649 0.124910 0.136568 0.124910 0.094649 0.575686 0.002575 -0.094958 -0.390921 -0.094958 0.002575 0.000000 
5.000000e-01 5.000000e-01 1.071329e-01 5.000000e-01 5.000000e-01 1.005392e+00 -0.589653 0.096667 0.128004 0.140312 0.128004 0.096667 0.589652 0.007311 -0.088040 -0.428194 -0.088040 0.007311 0.000000 
5.000000e-01 5.000000e-01 9.378239e-02 5.000000e-01 5.000000e-01 1.013294e+00 -0.603642 0.098666 0.131106 0.144097 0.131106 0.098666 0.603642 0.012341 -0.078954 -0.470417 -0.078954 0.012341 0.000000 
5.000000e-01 5.000000e-01 8.039541e-02 5.000000e-01 5.000000e-01 1.021177e+00 -0.617661 0.100647 0.134219 0.147928 0.134219 0.100647 0.617661 0.017647 -0.067440 -0.518074 -0.067440 0.017647 0.000000 
5.000000e-01 5.000000e-01 6.696967e-02 5.000000e-01 5.000000e-01 1.029040e+00 -0.631720 0.102607 0.137345 0.151815 0.137345 0.102607 0.631720 0.023255 -0.052681 -0.572868 -0.052681 0.023255 0.000000 
5.000000e-01 5.000000e-01 5.350287e-02 5.000000e-01 5.000000e-01 1.036884e+00 -0.645824 0.104544 0.140485 0.155765 0.140485 0.104544 0.645824 0.029107 -0.034846 -0.634347 -0.034846 0.029107 0.000000 
5.000000e-01 5.000000e-01 3.999325e-02 5.000000e-01 5.000000e-01 1.044708e+00 -0.659979 0.106464 0.143640 0.159772 0.143640 0.106464 0.659979 0.035175 -0.013935 -0.702460 -0.013935 0.035175 0.000000 
5.000000e-01 5.000000e-01 2.644081e-02 5.000000e-01 5.000000e-01 1.052511e+00 -0.674194 0.108366 0.146811 0.163840 0.146811 0.108366 0.674194 0.041456 0.010396 -0.777900 0.010396 0.041456 0.000000 
5.000000e-01 5.000000e-01 1.284824e-02 5.000000e-01 5.000000e-01 1.060295e+00 -0.688453 0.110249 0.149994 0.167966 0.149994 0.110249 0.688453 0.047872 0.036950 -0.858097 0.036950 0.047872 0.000000 
5.000000e-01 5.000000e-01 4.999623e-03 5.000000e-01 5.000000e-01 1.068057e+00 -0.698842 0.111387 0.152362 0.171342 0.152362 0.111387 0.698842 0.051224 0.052485 -0.906260 0.052485 0.051224 0.000000 
5.000000e-01 5.000000e-01 4.999623e-03 5.000000e-01 5.000000e-01 1.075800e+00 -0.703923 0.111527 0.153609 0.173651 0.153609 0.111527 0.703923 0.050314 0.051404 -0.907358 0.051404 0.050314 0.000000 
5.000000e-01 5.000000e-01 4.999623e-03 5.000000e-01 5.000000e-01 1.083521e+00 -0.708991 0.111632 0.154855 0.176016 0.154855 0.111632 0.708991 0.049405 0.050326 -0.908453 0.050326 0.049405 0.000000 
5.000000e-01 5.000000e-01 4.999623e-03 5.000000e-01 5.000000e-01 1.091220e+00 -0.714045 0.111703 0.156100 0.178438 0.156100 0.111703 0.714045 0.048498 0.049251 -0.909543 0.049251 0.048498 0.000000 
5.000000e-01 5.000000e-01 4.999623e-03 5.000000e-01 5.000000e-01 1.098899e+00 -0.719084 0.111729 0.157345 0.180935 0.157345 0.111729 0.719084 0.047593 0.048179 -0.910630 0.048179 0.047593 0.000000 
5.000000e-01 5.000000e-01 4.999623e-03 5.000000e-01 5.000000e-01 1.106555e+00 -0.724109 0.111709 0.158588 0.183514 0.158588 0.111709 0.724109 0.046690 0.047111 -0.911712 0.047111 0.046690 0.000000 
5.000000e-01 5.000000e-01 4.999623e-03 5.000000e-01 5.000000e-01 1.114190e+00 -0.729120 0.111650 0.159829 0.186162 0.159829 0.111650 0.729120 0.045789 0.046046 -0.912790 0.046046 0.045789 0.000000 
5.000000e-01 5.000000e-01 4.999623e-03 5.000000e-01 5.000000e-01 1.121802e+00 -0.734116 0.111551 0.161066 0.188882 0.161066 0.111551 0.734116 0.044890 0.044984 -0.913865 0.044984 0.044890 0.000000 
5.000000e-01 5.000000e-01 4.999623e-03 5.000000e-01 5.000000e-01 1.129392e+00 -0.739097 0.111406 0.162300 0.191685 0.162300 0.111406 0.739097 0.043994 0.043925 -0.914936 0.043925 0.043994 0.000000 
5.000000e-01 5.000000e-01 4.999623e-03 5.000000e-01 5.000000e-01 1.136959e+00 -0.744064 0.111204 0.163528 0.194600 0.163528 0.111204 0.744064 0.043099 0.042870 -0.916002 0.042870 0.043099 0.000000 
5.000000e-01 5.000000e-01 4.999623e-03 5.000000e-01 5.000000e-01 1.144503e+00 -0.749015 0.110957 0.164750 0.197601 0.164750 0.110957 0.749015 0.042207 0.041819 -0.917065 0.041819 0.042207 0.000000 
5.000000e-01 5.000000e-01 4.999623e-03 5.000000e-01 5.000000e-01 1.152023e+00 -0.753950 0.110666 0.165965 0.200689 0.165965 0.110666 0.753950 0.041316 0.040770 -0.918124 0.040770 0.041316 0.000000 
5.000000e-01 5.000000e-01 4.999623e-03 5.000000e-01 5.000000e-01 1.159520e+00 -0.758871 0.110325 0.167171 0.203879 0.167171 0.110325 0.758871 0.040429 0.039725 -0.919179 0.039725 0.040429 0.000000 
5.000000e-01 5.000000e-01 4.999623e-03 5.000000e-01 5.000000e-01 1.166993e+00 -0.763775 0.109917 0.168365 0.207211 0.168365 0.109917 0.763775 0.039544 0.038684 -0.920230 0.038684 0.039544 0.000000 
5.000000e-01 5.000000e-01 4.999623e-03 5.000000e-01 5.000000e-01 1.174442e+00 -0.768663 0.109460 0.169547 0.210650 0.169547 0.109460 0.768663 0.038661 0.037646 -0.921277 0.037646 0.038661 0.000000 
5.000000e-01 5.000000e-01 4.999623e-03 5.000000e-01 5.000000e-01 1.181866e+00 -0.773536 0.108954 0.170715 0.214197 0.170715 0.108954 0.773536 0.037781 0.036612 -0.922320 0.036612 0.037781 0.000000 
5.000000e-01 5.000000e-01 4.999623e-03 5.000000e-01 5.000000e-01 1.189266e+00 -0.778392 0.108390 0.171867 0.217877 0.171867 0.108390 0.778392 0.036903 0.035581 -0.923359 0.035581 0.036903 0.000000 
5.000000e-01 5.000000e-01 4.999623e-03 5.000000e-01 5.000000e-01 1.196641e+00 -0.783231 0.107753 0.172996 0.221732 0.172996 0.107753 0.783231 0.036028 0.034554 -0.924395 0.034554 0.036028 0.000000 
5.000000e-01 5.000000e-01 4.999623e-03 5.000000e-01 5.000000e-01 1.203990e+00 -0.788054 0.107064 0.174105 0.225717 0.174105 0.107064 0.788054 0.035156 0.033530 -0.925426 0.033530 0.035156 0.000000 
5.000000e-01 5.000000e-01 4.999623e-03 5.000000e-01 5.000000e-01 1.211313e+00 -0.792860 0.106321 0.175191 0.229837 0.175191 0.106321 0.792860 0.034286 0.032510 -0.926453 0.032510 0.034286 0.000000 
5.000000e-01 5.000000e-01 4.999623e-03 5.000000e-01 5.000000e-01 1.218611e+00 -0.797649 0.105506 0.176246 0.234144 0.176246 0.105506 0.797649 0.033420 0.031494 -0.927476 0.031494 0.033420 0.000000 
5.000000e-01 5.000000e-01 4.999623e-03 5.000000e-01 5.000000e-01 1.225882e+00 -0.802421 0.104620 0.177264 0.238653 0.177264 0.104620 0.802420 0.032556 0.030482 -0.928495 0.030482 0.032556 0.000000 
5.000000e-01 5.000000e-01 4.999623e-03 5.000000e-01 5.000000e-01 1.233127e+00 -0.807174 0.103676 0.178249 0.243324 0.178249 0.103676 0.807174 0.031695 0.029473 -0.929510 0.029473 0.031695 0.000000 
5.000000e-01 5.000000e-01 4.999623e-03 5.000000e-01 5.000000e-01 1.240344e+00 -0.811911 0.102677 0.179199 0.248159 0.179199 0.102677 0.811911 0.030837 0.028468 -0.930521 0.028468 0.030837 0.000000 
5.000000e-01 5.000000e-01 4.999623e-03 5.000000e-01 5.000000e-01 1.247535e+00 -0.816629 0.101586 0.180089 0.253280 0.180089 0.101586 0.816629 0.029982 0.027467 -0.931528 0.027467 0.029982 0.000000 
5.000000e-01 5.000000e-01 4.999623e-03 5.000000e-01 5.000000e-01 1.254697e+00 -0.821329 0.100431 0.180928 0.258611 0.180928 0.100431 0.821329 0.029130 0.026470 -0.932530 0.026470 0.029130 0.000000 
5.000000e-01 5.000000e-01 4.999623e-03 5.000000e-01 5.000000e-01 1.261832e+00 -0.826011 0.099218 0.181717 0.264141 0.181717 0.099218 0.826011 0.028282 0.025477 -0.933529 0.025477 0.028282 0.000000 
5.000000e-01 5.000000e-01 4.999623e-03 5.000000e-01 5.000000e-01 1.268938e+00 -0.830674 0.097930 0.182440 0.269934 0.182440 0.097930 0.830674 0.027436 0.024488 -0.934523 0.024488 0.027436 0.000000 
5.000000e-01 5.000000e-01 4.999623e-03 5.000000e-01 5.000000e-01 1.276016e+00 -0.835318 0.096554 0.183073 0.276063 0.183073 0.096554 0.835318 0.026594 0.023503 -0.935513 0.023503 0.026594 0.000000 
5.000000e-01 5.000000e-01 4.999623e-03 5.000000e-01 5.000000e-01 1.283064e+00 -0.839943 0.095119 0.183637 0.282431 0.183637 0.095119 0.839943 0.025755 0.022523 -0.936498 0.022523 0.025755 0.000000 
5.000000e-01 5.000000e-01 4.999623e-03 5.000000e-01 5.000000e-01 1.290083e+00 -0.844549 0.093625 0.184129 0.289039 0.184129 0.093625 0.844549 0.024919 0.021546 -0.937480 0.021546 0.024919 0.000000 
5.000000e-01 5.000000e-01 4.999623e-03 5.000000e-01 5.000000e-01 1.297073e+00 -0.849135 0.092025 0.184480 0.296125 0.184480 0.092025 0.849135 0.024087 0.020573 -0.938457 0.020573 0.024087 0.000000 
5.000000e-01 5.000000e-01 4.999623e-03 5.000000e-01 5.000000e-01 1.304032e+00 -0.853702 0.090363 0.184734 0.303507 0.184734 0.090363 0.853702 0.023258 0.019605 -0.939429 0.019605 0.023258 0.000000 
5.000000e-01 5.000000e-01 4.999623e-03 5.000000e-01 5.000000e-01 1.310960e+00 -0.858249 0.088643 0.184891 0.311179 0.184891 0.088643 0.858248 0.022433 0.018641 -0.940397 0.018641 0.022433 0.000000 
5.000000e-01 5.000000e-01 4.999623e-03 5.000000e-01 5.000000e-01 1.317858e+00 -0.862775 0.086829 0.184882 0.319353 0.184882 0.086829 0.862775 0.021611 0.017681 -0.941361 0.017681 0.021611 0.000000 
5.000000e-01 5.000000e-01 4.999623e-03 5.000000e-01 5.000000e-01 1.324724e+00 -0.867281 0.084941 0.184717 0.327965 0.184717 0.084941 0.867281 0.020793 0.016726 -0.942320 0.016726 0.020793 0.000000 
5.000000e-01 5.000000e-01 4.999623e-03 5.000000e-01 5.000000e-01 1.331559e+00 -0.871767 0.082996 0.184423 0.336927 0.184423 0.082996 0.871767 0.019979 0.015775 -0.943275 0.015775 0.019979 0.000000 
5.000000e-01 5.000000e-01 4.999623e-03 5.000000e-01 5.000000e-01 1.338361e+00 -0.876231 0.080968 0.183930 0.346436 0.183930 0.080968 0.876231 0.019168 0.014829 -0.944225 0.014829 0.019168 0.000000 
5.000000e-01 5.000000e-01 4.999623e-03 5.000000e-01 5.000000e-01 1.345131e+00 -0.880675 0.078857 0.183208 0.356544 0.183208 0.078857 0.880675 0.018361 0.013887 -0.945170 0.013887 0.018361 0.000000 
5.000000e-01 5.000000e-01 4.999623e-03 5.000000e-01 5.000000e-01 1.351868e+00 -0.885098 0.076694 0.182320 0.367070 0.182320 0.076694 0.885098 0.017557 0.012949 -0.946111 0.012949 0.017557 0.000000 
5.000000e-01 5.000000e-01 4.999623e-03 5.000000e-01 5.000000e-01 1.358572e+00 -0.889500 0.074455 0.181183 0.378224 0.181183 0.074455 0.889500 0.016758 0.012016 -0.947047 0.012016 0.016758 0.000000 
5.000000e-01 5.000000e-01 4.999623e-03 5.000000e-01 5.000000e-01 1.365242e+00 -0.893880 0.072133 0.179733 0.390148 0.179733 0.072133 0.893880 0.015962 0.011088 -0.947979 0.011088 0.015962 0.000000 
5.000000e-01 5.000000e-01 4.999623e-03 5.000000e-01 5.000000e-01 1.371878e+00 -0.898238 0.069763 0.178073 0.402565 0.178073 0.069763 0.898238 0.015170 0.010164 -0.948906 0.010164 0.015170 0.000000 
5.000000e-01 5.000000e-01 4.999623e-03 5.000000e-01 5.000000e-01 1.378479e+00 -0.902575 0.067321 0.176090 0.415754 0.176090 0.067321 0.902575 0.014382 0.009245 -0.949828 0.009245 0.014382 0.000000 
5.000000e-01 5.000000e-01 4.999623e-03 5.000000e-01 5.000000e-01 1.385046e+00 -0.906891 0.064803 0.173708 0.429870 0.173708 0.064803 0.906891 0.013597 0.008330 -0.950745 0.008330 0.013597 0.000000 
5.000000e-01 5.000000e-01 4.999623e-03 5.000000e-01 5.000000e-01 1.391578e+00 -0.911185 0.062244 0.171069 0.444558 0.171069 0.062244 0.911185 0.012817 0.007420 -0.951658 0.007420 0.012817 0.000000 
5.000000e-01 5.000000e-01 4.999623e-03 5.000000e-01 5.000000e-01 1.398074e+00 -0.915457 0.059613 0.167987 0.460256 0.167987 0.059613 0.915457 0.012040 0.006514 -0.952566 0.006514 0.012040 0.000000 
5.000000e-01 5.000000e-01 4.999623e-03 5.000000e-01 5.000000e-01 1.404534e+00 -0.919708 0.056920 0.164441 0.476985 0.164441 0.056920 0.919708 0.011267 0.005613 -0.953470 0.005613 0.011267 0.000000 
5.000000e-01 5.000000e-01 4.999623e-03 5.000000e-01 5.000000e-01 1.410958e+00 -0.923937 0.054194 0.160597 0.494356 0.160597 0.054194 0.923937 0.010498 0.004717 -0.954369 0.004717 0.010498 0.000000 
5.000000e-01 5.000000e-01 4.999623e-03 5.000000e-01 5.000000e-01 1.417345e+00 -0.928146 0.051393 0.156121 0.513117 0.156121 0.051393 0.928146 0.009733 0.003825 -0.955263 0.003825 0.009733 0.000000 
5.000000e-01 5.000000e-01 4.999623e-03 5.000000e-01 5.000000e-01 1.423696e+00 -0.932335 0.048551 0.151173 0.532886 0.151173 0.048551 0.932335 0.008972 0.002938 -0.956153 0.002938 0.008972 0.000000 
5.000000e-01 5.000000e-01 4.999623e-03 5.000000e-01 5.000000e-01 1.430010e+00 -0.936501 0.045683 0.145897 0.553341 0.145897 0.045683 0.936501 0.008214 0.002055 -0.957039 0.002055 0.008214 0.000000 
5.000000e-01 5.000000e-01 4.999623e-03 5.000000e-01 5.000000e-01 1.436286e+00 -0.940649 0.042737 0.139717 0.575742 0.139717 0.042737 0.940649 0.007460 0.001176 -0.957920 0.001176 0.007460 0.000000 
5.000000e-01 5.000000e-01 4.999623e-03 5.000000e-01 5.000000e-01 1.442525e+00 -0.944777 0.039772 0.133164 0.598904 0.133164 0.039772 0.944777 0.006709 0.000301 -0.958797 0.000301 0.006709 0.000000 
5.000000e-01 5.000000e-01 4.999623e-03 5.000000e-01 5.000000e-01 1.448727e+00 -0.948885 0.036773 0.126051 0.623237 0.126051 0.036773 0.948885 0.005962 -0.000570 -0.959670 -0.000570 0.005962 0.000000 
5.000000e-01 5.000000e-01 4.999623e-03 5.000000e-01 5.000000e-01 1.454890e+00 -0.952976 0.033728 0.118136 0.649249 0.118136 0.033728 0.952976 0.005218 -0.001437 -0.960539 -0.001437 0.005218 0.000000 
5.000000e-01 5.000000e-01 4.999623e-03 5.000000e-01 5.000000e-01 1.461016e+00 -0.957046 0.030672 0.109870 0.675963 0.109870 0.030672 0.957046 0.004478 -0.002299 -0.961404 -0.002299 0.004478 0.000000 
5.000000e-01 5.000000e-01 4.999623e-03 5.000000e-01 5.000000e-01 1.467104e+00 -0.961101 0.027573 0.100750 0.704454 0.100750 0.027573 0.961101 0.003740 -0.003158 -0.962265 -0.003158 0.003740 0.000000 
5.000000e-01 5.000000e-01 4.999623e-03 5.000000e-01 5.000000e-01 1.473153e+00 -0.965137 0.024460 0.091132 0.733953 0.091132 0.024460 0.965137 0.003006 -0.004014 -0.963122 -0.004014 0.003006 0.000000 
5.000000e-01 5.000000e-01 4.999623e-03 5.000000e-01 5.000000e-01 1.479163e+00 -0.969153 0.021336 0.081067 0.764346 0.081067 0.021336 0.969153 0.002276 -0.004865 -0.963975 -0.004865 0.002276 0.000000 
5.000000e-01 5.000000e-01 4.999623e-03 5.000000e-01 5.000000e-01 1.485134e+00 -0.973154 0.018184 0.070225 0.796336 0.070225 0.018184 0.973154 0.001548 -0.005712 -0.964825 -0.005712 0.001548 0.000000 
5.000000e-01 5.000000e-01 4.999623e-03 5.000000e-01 5.000000e-01 1.491065e+00 -0.977132 0.015038 0.059168 0.828719 0.059168 0.015038 0.977132 0.000825 -0.006555 -0.965670 -0.006555 0.000825 0.000000 
5.000000e-01 5.000000e-01 4.999623e-03 5.000000e-01 5.000000e-01 1.496956e+00 -0.981093 0.011878 0.047509 0.862318 0.047509 0.011878 0.981093 0.000104 -0.007395 -0.966512 -0.007395 0.000104 0.000000 
5.000000e-01 5.000000e-01 4.999623e-03 5.000000e-01 5.000000e-01 1.502805e+00 -0.985030 0.008726 0.035643 0.896292 0.035643 0.008726 0.985030 -0.000612 -0.008229 -0.967348 -0.008229 -0.000612 0.000000 
5.000000e-01 5.000000e-01 4.999623e-03 5.000000e-01 5.000000e-01 1.508611e+00 -0.988942 0.005582 0.023552 0.930676 0.023552 0.005582 0.988942 -0.001324 -0.009058 -0.968179 -0.009058 -0.001324 0.000000 
5.000000e-01 5.000000e-01 4.999623e-03 5.000000e-01 5.000000e-01 1.514394e+00 -0.992843 0.002438 0.011268 0.965431 0.011268 0.002438 0.992843 -0.002033 -0.009885 -0.969008 -0.009885 -0.002033 0.000000 
5.000000e-01 5.000000e-01 4.999623e-03 5.000000e-01 5.000000e-01 1.515002e+00 -0.993253 0.002107 0.009969 0.969102 0.009969 0.002107 0.993253 -0.002108 -0.009972 -0.969095 -0.009972 -0.002108 0.000000 
5.000000e-01 5.000000e-01 4.999623e-03 5.000000e-01 5.000000e-01 1.515002e+00 -0.993253 0.002107 0.009969 0.969102 0.009969 0.002107 0.993253 -0.002108 -0.009972 -0.969095 -0.009972 -0.002108 0.000000 
5.000000e-01 5.000000e-01 4.999623e-03 5.000000e-01 5.000000e-01 1.515002e+00 -0.993253 0.002107 0.009969 0.969102 0.009969 0.002107 0.993253 -0.002108 -0.009972 -0.969095 -0.009972 -0.002108 0.000000 
5.000000e-01 5.000000e-01 4.999623e-03 5.000000e-01 5.000000e-01 1.515002e+00 -0.993253 0.002107 0.009969 0.969102 0.009969 0.002107 0.993253 -0.002108 -0.009972 -0.969095 -0.009972 -0.002108 0.000000 
5.000000e-01 5.000000e-01 4.999623e-03 5.000000e-01 5.000000e-01 1.515002e+00 -0.993253 0.002107 0.009969 0.969102 0.009969 0.002107 0.993253 -0.002108 -0.009972 -0.969095 -0.009972 -0.002108 0.000000 
5.000000e-01 5.000000e-01 4.999623e-03 5.000000e-01 5.000000e-01 1.515002e+00 -0.993253 0.002107 0.009969 0.969102 0.009969 0.002107 0.993253 -0.002108 -0.009972 -0.969095 -0.009972 -0.002108 0.000000 
5.000000e-01 5.000000e-01 4.999623e-03 5.000000e-01 5.000000e-01 1.515002e+00 -0.993253 0.002107 0.009969 0.969102 0.009969 0.002107 0.993253 -0.002108 -0.009972 -0.969095 -0.009972 -0.002108 0.000000 
5.000000e-01 5.000000e-01 4.999623e-03 5.000000e-01 5.000000e-01 1.515002e+00 -0.993253 0.002107 0.009969 0.969102 0.009969 0.002107 0.993253 -0.002108 -0.009972 -0.969095 -0.009972 -0.002108 0.000000 
5.000000e-01 5.000000e-01 4.999623e-03 5.000000e-01 5.000000e-01 1.515002e+00 -0.993253 0.002107 0.009969 0.969102 0.009969 0.002107 0.993253 -0.002108 -0.009972 -0.969095 -0.009972 -0.002108 0.000000 
5.000000e-01 5.000000e-01 4.999623e-03 5.000000e-01 5.000000e-01 1.515002e+00 -0.993253 0.002107 0.009969 0.969102 0.009969 0.002107 0.993253 -0.002108 -0.009972 -0.969095 -0.009972 -0.002108 0.000000 
5.000000e-01 5.000000e-01 4.999623e-03 5.000000e-01 5.000000e-01 1.515002e+00 -0.993253 0.002107 0.009969 0.969102 0.009969 0.002107 0.993253 -0.002108 -0.009972 -0.969095 -0.009972 -0.002108 0.000000 
5.000000e-01 5.000000e-01 4.999623e-03 5.000000e-01 5.000000e-01 1.515002e+00 -0.993253 0.002107 0.009969 0.969102 0.009969 0.002107 0.993253 -0.002108 -0.009972 -0.969095 -0.009972 -0.002108 0.000000 
5.000000e-01 5.000000e-01 4.999623e-03 5.000000e-01 5.000000e-01 1.515002e+00 -0.993253 0.002107 0.009969 0.969102 0.009969 0.002107 0.993253 -0.002108 -0.009972 -0.969095 -0.009972 -0.002108 0.000000 
5.000000e-01 5.000000e-01 4.999623e-03 5.000000e-01 5.000000e-01 1.515002e+00 -0.993253 0.002107 0.009969 0.969102 0.009969 0.002107 0.993253 -0.002108 -0.009972 -0.969095 -0.009972 -0.002108 0.000000 
5.000000e-01 5.000000e-01 4.999623e-03 5.000000e-01 5.000000e-01 1.515002e+00 -0.993253 0.002107 0.009969 0.969102 0.009969 0.002107 0.993253 -0.002108 -0.009972 -0.969095 -0.009972 -0.002108 0.000000 
5.000000e-01 5.000000e-01 4.999623e-03 5.000000e-01 5.000000e-01 1.515002e+00 -0.993253 0.002107 0.009969 0.969102 0.009969 0.002107 0.993253 -0.002108 -0.009972 -0.969095 -0.009972 -0.002108 0.000000 
5.000000e-01 5.000000e-01 4.999623e-03 5.000000e-01 5.000000e-01 1.515002e+00 -0.993253 0.002107 0.009969 0.969102 0.009969 0.002107 0.993253 -0.002108 -0.009972 -0.969095 -0.009972 -0.002108 0.000000 
5.000000e-01 5.000000e-01 4.999623e-03 5.000000e-01 5.000000e-01 1.515002e+00 -0.993253 0.002107 0.009969 0.969102 0.009969 0.002107 0.993253 -0.002108 -0.009972 -0.969095 -0.009972 -0.002108 0.000000 
5.000000e-01 5.000000e-01 4.999623e-03 5.000000e-01 5.000000e-01 1.515002e+00 -0.993253 0.002107 0.009969 0.969102 0.009969 0.002107 0.993253 -0.002108 -0.009972 -0.969095 -0.009972 -0.002108 0.000000 
5.000000e-01 5.000000e-01 4.999623e-03 5.000000e-01 5.000000e-01 1.515002e+00 -0.993253 0.002107 0.009969 0.969102 0.009969 0.002107 0.993253 -0.002108 -0.009972 -0.969095 -0.009972 -0.002108 0.000000 
5.000000e-01 5.000000e-01 4.999623e-03 5.000000e-01 5.000000e-01 1.515002e+00 -0.993253 0.002107 0.009969 0.969102 0.009969 0.002107 0.993253 -0.002108 -0.009972 -0.969095 -0.009972 -0.002108 0.000000 
5.000000e-01 5.000000e-01 4.999623e-03 5.000000e-01 5.000000e-01 1.515002e+00 -0.993253 0.002107 0.009969 0.969102 0.009969 0.002107 0.993253 -0.002108 -0.009972 -0.969095 -0.009972 -0.002108 0.000000 
5.000000e-01 5.000000e-01 4.999623e-03 5.000000e-01 5.000000e-01 1.515002e+00 -0.993253 0.002107 0.009969 0.969102 0.009969 0.002107 0.993253 -0.002108 -0.009972 -0.969095 -0.009972 -0.002108 0.000000 
5.000000e-01 5.000000e-01 4.999623e-03 5.000000e-01 5.000000e-01 1.515002e+00 -0.993253 0.002107 0.009969 0.969102 0.009969 0.002107 0.993253 -0.002108 -0.009972 -0.969095 -0.009972 -0.002108 0.000000 
5.000000e-01 5.000000e-01 4.999623e-03 5.000000e-01 5.000000e-01 1.515002e+00 -0.993253 0.002107 0.009969 0.969102 0.009969 0.002107 0.993253 -0.002108 -0.009972 -0.969095 -0.009972 -0.002108 0.000000 
5.000000e-01 5.000000e-01 4.999623e-03 5.000000e-01 5.000000e-01 1.515002e+00 -0.993253 0.002107 0.009969 0.969102 0.009969 0.002107 0.993253 -0.002108 -0.009972 -0.969095 -0.009972 -0.002108 0.000000 
5.000000e-01 5.000000e-01 4.999623e-03 5.000000e-01 5.000000e-01 1.515002e+00 -0.993253 0.002107 0.009969 0.969102 0.009969 0.002107 0.993253 -0.002108 -0.009972 -0.969095 -0.009972 -0.002108 0.000000 
5.000000e-01 5.000000e-01 4.999623e-03 5.000000e-01 5.000000e-01 1.515002e+00 -0.993253 0.002107 0.009969 0.969102 0.009969 0.002107 0.993253 -0.002108 -0.009972 -0.969095 -0.009972 -0.002108 0.000000 
5.000000e-01 5.000000e-01 4.999623e-03 5.000000e-01 5.000000e-01 1.515002e+00 -0.993253 0.002107 0.009969 0.969102 0.009969 0.002107 0.993253 -0.002108 -0.009972 -0.969095 -0.009972 -0.002108 0.000000 
5.000000e-01 5.000000e-01 4.999623e-03 5.000000e-01 5.000000e-01 1.515002e+00 -0.993253 0.002107 0.009969 0.969102 0.009969 0.002107 0.993253 -0.002108 -0.009972 -0.969095 -0.009972 -0.002108 0.000000 
5.000000e-01 5.000000e-01 4.999623e-03 5.000000e-01 5.000000e-01 1.515002e+00 -0.993253 0.002107 0.009969 0.969102 0.009969 0.002107 0.993253 -0.002108 -0.009972 -0.969095 -0.009972 -0.002108 0.000000 
5.000000e-01 5.000000e-01 4.999623e-03 5.000000e-01 5.000000e-01 1.515002e+00 -0.993253 0.002107 0.009969 0.969102 0.009969 0.002107 0.993253 -0.002108 -0.009972 -0.969095 -0.009972 -0.002108 0.000000 
5.000000e-01 5.000000e-01 4.999623e-03 5.000000e-01 5.000000e-01 1.515002e+00 -0.993253 0.002107 0.009969 0.969102 0.009969 0.002107 0.993253 -0.002108 -0.009972 -0.969095 -0.009972 -0.002108 0.000000 
5.000000e-01 5.000000e-01 4.999623e-03 5.000000e-01 5.000000e-01 1.515002e+00 -0.993253 0.002107 0.009969 0.969102 0.009969 0.002107 0.993253 -0.002108 -0.009972 -0.969095 -0.009972 -0.002108 0.000000 
5.000000e-01 5.000000e-01 4.999623e-03 5.000000e-01 5.000000e-01 1.515002e+00 -0.993253 0.002107 0.009969 0.969102 0.009969 0.002107 0.993253 -0.002108 -0.009972 -0.969095 -0.009972 -0.002108 0.000000 
5.000000e-01 5.000000e-01 4.999623e-03 5.000000e-01 5.000000e-01 1.515002e+00 -0.993253 0.002107 0.009969 0.969102 0.009969 0.002107 0.993253 -0.002108 -0.009972 -0.969095 -0.009972 -0.002108 0.000000 
5.000000e-01 5.000000e-01 4.999623e-03 5.000000e-01 5.000000e-01 1.515002e+00 -0.993253 0.002107 0.009969 0.969102 0.009969 0.002107 0.993253 -0.002108 -0.009972 -0.969095 -0.009972 -0.002108 0.000000 
5.000000e-01 5.000000e-01 4.999623e-03 5.000000e-01 5.000000e-01 1.515002e+00 -0.993253 0.002107 0.009969 0.969102 0.009969 0.002107 0.993253 -0.002108 -0.009972 -0.969095 -0.009972 -0.002108 0.000000 
5.000000e-01 5.000000e-01 4.999623e-03 5.000000e-01 5.000000e-01 1.515002e+00 -0.993253 0.002107 0.009969 0.969102 0.009969 0.002107 0.993253 -0.002108 -0.009972 -0.969095 -0.009972 -0.002108 0.000000 
5.000000e-01 5.000000e-01 4.999623e-03 5.000000e-01 5.000000e-01 1.515002e+00 -0.993253 0.002107 0.009969 0.969102 0.009969 0.002107 0.993253 -0.002108 -0.009972 -0.969095 -0.009972 -0.002108 0.000000 
5.000000e-01 5.000000e-01 4.999623e-03 5.000000e-01 5.000000e-01 1.515002e+00 -0.993253 0.002107 0.009969 0.969102 0.009969 0.002107 0.993253 -0.002108 -0.009972 -0.969095 -0.009972 -0.002108 0.000000 
5.000000e-01 5.000000e-01 4.999623e-03 5.000000e-01 5.000000e-01 1.515002e+00 -0.993253 0.002107 0.009969 0.969102 0.009969 0.002107 0.993253 -0.002108 -0.009972 -0.969095 -0.009972 -0.002108 0.000000 
5.000000e-01 5.000000e-01 4.999623e-03 5.000000e-01 5.000000e-01 1.515002e+00 -0.993253 0.002107 0.009969 0.969102 0.009969 0.002107 0.993253 -0.002108 -0.009972 -0.969095 -0.009972 -0.002108 0.000000 
5.000000e-01 5.000000e-01 4.999623e-03 5.000000e-01 5.000000e-01 1.515002e+00 -0.993253 0.002107 0.009969 0.969102 0.009969 0.002107 0.993253 -0.002108 -0.009972 -0.969095 -0.009972 -0.002108 0.000000 
5.000000e-01 5.000000e-01 4.999623e-03 5.000000e-01 5.000000e-01 1.515002e+00 -0.993253 0.002107 0.009969 0.969102 0.009969 0.002107 0.993253 -0.002108 -0.009972 -0.969095 -0.009972 -0.002108 0.000000 
5.000000e-01 5.000000e-01 4.999623e-03 5.000000e-01 5.000000e-01 1.515002e+00 -0.993253 0.002107 0.009969 0.969102 0.009969 0.002107 0.993253 -0.002108 -0.009972 -0.969095 -0.009972 -0.002108 0.000000 
5.000000e-01 5.000000e-01 4.999623e-03 5.000000e-01 5.000000e-01 1.515002e+00 -0.993253 0.002107 0.009969 0.969102 0.009969 0.002107 0.993253 -0.002108 -0.009972 -0.969095 -0.009972 -0.002108 0.000000 
5.000000e-01 5.000000e-01 4.999623e-03 5.000000e-01 5.000000e-01 1.515002e+00 -0.993253 0.002107 0.009969 0.969102 0.009969 0.002107 0.993253 -0.002108 -0.009972 -0.969095 -0.009972 -0.002108 0.000000 
5.000000e-01 5.000000e-01 4.999623e-03 5.000000e-01 5.000000e-01 1.515002e+00 -0.993253 0.002107 0.009969 0.969102 0.009969 0.002107 0.993253 -0.002108 -0.009972 -0.969095 -0.009972 -0.002108 0.000000 
5.000000e-01 5.000000e-01 4.999623e-03 5.000000e-01 5.000000e-01 1.515002e+00 -0.993253 0.002107 0.009969 0.969102 0.009969 0.002107 0.993253 -0.002108 -0.009972 -0.969095 -0.009972 -0.002108 0.000000 
5.000000e-01 5.000000e-01 4.999623e-03 5.000000e-01 5.000000e-01 1.515002e+00 -0.993253 0.002107 0.009969 0.969102 0.009969 0.002107 0.993253 -0.002108 -0.009972 -0.969095 -0.009972 -0.002108 0.000000 
5.000000e-01 5.000000e-01 4.999623e-03 5.000000e-01 5.000000e-01 1.515002e+00 -0.993253 0.002107 0.009969 0.969102 0.009969 0.002107 0.993253 -0.002108 -0.009972 -0.969095 -0.009972 -0.002108 0.000000 
5.000000e-01 5.000000e-01 4.999623e-03 5.000000e-01 5.000000e-01 1.515002e+00 -0.993253 0.002107 0.009969 0.969102 0.009969 0.002107 0.993253 -0.002108 -0.009972 -0.969095 -0.009972 -0.002108 0.000000 
5.000000e-01 5.000000e-01 4.999623e-03 5.000000e-01 5.000000e-01 1.515002e+00 -0.993253 0.002107 0.009969 0.969102 0.009969 0.002107 0.993253 -0.002108 -0.009972 -0.969095 -0.009972 -0.002108 0.000000 
5.000000e-01 5.000000e-01 4.999623e-03 5.000000e-01 5.000000e-01 1.515002e+00 -0.993253 0.002107 0.009969 0.969102 0.009969 0.002107 0.993253 -0.002108 -0.009972 -0.969095 -0.009972 -0.002108 0.000000 
5.000000e-01 5.000000e-01 4.999623e-03 5.000000e-01 5.000000e-01 1.515002e+00 -0.993253 0.002107 0.009969 0.969102 0.009969 0.002107 0.993253 -0.002108 -0.009972 -0.969095 -0.009972 -0.002108 0.000000 
5.000000e-01 5.000000e-01 4.999623e-03 5.000000e-01 5.000000e-01 1.515002e+00 -0.993253 0.002107 0.009969 0.969102 0.009969 0.002107 0.993253 -0.002108 -0.009972 -0.969095 -0.009972 -0.002108 0.000000 
5.000000e-01 5.000000e-01 4.999623e-03 5.000000e-01 5.000000e-01 1.515002e+00 -0.993253 0.002107 0.009969 0.969102 0.009969 0.002107 0.993253 -0.002108 -0.009972 -0.969095 -0.009972 -0.002108 0.000000 
5.000000e-01 5.000000e-01 4.999623e-03 5.000000e-01 5.000000e-01 1.515002e+00 -0.993253 0.002107 0.009969 0.969102 0.009969 0.002107 0.993253 -0.002108 -0.009972 -0.969095 -0.009972 -0.002108 0.000000 
5.000000e-01 5.000000e-01 4.999623e-03 5.000000e-01 5.000000e-01 1.515002e+00 -0.993253 0.002107 0.009969 0.969102 0.009969 0.002107 0.993253 -0.002108 -0.009972 -0.969095 -0.009972 -0.002108 0.000000 
5.000000e-01 5.000000e-01 4.999623e-03 5.000000e-01 5.000000e-01 1.515002e+00 -0.993253 0.002107 0.009969 0.969102 0.009969 0.002107 0.993253 -0.002108 -0.009972 -0.969095 -0.009972 -0.002108 0.000000 
5.000000e-01 5.000000e-01 4.999623e-03 5.000000e-01 5.000000e-01 1.515002e+00 -0.993253 0.002107 0.009969 0.969102 0.009969 0.002107 0.993253 -0.002108 -0.009972 -0.969095 -0.009972 -0.002108 0.000000 
5.000000e-01 5.000000e-01 4.999623e-03 5.000000e-01 5.000000e-01 1.515002e+00 -0.993253 0.002107 0.009969 0.969102 0.009969 0.002107 0.993253 -0.002108 -0.009972 -0.969095 -0.009972 -0.002108 0.000000 
5.000000e-01 5.000000e-01 4.999623e-03 5.000000e-01 5.000000e-01 1.515002e+00 -0.993253 0.002107 0.009969 0.969102 0.009969 0.002107 0.993253 -0.002108 -0.009972 -0.969095 -0.009972 -0.002108 0.000000 
5.000000e-01 5.000000e-01 4.999623e-03 5.000000e-01 5.000000e-01 1.515002e+00 -0.993253 0.002107 0.009969 0.969102 0.009969 0.002107 0.993253 -0.002108 -0.009972 -0.969095 -0.009972 -0.002108 0.000000 
5.000000e-01 5.000000e-01 4.999623e-03 5.000000e-01 5.000000e-01 1.515002e+00 -0.993253 0.002107 0.009969 0.969102 0.009969 0.002107 0.993253 -0.002108 -0.009972 -0.969095 -0.009972 -0.002108 0.000000 
5.000000e-01 5.000000e-01 4.999623e-03 5.000000e-01 5.000000e-01 1.515002e+00 -0.993253 0.002107 0.009969 0.969102 0.009969 0.002107 0.993253 -0.002108 -0.009972 -0.969095 -0.009972 -0.002108 0.000000 
5.000000e-01 5.000000e-01 4.999623e-03 5.000000e-01 5.000000e-01 1.515002e+00 -0.993253 0.002107 0.009969 0.969102 0.009969 0.002107 0.993253 -0.002108 -0.009972 -0.969095 -0.009972 -0.002108 0.000000 
5.000000e-01 5.000000e-01 4.999623e-03 5.000000e-01 5.000000e-01 1.515002e+00 -0.993253 0.002107 0.009969 0.969102 0.009969 0.002107 0.993253 -0.002108 -0.009972 -0.969095 -0.009972 -0.002108 0.000000 
5.000000e-01 5.000000e-01 4.999623e-03 5.000000e-01 5.000000e-01 1.515002e+00 -0.993253 0.002107 0.009969 0.969102 0.009969 0.002107 0.993253 -0.002108 -0.009972 -0.969095 -0.009972 -0.002108 0.000000 
5.000000e-01 5.000000e-01 4.999623e-03 5.000000e-01 5.000000e-01 1.515002e+00 -0.993253 0.002107 0.009969 0.969102 0.009969 0.002107 0.993253 -0.002108 -0.009972 -0.969095 -0.009972 -0.002108 0.000000 
5.000000e-01 5.000000e-01 4.999623e-03 5.000000e-01 5.000000e-01 1.515002e+00 -0.993253 0.002107 0.009969 0.969102 0.009969 0.002107 0.993253 -0.002108 -0.009972 -0.969095 -0.009972 -0.002108 0.000000 
5.000000e-01 5.000000e-01 4.999623e-03 5.000000e-01 5.000000e-01 1.515002e+00 -0.993253 0.002107 0.009969 0.969102 0.009969 0.002107 0.993253 -0.002108 -0.009972 -0.969095 -0.009972 -0.002108 0.000000 
5.000000e-01 5.000000e-01 4.999623e-03 5.000000e-01 5.000000e-01 1.515002e+00 -0.993253 0.002107 0.009969 0.969102 0.009969 0.002107 0.993253 -0.002108 -0.009972 -0.969095 -0.009972 -0.002108 0.000000 
5.000000e-01 5.000000e-01 4.999623e-03 5.000000e-01 5.000000e-01 1.515002e+00 -0.993253 0.002107 0.009969 0.969102 0.009969 0.002107 0.993253 -0.002108 -0.009972 -0.969095 -0.009972 -0.002108 0.000000 
5.000000e-01 5.000000e-01 4.999623e-03 5.000000e-01 5.000000e-01 1.515002e+00 -0.993253 0.002107 0.009969 0.969102 0.009969 0.002107 0.993253 -0.002108 -0.009972 -0.969095 -0.009972 -0.002108 0.000000 
5.000000e-01 5.000000e-01 4.999623e-03 5.000000e-01 5.000000e-01 1.515002e+00 -0.993253 0.002107 0.009969 0.969102 0.009969 0.002107 0.993253 -0.002108 -0.009972 -0.969095 -0.009972 -0.002108 0.000000 
5.000000e-01 5.000000e-01 4.999623e-03 5.000000e-01 5.000000e-01 1.515002e+00 -0.993253 0.002107 0.009969 0.969102 0.009969 0.002107 0.993253 -0.002108 -0.009972 -0.969095 -0.009972 -0.002108 0.000000 
5.000000e-01 5.000000e-01 4.999623e-03 5.000000e-01 5.000000e-01 1.515002e+00 -0.993253 0.002107 0.009969 0.969102 0.009969 0.002107 0.993253 -0.002108 -0.009972 -0.969095 -0.009972 -0.002108 0.000000 
5.000000e-01 5.000000e-01 4.999623e-03 5.000000e-01 5.000000e-01 1.515002e+00 -0.993253 0.002107 0.009969 0.969102 0.009969 0.002107 0.993253 -0.002108 -0.009972 -0.969095 -0.009972 -0.002108 0.000000 
5.000000e-01 5.000000e-01 4.999623e-03 5.000000e-01 5.000000e-01 1.515002e+00 -0.993253 0.002107 0.009969 0.969102 0.009969 0.002107 0.993253 -0.002108 -0.009972 -0.969095 -0.009972 -0.002108 0.000000 
5.000000e-01 5.000000e-01 4.999623e-03 5.000000e-01 5.000000e-01 1.515002e+00 -0.993253 0.002107 0.009969 0.969102 0.009969 0.002107 0.993253 -0.002108 -0.009972 -0.969095 -0.009972 -0.002108 0.000000 
5.000000e-01 5.000000e-01 4.999623e-03 5.000000e-01 5.000000e-01 1.515002e+00 -0.993253 0.002107 0.009969 0.969102 0.009969 0.002107 0.993253 -0.002108 -0.009972 -0.969095 -0.009972 -0.002108 0.000000 
5.000000e-01 5.000000e-01 4.999623e-03 5.000000e-01 5.000000e-01 1.515002e+00 -0.993253 0.002107 0.009969 0.969102 0.009969 0.002107 0.993253 -0.002108 -0.009972 -0.969095 -0.009972 -0.002108 0.000000 
5.000000e-01 5.000000e-01 4.999623e-03 5.000000e-01 5.000000e-01 1.515002e+00 -0.993253 0.002107 0.009969 0.969102 0.009969 0.002107 0.993253 -0.002108 -0.009972 -0.969095 -0.009972 -0.002108 0.000000 
5.000000e-01 5.000000e-01 4.999623e-03 5.000000e-01 5.000000e-01 1.515002e+00 -0.993253 0.002107 0.009969 0.969102 0.009969 0.002107 0.993253 -0.002108 -0.009972 -0.969095 -0.009972 -0.002108 0.000000 
5.000000e-01 5.000000e-01 4.999623e-03 5.000000e-01 5.000000e-01 1.515002e+00 -0.993253 0.002107 0.009969 0.969102 0.009969 0.002107 0.993253 -0.002108 -0.009972 -0.969095 -0.009972 -0.002108 0.000000 
5.000000e-01 5.000000e-01 4.999623e-03 5.000000e-01 5.000000e-01 1.515002e+00 -0.993253 0.002107 0.009969 0.969102 0.009969 0.002107 0.993253 -0.002108 -0.009972 -0.969095 -0.009972 -0.002108 0.000000 
5.000000e-01 5.000000e-01 4.999623e-03 5.000000e-01 5.000000e-01 1.515002e+00 -0.993253 0.002107 0.009969 0.969102 0.009969 0.002107 0.993253 -0.002108 -0.009972 -0.969095 -0.009972 -0.002108 0.000000 
5.000000e-01 5.000000e-01 4.999623e-03 5.000000e-01 5.000000e-01 1.515002e+00 -0.993253 0.002107 0.009969 0.969102 0.009969 0.002107 0.993253 -0.002108 -0.009972 -0.969095 -0.009972 -0.002108 0.000000 
5.000000e-01 5.000000e-01 4.999623e-03 5.000000e-01 5.000000e-01 1.515002e+00 -0.993253 0.002107 0.009969 0.969102 0.009969 0.002107 0.993253 -0.002108 -0.009972 -0.969095 -0.009972 -0.002108 0.000000 
5.000000e-01 5.000000e-01 4.999623e-03 5.000000e-01 5.000000e-01 1.515002e+00 -0.993253 0.002107 0.009969 0.969102 0.009969 0.002107 0.993253 -0.002108 -0.009972 -0.969095 -0.009972 -0.002108 0.000000 
5.000000e-01 5.000000e-01 4.999623e-03 5.000000e-01 5.000000e-01 1.515002e+00 -0.993253 0.002107 0.009969 0.969102 0.009969 0.002107 0.993253 -0.002108 -0.009972 -0.969095 -0.009972 -0.002108 0.000000 
5.000000e-01 5.000000e-01 4.999623e-03 5.000000e-01 5.000000e-01 1.515002e+00 -0.993253 0.002107 0.009969 0.969102 0.009969 0.002107 0.993253 -0.002108 -0.009972 -0.969095 -0.009972 -0.002108 0.000000 
5.000000e-01 5.000000e-01 4.999623e-03 5.000000e-01 5.000000e-01 1.515002e+00 -0.993253 0.002107 0.009969 0.969102 0.009969 0.002107 0.993253 -0.002108 -0.009972 -0.969095 -0.009972 -0.002108 0.000000 
5.000000e-01 5.000000e-01 4.999623e-03 5.000000e-01 5.000000e-01 1.515002e+00 -0.993253 0.002107 0.009969 0.969102 0.009969 0.002107 0.993253 -0.002108 -0.009972 -0.969095 -0.009972 -0.002108 0.000000 
5.000000e-01 5.000000e-01 4.999623e-03 5.000000e-01 5.000000e-01 1.515002e+00 -0.993253 0.002107 0.009969 0.969102 0.009969 0.002107 0.993253 -0.002108 -0.009972 -0.969095 -0.009972 -0.002108 0.000000 
5.000000e-01 5.000000e-01 4.999623e-03 5.000000e-01 5.000000e-01 1.515002e+00 -0.993253 0.002107 0.009969 0.969102 0.009969 0.002107 0.993253 -0.002108 -0.009972 -0.969095 -0.009972 -0.002108 0.000000 
5.000000e-01 5.000000e-01 4.999623e-03 5.000000e-01 5.000000e-01 1.515002e+00 -0.993253 0.002107 0.009969 0.969102 0.009969 0.002107 0.993253 -0.002108 -0.009972 -0.969095 -0.009972 -0.002108 0.000000 
5.000000e-01 5.000000e-01 4.999623e-03 5.000000e-01 5.000000e-01 1.515002e+00 -0.993253 0.002107 0.009969 0.969102 0.009969 0.002107 0.993253 -0.002108 -0.009972 -0.969095 -0.009972 -0.002108 0.000000 
5.000000e-01 5.000000e-01 4.999623e-03 5.000000e-01 5.000000e-01 1.515002e+00 -0.993253 0.002107 0.009969 0.969102 0.009969 0.002107 0.993253 -0.002108 -0.009972 -0.969095 -0.009972 -0.002108 0.000000 
5.000000e-01 5.000000e-01 4.999623e-03 5.000000e-01 5.000000e-01 1.515002e+00 -0.993253 0.002107 0.009969 0.969102 0.009969 0.002107 0.993253 -0.002108 -0.009972 -0.969095 -0.009972 -0.002108 0.000000 
5.000000e-01 5.000000e-01 4.999623e-03 5.000000e-01 5.000000e-01 1.515002e+00 -0.993253 0.002107 0.009969 0.969102 0.009969 0.002107 0.993253 -0.002108 -0.009972 -0.969095 -0.009972 -0.002108 0.000000 
5.000000e-01 5.000000e-01 4.999623e-03 5.000000e-01 5.000000e-01 1.515002e+00 -0.993253 0.002107 0.009969 0.969102 0.009969 0.002107 0.993253 -0.002108 -0.009972 -0.969095 -0.009972 -0.002108 0.000000 
5.000000e-01 5.000000e-01 4.999623e-03 5.000000e-01 5.000000e-01 1.515002e+00 -0.993253 0.002107 0.009969 0.969102 0.009969 0.002107 0.993253 -0.002108 -0.009972 -0.969095 -0.009972 -0.002108 0.000000 
5.000000e-01 5.000000e-01 4.999623e-03 5.000000e-01 5.000000e-01 1.515002e+00 -0.993253 0.002107 0.009969 0.969102 0.009969 0.002107 0.993253 -0.002108 -0.009972 -0.969095 -0.009972 -0.002108 0.000000 
5.000000e-01 5.000000e-01 4.999623e-03 5.000000e-01 5.000000e-01 1.515002e+00 -0.993253 0.002107 0.009969 0.969102 0.009969 0.002107 0.993253 -0.002108 -0.009972 -0.969095 -0.009972 -0.002108 0.000000 
5.000000e-01 5.000000e-01 4.999623e-03 5.000000e-01 5.000000e-01 1.515002e+00 -0.993253 0.002107 0.009969 0.969102 0.009969 0.002107 0.993253 -0.002108 -0.009972 -0.969095 -0.009972 -0.002108 0.000000 
5.000000e-01 5.000000e-01 4.999623e-03 5.000000e-01 5.000000e-01 1.515002e+00 -0.993253 0.002107 0.009969 0.969102 0.009969 0.002107 0.993253 -0.002108 -0.009972 -0.969095 -0.009972 -0.002108 0.000000 
5.000000e-01 5.000000e-01 4.999623e-03 5.000000e-01 5.000000e-01 1.515002e+00 -0.993253 0.002107 0.009969 0.969102 0.009969 0.002107 0.993253 -0.002108 -0.009972 -0.969095 -0.009972 -0.002108 0.000000 
5.000000e-01 5.000000e-01 4.999623e-03 5.000000e-01 5.000000e-01 1.515002e+00 -0.993253 0.002107 0.009969 0.969102 0.009969 0.002107 0.993253 -0.002108 -0.009972 -0.969095 -0.009972 -0.002108 0.000000 
5.000000e-01 5.000000e-01 4.999623e-03 5.000000e-01 5.000000e-01 1.515002e+00 -0.993253 0.002107 0.009969 0.969102 0.009969 0.002107 0.993253 -0.002108 -0.009972 -0.969095 -0.009972 -0.002108 0.000000 
5.000000e-01 5.000000e-01 4.999623e-03 5.000000e-01 5.000000e-01 1.515002e+00 -0.993253 0.002107 0.009969 0.969102 0.009969 0.002107 0.993253 -0.002108 -0.009972 -0.969095 -0.009972 -0.002108 0.000000 
5.000000e-01 5.000000e-01 4.999623e-03 5.000000e-01 5.000000e-01 1.515002e+00 -0.993253 0.002107 0.009969 0.969102 0.009969 0.002107 0.993253 -0.002108 -0.009972 -0.969095 -0.009972 -0.002108 0.000000 
5.000000e-01 5.000000e-01 4.999623e-03 5.000000e-01 5.000000e-01 1.515002e+00 -0.993253 0.002107 0.009969 0.969102 0.009969 0.002107 0.993253 -0.002108 -0.009972 -0.969095 -0.009972 -0.002108 0.000000 
5.000000e-01 5.000000e-01 4.999623e-03 5.000000e-01 5.000000e-01 1.515002e+00 -0.993253 0.002107 0.009969 0.969102 0.009969 0.002107 0.993253 -0.002108 -0.009972 -0.969095 -0.009972 -0.002108 0.000000 
5.000000e-01 5.000000e-01 4.999623e-03 5.000000e-01 5.000000e-01 1.515002e+00 -0.993253 0.002107 0.009969 0.969102 0.009969 0.002107 0.993253 -0.002108 -0.009972 -0.969095 -0.009972 -0.002108 0.000000 
5.000000e-01 5.000000e-01 4.999623e-03 5.000000e-01 5.000000e-01 1.515002e+00 -0.993253 0.002107 0.009969 0.969102 0.009969 0.002107 0.993253 -0.002108 -0.009972 -0.969095 -0.009972 -0.002108 0.000000 
5.000000e-01 5.000000e-01 4.999623e-03 5.000000e-01 5.000000e-01 1.515002e+00 -0.993253 0.002107 0.009969 0.969102 0.009969 0.002107 0.993253 -0.002108 -0.009972 -0.969095 -0.009972 -0.002108 0.000000 
5.000000e-01 5.000000e-01 4.999623e-03 5.000000e-01 5.000000e-01 1.515002e+00 -0.993253 0.002107 0.009969 0.969102 0.009969 0.002107 0.993253 -0.002108 -0.009972 -0.969095 -0.009972 -0.002108 0.000000 
5.000000e-01 5.000000e-01 4.999623e-03 5.000000e-01 5.000000e-01 1.515002e+00 -0.993253 0.002107 0.009969 0.969102 0.009969 0.002107 0.993253 -0.002108 -0.009972 -0.969095 -0.009972 -0.002108 0.000000 
5.000000e-01 5.000000e-01 4.999623e-03 5.000000e-01 5.000000e-01 1.515002e+00 -0.993253 0.002107 0.009969 0.969102 0.009969 0.002107 0.993253 -0.002108 -0.009972 -0.969095 -0.009972 -0.002108 0.000000 
5.000000e-01 5.000000e-01 4.999623e-03 5.000000e-01 5.000000e-01 1.515002e+00 -0.993253 0.002107 0.009969 0.969102 0.009969 0.002107 0.993253 -0.002108 -0.009972 -0.969095 -0.009972 -0.002108 0.000000 
5.000000e-01 5.000000e-01 4.999623e-03 5.000000e-01 5.000000e-01 1.515002e+00 -0.993253 0.002107 0.009969 0.969102 0.009969 0.002107 0.993253 -0.002108 -0.009972 -0.969095 -0.009972 -0.002108 0.000000 
5.000000e-01 5.000000e-01 4.999623e-03 5.000000e-01 5.000000e-01 1.515002e+00 -0.993253 0.002107 0.009969 0.969102 0.009969 0.002107 0.993253 -0.002108 -0.009972 -0.969095 -0.009972 -0.002108 0.000000 
5.000000e-01 5.000000e-01 4.999623e-03 5.000000e-01 5.000000e-01 1.515002e+00 -0.993253 0.002107 0.009969 0.969102 0.009969 0.002107 0.993253 -0.002108 -0.009972 -0.969095 -0.009972 -0.002108 0.000000 
5.000000e-01 5.000000e-01 4.999623e-03 5.000000e-01 5.000000e-01 1.515002e+00 -0.993253 0.002107 0.009969 0.969102 0.009969 0.002107 0.993253 -0.002108 -0.009972 -0.969095 -0.009972 -0.002108 0.000000 
5.000000e-01 5.000000e-01 4.999623e-03 5.000000e-01 5.000000e-01 1.515002e+00 -0.993253 0.002107 0.009969 0.969102 0.009969 0.002107 0.993253 -0.002108 -0.009972 -0.969095 -0.009972 -0.002108 0.000000 
5.000000e-01 5.000000e-01 4.999623e-03 5.000000e-01 5.000000e-01 1.515002e+00 -0.993253 0.002107 0.009969 0.969102 0.009969 0.002107 0.993253 -0.002108 -0.009972 -0.969095 -0.009972 -0.002108 0.000000 
5.000000e-01 5.000000e-01 4.999623e-03 5.000000e-01 5.000000e-01 1.515002e+00 -0.993253 0.002107 0.009969 0.969102 0.009969 0.002107 0.993253 -0.002108 -0.009972 -0.969095 -0.009972 -0.002108 0.000000 
5.000000e-01 5.000000e-01 4.999623e-03 5.000000e-01 5.000000e-01 1.515002e+00 -0.993253 0.002107 0.009969 0.969102 0.009969 0.002107 0.993253 -0.002108 -0.009972 -0.969095 -0.009972 -0.002108 0.000000 
5.000000e-01 5.000000e-01 4.999623e-03 5.000000e-01 5.000000e-01 1.515002e+00 -0.993253 0.002107 0.009969 0.969102 0.009969 0.002107 0.993253 -0.002108 -0.009972 -0.969095 -0.009972 -0.002108 0.000000 
5.000000e-01 5.000000e-01 4.999623e-03 5.000000e-01 5.000000e-01 1.515002e+00 -0.993253 0.002107 0.009969 0.969102 0.009969 0.002107 0.993253 -0.002108 -0.009972 -0.969095 -0.009972 -0.002108 0.000000 
5.000000e-01 5.000000e-01 4.999623e-03 5.000000e-01 5.000000e-01 1.515002e+00 -0.993253 0.002107 0.009969 0.969102 0.009969 0.002107 0.993253 -0.002108 -0.009972 -0.969095 -0.009972 -0.002108 0.000000 
5.000000e-01 5.000000e-01 4.999623e-03 5.000000e-01 5.000000e-01 1.515002e+00 -0.993253 0.002107 0.009969 0.969102 0.009969 0.002107 0.993253 -0.002108 -0.009972 -0.969095 -0.009972 -0.002108 0.000000 
5.000000e-01 5.000000e-01 4.999623e-03 5.000000e-01 5.000000e-01 1.515002e+00 -0.993253 0.002107 0.009969 0.969102 0.009969 0.002107 0.993253 -0.002108 -0.009972 -0.969095 -0.009972 -0.002108 0.000000 
5.000000e-01 5.000000e-01 4.999623e-03 5.000000e-01 5.000000e-01 1.515002e+00 -0.993253 0.002107 0.009969 0.969102 0.009969 0.002107 0.993253 -0.002108 -0.009972 -0.969095 -0.009972 -0.002108 0.000000 
5.000000e-01 5.000000e-01 4.999623e-03 5.000000e-01 5.000000e-01 1.515002e+00 -0.993253 0.002107 0.009969 0.969102 0.009969 0.002107 0.993253 -0.002108 -0.009972 -0.969095 -0.009972 -0.002108 0.000000 
5.000000e-01 5.000000e-01 4.999623e-03 5.000000e-01 5.000000e-01 1.515002e+00 -0.993253 0.002107 0.009969 0.969102 0.009969 0.002107 0.993253 -0.002108 -0.009972 -0.969095 -0.009972 -0.002108 0.000000 
5.000000e-01 5.000000e-01 4.999623e-03 5.000000e-01 5.000000e-01 1.515002e+00 -0.993253 0.002107 0.009969 0.969102 0.009969 0.002107 0.993253 -0.002108 -0.009972 -0.969095 -0.009972 -0.002108 0.000000 
5.000000e-01 5.000000e-01 4.999623e-03 5.000000e-01 5.000000e-01 1.515002e+00 -0.993253 0.002107 0.009969 0.969102 0.009969 0.002107 0.993253 -0.002108 -0.009972 -0.969095 -0.009972 -0.002108 0.000000 
5.000000e-01 5.000000e-01 4.999623e-03 5.000000e-01 5.000000e-01 1.515002e+00 -0.993253 0.002107 0.009969 0.969102 0.009969 0.002107 0.993253 -0.002108 -0.009972 -0.969095 -0.009972 -0.002108 0.000000 
5.000000e-01 5.000000e-01 4.999623e-03 5.000000e-01 5.000000e-01 1.515002e+00 -0.993253 0.002107 0.009969 0.969102 0.009969 0.002107 0.993253 -0.002108 -0.009972 -0.969095 -0.009972 -0.002108 0.000000 
5.000000e-01 5.000000e-01 4.999623e-03 5.000000e-01 5.000000e-01 1.515002e+00 -0.993253 0.002107 0.009969 0.969102 0.009969 0.002107 0.993253 -0.002108 -0.009972 -0.969095 -0.009972 -0.002108 0.000000 
5.000000e-01 5.000000e-01 4.999623e-03 5.000000e-01 5.000000e-01 1.515002e+00 -0.993253 0.002107 0.009969 0.969102 0.009969 0.002107 0.993253 -0.002108 -0.009972 -0.969095 -0.009972 -0.002108 0.000000 
5.000000e-01 5.000000e-01 4.999623e-03 5.000000e-01 5.000000e-01 1.515002e+00 -0.993253 0.002107 0.009969 0.969102 0.009969 0.002107 0.993253 -0.002108 -0.009972 -0.969095 -0.009972 -0.002108 0.000000 
5.000000e-01 5.000000e-01 4.999623e-03 5.000000e-01 5.000000e-01 1.515002e+00 -0.993253 0.002107 0.009969 0.969102 0.009969 0.002107 0.993253 -0.002108 -0.009972 -0.969095 -0.009972 -0.002108 0.000000 
5.000000e-01 5.000000e-01 4.999623e-03 5.000000e-01 5.000000e-01 1.515002e+00 -0.993253 0.002107 0.009969 0.969102 0.009969 0.002107 0.993253 -0.002108 -0.009972 -0.969095 -0.009972 -0.002108 0.000000 
5.000000e-01 5.000000e-01 4.999623e-03 5.000000e-01 5.000000e-01 1.515002e+00 -0.993253 0.002107 0.009969 0.969102 0.009969 0.002107 0.993253 -0.002108 -0.009972 -0.969095 -0.009972 -0.002108 0.000000 
5.000000e-01 5.000000e-01 4.999623e-03 5.000000e-01 5.000000e-01 1.515002e+00 -0.993253 0.002107 0.009969 0.969102 0.009969 0.002107 0.993253 -0.002108 -0.009972 -0.969095 -0.009972 -0.002108 0.000000 
5.000000e-01 5.000000e-01 4.999623e-03 5.000000e-01 5.000000e-01 1.515002e+00 -0.993253 0.002107 0.009969 0.969102 0.009969 0.002107 0.993253 -0.002108 -0.009972 -0.969095 -0.009972 -0.002108 0.000000 
5.000000e-01 5.000000e-01 4.999623e-03 5.000000e-01 5.000000e-01 1.515002e+00 -0.993253 0.002107 0.009969 0.969102 0.009969 0.002107 0.993253 -0.002108 -0.009972 -0.969095 -0.009972 -0.002108 0.000000 
5.000000e-01 5.000000e-01 4.999623e-03 5.000000e-01 5.000000e-01 1.515002e+00 -0.993253 0.002107 0.009969 0.969102 0.009969 0.002107 0.993253 -0.002108 -0.009972 -0.969095 -0.009972 -0.002108 0.000000 
5.000000e-01 5.000000e-01 4.999623e-03 5.000000e-01 5.000000e-01 1.515002e+00 -0.993253 0.002107 0.009969 0.969102 0.009969 0.002107 0.993253 -0.002108 -0.009972 -0.969095 -0.009972 -0.002108 0.000000 
5.000000e-01 5.000000e-01 4.999623e-03 5.000000e-01 5.000000e-01 1.515002e+00 -0.993253 0.002107 0.009969 0.969102 0.009969 0.002107 0.993253 -0.002108 -0.009972 -0.969095 -0.009972 -0.002108 0.000000 
5.000000e-01 5.000000e-01 4.999623e-03 5.000000e-01 5.000000e-01 1.515002e+00 -0.993253 0.002107 0.009969 0.969102 0.009969 0.002107 0.993253 -0.002108 -0.009972 -0.969095 -0.009972 -0.002108 0.000000 
5.000000e-01 5.000000e-01 4.999623e-03 5.000000e-01 5.000000e-01 1.515002e+00 -0.993253 0.002107 0.009969 0.969102 0.009969 0.002107 0.993253 -0.002108 -0.009972 -0.969095 -0.009972 -0.002108 0.000000 
5.000000e-01 5.000000e-01 4.999623e-03 5.000000e-01 5.000000e-01 1.515002e+00 -0.993253 0.002107 0.009969 0.969102 0.009969 0.002107 0.993253 -0.002108 -0.009972 -0.969095 -0.009972 -0.002108 0.000000 
5.000000e-01 5.000000e-01 4.999623e-03 5.000000e-01 5.000000e-01 1.515002e+00 -0.993253 0.002107 0.009969 0.969102 0.009969 0.002107 0.993253 -0.002108 -0.009972 -0.969095 -0.009972 -0.002108 0.000000 
5.000000e-01 5.000000e-01 4.999623e-03 5.000000e-01 5.000000e-01 1.515002e+00 -0.993253 0.002107 0.009969 0.969102 0.009969 0.002107 0.993253 -0.002108 -0.009972 -0.969095 -0.009972 -0.002108 0.000000 
5.000000e-01 5.000000e-01 4.999623e-03 5.000000e-01 5.000000e-01 1.515002e+00 -0.993253 0.002107 0.009969 0.969102 0.009969 0.002107 0.993253 -0.002108 -0.009972 -0.969095 -0.009972 -0.002108 0.000000 
5.000000e-01 5.000000e-01 4.999623e-03 5.000000e-01 5.000000e-01 1.515002e+00 -0.993253 0.002107 0.009969 0.969102 0.009969 0.002107 0.993253 -0.002108 -0.009972 -0.969095 -0.009972 -0.002108 0.000000 
5.000000e-01 5.000000e-01 4.999623e-03 5.000000e-01 5.000000e-01 1.515002e+00 -0.993253 0.002107 0.009969 0.969102 0.009969 0.002107 0.993253 -0.002108 -0.009972 -0.969095 -0.009972 -0.002108 0.000000 
5.000000e-01 5.000000e-01 4.999623e-03 5.000000e-01 5.000000e-01 1.515002e+00 -0.993253 0.002107 0.009969 0.969102 0.009969 0.002107 0.993253 -0.002108 -0.009972 -0.969095 -0.009972 -0.002108 0.000000 
5.000000e-01 5.000000e-01 4.999623e-03 5.000000e-01 5.000000e-01 1.515002e+00 -0.993253 0.002107 0.009969 0.969102 0.009969 0.002107 0.993253 -0.002108 -0.009972 -0.969095 -0.009972 -0.002108 0.000000 
5.000000e-01 5.000000e-01 4.999623e-03 5.000000e-01 5.000000e-01 1.515002e+00 -0.993253 0.002107 0.009969 0.969102 0.009969 0.002107 0.993253 -0.002108 -0.009972 -0.969095 -0.009972 -0.002108 0.000000 
5.000000e-01 5.000000e-01 4.999623e-03 5.000000e-01 5.000000e-01 1.515002e+00 -0.993253 0.002107 0.009969 0.969102 0.009969 0.002107 0.993253 -0.002108 -0.009972 -0.969095 -0.009972 -0.002108 0.000000 
5.000000e-01 5.000000e-01 4.999623e-03 5.000000e-01 5.000000e-01 1.515002e+00 -0.993253 0.002107 0.009969 0.969102 0.009969 0.002107 0.993253 -0.002108 -0.009972 -0.969095 -0.009972 -0.002108 0.000000 
5.000000e-01 5.000000e-01 4.999623e-03 5.000000e-01 5.000000e-01 1.515002e+00 -0.993253 0.002107 0.009969 0.969102 0.009969 0.002107 0.993253 -0.002108 -0.009972 -0.969095 -0.009972 -0.002108 0.000000 
5.000000e-01 5.000000e-01 4.999623e-03 5.000000e-01 5.000000e-01 1.515002e+00 -0.993253 0.002107 0.009969 0.969102 0.009969 0.002107 0.993253 -0.002108 -0.009972 -0.969095 -0.009972 -0.002108 0.000000 
5.000000e-01 5.000000e-01 4.999623e-03 5.000000e-01 5.000000e-01 1.515002e+00 -0.993253 0.002107 0.009969 0.969102 0.009969 0.002107 0.993253 -0.002108 -0.009972 -0.969095 -0.009972 -0.002108 0.000000 
5.000000e-01 5.000000e-01 4.999623e-03 5.000000e-01 5.000000e-01 1.515002e+00 -0.993253 0.002107 0.009969 0.969102 0.009969 0.002107 0.993253 -0.002108 -0.009972 -0.969095 -0.009972 -0.002108 0.000000 
5.000000e-01 5.000000e-01 4.999623e-03 5.000000e-01 5.000000e-01 1.515002e+00 -0.993253 0.002107 0.009969 0.969102 0.009969 0.002107 0.993253 -0.002108 -0.009972 -0.969095 -0.009972 -0.002108 0.000000 
5.000000e-01 5.000000e-01 4.999623e-03 5.000000e-01 5.000000e-01 1.515002e+00 -0.993253 0.002107 0.009969 0.969102 0.009969 0.002107 0.993253 -0.002108 -0.009972 -0.969095 -0.009972 -0.002108 0.000000 
5.000000e-01 5.000000e-01 4.999623e-03 5.000000e-01 5.000000e-01 1.515002e+00 -0.993253 0.002107 0.009969 0.969102 0.009969 0.002107 0.993253 -0.002108 -0.009972 -0.969095 -0.009972 -0.002108 0.000000 
5.000000e-01 5.000000e-01 4.999623e-03 5.000000e-01 5.000000e-01 1.515002e+00 -0.993253 0.002107 0.009969 0.969102 0.009969 0.002107 0.993253 -0.002108 -0.009972 -0.969095 -0.009972 -0.002108 0.000000 
5.000000e-01 5.000000e-01 4.999623e-03 5.000000e-01 5.000000e-01 1.515002e+00 -0.993253 0.002107 0.009969 0.969102 0.009969 0.002107 0.993253 -0.002108 -0.009972 -0.969095 -0.009972 -0.002108 0.000000 
5.000000e-01 5.000000e-01 4.999623e-03 5.000000e-01 5.000000e-01 1.515002e+00 -0.993253 0.002107 0.009969 0.969102 0.009969 0.002107 0.993253 -0.002108 -0.009972 -0.969095 -0.009972 -0.002108 0.000000 
5.000000e-01 5.000000e-01 4.999623e-03 5.000000e-01 5.000000e-01 1.515002e+00 -0.993253 0.002107 0.009969 0.969102 0.009969 0.002107 0.993253 -0.002108 -0.009972 -0.969095 -0.009972 -0.002108 0.000000 
5.000000e-01 5.000000e-01 4.999623e-03 5.000000e-01 5.000000e-01 1.515002e+00 -0.993253 0.002107 0.009969 0.969102 0.009969 0.002107 0.993253 -0.002108 -0.009972 -0.969095 -0.009972 -0.002108 0.000000 
5.000000e-01 5.000000e-01 4.999623e-03 5.000000e-01 5.000000e-01 1.515002e+00 -0.993253 0.002107 0.009969 0.969102 0.009969 0.002107 0.993253 -0.002108 -0.009972 -0.969095 -0.009972 -0.002108 0.000000 
5.000000e-01 5.000000e-01 4.999623e-03 5.000000e-01 5.000000e-01 1.515002e+00 -0.993253 0.002107 0.009969 0.969102 0.009969 0.002107 0.993253 -0.002108 -0.009972 -0.969095 -0.009972 -0.002108 0.000000 
5.000000e-01 5.000000e-01 4.999623e-03 5.000000e-01 5.000000e-01 1.515002e+00 -0.993253 0.002107 0.009969 0.969102 0.009969 0.002107 0.993253 -0.002108 -0.009972 -0.969095 -0.009972 -0.002108 0.000000 
5.000000e-01 5.000000e-01 4.999623e-03 5.000000e-01 5.000000e-01 1.515002e+00 -0.993253 0.002107 0.009969 0.969102 0.009969 0.002107 0.993253 -0.002108 -0.009972 -0.969095 -0.009972 -0.002108 0.000000 
