# TeX TeY TeZ ThX ThY THZ P1 P2
5.000000e-01 5.000000e-01 1.330000e+00 5.000000e-01 5.000000e-01 1.330000e+00 0.000000 0.000000 0.000000 0.000000 0.000000 0.000000 0.000000 0.000000 0.000000 0.000000 0.000000 0.000000 0.000000 
5.000000e-01 5.000000e-01 1.321831e+00 5.000000e-01 5.000000e-01 1.336810e+00 -0.009831 -0.004322 -0.000774 0.020022 -0.000774 -0.004322 0.009831 -0.001785 -0.002084 -0.002092 -0.002084 -0.001785 0.000000 
5.000000e-01 5.000000e-01 1.313591e+00 5.000000e-01 5.000000e-01 1.343587e+00 -0.019687 -0.008606 -0.001498 0.039896 -0.001498 -0.008606 0.019687 -0.003575 -0.004174 -0.004190 -0.004174 -0.003575 0.000000 
5.000000e-01 5.000000e-01 1.305279e+00 5.000000e-01 5.000000e-01 1.350332e+00 -0.029569 -0.012849 -0.002187 0.059641 -0.002187 -0.012849 0.029569 -0.005369 -0.006269 -0.006293 -0.006269 -0.005369 0.000000 
5.000000e-01 5.000000e-01 1.296897e+00 5.000000e-01 5.000000e-01 1.357043e+00 -0.039476 -0.017099 -0.003030 0.079734 -0.003030 -0.017099 0.039476 -0.007168 -0.008369 -0.008402 -0.008369 -0.007168 0.000000 
5.000000e-01 5.000000e-01 1.288445e+00 5.000000e-01 5.000000e-01 1.363721e+00 -0.049407 -0.021307 -0.003932 0.099885 -0.003932 -0.021307 0.049407 -0.008971 -0.010474 -0.010516 -0.010474 -0.008971 0.000000 
5.000000e-01 5.000000e-01 1.279924e+00 5.000000e-01 5.000000e-01 1.370365e+00 -0.059362 -0.025463 -0.004886 0.120061 -0.004886 -0.025463 0.059362 -0.010779 -0.012585 -0.012635 -0.012585 -0.010779 0.000000 
5.000000e-01 5.000000e-01 1.271333e+00 5.000000e-01 5.000000e-01 1.376974e+00 -0.069341 -0.029598 -0.006122 0.140780 -0.006122 -0.029598 0.069341 -0.012590 -0.014701 -0.014760 -0.014701 -0.012590 0.000000 
5.000000e-01 5.000000e-01 1.262674e+00 5.000000e-01 5.000000e-01 1.383549e+00 -0.079344 -0.033682 -0.007524 0.161755 -0.007524 -0.033682 0.079344 -0.014405 -0.016822 -0.016889 -0.016822 -0.014405 0.000000 
5.000000e-01 5.000000e-01 1.253947e+00 5.000000e-01 5.000000e-01 1.390089e+00 -0.089368 -0.037709 -0.009067 0.182919 -0.009067 -0.037709 0.089368 -0.016225 -0.018947 -0.019025 -0.018947 -0.016225 0.000000 
5.000000e-01 5.000000e-01 1.245153e+00 5.000000e-01 5.000000e-01 1.396593e+00 -0.099417 -0.041734 -0.011104 0.205094 -0.011104 -0.041734 0.099417 -0.018048 -0.021078 -0.021165 -0.021078 -0.018048 0.000000 
5.000000e-01 5.000000e-01 1.236292e+00 5.000000e-01 5.000000e-01 1.403061e+00 -0.109488 -0.045699 -0.013370 0.227626 -0.013370 -0.045699 0.109488 -0.019875 -0.023213 -0.023310 -0.023213 -0.019875 0.000000 
5.000000e-01 5.000000e-01 1.227364e+00 5.000000e-01 5.000000e-01 1.409493e+00 -0.119580 -0.049608 -0.015908 0.250611 -0.015908 -0.049608 0.119580 -0.021706 -0.025354 -0.025461 -0.025354 -0.021706 0.000000 
5.000000e-01 5.000000e-01 1.218370e+00 5.000000e-01 5.000000e-01 1.415889e+00 -0.129696 -0.053502 -0.019070 0.274838 -0.019070 -0.053502 0.129696 -0.023541 -0.027499 -0.027617 -0.027499 -0.023541 0.000000 
5.000000e-01 5.000000e-01 1.209311e+00 5.000000e-01 5.000000e-01 1.422248e+00 -0.139833 -0.057327 -0.022516 0.299519 -0.022516 -0.057327 0.139833 -0.025379 -0.029649 -0.029778 -0.029649 -0.025379 0.000000 
5.000000e-01 5.000000e-01 1.200187e+00 5.000000e-01 5.000000e-01 1.428571e+00 -0.149992 -0.061105 -0.026437 0.325075 -0.026437 -0.061105 0.149992 -0.027220 -0.031804 -0.031944 -0.031804 -0.027220 0.000000 
5.000000e-01 5.000000e-01 1.190999e+00 5.000000e-01 5.000000e-01 1.434856e+00 -0.160175 -0.064839 -0.031009 0.351869 -0.031009 -0.064839 0.160175 -0.029066 -0.033963 -0.034116 -0.033963 -0.029066 0.000000 
5.000000e-01 5.000000e-01 1.181747e+00 5.000000e-01 5.000000e-01 1.441103e+00 -0.170378 -0.068503 -0.035902 0.379187 -0.035902 -0.068503 0.170378 -0.030914 -0.036128 -0.036293 -0.036128 -0.030914 0.000000 
5.000000e-01 5.000000e-01 1.172432e+00 5.000000e-01 5.000000e-01 1.447313e+00 -0.180605 -0.072135 -0.041557 0.407988 -0.041557 -0.072135 0.180605 -0.032767 -0.038297 -0.038476 -0.038297 -0.032767 0.000000 
5.000000e-01 5.000000e-01 1.163054e+00 5.000000e-01 5.000000e-01 1.453486e+00 -0.190854 -0.075709 -0.047746 0.437763 -0.047746 -0.075709 0.190854 -0.034622 -0.040472 -0.040665 -0.040472 -0.034622 0.000000 
5.000000e-01 5.000000e-01 1.153614e+00 5.000000e-01 5.000000e-01 1.459620e+00 -0.201123 -0.079216 -0.054327 0.468209 -0.054327 -0.079216 0.201123 -0.036481 -0.042651 -0.042858 -0.042651 -0.036481 0.000000 
5.000000e-01 5.000000e-01 1.144112e+00 5.000000e-01 5.000000e-01 1.465716e+00 -0.211419 -0.082692 -0.061858 0.500519 -0.061858 -0.082692 0.211419 -0.038344 -0.044836 -0.045059 -0.044836 -0.038344 0.000000 
5.000000e-01 5.000000e-01 1.134549e+00 5.000000e-01 5.000000e-01 1.471774e+00 -0.221734 -0.086093 -0.069697 0.533314 -0.069697 -0.086093 0.221734 -0.040210 -0.047025 -0.047264 -0.047025 -0.040210 0.000000 
5.000000e-01 5.000000e-01 1.124925e+00 5.000000e-01 5.000000e-01 1.477794e+00 -0.232072 -0.089443 -0.078213 0.567385 -0.078213 -0.089443 0.232072 -0.042079 -0.049219 -0.049476 -0.049219 -0.042079 0.000000 
5.000000e-01 5.000000e-01 1.115241e+00 5.000000e-01 5.000000e-01 1.483774e+00 -0.242432 -0.092734 -0.087273 0.602446 -0.087273 -0.092734 0.242432 -0.043951 -0.051418 -0.051693 -0.051418 -0.043951 0.000000 
5.000000e-01 5.000000e-01 1.105497e+00 5.000000e-01 5.000000e-01 1.489714e+00 -0.252809 -0.095952 -0.096614 0.637940 -0.096614 -0.095952 0.252809 -0.045825 -0.053622 -0.053915 -0.053622 -0.045825 0.000000 
5.000000e-01 5.000000e-01 1.095695e+00 5.000000e-01 5.000000e-01 1.495614e+00 -0.263209 -0.099120 -0.106661 0.674770 -0.106661 -0.099120 0.263209 -0.047703 -0.055830 -0.056144 -0.055830 -0.047703 0.000000 
5.000000e-01 5.000000e-01 1.085833e+00 5.000000e-01 5.000000e-01 1.501473e+00 -0.273623 -0.102208 -0.116812 0.711662 -0.116812 -0.102208 0.273623 -0.049581 -0.058042 -0.058377 -0.058042 -0.049581 0.000000 
5.000000e-01 5.000000e-01 1.075914e+00 5.000000e-01 5.000000e-01 1.507289e+00 -0.284053 -0.105231 -0.127322 0.749159 -0.127322 -0.105231 0.284053 -0.051462 -0.060257 -0.060615 -0.060257 -0.051462 0.000000 
5.000000e-01 5.000000e-01 1.065937e+00 5.000000e-01 5.000000e-01 1.513072e+00 -0.294502 -0.108182 -0.137930 0.786726 -0.137930 -0.108182 0.294502 -0.053344 -0.062477 -0.062859 -0.062477 -0.053344 0.000000 
5.000000e-01 5.000000e-01 1.055903e+00 5.000000e-01 5.000000e-01 1.515055e+00 -0.302426 -0.109011 -0.140559 0.801566 -0.140559 -0.109011 0.302426 -0.054766 -0.064162 -0.064569 -0.064162 -0.054766 0.000000 
5.000000e-01 5.000000e-01 1.045812e+00 5.000000e-01 5.000000e-01 1.515055e+00 -0.309049 -0.108704 -0.138948 0.804353 -0.138948 -0.108704 0.309049 -0.055949 -0.065573 -0.066004 -0.065573 -0.055949 0.000000 
5.000000e-01 5.000000e-01 1.035665e+00 5.000000e-01 5.000000e-01 1.515055e+00 -0.315709 -0.108341 -0.137336 0.807062 -0.137336 -0.108341 0.315709 -0.057138 -0.066991 -0.067450 -0.066991 -0.057138 0.000000 
5.000000e-01 5.000000e-01 1.025463e+00 5.000000e-01 5.000000e-01 1.515055e+00 -0.322406 -0.107924 -0.135722 0.809698 -0.135722 -0.107924 0.322406 -0.058332 -0.068418 -0.068906 -0.068418 -0.058332 0.000000 
5.000000e-01 5.000000e-01 1.015205e+00 5.000000e-01 5.000000e-01 1.515055e+00 -0.329139 -0.107456 -0.134108 0.812267 -0.134108 -0.107456 0.329139 -0.059530 -0.069853 -0.070372 -0.069853 -0.059530 0.000000 
5.000000e-01 5.000000e-01 1.004893e+00 5.000000e-01 5.000000e-01 1.515055e+00 -0.335908 -0.106940 -0.132493 0.814773 -0.132493 -0.106940 0.335908 -0.060732 -0.071297 -0.071849 -0.071297 -0.060732 0.000000 
5.000000e-01 5.000000e-01 9.945266e-01 5.000000e-01 5.000000e-01 1.515055e+00 -0.342712 -0.106376 -0.130877 0.817219 -0.130877 -0.106376 0.342712 -0.061939 -0.072748 -0.073337 -0.072748 -0.061939 0.000000 
5.000000e-01 5.000000e-01 9.841065e-01 5.000000e-01 5.000000e-01 1.515055e+00 -0.349552 -0.105768 -0.129262 0.819611 -0.129262 -0.105768 0.349552 -0.063150 -0.074208 -0.074835 -0.074208 -0.063150 0.000000 
5.000000e-01 5.000000e-01 9.736331e-01 5.000000e-01 5.000000e-01 1.515055e+00 -0.356427 -0.105116 -0.127646 0.821950 -0.127646 -0.105116 0.356427 -0.064365 -0.075677 -0.076344 -0.075677 -0.064365 0.000000 
5.000000e-01 5.000000e-01 9.631070e-01 5.000000e-01 5.000000e-01 1.515055e+00 -0.363336 -0.104423 -0.126029 0.824242 -0.126029 -0.104423 0.363336 -0.065583 -0.077153 -0.077865 -0.077153 -0.065583 0.000000 
5.000000e-01 5.000000e-01 9.525286e-01 5.000000e-01 5.000000e-01 1.515055e+00 -0.370280 -0.103691 -0.124413 0.826489 -0.124413 -0.103691 0.370280 -0.066804 -0.078638 -0.079397 -0.078638 -0.066804 0.000000 
5.000000e-01 5.000000e-01 9.418984e-01 5.000000e-01 5.000000e-01 1.515055e+00 -0.377258 -0.102922 -0.122796 0.828695 -0.122796 -0.102922 0.377258 -0.068028 -0.080131 -0.080940 -0.080131 -0.068028 0.000000 
5.000000e-01 5.000000e-01 9.312168e-01 5.000000e-01 5.000000e-01 1.515055e+00 -0.384269 -0.102116 -0.121179 0.830861 -0.121179 -0.102116 0.384269 -0.069255 -0.081632 -0.082496 -0.081632 -0.069255 0.000000 
5.000000e-01 5.000000e-01 9.204844e-01 5.000000e-01 5.000000e-01 1.515055e+00 -0.391314 -0.101277 -0.119562 0.832992 -0.119562 -0.101277 0.391315 -0.070484 -0.083141 -0.084064 -0.083141 -0.070484 0.000000 
5.000000e-01 5.000000e-01 9.097014e-01 5.000000e-01 5.000000e-01 1.515055e+00 -0.398393 -0.100404 -0.117944 0.835088 -0.117944 -0.100404 0.398393 -0.071715 -0.084659 -0.085645 -0.084659 -0.071715 0.000000 
5.000000e-01 5.000000e-01 8.988685e-01 5.000000e-01 5.000000e-01 1.515055e+00 -0.405504 -0.099498 -0.116325 0.837151 -0.116325 -0.099498 0.405504 -0.072947 -0.086185 -0.087239 -0.086185 -0.072947 0.000000 
5.000000e-01 5.000000e-01 8.879860e-01 5.000000e-01 5.000000e-01 1.515055e+00 -0.412647 -0.098563 -0.114706 0.839186 -0.114706 -0.098563 0.412648 -0.074180 -0.087720 -0.088847 -0.087720 -0.074180 0.000000 
5.000000e-01 5.000000e-01 8.770543e-01 5.000000e-01 5.000000e-01 1.515055e+00 -0.419823 -0.097600 -0.113085 0.841194 -0.113085 -0.097600 0.419823 -0.075414 -0.089263 -0.090469 -0.089263 -0.075414 0.000000 
5.000000e-01 5.000000e-01 8.660740e-01 5.000000e-01 5.000000e-01 1.515055e+00 -0.427031 -0.096610 -0.111464 0.843178 -0.111464 -0.096610 0.427031 -0.076648 -0.090815 -0.092105 -0.090815 -0.076648 0.000000 
5.000000e-01 5.000000e-01 8.550454e-01 5.000000e-01 5.000000e-01 1.515055e+00 -0.434271 -0.095593 -0.109841 0.845139 -0.109841 -0.095593 0.434271 -0.077882 -0.092375 -0.093756 -0.092375 -0.077882 0.000000 
5.000000e-01 5.000000e-01 8.439690e-01 5.000000e-01 5.000000e-01 1.515055e+00 -0.441542 -0.094552 -0.108216 0.847079 -0.108216 -0.094552 0.441542 -0.079115 -0.093944 -0.095423 -0.093944 -0.079115 0.000000 
5.000000e-01 5.000000e-01 8.328452e-01 5.000000e-01 5.000000e-01 1.515055e+00 -0.448844 -0.093488 -0.106590 0.849000 -0.106590 -0.093488 0.448844 -0.080347 -0.095521 -0.097107 -0.095521 -0.080347 0.000000 
5.000000e-01 5.000000e-01 8.216744e-01 5.000000e-01 5.000000e-01 1.515055e+00 -0.456177 -0.092401 -0.104962 0.850904 -0.104962 -0.092401 0.456177 -0.081577 -0.097108 -0.098808 -0.097108 -0.081577 0.000000 
5.000000e-01 5.000000e-01 8.104570e-01 5.000000e-01 5.000000e-01 1.515055e+00 -0.463541 -0.091293 -0.103331 0.852790 -0.103331 -0.091293 0.463541 -0.082804 -0.098703 -0.100526 -0.098703 -0.082804 0.000000 
5.000000e-01 5.000000e-01 7.991935e-01 5.000000e-01 5.000000e-01 1.515055e+00 -0.470935 -0.090164 -0.101699 0.854661 -0.101699 -0.090164 0.470935 -0.084028 -0.100308 -0.102264 -0.100308 -0.084028 0.000000 
5.000000e-01 5.000000e-01 7.878842e-01 5.000000e-01 5.000000e-01 1.515055e+00 -0.478358 -0.089015 -0.100065 0.856517 -0.100065 -0.089015 0.478359 -0.085246 -0.101922 -0.104022 -0.101922 -0.085246 0.000000 
5.000000e-01 5.000000e-01 7.765296e-01 5.000000e-01 5.000000e-01 1.515055e+00 -0.485812 -0.087847 -0.098428 0.858361 -0.098428 -0.087847 0.485812 -0.086460 -0.103545 -0.105801 -0.103545 -0.086460 0.000000 
5.000000e-01 5.000000e-01 7.651300e-01 5.000000e-01 5.000000e-01 1.515055e+00 -0.493295 -0.086661 -0.096788 0.860194 -0.096788 -0.086661 0.493296 -0.087668 -0.105178 -0.107602 -0.105178 -0.087668 0.000000 
5.000000e-01 5.000000e-01 7.536859e-01 5.000000e-01 5.000000e-01 1.515055e+00 -0.500808 -0.085459 -0.095145 0.862017 -0.095145 -0.085459 0.500808 -0.088870 -0.106821 -0.109426 -0.106821 -0.088870 0.000000 
5.000000e-01 5.000000e-01 7.421976e-01 5.000000e-01 5.000000e-01 1.515055e+00 -0.508349 -0.084240 -0.093500 0.863831 -0.093500 -0.084240 0.508349 -0.090063 -0.108474 -0.111275 -0.108474 -0.090063 0.000000 
5.000000e-01 5.000000e-01 7.306655e-01 5.000000e-01 5.000000e-01 1.515055e+00 -0.515920 -0.083006 -0.091852 0.865636 -0.091852 -0.083006 0.515920 -0.091248 -0.110137 -0.113150 -0.110137 -0.091248 0.000000 
5.000000e-01 5.000000e-01 7.190901e-01 5.000000e-01 5.000000e-01 1.515055e+00 -0.523518 -0.081757 -0.090200 0.867433 -0.090200 -0.081757 0.523518 -0.092422 -0.111810 -0.115054 -0.111810 -0.092422 0.000000 
5.000000e-01 5.000000e-01 7.074717e-01 5.000000e-01 5.000000e-01 1.515055e+00 -0.531145 -0.080493 -0.088546 0.869223 -0.088546 -0.080493 0.531145 -0.093583 -0.113495 -0.116989 -0.113495 -0.093583 0.000000 
5.000000e-01 5.000000e-01 6.958106e-01 5.000000e-01 5.000000e-01 1.515055e+00 -0.538800 -0.079216 -0.086887 0.871007 -0.086887 -0.079216 0.538800 -0.094732 -0.115191 -0.118955 -0.115191 -0.094732 0.000000 
5.000000e-01 5.000000e-01 6.841073e-01 5.000000e-01 5.000000e-01 1.515055e+00 -0.546483 -0.077926 -0.085226 0.872786 -0.085226 -0.077926 0.546483 -0.095866 -0.116898 -0.120955 -0.116898 -0.095866 0.000000 
5.000000e-01 5.000000e-01 6.723621e-01 5.000000e-01 5.000000e-01 1.515055e+00 -0.554193 -0.076623 -0.083561 0.874561 -0.083561 -0.076623 0.554193 -0.096985 -0.118616 -0.122990 -0.118616 -0.096985 0.000000 
5.000000e-01 5.000000e-01 6.605753e-01 5.000000e-01 5.000000e-01 1.515055e+00 -0.561930 -0.075309 -0.081892 0.876332 -0.081892 -0.075309 0.561930 -0.098086 -0.120347 -0.125065 -0.120347 -0.098086 0.000000 
5.000000e-01 5.000000e-01 6.487474e-01 5.000000e-01 5.000000e-01 1.515055e+00 -0.569694 -0.073983 -0.080220 0.878099 -0.080220 -0.073983 0.569694 -0.099165 -0.122090 -0.127183 -0.122090 -0.099165 0.000000 
5.000000e-01 5.000000e-01 6.368787e-01 5.000000e-01 5.000000e-01 1.515055e+00 -0.577485 -0.072645 -0.078544 0.879863 -0.078544 -0.072645 0.577485 -0.100222 -0.123847 -0.129348 -0.123847 -0.100222 0.000000 
5.000000e-01 5.000000e-01 6.249696e-01 5.000000e-01 5.000000e-01 1.515055e+00 -0.585303 -0.071297 -0.076864 0.881625 -0.076864 -0.071297 0.585303 -0.101255 -0.125617 -0.131560 -0.125617 -0.101255 0.000000 
5.000000e-01 5.000000e-01 6.130204e-01 5.000000e-01 5.000000e-01 1.515055e+00 -0.593147 -0.069940 -0.075180 0.883386 -0.075180 -0.069940 0.593147 -0.102262 -0.127400 -0.133824 -0.127400 -0.102262 0.000000 
5.000000e-01 5.000000e-01 6.010314e-01 5.000000e-01 5.000000e-01 1.515055e+00 -0.601017 -0.068572 -0.073492 0.885145 -0.073492 -0.068572 0.601017 -0.103240 -0.129197 -0.136143 -0.129197 -0.103240 0.000000 
5.000000e-01 5.000000e-01 5.890030e-01 5.000000e-01 5.000000e-01 1.515055e+00 -0.608912 -0.067195 -0.071800 0.886903 -0.071800 -0.067195 0.608912 -0.104185 -0.131009 -0.138525 -0.131009 -0.104185 0.000000 
5.000000e-01 5.000000e-01 5.769355e-01 5.000000e-01 5.000000e-01 1.515055e+00 -0.616834 -0.065809 -0.070104 0.888660 -0.070104 -0.065809 0.616834 -0.105092 -0.132836 -0.140977 -0.132836 -0.105092 0.000000 
5.000000e-01 5.000000e-01 5.648293e-01 5.000000e-01 5.000000e-01 1.515055e+00 -0.624780 -0.064414 -0.068404 0.890417 -0.068404 -0.064414 0.624781 -0.105961 -0.134679 -0.143499 -0.134679 -0.105961 0.000000 
5.000000e-01 5.000000e-01 5.526847e-01 5.000000e-01 5.000000e-01 1.515055e+00 -0.632752 -0.063011 -0.066700 0.892175 -0.066700 -0.063011 0.632752 -0.106790 -0.136537 -0.146098 -0.136537 -0.106790 0.000000 
5.000000e-01 5.000000e-01 5.405021e-01 5.000000e-01 5.000000e-01 1.515055e+00 -0.640749 -0.061600 -0.064991 0.893933 -0.064991 -0.061600 0.640749 -0.107574 -0.138412 -0.148778 -0.138412 -0.107574 0.000000 
5.000000e-01 5.000000e-01 5.282817e-01 5.000000e-01 5.000000e-01 1.515055e+00 -0.648771 -0.060181 -0.063279 0.895691 -0.063279 -0.060181 0.648771 -0.108303 -0.140304 -0.151558 -0.140304 -0.108303 0.000000 
5.000000e-01 5.000000e-01 5.160238e-01 5.000000e-01 5.000000e-01 1.515055e+00 -0.656817 -0.058755 -0.061562 0.897451 -0.061562 -0.058755 0.656817 -0.108977 -0.142212 -0.154439 -0.142212 -0.108977 0.000000 
5.000000e-01 5.000000e-01 5.037289e-01 5.000000e-01 5.000000e-01 1.515055e+00 -0.664887 -0.057321 -0.059841 0.899211 -0.059841 -0.057321 0.664887 -0.109592 -0.144138 -0.157426 -0.144138 -0.109592 0.000000 
5.000000e-01 5.000000e-01 4.913972e-01 5.000000e-01 5.000000e-01 1.515055e+00 -0.672981 -0.055880 -0.058116 0.900974 -0.058116 -0.055880 0.672981 -0.110145 -0.146080 -0.160530 -0.146080 -0.110145 0.000000 
5.000000e-01 5.000000e-01 4.790290e-01 5.000000e-01 5.000000e-01 1.515055e+00 -0.681100 -0.054432 -0.056386 0.902737 -0.056386 -0.054432 0.681100 -0.110626 -0.148040 -0.163768 -0.148040 -0.110626 0.000000 
5.000000e-01 5.000000e-01 4.666246e-01 5.000000e-01 5.000000e-01 1.515055e+00 -0.689241 -0.052978 -0.054653 0.904503 -0.054653 -0.052978 0.689242 -0.111025 -0.150017 -0.167157 -0.150017 -0.111025 0.000000 
5.000000e-01 5.000000e-01 4.541844e-01 5.000000e-01 5.000000e-01 1.515055e+00 -0.697407 -0.051517 -0.052915 0.906271 -0.052915 -0.051517 0.697407 -0.111343 -0.152010 -0.170700 -0.152010 -0.111343 0.000000 
5.000000e-01 5.000000e-01 4.417086e-01 5.000000e-01 5.000000e-01 1.515055e+00 -0.705595 -0.050050 -0.051172 0.908041 -0.051172 -0.050050 0.705595 -0.111575 -0.154018 -0.174409 -0.154018 -0.111575 0.000000 
5.000000e-01 5.000000e-01 4.291976e-01 5.000000e-01 5.000000e-01 1.515055e+00 -0.713807 -0.048577 -0.049426 0.909813 -0.049426 -0.048577 0.713807 -0.111708 -0.156040 -0.178310 -0.156040 -0.111708 0.000000 
5.000000e-01 5.000000e-01 4.166516e-01 5.000000e-01 5.000000e-01 1.515055e+00 -0.722041 -0.047098 -0.047675 0.911587 -0.047675 -0.047098 0.722041 -0.111728 -0.158075 -0.182436 -0.158075 -0.111728 0.000000 
5.000000e-01 5.000000e-01 4.040709e-01 5.000000e-01 5.000000e-01 1.515055e+00 -0.730298 -0.045613 -0.045920 0.913365 -0.045920 -0.045613 0.730298 -0.111637 -0.160119 -0.186785 -0.160119 -0.111637 0.000000 
5.000000e-01 5.000000e-01 3.914558e-01 5.000000e-01 5.000000e-01 1.515055e+00 -0.738578 -0.044123 -0.044160 0.915145 -0.044160 -0.044123 0.738578 -0.111429 -0.162170 -0.191380 -0.162170 -0.111429 0.000000 
5.000000e-01 5.000000e-01 3.788067e-01 5.000000e-01 5.000000e-01 1.515055e+00 -0.746880 -0.042628 -0.042396 0.916928 -0.042396 -0.042628 0.746880 -0.111084 -0.164222 -0.196267 -0.164222 -0.111084 0.000000 
5.000000e-01 5.000000e-01 3.661237e-01 5.000000e-01 5.000000e-01 1.515055e+00 -0.755203 -0.041127 -0.040628 0.918714 -0.040628 -0.041127 0.755203 -0.110588 -0.166271 -0.201485 -0.166271 -0.110588 0.000000 
5.000000e-01 5.000000e-01 3.534072e-01 5.000000e-01 5.000000e-01 1.515055e+00 -0.763549 -0.039621 -0.038856 0.920502 -0.038856 -0.039621 0.763549 -0.109946 -0.168309 -0.207040 -0.168309 -0.109946 0.000000 
5.000000e-01 5.000000e-01 3.406574e-01 5.000000e-01 5.000000e-01 1.515055e+00 -0.771916 -0.038109 -0.037080 0.922294 -0.037080 -0.038109 0.771916 -0.109146 -0.170329 -0.212967 -0.170329 -0.109146 0.000000 
5.000000e-01 5.000000e-01 3.278746e-01 5.000000e-01 5.000000e-01 1.515055e+00 -0.780305 -0.036593 -0.035299 0.924090 -0.035299 -0.036593 0.780305 -0.108155 -0.172314 -0.219366 -0.172314 -0.108155 0.000000 
5.000000e-01 5.000000e-01 3.150591e-01 5.000000e-01 5.000000e-01 1.515055e+00 -0.788715 -0.035072 -0.033514 0.925888 -0.033514 -0.035072 0.788715 -0.106976 -0.174254 -0.226254 -0.174254 -0.106976 0.000000 
5.000000e-01 5.000000e-01 3.022111e-01 5.000000e-01 5.000000e-01 1.515055e+00 -0.797146 -0.033547 -0.031725 0.927690 -0.031725 -0.033547 0.797146 -0.105605 -0.176135 -0.233667 -0.176135 -0.105605 0.000000 
5.000000e-01 5.000000e-01 2.893310e-01 5.000000e-01 5.000000e-01 1.515055e+00 -0.805598 -0.032017 -0.029931 0.929495 -0.029931 -0.032017 0.805598 -0.104022 -0.177932 -0.241690 -0.177932 -0.104022 0.000000 
5.000000e-01 5.000000e-01 2.764188e-01 5.000000e-01 5.000000e-01 1.515055e+00 -0.814071 -0.030482 -0.028134 0.931303 -0.028134 -0.030482 0.814071 -0.102192 -0.179607 -0.250472 -0.179607 -0.102192 0.000000 
5.000000e-01 5.000000e-01 2.634750e-01 5.000000e-01 5.000000e-01 1.515055e+00 -0.822565 -0.028943 -0.026332 0.933115 -0.026332 -0.028943 0.822565 -0.100134 -0.181143 -0.260011 -0.181143 -0.100134 0.000000 
5.000000e-01 5.000000e-01 2.504997e-01 5.000000e-01 5.000000e-01 1.515055e+00 -0.831079 -0.027399 -0.024526 0.934930 -0.024526 -0.027399 0.831079 -0.097835 -0.182504 -0.270401 -0.182504 -0.097835 0.000000 
5.000000e-01 5.000000e-01 2.374930e-01 5.000000e-01 5.000000e-01 1.515055e+00 -0.839614 -0.025851 -0.022717 0.936749 -0.022717 -0.025851 0.839614 -0.095244 -0.183605 -0.281914 -0.183605 -0.095244 0.000000 
5.000000e-01 5.000000e-01 2.244554e-01 5.000000e-01 5.000000e-01 1.515055e+00 -0.848169 -0.024299 -0.020902 0.938572 -0.020902 -0.024299 0.848169 -0.092381 -0.184411 -0.294584 -0.184411 -0.092381 0.000000 
5.000000e-01 5.000000e-01 2.113868e-01 5.000000e-01 5.000000e-01 1.515055e+00 -0.856745 -0.022742 -0.019084 0.940398 -0.019084 -0.022742 0.856745 -0.089243 -0.184864 -0.308531 -0.184864 -0.089243 0.000000 
5.000000e-01 5.000000e-01 1.982874e-01 5.000000e-01 5.000000e-01 1.515055e+00 -0.865342 -0.021182 -0.017261 0.942228 -0.017261 -0.021182 0.865342 -0.085792 -0.184828 -0.324102 -0.184828 -0.085792 0.000000 
5.000000e-01 5.000000e-01 1.851574e-01 5.000000e-01 5.000000e-01 1.515055e+00 -0.873959 -0.019617 -0.015435 0.944062 -0.015435 -0.019617 0.873959 -0.082024 -0.184193 -0.341526 -0.184193 -0.082024 0.000000 
5.000000e-01 5.000000e-01 1.719966e-01 5.000000e-01 5.000000e-01 1.515055e+00 -0.882598 -0.018048 -0.013603 0.945900 -0.013603 -0.018048 0.882598 -0.077956 -0.182879 -0.360928 -0.182879 -0.077956 0.000000 
5.000000e-01 5.000000e-01 1.588051e-01 5.000000e-01 5.000000e-01 1.515055e+00 -0.891259 -0.016474 -0.011767 0.947742 -0.011767 -0.016474 0.891259 -0.073564 -0.180673 -0.382785 -0.180673 -0.073564 0.000000 
5.000000e-01 5.000000e-01 1.455826e-01 5.000000e-01 5.000000e-01 1.515055e+00 -0.899944 -0.014896 -0.009927 0.949589 -0.009927 -0.014896 0.899944 -0.068830 -0.177318 -0.407647 -0.177318 -0.068830 0.000000 
5.000000e-01 5.000000e-01 1.323286e-01 5.000000e-01 5.000000e-01 1.515055e+00 -0.908653 -0.013313 -0.008081 0.951441 -0.008081 -0.013313 0.908653 -0.063792 -0.172714 -0.435641 -0.172714 -0.063792 0.000000 
5.000000e-01 5.000000e-01 1.190424e-01 5.000000e-01 5.000000e-01 1.515055e+00 -0.917391 -0.011725 -0.006229 0.953298 -0.006229 -0.011725 0.917391 -0.058436 -0.166525 -0.467469 -0.166525 -0.058436 0.000000 
5.000000e-01 5.000000e-01 1.057229e-01 5.000000e-01 5.000000e-01 1.515055e+00 -0.926161 -0.010130 -0.004370 0.955162 -0.004370 -0.010130 0.926162 -0.052745 -0.158279 -0.504113 -0.158279 -0.052745 0.000000 
5.000000e-01 5.000000e-01 9.236867e-02 5.000000e-01 5.000000e-01 1.515055e+00 -0.934968 -0.008529 -0.002504 0.957034 -0.002504 -0.008529 0.934968 -0.046770 -0.147893 -0.545642 -0.147893 -0.046770 0.000000 
5.000000e-01 5.000000e-01 7.897770e-02 5.000000e-01 5.000000e-01 1.515055e+00 -0.943818 -0.006920 -0.000628 0.958914 -0.000628 -0.006920 0.943818 -0.040506 -0.134896 -0.593015 -0.134896 -0.040506 0.000000 
5.000000e-01 5.000000e-01 6.554776e-02 5.000000e-01 5.000000e-01 1.515055e+00 -0.952722 -0.005301 0.001259 0.960806 0.001259 -0.005301 0.952722 -0.033952 -0.118722 -0.647374 -0.118722 -0.033952 0.000000 
5.000000e-01 5.000000e-01 5.207648e-02 5.000000e-01 5.000000e-01 1.515055e+00 -0.961684 -0.003671 0.003158 0.962710 0.003158 -0.003671 0.961684 -0.027163 -0.099530 -0.708299 -0.099530 -0.027163 0.000000 
5.000000e-01 5.000000e-01 3.856230e-02 5.000000e-01 5.000000e-01 1.515055e+00 -0.970712 -0.002029 0.005071 0.964628 0.005071 -0.002029 0.970712 -0.020147 -0.077030 -0.776358 -0.077030 -0.020147 0.000000 
5.000000e-01 5.000000e-01 2.500540e-02 5.000000e-01 5.000000e-01 1.515055e+00 -0.979811 -0.000374 0.006999 0.966560 0.006999 -0.000374 0.979811 -0.012937 -0.051399 -0.851138 -0.051399 -0.012937 0.000000 
5.000000e-01 5.000000e-01 1.140895e-02 5.000000e-01 5.000000e-01 1.515055e+00 -0.988966 0.001292 0.008939 0.968505 0.008939 0.001292 0.988966 -0.005599 -0.023601 -0.930565 -0.023601 -0.005599 0.000000 
5.000000e-01 5.000000e-01 4.999765e-03 5.000000e-01 5.000000e-01 1.515055e+00 -0.993289 0.002078 0.009855 0.969423 0.009855 0.002078 0.993289 -0.002114 -0.009979 -0.969102 -0.009979 -0.002114 0.000000 
5.000000e-01 5.000000e-01 4.999765e-03 5.000000e-01 5.000000e-01 1.515055e+00 -0.993289 0.002078 0.009855 0.969423 0.009855 0.002078 0.993289 -0.002114 -0.009979 -0.969102 -0.009979 -0.002114 0.000000 
5.000000e-01 5.000000e-01 4.999765e-03 5.000000e-01 5.000000e-01 1.515055e+00 -0.993289 0.002078 0.009855 0.969423 0.009855 0.002078 0.993289 -0.002114 -0.009979 -0.969102 -0.009979 -0.002114 0.000000 
5.000000e-01 5.000000e-01 4.999765e-03 5.000000e-01 5.000000e-01 1.515055e+00 -0.993289 0.002078 0.009855 0.969423 0.009855 0.002078 0.993289 -0.002114 -0.009979 -0.969102 -0.009979 -0.002114 0.000000 
5.000000e-01 5.000000e-01 4.999765e-03 5.000000e-01 5.000000e-01 1.515055e+00 -0.993289 0.002078 0.009855 0.969423 0.009855 0.002078 0.993289 -0.002114 -0.009979 -0.969102 -0.009979 -0.002114 0.000000 
5.000000e-01 5.000000e-01 4.999765e-03 5.000000e-01 5.000000e-01 1.515055e+00 -0.993289 0.002078 0.009855 0.969423 0.009855 0.002078 0.993289 -0.002114 -0.009979 -0.969102 -0.009979 -0.002114 0.000000 
5.000000e-01 5.000000e-01 4.999765e-03 5.000000e-01 5.000000e-01 1.515055e+00 -0.993289 0.002078 0.009855 0.969423 0.009855 0.002078 0.993289 -0.002114 -0.009979 -0.969102 -0.009979 -0.002114 0.000000 
5.000000e-01 5.000000e-01 4.999765e-03 5.000000e-01 5.000000e-01 1.515055e+00 -0.993289 0.002078 0.009855 0.969423 0.009855 0.002078 0.993289 -0.002114 -0.009979 -0.969102 -0.009979 -0.002114 0.000000 
5.000000e-01 5.000000e-01 4.999765e-03 5.000000e-01 5.000000e-01 1.515055e+00 -0.993289 0.002078 0.009855 0.969423 0.009855 0.002078 0.993289 -0.002114 -0.009979 -0.969102 -0.009979 -0.002114 0.000000 
5.000000e-01 5.000000e-01 4.999765e-03 5.000000e-01 5.000000e-01 1.515055e+00 -0.993289 0.002078 0.009855 0.969423 0.009855 0.002078 0.993289 -0.002114 -0.009979 -0.969102 -0.009979 -0.002114 0.000000 
5.000000e-01 5.000000e-01 4.999765e-03 5.000000e-01 5.000000e-01 1.515055e+00 -0.993289 0.002078 0.009855 0.969423 0.009855 0.002078 0.993289 -0.002114 -0.009979 -0.969102 -0.009979 -0.002114 0.000000 
5.000000e-01 5.000000e-01 4.999765e-03 5.000000e-01 5.000000e-01 1.515055e+00 -0.993289 0.002078 0.009855 0.969423 0.009855 0.002078 0.993289 -0.002114 -0.009979 -0.969102 -0.009979 -0.002114 0.000000 
5.000000e-01 5.000000e-01 4.999765e-03 5.000000e-01 5.000000e-01 1.515055e+00 -0.993289 0.002078 0.009855 0.969423 0.009855 0.002078 0.993289 -0.002114 -0.009979 -0.969102 -0.009979 -0.002114 0.000000 
5.000000e-01 5.000000e-01 4.999765e-03 5.000000e-01 5.000000e-01 1.515055e+00 -0.993289 0.002078 0.009855 0.969423 0.009855 0.002078 0.993289 -0.002114 -0.009979 -0.969102 -0.009979 -0.002114 0.000000 
5.000000e-01 5.000000e-01 4.999765e-03 5.000000e-01 5.000000e-01 1.515055e+00 -0.993289 0.002078 0.009855 0.969423 0.009855 0.002078 0.993289 -0.002114 -0.009979 -0.969102 -0.009979 -0.002114 0.000000 
5.000000e-01 5.000000e-01 4.999765e-03 5.000000e-01 5.000000e-01 1.515055e+00 -0.993289 0.002078 0.009855 0.969423 0.009855 0.002078 0.993289 -0.002114 -0.009979 -0.969102 -0.009979 -0.002114 0.000000 
5.000000e-01 5.000000e-01 4.999765e-03 5.000000e-01 5.000000e-01 1.515055e+00 -0.993289 0.002078 0.009855 0.969423 0.009855 0.002078 0.993289 -0.002114 -0.009979 -0.969102 -0.009979 -0.002114 0.000000 
5.000000e-01 5.000000e-01 4.999765e-03 5.000000e-01 5.000000e-01 1.515055e+00 -0.993289 0.002078 0.009855 0.969423 0.009855 0.002078 0.993289 -0.002114 -0.009979 -0.969102 -0.009979 -0.002114 0.000000 
5.000000e-01 5.000000e-01 4.999765e-03 5.000000e-01 5.000000e-01 1.515055e+00 -0.993289 0.002078 0.009855 0.969423 0.009855 0.002078 0.993289 -0.002114 -0.009979 -0.969102 -0.009979 -0.002114 0.000000 
5.000000e-01 5.000000e-01 4.999765e-03 5.000000e-01 5.000000e-01 1.515055e+00 -0.993289 0.002078 0.009855 0.969423 0.009855 0.002078 0.993289 -0.002114 -0.009979 -0.969102 -0.009979 -0.002114 0.000000 
5.000000e-01 5.000000e-01 4.999765e-03 5.000000e-01 5.000000e-01 1.515055e+00 -0.993289 0.002078 0.009855 0.969423 0.009855 0.002078 0.993289 -0.002114 -0.009979 -0.969102 -0.009979 -0.002114 0.000000 
5.000000e-01 5.000000e-01 4.999765e-03 5.000000e-01 5.000000e-01 1.515055e+00 -0.993289 0.002078 0.009855 0.969423 0.009855 0.002078 0.993289 -0.002114 -0.009979 -0.969102 -0.009979 -0.002114 0.000000 
5.000000e-01 5.000000e-01 4.999765e-03 5.000000e-01 5.000000e-01 1.515055e+00 -0.993289 0.002078 0.009855 0.969423 0.009855 0.002078 0.993289 -0.002114 -0.009979 -0.969102 -0.009979 -0.002114 0.000000 
5.000000e-01 5.000000e-01 4.999765e-03 5.000000e-01 5.000000e-01 1.515055e+00 -0.993289 0.002078 0.009855 0.969423 0.009855 0.002078 0.993289 -0.002114 -0.009979 -0.969102 -0.009979 -0.002114 0.000000 
5.000000e-01 5.000000e-01 4.999765e-03 5.000000e-01 5.000000e-01 1.515055e+00 -0.993289 0.002078 0.009855 0.969423 0.009855 0.002078 0.993289 -0.002114 -0.009979 -0.969102 -0.009979 -0.002114 0.000000 
5.000000e-01 5.000000e-01 4.999765e-03 5.000000e-01 5.000000e-01 1.515055e+00 -0.993289 0.002078 0.009855 0.969423 0.009855 0.002078 0.993289 -0.002114 -0.009979 -0.969102 -0.009979 -0.002114 0.000000 
5.000000e-01 5.000000e-01 4.999765e-03 5.000000e-01 5.000000e-01 1.515055e+00 -0.993289 0.002078 0.009855 0.969423 0.009855 0.002078 0.993289 -0.002114 -0.009979 -0.969102 -0.009979 -0.002114 0.000000 
5.000000e-01 5.000000e-01 4.999765e-03 5.000000e-01 5.000000e-01 1.515055e+00 -0.993289 0.002078 0.009855 0.969423 0.009855 0.002078 0.993289 -0.002114 -0.009979 -0.969102 -0.009979 -0.002114 0.000000 
5.000000e-01 5.000000e-01 4.999765e-03 5.000000e-01 5.000000e-01 1.515055e+00 -0.993289 0.002078 0.009855 0.969423 0.009855 0.002078 0.993289 -0.002114 -0.009979 -0.969102 -0.009979 -0.002114 0.000000 
5.000000e-01 5.000000e-01 4.999765e-03 5.000000e-01 5.000000e-01 1.515055e+00 -0.993289 0.002078 0.009855 0.969423 0.009855 0.002078 0.993289 -0.002114 -0.009979 -0.969102 -0.009979 -0.002114 0.000000 
5.000000e-01 5.000000e-01 4.999765e-03 5.000000e-01 5.000000e-01 1.515055e+00 -0.993289 0.002078 0.009855 0.969423 0.009855 0.002078 0.993289 -0.002114 -0.009979 -0.969102 -0.009979 -0.002114 0.000000 
5.000000e-01 5.000000e-01 4.999765e-03 5.000000e-01 5.000000e-01 1.515055e+00 -0.993289 0.002078 0.009855 0.969423 0.009855 0.002078 0.993289 -0.002114 -0.009979 -0.969102 -0.009979 -0.002114 0.000000 
5.000000e-01 5.000000e-01 4.999765e-03 5.000000e-01 5.000000e-01 1.515055e+00 -0.993289 0.002078 0.009855 0.969423 0.009855 0.002078 0.993289 -0.002114 -0.009979 -0.969102 -0.009979 -0.002114 0.000000 
5.000000e-01 5.000000e-01 4.999765e-03 5.000000e-01 5.000000e-01 1.515055e+00 -0.993289 0.002078 0.009855 0.969423 0.009855 0.002078 0.993289 -0.002114 -0.009979 -0.969102 -0.009979 -0.002114 0.000000 
5.000000e-01 5.000000e-01 4.999765e-03 5.000000e-01 5.000000e-01 1.515055e+00 -0.993289 0.002078 0.009855 0.969423 0.009855 0.002078 0.993289 -0.002114 -0.009979 -0.969102 -0.009979 -0.002114 0.000000 
5.000000e-01 5.000000e-01 4.999765e-03 5.000000e-01 5.000000e-01 1.515055e+00 -0.993289 0.002078 0.009855 0.969423 0.009855 0.002078 0.993289 -0.002114 -0.009979 -0.969102 -0.009979 -0.002114 0.000000 
5.000000e-01 5.000000e-01 4.999765e-03 5.000000e-01 5.000000e-01 1.515055e+00 -0.993289 0.002078 0.009855 0.969423 0.009855 0.002078 0.993289 -0.002114 -0.009979 -0.969102 -0.009979 -0.002114 0.000000 
5.000000e-01 5.000000e-01 4.999765e-03 5.000000e-01 5.000000e-01 1.515055e+00 -0.993289 0.002078 0.009855 0.969423 0.009855 0.002078 0.993289 -0.002114 -0.009979 -0.969102 -0.009979 -0.002114 0.000000 
5.000000e-01 5.000000e-01 4.999765e-03 5.000000e-01 5.000000e-01 1.515055e+00 -0.993289 0.002078 0.009855 0.969423 0.009855 0.002078 0.993289 -0.002114 -0.009979 -0.969102 -0.009979 -0.002114 0.000000 
5.000000e-01 5.000000e-01 4.999765e-03 5.000000e-01 5.000000e-01 1.515055e+00 -0.993289 0.002078 0.009855 0.969423 0.009855 0.002078 0.993289 -0.002114 -0.009979 -0.969102 -0.009979 -0.002114 0.000000 
5.000000e-01 5.000000e-01 4.999765e-03 5.000000e-01 5.000000e-01 1.515055e+00 -0.993289 0.002078 0.009855 0.969423 0.009855 0.002078 0.993289 -0.002114 -0.009979 -0.969102 -0.009979 -0.002114 0.000000 
5.000000e-01 5.000000e-01 4.999765e-03 5.000000e-01 5.000000e-01 1.515055e+00 -0.993289 0.002078 0.009855 0.969423 0.009855 0.002078 0.993289 -0.002114 -0.009979 -0.969102 -0.009979 -0.002114 0.000000 
5.000000e-01 5.000000e-01 4.999765e-03 5.000000e-01 5.000000e-01 1.515055e+00 -0.993289 0.002078 0.009855 0.969423 0.009855 0.002078 0.993289 -0.002114 -0.009979 -0.969102 -0.009979 -0.002114 0.000000 
5.000000e-01 5.000000e-01 4.999765e-03 5.000000e-01 5.000000e-01 1.515055e+00 -0.993289 0.002078 0.009855 0.969423 0.009855 0.002078 0.993289 -0.002114 -0.009979 -0.969102 -0.009979 -0.002114 0.000000 
5.000000e-01 5.000000e-01 4.999765e-03 5.000000e-01 5.000000e-01 1.515055e+00 -0.993289 0.002078 0.009855 0.969423 0.009855 0.002078 0.993289 -0.002114 -0.009979 -0.969102 -0.009979 -0.002114 0.000000 
5.000000e-01 5.000000e-01 4.999765e-03 5.000000e-01 5.000000e-01 1.515055e+00 -0.993289 0.002078 0.009855 0.969423 0.009855 0.002078 0.993289 -0.002114 -0.009979 -0.969102 -0.009979 -0.002114 0.000000 
5.000000e-01 5.000000e-01 4.999765e-03 5.000000e-01 5.000000e-01 1.515055e+00 -0.993289 0.002078 0.009855 0.969423 0.009855 0.002078 0.993289 -0.002114 -0.009979 -0.969102 -0.009979 -0.002114 0.000000 
5.000000e-01 5.000000e-01 4.999765e-03 5.000000e-01 5.000000e-01 1.515055e+00 -0.993289 0.002078 0.009855 0.969423 0.009855 0.002078 0.993289 -0.002114 -0.009979 -0.969102 -0.009979 -0.002114 0.000000 
5.000000e-01 5.000000e-01 4.999765e-03 5.000000e-01 5.000000e-01 1.515055e+00 -0.993289 0.002078 0.009855 0.969423 0.009855 0.002078 0.993289 -0.002114 -0.009979 -0.969102 -0.009979 -0.002114 0.000000 
5.000000e-01 5.000000e-01 4.999765e-03 5.000000e-01 5.000000e-01 1.515055e+00 -0.993289 0.002078 0.009855 0.969423 0.009855 0.002078 0.993289 -0.002114 -0.009979 -0.969102 -0.009979 -0.002114 0.000000 
5.000000e-01 5.000000e-01 4.999765e-03 5.000000e-01 5.000000e-01 1.515055e+00 -0.993289 0.002078 0.009855 0.969423 0.009855 0.002078 0.993289 -0.002114 -0.009979 -0.969102 -0.009979 -0.002114 0.000000 
5.000000e-01 5.000000e-01 4.999765e-03 5.000000e-01 5.000000e-01 1.515055e+00 -0.993289 0.002078 0.009855 0.969423 0.009855 0.002078 0.993289 -0.002114 -0.009979 -0.969102 -0.009979 -0.002114 0.000000 
5.000000e-01 5.000000e-01 4.999765e-03 5.000000e-01 5.000000e-01 1.515055e+00 -0.993289 0.002078 0.009855 0.969423 0.009855 0.002078 0.993289 -0.002114 -0.009979 -0.969102 -0.009979 -0.002114 0.000000 
5.000000e-01 5.000000e-01 4.999765e-03 5.000000e-01 5.000000e-01 1.515055e+00 -0.993289 0.002078 0.009855 0.969423 0.009855 0.002078 0.993289 -0.002114 -0.009979 -0.969102 -0.009979 -0.002114 0.000000 
5.000000e-01 5.000000e-01 4.999765e-03 5.000000e-01 5.000000e-01 1.515055e+00 -0.993289 0.002078 0.009855 0.969423 0.009855 0.002078 0.993289 -0.002114 -0.009979 -0.969102 -0.009979 -0.002114 0.000000 
5.000000e-01 5.000000e-01 4.999765e-03 5.000000e-01 5.000000e-01 1.515055e+00 -0.993289 0.002078 0.009855 0.969423 0.009855 0.002078 0.993289 -0.002114 -0.009979 -0.969102 -0.009979 -0.002114 0.000000 
5.000000e-01 5.000000e-01 4.999765e-03 5.000000e-01 5.000000e-01 1.515055e+00 -0.993289 0.002078 0.009855 0.969423 0.009855 0.002078 0.993289 -0.002114 -0.009979 -0.969102 -0.009979 -0.002114 0.000000 
5.000000e-01 5.000000e-01 4.999765e-03 5.000000e-01 5.000000e-01 1.515055e+00 -0.993289 0.002078 0.009855 0.969423 0.009855 0.002078 0.993289 -0.002114 -0.009979 -0.969102 -0.009979 -0.002114 0.000000 
5.000000e-01 5.000000e-01 4.999765e-03 5.000000e-01 5.000000e-01 1.515055e+00 -0.993289 0.002078 0.009855 0.969423 0.009855 0.002078 0.993289 -0.002114 -0.009979 -0.969102 -0.009979 -0.002114 0.000000 
5.000000e-01 5.000000e-01 4.999765e-03 5.000000e-01 5.000000e-01 1.515055e+00 -0.993289 0.002078 0.009855 0.969423 0.009855 0.002078 0.993289 -0.002114 -0.009979 -0.969102 -0.009979 -0.002114 0.000000 
5.000000e-01 5.000000e-01 4.999765e-03 5.000000e-01 5.000000e-01 1.515055e+00 -0.993289 0.002078 0.009855 0.969423 0.009855 0.002078 0.993289 -0.002114 -0.009979 -0.969102 -0.009979 -0.002114 0.000000 
5.000000e-01 5.000000e-01 4.999765e-03 5.000000e-01 5.000000e-01 1.515055e+00 -0.993289 0.002078 0.009855 0.969423 0.009855 0.002078 0.993289 -0.002114 -0.009979 -0.969102 -0.009979 -0.002114 0.000000 
5.000000e-01 5.000000e-01 4.999765e-03 5.000000e-01 5.000000e-01 1.515055e+00 -0.993289 0.002078 0.009855 0.969423 0.009855 0.002078 0.993289 -0.002114 -0.009979 -0.969102 -0.009979 -0.002114 0.000000 
5.000000e-01 5.000000e-01 4.999765e-03 5.000000e-01 5.000000e-01 1.515055e+00 -0.993289 0.002078 0.009855 0.969423 0.009855 0.002078 0.993289 -0.002114 -0.009979 -0.969102 -0.009979 -0.002114 0.000000 
5.000000e-01 5.000000e-01 4.999765e-03 5.000000e-01 5.000000e-01 1.515055e+00 -0.993289 0.002078 0.009855 0.969423 0.009855 0.002078 0.993289 -0.002114 -0.009979 -0.969102 -0.009979 -0.002114 0.000000 
5.000000e-01 5.000000e-01 4.999765e-03 5.000000e-01 5.000000e-01 1.515055e+00 -0.993289 0.002078 0.009855 0.969423 0.009855 0.002078 0.993289 -0.002114 -0.009979 -0.969102 -0.009979 -0.002114 0.000000 
5.000000e-01 5.000000e-01 4.999765e-03 5.000000e-01 5.000000e-01 1.515055e+00 -0.993289 0.002078 0.009855 0.969423 0.009855 0.002078 0.993289 -0.002114 -0.009979 -0.969102 -0.009979 -0.002114 0.000000 
5.000000e-01 5.000000e-01 4.999765e-03 5.000000e-01 5.000000e-01 1.515055e+00 -0.993289 0.002078 0.009855 0.969423 0.009855 0.002078 0.993289 -0.002114 -0.009979 -0.969102 -0.009979 -0.002114 0.000000 
5.000000e-01 5.000000e-01 4.999765e-03 5.000000e-01 5.000000e-01 1.515055e+00 -0.993289 0.002078 0.009855 0.969423 0.009855 0.002078 0.993289 -0.002114 -0.009979 -0.969102 -0.009979 -0.002114 0.000000 
5.000000e-01 5.000000e-01 4.999765e-03 5.000000e-01 5.000000e-01 1.515055e+00 -0.993289 0.002078 0.009855 0.969423 0.009855 0.002078 0.993289 -0.002114 -0.009979 -0.969102 -0.009979 -0.002114 0.000000 
5.000000e-01 5.000000e-01 4.999765e-03 5.000000e-01 5.000000e-01 1.515055e+00 -0.993289 0.002078 0.009855 0.969423 0.009855 0.002078 0.993289 -0.002114 -0.009979 -0.969102 -0.009979 -0.002114 0.000000 
5.000000e-01 5.000000e-01 4.999765e-03 5.000000e-01 5.000000e-01 1.515055e+00 -0.993289 0.002078 0.009855 0.969423 0.009855 0.002078 0.993289 -0.002114 -0.009979 -0.969102 -0.009979 -0.002114 0.000000 
5.000000e-01 5.000000e-01 4.999765e-03 5.000000e-01 5.000000e-01 1.515055e+00 -0.993289 0.002078 0.009855 0.969423 0.009855 0.002078 0.993289 -0.002114 -0.009979 -0.969102 -0.009979 -0.002114 0.000000 
5.000000e-01 5.000000e-01 4.999765e-03 5.000000e-01 5.000000e-01 1.515055e+00 -0.993289 0.002078 0.009855 0.969423 0.009855 0.002078 0.993289 -0.002114 -0.009979 -0.969102 -0.009979 -0.002114 0.000000 
5.000000e-01 5.000000e-01 4.999765e-03 5.000000e-01 5.000000e-01 1.515055e+00 -0.993289 0.002078 0.009855 0.969423 0.009855 0.002078 0.993289 -0.002114 -0.009979 -0.969102 -0.009979 -0.002114 0.000000 
5.000000e-01 5.000000e-01 4.999765e-03 5.000000e-01 5.000000e-01 1.515055e+00 -0.993289 0.002078 0.009855 0.969423 0.009855 0.002078 0.993289 -0.002114 -0.009979 -0.969102 -0.009979 -0.002114 0.000000 
5.000000e-01 5.000000e-01 4.999765e-03 5.000000e-01 5.000000e-01 1.515055e+00 -0.993289 0.002078 0.009855 0.969423 0.009855 0.002078 0.993289 -0.002114 -0.009979 -0.969102 -0.009979 -0.002114 0.000000 
5.000000e-01 5.000000e-01 4.999765e-03 5.000000e-01 5.000000e-01 1.515055e+00 -0.993289 0.002078 0.009855 0.969423 0.009855 0.002078 0.993289 -0.002114 -0.009979 -0.969102 -0.009979 -0.002114 0.000000 
5.000000e-01 5.000000e-01 4.999765e-03 5.000000e-01 5.000000e-01 1.515055e+00 -0.993289 0.002078 0.009855 0.969423 0.009855 0.002078 0.993289 -0.002114 -0.009979 -0.969102 -0.009979 -0.002114 0.000000 
5.000000e-01 5.000000e-01 4.999765e-03 5.000000e-01 5.000000e-01 1.515055e+00 -0.993289 0.002078 0.009855 0.969423 0.009855 0.002078 0.993289 -0.002114 -0.009979 -0.969102 -0.009979 -0.002114 0.000000 
5.000000e-01 5.000000e-01 4.999765e-03 5.000000e-01 5.000000e-01 1.515055e+00 -0.993289 0.002078 0.009855 0.969423 0.009855 0.002078 0.993289 -0.002114 -0.009979 -0.969102 -0.009979 -0.002114 0.000000 
5.000000e-01 5.000000e-01 4.999765e-03 5.000000e-01 5.000000e-01 1.515055e+00 -0.993289 0.002078 0.009855 0.969423 0.009855 0.002078 0.993289 -0.002114 -0.009979 -0.969102 -0.009979 -0.002114 0.000000 
5.000000e-01 5.000000e-01 4.999765e-03 5.000000e-01 5.000000e-01 1.515055e+00 -0.993289 0.002078 0.009855 0.969423 0.009855 0.002078 0.993289 -0.002114 -0.009979 -0.969102 -0.009979 -0.002114 0.000000 
5.000000e-01 5.000000e-01 4.999765e-03 5.000000e-01 5.000000e-01 1.515055e+00 -0.993289 0.002078 0.009855 0.969423 0.009855 0.002078 0.993289 -0.002114 -0.009979 -0.969102 -0.009979 -0.002114 0.000000 
5.000000e-01 5.000000e-01 4.999765e-03 5.000000e-01 5.000000e-01 1.515055e+00 -0.993289 0.002078 0.009855 0.969423 0.009855 0.002078 0.993289 -0.002114 -0.009979 -0.969102 -0.009979 -0.002114 0.000000 
5.000000e-01 5.000000e-01 4.999765e-03 5.000000e-01 5.000000e-01 1.515055e+00 -0.993289 0.002078 0.009855 0.969423 0.009855 0.002078 0.993289 -0.002114 -0.009979 -0.969102 -0.009979 -0.002114 0.000000 
5.000000e-01 5.000000e-01 4.999765e-03 5.000000e-01 5.000000e-01 1.515055e+00 -0.993289 0.002078 0.009855 0.969423 0.009855 0.002078 0.993289 -0.002114 -0.009979 -0.969102 -0.009979 -0.002114 0.000000 
5.000000e-01 5.000000e-01 4.999765e-03 5.000000e-01 5.000000e-01 1.515055e+00 -0.993289 0.002078 0.009855 0.969423 0.009855 0.002078 0.993289 -0.002114 -0.009979 -0.969102 -0.009979 -0.002114 0.000000 
5.000000e-01 5.000000e-01 4.999765e-03 5.000000e-01 5.000000e-01 1.515055e+00 -0.993289 0.002078 0.009855 0.969423 0.009855 0.002078 0.993289 -0.002114 -0.009979 -0.969102 -0.009979 -0.002114 0.000000 
5.000000e-01 5.000000e-01 4.999765e-03 5.000000e-01 5.000000e-01 1.515055e+00 -0.993289 0.002078 0.009855 0.969423 0.009855 0.002078 0.993289 -0.002114 -0.009979 -0.969102 -0.009979 -0.002114 0.000000 
5.000000e-01 5.000000e-01 4.999765e-03 5.000000e-01 5.000000e-01 1.515055e+00 -0.993289 0.002078 0.009855 0.969423 0.009855 0.002078 0.993289 -0.002114 -0.009979 -0.969102 -0.009979 -0.002114 0.000000 
5.000000e-01 5.000000e-01 4.999765e-03 5.000000e-01 5.000000e-01 1.515055e+00 -0.993289 0.002078 0.009855 0.969423 0.009855 0.002078 0.993289 -0.002114 -0.009979 -0.969102 -0.009979 -0.002114 0.000000 
5.000000e-01 5.000000e-01 4.999765e-03 5.000000e-01 5.000000e-01 1.515055e+00 -0.993289 0.002078 0.009855 0.969423 0.009855 0.002078 0.993289 -0.002114 -0.009979 -0.969102 -0.009979 -0.002114 0.000000 
5.000000e-01 5.000000e-01 4.999765e-03 5.000000e-01 5.000000e-01 1.515055e+00 -0.993289 0.002078 0.009855 0.969423 0.009855 0.002078 0.993289 -0.002114 -0.009979 -0.969102 -0.009979 -0.002114 0.000000 
5.000000e-01 5.000000e-01 4.999765e-03 5.000000e-01 5.000000e-01 1.515055e+00 -0.993289 0.002078 0.009855 0.969423 0.009855 0.002078 0.993289 -0.002114 -0.009979 -0.969102 -0.009979 -0.002114 0.000000 
5.000000e-01 5.000000e-01 4.999765e-03 5.000000e-01 5.000000e-01 1.515055e+00 -0.993289 0.002078 0.009855 0.969423 0.009855 0.002078 0.993289 -0.002114 -0.009979 -0.969102 -0.009979 -0.002114 0.000000 
5.000000e-01 5.000000e-01 4.999765e-03 5.000000e-01 5.000000e-01 1.515055e+00 -0.993289 0.002078 0.009855 0.969423 0.009855 0.002078 0.993289 -0.002114 -0.009979 -0.969102 -0.009979 -0.002114 0.000000 
5.000000e-01 5.000000e-01 4.999765e-03 5.000000e-01 5.000000e-01 1.515055e+00 -0.993289 0.002078 0.009855 0.969423 0.009855 0.002078 0.993289 -0.002114 -0.009979 -0.969102 -0.009979 -0.002114 0.000000 
5.000000e-01 5.000000e-01 4.999765e-03 5.000000e-01 5.000000e-01 1.515055e+00 -0.993289 0.002078 0.009855 0.969423 0.009855 0.002078 0.993289 -0.002114 -0.009979 -0.969102 -0.009979 -0.002114 0.000000 
5.000000e-01 5.000000e-01 4.999765e-03 5.000000e-01 5.000000e-01 1.515055e+00 -0.993289 0.002078 0.009855 0.969423 0.009855 0.002078 0.993289 -0.002114 -0.009979 -0.969102 -0.009979 -0.002114 0.000000 
5.000000e-01 5.000000e-01 4.999765e-03 5.000000e-01 5.000000e-01 1.515055e+00 -0.993289 0.002078 0.009855 0.969423 0.009855 0.002078 0.993289 -0.002114 -0.009979 -0.969102 -0.009979 -0.002114 0.000000 
5.000000e-01 5.000000e-01 4.999765e-03 5.000000e-01 5.000000e-01 1.515055e+00 -0.993289 0.002078 0.009855 0.969423 0.009855 0.002078 0.993289 -0.002114 -0.009979 -0.969102 -0.009979 -0.002114 0.000000 
5.000000e-01 5.000000e-01 4.999765e-03 5.000000e-01 5.000000e-01 1.515055e+00 -0.993289 0.002078 0.009855 0.969423 0.009855 0.002078 0.993289 -0.002114 -0.009979 -0.969102 -0.009979 -0.002114 0.000000 
5.000000e-01 5.000000e-01 4.999765e-03 5.000000e-01 5.000000e-01 1.515055e+00 -0.993289 0.002078 0.009855 0.969423 0.009855 0.002078 0.993289 -0.002114 -0.009979 -0.969102 -0.009979 -0.002114 0.000000 
5.000000e-01 5.000000e-01 4.999765e-03 5.000000e-01 5.000000e-01 1.515055e+00 -0.993289 0.002078 0.009855 0.969423 0.009855 0.002078 0.993289 -0.002114 -0.009979 -0.969102 -0.009979 -0.002114 0.000000 
5.000000e-01 5.000000e-01 4.999765e-03 5.000000e-01 5.000000e-01 1.515055e+00 -0.993289 0.002078 0.009855 0.969423 0.009855 0.002078 0.993289 -0.002114 -0.009979 -0.969102 -0.009979 -0.002114 0.000000 
5.000000e-01 5.000000e-01 4.999765e-03 5.000000e-01 5.000000e-01 1.515055e+00 -0.993289 0.002078 0.009855 0.969423 0.009855 0.002078 0.993289 -0.002114 -0.009979 -0.969102 -0.009979 -0.002114 0.000000 
5.000000e-01 5.000000e-01 4.999765e-03 5.000000e-01 5.000000e-01 1.515055e+00 -0.993289 0.002078 0.009855 0.969423 0.009855 0.002078 0.993289 -0.002114 -0.009979 -0.969102 -0.009979 -0.002114 0.000000 
5.000000e-01 5.000000e-01 4.999765e-03 5.000000e-01 5.000000e-01 1.515055e+00 -0.993289 0.002078 0.009855 0.969423 0.009855 0.002078 0.993289 -0.002114 -0.009979 -0.969102 -0.009979 -0.002114 0.000000 
5.000000e-01 5.000000e-01 4.999765e-03 5.000000e-01 5.000000e-01 1.515055e+00 -0.993289 0.002078 0.009855 0.969423 0.009855 0.002078 0.993289 -0.002114 -0.009979 -0.969102 -0.009979 -0.002114 0.000000 
5.000000e-01 5.000000e-01 4.999765e-03 5.000000e-01 5.000000e-01 1.515055e+00 -0.993289 0.002078 0.009855 0.969423 0.009855 0.002078 0.993289 -0.002114 -0.009979 -0.969102 -0.009979 -0.002114 0.000000 
5.000000e-01 5.000000e-01 4.999765e-03 5.000000e-01 5.000000e-01 1.515055e+00 -0.993289 0.002078 0.009855 0.969423 0.009855 0.002078 0.993289 -0.002114 -0.009979 -0.969102 -0.009979 -0.002114 0.000000 
5.000000e-01 5.000000e-01 4.999765e-03 5.000000e-01 5.000000e-01 1.515055e+00 -0.993289 0.002078 0.009855 0.969423 0.009855 0.002078 0.993289 -0.002114 -0.009979 -0.969102 -0.009979 -0.002114 0.000000 
5.000000e-01 5.000000e-01 4.999765e-03 5.000000e-01 5.000000e-01 1.515055e+00 -0.993289 0.002078 0.009855 0.969423 0.009855 0.002078 0.993289 -0.002114 -0.009979 -0.969102 -0.009979 -0.002114 0.000000 
5.000000e-01 5.000000e-01 4.999765e-03 5.000000e-01 5.000000e-01 1.515055e+00 -0.993289 0.002078 0.009855 0.969423 0.009855 0.002078 0.993289 -0.002114 -0.009979 -0.969102 -0.009979 -0.002114 0.000000 
5.000000e-01 5.000000e-01 4.999765e-03 5.000000e-01 5.000000e-01 1.515055e+00 -0.993289 0.002078 0.009855 0.969423 0.009855 0.002078 0.993289 -0.002114 -0.009979 -0.969102 -0.009979 -0.002114 0.000000 
5.000000e-01 5.000000e-01 4.999765e-03 5.000000e-01 5.000000e-01 1.515055e+00 -0.993289 0.002078 0.009855 0.969423 0.009855 0.002078 0.993289 -0.002114 -0.009979 -0.969102 -0.009979 -0.002114 0.000000 
5.000000e-01 5.000000e-01 4.999765e-03 5.000000e-01 5.000000e-01 1.515055e+00 -0.993289 0.002078 0.009855 0.969423 0.009855 0.002078 0.993289 -0.002114 -0.009979 -0.969102 -0.009979 -0.002114 0.000000 
5.000000e-01 5.000000e-01 4.999765e-03 5.000000e-01 5.000000e-01 1.515055e+00 -0.993289 0.002078 0.009855 0.969423 0.009855 0.002078 0.993289 -0.002114 -0.009979 -0.969102 -0.009979 -0.002114 0.000000 
5.000000e-01 5.000000e-01 4.999765e-03 5.000000e-01 5.000000e-01 1.515055e+00 -0.993289 0.002078 0.009855 0.969423 0.009855 0.002078 0.993289 -0.002114 -0.009979 -0.969102 -0.009979 -0.002114 0.000000 
5.000000e-01 5.000000e-01 4.999765e-03 5.000000e-01 5.000000e-01 1.515055e+00 -0.993289 0.002078 0.009855 0.969423 0.009855 0.002078 0.993289 -0.002114 -0.009979 -0.969102 -0.009979 -0.002114 0.000000 
5.000000e-01 5.000000e-01 4.999765e-03 5.000000e-01 5.000000e-01 1.515055e+00 -0.993289 0.002078 0.009855 0.969423 0.009855 0.002078 0.993289 -0.002114 -0.009979 -0.969102 -0.009979 -0.002114 0.000000 
5.000000e-01 5.000000e-01 4.999765e-03 5.000000e-01 5.000000e-01 1.515055e+00 -0.993289 0.002078 0.009855 0.969423 0.009855 0.002078 0.993289 -0.002114 -0.009979 -0.969102 -0.009979 -0.002114 0.000000 
5.000000e-01 5.000000e-01 4.999765e-03 5.000000e-01 5.000000e-01 1.515055e+00 -0.993289 0.002078 0.009855 0.969423 0.009855 0.002078 0.993289 -0.002114 -0.009979 -0.969102 -0.009979 -0.002114 0.000000 
5.000000e-01 5.000000e-01 4.999765e-03 5.000000e-01 5.000000e-01 1.515055e+00 -0.993289 0.002078 0.009855 0.969423 0.009855 0.002078 0.993289 -0.002114 -0.009979 -0.969102 -0.009979 -0.002114 0.000000 
5.000000e-01 5.000000e-01 4.999765e-03 5.000000e-01 5.000000e-01 1.515055e+00 -0.993289 0.002078 0.009855 0.969423 0.009855 0.002078 0.993289 -0.002114 -0.009979 -0.969102 -0.009979 -0.002114 0.000000 
5.000000e-01 5.000000e-01 4.999765e-03 5.000000e-01 5.000000e-01 1.515055e+00 -0.993289 0.002078 0.009855 0.969423 0.009855 0.002078 0.993289 -0.002114 -0.009979 -0.969102 -0.009979 -0.002114 0.000000 
5.000000e-01 5.000000e-01 4.999765e-03 5.000000e-01 5.000000e-01 1.515055e+00 -0.993289 0.002078 0.009855 0.969423 0.009855 0.002078 0.993289 -0.002114 -0.009979 -0.969102 -0.009979 -0.002114 0.000000 
5.000000e-01 5.000000e-01 4.999765e-03 5.000000e-01 5.000000e-01 1.515055e+00 -0.993289 0.002078 0.009855 0.969423 0.009855 0.002078 0.993289 -0.002114 -0.009979 -0.969102 -0.009979 -0.002114 0.000000 
5.000000e-01 5.000000e-01 4.999765e-03 5.000000e-01 5.000000e-01 1.515055e+00 -0.993289 0.002078 0.009855 0.969423 0.009855 0.002078 0.993289 -0.002114 -0.009979 -0.969102 -0.009979 -0.002114 0.000000 
5.000000e-01 5.000000e-01 4.999765e-03 5.000000e-01 5.000000e-01 1.515055e+00 -0.993289 0.002078 0.009855 0.969423 0.009855 0.002078 0.993289 -0.002114 -0.009979 -0.969102 -0.009979 -0.002114 0.000000 
5.000000e-01 5.000000e-01 4.999765e-03 5.000000e-01 5.000000e-01 1.515055e+00 -0.993289 0.002078 0.009855 0.969423 0.009855 0.002078 0.993289 -0.002114 -0.009979 -0.969102 -0.009979 -0.002114 0.000000 
5.000000e-01 5.000000e-01 4.999765e-03 5.000000e-01 5.000000e-01 1.515055e+00 -0.993289 0.002078 0.009855 0.969423 0.009855 0.002078 0.993289 -0.002114 -0.009979 -0.969102 -0.009979 -0.002114 0.000000 
5.000000e-01 5.000000e-01 4.999765e-03 5.000000e-01 5.000000e-01 1.515055e+00 -0.993289 0.002078 0.009855 0.969423 0.009855 0.002078 0.993289 -0.002114 -0.009979 -0.969102 -0.009979 -0.002114 0.000000 
5.000000e-01 5.000000e-01 4.999765e-03 5.000000e-01 5.000000e-01 1.515055e+00 -0.993289 0.002078 0.009855 0.969423 0.009855 0.002078 0.993289 -0.002114 -0.009979 -0.969102 -0.009979 -0.002114 0.000000 
5.000000e-01 5.000000e-01 4.999765e-03 5.000000e-01 5.000000e-01 1.515055e+00 -0.993289 0.002078 0.009855 0.969423 0.009855 0.002078 0.993289 -0.002114 -0.009979 -0.969102 -0.009979 -0.002114 0.000000 
5.000000e-01 5.000000e-01 4.999765e-03 5.000000e-01 5.000000e-01 1.515055e+00 -0.993289 0.002078 0.009855 0.969423 0.009855 0.002078 0.993289 -0.002114 -0.009979 -0.969102 -0.009979 -0.002114 0.000000 
5.000000e-01 5.000000e-01 4.999765e-03 5.000000e-01 5.000000e-01 1.515055e+00 -0.993289 0.002078 0.009855 0.969423 0.009855 0.002078 0.993289 -0.002114 -0.009979 -0.969102 -0.009979 -0.002114 0.000000 
5.000000e-01 5.000000e-01 4.999765e-03 5.000000e-01 5.000000e-01 1.515055e+00 -0.993289 0.002078 0.009855 0.969423 0.009855 0.002078 0.993289 -0.002114 -0.009979 -0.969102 -0.009979 -0.002114 0.000000 
5.000000e-01 5.000000e-01 4.999765e-03 5.000000e-01 5.000000e-01 1.515055e+00 -0.993289 0.002078 0.009855 0.969423 0.009855 0.002078 0.993289 -0.002114 -0.009979 -0.969102 -0.009979 -0.002114 0.000000 
5.000000e-01 5.000000e-01 4.999765e-03 5.000000e-01 5.000000e-01 1.515055e+00 -0.993289 0.002078 0.009855 0.969423 0.009855 0.002078 0.993289 -0.002114 -0.009979 -0.969102 -0.009979 -0.002114 0.000000 
5.000000e-01 5.000000e-01 4.999765e-03 5.000000e-01 5.000000e-01 1.515055e+00 -0.993289 0.002078 0.009855 0.969423 0.009855 0.002078 0.993289 -0.002114 -0.009979 -0.969102 -0.009979 -0.002114 0.000000 
5.000000e-01 5.000000e-01 4.999765e-03 5.000000e-01 5.000000e-01 1.515055e+00 -0.993289 0.002078 0.009855 0.969423 0.009855 0.002078 0.993289 -0.002114 -0.009979 -0.969102 -0.009979 -0.002114 0.000000 
5.000000e-01 5.000000e-01 4.999765e-03 5.000000e-01 5.000000e-01 1.515055e+00 -0.993289 0.002078 0.009855 0.969423 0.009855 0.002078 0.993289 -0.002114 -0.009979 -0.969102 -0.009979 -0.002114 0.000000 
5.000000e-01 5.000000e-01 4.999765e-03 5.000000e-01 5.000000e-01 1.515055e+00 -0.993289 0.002078 0.009855 0.969423 0.009855 0.002078 0.993289 -0.002114 -0.009979 -0.969102 -0.009979 -0.002114 0.000000 
5.000000e-01 5.000000e-01 4.999765e-03 5.000000e-01 5.000000e-01 1.515055e+00 -0.993289 0.002078 0.009855 0.969423 0.009855 0.002078 0.993289 -0.002114 -0.009979 -0.969102 -0.009979 -0.002114 0.000000 
5.000000e-01 5.000000e-01 4.999765e-03 5.000000e-01 5.000000e-01 1.515055e+00 -0.993289 0.002078 0.009855 0.969423 0.009855 0.002078 0.993289 -0.002114 -0.009979 -0.969102 -0.009979 -0.002114 0.000000 
5.000000e-01 5.000000e-01 4.999765e-03 5.000000e-01 5.000000e-01 1.515055e+00 -0.993289 0.002078 0.009855 0.969423 0.009855 0.002078 0.993289 -0.002114 -0.009979 -0.969102 -0.009979 -0.002114 0.000000 
5.000000e-01 5.000000e-01 4.999765e-03 5.000000e-01 5.000000e-01 1.515055e+00 -0.993289 0.002078 0.009855 0.969423 0.009855 0.002078 0.993289 -0.002114 -0.009979 -0.969102 -0.009979 -0.002114 0.000000 
5.000000e-01 5.000000e-01 4.999765e-03 5.000000e-01 5.000000e-01 1.515055e+00 -0.993289 0.002078 0.009855 0.969423 0.009855 0.002078 0.993289 -0.002114 -0.009979 -0.969102 -0.009979 -0.002114 0.000000 
5.000000e-01 5.000000e-01 4.999765e-03 5.000000e-01 5.000000e-01 1.515055e+00 -0.993289 0.002078 0.009855 0.969423 0.009855 0.002078 0.993289 -0.002114 -0.009979 -0.969102 -0.009979 -0.002114 0.000000 
5.000000e-01 5.000000e-01 4.999765e-03 5.000000e-01 5.000000e-01 1.515055e+00 -0.993289 0.002078 0.009855 0.969423 0.009855 0.002078 0.993289 -0.002114 -0.009979 -0.969102 -0.009979 -0.002114 0.000000 
5.000000e-01 5.000000e-01 4.999765e-03 5.000000e-01 5.000000e-01 1.515055e+00 -0.993289 0.002078 0.009855 0.969423 0.009855 0.002078 0.993289 -0.002114 -0.009979 -0.969102 -0.009979 -0.002114 0.000000 
5.000000e-01 5.000000e-01 4.999765e-03 5.000000e-01 5.000000e-01 1.515055e+00 -0.993289 0.002078 0.009855 0.969423 0.009855 0.002078 0.993289 -0.002114 -0.009979 -0.969102 -0.009979 -0.002114 0.000000 
5.000000e-01 5.000000e-01 4.999765e-03 5.000000e-01 5.000000e-01 1.515055e+00 -0.993289 0.002078 0.009855 0.969423 0.009855 0.002078 0.993289 -0.002114 -0.009979 -0.969102 -0.009979 -0.002114 0.000000 
5.000000e-01 5.000000e-01 4.999765e-03 5.000000e-01 5.000000e-01 1.515055e+00 -0.993289 0.002078 0.009855 0.969423 0.009855 0.002078 0.993289 -0.002114 -0.009979 -0.969102 -0.009979 -0.002114 0.000000 
5.000000e-01 5.000000e-01 4.999765e-03 5.000000e-01 5.000000e-01 1.515055e+00 -0.993289 0.002078 0.009855 0.969423 0.009855 0.002078 0.993289 -0.002114 -0.009979 -0.969102 -0.009979 -0.002114 0.000000 
5.000000e-01 5.000000e-01 4.999765e-03 5.000000e-01 5.000000e-01 1.515055e+00 -0.993289 0.002078 0.009855 0.969423 0.009855 0.002078 0.993289 -0.002114 -0.009979 -0.969102 -0.009979 -0.002114 0.000000 
5.000000e-01 5.000000e-01 4.999765e-03 5.000000e-01 5.000000e-01 1.515055e+00 -0.993289 0.002078 0.009855 0.969423 0.009855 0.002078 0.993289 -0.002114 -0.009979 -0.969102 -0.009979 -0.002114 0.000000 
5.000000e-01 5.000000e-01 4.999765e-03 5.000000e-01 5.000000e-01 1.515055e+00 -0.993289 0.002078 0.009855 0.969423 0.009855 0.002078 0.993289 -0.002114 -0.009979 -0.969102 -0.009979 -0.002114 0.000000 
5.000000e-01 5.000000e-01 4.999765e-03 5.000000e-01 5.000000e-01 1.515055e+00 -0.993289 0.002078 0.009855 0.969423 0.009855 0.002078 0.993289 -0.002114 -0.009979 -0.969102 -0.009979 -0.002114 0.000000 
5.000000e-01 5.000000e-01 4.999765e-03 5.000000e-01 5.000000e-01 1.515055e+00 -0.993289 0.002078 0.009855 0.969423 0.009855 0.002078 0.993289 -0.002114 -0.009979 -0.969102 -0.009979 -0.002114 0.000000 
5.000000e-01 5.000000e-01 4.999765e-03 5.000000e-01 5.000000e-01 1.515055e+00 -0.993289 0.002078 0.009855 0.969423 0.009855 0.002078 0.993289 -0.002114 -0.009979 -0.969102 -0.009979 -0.002114 0.000000 
5.000000e-01 5.000000e-01 4.999765e-03 5.000000e-01 5.000000e-01 1.515055e+00 -0.993289 0.002078 0.009855 0.969423 0.009855 0.002078 0.993289 -0.002114 -0.009979 -0.969102 -0.009979 -0.002114 0.000000 
5.000000e-01 5.000000e-01 4.999765e-03 5.000000e-01 5.000000e-01 1.515055e+00 -0.993289 0.002078 0.009855 0.969423 0.009855 0.002078 0.993289 -0.002114 -0.009979 -0.969102 -0.009979 -0.002114 0.000000 
5.000000e-01 5.000000e-01 4.999765e-03 5.000000e-01 5.000000e-01 1.515055e+00 -0.993289 0.002078 0.009855 0.969423 0.009855 0.002078 0.993289 -0.002114 -0.009979 -0.969102 -0.009979 -0.002114 0.000000 
5.000000e-01 5.000000e-01 4.999765e-03 5.000000e-01 5.000000e-01 1.515055e+00 -0.993289 0.002078 0.009855 0.969423 0.009855 0.002078 0.993289 -0.002114 -0.009979 -0.969102 -0.009979 -0.002114 0.000000 
5.000000e-01 5.000000e-01 4.999765e-03 5.000000e-01 5.000000e-01 1.515055e+00 -0.993289 0.002078 0.009855 0.969423 0.009855 0.002078 0.993289 -0.002114 -0.009979 -0.969102 -0.009979 -0.002114 0.000000 
5.000000e-01 5.000000e-01 4.999765e-03 5.000000e-01 5.000000e-01 1.515055e+00 -0.993289 0.002078 0.009855 0.969423 0.009855 0.002078 0.993289 -0.002114 -0.009979 -0.969102 -0.009979 -0.002114 0.000000 
5.000000e-01 5.000000e-01 4.999765e-03 5.000000e-01 5.000000e-01 1.515055e+00 -0.993289 0.002078 0.009855 0.969423 0.009855 0.002078 0.993289 -0.002114 -0.009979 -0.969102 -0.009979 -0.002114 0.000000 
5.000000e-01 5.000000e-01 4.999765e-03 5.000000e-01 5.000000e-01 1.515055e+00 -0.993289 0.002078 0.009855 0.969423 0.009855 0.002078 0.993289 -0.002114 -0.009979 -0.969102 -0.009979 -0.002114 0.000000 
5.000000e-01 5.000000e-01 4.999765e-03 5.000000e-01 5.000000e-01 1.515055e+00 -0.993289 0.002078 0.009855 0.969423 0.009855 0.002078 0.993289 -0.002114 -0.009979 -0.969102 -0.009979 -0.002114 0.000000 
5.000000e-01 5.000000e-01 4.999765e-03 5.000000e-01 5.000000e-01 1.515055e+00 -0.993289 0.002078 0.009855 0.969423 0.009855 0.002078 0.993289 -0.002114 -0.009979 -0.969102 -0.009979 -0.002114 0.000000 
5.000000e-01 5.000000e-01 4.999765e-03 5.000000e-01 5.000000e-01 1.515055e+00 -0.993289 0.002078 0.009855 0.969423 0.009855 0.002078 0.993289 -0.002114 -0.009979 -0.969102 -0.009979 -0.002114 0.000000 
5.000000e-01 5.000000e-01 4.999765e-03 5.000000e-01 5.000000e-01 1.515055e+00 -0.993289 0.002078 0.009855 0.969423 0.009855 0.002078 0.993289 -0.002114 -0.009979 -0.969102 -0.009979 -0.002114 0.000000 
5.000000e-01 5.000000e-01 4.999765e-03 5.000000e-01 5.000000e-01 1.515055e+00 -0.993289 0.002078 0.009855 0.969423 0.009855 0.002078 0.993289 -0.002114 -0.009979 -0.969102 -0.009979 -0.002114 0.000000 
5.000000e-01 5.000000e-01 4.999765e-03 5.000000e-01 5.000000e-01 1.515055e+00 -0.993289 0.002078 0.009855 0.969423 0.009855 0.002078 0.993289 -0.002114 -0.009979 -0.969102 -0.009979 -0.002114 0.000000 
5.000000e-01 5.000000e-01 4.999765e-03 5.000000e-01 5.000000e-01 1.515055e+00 -0.993289 0.002078 0.009855 0.969423 0.009855 0.002078 0.993289 -0.002114 -0.009979 -0.969102 -0.009979 -0.002114 0.000000 
5.000000e-01 5.000000e-01 4.999765e-03 5.000000e-01 5.000000e-01 1.515055e+00 -0.993289 0.002078 0.009855 0.969423 0.009855 0.002078 0.993289 -0.002114 -0.009979 -0.969102 -0.009979 -0.002114 0.000000 
5.000000e-01 5.000000e-01 4.999765e-03 5.000000e-01 5.000000e-01 1.515055e+00 -0.993289 0.002078 0.009855 0.969423 0.009855 0.002078 0.993289 -0.002114 -0.009979 -0.969102 -0.009979 -0.002114 0.000000 
5.000000e-01 5.000000e-01 4.999765e-03 5.000000e-01 5.000000e-01 1.515055e+00 -0.993289 0.002078 0.009855 0.969423 0.009855 0.002078 0.993289 -0.002114 -0.009979 -0.969102 -0.009979 -0.002114 0.000000 
5.000000e-01 5.000000e-01 4.999765e-03 5.000000e-01 5.000000e-01 1.515055e+00 -0.993289 0.002078 0.009855 0.969423 0.009855 0.002078 0.993289 -0.002114 -0.009979 -0.969102 -0.009979 -0.002114 0.000000 
5.000000e-01 5.000000e-01 4.999765e-03 5.000000e-01 5.000000e-01 1.515055e+00 -0.993289 0.002078 0.009855 0.969423 0.009855 0.002078 0.993289 -0.002114 -0.009979 -0.969102 -0.009979 -0.002114 0.000000 
