# TeX TeY TeZ ThX ThY THZ P1 P2
5.000000e-01 5.000000e-01 8.900000e-01 5.000000e-01 5.000000e-01 8.900000e-01 0.000000 0.000000 0.000000 0.000000 0.000000 0.000000 0.000000 0.000000 0.000000 0.000000 0.000000 0.000000 0.000000 
5.000000e-01 5.000000e-01 8.790774e-01 5.000000e-01 5.000000e-01 8.981560e-01 -0.012524 0.001656 0.002835 0.003542 0.002835 0.001656 0.012524 -0.002159 -0.002691 -0.002823 -0.002691 -0.002159 0.000000 
5.000000e-01 5.000000e-01 8.681060e-01 5.000000e-01 5.000000e-01 9.062955e-01 -0.025069 0.003325 0.005671 0.007077 0.005671 0.003325 0.025069 -0.004318 -0.005388 -0.005655 -0.005388 -0.004318 0.000000 
5.000000e-01 5.000000e-01 8.570863e-01 5.000000e-01 5.000000e-01 9.144184e-01 -0.037635 0.005003 0.008511 0.010607 0.008511 0.005003 0.037635 -0.006478 -0.008091 -0.008497 -0.008091 -0.006478 0.000000 
5.000000e-01 5.000000e-01 8.460187e-01 5.000000e-01 5.000000e-01 9.225244e-01 -0.050221 0.006690 0.011353 0.014135 0.011353 0.006690 0.050221 -0.008638 -0.010799 -0.011348 -0.010799 -0.008638 0.000000 
5.000000e-01 5.000000e-01 8.349036e-01 5.000000e-01 5.000000e-01 9.306135e-01 -0.062827 0.008384 0.014198 0.017663 0.014198 0.008384 0.062827 -0.010796 -0.013512 -0.014211 -0.013512 -0.010796 0.000000 
5.000000e-01 5.000000e-01 8.237415e-01 5.000000e-01 5.000000e-01 9.386853e-01 -0.075453 0.010080 0.017046 0.021200 0.017046 0.010080 0.075453 -0.012952 -0.016232 -0.017085 -0.016232 -0.012952 0.000000 
5.000000e-01 5.000000e-01 8.125327e-01 5.000000e-01 5.000000e-01 9.467398e-01 -0.088098 0.011777 0.019899 0.024746 0.019899 0.011777 0.088098 -0.015107 -0.018957 -0.019971 -0.018957 -0.015107 0.000000 
5.000000e-01 5.000000e-01 8.012776e-01 5.000000e-01 5.000000e-01 9.547767e-01 -0.100762 0.013475 0.022755 0.028301 0.022755 0.013475 0.100762 -0.017257 -0.021688 -0.022871 -0.021688 -0.017257 0.000000 
5.000000e-01 5.000000e-01 7.899768e-01 5.000000e-01 5.000000e-01 9.627959e-01 -0.113445 0.015173 0.025615 0.031867 0.025615 0.015173 0.113445 -0.019404 -0.024426 -0.025785 -0.024426 -0.019404 0.000000 
5.000000e-01 5.000000e-01 7.786305e-01 5.000000e-01 5.000000e-01 9.707971e-01 -0.126145 0.016871 0.028479 0.035445 0.028479 0.016871 0.126145 -0.021544 -0.027170 -0.028717 -0.027170 -0.021544 0.000000 
5.000000e-01 5.000000e-01 7.672392e-01 5.000000e-01 5.000000e-01 9.787802e-01 -0.138863 0.018562 0.031347 0.039045 0.031347 0.018562 0.138863 -0.023678 -0.029921 -0.031666 -0.029921 -0.023678 0.000000 
5.000000e-01 5.000000e-01 7.558033e-01 5.000000e-01 5.000000e-01 9.867450e-01 -0.151598 0.020244 0.034221 0.042669 0.034221 0.020244 0.151598 -0.025805 -0.032678 -0.034633 -0.032678 -0.025805 0.000000 
5.000000e-01 5.000000e-01 7.443231e-01 5.000000e-01 5.000000e-01 9.946913e-01 -0.164350 0.021919 0.037099 0.046315 0.037099 0.021919 0.164350 -0.027923 -0.035442 -0.037619 -0.035442 -0.027923 0.000000 
5.000000e-01 5.000000e-01 7.327991e-01 5.000000e-01 5.000000e-01 1.002619e+00 -0.177119 0.023586 0.039981 0.049985 0.039981 0.023586 0.177119 -0.030032 -0.038214 -0.040627 -0.038214 -0.030032 0.000000 
5.000000e-01 5.000000e-01 7.212317e-01 5.000000e-01 5.000000e-01 1.010527e+00 -0.189903 0.025243 0.042868 0.053681 0.042868 0.025243 0.189903 -0.032130 -0.040993 -0.043659 -0.040993 -0.032130 0.000000 
5.000000e-01 5.000000e-01 7.096211e-01 5.000000e-01 5.000000e-01 1.018417e+00 -0.202704 0.026882 0.045761 0.057417 0.045761 0.026882 0.202704 -0.034215 -0.043779 -0.046715 -0.043779 -0.034215 0.000000 
5.000000e-01 5.000000e-01 6.979679e-01 5.000000e-01 5.000000e-01 1.026287e+00 -0.215519 0.028507 0.048658 0.061189 0.048658 0.028507 0.215519 -0.036286 -0.046574 -0.049800 -0.046574 -0.036286 0.000000 
5.000000e-01 5.000000e-01 6.862724e-01 5.000000e-01 5.000000e-01 1.034138e+00 -0.228350 0.030116 0.051560 0.064996 0.051560 0.030116 0.228350 -0.038341 -0.049377 -0.052914 -0.049377 -0.038341 0.000000 
5.000000e-01 5.000000e-01 6.745349e-01 5.000000e-01 5.000000e-01 1.041968e+00 -0.241194 0.031710 0.054467 0.068840 0.054467 0.031710 0.241194 -0.040379 -0.052188 -0.056060 -0.052188 -0.040379 0.000000 
5.000000e-01 5.000000e-01 6.627558e-01 5.000000e-01 5.000000e-01 1.049779e+00 -0.254054 0.033285 0.057379 0.072726 0.057379 0.033285 0.254054 -0.042398 -0.055009 -0.059240 -0.055009 -0.042398 0.000000 
5.000000e-01 5.000000e-01 6.509355e-01 5.000000e-01 5.000000e-01 1.057570e+00 -0.266926 0.034830 0.060296 0.076674 0.060296 0.034830 0.266926 -0.044397 -0.057838 -0.062456 -0.057838 -0.044397 0.000000 
5.000000e-01 5.000000e-01 6.390743e-01 5.000000e-01 5.000000e-01 1.065340e+00 -0.279812 0.036354 0.063218 0.080668 0.063218 0.036354 0.279812 -0.046372 -0.060677 -0.065714 -0.060677 -0.046372 0.000000 
5.000000e-01 5.000000e-01 6.271726e-01 5.000000e-01 5.000000e-01 1.073089e+00 -0.292711 0.037857 0.066143 0.084712 0.066143 0.037857 0.292711 -0.048320 -0.063527 -0.069018 -0.063527 -0.048320 0.000000 
5.000000e-01 5.000000e-01 6.152307e-01 5.000000e-01 5.000000e-01 1.080817e+00 -0.305623 0.039336 0.069072 0.088808 0.069072 0.039336 0.305623 -0.050240 -0.066387 -0.072369 -0.066387 -0.050240 0.000000 
5.000000e-01 5.000000e-01 6.032491e-01 5.000000e-01 5.000000e-01 1.088525e+00 -0.318547 0.040780 0.072005 0.092977 0.072005 0.040780 0.318547 -0.052130 -0.069258 -0.075771 -0.069258 -0.052130 0.000000 
5.000000e-01 5.000000e-01 5.912279e-01 5.000000e-01 5.000000e-01 1.096211e+00 -0.331482 0.042192 0.074942 0.097216 0.074942 0.042192 0.331482 -0.053988 -0.072139 -0.079228 -0.072139 -0.053988 0.000000 
5.000000e-01 5.000000e-01 5.791676e-01 5.000000e-01 5.000000e-01 1.103875e+00 -0.344429 0.043575 0.077880 0.101519 0.077880 0.043575 0.344429 -0.055808 -0.075033 -0.082747 -0.075033 -0.055808 0.000000 
5.000000e-01 5.000000e-01 5.670686e-01 5.000000e-01 5.000000e-01 1.111517e+00 -0.357387 0.044929 0.080821 0.105887 0.080821 0.044929 0.357387 -0.057585 -0.077939 -0.086338 -0.077939 -0.057585 0.000000 
5.000000e-01 5.000000e-01 5.549311e-01 5.000000e-01 5.000000e-01 1.119137e+00 -0.370356 0.046246 0.083763 0.110338 0.083763 0.046246 0.370356 -0.059320 -0.080858 -0.089999 -0.080858 -0.059320 0.000000 
5.000000e-01 5.000000e-01 5.427554e-01 5.000000e-01 5.000000e-01 1.126735e+00 -0.383334 0.047517 0.086706 0.114889 0.086706 0.047517 0.383334 -0.061009 -0.083789 -0.093738 -0.083789 -0.061009 0.000000 
5.000000e-01 5.000000e-01 5.305420e-01 5.000000e-01 5.000000e-01 1.134310e+00 -0.396323 0.048754 0.089648 0.119519 0.089648 0.048754 0.396323 -0.062647 -0.086734 -0.097561 -0.086734 -0.062647 0.000000 
5.000000e-01 5.000000e-01 5.182910e-01 5.000000e-01 5.000000e-01 1.141862e+00 -0.409321 0.049956 0.092588 0.124233 0.092588 0.049956 0.409321 -0.064225 -0.089692 -0.101487 -0.089692 -0.064225 0.000000 
5.000000e-01 5.000000e-01 5.060029e-01 5.000000e-01 5.000000e-01 1.149391e+00 -0.422328 0.051116 0.095526 0.129044 0.095526 0.051116 0.422328 -0.065741 -0.092665 -0.105517 -0.092665 -0.065741 0.000000 
5.000000e-01 5.000000e-01 4.936780e-01 5.000000e-01 5.000000e-01 1.156896e+00 -0.435343 0.052220 0.098459 0.133986 0.098459 0.052220 0.435343 -0.067192 -0.095650 -0.109658 -0.095650 -0.067192 0.000000 
5.000000e-01 5.000000e-01 4.813165e-01 5.000000e-01 5.000000e-01 1.164377e+00 -0.448367 0.053283 0.101386 0.139029 0.101386 0.053283 0.448367 -0.068574 -0.098649 -0.113920 -0.098649 -0.068574 0.000000 
5.000000e-01 5.000000e-01 4.689188e-01 5.000000e-01 5.000000e-01 1.171835e+00 -0.461399 0.054306 0.104306 0.144175 0.104306 0.054306 0.461399 -0.069876 -0.101662 -0.118323 -0.101662 -0.069876 0.000000 
5.000000e-01 5.000000e-01 4.564852e-01 5.000000e-01 5.000000e-01 1.179268e+00 -0.474438 0.055279 0.107218 0.149445 0.107218 0.055279 0.474438 -0.071088 -0.104688 -0.122885 -0.104688 -0.071088 0.000000 
5.000000e-01 5.000000e-01 4.440159e-01 5.000000e-01 5.000000e-01 1.186676e+00 -0.487484 0.056188 0.110115 0.154879 0.110115 0.056188 0.487484 -0.072212 -0.107726 -0.127608 -0.107726 -0.072212 0.000000 
5.000000e-01 5.000000e-01 4.315114e-01 5.000000e-01 5.000000e-01 1.194059e+00 -0.500536 0.057051 0.112998 0.160437 0.112998 0.057051 0.500536 -0.073241 -0.110774 -0.132506 -0.110774 -0.073241 0.000000 
5.000000e-01 5.000000e-01 4.189718e-01 5.000000e-01 5.000000e-01 1.201418e+00 -0.513595 0.057869 0.115868 0.166122 0.115868 0.057869 0.513595 -0.074161 -0.113831 -0.137612 -0.113831 -0.074161 0.000000 
5.000000e-01 5.000000e-01 4.063975e-01 5.000000e-01 5.000000e-01 1.208750e+00 -0.526660 0.058625 0.118716 0.171979 0.118716 0.058625 0.526660 -0.074958 -0.116895 -0.142954 -0.116895 -0.074958 0.000000 
5.000000e-01 5.000000e-01 3.937888e-01 5.000000e-01 5.000000e-01 1.216057e+00 -0.539730 0.059314 0.121536 0.178029 0.121536 0.059314 0.539730 -0.075636 -0.119962 -0.148534 -0.119962 -0.075636 0.000000 
5.000000e-01 5.000000e-01 3.811459e-01 5.000000e-01 5.000000e-01 1.223337e+00 -0.552805 0.059954 0.124333 0.184232 0.124333 0.059954 0.552805 -0.076186 -0.123028 -0.154377 -0.123028 -0.076186 0.000000 
5.000000e-01 5.000000e-01 3.684691e-01 5.000000e-01 5.000000e-01 1.230591e+00 -0.565885 0.060543 0.127104 0.190591 0.127104 0.060543 0.565885 -0.076584 -0.126088 -0.160540 -0.126088 -0.076584 0.000000 
5.000000e-01 5.000000e-01 3.557588e-01 5.000000e-01 5.000000e-01 1.237818e+00 -0.578969 0.061053 0.129830 0.197205 0.129830 0.061053 0.578969 -0.076824 -0.129134 -0.167053 -0.129134 -0.076824 0.000000 
5.000000e-01 5.000000e-01 3.430151e-01 5.000000e-01 5.000000e-01 1.245018e+00 -0.592057 0.061501 0.132514 0.204027 0.132514 0.061501 0.592057 -0.076905 -0.132159 -0.173929 -0.132159 -0.076905 0.000000 
5.000000e-01 5.000000e-01 3.302384e-01 5.000000e-01 5.000000e-01 1.252191e+00 -0.605148 0.061896 0.135160 0.211038 0.135160 0.061896 0.605148 -0.076816 -0.135154 -0.181208 -0.135154 -0.076816 0.000000 
5.000000e-01 5.000000e-01 3.174290e-01 5.000000e-01 5.000000e-01 1.259335e+00 -0.618243 0.062228 0.137756 0.218274 0.137756 0.062228 0.618243 -0.076518 -0.138097 -0.189013 -0.138097 -0.076518 0.000000 
5.000000e-01 5.000000e-01 3.045870e-01 5.000000e-01 5.000000e-01 1.266451e+00 -0.631340 0.062474 0.140276 0.225840 0.140276 0.062474 0.631340 -0.076023 -0.140978 -0.197337 -0.140978 -0.076023 0.000000 
5.000000e-01 5.000000e-01 2.917127e-01 5.000000e-01 5.000000e-01 1.273539e+00 -0.644439 0.062664 0.142739 0.233634 0.142739 0.062664 0.644439 -0.075324 -0.143779 -0.206234 -0.143779 -0.075324 0.000000 
5.000000e-01 5.000000e-01 2.788065e-01 5.000000e-01 5.000000e-01 1.280598e+00 -0.657540 0.062800 0.145142 0.241656 0.145142 0.062800 0.657540 -0.074392 -0.146467 -0.215822 -0.146467 -0.074392 0.000000 
5.000000e-01 5.000000e-01 2.658685e-01 5.000000e-01 5.000000e-01 1.287627e+00 -0.670642 0.062844 0.147437 0.250079 0.147437 0.062844 0.670642 -0.073205 -0.149004 -0.226223 -0.149004 -0.073205 0.000000 
5.000000e-01 5.000000e-01 2.528989e-01 5.000000e-01 5.000000e-01 1.294627e+00 -0.683746 0.062822 0.149642 0.258817 0.149642 0.062822 0.683746 -0.071777 -0.151368 -0.237457 -0.151368 -0.071777 0.000000 
5.000000e-01 5.000000e-01 2.398981e-01 5.000000e-01 5.000000e-01 1.301597e+00 -0.696850 0.062746 0.151764 0.267830 0.151764 0.062746 0.696850 -0.070093 -0.153513 -0.249638 -0.153513 -0.070093 0.000000 
5.000000e-01 5.000000e-01 2.268661e-01 5.000000e-01 5.000000e-01 1.308536e+00 -0.709956 0.062592 0.153761 0.277250 0.153761 0.062592 0.709956 -0.068097 -0.155333 -0.263096 -0.155333 -0.068097 0.000000 
5.000000e-01 5.000000e-01 2.138032e-01 5.000000e-01 5.000000e-01 1.315444e+00 -0.723061 0.062356 0.155610 0.287130 0.155610 0.062356 0.723061 -0.065824 -0.156803 -0.277806 -0.156803 -0.065824 0.000000 
5.000000e-01 5.000000e-01 2.007095e-01 5.000000e-01 5.000000e-01 1.322322e+00 -0.736167 0.062066 0.157346 0.297343 0.157346 0.062066 0.736167 -0.063265 -0.157848 -0.293941 -0.157848 -0.063265 0.000000 
5.000000e-01 5.000000e-01 1.875852e-01 5.000000e-01 5.000000e-01 1.329167e+00 -0.749273 0.061710 0.158938 0.307978 0.158938 0.061710 0.749273 -0.060370 -0.158282 -0.311970 -0.158282 -0.060370 0.000000 
5.000000e-01 5.000000e-01 1.744301e-01 5.000000e-01 5.000000e-01 1.335981e+00 -0.762380 0.061262 0.160305 0.319246 0.160305 0.061262 0.762380 -0.057159 -0.158025 -0.332011 -0.158025 -0.057159 0.000000 
5.000000e-01 5.000000e-01 1.612443e-01 5.000000e-01 5.000000e-01 1.342762e+00 -0.775488 0.060763 0.161524 0.330914 0.161524 0.060763 0.775488 -0.053643 -0.156964 -0.354275 -0.156964 -0.053643 0.000000 
5.000000e-01 5.000000e-01 1.480275e-01 5.000000e-01 5.000000e-01 1.349511e+00 -0.788599 0.060207 0.162572 0.343041 0.162572 0.060207 0.788599 -0.049782 -0.154796 -0.379442 -0.154796 -0.049782 0.000000 
5.000000e-01 5.000000e-01 1.347794e-01 5.000000e-01 5.000000e-01 1.356226e+00 -0.801713 0.059554 0.163303 0.355997 0.163303 0.059554 0.801713 -0.045590 -0.151327 -0.407878 -0.151327 -0.045590 0.000000 
5.000000e-01 5.000000e-01 1.214992e-01 5.000000e-01 5.000000e-01 1.362908e+00 -0.814833 0.058857 0.163844 0.369429 0.163844 0.058857 0.814833 -0.041092 -0.146401 -0.439846 -0.146401 -0.041092 0.000000 
5.000000e-01 5.000000e-01 1.081859e-01 5.000000e-01 5.000000e-01 1.369556e+00 -0.827962 0.058110 0.164171 0.383400 0.164171 0.058110 0.827962 -0.036264 -0.139538 -0.476358 -0.139538 -0.036264 0.000000 
5.000000e-01 5.000000e-01 9.483826e-02 5.000000e-01 5.000000e-01 1.376170e+00 -0.841107 0.057272 0.164080 0.398404 0.164080 0.057272 0.841107 -0.031120 -0.130411 -0.518045 -0.130411 -0.031120 0.000000 
5.000000e-01 5.000000e-01 8.145425e-02 5.000000e-01 5.000000e-01 1.382749e+00 -0.854272 0.056397 0.163754 0.413969 0.163754 0.056397 0.854272 -0.025697 -0.118871 -0.565136 -0.118871 -0.025697 0.000000 
5.000000e-01 5.000000e-01 6.803164e-02 5.000000e-01 5.000000e-01 1.389293e+00 -0.867465 0.055478 0.163142 0.430225 0.163142 0.055478 0.867465 -0.019982 -0.104283 -0.618936 -0.104283 -0.019982 0.000000 
5.000000e-01 5.000000e-01 5.456816e-02 5.000000e-01 5.000000e-01 1.395801e+00 -0.880697 0.054483 0.162017 0.447699 0.162017 0.054483 0.880697 -0.014005 -0.086452 -0.679783 -0.086452 -0.014005 0.000000 
5.000000e-01 5.000000e-01 4.106196e-02 5.000000e-01 5.000000e-01 1.402274e+00 -0.893971 0.053463 0.160615 0.465816 0.160615 0.053463 0.893971 -0.007807 -0.065544 -0.747267 -0.065544 -0.007807 0.000000 
5.000000e-01 5.000000e-01 2.751285e-02 5.000000e-01 5.000000e-01 1.408711e+00 -0.907293 0.052399 0.158803 0.484888 0.158803 0.052399 0.907293 -0.001401 -0.041352 -0.821788 -0.041352 -0.001401 0.000000 
5.000000e-01 5.000000e-01 1.392326e-02 5.000000e-01 5.000000e-01 1.415111e+00 -0.920656 0.051278 0.156412 0.505277 0.156412 0.051278 0.920656 0.005154 -0.014721 -0.901523 -0.014721 0.005154 0.000000 
5.000000e-01 5.000000e-01 4.999928e-03 5.000000e-01 5.000000e-01 1.421475e+00 -0.930869 0.049560 0.153029 0.525691 0.153029 0.049560 0.930869 0.009238 0.003248 -0.955840 0.003248 0.009238 0.000000 
5.000000e-01 5.000000e-01 4.999928e-03 5.000000e-01 5.000000e-01 1.427801e+00 -0.935043 0.046686 0.147743 0.546185 0.147743 0.046686 0.935043 0.008479 0.002363 -0.956727 0.002363 0.008479 0.000000 
5.000000e-01 5.000000e-01 4.999928e-03 5.000000e-01 5.000000e-01 1.434091e+00 -0.939198 0.043767 0.141879 0.567907 0.141879 0.043767 0.939198 0.007723 0.001482 -0.957610 0.001482 0.007723 0.000000 
5.000000e-01 5.000000e-01 4.999928e-03 5.000000e-01 5.000000e-01 1.440343e+00 -0.943332 0.040828 0.135667 0.590343 0.135667 0.040828 0.943332 0.006972 0.000606 -0.958488 0.000606 0.006972 0.000000 
5.000000e-01 5.000000e-01 4.999928e-03 5.000000e-01 5.000000e-01 1.446558e+00 -0.947448 0.037822 0.128538 0.614727 0.128538 0.037822 0.947448 0.006223 -0.000266 -0.959363 -0.000266 0.006223 0.000000 
5.000000e-01 5.000000e-01 4.999928e-03 5.000000e-01 5.000000e-01 1.452735e+00 -0.951545 0.034799 0.120981 0.639986 0.120981 0.034799 0.951545 0.005478 -0.001134 -0.960233 -0.001134 0.005478 0.000000 
5.000000e-01 5.000000e-01 4.999928e-03 5.000000e-01 5.000000e-01 1.458874e+00 -0.955622 0.031748 0.112878 0.666368 0.112878 0.031748 0.955622 0.004737 -0.001998 -0.961099 -0.001998 0.004737 0.000000 
5.000000e-01 5.000000e-01 4.999928e-03 5.000000e-01 5.000000e-01 1.464975e+00 -0.959683 0.028657 0.103939 0.694491 0.103939 0.028657 0.959683 0.003998 -0.002859 -0.961962 -0.002859 0.003998 0.000000 
5.000000e-01 5.000000e-01 4.999928e-03 5.000000e-01 5.000000e-01 1.471038e+00 -0.963723 0.025560 0.094674 0.723257 0.094674 0.025560 0.963723 0.003263 -0.003715 -0.962820 -0.003715 0.003263 0.000000 
5.000000e-01 5.000000e-01 4.999928e-03 5.000000e-01 5.000000e-01 1.477062e+00 -0.967748 0.022428 0.084587 0.753719 0.084587 0.022428 0.967748 0.002531 -0.004568 -0.963675 -0.004568 0.002531 0.000000 
5.000000e-01 5.000000e-01 4.999928e-03 5.000000e-01 5.000000e-01 1.483046e+00 -0.971754 0.019289 0.074064 0.785048 0.074064 0.019289 0.971754 0.001803 -0.005416 -0.964526 -0.005416 0.001803 0.000000 
5.000000e-01 5.000000e-01 4.999928e-03 5.000000e-01 5.000000e-01 1.488992e+00 -0.975739 0.016143 0.063131 0.817191 0.063131 0.016143 0.975739 0.001078 -0.006261 -0.965373 -0.006261 0.001078 0.000000 
5.000000e-01 5.000000e-01 4.999928e-03 5.000000e-01 5.000000e-01 1.494897e+00 -0.979708 0.012983 0.051585 0.850571 0.051585 0.012983 0.979708 0.000356 -0.007102 -0.966216 -0.007102 0.000356 0.000000 
5.000000e-01 5.000000e-01 4.999928e-03 5.000000e-01 5.000000e-01 1.500760e+00 -0.983651 0.009834 0.039901 0.884183 0.039901 0.009834 0.983651 -0.000361 -0.007938 -0.967053 -0.007938 -0.000361 0.000000 
5.000000e-01 5.000000e-01 4.999928e-03 5.000000e-01 5.000000e-01 1.506582e+00 -0.987575 0.006681 0.027778 0.918658 0.027778 0.006681 0.987575 -0.001075 -0.008769 -0.967887 -0.008769 -0.001075 0.000000 
5.000000e-01 5.000000e-01 4.999928e-03 5.000000e-01 5.000000e-01 1.512374e+00 -0.991480 0.003537 0.015585 0.953235 0.015585 0.003537 0.991480 -0.001785 -0.009596 -0.968716 -0.009596 -0.001785 0.000000 
5.000000e-01 5.000000e-01 4.999928e-03 5.000000e-01 5.000000e-01 1.515111e+00 -0.993327 0.002048 0.009736 0.969761 0.009736 0.002048 0.993327 -0.002121 -0.009988 -0.969109 -0.009988 -0.002121 0.000000 
5.000000e-01 5.000000e-01 4.999928e-03 5.000000e-01 5.000000e-01 1.515111e+00 -0.993327 0.002048 0.009736 0.969761 0.009736 0.002048 0.993327 -0.002121 -0.009988 -0.969109 -0.009988 -0.002121 0.000000 
5.000000e-01 5.000000e-01 4.999928e-03 5.000000e-01 5.000000e-01 1.515111e+00 -0.993327 0.002048 0.009736 0.969761 0.009736 0.002048 0.993327 -0.002121 -0.009988 -0.969109 -0.009988 -0.002121 0.000000 
5.000000e-01 5.000000e-01 4.999928e-03 5.000000e-01 5.000000e-01 1.515111e+00 -0.993327 0.002048 0.009736 0.969761 0.009736 0.002048 0.993327 -0.002121 -0.009988 -0.969109 -0.009988 -0.002121 0.000000 
5.000000e-01 5.000000e-01 4.999928e-03 5.000000e-01 5.000000e-01 1.515111e+00 -0.993327 0.002048 0.009736 0.969761 0.009736 0.002048 0.993327 -0.002121 -0.009988 -0.969109 -0.009988 -0.002121 0.000000 
5.000000e-01 5.000000e-01 4.999928e-03 5.000000e-01 5.000000e-01 1.515111e+00 -0.993327 0.002048 0.009736 0.969761 0.009736 0.002048 0.993327 -0.002121 -0.009988 -0.969109 -0.009988 -0.002121 0.000000 
5.000000e-01 5.000000e-01 4.999928e-03 5.000000e-01 5.000000e-01 1.515111e+00 -0.993327 0.002048 0.009736 0.969761 0.009736 0.002048 0.993327 -0.002121 -0.009988 -0.969109 -0.009988 -0.002121 0.000000 
5.000000e-01 5.000000e-01 4.999928e-03 5.000000e-01 5.000000e-01 1.515111e+00 -0.993327 0.002048 0.009736 0.969761 0.009736 0.002048 0.993327 -0.002121 -0.009988 -0.969109 -0.009988 -0.002121 0.000000 
5.000000e-01 5.000000e-01 4.999928e-03 5.000000e-01 5.000000e-01 1.515111e+00 -0.993327 0.002048 0.009736 0.969761 0.009736 0.002048 0.993327 -0.002121 -0.009988 -0.969109 -0.009988 -0.002121 0.000000 
5.000000e-01 5.000000e-01 4.999928e-03 5.000000e-01 5.000000e-01 1.515111e+00 -0.993327 0.002048 0.009736 0.969761 0.009736 0.002048 0.993327 -0.002121 -0.009988 -0.969109 -0.009988 -0.002121 0.000000 
5.000000e-01 5.000000e-01 4.999928e-03 5.000000e-01 5.000000e-01 1.515111e+00 -0.993327 0.002048 0.009736 0.969761 0.009736 0.002048 0.993327 -0.002121 -0.009988 -0.969109 -0.009988 -0.002121 0.000000 
5.000000e-01 5.000000e-01 4.999928e-03 5.000000e-01 5.000000e-01 1.515111e+00 -0.993327 0.002048 0.009736 0.969761 0.009736 0.002048 0.993327 -0.002121 -0.009988 -0.969109 -0.009988 -0.002121 0.000000 
5.000000e-01 5.000000e-01 4.999928e-03 5.000000e-01 5.000000e-01 1.515111e+00 -0.993327 0.002048 0.009736 0.969761 0.009736 0.002048 0.993327 -0.002121 -0.009988 -0.969109 -0.009988 -0.002121 0.000000 
5.000000e-01 5.000000e-01 4.999928e-03 5.000000e-01 5.000000e-01 1.515111e+00 -0.993327 0.002048 0.009736 0.969761 0.009736 0.002048 0.993327 -0.002121 -0.009988 -0.969109 -0.009988 -0.002121 0.000000 
5.000000e-01 5.000000e-01 4.999928e-03 5.000000e-01 5.000000e-01 1.515111e+00 -0.993327 0.002048 0.009736 0.969761 0.009736 0.002048 0.993327 -0.002121 -0.009988 -0.969109 -0.009988 -0.002121 0.000000 
5.000000e-01 5.000000e-01 4.999928e-03 5.000000e-01 5.000000e-01 1.515111e+00 -0.993327 0.002048 0.009736 0.969761 0.009736 0.002048 0.993327 -0.002121 -0.009988 -0.969109 -0.009988 -0.002121 0.000000 
5.000000e-01 5.000000e-01 4.999928e-03 5.000000e-01 5.000000e-01 1.515111e+00 -0.993327 0.002048 0.009736 0.969761 0.009736 0.002048 0.993327 -0.002121 -0.009988 -0.969109 -0.009988 -0.002121 0.000000 
5.000000e-01 5.000000e-01 4.999928e-03 5.000000e-01 5.000000e-01 1.515111e+00 -0.993327 0.002048 0.009736 0.969761 0.009736 0.002048 0.993327 -0.002121 -0.009988 -0.969109 -0.009988 -0.002121 0.000000 
5.000000e-01 5.000000e-01 4.999928e-03 5.000000e-01 5.000000e-01 1.515111e+00 -0.993327 0.002048 0.009736 0.969761 0.009736 0.002048 0.993327 -0.002121 -0.009988 -0.969109 -0.009988 -0.002121 0.000000 
5.000000e-01 5.000000e-01 4.999928e-03 5.000000e-01 5.000000e-01 1.515111e+00 -0.993327 0.002048 0.009736 0.969761 0.009736 0.002048 0.993327 -0.002121 -0.009988 -0.969109 -0.009988 -0.002121 0.000000 
5.000000e-01 5.000000e-01 4.999928e-03 5.000000e-01 5.000000e-01 1.515111e+00 -0.993327 0.002048 0.009736 0.969761 0.009736 0.002048 0.993327 -0.002121 -0.009988 -0.969109 -0.009988 -0.002121 0.000000 
5.000000e-01 5.000000e-01 4.999928e-03 5.000000e-01 5.000000e-01 1.515111e+00 -0.993327 0.002048 0.009736 0.969761 0.009736 0.002048 0.993327 -0.002121 -0.009988 -0.969109 -0.009988 -0.002121 0.000000 
5.000000e-01 5.000000e-01 4.999928e-03 5.000000e-01 5.000000e-01 1.515111e+00 -0.993327 0.002048 0.009736 0.969761 0.009736 0.002048 0.993327 -0.002121 -0.009988 -0.969109 -0.009988 -0.002121 0.000000 
5.000000e-01 5.000000e-01 4.999928e-03 5.000000e-01 5.000000e-01 1.515111e+00 -0.993327 0.002048 0.009736 0.969761 0.009736 0.002048 0.993327 -0.002121 -0.009988 -0.969109 -0.009988 -0.002121 0.000000 
5.000000e-01 5.000000e-01 4.999928e-03 5.000000e-01 5.000000e-01 1.515111e+00 -0.993327 0.002048 0.009736 0.969761 0.009736 0.002048 0.993327 -0.002121 -0.009988 -0.969109 -0.009988 -0.002121 0.000000 
5.000000e-01 5.000000e-01 4.999928e-03 5.000000e-01 5.000000e-01 1.515111e+00 -0.993327 0.002048 0.009736 0.969761 0.009736 0.002048 0.993327 -0.002121 -0.009988 -0.969109 -0.009988 -0.002121 0.000000 
5.000000e-01 5.000000e-01 4.999928e-03 5.000000e-01 5.000000e-01 1.515111e+00 -0.993327 0.002048 0.009736 0.969761 0.009736 0.002048 0.993327 -0.002121 -0.009988 -0.969109 -0.009988 -0.002121 0.000000 
5.000000e-01 5.000000e-01 4.999928e-03 5.000000e-01 5.000000e-01 1.515111e+00 -0.993327 0.002048 0.009736 0.969761 0.009736 0.002048 0.993327 -0.002121 -0.009988 -0.969109 -0.009988 -0.002121 0.000000 
5.000000e-01 5.000000e-01 4.999928e-03 5.000000e-01 5.000000e-01 1.515111e+00 -0.993327 0.002048 0.009736 0.969761 0.009736 0.002048 0.993327 -0.002121 -0.009988 -0.969109 -0.009988 -0.002121 0.000000 
5.000000e-01 5.000000e-01 4.999928e-03 5.000000e-01 5.000000e-01 1.515111e+00 -0.993327 0.002048 0.009736 0.969761 0.009736 0.002048 0.993327 -0.002121 -0.009988 -0.969109 -0.009988 -0.002121 0.000000 
5.000000e-01 5.000000e-01 4.999928e-03 5.000000e-01 5.000000e-01 1.515111e+00 -0.993327 0.002048 0.009736 0.969761 0.009736 0.002048 0.993327 -0.002121 -0.009988 -0.969109 -0.009988 -0.002121 0.000000 
5.000000e-01 5.000000e-01 4.999928e-03 5.000000e-01 5.000000e-01 1.515111e+00 -0.993327 0.002048 0.009736 0.969761 0.009736 0.002048 0.993327 -0.002121 -0.009988 -0.969109 -0.009988 -0.002121 0.000000 
5.000000e-01 5.000000e-01 4.999928e-03 5.000000e-01 5.000000e-01 1.515111e+00 -0.993327 0.002048 0.009736 0.969761 0.009736 0.002048 0.993327 -0.002121 -0.009988 -0.969109 -0.009988 -0.002121 0.000000 
5.000000e-01 5.000000e-01 4.999928e-03 5.000000e-01 5.000000e-01 1.515111e+00 -0.993327 0.002048 0.009736 0.969761 0.009736 0.002048 0.993327 -0.002121 -0.009988 -0.969109 -0.009988 -0.002121 0.000000 
5.000000e-01 5.000000e-01 4.999928e-03 5.000000e-01 5.000000e-01 1.515111e+00 -0.993327 0.002048 0.009736 0.969761 0.009736 0.002048 0.993327 -0.002121 -0.009988 -0.969109 -0.009988 -0.002121 0.000000 
5.000000e-01 5.000000e-01 4.999928e-03 5.000000e-01 5.000000e-01 1.515111e+00 -0.993327 0.002048 0.009736 0.969761 0.009736 0.002048 0.993327 -0.002121 -0.009988 -0.969109 -0.009988 -0.002121 0.000000 
5.000000e-01 5.000000e-01 4.999928e-03 5.000000e-01 5.000000e-01 1.515111e+00 -0.993327 0.002048 0.009736 0.969761 0.009736 0.002048 0.993327 -0.002121 -0.009988 -0.969109 -0.009988 -0.002121 0.000000 
5.000000e-01 5.000000e-01 4.999928e-03 5.000000e-01 5.000000e-01 1.515111e+00 -0.993327 0.002048 0.009736 0.969761 0.009736 0.002048 0.993327 -0.002121 -0.009988 -0.969109 -0.009988 -0.002121 0.000000 
5.000000e-01 5.000000e-01 4.999928e-03 5.000000e-01 5.000000e-01 1.515111e+00 -0.993327 0.002048 0.009736 0.969761 0.009736 0.002048 0.993327 -0.002121 -0.009988 -0.969109 -0.009988 -0.002121 0.000000 
5.000000e-01 5.000000e-01 4.999928e-03 5.000000e-01 5.000000e-01 1.515111e+00 -0.993327 0.002048 0.009736 0.969761 0.009736 0.002048 0.993327 -0.002121 -0.009988 -0.969109 -0.009988 -0.002121 0.000000 
5.000000e-01 5.000000e-01 4.999928e-03 5.000000e-01 5.000000e-01 1.515111e+00 -0.993327 0.002048 0.009736 0.969761 0.009736 0.002048 0.993327 -0.002121 -0.009988 -0.969109 -0.009988 -0.002121 0.000000 
5.000000e-01 5.000000e-01 4.999928e-03 5.000000e-01 5.000000e-01 1.515111e+00 -0.993327 0.002048 0.009736 0.969761 0.009736 0.002048 0.993327 -0.002121 -0.009988 -0.969109 -0.009988 -0.002121 0.000000 
5.000000e-01 5.000000e-01 4.999928e-03 5.000000e-01 5.000000e-01 1.515111e+00 -0.993327 0.002048 0.009736 0.969761 0.009736 0.002048 0.993327 -0.002121 -0.009988 -0.969109 -0.009988 -0.002121 0.000000 
5.000000e-01 5.000000e-01 4.999928e-03 5.000000e-01 5.000000e-01 1.515111e+00 -0.993327 0.002048 0.009736 0.969761 0.009736 0.002048 0.993327 -0.002121 -0.009988 -0.969109 -0.009988 -0.002121 0.000000 
5.000000e-01 5.000000e-01 4.999928e-03 5.000000e-01 5.000000e-01 1.515111e+00 -0.993327 0.002048 0.009736 0.969761 0.009736 0.002048 0.993327 -0.002121 -0.009988 -0.969109 -0.009988 -0.002121 0.000000 
5.000000e-01 5.000000e-01 4.999928e-03 5.000000e-01 5.000000e-01 1.515111e+00 -0.993327 0.002048 0.009736 0.969761 0.009736 0.002048 0.993327 -0.002121 -0.009988 -0.969109 -0.009988 -0.002121 0.000000 
5.000000e-01 5.000000e-01 4.999928e-03 5.000000e-01 5.000000e-01 1.515111e+00 -0.993327 0.002048 0.009736 0.969761 0.009736 0.002048 0.993327 -0.002121 -0.009988 -0.969109 -0.009988 -0.002121 0.000000 
5.000000e-01 5.000000e-01 4.999928e-03 5.000000e-01 5.000000e-01 1.515111e+00 -0.993327 0.002048 0.009736 0.969761 0.009736 0.002048 0.993327 -0.002121 -0.009988 -0.969109 -0.009988 -0.002121 0.000000 
5.000000e-01 5.000000e-01 4.999928e-03 5.000000e-01 5.000000e-01 1.515111e+00 -0.993327 0.002048 0.009736 0.969761 0.009736 0.002048 0.993327 -0.002121 -0.009988 -0.969109 -0.009988 -0.002121 0.000000 
5.000000e-01 5.000000e-01 4.999928e-03 5.000000e-01 5.000000e-01 1.515111e+00 -0.993327 0.002048 0.009736 0.969761 0.009736 0.002048 0.993327 -0.002121 -0.009988 -0.969109 -0.009988 -0.002121 0.000000 
5.000000e-01 5.000000e-01 4.999928e-03 5.000000e-01 5.000000e-01 1.515111e+00 -0.993327 0.002048 0.009736 0.969761 0.009736 0.002048 0.993327 -0.002121 -0.009988 -0.969109 -0.009988 -0.002121 0.000000 
5.000000e-01 5.000000e-01 4.999928e-03 5.000000e-01 5.000000e-01 1.515111e+00 -0.993327 0.002048 0.009736 0.969761 0.009736 0.002048 0.993327 -0.002121 -0.009988 -0.969109 -0.009988 -0.002121 0.000000 
5.000000e-01 5.000000e-01 4.999928e-03 5.000000e-01 5.000000e-01 1.515111e+00 -0.993327 0.002048 0.009736 0.969761 0.009736 0.002048 0.993327 -0.002121 -0.009988 -0.969109 -0.009988 -0.002121 0.000000 
5.000000e-01 5.000000e-01 4.999928e-03 5.000000e-01 5.000000e-01 1.515111e+00 -0.993327 0.002048 0.009736 0.969761 0.009736 0.002048 0.993327 -0.002121 -0.009988 -0.969109 -0.009988 -0.002121 0.000000 
5.000000e-01 5.000000e-01 4.999928e-03 5.000000e-01 5.000000e-01 1.515111e+00 -0.993327 0.002048 0.009736 0.969761 0.009736 0.002048 0.993327 -0.002121 -0.009988 -0.969109 -0.009988 -0.002121 0.000000 
5.000000e-01 5.000000e-01 4.999928e-03 5.000000e-01 5.000000e-01 1.515111e+00 -0.993327 0.002048 0.009736 0.969761 0.009736 0.002048 0.993327 -0.002121 -0.009988 -0.969109 -0.009988 -0.002121 0.000000 
5.000000e-01 5.000000e-01 4.999928e-03 5.000000e-01 5.000000e-01 1.515111e+00 -0.993327 0.002048 0.009736 0.969761 0.009736 0.002048 0.993327 -0.002121 -0.009988 -0.969109 -0.009988 -0.002121 0.000000 
5.000000e-01 5.000000e-01 4.999928e-03 5.000000e-01 5.000000e-01 1.515111e+00 -0.993327 0.002048 0.009736 0.969761 0.009736 0.002048 0.993327 -0.002121 -0.009988 -0.969109 -0.009988 -0.002121 0.000000 
5.000000e-01 5.000000e-01 4.999928e-03 5.000000e-01 5.000000e-01 1.515111e+00 -0.993327 0.002048 0.009736 0.969761 0.009736 0.002048 0.993327 -0.002121 -0.009988 -0.969109 -0.009988 -0.002121 0.000000 
5.000000e-01 5.000000e-01 4.999928e-03 5.000000e-01 5.000000e-01 1.515111e+00 -0.993327 0.002048 0.009736 0.969761 0.009736 0.002048 0.993327 -0.002121 -0.009988 -0.969109 -0.009988 -0.002121 0.000000 
5.000000e-01 5.000000e-01 4.999928e-03 5.000000e-01 5.000000e-01 1.515111e+00 -0.993327 0.002048 0.009736 0.969761 0.009736 0.002048 0.993327 -0.002121 -0.009988 -0.969109 -0.009988 -0.002121 0.000000 
5.000000e-01 5.000000e-01 4.999928e-03 5.000000e-01 5.000000e-01 1.515111e+00 -0.993327 0.002048 0.009736 0.969761 0.009736 0.002048 0.993327 -0.002121 -0.009988 -0.969109 -0.009988 -0.002121 0.000000 
5.000000e-01 5.000000e-01 4.999928e-03 5.000000e-01 5.000000e-01 1.515111e+00 -0.993327 0.002048 0.009736 0.969761 0.009736 0.002048 0.993327 -0.002121 -0.009988 -0.969109 -0.009988 -0.002121 0.000000 
5.000000e-01 5.000000e-01 4.999928e-03 5.000000e-01 5.000000e-01 1.515111e+00 -0.993327 0.002048 0.009736 0.969761 0.009736 0.002048 0.993327 -0.002121 -0.009988 -0.969109 -0.009988 -0.002121 0.000000 
5.000000e-01 5.000000e-01 4.999928e-03 5.000000e-01 5.000000e-01 1.515111e+00 -0.993327 0.002048 0.009736 0.969761 0.009736 0.002048 0.993327 -0.002121 -0.009988 -0.969109 -0.009988 -0.002121 0.000000 
5.000000e-01 5.000000e-01 4.999928e-03 5.000000e-01 5.000000e-01 1.515111e+00 -0.993327 0.002048 0.009736 0.969761 0.009736 0.002048 0.993327 -0.002121 -0.009988 -0.969109 -0.009988 -0.002121 0.000000 
5.000000e-01 5.000000e-01 4.999928e-03 5.000000e-01 5.000000e-01 1.515111e+00 -0.993327 0.002048 0.009736 0.969761 0.009736 0.002048 0.993327 -0.002121 -0.009988 -0.969109 -0.009988 -0.002121 0.000000 
5.000000e-01 5.000000e-01 4.999928e-03 5.000000e-01 5.000000e-01 1.515111e+00 -0.993327 0.002048 0.009736 0.969761 0.009736 0.002048 0.993327 -0.002121 -0.009988 -0.969109 -0.009988 -0.002121 0.000000 
5.000000e-01 5.000000e-01 4.999928e-03 5.000000e-01 5.000000e-01 1.515111e+00 -0.993327 0.002048 0.009736 0.969761 0.009736 0.002048 0.993327 -0.002121 -0.009988 -0.969109 -0.009988 -0.002121 0.000000 
5.000000e-01 5.000000e-01 4.999928e-03 5.000000e-01 5.000000e-01 1.515111e+00 -0.993327 0.002048 0.009736 0.969761 0.009736 0.002048 0.993327 -0.002121 -0.009988 -0.969109 -0.009988 -0.002121 0.000000 
5.000000e-01 5.000000e-01 4.999928e-03 5.000000e-01 5.000000e-01 1.515111e+00 -0.993327 0.002048 0.009736 0.969761 0.009736 0.002048 0.993327 -0.002121 -0.009988 -0.969109 -0.009988 -0.002121 0.000000 
5.000000e-01 5.000000e-01 4.999928e-03 5.000000e-01 5.000000e-01 1.515111e+00 -0.993327 0.002048 0.009736 0.969761 0.009736 0.002048 0.993327 -0.002121 -0.009988 -0.969109 -0.009988 -0.002121 0.000000 
5.000000e-01 5.000000e-01 4.999928e-03 5.000000e-01 5.000000e-01 1.515111e+00 -0.993327 0.002048 0.009736 0.969761 0.009736 0.002048 0.993327 -0.002121 -0.009988 -0.969109 -0.009988 -0.002121 0.000000 
5.000000e-01 5.000000e-01 4.999928e-03 5.000000e-01 5.000000e-01 1.515111e+00 -0.993327 0.002048 0.009736 0.969761 0.009736 0.002048 0.993327 -0.002121 -0.009988 -0.969109 -0.009988 -0.002121 0.000000 
5.000000e-01 5.000000e-01 4.999928e-03 5.000000e-01 5.000000e-01 1.515111e+00 -0.993327 0.002048 0.009736 0.969761 0.009736 0.002048 0.993327 -0.002121 -0.009988 -0.969109 -0.009988 -0.002121 0.000000 
5.000000e-01 5.000000e-01 4.999928e-03 5.000000e-01 5.000000e-01 1.515111e+00 -0.993327 0.002048 0.009736 0.969761 0.009736 0.002048 0.993327 -0.002121 -0.009988 -0.969109 -0.009988 -0.002121 0.000000 
5.000000e-01 5.000000e-01 4.999928e-03 5.000000e-01 5.000000e-01 1.515111e+00 -0.993327 0.002048 0.009736 0.969761 0.009736 0.002048 0.993327 -0.002121 -0.009988 -0.969109 -0.009988 -0.002121 0.000000 
5.000000e-01 5.000000e-01 4.999928e-03 5.000000e-01 5.000000e-01 1.515111e+00 -0.993327 0.002048 0.009736 0.969761 0.009736 0.002048 0.993327 -0.002121 -0.009988 -0.969109 -0.009988 -0.002121 0.000000 
5.000000e-01 5.000000e-01 4.999928e-03 5.000000e-01 5.000000e-01 1.515111e+00 -0.993327 0.002048 0.009736 0.969761 0.009736 0.002048 0.993327 -0.002121 -0.009988 -0.969109 -0.009988 -0.002121 0.000000 
5.000000e-01 5.000000e-01 4.999928e-03 5.000000e-01 5.000000e-01 1.515111e+00 -0.993327 0.002048 0.009736 0.969761 0.009736 0.002048 0.993327 -0.002121 -0.009988 -0.969109 -0.009988 -0.002121 0.000000 
5.000000e-01 5.000000e-01 4.999928e-03 5.000000e-01 5.000000e-01 1.515111e+00 -0.993327 0.002048 0.009736 0.969761 0.009736 0.002048 0.993327 -0.002121 -0.009988 -0.969109 -0.009988 -0.002121 0.000000 
5.000000e-01 5.000000e-01 4.999928e-03 5.000000e-01 5.000000e-01 1.515111e+00 -0.993327 0.002048 0.009736 0.969761 0.009736 0.002048 0.993327 -0.002121 -0.009988 -0.969109 -0.009988 -0.002121 0.000000 
5.000000e-01 5.000000e-01 4.999928e-03 5.000000e-01 5.000000e-01 1.515111e+00 -0.993327 0.002048 0.009736 0.969761 0.009736 0.002048 0.993327 -0.002121 -0.009988 -0.969109 -0.009988 -0.002121 0.000000 
5.000000e-01 5.000000e-01 4.999928e-03 5.000000e-01 5.000000e-01 1.515111e+00 -0.993327 0.002048 0.009736 0.969761 0.009736 0.002048 0.993327 -0.002121 -0.009988 -0.969109 -0.009988 -0.002121 0.000000 
5.000000e-01 5.000000e-01 4.999928e-03 5.000000e-01 5.000000e-01 1.515111e+00 -0.993327 0.002048 0.009736 0.969761 0.009736 0.002048 0.993327 -0.002121 -0.009988 -0.969109 -0.009988 -0.002121 0.000000 
5.000000e-01 5.000000e-01 4.999928e-03 5.000000e-01 5.000000e-01 1.515111e+00 -0.993327 0.002048 0.009736 0.969761 0.009736 0.002048 0.993327 -0.002121 -0.009988 -0.969109 -0.009988 -0.002121 0.000000 
5.000000e-01 5.000000e-01 4.999928e-03 5.000000e-01 5.000000e-01 1.515111e+00 -0.993327 0.002048 0.009736 0.969761 0.009736 0.002048 0.993327 -0.002121 -0.009988 -0.969109 -0.009988 -0.002121 0.000000 
5.000000e-01 5.000000e-01 4.999928e-03 5.000000e-01 5.000000e-01 1.515111e+00 -0.993327 0.002048 0.009736 0.969761 0.009736 0.002048 0.993327 -0.002121 -0.009988 -0.969109 -0.009988 -0.002121 0.000000 
5.000000e-01 5.000000e-01 4.999928e-03 5.000000e-01 5.000000e-01 1.515111e+00 -0.993327 0.002048 0.009736 0.969761 0.009736 0.002048 0.993327 -0.002121 -0.009988 -0.969109 -0.009988 -0.002121 0.000000 
5.000000e-01 5.000000e-01 4.999928e-03 5.000000e-01 5.000000e-01 1.515111e+00 -0.993327 0.002048 0.009736 0.969761 0.009736 0.002048 0.993327 -0.002121 -0.009988 -0.969109 -0.009988 -0.002121 0.000000 
5.000000e-01 5.000000e-01 4.999928e-03 5.000000e-01 5.000000e-01 1.515111e+00 -0.993327 0.002048 0.009736 0.969761 0.009736 0.002048 0.993327 -0.002121 -0.009988 -0.969109 -0.009988 -0.002121 0.000000 
5.000000e-01 5.000000e-01 4.999928e-03 5.000000e-01 5.000000e-01 1.515111e+00 -0.993327 0.002048 0.009736 0.969761 0.009736 0.002048 0.993327 -0.002121 -0.009988 -0.969109 -0.009988 -0.002121 0.000000 
5.000000e-01 5.000000e-01 4.999928e-03 5.000000e-01 5.000000e-01 1.515111e+00 -0.993327 0.002048 0.009736 0.969761 0.009736 0.002048 0.993327 -0.002121 -0.009988 -0.969109 -0.009988 -0.002121 0.000000 
5.000000e-01 5.000000e-01 4.999928e-03 5.000000e-01 5.000000e-01 1.515111e+00 -0.993327 0.002048 0.009736 0.969761 0.009736 0.002048 0.993327 -0.002121 -0.009988 -0.969109 -0.009988 -0.002121 0.000000 
5.000000e-01 5.000000e-01 4.999928e-03 5.000000e-01 5.000000e-01 1.515111e+00 -0.993327 0.002048 0.009736 0.969761 0.009736 0.002048 0.993327 -0.002121 -0.009988 -0.969109 -0.009988 -0.002121 0.000000 
5.000000e-01 5.000000e-01 4.999928e-03 5.000000e-01 5.000000e-01 1.515111e+00 -0.993327 0.002048 0.009736 0.969761 0.009736 0.002048 0.993327 -0.002121 -0.009988 -0.969109 -0.009988 -0.002121 0.000000 
5.000000e-01 5.000000e-01 4.999928e-03 5.000000e-01 5.000000e-01 1.515111e+00 -0.993327 0.002048 0.009736 0.969761 0.009736 0.002048 0.993327 -0.002121 -0.009988 -0.969109 -0.009988 -0.002121 0.000000 
5.000000e-01 5.000000e-01 4.999928e-03 5.000000e-01 5.000000e-01 1.515111e+00 -0.993327 0.002048 0.009736 0.969761 0.009736 0.002048 0.993327 -0.002121 -0.009988 -0.969109 -0.009988 -0.002121 0.000000 
5.000000e-01 5.000000e-01 4.999928e-03 5.000000e-01 5.000000e-01 1.515111e+00 -0.993327 0.002048 0.009736 0.969761 0.009736 0.002048 0.993327 -0.002121 -0.009988 -0.969109 -0.009988 -0.002121 0.000000 
5.000000e-01 5.000000e-01 4.999928e-03 5.000000e-01 5.000000e-01 1.515111e+00 -0.993327 0.002048 0.009736 0.969761 0.009736 0.002048 0.993327 -0.002121 -0.009988 -0.969109 -0.009988 -0.002121 0.000000 
5.000000e-01 5.000000e-01 4.999928e-03 5.000000e-01 5.000000e-01 1.515111e+00 -0.993327 0.002048 0.009736 0.969761 0.009736 0.002048 0.993327 -0.002121 -0.009988 -0.969109 -0.009988 -0.002121 0.000000 
5.000000e-01 5.000000e-01 4.999928e-03 5.000000e-01 5.000000e-01 1.515111e+00 -0.993327 0.002048 0.009736 0.969761 0.009736 0.002048 0.993327 -0.002121 -0.009988 -0.969109 -0.009988 -0.002121 0.000000 
5.000000e-01 5.000000e-01 4.999928e-03 5.000000e-01 5.000000e-01 1.515111e+00 -0.993327 0.002048 0.009736 0.969761 0.009736 0.002048 0.993327 -0.002121 -0.009988 -0.969109 -0.009988 -0.002121 0.000000 
5.000000e-01 5.000000e-01 4.999928e-03 5.000000e-01 5.000000e-01 1.515111e+00 -0.993327 0.002048 0.009736 0.969761 0.009736 0.002048 0.993327 -0.002121 -0.009988 -0.969109 -0.009988 -0.002121 0.000000 
5.000000e-01 5.000000e-01 4.999928e-03 5.000000e-01 5.000000e-01 1.515111e+00 -0.993327 0.002048 0.009736 0.969761 0.009736 0.002048 0.993327 -0.002121 -0.009988 -0.969109 -0.009988 -0.002121 0.000000 
5.000000e-01 5.000000e-01 4.999928e-03 5.000000e-01 5.000000e-01 1.515111e+00 -0.993327 0.002048 0.009736 0.969761 0.009736 0.002048 0.993327 -0.002121 -0.009988 -0.969109 -0.009988 -0.002121 0.000000 
5.000000e-01 5.000000e-01 4.999928e-03 5.000000e-01 5.000000e-01 1.515111e+00 -0.993327 0.002048 0.009736 0.969761 0.009736 0.002048 0.993327 -0.002121 -0.009988 -0.969109 -0.009988 -0.002121 0.000000 
5.000000e-01 5.000000e-01 4.999928e-03 5.000000e-01 5.000000e-01 1.515111e+00 -0.993327 0.002048 0.009736 0.969761 0.009736 0.002048 0.993327 -0.002121 -0.009988 -0.969109 -0.009988 -0.002121 0.000000 
5.000000e-01 5.000000e-01 4.999928e-03 5.000000e-01 5.000000e-01 1.515111e+00 -0.993327 0.002048 0.009736 0.969761 0.009736 0.002048 0.993327 -0.002121 -0.009988 -0.969109 -0.009988 -0.002121 0.000000 
5.000000e-01 5.000000e-01 4.999928e-03 5.000000e-01 5.000000e-01 1.515111e+00 -0.993327 0.002048 0.009736 0.969761 0.009736 0.002048 0.993327 -0.002121 -0.009988 -0.969109 -0.009988 -0.002121 0.000000 
5.000000e-01 5.000000e-01 4.999928e-03 5.000000e-01 5.000000e-01 1.515111e+00 -0.993327 0.002048 0.009736 0.969761 0.009736 0.002048 0.993327 -0.002121 -0.009988 -0.969109 -0.009988 -0.002121 0.000000 
5.000000e-01 5.000000e-01 4.999928e-03 5.000000e-01 5.000000e-01 1.515111e+00 -0.993327 0.002048 0.009736 0.969761 0.009736 0.002048 0.993327 -0.002121 -0.009988 -0.969109 -0.009988 -0.002121 0.000000 
5.000000e-01 5.000000e-01 4.999928e-03 5.000000e-01 5.000000e-01 1.515111e+00 -0.993327 0.002048 0.009736 0.969761 0.009736 0.002048 0.993327 -0.002121 -0.009988 -0.969109 -0.009988 -0.002121 0.000000 
5.000000e-01 5.000000e-01 4.999928e-03 5.000000e-01 5.000000e-01 1.515111e+00 -0.993327 0.002048 0.009736 0.969761 0.009736 0.002048 0.993327 -0.002121 -0.009988 -0.969109 -0.009988 -0.002121 0.000000 
5.000000e-01 5.000000e-01 4.999928e-03 5.000000e-01 5.000000e-01 1.515111e+00 -0.993327 0.002048 0.009736 0.969761 0.009736 0.002048 0.993327 -0.002121 -0.009988 -0.969109 -0.009988 -0.002121 0.000000 
5.000000e-01 5.000000e-01 4.999928e-03 5.000000e-01 5.000000e-01 1.515111e+00 -0.993327 0.002048 0.009736 0.969761 0.009736 0.002048 0.993327 -0.002121 -0.009988 -0.969109 -0.009988 -0.002121 0.000000 
5.000000e-01 5.000000e-01 4.999928e-03 5.000000e-01 5.000000e-01 1.515111e+00 -0.993327 0.002048 0.009736 0.969761 0.009736 0.002048 0.993327 -0.002121 -0.009988 -0.969109 -0.009988 -0.002121 0.000000 
5.000000e-01 5.000000e-01 4.999928e-03 5.000000e-01 5.000000e-01 1.515111e+00 -0.993327 0.002048 0.009736 0.969761 0.009736 0.002048 0.993327 -0.002121 -0.009988 -0.969109 -0.009988 -0.002121 0.000000 
5.000000e-01 5.000000e-01 4.999928e-03 5.000000e-01 5.000000e-01 1.515111e+00 -0.993327 0.002048 0.009736 0.969761 0.009736 0.002048 0.993327 -0.002121 -0.009988 -0.969109 -0.009988 -0.002121 0.000000 
5.000000e-01 5.000000e-01 4.999928e-03 5.000000e-01 5.000000e-01 1.515111e+00 -0.993327 0.002048 0.009736 0.969761 0.009736 0.002048 0.993327 -0.002121 -0.009988 -0.969109 -0.009988 -0.002121 0.000000 
5.000000e-01 5.000000e-01 4.999928e-03 5.000000e-01 5.000000e-01 1.515111e+00 -0.993327 0.002048 0.009736 0.969761 0.009736 0.002048 0.993327 -0.002121 -0.009988 -0.969109 -0.009988 -0.002121 0.000000 
5.000000e-01 5.000000e-01 4.999928e-03 5.000000e-01 5.000000e-01 1.515111e+00 -0.993327 0.002048 0.009736 0.969761 0.009736 0.002048 0.993327 -0.002121 -0.009988 -0.969109 -0.009988 -0.002121 0.000000 
5.000000e-01 5.000000e-01 4.999928e-03 5.000000e-01 5.000000e-01 1.515111e+00 -0.993327 0.002048 0.009736 0.969761 0.009736 0.002048 0.993327 -0.002121 -0.009988 -0.969109 -0.009988 -0.002121 0.000000 
5.000000e-01 5.000000e-01 4.999928e-03 5.000000e-01 5.000000e-01 1.515111e+00 -0.993327 0.002048 0.009736 0.969761 0.009736 0.002048 0.993327 -0.002121 -0.009988 -0.969109 -0.009988 -0.002121 0.000000 
5.000000e-01 5.000000e-01 4.999928e-03 5.000000e-01 5.000000e-01 1.515111e+00 -0.993327 0.002048 0.009736 0.969761 0.009736 0.002048 0.993327 -0.002121 -0.009988 -0.969109 -0.009988 -0.002121 0.000000 
5.000000e-01 5.000000e-01 4.999928e-03 5.000000e-01 5.000000e-01 1.515111e+00 -0.993327 0.002048 0.009736 0.969761 0.009736 0.002048 0.993327 -0.002121 -0.009988 -0.969109 -0.009988 -0.002121 0.000000 
5.000000e-01 5.000000e-01 4.999928e-03 5.000000e-01 5.000000e-01 1.515111e+00 -0.993327 0.002048 0.009736 0.969761 0.009736 0.002048 0.993327 -0.002121 -0.009988 -0.969109 -0.009988 -0.002121 0.000000 
5.000000e-01 5.000000e-01 4.999928e-03 5.000000e-01 5.000000e-01 1.515111e+00 -0.993327 0.002048 0.009736 0.969761 0.009736 0.002048 0.993327 -0.002121 -0.009988 -0.969109 -0.009988 -0.002121 0.000000 
5.000000e-01 5.000000e-01 4.999928e-03 5.000000e-01 5.000000e-01 1.515111e+00 -0.993327 0.002048 0.009736 0.969761 0.009736 0.002048 0.993327 -0.002121 -0.009988 -0.969109 -0.009988 -0.002121 0.000000 
5.000000e-01 5.000000e-01 4.999928e-03 5.000000e-01 5.000000e-01 1.515111e+00 -0.993327 0.002048 0.009736 0.969761 0.009736 0.002048 0.993327 -0.002121 -0.009988 -0.969109 -0.009988 -0.002121 0.000000 
5.000000e-01 5.000000e-01 4.999928e-03 5.000000e-01 5.000000e-01 1.515111e+00 -0.993327 0.002048 0.009736 0.969761 0.009736 0.002048 0.993327 -0.002121 -0.009988 -0.969109 -0.009988 -0.002121 0.000000 
5.000000e-01 5.000000e-01 4.999928e-03 5.000000e-01 5.000000e-01 1.515111e+00 -0.993327 0.002048 0.009736 0.969761 0.009736 0.002048 0.993327 -0.002121 -0.009988 -0.969109 -0.009988 -0.002121 0.000000 
5.000000e-01 5.000000e-01 4.999928e-03 5.000000e-01 5.000000e-01 1.515111e+00 -0.993327 0.002048 0.009736 0.969761 0.009736 0.002048 0.993327 -0.002121 -0.009988 -0.969109 -0.009988 -0.002121 0.000000 
5.000000e-01 5.000000e-01 4.999928e-03 5.000000e-01 5.000000e-01 1.515111e+00 -0.993327 0.002048 0.009736 0.969761 0.009736 0.002048 0.993327 -0.002121 -0.009988 -0.969109 -0.009988 -0.002121 0.000000 
5.000000e-01 5.000000e-01 4.999928e-03 5.000000e-01 5.000000e-01 1.515111e+00 -0.993327 0.002048 0.009736 0.969761 0.009736 0.002048 0.993327 -0.002121 -0.009988 -0.969109 -0.009988 -0.002121 0.000000 
5.000000e-01 5.000000e-01 4.999928e-03 5.000000e-01 5.000000e-01 1.515111e+00 -0.993327 0.002048 0.009736 0.969761 0.009736 0.002048 0.993327 -0.002121 -0.009988 -0.969109 -0.009988 -0.002121 0.000000 
5.000000e-01 5.000000e-01 4.999928e-03 5.000000e-01 5.000000e-01 1.515111e+00 -0.993327 0.002048 0.009736 0.969761 0.009736 0.002048 0.993327 -0.002121 -0.009988 -0.969109 -0.009988 -0.002121 0.000000 
5.000000e-01 5.000000e-01 4.999928e-03 5.000000e-01 5.000000e-01 1.515111e+00 -0.993327 0.002048 0.009736 0.969761 0.009736 0.002048 0.993327 -0.002121 -0.009988 -0.969109 -0.009988 -0.002121 0.000000 
5.000000e-01 5.000000e-01 4.999928e-03 5.000000e-01 5.000000e-01 1.515111e+00 -0.993327 0.002048 0.009736 0.969761 0.009736 0.002048 0.993327 -0.002121 -0.009988 -0.969109 -0.009988 -0.002121 0.000000 
5.000000e-01 5.000000e-01 4.999928e-03 5.000000e-01 5.000000e-01 1.515111e+00 -0.993327 0.002048 0.009736 0.969761 0.009736 0.002048 0.993327 -0.002121 -0.009988 -0.969109 -0.009988 -0.002121 0.000000 
5.000000e-01 5.000000e-01 4.999928e-03 5.000000e-01 5.000000e-01 1.515111e+00 -0.993327 0.002048 0.009736 0.969761 0.009736 0.002048 0.993327 -0.002121 -0.009988 -0.969109 -0.009988 -0.002121 0.000000 
5.000000e-01 5.000000e-01 4.999928e-03 5.000000e-01 5.000000e-01 1.515111e+00 -0.993327 0.002048 0.009736 0.969761 0.009736 0.002048 0.993327 -0.002121 -0.009988 -0.969109 -0.009988 -0.002121 0.000000 
5.000000e-01 5.000000e-01 4.999928e-03 5.000000e-01 5.000000e-01 1.515111e+00 -0.993327 0.002048 0.009736 0.969761 0.009736 0.002048 0.993327 -0.002121 -0.009988 -0.969109 -0.009988 -0.002121 0.000000 
5.000000e-01 5.000000e-01 4.999928e-03 5.000000e-01 5.000000e-01 1.515111e+00 -0.993327 0.002048 0.009736 0.969761 0.009736 0.002048 0.993327 -0.002121 -0.009988 -0.969109 -0.009988 -0.002121 0.000000 
5.000000e-01 5.000000e-01 4.999928e-03 5.000000e-01 5.000000e-01 1.515111e+00 -0.993327 0.002048 0.009736 0.969761 0.009736 0.002048 0.993327 -0.002121 -0.009988 -0.969109 -0.009988 -0.002121 0.000000 
5.000000e-01 5.000000e-01 4.999928e-03 5.000000e-01 5.000000e-01 1.515111e+00 -0.993327 0.002048 0.009736 0.969761 0.009736 0.002048 0.993327 -0.002121 -0.009988 -0.969109 -0.009988 -0.002121 0.000000 
5.000000e-01 5.000000e-01 4.999928e-03 5.000000e-01 5.000000e-01 1.515111e+00 -0.993327 0.002048 0.009736 0.969761 0.009736 0.002048 0.993327 -0.002121 -0.009988 -0.969109 -0.009988 -0.002121 0.000000 
5.000000e-01 5.000000e-01 4.999928e-03 5.000000e-01 5.000000e-01 1.515111e+00 -0.993327 0.002048 0.009736 0.969761 0.009736 0.002048 0.993327 -0.002121 -0.009988 -0.969109 -0.009988 -0.002121 0.000000 
5.000000e-01 5.000000e-01 4.999928e-03 5.000000e-01 5.000000e-01 1.515111e+00 -0.993327 0.002048 0.009736 0.969761 0.009736 0.002048 0.993327 -0.002121 -0.009988 -0.969109 -0.009988 -0.002121 0.000000 
5.000000e-01 5.000000e-01 4.999928e-03 5.000000e-01 5.000000e-01 1.515111e+00 -0.993327 0.002048 0.009736 0.969761 0.009736 0.002048 0.993327 -0.002121 -0.009988 -0.969109 -0.009988 -0.002121 0.000000 
5.000000e-01 5.000000e-01 4.999928e-03 5.000000e-01 5.000000e-01 1.515111e+00 -0.993327 0.002048 0.009736 0.969761 0.009736 0.002048 0.993327 -0.002121 -0.009988 -0.969109 -0.009988 -0.002121 0.000000 
5.000000e-01 5.000000e-01 4.999928e-03 5.000000e-01 5.000000e-01 1.515111e+00 -0.993327 0.002048 0.009736 0.969761 0.009736 0.002048 0.993327 -0.002121 -0.009988 -0.969109 -0.009988 -0.002121 0.000000 
5.000000e-01 5.000000e-01 4.999928e-03 5.000000e-01 5.000000e-01 1.515111e+00 -0.993327 0.002048 0.009736 0.969761 0.009736 0.002048 0.993327 -0.002121 -0.009988 -0.969109 -0.009988 -0.002121 0.000000 
5.000000e-01 5.000000e-01 4.999928e-03 5.000000e-01 5.000000e-01 1.515111e+00 -0.993327 0.002048 0.009736 0.969761 0.009736 0.002048 0.993327 -0.002121 -0.009988 -0.969109 -0.009988 -0.002121 0.000000 
5.000000e-01 5.000000e-01 4.999928e-03 5.000000e-01 5.000000e-01 1.515111e+00 -0.993327 0.002048 0.009736 0.969761 0.009736 0.002048 0.993327 -0.002121 -0.009988 -0.969109 -0.009988 -0.002121 0.000000 
5.000000e-01 5.000000e-01 4.999928e-03 5.000000e-01 5.000000e-01 1.515111e+00 -0.993327 0.002048 0.009736 0.969761 0.009736 0.002048 0.993327 -0.002121 -0.009988 -0.969109 -0.009988 -0.002121 0.000000 
5.000000e-01 5.000000e-01 4.999928e-03 5.000000e-01 5.000000e-01 1.515111e+00 -0.993327 0.002048 0.009736 0.969761 0.009736 0.002048 0.993327 -0.002121 -0.009988 -0.969109 -0.009988 -0.002121 0.000000 
5.000000e-01 5.000000e-01 4.999928e-03 5.000000e-01 5.000000e-01 1.515111e+00 -0.993327 0.002048 0.009736 0.969761 0.009736 0.002048 0.993327 -0.002121 -0.009988 -0.969109 -0.009988 -0.002121 0.000000 
5.000000e-01 5.000000e-01 4.999928e-03 5.000000e-01 5.000000e-01 1.515111e+00 -0.993327 0.002048 0.009736 0.969761 0.009736 0.002048 0.993327 -0.002121 -0.009988 -0.969109 -0.009988 -0.002121 0.000000 
5.000000e-01 5.000000e-01 4.999928e-03 5.000000e-01 5.000000e-01 1.515111e+00 -0.993327 0.002048 0.009736 0.969761 0.009736 0.002048 0.993327 -0.002121 -0.009988 -0.969109 -0.009988 -0.002121 0.000000 
5.000000e-01 5.000000e-01 4.999928e-03 5.000000e-01 5.000000e-01 1.515111e+00 -0.993327 0.002048 0.009736 0.969761 0.009736 0.002048 0.993327 -0.002121 -0.009988 -0.969109 -0.009988 -0.002121 0.000000 
5.000000e-01 5.000000e-01 4.999928e-03 5.000000e-01 5.000000e-01 1.515111e+00 -0.993327 0.002048 0.009736 0.969761 0.009736 0.002048 0.993327 -0.002121 -0.009988 -0.969109 -0.009988 -0.002121 0.000000 
5.000000e-01 5.000000e-01 4.999928e-03 5.000000e-01 5.000000e-01 1.515111e+00 -0.993327 0.002048 0.009736 0.969761 0.009736 0.002048 0.993327 -0.002121 -0.009988 -0.969109 -0.009988 -0.002121 0.000000 
5.000000e-01 5.000000e-01 4.999928e-03 5.000000e-01 5.000000e-01 1.515111e+00 -0.993327 0.002048 0.009736 0.969761 0.009736 0.002048 0.993327 -0.002121 -0.009988 -0.969109 -0.009988 -0.002121 0.000000 
5.000000e-01 5.000000e-01 4.999928e-03 5.000000e-01 5.000000e-01 1.515111e+00 -0.993327 0.002048 0.009736 0.969761 0.009736 0.002048 0.993327 -0.002121 -0.009988 -0.969109 -0.009988 -0.002121 0.000000 
5.000000e-01 5.000000e-01 4.999928e-03 5.000000e-01 5.000000e-01 1.515111e+00 -0.993327 0.002048 0.009736 0.969761 0.009736 0.002048 0.993327 -0.002121 -0.009988 -0.969109 -0.009988 -0.002121 0.000000 
5.000000e-01 5.000000e-01 4.999928e-03 5.000000e-01 5.000000e-01 1.515111e+00 -0.993327 0.002048 0.009736 0.969761 0.009736 0.002048 0.993327 -0.002121 -0.009988 -0.969109 -0.009988 -0.002121 0.000000 
5.000000e-01 5.000000e-01 4.999928e-03 5.000000e-01 5.000000e-01 1.515111e+00 -0.993327 0.002048 0.009736 0.969761 0.009736 0.002048 0.993327 -0.002121 -0.009988 -0.969109 -0.009988 -0.002121 0.000000 
5.000000e-01 5.000000e-01 4.999928e-03 5.000000e-01 5.000000e-01 1.515111e+00 -0.993327 0.002048 0.009736 0.969761 0.009736 0.002048 0.993327 -0.002121 -0.009988 -0.969109 -0.009988 -0.002121 0.000000 
5.000000e-01 5.000000e-01 4.999928e-03 5.000000e-01 5.000000e-01 1.515111e+00 -0.993327 0.002048 0.009736 0.969761 0.009736 0.002048 0.993327 -0.002121 -0.009988 -0.969109 -0.009988 -0.002121 0.000000 
5.000000e-01 5.000000e-01 4.999928e-03 5.000000e-01 5.000000e-01 1.515111e+00 -0.993327 0.002048 0.009736 0.969761 0.009736 0.002048 0.993327 -0.002121 -0.009988 -0.969109 -0.009988 -0.002121 0.000000 
5.000000e-01 5.000000e-01 4.999928e-03 5.000000e-01 5.000000e-01 1.515111e+00 -0.993327 0.002048 0.009736 0.969761 0.009736 0.002048 0.993327 -0.002121 -0.009988 -0.969109 -0.009988 -0.002121 0.000000 
5.000000e-01 5.000000e-01 4.999928e-03 5.000000e-01 5.000000e-01 1.515111e+00 -0.993327 0.002048 0.009736 0.969761 0.009736 0.002048 0.993327 -0.002121 -0.009988 -0.969109 -0.009988 -0.002121 0.000000 
5.000000e-01 5.000000e-01 4.999928e-03 5.000000e-01 5.000000e-01 1.515111e+00 -0.993327 0.002048 0.009736 0.969761 0.009736 0.002048 0.993327 -0.002121 -0.009988 -0.969109 -0.009988 -0.002121 0.000000 
5.000000e-01 5.000000e-01 4.999928e-03 5.000000e-01 5.000000e-01 1.515111e+00 -0.993327 0.002048 0.009736 0.969761 0.009736 0.002048 0.993327 -0.002121 -0.009988 -0.969109 -0.009988 -0.002121 0.000000 
5.000000e-01 5.000000e-01 4.999928e-03 5.000000e-01 5.000000e-01 1.515111e+00 -0.993327 0.002048 0.009736 0.969761 0.009736 0.002048 0.993327 -0.002121 -0.009988 -0.969109 -0.009988 -0.002121 0.000000 
5.000000e-01 5.000000e-01 4.999928e-03 5.000000e-01 5.000000e-01 1.515111e+00 -0.993327 0.002048 0.009736 0.969761 0.009736 0.002048 0.993327 -0.002121 -0.009988 -0.969109 -0.009988 -0.002121 0.000000 
5.000000e-01 5.000000e-01 4.999928e-03 5.000000e-01 5.000000e-01 1.515111e+00 -0.993327 0.002048 0.009736 0.969761 0.009736 0.002048 0.993327 -0.002121 -0.009988 -0.969109 -0.009988 -0.002121 0.000000 
5.000000e-01 5.000000e-01 4.999928e-03 5.000000e-01 5.000000e-01 1.515111e+00 -0.993327 0.002048 0.009736 0.969761 0.009736 0.002048 0.993327 -0.002121 -0.009988 -0.969109 -0.009988 -0.002121 0.000000 
5.000000e-01 5.000000e-01 4.999928e-03 5.000000e-01 5.000000e-01 1.515111e+00 -0.993327 0.002048 0.009736 0.969761 0.009736 0.002048 0.993327 -0.002121 -0.009988 -0.969109 -0.009988 -0.002121 0.000000 
5.000000e-01 5.000000e-01 4.999928e-03 5.000000e-01 5.000000e-01 1.515111e+00 -0.993327 0.002048 0.009736 0.969761 0.009736 0.002048 0.993327 -0.002121 -0.009988 -0.969109 -0.009988 -0.002121 0.000000 
5.000000e-01 5.000000e-01 4.999928e-03 5.000000e-01 5.000000e-01 1.515111e+00 -0.993327 0.002048 0.009736 0.969761 0.009736 0.002048 0.993327 -0.002121 -0.009988 -0.969109 -0.009988 -0.002121 0.000000 
5.000000e-01 5.000000e-01 4.999928e-03 5.000000e-01 5.000000e-01 1.515111e+00 -0.993327 0.002048 0.009736 0.969761 0.009736 0.002048 0.993327 -0.002121 -0.009988 -0.969109 -0.009988 -0.002121 0.000000 
5.000000e-01 5.000000e-01 4.999928e-03 5.000000e-01 5.000000e-01 1.515111e+00 -0.993327 0.002048 0.009736 0.969761 0.009736 0.002048 0.993327 -0.002121 -0.009988 -0.969109 -0.009988 -0.002121 0.000000 
5.000000e-01 5.000000e-01 4.999928e-03 5.000000e-01 5.000000e-01 1.515111e+00 -0.993327 0.002048 0.009736 0.969761 0.009736 0.002048 0.993327 -0.002121 -0.009988 -0.969109 -0.009988 -0.002121 0.000000 
5.000000e-01 5.000000e-01 4.999928e-03 5.000000e-01 5.000000e-01 1.515111e+00 -0.993327 0.002048 0.009736 0.969761 0.009736 0.002048 0.993327 -0.002121 -0.009988 -0.969109 -0.009988 -0.002121 0.000000 
5.000000e-01 5.000000e-01 4.999928e-03 5.000000e-01 5.000000e-01 1.515111e+00 -0.993327 0.002048 0.009736 0.969761 0.009736 0.002048 0.993327 -0.002121 -0.009988 -0.969109 -0.009988 -0.002121 0.000000 
5.000000e-01 5.000000e-01 4.999928e-03 5.000000e-01 5.000000e-01 1.515111e+00 -0.993327 0.002048 0.009736 0.969761 0.009736 0.002048 0.993327 -0.002121 -0.009988 -0.969109 -0.009988 -0.002121 0.000000 
5.000000e-01 5.000000e-01 4.999928e-03 5.000000e-01 5.000000e-01 1.515111e+00 -0.993327 0.002048 0.009736 0.969761 0.009736 0.002048 0.993327 -0.002121 -0.009988 -0.969109 -0.009988 -0.002121 0.000000 
5.000000e-01 5.000000e-01 4.999928e-03 5.000000e-01 5.000000e-01 1.515111e+00 -0.993327 0.002048 0.009736 0.969761 0.009736 0.002048 0.993327 -0.002121 -0.009988 -0.969109 -0.009988 -0.002121 0.000000 
5.000000e-01 5.000000e-01 4.999928e-03 5.000000e-01 5.000000e-01 1.515111e+00 -0.993327 0.002048 0.009736 0.969761 0.009736 0.002048 0.993327 -0.002121 -0.009988 -0.969109 -0.009988 -0.002121 0.000000 
5.000000e-01 5.000000e-01 4.999928e-03 5.000000e-01 5.000000e-01 1.515111e+00 -0.993327 0.002048 0.009736 0.969761 0.009736 0.002048 0.993327 -0.002121 -0.009988 -0.969109 -0.009988 -0.002121 0.000000 
5.000000e-01 5.000000e-01 4.999928e-03 5.000000e-01 5.000000e-01 1.515111e+00 -0.993327 0.002048 0.009736 0.969761 0.009736 0.002048 0.993327 -0.002121 -0.009988 -0.969109 -0.009988 -0.002121 0.000000 
5.000000e-01 5.000000e-01 4.999928e-03 5.000000e-01 5.000000e-01 1.515111e+00 -0.993327 0.002048 0.009736 0.969761 0.009736 0.002048 0.993327 -0.002121 -0.009988 -0.969109 -0.009988 -0.002121 0.000000 
5.000000e-01 5.000000e-01 4.999928e-03 5.000000e-01 5.000000e-01 1.515111e+00 -0.993327 0.002048 0.009736 0.969761 0.009736 0.002048 0.993327 -0.002121 -0.009988 -0.969109 -0.009988 -0.002121 0.000000 
5.000000e-01 5.000000e-01 4.999928e-03 5.000000e-01 5.000000e-01 1.515111e+00 -0.993327 0.002048 0.009736 0.969761 0.009736 0.002048 0.993327 -0.002121 -0.009988 -0.969109 -0.009988 -0.002121 0.000000 
5.000000e-01 5.000000e-01 4.999928e-03 5.000000e-01 5.000000e-01 1.515111e+00 -0.993327 0.002048 0.009736 0.969761 0.009736 0.002048 0.993327 -0.002121 -0.009988 -0.969109 -0.009988 -0.002121 0.000000 
5.000000e-01 5.000000e-01 4.999928e-03 5.000000e-01 5.000000e-01 1.515111e+00 -0.993327 0.002048 0.009736 0.969761 0.009736 0.002048 0.993327 -0.002121 -0.009988 -0.969109 -0.009988 -0.002121 0.000000 
5.000000e-01 5.000000e-01 4.999928e-03 5.000000e-01 5.000000e-01 1.515111e+00 -0.993327 0.002048 0.009736 0.969761 0.009736 0.002048 0.993327 -0.002121 -0.009988 -0.969109 -0.009988 -0.002121 0.000000 
5.000000e-01 5.000000e-01 4.999928e-03 5.000000e-01 5.000000e-01 1.515111e+00 -0.993327 0.002048 0.009736 0.969761 0.009736 0.002048 0.993327 -0.002121 -0.009988 -0.969109 -0.009988 -0.002121 0.000000 
5.000000e-01 5.000000e-01 4.999928e-03 5.000000e-01 5.000000e-01 1.515111e+00 -0.993327 0.002048 0.009736 0.969761 0.009736 0.002048 0.993327 -0.002121 -0.009988 -0.969109 -0.009988 -0.002121 0.000000 
5.000000e-01 5.000000e-01 4.999928e-03 5.000000e-01 5.000000e-01 1.515111e+00 -0.993327 0.002048 0.009736 0.969761 0.009736 0.002048 0.993327 -0.002121 -0.009988 -0.969109 -0.009988 -0.002121 0.000000 
5.000000e-01 5.000000e-01 4.999928e-03 5.000000e-01 5.000000e-01 1.515111e+00 -0.993327 0.002048 0.009736 0.969761 0.009736 0.002048 0.993327 -0.002121 -0.009988 -0.969109 -0.009988 -0.002121 0.000000 
5.000000e-01 5.000000e-01 4.999928e-03 5.000000e-01 5.000000e-01 1.515111e+00 -0.993327 0.002048 0.009736 0.969761 0.009736 0.002048 0.993327 -0.002121 -0.009988 -0.969109 -0.009988 -0.002121 0.000000 
5.000000e-01 5.000000e-01 4.999928e-03 5.000000e-01 5.000000e-01 1.515111e+00 -0.993327 0.002048 0.009736 0.969761 0.009736 0.002048 0.993327 -0.002121 -0.009988 -0.969109 -0.009988 -0.002121 0.000000 
5.000000e-01 5.000000e-01 4.999928e-03 5.000000e-01 5.000000e-01 1.515111e+00 -0.993327 0.002048 0.009736 0.969761 0.009736 0.002048 0.993327 -0.002121 -0.009988 -0.969109 -0.009988 -0.002121 0.000000 
5.000000e-01 5.000000e-01 4.999928e-03 5.000000e-01 5.000000e-01 1.515111e+00 -0.993327 0.002048 0.009736 0.969761 0.009736 0.002048 0.993327 -0.002121 -0.009988 -0.969109 -0.009988 -0.002121 0.000000 
5.000000e-01 5.000000e-01 4.999928e-03 5.000000e-01 5.000000e-01 1.515111e+00 -0.993327 0.002048 0.009736 0.969761 0.009736 0.002048 0.993327 -0.002121 -0.009988 -0.969109 -0.009988 -0.002121 0.000000 
5.000000e-01 5.000000e-01 4.999928e-03 5.000000e-01 5.000000e-01 1.515111e+00 -0.993327 0.002048 0.009736 0.969761 0.009736 0.002048 0.993327 -0.002121 -0.009988 -0.969109 -0.009988 -0.002121 0.000000 
5.000000e-01 5.000000e-01 4.999928e-03 5.000000e-01 5.000000e-01 1.515111e+00 -0.993327 0.002048 0.009736 0.969761 0.009736 0.002048 0.993327 -0.002121 -0.009988 -0.969109 -0.009988 -0.002121 0.000000 
5.000000e-01 5.000000e-01 4.999928e-03 5.000000e-01 5.000000e-01 1.515111e+00 -0.993327 0.002048 0.009736 0.969761 0.009736 0.002048 0.993327 -0.002121 -0.009988 -0.969109 -0.009988 -0.002121 0.000000 
5.000000e-01 5.000000e-01 4.999928e-03 5.000000e-01 5.000000e-01 1.515111e+00 -0.993327 0.002048 0.009736 0.969761 0.009736 0.002048 0.993327 -0.002121 -0.009988 -0.969109 -0.009988 -0.002121 0.000000 
5.000000e-01 5.000000e-01 4.999928e-03 5.000000e-01 5.000000e-01 1.515111e+00 -0.993327 0.002048 0.009736 0.969761 0.009736 0.002048 0.993327 -0.002121 -0.009988 -0.969109 -0.009988 -0.002121 0.000000 
