# TeX TeY TeZ ThX ThY THZ P1 P2
5.000000e-01 5.000000e-01 1.430000e+00 5.000000e-01 5.000000e-01 1.430000e+00 0.000000 0.000000 0.000000 0.000000 0.000000 0.000000 0.000000 0.000000 0.000000 0.000000 0.000000 0.000000 0.000000 
5.000000e-01 5.000000e-01 1.422794e+00 5.000000e-01 5.000000e-01 1.436277e+00 -0.008903 -0.006219 -0.012200 0.045741 -0.012200 -0.006219 0.008903 -0.001619 -0.001887 -0.001892 -0.001887 -0.001619 0.000000 
5.000000e-01 5.000000e-01 1.415514e+00 5.000000e-01 5.000000e-01 1.442516e+00 -0.017831 -0.012419 -0.024229 0.091128 -0.024229 -0.012419 0.017831 -0.003242 -0.003779 -0.003789 -0.003779 -0.003242 0.000000 
5.000000e-01 5.000000e-01 1.408160e+00 5.000000e-01 5.000000e-01 1.448717e+00 -0.026784 -0.018612 -0.036275 0.136558 -0.036275 -0.018612 0.026784 -0.004870 -0.005676 -0.005691 -0.005676 -0.004870 0.000000 
5.000000e-01 5.000000e-01 1.400730e+00 5.000000e-01 5.000000e-01 1.454881e+00 -0.035765 -0.024792 -0.048501 0.182353 -0.048501 -0.024792 0.035765 -0.006503 -0.007579 -0.007600 -0.007579 -0.006503 0.000000 
5.000000e-01 5.000000e-01 1.393227e+00 5.000000e-01 5.000000e-01 1.461007e+00 -0.044771 -0.030900 -0.060403 0.227377 -0.060403 -0.030900 0.044771 -0.008141 -0.009488 -0.009514 -0.009488 -0.008141 0.000000 
5.000000e-01 5.000000e-01 1.385648e+00 5.000000e-01 5.000000e-01 1.467095e+00 -0.053808 -0.036992 -0.072714 0.273219 -0.072714 -0.036992 0.053808 -0.009784 -0.011403 -0.011434 -0.011403 -0.009784 0.000000 
5.000000e-01 5.000000e-01 1.377995e+00 5.000000e-01 5.000000e-01 1.473144e+00 -0.062873 -0.043035 -0.085088 0.319120 -0.085088 -0.043035 0.062873 -0.011432 -0.013324 -0.013361 -0.013324 -0.011432 0.000000 
5.000000e-01 5.000000e-01 1.370269e+00 5.000000e-01 5.000000e-01 1.479154e+00 -0.071965 -0.049018 -0.097474 0.364949 -0.097474 -0.049018 0.071965 -0.013085 -0.015251 -0.015293 -0.015251 -0.013085 0.000000 
5.000000e-01 5.000000e-01 1.362468e+00 5.000000e-01 5.000000e-01 1.485125e+00 -0.081089 -0.054920 -0.110131 0.411191 -0.110131 -0.054920 0.081089 -0.014743 -0.017185 -0.017233 -0.017185 -0.014743 0.000000 
5.000000e-01 5.000000e-01 1.354594e+00 5.000000e-01 5.000000e-01 1.491056e+00 -0.090238 -0.060740 -0.122672 0.457062 -0.122672 -0.060740 0.090238 -0.016406 -0.019124 -0.019177 -0.019124 -0.016406 0.000000 
5.000000e-01 5.000000e-01 1.346647e+00 5.000000e-01 5.000000e-01 1.496947e+00 -0.099416 -0.066495 -0.135504 0.503414 -0.135504 -0.066495 0.099416 -0.018075 -0.021069 -0.021129 -0.021069 -0.018075 0.000000 
5.000000e-01 5.000000e-01 1.338627e+00 5.000000e-01 5.000000e-01 1.502796e+00 -0.108618 -0.072157 -0.148249 0.549431 -0.148249 -0.072157 0.108618 -0.019747 -0.023019 -0.023085 -0.023019 -0.019747 0.000000 
5.000000e-01 5.000000e-01 1.330534e+00 5.000000e-01 5.000000e-01 1.508602e+00 -0.117842 -0.077715 -0.160928 0.595128 -0.160928 -0.077715 0.117842 -0.021423 -0.024975 -0.025046 -0.024975 -0.021423 0.000000 
5.000000e-01 5.000000e-01 1.322370e+00 5.000000e-01 5.000000e-01 1.514385e+00 -0.127101 -0.083158 -0.173511 0.640440 -0.173511 -0.083158 0.127101 -0.023106 -0.026937 -0.027015 -0.026937 -0.023106 0.000000 
5.000000e-01 5.000000e-01 1.314134e+00 5.000000e-01 5.000000e-01 1.515005e+00 -0.132924 -0.085703 -0.174924 0.654180 -0.174924 -0.085703 0.132924 -0.024163 -0.028172 -0.028254 -0.028172 -0.024163 0.000000 
5.000000e-01 5.000000e-01 1.305827e+00 5.000000e-01 5.000000e-01 1.515005e+00 -0.138375 -0.087816 -0.174820 0.663647 -0.174820 -0.087816 0.138375 -0.025153 -0.029327 -0.029415 -0.029327 -0.025153 0.000000 
5.000000e-01 5.000000e-01 1.297450e+00 5.000000e-01 5.000000e-01 1.515005e+00 -0.143873 -0.089833 -0.174537 0.672613 -0.174537 -0.089833 0.143873 -0.026150 -0.030493 -0.030586 -0.030493 -0.026150 0.000000 
5.000000e-01 5.000000e-01 1.289003e+00 5.000000e-01 5.000000e-01 1.515005e+00 -0.149416 -0.091751 -0.174092 0.681103 -0.174092 -0.091751 0.149416 -0.027156 -0.031668 -0.031766 -0.031668 -0.027156 0.000000 
5.000000e-01 5.000000e-01 1.280486e+00 5.000000e-01 5.000000e-01 1.515005e+00 -0.155004 -0.093562 -0.173493 0.689115 -0.173493 -0.093562 0.155004 -0.028170 -0.032853 -0.032957 -0.032853 -0.028170 0.000000 
5.000000e-01 5.000000e-01 1.271900e+00 5.000000e-01 5.000000e-01 1.515005e+00 -0.160638 -0.095259 -0.172751 0.696658 -0.172751 -0.095259 0.160638 -0.029192 -0.034048 -0.034158 -0.034048 -0.029192 0.000000 
5.000000e-01 5.000000e-01 1.263245e+00 5.000000e-01 5.000000e-01 1.515005e+00 -0.166317 -0.096856 -0.171898 0.703826 -0.171898 -0.096856 0.166317 -0.030222 -0.035253 -0.035369 -0.035253 -0.030222 0.000000 
5.000000e-01 5.000000e-01 1.254523e+00 5.000000e-01 5.000000e-01 1.515005e+00 -0.172041 -0.098355 -0.170946 0.710641 -0.170946 -0.098355 0.172041 -0.031259 -0.036467 -0.036589 -0.036467 -0.031259 0.000000 
5.000000e-01 5.000000e-01 1.245733e+00 5.000000e-01 5.000000e-01 1.515005e+00 -0.177809 -0.099754 -0.169903 0.717124 -0.169903 -0.099754 0.177809 -0.032304 -0.037690 -0.037820 -0.037690 -0.032304 0.000000 
5.000000e-01 5.000000e-01 1.236876e+00 5.000000e-01 5.000000e-01 1.515005e+00 -0.183621 -0.101054 -0.168782 0.723293 -0.168782 -0.101054 0.183621 -0.033357 -0.038923 -0.039060 -0.038923 -0.033357 0.000000 
5.000000e-01 5.000000e-01 1.227953e+00 5.000000e-01 5.000000e-01 1.515005e+00 -0.189476 -0.102257 -0.167589 0.729168 -0.167589 -0.102257 0.189476 -0.034418 -0.040165 -0.040310 -0.040165 -0.034418 0.000000 
5.000000e-01 5.000000e-01 1.218963e+00 5.000000e-01 5.000000e-01 1.515005e+00 -0.195375 -0.103362 -0.166335 0.734768 -0.166335 -0.103362 0.195375 -0.035486 -0.041417 -0.041570 -0.041417 -0.035486 0.000000 
5.000000e-01 5.000000e-01 1.209909e+00 5.000000e-01 5.000000e-01 1.515005e+00 -0.201317 -0.104371 -0.165025 0.740109 -0.165025 -0.104371 0.201317 -0.036561 -0.042678 -0.042839 -0.042678 -0.036561 0.000000 
5.000000e-01 5.000000e-01 1.200789e+00 5.000000e-01 5.000000e-01 1.515005e+00 -0.207302 -0.105276 -0.163665 0.745184 -0.163665 -0.105276 0.207302 -0.037644 -0.043948 -0.044118 -0.043948 -0.037644 0.000000 
5.000000e-01 5.000000e-01 1.191605e+00 5.000000e-01 5.000000e-01 1.515005e+00 -0.213329 -0.106088 -0.162265 0.750035 -0.162265 -0.106088 0.213329 -0.038734 -0.045227 -0.045407 -0.045227 -0.038734 0.000000 
5.000000e-01 5.000000e-01 1.182357e+00 5.000000e-01 5.000000e-01 1.515005e+00 -0.219398 -0.106811 -0.160829 0.754679 -0.160829 -0.106811 0.219398 -0.039831 -0.046515 -0.046706 -0.046515 -0.039831 0.000000 
5.000000e-01 5.000000e-01 1.173046e+00 5.000000e-01 5.000000e-01 1.515005e+00 -0.225508 -0.107446 -0.159364 0.759128 -0.159364 -0.107446 0.225508 -0.040934 -0.047812 -0.048014 -0.047812 -0.040934 0.000000 
5.000000e-01 5.000000e-01 1.163672e+00 5.000000e-01 5.000000e-01 1.515005e+00 -0.231660 -0.107995 -0.157872 0.763395 -0.157872 -0.107995 0.231660 -0.042045 -0.049119 -0.049332 -0.049119 -0.042045 0.000000 
5.000000e-01 5.000000e-01 1.154236e+00 5.000000e-01 5.000000e-01 1.515005e+00 -0.237853 -0.108460 -0.156358 0.767490 -0.156358 -0.108460 0.237853 -0.043163 -0.050434 -0.050660 -0.050434 -0.043163 0.000000 
5.000000e-01 5.000000e-01 1.144738e+00 5.000000e-01 5.000000e-01 1.515005e+00 -0.244086 -0.108843 -0.154826 0.771424 -0.154826 -0.108843 0.244086 -0.044287 -0.051758 -0.051997 -0.051758 -0.044287 0.000000 
5.000000e-01 5.000000e-01 1.135179e+00 5.000000e-01 5.000000e-01 1.515005e+00 -0.250360 -0.109147 -0.153277 0.775208 -0.153277 -0.109147 0.250360 -0.045417 -0.053091 -0.053344 -0.053091 -0.045417 0.000000 
5.000000e-01 5.000000e-01 1.125559e+00 5.000000e-01 5.000000e-01 1.515005e+00 -0.256673 -0.109374 -0.151715 0.778850 -0.151715 -0.109374 0.256673 -0.046555 -0.054432 -0.054700 -0.054432 -0.046555 0.000000 
5.000000e-01 5.000000e-01 1.115879e+00 5.000000e-01 5.000000e-01 1.515005e+00 -0.263027 -0.109526 -0.150141 0.782361 -0.150141 -0.109526 0.263027 -0.047698 -0.055782 -0.056066 -0.055782 -0.047698 0.000000 
5.000000e-01 5.000000e-01 1.106140e+00 5.000000e-01 5.000000e-01 1.515005e+00 -0.269419 -0.109605 -0.148558 0.785747 -0.148558 -0.109605 0.269419 -0.048847 -0.057141 -0.057442 -0.057141 -0.048847 0.000000 
5.000000e-01 5.000000e-01 1.096341e+00 5.000000e-01 5.000000e-01 1.515005e+00 -0.275850 -0.109615 -0.146968 0.789017 -0.146968 -0.109615 0.275850 -0.050003 -0.058508 -0.058828 -0.058508 -0.050003 0.000000 
5.000000e-01 5.000000e-01 1.086483e+00 5.000000e-01 5.000000e-01 1.515005e+00 -0.282320 -0.109557 -0.145372 0.792178 -0.145372 -0.109557 0.282320 -0.051164 -0.059884 -0.060223 -0.059884 -0.051164 0.000000 
5.000000e-01 5.000000e-01 1.076568e+00 5.000000e-01 5.000000e-01 1.515005e+00 -0.288828 -0.109434 -0.143770 0.795238 -0.143770 -0.109434 0.288828 -0.052331 -0.061269 -0.061628 -0.061269 -0.052331 0.000000 
5.000000e-01 5.000000e-01 1.066594e+00 5.000000e-01 5.000000e-01 1.515005e+00 -0.295374 -0.109249 -0.142165 0.798202 -0.142165 -0.109249 0.295374 -0.053504 -0.062661 -0.063043 -0.062661 -0.053504 0.000000 
5.000000e-01 5.000000e-01 1.056564e+00 5.000000e-01 5.000000e-01 1.515005e+00 -0.301958 -0.109003 -0.140557 0.801078 -0.140557 -0.109003 0.301958 -0.054682 -0.064063 -0.064468 -0.064063 -0.054682 0.000000 
5.000000e-01 5.000000e-01 1.046477e+00 5.000000e-01 5.000000e-01 1.515005e+00 -0.308579 -0.108699 -0.138947 0.803870 -0.138947 -0.108699 0.308579 -0.055865 -0.065472 -0.065903 -0.065472 -0.055865 0.000000 
5.000000e-01 5.000000e-01 1.036334e+00 5.000000e-01 5.000000e-01 1.515005e+00 -0.315236 -0.108339 -0.137334 0.806584 -0.137334 -0.108339 0.315236 -0.057054 -0.066890 -0.067348 -0.066890 -0.057054 0.000000 
5.000000e-01 5.000000e-01 1.026135e+00 5.000000e-01 5.000000e-01 1.515005e+00 -0.321931 -0.107926 -0.135721 0.809225 -0.135721 -0.107926 0.321931 -0.058247 -0.068317 -0.068803 -0.068317 -0.058247 0.000000 
5.000000e-01 5.000000e-01 1.015881e+00 5.000000e-01 5.000000e-01 1.515005e+00 -0.328661 -0.107462 -0.134107 0.811798 -0.134107 -0.107462 0.328661 -0.059445 -0.069751 -0.070269 -0.069751 -0.059445 0.000000 
5.000000e-01 5.000000e-01 1.005572e+00 5.000000e-01 5.000000e-01 1.515005e+00 -0.335428 -0.106948 -0.132492 0.814307 -0.132492 -0.106948 0.335428 -0.060647 -0.071194 -0.071745 -0.071194 -0.060647 0.000000 
5.000000e-01 5.000000e-01 9.952095e-01 5.000000e-01 5.000000e-01 1.515005e+00 -0.342230 -0.106387 -0.130876 0.816757 -0.130876 -0.106387 0.342230 -0.061854 -0.072646 -0.073231 -0.072646 -0.061854 0.000000 
5.000000e-01 5.000000e-01 9.847929e-01 5.000000e-01 5.000000e-01 1.515005e+00 -0.349067 -0.105781 -0.129260 0.819152 -0.129260 -0.105781 0.349068 -0.063064 -0.074105 -0.074729 -0.074105 -0.063064 0.000000 
5.000000e-01 5.000000e-01 9.743230e-01 5.000000e-01 5.000000e-01 1.515005e+00 -0.355940 -0.105133 -0.127645 0.821495 -0.127645 -0.105133 0.355940 -0.064278 -0.075573 -0.076237 -0.075573 -0.064278 0.000000 
5.000000e-01 5.000000e-01 9.638003e-01 5.000000e-01 5.000000e-01 1.515005e+00 -0.362847 -0.104442 -0.126028 0.823789 -0.126028 -0.104442 0.362847 -0.065496 -0.077049 -0.077757 -0.077049 -0.065496 0.000000 
5.000000e-01 5.000000e-01 9.532254e-01 5.000000e-01 5.000000e-01 1.515005e+00 -0.369789 -0.103713 -0.124412 0.826039 -0.124412 -0.103713 0.369789 -0.066717 -0.078533 -0.079288 -0.078533 -0.066717 0.000000 
5.000000e-01 5.000000e-01 9.425986e-01 5.000000e-01 5.000000e-01 1.515005e+00 -0.376764 -0.102946 -0.122795 0.828247 -0.122795 -0.102946 0.376764 -0.067941 -0.080025 -0.080831 -0.080025 -0.067941 0.000000 
5.000000e-01 5.000000e-01 9.319203e-01 5.000000e-01 5.000000e-01 1.515005e+00 -0.383774 -0.102143 -0.121178 0.830416 -0.121178 -0.102143 0.383774 -0.069168 -0.081526 -0.082386 -0.081526 -0.069168 0.000000 
5.000000e-01 5.000000e-01 9.211912e-01 5.000000e-01 5.000000e-01 1.515005e+00 -0.390817 -0.101305 -0.119561 0.832549 -0.119561 -0.101305 0.390817 -0.070397 -0.083035 -0.083953 -0.083035 -0.070397 0.000000 
5.000000e-01 5.000000e-01 9.104116e-01 5.000000e-01 5.000000e-01 1.515005e+00 -0.397893 -0.100435 -0.117943 0.834648 -0.117943 -0.100435 0.397893 -0.071628 -0.084552 -0.085533 -0.084552 -0.071628 0.000000 
5.000000e-01 5.000000e-01 8.995819e-01 5.000000e-01 5.000000e-01 1.515005e+00 -0.405002 -0.099532 -0.116324 0.836714 -0.116324 -0.099532 0.405002 -0.072860 -0.086078 -0.087127 -0.086078 -0.072860 0.000000 
5.000000e-01 5.000000e-01 8.887026e-01 5.000000e-01 5.000000e-01 1.515005e+00 -0.412143 -0.098599 -0.114705 0.838751 -0.114705 -0.098599 0.412143 -0.074093 -0.087612 -0.088733 -0.087612 -0.074093 0.000000 
5.000000e-01 5.000000e-01 8.777742e-01 5.000000e-01 5.000000e-01 1.515005e+00 -0.419317 -0.097637 -0.113085 0.840761 -0.113085 -0.097637 0.419317 -0.075327 -0.089154 -0.090354 -0.089154 -0.075327 0.000000 
5.000000e-01 5.000000e-01 8.667971e-01 5.000000e-01 5.000000e-01 1.515005e+00 -0.426523 -0.096648 -0.111463 0.842746 -0.111463 -0.096648 0.426523 -0.076561 -0.090705 -0.091990 -0.090705 -0.076561 0.000000 
5.000000e-01 5.000000e-01 8.557716e-01 5.000000e-01 5.000000e-01 1.515005e+00 -0.433760 -0.095634 -0.109840 0.844708 -0.109840 -0.095634 0.433760 -0.077795 -0.092265 -0.093640 -0.092265 -0.077795 0.000000 
5.000000e-01 5.000000e-01 8.446984e-01 5.000000e-01 5.000000e-01 1.515005e+00 -0.441029 -0.094594 -0.108216 0.846649 -0.108216 -0.094594 0.441029 -0.079028 -0.093833 -0.095306 -0.093833 -0.079028 0.000000 
5.000000e-01 5.000000e-01 8.335776e-01 5.000000e-01 5.000000e-01 1.515005e+00 -0.448329 -0.093531 -0.106589 0.848571 -0.106589 -0.093531 0.448329 -0.080260 -0.095410 -0.096989 -0.095410 -0.080260 0.000000 
5.000000e-01 5.000000e-01 8.224099e-01 5.000000e-01 5.000000e-01 1.515005e+00 -0.455660 -0.092446 -0.104961 0.850475 -0.104961 -0.092446 0.455660 -0.081490 -0.096996 -0.098688 -0.096996 -0.081490 0.000000 
5.000000e-01 5.000000e-01 8.111956e-01 5.000000e-01 5.000000e-01 1.515005e+00 -0.463022 -0.091339 -0.103331 0.852363 -0.103331 -0.091339 0.463022 -0.082717 -0.098591 -0.100405 -0.098591 -0.082717 0.000000 
5.000000e-01 5.000000e-01 7.999351e-01 5.000000e-01 5.000000e-01 1.515005e+00 -0.470414 -0.090212 -0.101699 0.854236 -0.101699 -0.090212 0.470414 -0.083941 -0.100195 -0.102141 -0.100195 -0.083941 0.000000 
5.000000e-01 5.000000e-01 7.886288e-01 5.000000e-01 5.000000e-01 1.515005e+00 -0.477836 -0.089064 -0.100065 0.856093 -0.100065 -0.089064 0.477836 -0.085161 -0.101808 -0.103898 -0.101808 -0.085161 0.000000 
5.000000e-01 5.000000e-01 7.772771e-01 5.000000e-01 5.000000e-01 1.515005e+00 -0.485288 -0.087897 -0.098428 0.857938 -0.098428 -0.087897 0.485288 -0.086375 -0.103431 -0.105676 -0.103431 -0.086375 0.000000 
5.000000e-01 5.000000e-01 7.658805e-01 5.000000e-01 5.000000e-01 1.515005e+00 -0.492769 -0.086712 -0.096788 0.859771 -0.096788 -0.086712 0.492769 -0.087583 -0.105063 -0.107476 -0.105063 -0.087583 0.000000 
5.000000e-01 5.000000e-01 7.544393e-01 5.000000e-01 5.000000e-01 1.515005e+00 -0.500279 -0.085511 -0.095146 0.861594 -0.095146 -0.085511 0.500280 -0.088785 -0.106705 -0.109299 -0.106705 -0.088785 0.000000 
5.000000e-01 5.000000e-01 7.429539e-01 5.000000e-01 5.000000e-01 1.515005e+00 -0.507819 -0.084293 -0.093501 0.863408 -0.093501 -0.084293 0.507819 -0.089979 -0.108358 -0.111146 -0.108358 -0.089979 0.000000 
5.000000e-01 5.000000e-01 7.314247e-01 5.000000e-01 5.000000e-01 1.515005e+00 -0.515387 -0.083060 -0.091853 0.865214 -0.091853 -0.083060 0.515387 -0.091164 -0.110020 -0.113019 -0.110020 -0.091164 0.000000 
5.000000e-01 5.000000e-01 7.198521e-01 5.000000e-01 5.000000e-01 1.515005e+00 -0.522984 -0.081812 -0.090201 0.867012 -0.090201 -0.081812 0.522984 -0.092339 -0.111693 -0.114920 -0.111693 -0.092339 0.000000 
5.000000e-01 5.000000e-01 7.082365e-01 5.000000e-01 5.000000e-01 1.515005e+00 -0.530609 -0.080549 -0.088547 0.868802 -0.088547 -0.080549 0.530609 -0.093501 -0.113377 -0.116853 -0.113377 -0.093501 0.000000 
5.000000e-01 5.000000e-01 6.965782e-01 5.000000e-01 5.000000e-01 1.515005e+00 -0.538262 -0.079273 -0.086889 0.870587 -0.086889 -0.079273 0.538262 -0.094651 -0.115072 -0.118817 -0.115072 -0.094651 0.000000 
5.000000e-01 5.000000e-01 6.848776e-01 5.000000e-01 5.000000e-01 1.515005e+00 -0.545943 -0.077984 -0.085228 0.872366 -0.085228 -0.077984 0.545943 -0.095786 -0.116778 -0.120815 -0.116778 -0.095786 0.000000 
5.000000e-01 5.000000e-01 6.731352e-01 5.000000e-01 5.000000e-01 1.515005e+00 -0.553651 -0.076682 -0.083563 0.874141 -0.083563 -0.076682 0.553651 -0.096905 -0.118496 -0.122849 -0.118496 -0.096905 0.000000 
5.000000e-01 5.000000e-01 6.613511e-01 5.000000e-01 5.000000e-01 1.515005e+00 -0.561387 -0.075368 -0.081895 0.875913 -0.081895 -0.075368 0.561387 -0.098007 -0.120226 -0.124920 -0.120226 -0.098007 0.000000 
5.000000e-01 5.000000e-01 6.495259e-01 5.000000e-01 5.000000e-01 1.515005e+00 -0.569149 -0.074043 -0.080222 0.877680 -0.080222 -0.074043 0.569149 -0.099089 -0.121968 -0.127034 -0.121968 -0.099089 0.000000 
5.000000e-01 5.000000e-01 6.376599e-01 5.000000e-01 5.000000e-01 1.515005e+00 -0.576939 -0.072706 -0.078547 0.879444 -0.078547 -0.072706 0.576939 -0.100147 -0.123724 -0.129196 -0.123724 -0.100147 0.000000 
5.000000e-01 5.000000e-01 6.257534e-01 5.000000e-01 5.000000e-01 1.515005e+00 -0.584754 -0.071359 -0.076867 0.881207 -0.076867 -0.071359 0.584755 -0.101182 -0.125493 -0.131406 -0.125493 -0.101182 0.000000 
5.000000e-01 5.000000e-01 6.138068e-01 5.000000e-01 5.000000e-01 1.515005e+00 -0.592597 -0.070002 -0.075183 0.882967 -0.075183 -0.070002 0.592597 -0.102190 -0.127275 -0.133667 -0.127275 -0.102190 0.000000 
5.000000e-01 5.000000e-01 6.018204e-01 5.000000e-01 5.000000e-01 1.515005e+00 -0.600465 -0.068635 -0.073496 0.884726 -0.073496 -0.068635 0.600465 -0.103170 -0.129071 -0.135982 -0.129071 -0.103170 0.000000 
5.000000e-01 5.000000e-01 5.897946e-01 5.000000e-01 5.000000e-01 1.515005e+00 -0.608359 -0.067259 -0.071804 0.886485 -0.071804 -0.067259 0.608359 -0.104118 -0.130882 -0.138358 -0.130882 -0.104118 0.000000 
5.000000e-01 5.000000e-01 5.777297e-01 5.000000e-01 5.000000e-01 1.515005e+00 -0.616279 -0.065873 -0.070108 0.888242 -0.070108 -0.065873 0.616279 -0.105028 -0.132708 -0.140806 -0.132708 -0.105028 0.000000 
5.000000e-01 5.000000e-01 5.656261e-01 5.000000e-01 5.000000e-01 1.515005e+00 -0.624224 -0.064479 -0.068409 0.889999 -0.068409 -0.064479 0.624224 -0.105899 -0.134550 -0.143324 -0.134550 -0.105899 0.000000 
5.000000e-01 5.000000e-01 5.534840e-01 5.000000e-01 5.000000e-01 1.515005e+00 -0.632194 -0.063076 -0.066705 0.891756 -0.066705 -0.063076 0.632194 -0.106730 -0.136408 -0.145918 -0.136408 -0.106730 0.000000 
5.000000e-01 5.000000e-01 5.413038e-01 5.000000e-01 5.000000e-01 1.515005e+00 -0.640189 -0.061666 -0.064997 0.893514 -0.064997 -0.061666 0.640189 -0.107517 -0.138281 -0.148594 -0.138281 -0.107517 0.000000 
5.000000e-01 5.000000e-01 5.290859e-01 5.000000e-01 5.000000e-01 1.515005e+00 -0.648209 -0.060247 -0.063284 0.895273 -0.063284 -0.060247 0.648209 -0.108251 -0.140171 -0.151363 -0.140171 -0.108251 0.000000 
5.000000e-01 5.000000e-01 5.168305e-01 5.000000e-01 5.000000e-01 1.515005e+00 -0.656253 -0.058821 -0.061568 0.897032 -0.061568 -0.058821 0.656253 -0.108928 -0.142079 -0.154238 -0.142079 -0.108928 0.000000 
5.000000e-01 5.000000e-01 5.045380e-01 5.000000e-01 5.000000e-01 1.515005e+00 -0.664322 -0.057388 -0.059847 0.898792 -0.059847 -0.057388 0.664322 -0.109547 -0.144004 -0.157220 -0.144004 -0.109547 0.000000 
5.000000e-01 5.000000e-01 4.922087e-01 5.000000e-01 5.000000e-01 1.515005e+00 -0.672415 -0.055947 -0.058122 0.900554 -0.058122 -0.055947 0.672415 -0.110104 -0.145945 -0.160317 -0.145945 -0.110104 0.000000 
5.000000e-01 5.000000e-01 4.798429e-01 5.000000e-01 5.000000e-01 1.515005e+00 -0.680532 -0.054500 -0.056393 0.902318 -0.056393 -0.054500 0.680532 -0.110592 -0.147903 -0.163540 -0.147903 -0.110592 0.000000 
5.000000e-01 5.000000e-01 4.674409e-01 5.000000e-01 5.000000e-01 1.515005e+00 -0.688672 -0.053046 -0.054659 0.904084 -0.054659 -0.053046 0.688672 -0.110995 -0.149880 -0.166922 -0.149880 -0.110995 0.000000 
5.000000e-01 5.000000e-01 4.550030e-01 5.000000e-01 5.000000e-01 1.515005e+00 -0.696836 -0.051586 -0.052922 0.905851 -0.052922 -0.051586 0.696836 -0.111319 -0.151872 -0.170455 -0.151872 -0.111319 0.000000 
5.000000e-01 5.000000e-01 4.425296e-01 5.000000e-01 5.000000e-01 1.515005e+00 -0.705023 -0.050119 -0.051180 0.907621 -0.051180 -0.050119 0.705023 -0.111555 -0.153879 -0.174155 -0.153879 -0.111555 0.000000 
5.000000e-01 5.000000e-01 4.300208e-01 5.000000e-01 5.000000e-01 1.515005e+00 -0.713233 -0.048647 -0.049433 0.909393 -0.049433 -0.048647 0.713233 -0.111699 -0.155900 -0.178035 -0.155900 -0.111699 0.000000 
5.000000e-01 5.000000e-01 4.174771e-01 5.000000e-01 5.000000e-01 1.515005e+00 -0.721466 -0.047168 -0.047683 0.911168 -0.047683 -0.047168 0.721466 -0.111724 -0.157934 -0.182149 -0.157934 -0.111724 0.000000 
5.000000e-01 5.000000e-01 4.048987e-01 5.000000e-01 5.000000e-01 1.515005e+00 -0.729721 -0.045684 -0.045928 0.912945 -0.045928 -0.045684 0.729721 -0.111640 -0.159978 -0.186485 -0.159978 -0.111640 0.000000 
5.000000e-01 5.000000e-01 3.922859e-01 5.000000e-01 5.000000e-01 1.515005e+00 -0.737999 -0.044194 -0.044169 0.914725 -0.044169 -0.044194 0.737999 -0.111439 -0.162028 -0.191066 -0.162028 -0.111439 0.000000 
5.000000e-01 5.000000e-01 3.796390e-01 5.000000e-01 5.000000e-01 1.515005e+00 -0.746299 -0.042699 -0.042405 0.916507 -0.042405 -0.042699 0.746300 -0.111108 -0.164081 -0.195923 -0.164081 -0.111108 0.000000 
5.000000e-01 5.000000e-01 3.669582e-01 5.000000e-01 5.000000e-01 1.515005e+00 -0.754622 -0.041198 -0.040637 0.918293 -0.040637 -0.041198 0.754622 -0.110620 -0.166129 -0.201123 -0.166129 -0.110620 0.000000 
5.000000e-01 5.000000e-01 3.542439e-01 5.000000e-01 5.000000e-01 1.515005e+00 -0.762966 -0.039692 -0.038865 0.920082 -0.038865 -0.039692 0.762966 -0.109986 -0.168168 -0.206659 -0.168168 -0.109986 0.000000 
5.000000e-01 5.000000e-01 3.414963e-01 5.000000e-01 5.000000e-01 1.515005e+00 -0.771332 -0.038182 -0.037089 0.921873 -0.037089 -0.038182 0.771332 -0.109195 -0.170189 -0.212565 -0.170189 -0.109195 0.000000 
5.000000e-01 5.000000e-01 3.287156e-01 5.000000e-01 5.000000e-01 1.515005e+00 -0.779719 -0.036666 -0.035309 0.923668 -0.035309 -0.036666 0.779719 -0.108222 -0.172179 -0.218917 -0.172179 -0.108222 0.000000 
5.000000e-01 5.000000e-01 3.159023e-01 5.000000e-01 5.000000e-01 1.515005e+00 -0.788128 -0.035145 -0.033524 0.925466 -0.033524 -0.035145 0.788128 -0.107053 -0.174122 -0.225778 -0.174122 -0.107053 0.000000 
5.000000e-01 5.000000e-01 3.030564e-01 5.000000e-01 5.000000e-01 1.515005e+00 -0.796558 -0.033620 -0.031735 0.927268 -0.031735 -0.033620 0.796558 -0.105693 -0.176006 -0.233160 -0.176006 -0.105693 0.000000 
5.000000e-01 5.000000e-01 2.901784e-01 5.000000e-01 5.000000e-01 1.515005e+00 -0.805008 -0.032090 -0.029942 0.929073 -0.029942 -0.032090 0.805008 -0.104130 -0.177812 -0.241125 -0.177812 -0.104130 0.000000 
5.000000e-01 5.000000e-01 2.772683e-01 5.000000e-01 5.000000e-01 1.515005e+00 -0.813480 -0.030555 -0.028145 0.930881 -0.028145 -0.030555 0.813480 -0.102315 -0.179495 -0.249860 -0.179495 -0.102315 0.000000 
5.000000e-01 5.000000e-01 2.643266e-01 5.000000e-01 5.000000e-01 1.515005e+00 -0.821972 -0.029017 -0.026344 0.932693 -0.026344 -0.029017 0.821972 -0.100269 -0.181039 -0.259355 -0.181039 -0.100269 0.000000 
5.000000e-01 5.000000e-01 2.513533e-01 5.000000e-01 5.000000e-01 1.515005e+00 -0.830485 -0.027473 -0.024538 0.934508 -0.024538 -0.027473 0.830485 -0.097983 -0.182410 -0.269698 -0.182410 -0.097983 0.000000 
5.000000e-01 5.000000e-01 2.383487e-01 5.000000e-01 5.000000e-01 1.515005e+00 -0.839019 -0.025926 -0.022728 0.936327 -0.022728 -0.025926 0.839019 -0.095420 -0.183538 -0.281102 -0.183538 -0.095420 0.000000 
5.000000e-01 5.000000e-01 2.253131e-01 5.000000e-01 5.000000e-01 1.515005e+00 -0.847573 -0.024374 -0.020914 0.938149 -0.020914 -0.024374 0.847573 -0.092572 -0.184361 -0.293707 -0.184361 -0.092572 0.000000 
5.000000e-01 5.000000e-01 2.122465e-01 5.000000e-01 5.000000e-01 1.515005e+00 -0.856147 -0.022817 -0.019096 0.939975 -0.019096 -0.022817 0.856147 -0.089449 -0.184834 -0.307582 -0.184834 -0.089449 0.000000 
5.000000e-01 5.000000e-01 1.991492e-01 5.000000e-01 5.000000e-01 1.515005e+00 -0.864742 -0.021257 -0.017274 0.941805 -0.017274 -0.021257 0.864742 -0.086028 -0.184850 -0.322987 -0.184850 -0.086028 0.000000 
5.000000e-01 5.000000e-01 1.860211e-01 5.000000e-01 5.000000e-01 1.515005e+00 -0.873358 -0.019693 -0.015447 0.943638 -0.015447 -0.019693 0.873358 -0.082275 -0.184248 -0.340311 -0.184248 -0.082275 0.000000 
5.000000e-01 5.000000e-01 1.728624e-01 5.000000e-01 5.000000e-01 1.515005e+00 -0.881996 -0.018124 -0.013617 0.945476 -0.013617 -0.018124 0.881996 -0.078224 -0.182973 -0.359602 -0.182973 -0.078224 0.000000 
5.000000e-01 5.000000e-01 1.596729e-01 5.000000e-01 5.000000e-01 1.515005e+00 -0.890655 -0.016550 -0.011781 0.947318 -0.011781 -0.016550 0.890655 -0.073863 -0.180866 -0.381197 -0.180866 -0.073863 0.000000 
5.000000e-01 5.000000e-01 1.464524e-01 5.000000e-01 5.000000e-01 1.515005e+00 -0.899338 -0.014973 -0.009940 0.949164 -0.009940 -0.014973 0.899338 -0.069146 -0.177572 -0.405902 -0.177572 -0.069146 0.000000 
5.000000e-01 5.000000e-01 1.332005e-01 5.000000e-01 5.000000e-01 1.515005e+00 -0.908046 -0.013390 -0.008095 0.951016 -0.008095 -0.013390 0.908046 -0.064124 -0.173039 -0.433720 -0.173039 -0.064124 0.000000 
5.000000e-01 5.000000e-01 1.199165e-01 5.000000e-01 5.000000e-01 1.515005e+00 -0.916782 -0.011802 -0.006243 0.952873 -0.006243 -0.011802 0.916782 -0.058798 -0.167026 -0.465134 -0.167026 -0.058798 0.000000 
5.000000e-01 5.000000e-01 1.065992e-01 5.000000e-01 5.000000e-01 1.515005e+00 -0.925550 -0.010208 -0.004385 0.954737 -0.004385 -0.010208 0.925550 -0.053123 -0.158886 -0.501532 -0.158886 -0.053123 0.000000 
5.000000e-01 5.000000e-01 9.324734e-02 5.000000e-01 5.000000e-01 1.515005e+00 -0.934354 -0.008607 -0.002519 0.956607 -0.002519 -0.008607 0.934354 -0.047163 -0.148620 -0.542788 -0.148620 -0.047163 0.000000 
5.000000e-01 5.000000e-01 7.985886e-02 5.000000e-01 5.000000e-01 1.515005e+00 -0.943201 -0.006999 -0.000645 0.958487 -0.000645 -0.006999 0.943201 -0.040926 -0.135899 -0.589550 -0.135899 -0.040926 0.000000 
5.000000e-01 5.000000e-01 6.643153e-02 5.000000e-01 5.000000e-01 1.515005e+00 -0.952101 -0.005380 0.001242 0.960378 0.001242 -0.005380 0.952101 -0.034385 -0.119881 -0.643568 -0.119881 -0.034385 0.000000 
5.000000e-01 5.000000e-01 5.296303e-02 5.000000e-01 5.000000e-01 1.515005e+00 -0.961059 -0.003751 0.003140 0.962281 0.003140 -0.003751 0.961059 -0.027608 -0.100851 -0.704142 -0.100851 -0.027608 0.000000 
5.000000e-01 5.000000e-01 3.945169e-02 5.000000e-01 5.000000e-01 1.515005e+00 -0.970082 -0.002110 0.005052 0.964198 0.005052 -0.002110 0.970082 -0.020611 -0.078659 -0.771543 -0.078659 -0.020611 0.000000 
5.000000e-01 5.000000e-01 2.589755e-02 5.000000e-01 5.000000e-01 1.515005e+00 -0.979177 -0.000456 0.006979 0.966130 0.006979 -0.000456 0.979177 -0.013410 -0.053158 -0.846042 -0.053158 -0.013410 0.000000 
5.000000e-01 5.000000e-01 1.230352e-02 5.000000e-01 5.000000e-01 1.515005e+00 -0.988329 0.001209 0.008918 0.968074 0.008918 0.001209 0.988329 -0.006078 -0.025457 -0.925260 -0.025457 -0.006078 0.000000 
5.000000e-01 5.000000e-01 4.999654e-03 5.000000e-01 5.000000e-01 1.515005e+00 -0.993256 0.002105 0.009962 0.969120 0.009962 0.002105 0.993256 -0.002108 -0.009972 -0.969095 -0.009972 -0.002108 0.000000 
5.000000e-01 5.000000e-01 4.999654e-03 5.000000e-01 5.000000e-01 1.515005e+00 -0.993256 0.002105 0.009962 0.969120 0.009962 0.002105 0.993256 -0.002108 -0.009972 -0.969095 -0.009972 -0.002108 0.000000 
5.000000e-01 5.000000e-01 4.999654e-03 5.000000e-01 5.000000e-01 1.515005e+00 -0.993256 0.002105 0.009962 0.969120 0.009962 0.002105 0.993256 -0.002108 -0.009972 -0.969095 -0.009972 -0.002108 0.000000 
5.000000e-01 5.000000e-01 4.999654e-03 5.000000e-01 5.000000e-01 1.515005e+00 -0.993256 0.002105 0.009962 0.969120 0.009962 0.002105 0.993256 -0.002108 -0.009972 -0.969095 -0.009972 -0.002108 0.000000 
5.000000e-01 5.000000e-01 4.999654e-03 5.000000e-01 5.000000e-01 1.515005e+00 -0.993256 0.002105 0.009962 0.969120 0.009962 0.002105 0.993256 -0.002108 -0.009972 -0.969095 -0.009972 -0.002108 0.000000 
5.000000e-01 5.000000e-01 4.999654e-03 5.000000e-01 5.000000e-01 1.515005e+00 -0.993256 0.002105 0.009962 0.969120 0.009962 0.002105 0.993256 -0.002108 -0.009972 -0.969095 -0.009972 -0.002108 0.000000 
5.000000e-01 5.000000e-01 4.999654e-03 5.000000e-01 5.000000e-01 1.515005e+00 -0.993256 0.002105 0.009962 0.969120 0.009962 0.002105 0.993256 -0.002108 -0.009972 -0.969095 -0.009972 -0.002108 0.000000 
5.000000e-01 5.000000e-01 4.999654e-03 5.000000e-01 5.000000e-01 1.515005e+00 -0.993256 0.002105 0.009962 0.969120 0.009962 0.002105 0.993256 -0.002108 -0.009972 -0.969095 -0.009972 -0.002108 0.000000 
5.000000e-01 5.000000e-01 4.999654e-03 5.000000e-01 5.000000e-01 1.515005e+00 -0.993256 0.002105 0.009962 0.969120 0.009962 0.002105 0.993256 -0.002108 -0.009972 -0.969095 -0.009972 -0.002108 0.000000 
5.000000e-01 5.000000e-01 4.999654e-03 5.000000e-01 5.000000e-01 1.515005e+00 -0.993256 0.002105 0.009962 0.969120 0.009962 0.002105 0.993256 -0.002108 -0.009972 -0.969095 -0.009972 -0.002108 0.000000 
5.000000e-01 5.000000e-01 4.999654e-03 5.000000e-01 5.000000e-01 1.515005e+00 -0.993256 0.002105 0.009962 0.969120 0.009962 0.002105 0.993256 -0.002108 -0.009972 -0.969095 -0.009972 -0.002108 0.000000 
5.000000e-01 5.000000e-01 4.999654e-03 5.000000e-01 5.000000e-01 1.515005e+00 -0.993256 0.002105 0.009962 0.969120 0.009962 0.002105 0.993256 -0.002108 -0.009972 -0.969095 -0.009972 -0.002108 0.000000 
5.000000e-01 5.000000e-01 4.999654e-03 5.000000e-01 5.000000e-01 1.515005e+00 -0.993256 0.002105 0.009962 0.969120 0.009962 0.002105 0.993256 -0.002108 -0.009972 -0.969095 -0.009972 -0.002108 0.000000 
5.000000e-01 5.000000e-01 4.999654e-03 5.000000e-01 5.000000e-01 1.515005e+00 -0.993256 0.002105 0.009962 0.969120 0.009962 0.002105 0.993256 -0.002108 -0.009972 -0.969095 -0.009972 -0.002108 0.000000 
5.000000e-01 5.000000e-01 4.999654e-03 5.000000e-01 5.000000e-01 1.515005e+00 -0.993256 0.002105 0.009962 0.969120 0.009962 0.002105 0.993256 -0.002108 -0.009972 -0.969095 -0.009972 -0.002108 0.000000 
5.000000e-01 5.000000e-01 4.999654e-03 5.000000e-01 5.000000e-01 1.515005e+00 -0.993256 0.002105 0.009962 0.969120 0.009962 0.002105 0.993256 -0.002108 -0.009972 -0.969095 -0.009972 -0.002108 0.000000 
5.000000e-01 5.000000e-01 4.999654e-03 5.000000e-01 5.000000e-01 1.515005e+00 -0.993256 0.002105 0.009962 0.969120 0.009962 0.002105 0.993256 -0.002108 -0.009972 -0.969095 -0.009972 -0.002108 0.000000 
5.000000e-01 5.000000e-01 4.999654e-03 5.000000e-01 5.000000e-01 1.515005e+00 -0.993256 0.002105 0.009962 0.969120 0.009962 0.002105 0.993256 -0.002108 -0.009972 -0.969095 -0.009972 -0.002108 0.000000 
5.000000e-01 5.000000e-01 4.999654e-03 5.000000e-01 5.000000e-01 1.515005e+00 -0.993256 0.002105 0.009962 0.969120 0.009962 0.002105 0.993256 -0.002108 -0.009972 -0.969095 -0.009972 -0.002108 0.000000 
5.000000e-01 5.000000e-01 4.999654e-03 5.000000e-01 5.000000e-01 1.515005e+00 -0.993256 0.002105 0.009962 0.969120 0.009962 0.002105 0.993256 -0.002108 -0.009972 -0.969095 -0.009972 -0.002108 0.000000 
5.000000e-01 5.000000e-01 4.999654e-03 5.000000e-01 5.000000e-01 1.515005e+00 -0.993256 0.002105 0.009962 0.969120 0.009962 0.002105 0.993256 -0.002108 -0.009972 -0.969095 -0.009972 -0.002108 0.000000 
5.000000e-01 5.000000e-01 4.999654e-03 5.000000e-01 5.000000e-01 1.515005e+00 -0.993256 0.002105 0.009962 0.969120 0.009962 0.002105 0.993256 -0.002108 -0.009972 -0.969095 -0.009972 -0.002108 0.000000 
5.000000e-01 5.000000e-01 4.999654e-03 5.000000e-01 5.000000e-01 1.515005e+00 -0.993256 0.002105 0.009962 0.969120 0.009962 0.002105 0.993256 -0.002108 -0.009972 -0.969095 -0.009972 -0.002108 0.000000 
5.000000e-01 5.000000e-01 4.999654e-03 5.000000e-01 5.000000e-01 1.515005e+00 -0.993256 0.002105 0.009962 0.969120 0.009962 0.002105 0.993256 -0.002108 -0.009972 -0.969095 -0.009972 -0.002108 0.000000 
5.000000e-01 5.000000e-01 4.999654e-03 5.000000e-01 5.000000e-01 1.515005e+00 -0.993256 0.002105 0.009962 0.969120 0.009962 0.002105 0.993256 -0.002108 -0.009972 -0.969095 -0.009972 -0.002108 0.000000 
5.000000e-01 5.000000e-01 4.999654e-03 5.000000e-01 5.000000e-01 1.515005e+00 -0.993256 0.002105 0.009962 0.969120 0.009962 0.002105 0.993256 -0.002108 -0.009972 -0.969095 -0.009972 -0.002108 0.000000 
5.000000e-01 5.000000e-01 4.999654e-03 5.000000e-01 5.000000e-01 1.515005e+00 -0.993256 0.002105 0.009962 0.969120 0.009962 0.002105 0.993256 -0.002108 -0.009972 -0.969095 -0.009972 -0.002108 0.000000 
5.000000e-01 5.000000e-01 4.999654e-03 5.000000e-01 5.000000e-01 1.515005e+00 -0.993256 0.002105 0.009962 0.969120 0.009962 0.002105 0.993256 -0.002108 -0.009972 -0.969095 -0.009972 -0.002108 0.000000 
5.000000e-01 5.000000e-01 4.999654e-03 5.000000e-01 5.000000e-01 1.515005e+00 -0.993256 0.002105 0.009962 0.969120 0.009962 0.002105 0.993256 -0.002108 -0.009972 -0.969095 -0.009972 -0.002108 0.000000 
5.000000e-01 5.000000e-01 4.999654e-03 5.000000e-01 5.000000e-01 1.515005e+00 -0.993256 0.002105 0.009962 0.969120 0.009962 0.002105 0.993256 -0.002108 -0.009972 -0.969095 -0.009972 -0.002108 0.000000 
5.000000e-01 5.000000e-01 4.999654e-03 5.000000e-01 5.000000e-01 1.515005e+00 -0.993256 0.002105 0.009962 0.969120 0.009962 0.002105 0.993256 -0.002108 -0.009972 -0.969095 -0.009972 -0.002108 0.000000 
5.000000e-01 5.000000e-01 4.999654e-03 5.000000e-01 5.000000e-01 1.515005e+00 -0.993256 0.002105 0.009962 0.969120 0.009962 0.002105 0.993256 -0.002108 -0.009972 -0.969095 -0.009972 -0.002108 0.000000 
5.000000e-01 5.000000e-01 4.999654e-03 5.000000e-01 5.000000e-01 1.515005e+00 -0.993256 0.002105 0.009962 0.969120 0.009962 0.002105 0.993256 -0.002108 -0.009972 -0.969095 -0.009972 -0.002108 0.000000 
5.000000e-01 5.000000e-01 4.999654e-03 5.000000e-01 5.000000e-01 1.515005e+00 -0.993256 0.002105 0.009962 0.969120 0.009962 0.002105 0.993256 -0.002108 -0.009972 -0.969095 -0.009972 -0.002108 0.000000 
5.000000e-01 5.000000e-01 4.999654e-03 5.000000e-01 5.000000e-01 1.515005e+00 -0.993256 0.002105 0.009962 0.969120 0.009962 0.002105 0.993256 -0.002108 -0.009972 -0.969095 -0.009972 -0.002108 0.000000 
5.000000e-01 5.000000e-01 4.999654e-03 5.000000e-01 5.000000e-01 1.515005e+00 -0.993256 0.002105 0.009962 0.969120 0.009962 0.002105 0.993256 -0.002108 -0.009972 -0.969095 -0.009972 -0.002108 0.000000 
5.000000e-01 5.000000e-01 4.999654e-03 5.000000e-01 5.000000e-01 1.515005e+00 -0.993256 0.002105 0.009962 0.969120 0.009962 0.002105 0.993256 -0.002108 -0.009972 -0.969095 -0.009972 -0.002108 0.000000 
5.000000e-01 5.000000e-01 4.999654e-03 5.000000e-01 5.000000e-01 1.515005e+00 -0.993256 0.002105 0.009962 0.969120 0.009962 0.002105 0.993256 -0.002108 -0.009972 -0.969095 -0.009972 -0.002108 0.000000 
5.000000e-01 5.000000e-01 4.999654e-03 5.000000e-01 5.000000e-01 1.515005e+00 -0.993256 0.002105 0.009962 0.969120 0.009962 0.002105 0.993256 -0.002108 -0.009972 -0.969095 -0.009972 -0.002108 0.000000 
5.000000e-01 5.000000e-01 4.999654e-03 5.000000e-01 5.000000e-01 1.515005e+00 -0.993256 0.002105 0.009962 0.969120 0.009962 0.002105 0.993256 -0.002108 -0.009972 -0.969095 -0.009972 -0.002108 0.000000 
5.000000e-01 5.000000e-01 4.999654e-03 5.000000e-01 5.000000e-01 1.515005e+00 -0.993256 0.002105 0.009962 0.969120 0.009962 0.002105 0.993256 -0.002108 -0.009972 -0.969095 -0.009972 -0.002108 0.000000 
5.000000e-01 5.000000e-01 4.999654e-03 5.000000e-01 5.000000e-01 1.515005e+00 -0.993256 0.002105 0.009962 0.969120 0.009962 0.002105 0.993256 -0.002108 -0.009972 -0.969095 -0.009972 -0.002108 0.000000 
5.000000e-01 5.000000e-01 4.999654e-03 5.000000e-01 5.000000e-01 1.515005e+00 -0.993256 0.002105 0.009962 0.969120 0.009962 0.002105 0.993256 -0.002108 -0.009972 -0.969095 -0.009972 -0.002108 0.000000 
5.000000e-01 5.000000e-01 4.999654e-03 5.000000e-01 5.000000e-01 1.515005e+00 -0.993256 0.002105 0.009962 0.969120 0.009962 0.002105 0.993256 -0.002108 -0.009972 -0.969095 -0.009972 -0.002108 0.000000 
5.000000e-01 5.000000e-01 4.999654e-03 5.000000e-01 5.000000e-01 1.515005e+00 -0.993256 0.002105 0.009962 0.969120 0.009962 0.002105 0.993256 -0.002108 -0.009972 -0.969095 -0.009972 -0.002108 0.000000 
5.000000e-01 5.000000e-01 4.999654e-03 5.000000e-01 5.000000e-01 1.515005e+00 -0.993256 0.002105 0.009962 0.969120 0.009962 0.002105 0.993256 -0.002108 -0.009972 -0.969095 -0.009972 -0.002108 0.000000 
5.000000e-01 5.000000e-01 4.999654e-03 5.000000e-01 5.000000e-01 1.515005e+00 -0.993256 0.002105 0.009962 0.969120 0.009962 0.002105 0.993256 -0.002108 -0.009972 -0.969095 -0.009972 -0.002108 0.000000 
5.000000e-01 5.000000e-01 4.999654e-03 5.000000e-01 5.000000e-01 1.515005e+00 -0.993256 0.002105 0.009962 0.969120 0.009962 0.002105 0.993256 -0.002108 -0.009972 -0.969095 -0.009972 -0.002108 0.000000 
5.000000e-01 5.000000e-01 4.999654e-03 5.000000e-01 5.000000e-01 1.515005e+00 -0.993256 0.002105 0.009962 0.969120 0.009962 0.002105 0.993256 -0.002108 -0.009972 -0.969095 -0.009972 -0.002108 0.000000 
5.000000e-01 5.000000e-01 4.999654e-03 5.000000e-01 5.000000e-01 1.515005e+00 -0.993256 0.002105 0.009962 0.969120 0.009962 0.002105 0.993256 -0.002108 -0.009972 -0.969095 -0.009972 -0.002108 0.000000 
5.000000e-01 5.000000e-01 4.999654e-03 5.000000e-01 5.000000e-01 1.515005e+00 -0.993256 0.002105 0.009962 0.969120 0.009962 0.002105 0.993256 -0.002108 -0.009972 -0.969095 -0.009972 -0.002108 0.000000 
5.000000e-01 5.000000e-01 4.999654e-03 5.000000e-01 5.000000e-01 1.515005e+00 -0.993256 0.002105 0.009962 0.969120 0.009962 0.002105 0.993256 -0.002108 -0.009972 -0.969095 -0.009972 -0.002108 0.000000 
5.000000e-01 5.000000e-01 4.999654e-03 5.000000e-01 5.000000e-01 1.515005e+00 -0.993256 0.002105 0.009962 0.969120 0.009962 0.002105 0.993256 -0.002108 -0.009972 -0.969095 -0.009972 -0.002108 0.000000 
5.000000e-01 5.000000e-01 4.999654e-03 5.000000e-01 5.000000e-01 1.515005e+00 -0.993256 0.002105 0.009962 0.969120 0.009962 0.002105 0.993256 -0.002108 -0.009972 -0.969095 -0.009972 -0.002108 0.000000 
5.000000e-01 5.000000e-01 4.999654e-03 5.000000e-01 5.000000e-01 1.515005e+00 -0.993256 0.002105 0.009962 0.969120 0.009962 0.002105 0.993256 -0.002108 -0.009972 -0.969095 -0.009972 -0.002108 0.000000 
5.000000e-01 5.000000e-01 4.999654e-03 5.000000e-01 5.000000e-01 1.515005e+00 -0.993256 0.002105 0.009962 0.969120 0.009962 0.002105 0.993256 -0.002108 -0.009972 -0.969095 -0.009972 -0.002108 0.000000 
5.000000e-01 5.000000e-01 4.999654e-03 5.000000e-01 5.000000e-01 1.515005e+00 -0.993256 0.002105 0.009962 0.969120 0.009962 0.002105 0.993256 -0.002108 -0.009972 -0.969095 -0.009972 -0.002108 0.000000 
5.000000e-01 5.000000e-01 4.999654e-03 5.000000e-01 5.000000e-01 1.515005e+00 -0.993256 0.002105 0.009962 0.969120 0.009962 0.002105 0.993256 -0.002108 -0.009972 -0.969095 -0.009972 -0.002108 0.000000 
5.000000e-01 5.000000e-01 4.999654e-03 5.000000e-01 5.000000e-01 1.515005e+00 -0.993256 0.002105 0.009962 0.969120 0.009962 0.002105 0.993256 -0.002108 -0.009972 -0.969095 -0.009972 -0.002108 0.000000 
5.000000e-01 5.000000e-01 4.999654e-03 5.000000e-01 5.000000e-01 1.515005e+00 -0.993256 0.002105 0.009962 0.969120 0.009962 0.002105 0.993256 -0.002108 -0.009972 -0.969095 -0.009972 -0.002108 0.000000 
5.000000e-01 5.000000e-01 4.999654e-03 5.000000e-01 5.000000e-01 1.515005e+00 -0.993256 0.002105 0.009962 0.969120 0.009962 0.002105 0.993256 -0.002108 -0.009972 -0.969095 -0.009972 -0.002108 0.000000 
5.000000e-01 5.000000e-01 4.999654e-03 5.000000e-01 5.000000e-01 1.515005e+00 -0.993256 0.002105 0.009962 0.969120 0.009962 0.002105 0.993256 -0.002108 -0.009972 -0.969095 -0.009972 -0.002108 0.000000 
5.000000e-01 5.000000e-01 4.999654e-03 5.000000e-01 5.000000e-01 1.515005e+00 -0.993256 0.002105 0.009962 0.969120 0.009962 0.002105 0.993256 -0.002108 -0.009972 -0.969095 -0.009972 -0.002108 0.000000 
5.000000e-01 5.000000e-01 4.999654e-03 5.000000e-01 5.000000e-01 1.515005e+00 -0.993256 0.002105 0.009962 0.969120 0.009962 0.002105 0.993256 -0.002108 -0.009972 -0.969095 -0.009972 -0.002108 0.000000 
5.000000e-01 5.000000e-01 4.999654e-03 5.000000e-01 5.000000e-01 1.515005e+00 -0.993256 0.002105 0.009962 0.969120 0.009962 0.002105 0.993256 -0.002108 -0.009972 -0.969095 -0.009972 -0.002108 0.000000 
5.000000e-01 5.000000e-01 4.999654e-03 5.000000e-01 5.000000e-01 1.515005e+00 -0.993256 0.002105 0.009962 0.969120 0.009962 0.002105 0.993256 -0.002108 -0.009972 -0.969095 -0.009972 -0.002108 0.000000 
5.000000e-01 5.000000e-01 4.999654e-03 5.000000e-01 5.000000e-01 1.515005e+00 -0.993256 0.002105 0.009962 0.969120 0.009962 0.002105 0.993256 -0.002108 -0.009972 -0.969095 -0.009972 -0.002108 0.000000 
5.000000e-01 5.000000e-01 4.999654e-03 5.000000e-01 5.000000e-01 1.515005e+00 -0.993256 0.002105 0.009962 0.969120 0.009962 0.002105 0.993256 -0.002108 -0.009972 -0.969095 -0.009972 -0.002108 0.000000 
5.000000e-01 5.000000e-01 4.999654e-03 5.000000e-01 5.000000e-01 1.515005e+00 -0.993256 0.002105 0.009962 0.969120 0.009962 0.002105 0.993256 -0.002108 -0.009972 -0.969095 -0.009972 -0.002108 0.000000 
5.000000e-01 5.000000e-01 4.999654e-03 5.000000e-01 5.000000e-01 1.515005e+00 -0.993256 0.002105 0.009962 0.969120 0.009962 0.002105 0.993256 -0.002108 -0.009972 -0.969095 -0.009972 -0.002108 0.000000 
5.000000e-01 5.000000e-01 4.999654e-03 5.000000e-01 5.000000e-01 1.515005e+00 -0.993256 0.002105 0.009962 0.969120 0.009962 0.002105 0.993256 -0.002108 -0.009972 -0.969095 -0.009972 -0.002108 0.000000 
5.000000e-01 5.000000e-01 4.999654e-03 5.000000e-01 5.000000e-01 1.515005e+00 -0.993256 0.002105 0.009962 0.969120 0.009962 0.002105 0.993256 -0.002108 -0.009972 -0.969095 -0.009972 -0.002108 0.000000 
5.000000e-01 5.000000e-01 4.999654e-03 5.000000e-01 5.000000e-01 1.515005e+00 -0.993256 0.002105 0.009962 0.969120 0.009962 0.002105 0.993256 -0.002108 -0.009972 -0.969095 -0.009972 -0.002108 0.000000 
5.000000e-01 5.000000e-01 4.999654e-03 5.000000e-01 5.000000e-01 1.515005e+00 -0.993256 0.002105 0.009962 0.969120 0.009962 0.002105 0.993256 -0.002108 -0.009972 -0.969095 -0.009972 -0.002108 0.000000 
5.000000e-01 5.000000e-01 4.999654e-03 5.000000e-01 5.000000e-01 1.515005e+00 -0.993256 0.002105 0.009962 0.969120 0.009962 0.002105 0.993256 -0.002108 -0.009972 -0.969095 -0.009972 -0.002108 0.000000 
5.000000e-01 5.000000e-01 4.999654e-03 5.000000e-01 5.000000e-01 1.515005e+00 -0.993256 0.002105 0.009962 0.969120 0.009962 0.002105 0.993256 -0.002108 -0.009972 -0.969095 -0.009972 -0.002108 0.000000 
5.000000e-01 5.000000e-01 4.999654e-03 5.000000e-01 5.000000e-01 1.515005e+00 -0.993256 0.002105 0.009962 0.969120 0.009962 0.002105 0.993256 -0.002108 -0.009972 -0.969095 -0.009972 -0.002108 0.000000 
5.000000e-01 5.000000e-01 4.999654e-03 5.000000e-01 5.000000e-01 1.515005e+00 -0.993256 0.002105 0.009962 0.969120 0.009962 0.002105 0.993256 -0.002108 -0.009972 -0.969095 -0.009972 -0.002108 0.000000 
5.000000e-01 5.000000e-01 4.999654e-03 5.000000e-01 5.000000e-01 1.515005e+00 -0.993256 0.002105 0.009962 0.969120 0.009962 0.002105 0.993256 -0.002108 -0.009972 -0.969095 -0.009972 -0.002108 0.000000 
5.000000e-01 5.000000e-01 4.999654e-03 5.000000e-01 5.000000e-01 1.515005e+00 -0.993256 0.002105 0.009962 0.969120 0.009962 0.002105 0.993256 -0.002108 -0.009972 -0.969095 -0.009972 -0.002108 0.000000 
5.000000e-01 5.000000e-01 4.999654e-03 5.000000e-01 5.000000e-01 1.515005e+00 -0.993256 0.002105 0.009962 0.969120 0.009962 0.002105 0.993256 -0.002108 -0.009972 -0.969095 -0.009972 -0.002108 0.000000 
5.000000e-01 5.000000e-01 4.999654e-03 5.000000e-01 5.000000e-01 1.515005e+00 -0.993256 0.002105 0.009962 0.969120 0.009962 0.002105 0.993256 -0.002108 -0.009972 -0.969095 -0.009972 -0.002108 0.000000 
5.000000e-01 5.000000e-01 4.999654e-03 5.000000e-01 5.000000e-01 1.515005e+00 -0.993256 0.002105 0.009962 0.969120 0.009962 0.002105 0.993256 -0.002108 -0.009972 -0.969095 -0.009972 -0.002108 0.000000 
5.000000e-01 5.000000e-01 4.999654e-03 5.000000e-01 5.000000e-01 1.515005e+00 -0.993256 0.002105 0.009962 0.969120 0.009962 0.002105 0.993256 -0.002108 -0.009972 -0.969095 -0.009972 -0.002108 0.000000 
5.000000e-01 5.000000e-01 4.999654e-03 5.000000e-01 5.000000e-01 1.515005e+00 -0.993256 0.002105 0.009962 0.969120 0.009962 0.002105 0.993256 -0.002108 -0.009972 -0.969095 -0.009972 -0.002108 0.000000 
5.000000e-01 5.000000e-01 4.999654e-03 5.000000e-01 5.000000e-01 1.515005e+00 -0.993256 0.002105 0.009962 0.969120 0.009962 0.002105 0.993256 -0.002108 -0.009972 -0.969095 -0.009972 -0.002108 0.000000 
5.000000e-01 5.000000e-01 4.999654e-03 5.000000e-01 5.000000e-01 1.515005e+00 -0.993256 0.002105 0.009962 0.969120 0.009962 0.002105 0.993256 -0.002108 -0.009972 -0.969095 -0.009972 -0.002108 0.000000 
5.000000e-01 5.000000e-01 4.999654e-03 5.000000e-01 5.000000e-01 1.515005e+00 -0.993256 0.002105 0.009962 0.969120 0.009962 0.002105 0.993256 -0.002108 -0.009972 -0.969095 -0.009972 -0.002108 0.000000 
5.000000e-01 5.000000e-01 4.999654e-03 5.000000e-01 5.000000e-01 1.515005e+00 -0.993256 0.002105 0.009962 0.969120 0.009962 0.002105 0.993256 -0.002108 -0.009972 -0.969095 -0.009972 -0.002108 0.000000 
5.000000e-01 5.000000e-01 4.999654e-03 5.000000e-01 5.000000e-01 1.515005e+00 -0.993256 0.002105 0.009962 0.969120 0.009962 0.002105 0.993256 -0.002108 -0.009972 -0.969095 -0.009972 -0.002108 0.000000 
5.000000e-01 5.000000e-01 4.999654e-03 5.000000e-01 5.000000e-01 1.515005e+00 -0.993256 0.002105 0.009962 0.969120 0.009962 0.002105 0.993256 -0.002108 -0.009972 -0.969095 -0.009972 -0.002108 0.000000 
5.000000e-01 5.000000e-01 4.999654e-03 5.000000e-01 5.000000e-01 1.515005e+00 -0.993256 0.002105 0.009962 0.969120 0.009962 0.002105 0.993256 -0.002108 -0.009972 -0.969095 -0.009972 -0.002108 0.000000 
5.000000e-01 5.000000e-01 4.999654e-03 5.000000e-01 5.000000e-01 1.515005e+00 -0.993256 0.002105 0.009962 0.969120 0.009962 0.002105 0.993256 -0.002108 -0.009972 -0.969095 -0.009972 -0.002108 0.000000 
5.000000e-01 5.000000e-01 4.999654e-03 5.000000e-01 5.000000e-01 1.515005e+00 -0.993256 0.002105 0.009962 0.969120 0.009962 0.002105 0.993256 -0.002108 -0.009972 -0.969095 -0.009972 -0.002108 0.000000 
5.000000e-01 5.000000e-01 4.999654e-03 5.000000e-01 5.000000e-01 1.515005e+00 -0.993256 0.002105 0.009962 0.969120 0.009962 0.002105 0.993256 -0.002108 -0.009972 -0.969095 -0.009972 -0.002108 0.000000 
5.000000e-01 5.000000e-01 4.999654e-03 5.000000e-01 5.000000e-01 1.515005e+00 -0.993256 0.002105 0.009962 0.969120 0.009962 0.002105 0.993256 -0.002108 -0.009972 -0.969095 -0.009972 -0.002108 0.000000 
5.000000e-01 5.000000e-01 4.999654e-03 5.000000e-01 5.000000e-01 1.515005e+00 -0.993256 0.002105 0.009962 0.969120 0.009962 0.002105 0.993256 -0.002108 -0.009972 -0.969095 -0.009972 -0.002108 0.000000 
5.000000e-01 5.000000e-01 4.999654e-03 5.000000e-01 5.000000e-01 1.515005e+00 -0.993256 0.002105 0.009962 0.969120 0.009962 0.002105 0.993256 -0.002108 -0.009972 -0.969095 -0.009972 -0.002108 0.000000 
5.000000e-01 5.000000e-01 4.999654e-03 5.000000e-01 5.000000e-01 1.515005e+00 -0.993256 0.002105 0.009962 0.969120 0.009962 0.002105 0.993256 -0.002108 -0.009972 -0.969095 -0.009972 -0.002108 0.000000 
5.000000e-01 5.000000e-01 4.999654e-03 5.000000e-01 5.000000e-01 1.515005e+00 -0.993256 0.002105 0.009962 0.969120 0.009962 0.002105 0.993256 -0.002108 -0.009972 -0.969095 -0.009972 -0.002108 0.000000 
5.000000e-01 5.000000e-01 4.999654e-03 5.000000e-01 5.000000e-01 1.515005e+00 -0.993256 0.002105 0.009962 0.969120 0.009962 0.002105 0.993256 -0.002108 -0.009972 -0.969095 -0.009972 -0.002108 0.000000 
5.000000e-01 5.000000e-01 4.999654e-03 5.000000e-01 5.000000e-01 1.515005e+00 -0.993256 0.002105 0.009962 0.969120 0.009962 0.002105 0.993256 -0.002108 -0.009972 -0.969095 -0.009972 -0.002108 0.000000 
5.000000e-01 5.000000e-01 4.999654e-03 5.000000e-01 5.000000e-01 1.515005e+00 -0.993256 0.002105 0.009962 0.969120 0.009962 0.002105 0.993256 -0.002108 -0.009972 -0.969095 -0.009972 -0.002108 0.000000 
5.000000e-01 5.000000e-01 4.999654e-03 5.000000e-01 5.000000e-01 1.515005e+00 -0.993256 0.002105 0.009962 0.969120 0.009962 0.002105 0.993256 -0.002108 -0.009972 -0.969095 -0.009972 -0.002108 0.000000 
5.000000e-01 5.000000e-01 4.999654e-03 5.000000e-01 5.000000e-01 1.515005e+00 -0.993256 0.002105 0.009962 0.969120 0.009962 0.002105 0.993256 -0.002108 -0.009972 -0.969095 -0.009972 -0.002108 0.000000 
5.000000e-01 5.000000e-01 4.999654e-03 5.000000e-01 5.000000e-01 1.515005e+00 -0.993256 0.002105 0.009962 0.969120 0.009962 0.002105 0.993256 -0.002108 -0.009972 -0.969095 -0.009972 -0.002108 0.000000 
5.000000e-01 5.000000e-01 4.999654e-03 5.000000e-01 5.000000e-01 1.515005e+00 -0.993256 0.002105 0.009962 0.969120 0.009962 0.002105 0.993256 -0.002108 -0.009972 -0.969095 -0.009972 -0.002108 0.000000 
5.000000e-01 5.000000e-01 4.999654e-03 5.000000e-01 5.000000e-01 1.515005e+00 -0.993256 0.002105 0.009962 0.969120 0.009962 0.002105 0.993256 -0.002108 -0.009972 -0.969095 -0.009972 -0.002108 0.000000 
5.000000e-01 5.000000e-01 4.999654e-03 5.000000e-01 5.000000e-01 1.515005e+00 -0.993256 0.002105 0.009962 0.969120 0.009962 0.002105 0.993256 -0.002108 -0.009972 -0.969095 -0.009972 -0.002108 0.000000 
5.000000e-01 5.000000e-01 4.999654e-03 5.000000e-01 5.000000e-01 1.515005e+00 -0.993256 0.002105 0.009962 0.969120 0.009962 0.002105 0.993256 -0.002108 -0.009972 -0.969095 -0.009972 -0.002108 0.000000 
5.000000e-01 5.000000e-01 4.999654e-03 5.000000e-01 5.000000e-01 1.515005e+00 -0.993256 0.002105 0.009962 0.969120 0.009962 0.002105 0.993256 -0.002108 -0.009972 -0.969095 -0.009972 -0.002108 0.000000 
5.000000e-01 5.000000e-01 4.999654e-03 5.000000e-01 5.000000e-01 1.515005e+00 -0.993256 0.002105 0.009962 0.969120 0.009962 0.002105 0.993256 -0.002108 -0.009972 -0.969095 -0.009972 -0.002108 0.000000 
5.000000e-01 5.000000e-01 4.999654e-03 5.000000e-01 5.000000e-01 1.515005e+00 -0.993256 0.002105 0.009962 0.969120 0.009962 0.002105 0.993256 -0.002108 -0.009972 -0.969095 -0.009972 -0.002108 0.000000 
5.000000e-01 5.000000e-01 4.999654e-03 5.000000e-01 5.000000e-01 1.515005e+00 -0.993256 0.002105 0.009962 0.969120 0.009962 0.002105 0.993256 -0.002108 -0.009972 -0.969095 -0.009972 -0.002108 0.000000 
5.000000e-01 5.000000e-01 4.999654e-03 5.000000e-01 5.000000e-01 1.515005e+00 -0.993256 0.002105 0.009962 0.969120 0.009962 0.002105 0.993256 -0.002108 -0.009972 -0.969095 -0.009972 -0.002108 0.000000 
5.000000e-01 5.000000e-01 4.999654e-03 5.000000e-01 5.000000e-01 1.515005e+00 -0.993256 0.002105 0.009962 0.969120 0.009962 0.002105 0.993256 -0.002108 -0.009972 -0.969095 -0.009972 -0.002108 0.000000 
5.000000e-01 5.000000e-01 4.999654e-03 5.000000e-01 5.000000e-01 1.515005e+00 -0.993256 0.002105 0.009962 0.969120 0.009962 0.002105 0.993256 -0.002108 -0.009972 -0.969095 -0.009972 -0.002108 0.000000 
5.000000e-01 5.000000e-01 4.999654e-03 5.000000e-01 5.000000e-01 1.515005e+00 -0.993256 0.002105 0.009962 0.969120 0.009962 0.002105 0.993256 -0.002108 -0.009972 -0.969095 -0.009972 -0.002108 0.000000 
5.000000e-01 5.000000e-01 4.999654e-03 5.000000e-01 5.000000e-01 1.515005e+00 -0.993256 0.002105 0.009962 0.969120 0.009962 0.002105 0.993256 -0.002108 -0.009972 -0.969095 -0.009972 -0.002108 0.000000 
5.000000e-01 5.000000e-01 4.999654e-03 5.000000e-01 5.000000e-01 1.515005e+00 -0.993256 0.002105 0.009962 0.969120 0.009962 0.002105 0.993256 -0.002108 -0.009972 -0.969095 -0.009972 -0.002108 0.000000 
5.000000e-01 5.000000e-01 4.999654e-03 5.000000e-01 5.000000e-01 1.515005e+00 -0.993256 0.002105 0.009962 0.969120 0.009962 0.002105 0.993256 -0.002108 -0.009972 -0.969095 -0.009972 -0.002108 0.000000 
5.000000e-01 5.000000e-01 4.999654e-03 5.000000e-01 5.000000e-01 1.515005e+00 -0.993256 0.002105 0.009962 0.969120 0.009962 0.002105 0.993256 -0.002108 -0.009972 -0.969095 -0.009972 -0.002108 0.000000 
5.000000e-01 5.000000e-01 4.999654e-03 5.000000e-01 5.000000e-01 1.515005e+00 -0.993256 0.002105 0.009962 0.969120 0.009962 0.002105 0.993256 -0.002108 -0.009972 -0.969095 -0.009972 -0.002108 0.000000 
5.000000e-01 5.000000e-01 4.999654e-03 5.000000e-01 5.000000e-01 1.515005e+00 -0.993256 0.002105 0.009962 0.969120 0.009962 0.002105 0.993256 -0.002108 -0.009972 -0.969095 -0.009972 -0.002108 0.000000 
5.000000e-01 5.000000e-01 4.999654e-03 5.000000e-01 5.000000e-01 1.515005e+00 -0.993256 0.002105 0.009962 0.969120 0.009962 0.002105 0.993256 -0.002108 -0.009972 -0.969095 -0.009972 -0.002108 0.000000 
5.000000e-01 5.000000e-01 4.999654e-03 5.000000e-01 5.000000e-01 1.515005e+00 -0.993256 0.002105 0.009962 0.969120 0.009962 0.002105 0.993256 -0.002108 -0.009972 -0.969095 -0.009972 -0.002108 0.000000 
5.000000e-01 5.000000e-01 4.999654e-03 5.000000e-01 5.000000e-01 1.515005e+00 -0.993256 0.002105 0.009962 0.969120 0.009962 0.002105 0.993256 -0.002108 -0.009972 -0.969095 -0.009972 -0.002108 0.000000 
5.000000e-01 5.000000e-01 4.999654e-03 5.000000e-01 5.000000e-01 1.515005e+00 -0.993256 0.002105 0.009962 0.969120 0.009962 0.002105 0.993256 -0.002108 -0.009972 -0.969095 -0.009972 -0.002108 0.000000 
5.000000e-01 5.000000e-01 4.999654e-03 5.000000e-01 5.000000e-01 1.515005e+00 -0.993256 0.002105 0.009962 0.969120 0.009962 0.002105 0.993256 -0.002108 -0.009972 -0.969095 -0.009972 -0.002108 0.000000 
5.000000e-01 5.000000e-01 4.999654e-03 5.000000e-01 5.000000e-01 1.515005e+00 -0.993256 0.002105 0.009962 0.969120 0.009962 0.002105 0.993256 -0.002108 -0.009972 -0.969095 -0.009972 -0.002108 0.000000 
5.000000e-01 5.000000e-01 4.999654e-03 5.000000e-01 5.000000e-01 1.515005e+00 -0.993256 0.002105 0.009962 0.969120 0.009962 0.002105 0.993256 -0.002108 -0.009972 -0.969095 -0.009972 -0.002108 0.000000 
5.000000e-01 5.000000e-01 4.999654e-03 5.000000e-01 5.000000e-01 1.515005e+00 -0.993256 0.002105 0.009962 0.969120 0.009962 0.002105 0.993256 -0.002108 -0.009972 -0.969095 -0.009972 -0.002108 0.000000 
5.000000e-01 5.000000e-01 4.999654e-03 5.000000e-01 5.000000e-01 1.515005e+00 -0.993256 0.002105 0.009962 0.969120 0.009962 0.002105 0.993256 -0.002108 -0.009972 -0.969095 -0.009972 -0.002108 0.000000 
5.000000e-01 5.000000e-01 4.999654e-03 5.000000e-01 5.000000e-01 1.515005e+00 -0.993256 0.002105 0.009962 0.969120 0.009962 0.002105 0.993256 -0.002108 -0.009972 -0.969095 -0.009972 -0.002108 0.000000 
5.000000e-01 5.000000e-01 4.999654e-03 5.000000e-01 5.000000e-01 1.515005e+00 -0.993256 0.002105 0.009962 0.969120 0.009962 0.002105 0.993256 -0.002108 -0.009972 -0.969095 -0.009972 -0.002108 0.000000 
5.000000e-01 5.000000e-01 4.999654e-03 5.000000e-01 5.000000e-01 1.515005e+00 -0.993256 0.002105 0.009962 0.969120 0.009962 0.002105 0.993256 -0.002108 -0.009972 -0.969095 -0.009972 -0.002108 0.000000 
5.000000e-01 5.000000e-01 4.999654e-03 5.000000e-01 5.000000e-01 1.515005e+00 -0.993256 0.002105 0.009962 0.969120 0.009962 0.002105 0.993256 -0.002108 -0.009972 -0.969095 -0.009972 -0.002108 0.000000 
5.000000e-01 5.000000e-01 4.999654e-03 5.000000e-01 5.000000e-01 1.515005e+00 -0.993256 0.002105 0.009962 0.969120 0.009962 0.002105 0.993256 -0.002108 -0.009972 -0.969095 -0.009972 -0.002108 0.000000 
5.000000e-01 5.000000e-01 4.999654e-03 5.000000e-01 5.000000e-01 1.515005e+00 -0.993256 0.002105 0.009962 0.969120 0.009962 0.002105 0.993256 -0.002108 -0.009972 -0.969095 -0.009972 -0.002108 0.000000 
5.000000e-01 5.000000e-01 4.999654e-03 5.000000e-01 5.000000e-01 1.515005e+00 -0.993256 0.002105 0.009962 0.969120 0.009962 0.002105 0.993256 -0.002108 -0.009972 -0.969095 -0.009972 -0.002108 0.000000 
5.000000e-01 5.000000e-01 4.999654e-03 5.000000e-01 5.000000e-01 1.515005e+00 -0.993256 0.002105 0.009962 0.969120 0.009962 0.002105 0.993256 -0.002108 -0.009972 -0.969095 -0.009972 -0.002108 0.000000 
5.000000e-01 5.000000e-01 4.999654e-03 5.000000e-01 5.000000e-01 1.515005e+00 -0.993256 0.002105 0.009962 0.969120 0.009962 0.002105 0.993256 -0.002108 -0.009972 -0.969095 -0.009972 -0.002108 0.000000 
5.000000e-01 5.000000e-01 4.999654e-03 5.000000e-01 5.000000e-01 1.515005e+00 -0.993256 0.002105 0.009962 0.969120 0.009962 0.002105 0.993256 -0.002108 -0.009972 -0.969095 -0.009972 -0.002108 0.000000 
5.000000e-01 5.000000e-01 4.999654e-03 5.000000e-01 5.000000e-01 1.515005e+00 -0.993256 0.002105 0.009962 0.969120 0.009962 0.002105 0.993256 -0.002108 -0.009972 -0.969095 -0.009972 -0.002108 0.000000 
5.000000e-01 5.000000e-01 4.999654e-03 5.000000e-01 5.000000e-01 1.515005e+00 -0.993256 0.002105 0.009962 0.969120 0.009962 0.002105 0.993256 -0.002108 -0.009972 -0.969095 -0.009972 -0.002108 0.000000 
5.000000e-01 5.000000e-01 4.999654e-03 5.000000e-01 5.000000e-01 1.515005e+00 -0.993256 0.002105 0.009962 0.969120 0.009962 0.002105 0.993256 -0.002108 -0.009972 -0.969095 -0.009972 -0.002108 0.000000 
5.000000e-01 5.000000e-01 4.999654e-03 5.000000e-01 5.000000e-01 1.515005e+00 -0.993256 0.002105 0.009962 0.969120 0.009962 0.002105 0.993256 -0.002108 -0.009972 -0.969095 -0.009972 -0.002108 0.000000 
5.000000e-01 5.000000e-01 4.999654e-03 5.000000e-01 5.000000e-01 1.515005e+00 -0.993256 0.002105 0.009962 0.969120 0.009962 0.002105 0.993256 -0.002108 -0.009972 -0.969095 -0.009972 -0.002108 0.000000 
5.000000e-01 5.000000e-01 4.999654e-03 5.000000e-01 5.000000e-01 1.515005e+00 -0.993256 0.002105 0.009962 0.969120 0.009962 0.002105 0.993256 -0.002108 -0.009972 -0.969095 -0.009972 -0.002108 0.000000 
5.000000e-01 5.000000e-01 4.999654e-03 5.000000e-01 5.000000e-01 1.515005e+00 -0.993256 0.002105 0.009962 0.969120 0.009962 0.002105 0.993256 -0.002108 -0.009972 -0.969095 -0.009972 -0.002108 0.000000 
5.000000e-01 5.000000e-01 4.999654e-03 5.000000e-01 5.000000e-01 1.515005e+00 -0.993256 0.002105 0.009962 0.969120 0.009962 0.002105 0.993256 -0.002108 -0.009972 -0.969095 -0.009972 -0.002108 0.000000 
5.000000e-01 5.000000e-01 4.999654e-03 5.000000e-01 5.000000e-01 1.515005e+00 -0.993256 0.002105 0.009962 0.969120 0.009962 0.002105 0.993256 -0.002108 -0.009972 -0.969095 -0.009972 -0.002108 0.000000 
5.000000e-01 5.000000e-01 4.999654e-03 5.000000e-01 5.000000e-01 1.515005e+00 -0.993256 0.002105 0.009962 0.969120 0.009962 0.002105 0.993256 -0.002108 -0.009972 -0.969095 -0.009972 -0.002108 0.000000 
5.000000e-01 5.000000e-01 4.999654e-03 5.000000e-01 5.000000e-01 1.515005e+00 -0.993256 0.002105 0.009962 0.969120 0.009962 0.002105 0.993256 -0.002108 -0.009972 -0.969095 -0.009972 -0.002108 0.000000 
5.000000e-01 5.000000e-01 4.999654e-03 5.000000e-01 5.000000e-01 1.515005e+00 -0.993256 0.002105 0.009962 0.969120 0.009962 0.002105 0.993256 -0.002108 -0.009972 -0.969095 -0.009972 -0.002108 0.000000 
5.000000e-01 5.000000e-01 4.999654e-03 5.000000e-01 5.000000e-01 1.515005e+00 -0.993256 0.002105 0.009962 0.969120 0.009962 0.002105 0.993256 -0.002108 -0.009972 -0.969095 -0.009972 -0.002108 0.000000 
5.000000e-01 5.000000e-01 4.999654e-03 5.000000e-01 5.000000e-01 1.515005e+00 -0.993256 0.002105 0.009962 0.969120 0.009962 0.002105 0.993256 -0.002108 -0.009972 -0.969095 -0.009972 -0.002108 0.000000 
5.000000e-01 5.000000e-01 4.999654e-03 5.000000e-01 5.000000e-01 1.515005e+00 -0.993256 0.002105 0.009962 0.969120 0.009962 0.002105 0.993256 -0.002108 -0.009972 -0.969095 -0.009972 -0.002108 0.000000 
5.000000e-01 5.000000e-01 4.999654e-03 5.000000e-01 5.000000e-01 1.515005e+00 -0.993256 0.002105 0.009962 0.969120 0.009962 0.002105 0.993256 -0.002108 -0.009972 -0.969095 -0.009972 -0.002108 0.000000 
5.000000e-01 5.000000e-01 4.999654e-03 5.000000e-01 5.000000e-01 1.515005e+00 -0.993256 0.002105 0.009962 0.969120 0.009962 0.002105 0.993256 -0.002108 -0.009972 -0.969095 -0.009972 -0.002108 0.000000 
5.000000e-01 5.000000e-01 4.999654e-03 5.000000e-01 5.000000e-01 1.515005e+00 -0.993256 0.002105 0.009962 0.969120 0.009962 0.002105 0.993256 -0.002108 -0.009972 -0.969095 -0.009972 -0.002108 0.000000 
5.000000e-01 5.000000e-01 4.999654e-03 5.000000e-01 5.000000e-01 1.515005e+00 -0.993256 0.002105 0.009962 0.969120 0.009962 0.002105 0.993256 -0.002108 -0.009972 -0.969095 -0.009972 -0.002108 0.000000 
5.000000e-01 5.000000e-01 4.999654e-03 5.000000e-01 5.000000e-01 1.515005e+00 -0.993256 0.002105 0.009962 0.969120 0.009962 0.002105 0.993256 -0.002108 -0.009972 -0.969095 -0.009972 -0.002108 0.000000 
5.000000e-01 5.000000e-01 4.999654e-03 5.000000e-01 5.000000e-01 1.515005e+00 -0.993256 0.002105 0.009962 0.969120 0.009962 0.002105 0.993256 -0.002108 -0.009972 -0.969095 -0.009972 -0.002108 0.000000 
5.000000e-01 5.000000e-01 4.999654e-03 5.000000e-01 5.000000e-01 1.515005e+00 -0.993256 0.002105 0.009962 0.969120 0.009962 0.002105 0.993256 -0.002108 -0.009972 -0.969095 -0.009972 -0.002108 0.000000 
5.000000e-01 5.000000e-01 4.999654e-03 5.000000e-01 5.000000e-01 1.515005e+00 -0.993256 0.002105 0.009962 0.969120 0.009962 0.002105 0.993256 -0.002108 -0.009972 -0.969095 -0.009972 -0.002108 0.000000 
5.000000e-01 5.000000e-01 4.999654e-03 5.000000e-01 5.000000e-01 1.515005e+00 -0.993256 0.002105 0.009962 0.969120 0.009962 0.002105 0.993256 -0.002108 -0.009972 -0.969095 -0.009972 -0.002108 0.000000 
5.000000e-01 5.000000e-01 4.999654e-03 5.000000e-01 5.000000e-01 1.515005e+00 -0.993256 0.002105 0.009962 0.969120 0.009962 0.002105 0.993256 -0.002108 -0.009972 -0.969095 -0.009972 -0.002108 0.000000 
5.000000e-01 5.000000e-01 4.999654e-03 5.000000e-01 5.000000e-01 1.515005e+00 -0.993256 0.002105 0.009962 0.969120 0.009962 0.002105 0.993256 -0.002108 -0.009972 -0.969095 -0.009972 -0.002108 0.000000 
5.000000e-01 5.000000e-01 4.999654e-03 5.000000e-01 5.000000e-01 1.515005e+00 -0.993256 0.002105 0.009962 0.969120 0.009962 0.002105 0.993256 -0.002108 -0.009972 -0.969095 -0.009972 -0.002108 0.000000 
