# TeX TeY TeZ ThX ThY THZ P1 P2
5.000000e-01 5.000000e-01 7.000000e-01 5.000000e-01 5.000000e-01 7.000000e-01 0.000000 0.000000 0.000000 0.000000 0.000000 0.000000 0.000000 0.000000 0.000000 0.000000 0.000000 0.000000 0.000000 
5.000000e-01 5.000000e-01 6.883118e-01 5.000000e-01 5.000000e-01 7.084902e-01 -0.013246 0.002214 0.002868 0.003082 0.002868 0.002214 0.013246 -0.001979 -0.002937 -0.003414 -0.002937 -0.001979 0.000000 
5.000000e-01 5.000000e-01 6.765816e-01 5.000000e-01 5.000000e-01 7.169673e-01 -0.026511 0.004434 0.005739 0.006164 0.005739 0.004434 0.026511 -0.003951 -0.005880 -0.006849 -0.005880 -0.003951 0.000000 
5.000000e-01 5.000000e-01 6.648097e-01 5.000000e-01 5.000000e-01 7.254310e-01 -0.039795 0.006661 0.008613 0.009247 0.008613 0.006661 0.039795 -0.005912 -0.008832 -0.010308 -0.008832 -0.005912 0.000000 
5.000000e-01 5.000000e-01 6.529965e-01 5.000000e-01 5.000000e-01 7.338814e-01 -0.053096 0.008891 0.011491 0.012332 0.011491 0.008891 0.053096 -0.007861 -0.011791 -0.013793 -0.011791 -0.007861 0.000000 
5.000000e-01 5.000000e-01 6.411424e-01 5.000000e-01 5.000000e-01 7.423181e-01 -0.066416 0.011127 0.014372 0.015419 0.014372 0.011127 0.066416 -0.009795 -0.014759 -0.017308 -0.014759 -0.009795 0.000000 
5.000000e-01 5.000000e-01 6.292478e-01 5.000000e-01 5.000000e-01 7.507413e-01 -0.079754 0.013366 0.017256 0.018510 0.017256 0.013366 0.079754 -0.011711 -0.017736 -0.020860 -0.017736 -0.011711 0.000000 
5.000000e-01 5.000000e-01 6.173129e-01 5.000000e-01 5.000000e-01 7.591506e-01 -0.093108 0.015607 0.020145 0.021605 0.020145 0.015607 0.093108 -0.013605 -0.020722 -0.024453 -0.020722 -0.013605 0.000000 
5.000000e-01 5.000000e-01 6.053381e-01 5.000000e-01 5.000000e-01 7.675459e-01 -0.106480 0.017850 0.023037 0.024706 0.023037 0.017850 0.106480 -0.015477 -0.023719 -0.028087 -0.023719 -0.015477 0.000000 
5.000000e-01 5.000000e-01 5.933238e-01 5.000000e-01 5.000000e-01 7.759272e-01 -0.119868 0.020094 0.025933 0.027814 0.025933 0.020094 0.119868 -0.017323 -0.026726 -0.031770 -0.026726 -0.017323 0.000000 
5.000000e-01 5.000000e-01 5.812704e-01 5.000000e-01 5.000000e-01 7.842943e-01 -0.133273 0.022339 0.028834 0.030928 0.028834 0.022339 0.133273 -0.019140 -0.029744 -0.035505 -0.029744 -0.019140 0.000000 
5.000000e-01 5.000000e-01 5.691780e-01 5.000000e-01 5.000000e-01 7.926471e-01 -0.146694 0.024584 0.031738 0.034050 0.031738 0.024584 0.146694 -0.020922 -0.032774 -0.039302 -0.032774 -0.020922 0.000000 
5.000000e-01 5.000000e-01 5.570472e-01 5.000000e-01 5.000000e-01 8.009853e-01 -0.160130 0.026829 0.034647 0.037180 0.034647 0.026829 0.160130 -0.022664 -0.035816 -0.043169 -0.035816 -0.022664 0.000000 
5.000000e-01 5.000000e-01 5.448781e-01 5.000000e-01 5.000000e-01 8.093089e-01 -0.173582 0.029072 0.037560 0.040320 0.037560 0.029072 0.173582 -0.024366 -0.038871 -0.047108 -0.038871 -0.024366 0.000000 
5.000000e-01 5.000000e-01 5.326712e-01 5.000000e-01 5.000000e-01 8.176177e-01 -0.187049 0.031311 0.040478 0.043472 0.040478 0.031311 0.187049 -0.026024 -0.041939 -0.051124 -0.041939 -0.026024 0.000000 
5.000000e-01 5.000000e-01 5.204268e-01 5.000000e-01 5.000000e-01 8.259116e-01 -0.200531 0.033548 0.043400 0.046635 0.043400 0.033548 0.200531 -0.027634 -0.045019 -0.055226 -0.045019 -0.027634 0.000000 
5.000000e-01 5.000000e-01 5.081452e-01 5.000000e-01 5.000000e-01 8.341905e-01 -0.214027 0.035781 0.046327 0.049810 0.046327 0.035781 0.214027 -0.029182 -0.048114 -0.059435 -0.048114 -0.029182 0.000000 
5.000000e-01 5.000000e-01 4.958266e-01 5.000000e-01 5.000000e-01 8.424541e-01 -0.227538 0.038011 0.049259 0.052998 0.049259 0.038011 0.227538 -0.030669 -0.051223 -0.063753 -0.051223 -0.030669 0.000000 
5.000000e-01 5.000000e-01 4.834715e-01 5.000000e-01 5.000000e-01 8.507023e-01 -0.241062 0.040237 0.052195 0.056198 0.052195 0.040237 0.241062 -0.032092 -0.054346 -0.068187 -0.054346 -0.032092 0.000000 
5.000000e-01 5.000000e-01 4.710800e-01 5.000000e-01 5.000000e-01 8.589349e-01 -0.254599 0.042455 0.055137 0.059416 0.055137 0.042455 0.254599 -0.033445 -0.057481 -0.072747 -0.057481 -0.033445 0.000000 
5.000000e-01 5.000000e-01 4.586527e-01 5.000000e-01 5.000000e-01 8.671519e-01 -0.268150 0.044666 0.058084 0.062651 0.058084 0.044666 0.268150 -0.034715 -0.060631 -0.077460 -0.060631 -0.034715 0.000000 
5.000000e-01 5.000000e-01 4.461896e-01 5.000000e-01 5.000000e-01 8.753531e-01 -0.281714 0.046870 0.061036 0.065902 0.061036 0.046870 0.281714 -0.035895 -0.063793 -0.082338 -0.063793 -0.035895 0.000000 
5.000000e-01 5.000000e-01 4.336912e-01 5.000000e-01 5.000000e-01 8.835382e-01 -0.295290 0.049067 0.063993 0.069170 0.063993 0.049067 0.295290 -0.036985 -0.066966 -0.087389 -0.066966 -0.036985 0.000000 
5.000000e-01 5.000000e-01 4.211577e-01 5.000000e-01 5.000000e-01 8.917071e-01 -0.308879 0.051256 0.066955 0.072456 0.066955 0.051256 0.308879 -0.037977 -0.070149 -0.092628 -0.070149 -0.037977 0.000000 
5.000000e-01 5.000000e-01 4.085894e-01 5.000000e-01 5.000000e-01 8.998597e-01 -0.322480 0.053436 0.069923 0.075761 0.069923 0.053436 0.322480 -0.038853 -0.073339 -0.098095 -0.073339 -0.038853 0.000000 
5.000000e-01 5.000000e-01 3.959867e-01 5.000000e-01 5.000000e-01 9.079957e-01 -0.336092 0.055603 0.072897 0.079092 0.072897 0.055603 0.336092 -0.039607 -0.076534 -0.103811 -0.076534 -0.039607 0.000000 
5.000000e-01 5.000000e-01 3.833497e-01 5.000000e-01 5.000000e-01 9.161151e-01 -0.349715 0.057759 0.075876 0.082445 0.075876 0.057759 0.349715 -0.040236 -0.079729 -0.109785 -0.079729 -0.040236 0.000000 
5.000000e-01 5.000000e-01 3.706788e-01 5.000000e-01 5.000000e-01 9.242176e-01 -0.363350 0.059904 0.078861 0.085820 0.078861 0.059904 0.363350 -0.040733 -0.082921 -0.116043 -0.082921 -0.040733 0.000000 
5.000000e-01 5.000000e-01 3.579743e-01 5.000000e-01 5.000000e-01 9.323030e-01 -0.376995 0.062037 0.081851 0.089218 0.081851 0.062037 0.376995 -0.041068 -0.086100 -0.122659 -0.086100 -0.041068 0.000000 
5.000000e-01 5.000000e-01 3.452364e-01 5.000000e-01 5.000000e-01 9.403712e-01 -0.390651 0.064158 0.084847 0.092641 0.084847 0.064158 0.390651 -0.041242 -0.089260 -0.129647 -0.089260 -0.041242 0.000000 
5.000000e-01 5.000000e-01 3.324654e-01 5.000000e-01 5.000000e-01 9.484221e-01 -0.404317 0.066261 0.087849 0.096097 0.087849 0.066261 0.404317 -0.041252 -0.092391 -0.137031 -0.092391 -0.041252 0.000000 
5.000000e-01 5.000000e-01 3.196617e-01 5.000000e-01 5.000000e-01 9.564553e-01 -0.417992 0.068348 0.090857 0.099582 0.090857 0.068348 0.417992 -0.041082 -0.095481 -0.144866 -0.095481 -0.041082 0.000000 
5.000000e-01 5.000000e-01 3.068253e-01 5.000000e-01 5.000000e-01 9.644707e-01 -0.431677 0.070420 0.093871 0.103095 0.093871 0.070420 0.431677 -0.040695 -0.098506 -0.153276 -0.098506 -0.040695 0.000000 
5.000000e-01 5.000000e-01 2.939567e-01 5.000000e-01 5.000000e-01 9.724682e-01 -0.445372 0.072476 0.096891 0.106639 0.096891 0.072476 0.445372 -0.040107 -0.101454 -0.162250 -0.101454 -0.040107 0.000000 
5.000000e-01 5.000000e-01 2.810560e-01 5.000000e-01 5.000000e-01 9.804475e-01 -0.459075 0.074515 0.099916 0.110213 0.099916 0.074515 0.459075 -0.039307 -0.104304 -0.171855 -0.104304 -0.039307 0.000000 
5.000000e-01 5.000000e-01 2.681235e-01 5.000000e-01 5.000000e-01 9.884084e-01 -0.472787 0.076530 0.102948 0.113830 0.102948 0.076530 0.472787 -0.038256 -0.107009 -0.182256 -0.107009 -0.038256 0.000000 
5.000000e-01 5.000000e-01 2.551594e-01 5.000000e-01 5.000000e-01 9.963508e-01 -0.486507 0.078525 0.105986 0.117484 0.105986 0.078525 0.486507 -0.036952 -0.109538 -0.193527 -0.109538 -0.036952 0.000000 
5.000000e-01 5.000000e-01 2.421640e-01 5.000000e-01 5.000000e-01 1.004274e+00 -0.500235 0.080500 0.109030 0.121175 0.109030 0.080500 0.500235 -0.035399 -0.111857 -0.205725 -0.111857 -0.035399 0.000000 
5.000000e-01 5.000000e-01 2.291374e-01 5.000000e-01 5.000000e-01 1.012179e+00 -0.513972 0.082455 0.112079 0.124904 0.112079 0.082455 0.513972 -0.033571 -0.113899 -0.219032 -0.113899 -0.033571 0.000000 
5.000000e-01 5.000000e-01 2.160799e-01 5.000000e-01 5.000000e-01 1.020064e+00 -0.527716 0.084388 0.115134 0.128673 0.115134 0.084388 0.527716 -0.031435 -0.115566 -0.233715 -0.115566 -0.031435 0.000000 
5.000000e-01 5.000000e-01 2.029916e-01 5.000000e-01 5.000000e-01 1.027930e+00 -0.541468 0.086289 0.118195 0.132499 0.118195 0.086289 0.541468 -0.029016 -0.116818 -0.249801 -0.116818 -0.029016 0.000000 
5.000000e-01 5.000000e-01 1.898726e-01 5.000000e-01 5.000000e-01 1.035777e+00 -0.555228 0.088166 0.121263 0.136371 0.121263 0.088166 0.555228 -0.026305 -0.117560 -0.267500 -0.117560 -0.026305 0.000000 
5.000000e-01 5.000000e-01 1.767228e-01 5.000000e-01 5.000000e-01 1.043604e+00 -0.568997 0.090018 0.124335 0.140290 0.124335 0.090018 0.568997 -0.023242 -0.117552 -0.287409 -0.117552 -0.023242 0.000000 
5.000000e-01 5.000000e-01 1.635424e-01 5.000000e-01 5.000000e-01 1.051410e+00 -0.582774 0.091845 0.127413 0.144257 0.127413 0.091845 0.582774 -0.019875 -0.116759 -0.309507 -0.116759 -0.019875 0.000000 
5.000000e-01 5.000000e-01 1.503310e-01 5.000000e-01 5.000000e-01 1.059196e+00 -0.596560 0.093641 0.130497 0.148282 0.130497 0.093641 0.596560 -0.016201 -0.115020 -0.334118 -0.115020 -0.016201 0.000000 
5.000000e-01 5.000000e-01 1.370884e-01 5.000000e-01 5.000000e-01 1.066962e+00 -0.610358 0.095403 0.133588 0.152377 0.133588 0.095403 0.610358 -0.012170 -0.111912 -0.362194 -0.111912 -0.012170 0.000000 
5.000000e-01 5.000000e-01 1.238138e-01 5.000000e-01 5.000000e-01 1.074707e+00 -0.624169 0.097135 0.136684 0.156530 0.136684 0.097135 0.624169 -0.007828 -0.107355 -0.393804 -0.107355 -0.007828 0.000000 
5.000000e-01 5.000000e-01 1.105064e-01 5.000000e-01 5.000000e-01 1.082431e+00 -0.637996 0.098840 0.139786 0.160744 0.139786 0.098840 0.637996 -0.003186 -0.101113 -0.429398 -0.101113 -0.003186 0.000000 
5.000000e-01 5.000000e-01 9.716487e-02 5.000000e-01 5.000000e-01 1.090134e+00 -0.651845 0.100516 0.142895 0.165023 0.142895 0.100516 0.651845 0.001792 -0.092519 -0.470393 -0.092519 0.001792 0.000000 
5.000000e-01 5.000000e-01 8.378736e-02 5.000000e-01 5.000000e-01 1.097815e+00 -0.665721 0.102149 0.146012 0.169398 0.146012 0.102149 0.665721 0.007057 -0.081488 -0.516861 -0.081488 0.007057 0.000000 
5.000000e-01 5.000000e-01 7.037165e-02 5.000000e-01 5.000000e-01 1.105475e+00 -0.679630 0.103752 0.149138 0.173850 0.149138 0.103752 0.679630 0.012588 -0.067783 -0.569239 -0.067783 0.012588 0.000000 
5.000000e-01 5.000000e-01 5.691543e-02 5.000000e-01 5.000000e-01 1.113113e+00 -0.693584 0.105327 0.152273 0.178383 0.152273 0.105327 0.693584 0.018405 -0.050604 -0.629187 -0.050604 0.018405 0.000000 
5.000000e-01 5.000000e-01 4.341675e-02 5.000000e-01 5.000000e-01 1.120728e+00 -0.707588 0.106874 0.155420 0.183000 0.155420 0.106874 0.707587 0.024448 -0.030282 -0.695919 -0.030282 0.024448 0.000000 
5.000000e-01 5.000000e-01 2.987501e-02 5.000000e-01 5.000000e-01 1.128321e+00 -0.721642 0.108379 0.158576 0.187731 0.158576 0.108379 0.721642 0.030685 -0.006983 -0.769045 -0.006983 0.030685 0.000000 
5.000000e-01 5.000000e-01 1.629218e-02 5.000000e-01 5.000000e-01 1.135891e+00 -0.735748 0.109848 0.161741 0.192570 0.161741 0.109848 0.735748 0.037095 0.019228 -0.848395 0.019228 0.037095 0.000000 
5.000000e-01 5.000000e-01 4.999971e-03 5.000000e-01 5.000000e-01 1.143438e+00 -0.748316 0.110996 0.164578 0.197169 0.164578 0.110996 0.748316 0.042332 0.041966 -0.916913 0.041966 0.042332 0.000000 
5.000000e-01 5.000000e-01 4.999971e-03 5.000000e-01 5.000000e-01 1.150962e+00 -0.753254 0.110714 0.165794 0.200238 0.165794 0.110714 0.753254 0.041442 0.040917 -0.917973 0.040917 0.041442 0.000000 
5.000000e-01 5.000000e-01 4.999971e-03 5.000000e-01 5.000000e-01 1.158462e+00 -0.758176 0.110373 0.167001 0.203429 0.167001 0.110373 0.758176 0.040554 0.039872 -0.919028 0.039872 0.040554 0.000000 
5.000000e-01 5.000000e-01 4.999971e-03 5.000000e-01 5.000000e-01 1.165939e+00 -0.763083 0.109975 0.168196 0.206740 0.168196 0.109975 0.763083 0.039668 0.038830 -0.920080 0.038830 0.039668 0.000000 
5.000000e-01 5.000000e-01 4.999971e-03 5.000000e-01 5.000000e-01 1.173391e+00 -0.767974 0.109529 0.169381 0.210155 0.169381 0.109529 0.767974 0.038785 0.037792 -0.921127 0.037792 0.038785 0.000000 
5.000000e-01 5.000000e-01 4.999971e-03 5.000000e-01 5.000000e-01 1.180819e+00 -0.772848 0.109034 0.170552 0.213676 0.170552 0.109034 0.772848 0.037905 0.036757 -0.922171 0.036757 0.037905 0.000000 
5.000000e-01 5.000000e-01 4.999971e-03 5.000000e-01 5.000000e-01 1.188222e+00 -0.777707 0.108470 0.171705 0.217358 0.171705 0.108470 0.777707 0.037027 0.035725 -0.923211 0.035725 0.037027 0.000000 
5.000000e-01 5.000000e-01 4.999971e-03 5.000000e-01 5.000000e-01 1.195600e+00 -0.782549 0.107844 0.172837 0.221185 0.172837 0.107844 0.782548 0.036151 0.034698 -0.924246 0.034698 0.036151 0.000000 
5.000000e-01 5.000000e-01 4.999971e-03 5.000000e-01 5.000000e-01 1.202953e+00 -0.787374 0.107166 0.173950 0.225140 0.173950 0.107166 0.787374 0.035279 0.033674 -0.925278 0.033674 0.035279 0.000000 
5.000000e-01 5.000000e-01 4.999971e-03 5.000000e-01 5.000000e-01 1.210280e+00 -0.792182 0.106436 0.175042 0.229227 0.175042 0.106436 0.792182 0.034409 0.032653 -0.926306 0.032653 0.034409 0.000000 
5.000000e-01 5.000000e-01 4.999971e-03 5.000000e-01 5.000000e-01 1.217582e+00 -0.796973 0.105621 0.176097 0.233536 0.176097 0.105621 0.796973 0.033542 0.031636 -0.927330 0.031636 0.033542 0.000000 
5.000000e-01 5.000000e-01 4.999971e-03 5.000000e-01 5.000000e-01 1.224857e+00 -0.801747 0.104747 0.177121 0.238010 0.177121 0.104747 0.801747 0.032677 0.030624 -0.928349 0.030624 0.032677 0.000000 
5.000000e-01 5.000000e-01 4.999971e-03 5.000000e-01 5.000000e-01 1.232105e+00 -0.806504 0.103817 0.178114 0.242641 0.178114 0.103817 0.806504 0.031816 0.029614 -0.929365 0.029614 0.031816 0.000000 
5.000000e-01 5.000000e-01 4.999971e-03 5.000000e-01 5.000000e-01 1.239326e+00 -0.811242 0.102822 0.179067 0.247463 0.179067 0.102822 0.811242 0.030958 0.028609 -0.930376 0.028609 0.030958 0.000000 
5.000000e-01 5.000000e-01 4.999971e-03 5.000000e-01 5.000000e-01 1.246520e+00 -0.815963 0.101740 0.179963 0.252557 0.179963 0.101740 0.815963 0.030102 0.027608 -0.931384 0.027608 0.030102 0.000000 
5.000000e-01 5.000000e-01 4.999971e-03 5.000000e-01 5.000000e-01 1.253687e+00 -0.820666 0.100599 0.180813 0.257842 0.180813 0.100599 0.820666 0.029250 0.026610 -0.932387 0.026610 0.029250 0.000000 
5.000000e-01 5.000000e-01 4.999971e-03 5.000000e-01 5.000000e-01 1.260826e+00 -0.825350 0.099400 0.181615 0.263321 0.181615 0.099400 0.825350 0.028401 0.025617 -0.933386 0.025617 0.028401 0.000000 
5.000000e-01 5.000000e-01 4.999971e-03 5.000000e-01 5.000000e-01 1.267936e+00 -0.830016 0.098112 0.182338 0.269117 0.182338 0.098112 0.830016 0.027555 0.024627 -0.934381 0.024627 0.027555 0.000000 
5.000000e-01 5.000000e-01 4.999971e-03 5.000000e-01 5.000000e-01 1.275018e+00 -0.834663 0.096751 0.182986 0.275189 0.182986 0.096751 0.834663 0.026713 0.023642 -0.935371 0.023642 0.026713 0.000000 
5.000000e-01 5.000000e-01 4.999971e-03 5.000000e-01 5.000000e-01 1.282070e+00 -0.839291 0.095331 0.183567 0.281495 0.183567 0.095331 0.839291 0.025873 0.022660 -0.936357 0.022660 0.025873 0.000000 
5.000000e-01 5.000000e-01 4.999971e-03 5.000000e-01 5.000000e-01 1.289093e+00 -0.843899 0.093837 0.184061 0.288102 0.184061 0.093837 0.843899 0.025037 0.021683 -0.937339 0.021683 0.025037 0.000000 
5.000000e-01 5.000000e-01 4.999971e-03 5.000000e-01 5.000000e-01 1.296087e+00 -0.848488 0.092250 0.184431 0.295126 0.184431 0.092250 0.848488 0.024204 0.020710 -0.938317 0.020710 0.024204 0.000000 
5.000000e-01 5.000000e-01 4.999971e-03 5.000000e-01 5.000000e-01 1.303050e+00 -0.853058 0.090604 0.184708 0.302432 0.184708 0.090604 0.853058 0.023375 0.019741 -0.939290 0.019741 0.023375 0.000000 
5.000000e-01 5.000000e-01 4.999971e-03 5.000000e-01 5.000000e-01 1.309983e+00 -0.857607 0.088900 0.184892 0.310023 0.184892 0.088900 0.857607 0.022549 0.018776 -0.940259 0.018776 0.022549 0.000000 
5.000000e-01 5.000000e-01 4.999971e-03 5.000000e-01 5.000000e-01 1.316885e+00 -0.862137 0.087085 0.184883 0.318201 0.184883 0.087085 0.862137 0.021727 0.017816 -0.941223 0.017816 0.021727 0.000000 
5.000000e-01 5.000000e-01 4.999971e-03 5.000000e-01 5.000000e-01 1.323756e+00 -0.866646 0.085212 0.184750 0.326721 0.184750 0.085212 0.866646 0.020908 0.016860 -0.942183 0.016860 0.020908 0.000000 
5.000000e-01 5.000000e-01 4.999971e-03 5.000000e-01 5.000000e-01 1.330595e+00 -0.871134 0.083284 0.184493 0.335580 0.184493 0.083284 0.871134 0.020093 0.015909 -0.943138 0.015909 0.020093 0.000000 
5.000000e-01 5.000000e-01 4.999971e-03 5.000000e-01 5.000000e-01 1.337402e+00 -0.875602 0.081254 0.183999 0.345096 0.183999 0.081254 0.875602 0.019282 0.014961 -0.944089 0.014961 0.019282 0.000000 
5.000000e-01 5.000000e-01 4.999971e-03 5.000000e-01 5.000000e-01 1.344176e+00 -0.880049 0.079159 0.183320 0.355090 0.183320 0.079159 0.880049 0.018474 0.014019 -0.945035 0.014019 0.018474 0.000000 
5.000000e-01 5.000000e-01 4.999971e-03 5.000000e-01 5.000000e-01 1.350918e+00 -0.884474 0.077012 0.182481 0.365489 0.182481 0.077012 0.884474 0.017670 0.013081 -0.945976 0.013081 0.017670 0.000000 
5.000000e-01 5.000000e-01 4.999971e-03 5.000000e-01 5.000000e-01 1.357627e+00 -0.888879 0.074771 0.181343 0.376652 0.181343 0.074771 0.888879 0.016870 0.012147 -0.946913 0.012147 0.016870 0.000000 
5.000000e-01 5.000000e-01 4.999971e-03 5.000000e-01 5.000000e-01 1.364301e+00 -0.893262 0.072464 0.179950 0.388435 0.179950 0.072464 0.893262 0.016074 0.011218 -0.947845 0.011218 0.016074 0.000000 
5.000000e-01 5.000000e-01 4.999971e-03 5.000000e-01 5.000000e-01 1.370942e+00 -0.897624 0.070109 0.178354 0.400696 0.178354 0.070109 0.897624 0.015281 0.010293 -0.948773 0.010293 0.015281 0.000000 
5.000000e-01 5.000000e-01 4.999971e-03 5.000000e-01 5.000000e-01 1.377549e+00 -0.901964 0.067665 0.176369 0.413895 0.176369 0.067665 0.901964 0.014492 0.009374 -0.949696 0.009374 0.014492 0.000000 
5.000000e-01 5.000000e-01 4.999971e-03 5.000000e-01 5.000000e-01 1.384120e+00 -0.906282 0.065162 0.174061 0.427838 0.174061 0.065162 0.906282 0.013708 0.008458 -0.950614 0.008458 0.013708 0.000000 
5.000000e-01 5.000000e-01 4.999971e-03 5.000000e-01 5.000000e-01 1.390657e+00 -0.910579 0.062617 0.171506 0.442333 0.171506 0.062617 0.910579 0.012927 0.007548 -0.951527 0.007548 0.012927 0.000000 
5.000000e-01 5.000000e-01 4.999971e-03 5.000000e-01 5.000000e-01 1.397158e+00 -0.914855 0.059984 0.168422 0.458043 0.168422 0.059984 0.914855 0.012149 0.006641 -0.952436 0.006641 0.012149 0.000000 
5.000000e-01 5.000000e-01 4.999971e-03 5.000000e-01 5.000000e-01 1.403623e+00 -0.919109 0.057304 0.164970 0.474560 0.164970 0.057304 0.919109 0.011376 0.005740 -0.953340 0.005740 0.011376 0.000000 
5.000000e-01 5.000000e-01 4.999971e-03 5.000000e-01 5.000000e-01 1.410052e+00 -0.923341 0.054591 0.161231 0.491697 0.161231 0.054591 0.923341 0.010607 0.004843 -0.954240 0.004843 0.010607 0.000000 
5.000000e-01 5.000000e-01 4.999971e-03 5.000000e-01 5.000000e-01 1.416445e+00 -0.927553 0.051788 0.156752 0.510473 0.156752 0.051788 0.927553 0.009841 0.003950 -0.955135 0.003950 0.009841 0.000000 
5.000000e-01 5.000000e-01 4.999971e-03 5.000000e-01 5.000000e-01 1.422801e+00 -0.931744 0.048957 0.151921 0.529987 0.151921 0.048957 0.931744 0.009079 0.003062 -0.956026 0.003062 0.009079 0.000000 
5.000000e-01 5.000000e-01 4.999971e-03 5.000000e-01 5.000000e-01 1.429120e+00 -0.935913 0.046087 0.146642 0.550456 0.146642 0.046087 0.935913 0.008321 0.002178 -0.956912 0.002178 0.008321 0.000000 
5.000000e-01 5.000000e-01 4.999971e-03 5.000000e-01 5.000000e-01 1.435402e+00 -0.940065 0.043152 0.140588 0.572585 0.140588 0.043152 0.940065 0.007566 0.001299 -0.957794 0.001299 0.007566 0.000000 
5.000000e-01 5.000000e-01 4.999971e-03 5.000000e-01 5.000000e-01 1.441646e+00 -0.944195 0.040198 0.134172 0.595455 0.134172 0.040198 0.944195 0.006815 0.000423 -0.958671 0.000423 0.006815 0.000000 
5.000000e-01 5.000000e-01 4.999971e-03 5.000000e-01 5.000000e-01 1.447853e+00 -0.948306 0.037196 0.127053 0.619808 0.127053 0.037196 0.948306 0.006067 -0.000448 -0.959545 -0.000448 0.006067 0.000000 
5.000000e-01 5.000000e-01 4.999971e-03 5.000000e-01 5.000000e-01 1.454022e+00 -0.952399 0.034159 0.119282 0.645517 0.119282 0.034159 0.952399 0.005323 -0.001315 -0.960414 -0.001315 0.005323 0.000000 
5.000000e-01 5.000000e-01 4.999971e-03 5.000000e-01 5.000000e-01 1.460153e+00 -0.956471 0.031111 0.111163 0.671924 0.111163 0.031111 0.956471 0.004582 -0.002178 -0.961280 -0.002178 0.004582 0.000000 
5.000000e-01 5.000000e-01 4.999971e-03 5.000000e-01 5.000000e-01 1.466246e+00 -0.960530 0.028010 0.102035 0.700440 0.102035 0.028010 0.960530 0.003844 -0.003038 -0.962142 -0.003038 0.003844 0.000000 
5.000000e-01 5.000000e-01 4.999971e-03 5.000000e-01 5.000000e-01 1.472301e+00 -0.964567 0.024903 0.092559 0.729644 0.092559 0.024903 0.964567 0.003110 -0.003894 -0.962999 -0.003894 0.003110 0.000000 
5.000000e-01 5.000000e-01 4.999971e-03 5.000000e-01 5.000000e-01 1.478316e+00 -0.968587 0.021776 0.082485 0.760065 0.082485 0.021776 0.968587 0.002379 -0.004745 -0.963853 -0.004745 0.002379 0.000000 
5.000000e-01 5.000000e-01 4.999971e-03 5.000000e-01 5.000000e-01 1.484293e+00 -0.972590 0.018629 0.071771 0.791788 0.071771 0.018629 0.972590 0.001651 -0.005594 -0.964704 -0.005594 0.001651 0.000000 
5.000000e-01 5.000000e-01 4.999971e-03 5.000000e-01 5.000000e-01 1.490230e+00 -0.976570 0.015487 0.060821 0.823954 0.060821 0.015487 0.976570 0.000927 -0.006437 -0.965549 -0.006437 0.000927 0.000000 
5.000000e-01 5.000000e-01 4.999971e-03 5.000000e-01 5.000000e-01 1.496126e+00 -0.980535 0.012324 0.049151 0.857586 0.049151 0.012324 0.980535 0.000205 -0.007277 -0.966391 -0.007277 0.000205 0.000000 
5.000000e-01 5.000000e-01 4.999971e-03 5.000000e-01 5.000000e-01 1.501981e+00 -0.984474 0.009172 0.037358 0.891414 0.037358 0.009172 0.984474 -0.000511 -0.008112 -0.967228 -0.008112 -0.000511 0.000000 
5.000000e-01 5.000000e-01 4.999971e-03 5.000000e-01 5.000000e-01 1.507794e+00 -0.988391 0.006024 0.025254 0.925834 0.025254 0.006024 0.988391 -0.001224 -0.008942 -0.968060 -0.008942 -0.001224 0.000000 
5.000000e-01 5.000000e-01 4.999971e-03 5.000000e-01 5.000000e-01 1.513571e+00 -0.992288 0.002886 0.013026 0.960465 0.013026 0.002886 0.992288 -0.001932 -0.009768 -0.968888 -0.009768 -0.001932 0.000000 
5.000000e-01 5.000000e-01 4.999971e-03 5.000000e-01 5.000000e-01 1.515005e+00 -0.993255 0.002105 0.009962 0.969120 0.009962 0.002105 0.993255 -0.002108 -0.009973 -0.969093 -0.009973 -0.002108 0.000000 
5.000000e-01 5.000000e-01 4.999971e-03 5.000000e-01 5.000000e-01 1.515005e+00 -0.993255 0.002105 0.009962 0.969120 0.009962 0.002105 0.993255 -0.002108 -0.009973 -0.969093 -0.009973 -0.002108 0.000000 
5.000000e-01 5.000000e-01 4.999971e-03 5.000000e-01 5.000000e-01 1.515005e+00 -0.993255 0.002105 0.009962 0.969120 0.009962 0.002105 0.993255 -0.002108 -0.009973 -0.969093 -0.009973 -0.002108 0.000000 
5.000000e-01 5.000000e-01 4.999971e-03 5.000000e-01 5.000000e-01 1.515005e+00 -0.993255 0.002105 0.009962 0.969120 0.009962 0.002105 0.993255 -0.002108 -0.009973 -0.969093 -0.009973 -0.002108 0.000000 
5.000000e-01 5.000000e-01 4.999971e-03 5.000000e-01 5.000000e-01 1.515005e+00 -0.993255 0.002105 0.009962 0.969120 0.009962 0.002105 0.993255 -0.002108 -0.009973 -0.969093 -0.009973 -0.002108 0.000000 
5.000000e-01 5.000000e-01 4.999971e-03 5.000000e-01 5.000000e-01 1.515005e+00 -0.993255 0.002105 0.009962 0.969120 0.009962 0.002105 0.993255 -0.002108 -0.009973 -0.969093 -0.009973 -0.002108 0.000000 
5.000000e-01 5.000000e-01 4.999971e-03 5.000000e-01 5.000000e-01 1.515005e+00 -0.993255 0.002105 0.009962 0.969120 0.009962 0.002105 0.993255 -0.002108 -0.009973 -0.969093 -0.009973 -0.002108 0.000000 
5.000000e-01 5.000000e-01 4.999971e-03 5.000000e-01 5.000000e-01 1.515005e+00 -0.993255 0.002105 0.009962 0.969120 0.009962 0.002105 0.993255 -0.002108 -0.009973 -0.969093 -0.009973 -0.002108 0.000000 
5.000000e-01 5.000000e-01 4.999971e-03 5.000000e-01 5.000000e-01 1.515005e+00 -0.993255 0.002105 0.009962 0.969120 0.009962 0.002105 0.993255 -0.002108 -0.009973 -0.969093 -0.009973 -0.002108 0.000000 
5.000000e-01 5.000000e-01 4.999971e-03 5.000000e-01 5.000000e-01 1.515005e+00 -0.993255 0.002105 0.009962 0.969120 0.009962 0.002105 0.993255 -0.002108 -0.009973 -0.969093 -0.009973 -0.002108 0.000000 
5.000000e-01 5.000000e-01 4.999971e-03 5.000000e-01 5.000000e-01 1.515005e+00 -0.993255 0.002105 0.009962 0.969120 0.009962 0.002105 0.993255 -0.002108 -0.009973 -0.969093 -0.009973 -0.002108 0.000000 
5.000000e-01 5.000000e-01 4.999971e-03 5.000000e-01 5.000000e-01 1.515005e+00 -0.993255 0.002105 0.009962 0.969120 0.009962 0.002105 0.993255 -0.002108 -0.009973 -0.969093 -0.009973 -0.002108 0.000000 
5.000000e-01 5.000000e-01 4.999971e-03 5.000000e-01 5.000000e-01 1.515005e+00 -0.993255 0.002105 0.009962 0.969120 0.009962 0.002105 0.993255 -0.002108 -0.009973 -0.969093 -0.009973 -0.002108 0.000000 
5.000000e-01 5.000000e-01 4.999971e-03 5.000000e-01 5.000000e-01 1.515005e+00 -0.993255 0.002105 0.009962 0.969120 0.009962 0.002105 0.993255 -0.002108 -0.009973 -0.969093 -0.009973 -0.002108 0.000000 
5.000000e-01 5.000000e-01 4.999971e-03 5.000000e-01 5.000000e-01 1.515005e+00 -0.993255 0.002105 0.009962 0.969120 0.009962 0.002105 0.993255 -0.002108 -0.009973 -0.969093 -0.009973 -0.002108 0.000000 
5.000000e-01 5.000000e-01 4.999971e-03 5.000000e-01 5.000000e-01 1.515005e+00 -0.993255 0.002105 0.009962 0.969120 0.009962 0.002105 0.993255 -0.002108 -0.009973 -0.969093 -0.009973 -0.002108 0.000000 
5.000000e-01 5.000000e-01 4.999971e-03 5.000000e-01 5.000000e-01 1.515005e+00 -0.993255 0.002105 0.009962 0.969120 0.009962 0.002105 0.993255 -0.002108 -0.009973 -0.969093 -0.009973 -0.002108 0.000000 
5.000000e-01 5.000000e-01 4.999971e-03 5.000000e-01 5.000000e-01 1.515005e+00 -0.993255 0.002105 0.009962 0.969120 0.009962 0.002105 0.993255 -0.002108 -0.009973 -0.969093 -0.009973 -0.002108 0.000000 
5.000000e-01 5.000000e-01 4.999971e-03 5.000000e-01 5.000000e-01 1.515005e+00 -0.993255 0.002105 0.009962 0.969120 0.009962 0.002105 0.993255 -0.002108 -0.009973 -0.969093 -0.009973 -0.002108 0.000000 
5.000000e-01 5.000000e-01 4.999971e-03 5.000000e-01 5.000000e-01 1.515005e+00 -0.993255 0.002105 0.009962 0.969120 0.009962 0.002105 0.993255 -0.002108 -0.009973 -0.969093 -0.009973 -0.002108 0.000000 
5.000000e-01 5.000000e-01 4.999971e-03 5.000000e-01 5.000000e-01 1.515005e+00 -0.993255 0.002105 0.009962 0.969120 0.009962 0.002105 0.993255 -0.002108 -0.009973 -0.969093 -0.009973 -0.002108 0.000000 
5.000000e-01 5.000000e-01 4.999971e-03 5.000000e-01 5.000000e-01 1.515005e+00 -0.993255 0.002105 0.009962 0.969120 0.009962 0.002105 0.993255 -0.002108 -0.009973 -0.969093 -0.009973 -0.002108 0.000000 
5.000000e-01 5.000000e-01 4.999971e-03 5.000000e-01 5.000000e-01 1.515005e+00 -0.993255 0.002105 0.009962 0.969120 0.009962 0.002105 0.993255 -0.002108 -0.009973 -0.969093 -0.009973 -0.002108 0.000000 
5.000000e-01 5.000000e-01 4.999971e-03 5.000000e-01 5.000000e-01 1.515005e+00 -0.993255 0.002105 0.009962 0.969120 0.009962 0.002105 0.993255 -0.002108 -0.009973 -0.969093 -0.009973 -0.002108 0.000000 
5.000000e-01 5.000000e-01 4.999971e-03 5.000000e-01 5.000000e-01 1.515005e+00 -0.993255 0.002105 0.009962 0.969120 0.009962 0.002105 0.993255 -0.002108 -0.009973 -0.969093 -0.009973 -0.002108 0.000000 
5.000000e-01 5.000000e-01 4.999971e-03 5.000000e-01 5.000000e-01 1.515005e+00 -0.993255 0.002105 0.009962 0.969120 0.009962 0.002105 0.993255 -0.002108 -0.009973 -0.969093 -0.009973 -0.002108 0.000000 
5.000000e-01 5.000000e-01 4.999971e-03 5.000000e-01 5.000000e-01 1.515005e+00 -0.993255 0.002105 0.009962 0.969120 0.009962 0.002105 0.993255 -0.002108 -0.009973 -0.969093 -0.009973 -0.002108 0.000000 
5.000000e-01 5.000000e-01 4.999971e-03 5.000000e-01 5.000000e-01 1.515005e+00 -0.993255 0.002105 0.009962 0.969120 0.009962 0.002105 0.993255 -0.002108 -0.009973 -0.969093 -0.009973 -0.002108 0.000000 
5.000000e-01 5.000000e-01 4.999971e-03 5.000000e-01 5.000000e-01 1.515005e+00 -0.993255 0.002105 0.009962 0.969120 0.009962 0.002105 0.993255 -0.002108 -0.009973 -0.969093 -0.009973 -0.002108 0.000000 
5.000000e-01 5.000000e-01 4.999971e-03 5.000000e-01 5.000000e-01 1.515005e+00 -0.993255 0.002105 0.009962 0.969120 0.009962 0.002105 0.993255 -0.002108 -0.009973 -0.969093 -0.009973 -0.002108 0.000000 
5.000000e-01 5.000000e-01 4.999971e-03 5.000000e-01 5.000000e-01 1.515005e+00 -0.993255 0.002105 0.009962 0.969120 0.009962 0.002105 0.993255 -0.002108 -0.009973 -0.969093 -0.009973 -0.002108 0.000000 
5.000000e-01 5.000000e-01 4.999971e-03 5.000000e-01 5.000000e-01 1.515005e+00 -0.993255 0.002105 0.009962 0.969120 0.009962 0.002105 0.993255 -0.002108 -0.009973 -0.969093 -0.009973 -0.002108 0.000000 
5.000000e-01 5.000000e-01 4.999971e-03 5.000000e-01 5.000000e-01 1.515005e+00 -0.993255 0.002105 0.009962 0.969120 0.009962 0.002105 0.993255 -0.002108 -0.009973 -0.969093 -0.009973 -0.002108 0.000000 
5.000000e-01 5.000000e-01 4.999971e-03 5.000000e-01 5.000000e-01 1.515005e+00 -0.993255 0.002105 0.009962 0.969120 0.009962 0.002105 0.993255 -0.002108 -0.009973 -0.969093 -0.009973 -0.002108 0.000000 
5.000000e-01 5.000000e-01 4.999971e-03 5.000000e-01 5.000000e-01 1.515005e+00 -0.993255 0.002105 0.009962 0.969120 0.009962 0.002105 0.993255 -0.002108 -0.009973 -0.969093 -0.009973 -0.002108 0.000000 
5.000000e-01 5.000000e-01 4.999971e-03 5.000000e-01 5.000000e-01 1.515005e+00 -0.993255 0.002105 0.009962 0.969120 0.009962 0.002105 0.993255 -0.002108 -0.009973 -0.969093 -0.009973 -0.002108 0.000000 
5.000000e-01 5.000000e-01 4.999971e-03 5.000000e-01 5.000000e-01 1.515005e+00 -0.993255 0.002105 0.009962 0.969120 0.009962 0.002105 0.993255 -0.002108 -0.009973 -0.969093 -0.009973 -0.002108 0.000000 
5.000000e-01 5.000000e-01 4.999971e-03 5.000000e-01 5.000000e-01 1.515005e+00 -0.993255 0.002105 0.009962 0.969120 0.009962 0.002105 0.993255 -0.002108 -0.009973 -0.969093 -0.009973 -0.002108 0.000000 
5.000000e-01 5.000000e-01 4.999971e-03 5.000000e-01 5.000000e-01 1.515005e+00 -0.993255 0.002105 0.009962 0.969120 0.009962 0.002105 0.993255 -0.002108 -0.009973 -0.969093 -0.009973 -0.002108 0.000000 
5.000000e-01 5.000000e-01 4.999971e-03 5.000000e-01 5.000000e-01 1.515005e+00 -0.993255 0.002105 0.009962 0.969120 0.009962 0.002105 0.993255 -0.002108 -0.009973 -0.969093 -0.009973 -0.002108 0.000000 
5.000000e-01 5.000000e-01 4.999971e-03 5.000000e-01 5.000000e-01 1.515005e+00 -0.993255 0.002105 0.009962 0.969120 0.009962 0.002105 0.993255 -0.002108 -0.009973 -0.969093 -0.009973 -0.002108 0.000000 
5.000000e-01 5.000000e-01 4.999971e-03 5.000000e-01 5.000000e-01 1.515005e+00 -0.993255 0.002105 0.009962 0.969120 0.009962 0.002105 0.993255 -0.002108 -0.009973 -0.969093 -0.009973 -0.002108 0.000000 
5.000000e-01 5.000000e-01 4.999971e-03 5.000000e-01 5.000000e-01 1.515005e+00 -0.993255 0.002105 0.009962 0.969120 0.009962 0.002105 0.993255 -0.002108 -0.009973 -0.969093 -0.009973 -0.002108 0.000000 
5.000000e-01 5.000000e-01 4.999971e-03 5.000000e-01 5.000000e-01 1.515005e+00 -0.993255 0.002105 0.009962 0.969120 0.009962 0.002105 0.993255 -0.002108 -0.009973 -0.969093 -0.009973 -0.002108 0.000000 
5.000000e-01 5.000000e-01 4.999971e-03 5.000000e-01 5.000000e-01 1.515005e+00 -0.993255 0.002105 0.009962 0.969120 0.009962 0.002105 0.993255 -0.002108 -0.009973 -0.969093 -0.009973 -0.002108 0.000000 
5.000000e-01 5.000000e-01 4.999971e-03 5.000000e-01 5.000000e-01 1.515005e+00 -0.993255 0.002105 0.009962 0.969120 0.009962 0.002105 0.993255 -0.002108 -0.009973 -0.969093 -0.009973 -0.002108 0.000000 
5.000000e-01 5.000000e-01 4.999971e-03 5.000000e-01 5.000000e-01 1.515005e+00 -0.993255 0.002105 0.009962 0.969120 0.009962 0.002105 0.993255 -0.002108 -0.009973 -0.969093 -0.009973 -0.002108 0.000000 
5.000000e-01 5.000000e-01 4.999971e-03 5.000000e-01 5.000000e-01 1.515005e+00 -0.993255 0.002105 0.009962 0.969120 0.009962 0.002105 0.993255 -0.002108 -0.009973 -0.969093 -0.009973 -0.002108 0.000000 
5.000000e-01 5.000000e-01 4.999971e-03 5.000000e-01 5.000000e-01 1.515005e+00 -0.993255 0.002105 0.009962 0.969120 0.009962 0.002105 0.993255 -0.002108 -0.009973 -0.969093 -0.009973 -0.002108 0.000000 
5.000000e-01 5.000000e-01 4.999971e-03 5.000000e-01 5.000000e-01 1.515005e+00 -0.993255 0.002105 0.009962 0.969120 0.009962 0.002105 0.993255 -0.002108 -0.009973 -0.969093 -0.009973 -0.002108 0.000000 
5.000000e-01 5.000000e-01 4.999971e-03 5.000000e-01 5.000000e-01 1.515005e+00 -0.993255 0.002105 0.009962 0.969120 0.009962 0.002105 0.993255 -0.002108 -0.009973 -0.969093 -0.009973 -0.002108 0.000000 
5.000000e-01 5.000000e-01 4.999971e-03 5.000000e-01 5.000000e-01 1.515005e+00 -0.993255 0.002105 0.009962 0.969120 0.009962 0.002105 0.993255 -0.002108 -0.009973 -0.969093 -0.009973 -0.002108 0.000000 
5.000000e-01 5.000000e-01 4.999971e-03 5.000000e-01 5.000000e-01 1.515005e+00 -0.993255 0.002105 0.009962 0.969120 0.009962 0.002105 0.993255 -0.002108 -0.009973 -0.969093 -0.009973 -0.002108 0.000000 
5.000000e-01 5.000000e-01 4.999971e-03 5.000000e-01 5.000000e-01 1.515005e+00 -0.993255 0.002105 0.009962 0.969120 0.009962 0.002105 0.993255 -0.002108 -0.009973 -0.969093 -0.009973 -0.002108 0.000000 
5.000000e-01 5.000000e-01 4.999971e-03 5.000000e-01 5.000000e-01 1.515005e+00 -0.993255 0.002105 0.009962 0.969120 0.009962 0.002105 0.993255 -0.002108 -0.009973 -0.969093 -0.009973 -0.002108 0.000000 
5.000000e-01 5.000000e-01 4.999971e-03 5.000000e-01 5.000000e-01 1.515005e+00 -0.993255 0.002105 0.009962 0.969120 0.009962 0.002105 0.993255 -0.002108 -0.009973 -0.969093 -0.009973 -0.002108 0.000000 
5.000000e-01 5.000000e-01 4.999971e-03 5.000000e-01 5.000000e-01 1.515005e+00 -0.993255 0.002105 0.009962 0.969120 0.009962 0.002105 0.993255 -0.002108 -0.009973 -0.969093 -0.009973 -0.002108 0.000000 
5.000000e-01 5.000000e-01 4.999971e-03 5.000000e-01 5.000000e-01 1.515005e+00 -0.993255 0.002105 0.009962 0.969120 0.009962 0.002105 0.993255 -0.002108 -0.009973 -0.969093 -0.009973 -0.002108 0.000000 
5.000000e-01 5.000000e-01 4.999971e-03 5.000000e-01 5.000000e-01 1.515005e+00 -0.993255 0.002105 0.009962 0.969120 0.009962 0.002105 0.993255 -0.002108 -0.009973 -0.969093 -0.009973 -0.002108 0.000000 
5.000000e-01 5.000000e-01 4.999971e-03 5.000000e-01 5.000000e-01 1.515005e+00 -0.993255 0.002105 0.009962 0.969120 0.009962 0.002105 0.993255 -0.002108 -0.009973 -0.969093 -0.009973 -0.002108 0.000000 
5.000000e-01 5.000000e-01 4.999971e-03 5.000000e-01 5.000000e-01 1.515005e+00 -0.993255 0.002105 0.009962 0.969120 0.009962 0.002105 0.993255 -0.002108 -0.009973 -0.969093 -0.009973 -0.002108 0.000000 
5.000000e-01 5.000000e-01 4.999971e-03 5.000000e-01 5.000000e-01 1.515005e+00 -0.993255 0.002105 0.009962 0.969120 0.009962 0.002105 0.993255 -0.002108 -0.009973 -0.969093 -0.009973 -0.002108 0.000000 
5.000000e-01 5.000000e-01 4.999971e-03 5.000000e-01 5.000000e-01 1.515005e+00 -0.993255 0.002105 0.009962 0.969120 0.009962 0.002105 0.993255 -0.002108 -0.009973 -0.969093 -0.009973 -0.002108 0.000000 
5.000000e-01 5.000000e-01 4.999971e-03 5.000000e-01 5.000000e-01 1.515005e+00 -0.993255 0.002105 0.009962 0.969120 0.009962 0.002105 0.993255 -0.002108 -0.009973 -0.969093 -0.009973 -0.002108 0.000000 
5.000000e-01 5.000000e-01 4.999971e-03 5.000000e-01 5.000000e-01 1.515005e+00 -0.993255 0.002105 0.009962 0.969120 0.009962 0.002105 0.993255 -0.002108 -0.009973 -0.969093 -0.009973 -0.002108 0.000000 
5.000000e-01 5.000000e-01 4.999971e-03 5.000000e-01 5.000000e-01 1.515005e+00 -0.993255 0.002105 0.009962 0.969120 0.009962 0.002105 0.993255 -0.002108 -0.009973 -0.969093 -0.009973 -0.002108 0.000000 
5.000000e-01 5.000000e-01 4.999971e-03 5.000000e-01 5.000000e-01 1.515005e+00 -0.993255 0.002105 0.009962 0.969120 0.009962 0.002105 0.993255 -0.002108 -0.009973 -0.969093 -0.009973 -0.002108 0.000000 
5.000000e-01 5.000000e-01 4.999971e-03 5.000000e-01 5.000000e-01 1.515005e+00 -0.993255 0.002105 0.009962 0.969120 0.009962 0.002105 0.993255 -0.002108 -0.009973 -0.969093 -0.009973 -0.002108 0.000000 
5.000000e-01 5.000000e-01 4.999971e-03 5.000000e-01 5.000000e-01 1.515005e+00 -0.993255 0.002105 0.009962 0.969120 0.009962 0.002105 0.993255 -0.002108 -0.009973 -0.969093 -0.009973 -0.002108 0.000000 
5.000000e-01 5.000000e-01 4.999971e-03 5.000000e-01 5.000000e-01 1.515005e+00 -0.993255 0.002105 0.009962 0.969120 0.009962 0.002105 0.993255 -0.002108 -0.009973 -0.969093 -0.009973 -0.002108 0.000000 
5.000000e-01 5.000000e-01 4.999971e-03 5.000000e-01 5.000000e-01 1.515005e+00 -0.993255 0.002105 0.009962 0.969120 0.009962 0.002105 0.993255 -0.002108 -0.009973 -0.969093 -0.009973 -0.002108 0.000000 
5.000000e-01 5.000000e-01 4.999971e-03 5.000000e-01 5.000000e-01 1.515005e+00 -0.993255 0.002105 0.009962 0.969120 0.009962 0.002105 0.993255 -0.002108 -0.009973 -0.969093 -0.009973 -0.002108 0.000000 
5.000000e-01 5.000000e-01 4.999971e-03 5.000000e-01 5.000000e-01 1.515005e+00 -0.993255 0.002105 0.009962 0.969120 0.009962 0.002105 0.993255 -0.002108 -0.009973 -0.969093 -0.009973 -0.002108 0.000000 
5.000000e-01 5.000000e-01 4.999971e-03 5.000000e-01 5.000000e-01 1.515005e+00 -0.993255 0.002105 0.009962 0.969120 0.009962 0.002105 0.993255 -0.002108 -0.009973 -0.969093 -0.009973 -0.002108 0.000000 
5.000000e-01 5.000000e-01 4.999971e-03 5.000000e-01 5.000000e-01 1.515005e+00 -0.993255 0.002105 0.009962 0.969120 0.009962 0.002105 0.993255 -0.002108 -0.009973 -0.969093 -0.009973 -0.002108 0.000000 
5.000000e-01 5.000000e-01 4.999971e-03 5.000000e-01 5.000000e-01 1.515005e+00 -0.993255 0.002105 0.009962 0.969120 0.009962 0.002105 0.993255 -0.002108 -0.009973 -0.969093 -0.009973 -0.002108 0.000000 
5.000000e-01 5.000000e-01 4.999971e-03 5.000000e-01 5.000000e-01 1.515005e+00 -0.993255 0.002105 0.009962 0.969120 0.009962 0.002105 0.993255 -0.002108 -0.009973 -0.969093 -0.009973 -0.002108 0.000000 
5.000000e-01 5.000000e-01 4.999971e-03 5.000000e-01 5.000000e-01 1.515005e+00 -0.993255 0.002105 0.009962 0.969120 0.009962 0.002105 0.993255 -0.002108 -0.009973 -0.969093 -0.009973 -0.002108 0.000000 
5.000000e-01 5.000000e-01 4.999971e-03 5.000000e-01 5.000000e-01 1.515005e+00 -0.993255 0.002105 0.009962 0.969120 0.009962 0.002105 0.993255 -0.002108 -0.009973 -0.969093 -0.009973 -0.002108 0.000000 
5.000000e-01 5.000000e-01 4.999971e-03 5.000000e-01 5.000000e-01 1.515005e+00 -0.993255 0.002105 0.009962 0.969120 0.009962 0.002105 0.993255 -0.002108 -0.009973 -0.969093 -0.009973 -0.002108 0.000000 
5.000000e-01 5.000000e-01 4.999971e-03 5.000000e-01 5.000000e-01 1.515005e+00 -0.993255 0.002105 0.009962 0.969120 0.009962 0.002105 0.993255 -0.002108 -0.009973 -0.969093 -0.009973 -0.002108 0.000000 
5.000000e-01 5.000000e-01 4.999971e-03 5.000000e-01 5.000000e-01 1.515005e+00 -0.993255 0.002105 0.009962 0.969120 0.009962 0.002105 0.993255 -0.002108 -0.009973 -0.969093 -0.009973 -0.002108 0.000000 
5.000000e-01 5.000000e-01 4.999971e-03 5.000000e-01 5.000000e-01 1.515005e+00 -0.993255 0.002105 0.009962 0.969120 0.009962 0.002105 0.993255 -0.002108 -0.009973 -0.969093 -0.009973 -0.002108 0.000000 
5.000000e-01 5.000000e-01 4.999971e-03 5.000000e-01 5.000000e-01 1.515005e+00 -0.993255 0.002105 0.009962 0.969120 0.009962 0.002105 0.993255 -0.002108 -0.009973 -0.969093 -0.009973 -0.002108 0.000000 
5.000000e-01 5.000000e-01 4.999971e-03 5.000000e-01 5.000000e-01 1.515005e+00 -0.993255 0.002105 0.009962 0.969120 0.009962 0.002105 0.993255 -0.002108 -0.009973 -0.969093 -0.009973 -0.002108 0.000000 
5.000000e-01 5.000000e-01 4.999971e-03 5.000000e-01 5.000000e-01 1.515005e+00 -0.993255 0.002105 0.009962 0.969120 0.009962 0.002105 0.993255 -0.002108 -0.009973 -0.969093 -0.009973 -0.002108 0.000000 
5.000000e-01 5.000000e-01 4.999971e-03 5.000000e-01 5.000000e-01 1.515005e+00 -0.993255 0.002105 0.009962 0.969120 0.009962 0.002105 0.993255 -0.002108 -0.009973 -0.969093 -0.009973 -0.002108 0.000000 
5.000000e-01 5.000000e-01 4.999971e-03 5.000000e-01 5.000000e-01 1.515005e+00 -0.993255 0.002105 0.009962 0.969120 0.009962 0.002105 0.993255 -0.002108 -0.009973 -0.969093 -0.009973 -0.002108 0.000000 
5.000000e-01 5.000000e-01 4.999971e-03 5.000000e-01 5.000000e-01 1.515005e+00 -0.993255 0.002105 0.009962 0.969120 0.009962 0.002105 0.993255 -0.002108 -0.009973 -0.969093 -0.009973 -0.002108 0.000000 
5.000000e-01 5.000000e-01 4.999971e-03 5.000000e-01 5.000000e-01 1.515005e+00 -0.993255 0.002105 0.009962 0.969120 0.009962 0.002105 0.993255 -0.002108 -0.009973 -0.969093 -0.009973 -0.002108 0.000000 
5.000000e-01 5.000000e-01 4.999971e-03 5.000000e-01 5.000000e-01 1.515005e+00 -0.993255 0.002105 0.009962 0.969120 0.009962 0.002105 0.993255 -0.002108 -0.009973 -0.969093 -0.009973 -0.002108 0.000000 
5.000000e-01 5.000000e-01 4.999971e-03 5.000000e-01 5.000000e-01 1.515005e+00 -0.993255 0.002105 0.009962 0.969120 0.009962 0.002105 0.993255 -0.002108 -0.009973 -0.969093 -0.009973 -0.002108 0.000000 
5.000000e-01 5.000000e-01 4.999971e-03 5.000000e-01 5.000000e-01 1.515005e+00 -0.993255 0.002105 0.009962 0.969120 0.009962 0.002105 0.993255 -0.002108 -0.009973 -0.969093 -0.009973 -0.002108 0.000000 
5.000000e-01 5.000000e-01 4.999971e-03 5.000000e-01 5.000000e-01 1.515005e+00 -0.993255 0.002105 0.009962 0.969120 0.009962 0.002105 0.993255 -0.002108 -0.009973 -0.969093 -0.009973 -0.002108 0.000000 
5.000000e-01 5.000000e-01 4.999971e-03 5.000000e-01 5.000000e-01 1.515005e+00 -0.993255 0.002105 0.009962 0.969120 0.009962 0.002105 0.993255 -0.002108 -0.009973 -0.969093 -0.009973 -0.002108 0.000000 
5.000000e-01 5.000000e-01 4.999971e-03 5.000000e-01 5.000000e-01 1.515005e+00 -0.993255 0.002105 0.009962 0.969120 0.009962 0.002105 0.993255 -0.002108 -0.009973 -0.969093 -0.009973 -0.002108 0.000000 
5.000000e-01 5.000000e-01 4.999971e-03 5.000000e-01 5.000000e-01 1.515005e+00 -0.993255 0.002105 0.009962 0.969120 0.009962 0.002105 0.993255 -0.002108 -0.009973 -0.969093 -0.009973 -0.002108 0.000000 
5.000000e-01 5.000000e-01 4.999971e-03 5.000000e-01 5.000000e-01 1.515005e+00 -0.993255 0.002105 0.009962 0.969120 0.009962 0.002105 0.993255 -0.002108 -0.009973 -0.969093 -0.009973 -0.002108 0.000000 
5.000000e-01 5.000000e-01 4.999971e-03 5.000000e-01 5.000000e-01 1.515005e+00 -0.993255 0.002105 0.009962 0.969120 0.009962 0.002105 0.993255 -0.002108 -0.009973 -0.969093 -0.009973 -0.002108 0.000000 
5.000000e-01 5.000000e-01 4.999971e-03 5.000000e-01 5.000000e-01 1.515005e+00 -0.993255 0.002105 0.009962 0.969120 0.009962 0.002105 0.993255 -0.002108 -0.009973 -0.969093 -0.009973 -0.002108 0.000000 
5.000000e-01 5.000000e-01 4.999971e-03 5.000000e-01 5.000000e-01 1.515005e+00 -0.993255 0.002105 0.009962 0.969120 0.009962 0.002105 0.993255 -0.002108 -0.009973 -0.969093 -0.009973 -0.002108 0.000000 
5.000000e-01 5.000000e-01 4.999971e-03 5.000000e-01 5.000000e-01 1.515005e+00 -0.993255 0.002105 0.009962 0.969120 0.009962 0.002105 0.993255 -0.002108 -0.009973 -0.969093 -0.009973 -0.002108 0.000000 
5.000000e-01 5.000000e-01 4.999971e-03 5.000000e-01 5.000000e-01 1.515005e+00 -0.993255 0.002105 0.009962 0.969120 0.009962 0.002105 0.993255 -0.002108 -0.009973 -0.969093 -0.009973 -0.002108 0.000000 
5.000000e-01 5.000000e-01 4.999971e-03 5.000000e-01 5.000000e-01 1.515005e+00 -0.993255 0.002105 0.009962 0.969120 0.009962 0.002105 0.993255 -0.002108 -0.009973 -0.969093 -0.009973 -0.002108 0.000000 
5.000000e-01 5.000000e-01 4.999971e-03 5.000000e-01 5.000000e-01 1.515005e+00 -0.993255 0.002105 0.009962 0.969120 0.009962 0.002105 0.993255 -0.002108 -0.009973 -0.969093 -0.009973 -0.002108 0.000000 
5.000000e-01 5.000000e-01 4.999971e-03 5.000000e-01 5.000000e-01 1.515005e+00 -0.993255 0.002105 0.009962 0.969120 0.009962 0.002105 0.993255 -0.002108 -0.009973 -0.969093 -0.009973 -0.002108 0.000000 
5.000000e-01 5.000000e-01 4.999971e-03 5.000000e-01 5.000000e-01 1.515005e+00 -0.993255 0.002105 0.009962 0.969120 0.009962 0.002105 0.993255 -0.002108 -0.009973 -0.969093 -0.009973 -0.002108 0.000000 
5.000000e-01 5.000000e-01 4.999971e-03 5.000000e-01 5.000000e-01 1.515005e+00 -0.993255 0.002105 0.009962 0.969120 0.009962 0.002105 0.993255 -0.002108 -0.009973 -0.969093 -0.009973 -0.002108 0.000000 
5.000000e-01 5.000000e-01 4.999971e-03 5.000000e-01 5.000000e-01 1.515005e+00 -0.993255 0.002105 0.009962 0.969120 0.009962 0.002105 0.993255 -0.002108 -0.009973 -0.969093 -0.009973 -0.002108 0.000000 
5.000000e-01 5.000000e-01 4.999971e-03 5.000000e-01 5.000000e-01 1.515005e+00 -0.993255 0.002105 0.009962 0.969120 0.009962 0.002105 0.993255 -0.002108 -0.009973 -0.969093 -0.009973 -0.002108 0.000000 
5.000000e-01 5.000000e-01 4.999971e-03 5.000000e-01 5.000000e-01 1.515005e+00 -0.993255 0.002105 0.009962 0.969120 0.009962 0.002105 0.993255 -0.002108 -0.009973 -0.969093 -0.009973 -0.002108 0.000000 
5.000000e-01 5.000000e-01 4.999971e-03 5.000000e-01 5.000000e-01 1.515005e+00 -0.993255 0.002105 0.009962 0.969120 0.009962 0.002105 0.993255 -0.002108 -0.009973 -0.969093 -0.009973 -0.002108 0.000000 
5.000000e-01 5.000000e-01 4.999971e-03 5.000000e-01 5.000000e-01 1.515005e+00 -0.993255 0.002105 0.009962 0.969120 0.009962 0.002105 0.993255 -0.002108 -0.009973 -0.969093 -0.009973 -0.002108 0.000000 
5.000000e-01 5.000000e-01 4.999971e-03 5.000000e-01 5.000000e-01 1.515005e+00 -0.993255 0.002105 0.009962 0.969120 0.009962 0.002105 0.993255 -0.002108 -0.009973 -0.969093 -0.009973 -0.002108 0.000000 
5.000000e-01 5.000000e-01 4.999971e-03 5.000000e-01 5.000000e-01 1.515005e+00 -0.993255 0.002105 0.009962 0.969120 0.009962 0.002105 0.993255 -0.002108 -0.009973 -0.969093 -0.009973 -0.002108 0.000000 
5.000000e-01 5.000000e-01 4.999971e-03 5.000000e-01 5.000000e-01 1.515005e+00 -0.993255 0.002105 0.009962 0.969120 0.009962 0.002105 0.993255 -0.002108 -0.009973 -0.969093 -0.009973 -0.002108 0.000000 
5.000000e-01 5.000000e-01 4.999971e-03 5.000000e-01 5.000000e-01 1.515005e+00 -0.993255 0.002105 0.009962 0.969120 0.009962 0.002105 0.993255 -0.002108 -0.009973 -0.969093 -0.009973 -0.002108 0.000000 
5.000000e-01 5.000000e-01 4.999971e-03 5.000000e-01 5.000000e-01 1.515005e+00 -0.993255 0.002105 0.009962 0.969120 0.009962 0.002105 0.993255 -0.002108 -0.009973 -0.969093 -0.009973 -0.002108 0.000000 
5.000000e-01 5.000000e-01 4.999971e-03 5.000000e-01 5.000000e-01 1.515005e+00 -0.993255 0.002105 0.009962 0.969120 0.009962 0.002105 0.993255 -0.002108 -0.009973 -0.969093 -0.009973 -0.002108 0.000000 
5.000000e-01 5.000000e-01 4.999971e-03 5.000000e-01 5.000000e-01 1.515005e+00 -0.993255 0.002105 0.009962 0.969120 0.009962 0.002105 0.993255 -0.002108 -0.009973 -0.969093 -0.009973 -0.002108 0.000000 
5.000000e-01 5.000000e-01 4.999971e-03 5.000000e-01 5.000000e-01 1.515005e+00 -0.993255 0.002105 0.009962 0.969120 0.009962 0.002105 0.993255 -0.002108 -0.009973 -0.969093 -0.009973 -0.002108 0.000000 
5.000000e-01 5.000000e-01 4.999971e-03 5.000000e-01 5.000000e-01 1.515005e+00 -0.993255 0.002105 0.009962 0.969120 0.009962 0.002105 0.993255 -0.002108 -0.009973 -0.969093 -0.009973 -0.002108 0.000000 
5.000000e-01 5.000000e-01 4.999971e-03 5.000000e-01 5.000000e-01 1.515005e+00 -0.993255 0.002105 0.009962 0.969120 0.009962 0.002105 0.993255 -0.002108 -0.009973 -0.969093 -0.009973 -0.002108 0.000000 
5.000000e-01 5.000000e-01 4.999971e-03 5.000000e-01 5.000000e-01 1.515005e+00 -0.993255 0.002105 0.009962 0.969120 0.009962 0.002105 0.993255 -0.002108 -0.009973 -0.969093 -0.009973 -0.002108 0.000000 
5.000000e-01 5.000000e-01 4.999971e-03 5.000000e-01 5.000000e-01 1.515005e+00 -0.993255 0.002105 0.009962 0.969120 0.009962 0.002105 0.993255 -0.002108 -0.009973 -0.969093 -0.009973 -0.002108 0.000000 
5.000000e-01 5.000000e-01 4.999971e-03 5.000000e-01 5.000000e-01 1.515005e+00 -0.993255 0.002105 0.009962 0.969120 0.009962 0.002105 0.993255 -0.002108 -0.009973 -0.969093 -0.009973 -0.002108 0.000000 
5.000000e-01 5.000000e-01 4.999971e-03 5.000000e-01 5.000000e-01 1.515005e+00 -0.993255 0.002105 0.009962 0.969120 0.009962 0.002105 0.993255 -0.002108 -0.009973 -0.969093 -0.009973 -0.002108 0.000000 
5.000000e-01 5.000000e-01 4.999971e-03 5.000000e-01 5.000000e-01 1.515005e+00 -0.993255 0.002105 0.009962 0.969120 0.009962 0.002105 0.993255 -0.002108 -0.009973 -0.969093 -0.009973 -0.002108 0.000000 
5.000000e-01 5.000000e-01 4.999971e-03 5.000000e-01 5.000000e-01 1.515005e+00 -0.993255 0.002105 0.009962 0.969120 0.009962 0.002105 0.993255 -0.002108 -0.009973 -0.969093 -0.009973 -0.002108 0.000000 
5.000000e-01 5.000000e-01 4.999971e-03 5.000000e-01 5.000000e-01 1.515005e+00 -0.993255 0.002105 0.009962 0.969120 0.009962 0.002105 0.993255 -0.002108 -0.009973 -0.969093 -0.009973 -0.002108 0.000000 
5.000000e-01 5.000000e-01 4.999971e-03 5.000000e-01 5.000000e-01 1.515005e+00 -0.993255 0.002105 0.009962 0.969120 0.009962 0.002105 0.993255 -0.002108 -0.009973 -0.969093 -0.009973 -0.002108 0.000000 
5.000000e-01 5.000000e-01 4.999971e-03 5.000000e-01 5.000000e-01 1.515005e+00 -0.993255 0.002105 0.009962 0.969120 0.009962 0.002105 0.993255 -0.002108 -0.009973 -0.969093 -0.009973 -0.002108 0.000000 
5.000000e-01 5.000000e-01 4.999971e-03 5.000000e-01 5.000000e-01 1.515005e+00 -0.993255 0.002105 0.009962 0.969120 0.009962 0.002105 0.993255 -0.002108 -0.009973 -0.969093 -0.009973 -0.002108 0.000000 
5.000000e-01 5.000000e-01 4.999971e-03 5.000000e-01 5.000000e-01 1.515005e+00 -0.993255 0.002105 0.009962 0.969120 0.009962 0.002105 0.993255 -0.002108 -0.009973 -0.969093 -0.009973 -0.002108 0.000000 
5.000000e-01 5.000000e-01 4.999971e-03 5.000000e-01 5.000000e-01 1.515005e+00 -0.993255 0.002105 0.009962 0.969120 0.009962 0.002105 0.993255 -0.002108 -0.009973 -0.969093 -0.009973 -0.002108 0.000000 
5.000000e-01 5.000000e-01 4.999971e-03 5.000000e-01 5.000000e-01 1.515005e+00 -0.993255 0.002105 0.009962 0.969120 0.009962 0.002105 0.993255 -0.002108 -0.009973 -0.969093 -0.009973 -0.002108 0.000000 
5.000000e-01 5.000000e-01 4.999971e-03 5.000000e-01 5.000000e-01 1.515005e+00 -0.993255 0.002105 0.009962 0.969120 0.009962 0.002105 0.993255 -0.002108 -0.009973 -0.969093 -0.009973 -0.002108 0.000000 
5.000000e-01 5.000000e-01 4.999971e-03 5.000000e-01 5.000000e-01 1.515005e+00 -0.993255 0.002105 0.009962 0.969120 0.009962 0.002105 0.993255 -0.002108 -0.009973 -0.969093 -0.009973 -0.002108 0.000000 
5.000000e-01 5.000000e-01 4.999971e-03 5.000000e-01 5.000000e-01 1.515005e+00 -0.993255 0.002105 0.009962 0.969120 0.009962 0.002105 0.993255 -0.002108 -0.009973 -0.969093 -0.009973 -0.002108 0.000000 
5.000000e-01 5.000000e-01 4.999971e-03 5.000000e-01 5.000000e-01 1.515005e+00 -0.993255 0.002105 0.009962 0.969120 0.009962 0.002105 0.993255 -0.002108 -0.009973 -0.969093 -0.009973 -0.002108 0.000000 
5.000000e-01 5.000000e-01 4.999971e-03 5.000000e-01 5.000000e-01 1.515005e+00 -0.993255 0.002105 0.009962 0.969120 0.009962 0.002105 0.993255 -0.002108 -0.009973 -0.969093 -0.009973 -0.002108 0.000000 
5.000000e-01 5.000000e-01 4.999971e-03 5.000000e-01 5.000000e-01 1.515005e+00 -0.993255 0.002105 0.009962 0.969120 0.009962 0.002105 0.993255 -0.002108 -0.009973 -0.969093 -0.009973 -0.002108 0.000000 
5.000000e-01 5.000000e-01 4.999971e-03 5.000000e-01 5.000000e-01 1.515005e+00 -0.993255 0.002105 0.009962 0.969120 0.009962 0.002105 0.993255 -0.002108 -0.009973 -0.969093 -0.009973 -0.002108 0.000000 
5.000000e-01 5.000000e-01 4.999971e-03 5.000000e-01 5.000000e-01 1.515005e+00 -0.993255 0.002105 0.009962 0.969120 0.009962 0.002105 0.993255 -0.002108 -0.009973 -0.969093 -0.009973 -0.002108 0.000000 
5.000000e-01 5.000000e-01 4.999971e-03 5.000000e-01 5.000000e-01 1.515005e+00 -0.993255 0.002105 0.009962 0.969120 0.009962 0.002105 0.993255 -0.002108 -0.009973 -0.969093 -0.009973 -0.002108 0.000000 
5.000000e-01 5.000000e-01 4.999971e-03 5.000000e-01 5.000000e-01 1.515005e+00 -0.993255 0.002105 0.009962 0.969120 0.009962 0.002105 0.993255 -0.002108 -0.009973 -0.969093 -0.009973 -0.002108 0.000000 
5.000000e-01 5.000000e-01 4.999971e-03 5.000000e-01 5.000000e-01 1.515005e+00 -0.993255 0.002105 0.009962 0.969120 0.009962 0.002105 0.993255 -0.002108 -0.009973 -0.969093 -0.009973 -0.002108 0.000000 
5.000000e-01 5.000000e-01 4.999971e-03 5.000000e-01 5.000000e-01 1.515005e+00 -0.993255 0.002105 0.009962 0.969120 0.009962 0.002105 0.993255 -0.002108 -0.009973 -0.969093 -0.009973 -0.002108 0.000000 
5.000000e-01 5.000000e-01 4.999971e-03 5.000000e-01 5.000000e-01 1.515005e+00 -0.993255 0.002105 0.009962 0.969120 0.009962 0.002105 0.993255 -0.002108 -0.009973 -0.969093 -0.009973 -0.002108 0.000000 
5.000000e-01 5.000000e-01 4.999971e-03 5.000000e-01 5.000000e-01 1.515005e+00 -0.993255 0.002105 0.009962 0.969120 0.009962 0.002105 0.993255 -0.002108 -0.009973 -0.969093 -0.009973 -0.002108 0.000000 
5.000000e-01 5.000000e-01 4.999971e-03 5.000000e-01 5.000000e-01 1.515005e+00 -0.993255 0.002105 0.009962 0.969120 0.009962 0.002105 0.993255 -0.002108 -0.009973 -0.969093 -0.009973 -0.002108 0.000000 
5.000000e-01 5.000000e-01 4.999971e-03 5.000000e-01 5.000000e-01 1.515005e+00 -0.993255 0.002105 0.009962 0.969120 0.009962 0.002105 0.993255 -0.002108 -0.009973 -0.969093 -0.009973 -0.002108 0.000000 
5.000000e-01 5.000000e-01 4.999971e-03 5.000000e-01 5.000000e-01 1.515005e+00 -0.993255 0.002105 0.009962 0.969120 0.009962 0.002105 0.993255 -0.002108 -0.009973 -0.969093 -0.009973 -0.002108 0.000000 
5.000000e-01 5.000000e-01 4.999971e-03 5.000000e-01 5.000000e-01 1.515005e+00 -0.993255 0.002105 0.009962 0.969120 0.009962 0.002105 0.993255 -0.002108 -0.009973 -0.969093 -0.009973 -0.002108 0.000000 
5.000000e-01 5.000000e-01 4.999971e-03 5.000000e-01 5.000000e-01 1.515005e+00 -0.993255 0.002105 0.009962 0.969120 0.009962 0.002105 0.993255 -0.002108 -0.009973 -0.969093 -0.009973 -0.002108 0.000000 
5.000000e-01 5.000000e-01 4.999971e-03 5.000000e-01 5.000000e-01 1.515005e+00 -0.993255 0.002105 0.009962 0.969120 0.009962 0.002105 0.993255 -0.002108 -0.009973 -0.969093 -0.009973 -0.002108 0.000000 
5.000000e-01 5.000000e-01 4.999971e-03 5.000000e-01 5.000000e-01 1.515005e+00 -0.993255 0.002105 0.009962 0.969120 0.009962 0.002105 0.993255 -0.002108 -0.009973 -0.969093 -0.009973 -0.002108 0.000000 
5.000000e-01 5.000000e-01 4.999971e-03 5.000000e-01 5.000000e-01 1.515005e+00 -0.993255 0.002105 0.009962 0.969120 0.009962 0.002105 0.993255 -0.002108 -0.009973 -0.969093 -0.009973 -0.002108 0.000000 
5.000000e-01 5.000000e-01 4.999971e-03 5.000000e-01 5.000000e-01 1.515005e+00 -0.993255 0.002105 0.009962 0.969120 0.009962 0.002105 0.993255 -0.002108 -0.009973 -0.969093 -0.009973 -0.002108 0.000000 
5.000000e-01 5.000000e-01 4.999971e-03 5.000000e-01 5.000000e-01 1.515005e+00 -0.993255 0.002105 0.009962 0.969120 0.009962 0.002105 0.993255 -0.002108 -0.009973 -0.969093 -0.009973 -0.002108 0.000000 
5.000000e-01 5.000000e-01 4.999971e-03 5.000000e-01 5.000000e-01 1.515005e+00 -0.993255 0.002105 0.009962 0.969120 0.009962 0.002105 0.993255 -0.002108 -0.009973 -0.969093 -0.009973 -0.002108 0.000000 
5.000000e-01 5.000000e-01 4.999971e-03 5.000000e-01 5.000000e-01 1.515005e+00 -0.993255 0.002105 0.009962 0.969120 0.009962 0.002105 0.993255 -0.002108 -0.009973 -0.969093 -0.009973 -0.002108 0.000000 
5.000000e-01 5.000000e-01 4.999971e-03 5.000000e-01 5.000000e-01 1.515005e+00 -0.993255 0.002105 0.009962 0.969120 0.009962 0.002105 0.993255 -0.002108 -0.009973 -0.969093 -0.009973 -0.002108 0.000000 
5.000000e-01 5.000000e-01 4.999971e-03 5.000000e-01 5.000000e-01 1.515005e+00 -0.993255 0.002105 0.009962 0.969120 0.009962 0.002105 0.993255 -0.002108 -0.009973 -0.969093 -0.009973 -0.002108 0.000000 
5.000000e-01 5.000000e-01 4.999971e-03 5.000000e-01 5.000000e-01 1.515005e+00 -0.993255 0.002105 0.009962 0.969120 0.009962 0.002105 0.993255 -0.002108 -0.009973 -0.969093 -0.009973 -0.002108 0.000000 
5.000000e-01 5.000000e-01 4.999971e-03 5.000000e-01 5.000000e-01 1.515005e+00 -0.993255 0.002105 0.009962 0.969120 0.009962 0.002105 0.993255 -0.002108 -0.009973 -0.969093 -0.009973 -0.002108 0.000000 
5.000000e-01 5.000000e-01 4.999971e-03 5.000000e-01 5.000000e-01 1.515005e+00 -0.993255 0.002105 0.009962 0.969120 0.009962 0.002105 0.993255 -0.002108 -0.009973 -0.969093 -0.009973 -0.002108 0.000000 
5.000000e-01 5.000000e-01 4.999971e-03 5.000000e-01 5.000000e-01 1.515005e+00 -0.993255 0.002105 0.009962 0.969120 0.009962 0.002105 0.993255 -0.002108 -0.009973 -0.969093 -0.009973 -0.002108 0.000000 
5.000000e-01 5.000000e-01 4.999971e-03 5.000000e-01 5.000000e-01 1.515005e+00 -0.993255 0.002105 0.009962 0.969120 0.009962 0.002105 0.993255 -0.002108 -0.009973 -0.969093 -0.009973 -0.002108 0.000000 
5.000000e-01 5.000000e-01 4.999971e-03 5.000000e-01 5.000000e-01 1.515005e+00 -0.993255 0.002105 0.009962 0.969120 0.009962 0.002105 0.993255 -0.002108 -0.009973 -0.969093 -0.009973 -0.002108 0.000000 
5.000000e-01 5.000000e-01 4.999971e-03 5.000000e-01 5.000000e-01 1.515005e+00 -0.993255 0.002105 0.009962 0.969120 0.009962 0.002105 0.993255 -0.002108 -0.009973 -0.969093 -0.009973 -0.002108 0.000000 
5.000000e-01 5.000000e-01 4.999971e-03 5.000000e-01 5.000000e-01 1.515005e+00 -0.993255 0.002105 0.009962 0.969120 0.009962 0.002105 0.993255 -0.002108 -0.009973 -0.969093 -0.009973 -0.002108 0.000000 
5.000000e-01 5.000000e-01 4.999971e-03 5.000000e-01 5.000000e-01 1.515005e+00 -0.993255 0.002105 0.009962 0.969120 0.009962 0.002105 0.993255 -0.002108 -0.009973 -0.969093 -0.009973 -0.002108 0.000000 
5.000000e-01 5.000000e-01 4.999971e-03 5.000000e-01 5.000000e-01 1.515005e+00 -0.993255 0.002105 0.009962 0.969120 0.009962 0.002105 0.993255 -0.002108 -0.009973 -0.969093 -0.009973 -0.002108 0.000000 
5.000000e-01 5.000000e-01 4.999971e-03 5.000000e-01 5.000000e-01 1.515005e+00 -0.993255 0.002105 0.009962 0.969120 0.009962 0.002105 0.993255 -0.002108 -0.009973 -0.969093 -0.009973 -0.002108 0.000000 
5.000000e-01 5.000000e-01 4.999971e-03 5.000000e-01 5.000000e-01 1.515005e+00 -0.993255 0.002105 0.009962 0.969120 0.009962 0.002105 0.993255 -0.002108 -0.009973 -0.969093 -0.009973 -0.002108 0.000000 
5.000000e-01 5.000000e-01 4.999971e-03 5.000000e-01 5.000000e-01 1.515005e+00 -0.993255 0.002105 0.009962 0.969120 0.009962 0.002105 0.993255 -0.002108 -0.009973 -0.969093 -0.009973 -0.002108 0.000000 
5.000000e-01 5.000000e-01 4.999971e-03 5.000000e-01 5.000000e-01 1.515005e+00 -0.993255 0.002105 0.009962 0.969120 0.009962 0.002105 0.993255 -0.002108 -0.009973 -0.969093 -0.009973 -0.002108 0.000000 
5.000000e-01 5.000000e-01 4.999971e-03 5.000000e-01 5.000000e-01 1.515005e+00 -0.993255 0.002105 0.009962 0.969120 0.009962 0.002105 0.993255 -0.002108 -0.009973 -0.969093 -0.009973 -0.002108 0.000000 
5.000000e-01 5.000000e-01 4.999971e-03 5.000000e-01 5.000000e-01 1.515005e+00 -0.993255 0.002105 0.009962 0.969120 0.009962 0.002105 0.993255 -0.002108 -0.009973 -0.969093 -0.009973 -0.002108 0.000000 
5.000000e-01 5.000000e-01 4.999971e-03 5.000000e-01 5.000000e-01 1.515005e+00 -0.993255 0.002105 0.009962 0.969120 0.009962 0.002105 0.993255 -0.002108 -0.009973 -0.969093 -0.009973 -0.002108 0.000000 
5.000000e-01 5.000000e-01 4.999971e-03 5.000000e-01 5.000000e-01 1.515005e+00 -0.993255 0.002105 0.009962 0.969120 0.009962 0.002105 0.993255 -0.002108 -0.009973 -0.969093 -0.009973 -0.002108 0.000000 
5.000000e-01 5.000000e-01 4.999971e-03 5.000000e-01 5.000000e-01 1.515005e+00 -0.993255 0.002105 0.009962 0.969120 0.009962 0.002105 0.993255 -0.002108 -0.009973 -0.969093 -0.009973 -0.002108 0.000000 
5.000000e-01 5.000000e-01 4.999971e-03 5.000000e-01 5.000000e-01 1.515005e+00 -0.993255 0.002105 0.009962 0.969120 0.009962 0.002105 0.993255 -0.002108 -0.009973 -0.969093 -0.009973 -0.002108 0.000000 
5.000000e-01 5.000000e-01 4.999971e-03 5.000000e-01 5.000000e-01 1.515005e+00 -0.993255 0.002105 0.009962 0.969120 0.009962 0.002105 0.993255 -0.002108 -0.009973 -0.969093 -0.009973 -0.002108 0.000000 
5.000000e-01 5.000000e-01 4.999971e-03 5.000000e-01 5.000000e-01 1.515005e+00 -0.993255 0.002105 0.009962 0.969120 0.009962 0.002105 0.993255 -0.002108 -0.009973 -0.969093 -0.009973 -0.002108 0.000000 
5.000000e-01 5.000000e-01 4.999971e-03 5.000000e-01 5.000000e-01 1.515005e+00 -0.993255 0.002105 0.009962 0.969120 0.009962 0.002105 0.993255 -0.002108 -0.009973 -0.969093 -0.009973 -0.002108 0.000000 
5.000000e-01 5.000000e-01 4.999971e-03 5.000000e-01 5.000000e-01 1.515005e+00 -0.993255 0.002105 0.009962 0.969120 0.009962 0.002105 0.993255 -0.002108 -0.009973 -0.969093 -0.009973 -0.002108 0.000000 
5.000000e-01 5.000000e-01 4.999971e-03 5.000000e-01 5.000000e-01 1.515005e+00 -0.993255 0.002105 0.009962 0.969120 0.009962 0.002105 0.993255 -0.002108 -0.009973 -0.969093 -0.009973 -0.002108 0.000000 
5.000000e-01 5.000000e-01 4.999971e-03 5.000000e-01 5.000000e-01 1.515005e+00 -0.993255 0.002105 0.009962 0.969120 0.009962 0.002105 0.993255 -0.002108 -0.009973 -0.969093 -0.009973 -0.002108 0.000000 
