# TeX TeY TeZ ThX ThY THZ P1 P2
5.000000e-01 5.000000e-01 1.410000e+00 5.000000e-01 5.000000e-01 1.410000e+00 0.000000 0.000000 0.000000 0.000000 0.000000 0.000000 0.000000 0.000000 0.000000 0.000000 0.000000 0.000000 0.000000 
5.000000e-01 5.000000e-01 1.402589e+00 5.000000e-01 5.000000e-01 1.416393e+00 -0.009091 -0.005930 -0.008782 0.038513 -0.008782 -0.005930 0.009091 -0.001653 -0.001927 -0.001932 -0.001927 -0.001653 0.000000 
5.000000e-01 5.000000e-01 1.395104e+00 5.000000e-01 5.000000e-01 1.422749e+00 -0.018206 -0.011835 -0.017432 0.076740 -0.017432 -0.011835 0.018206 -0.003310 -0.003858 -0.003869 -0.003858 -0.003310 0.000000 
5.000000e-01 5.000000e-01 1.387544e+00 5.000000e-01 5.000000e-01 1.429068e+00 -0.027347 -0.017724 -0.026070 0.114935 -0.026070 -0.017724 0.027347 -0.004972 -0.005796 -0.005812 -0.005796 -0.004972 0.000000 
5.000000e-01 5.000000e-01 1.379910e+00 5.000000e-01 5.000000e-01 1.435351e+00 -0.036516 -0.023616 -0.035021 0.153791 -0.035021 -0.023616 0.036516 -0.006639 -0.007739 -0.007761 -0.007739 -0.006639 0.000000 
5.000000e-01 5.000000e-01 1.372202e+00 5.000000e-01 5.000000e-01 1.441595e+00 -0.045710 -0.029421 -0.043745 0.192043 -0.043745 -0.029421 0.045710 -0.008310 -0.009687 -0.009715 -0.009687 -0.008310 0.000000 
5.000000e-01 5.000000e-01 1.364420e+00 5.000000e-01 5.000000e-01 1.447802e+00 -0.054933 -0.035202 -0.052812 0.230960 -0.052812 -0.035202 0.054933 -0.009986 -0.011642 -0.011676 -0.011642 -0.009986 0.000000 
5.000000e-01 5.000000e-01 1.356564e+00 5.000000e-01 5.000000e-01 1.453972e+00 -0.064185 -0.040941 -0.062175 0.270418 -0.062175 -0.040941 0.064185 -0.011668 -0.013603 -0.013643 -0.013603 -0.011668 0.000000 
5.000000e-01 5.000000e-01 1.348635e+00 5.000000e-01 5.000000e-01 1.460103e+00 -0.073463 -0.046613 -0.071559 0.309808 -0.071559 -0.046613 0.073463 -0.013354 -0.015569 -0.015615 -0.015569 -0.013354 0.000000 
5.000000e-01 5.000000e-01 1.340633e+00 5.000000e-01 5.000000e-01 1.466197e+00 -0.082774 -0.052244 -0.081627 0.350517 -0.081627 -0.052244 0.082774 -0.015047 -0.017543 -0.017595 -0.017543 -0.015047 0.000000 
5.000000e-01 5.000000e-01 1.332558e+00 5.000000e-01 5.000000e-01 1.472251e+00 -0.092111 -0.057769 -0.091710 0.391070 -0.091710 -0.057769 0.092112 -0.016744 -0.019522 -0.019580 -0.019522 -0.016744 0.000000 
5.000000e-01 5.000000e-01 1.324412e+00 5.000000e-01 5.000000e-01 1.478268e+00 -0.101478 -0.063227 -0.102160 0.432253 -0.102160 -0.063227 0.101478 -0.018446 -0.021507 -0.021572 -0.021507 -0.018446 0.000000 
5.000000e-01 5.000000e-01 1.316194e+00 5.000000e-01 5.000000e-01 1.484244e+00 -0.110874 -0.068612 -0.113023 0.474144 -0.113023 -0.068612 0.110874 -0.020153 -0.023499 -0.023570 -0.023499 -0.020153 0.000000 
5.000000e-01 5.000000e-01 1.307905e+00 5.000000e-01 5.000000e-01 1.490182e+00 -0.120294 -0.073898 -0.123920 0.515931 -0.123920 -0.073898 0.120294 -0.021864 -0.025496 -0.025574 -0.025496 -0.021864 0.000000 
5.000000e-01 5.000000e-01 1.299545e+00 5.000000e-01 5.000000e-01 1.496078e+00 -0.129745 -0.079109 -0.135359 0.558681 -0.135359 -0.079109 0.129745 -0.023581 -0.027499 -0.027584 -0.027499 -0.023581 0.000000 
5.000000e-01 5.000000e-01 1.291115e+00 5.000000e-01 5.000000e-01 1.501934e+00 -0.139217 -0.084191 -0.146724 0.601046 -0.146724 -0.084191 0.139217 -0.025302 -0.029507 -0.029599 -0.029507 -0.025302 0.000000 
5.000000e-01 5.000000e-01 1.282615e+00 5.000000e-01 5.000000e-01 1.507746e+00 -0.148711 -0.089165 -0.158253 0.643546 -0.158253 -0.089165 0.148711 -0.027026 -0.031520 -0.031620 -0.031520 -0.027026 0.000000 
5.000000e-01 5.000000e-01 1.274047e+00 5.000000e-01 5.000000e-01 1.513524e+00 -0.158231 -0.094031 -0.169775 0.685843 -0.169775 -0.094031 0.158231 -0.028755 -0.033538 -0.033646 -0.033538 -0.028755 0.000000 
5.000000e-01 5.000000e-01 1.265409e+00 5.000000e-01 5.000000e-01 1.515118e+00 -0.164974 -0.096526 -0.172361 0.702747 -0.172361 -0.096526 0.164974 -0.029978 -0.034968 -0.035082 -0.034968 -0.029978 0.000000 
5.000000e-01 5.000000e-01 1.256704e+00 5.000000e-01 5.000000e-01 1.515118e+00 -0.170687 -0.098054 -0.171436 0.709666 -0.171436 -0.098054 0.170687 -0.031014 -0.036179 -0.036300 -0.036179 -0.031014 0.000000 
5.000000e-01 5.000000e-01 1.247930e+00 5.000000e-01 5.000000e-01 1.515118e+00 -0.176443 -0.099482 -0.170418 0.716243 -0.170418 -0.099482 0.176443 -0.032057 -0.037400 -0.037528 -0.037400 -0.032057 0.000000 
5.000000e-01 5.000000e-01 1.239090e+00 5.000000e-01 5.000000e-01 1.515118e+00 -0.182244 -0.100811 -0.169316 0.722499 -0.169316 -0.100811 0.182244 -0.033108 -0.038631 -0.038766 -0.038631 -0.033108 0.000000 
5.000000e-01 5.000000e-01 1.230183e+00 5.000000e-01 5.000000e-01 1.515118e+00 -0.188089 -0.102038 -0.168140 0.728447 -0.168140 -0.102038 0.188089 -0.034167 -0.039871 -0.040014 -0.039871 -0.034167 0.000000 
5.000000e-01 5.000000e-01 1.221210e+00 5.000000e-01 5.000000e-01 1.515118e+00 -0.193977 -0.103157 -0.166895 0.734082 -0.166895 -0.103157 0.193977 -0.035233 -0.041120 -0.041271 -0.041120 -0.035233 0.000000 
5.000000e-01 5.000000e-01 1.212172e+00 5.000000e-01 5.000000e-01 1.515118e+00 -0.199909 -0.104181 -0.165595 0.739462 -0.165595 -0.104181 0.199909 -0.036306 -0.042379 -0.042538 -0.042379 -0.036306 0.000000 
5.000000e-01 5.000000e-01 1.203068e+00 5.000000e-01 5.000000e-01 1.515118e+00 -0.205883 -0.105111 -0.164247 0.744601 -0.164247 -0.105111 0.205883 -0.037387 -0.043647 -0.043815 -0.043647 -0.037387 0.000000 
5.000000e-01 5.000000e-01 1.193900e+00 5.000000e-01 5.000000e-01 1.515118e+00 -0.211899 -0.105949 -0.162858 0.749514 -0.162858 -0.105949 0.211899 -0.038475 -0.044923 -0.045102 -0.044923 -0.038475 0.000000 
5.000000e-01 5.000000e-01 1.184668e+00 5.000000e-01 5.000000e-01 1.515118e+00 -0.217958 -0.106697 -0.161432 0.754215 -0.161432 -0.106697 0.217958 -0.039570 -0.046209 -0.046398 -0.046209 -0.039570 0.000000 
5.000000e-01 5.000000e-01 1.175373e+00 5.000000e-01 5.000000e-01 1.515118e+00 -0.224058 -0.107355 -0.159974 0.758716 -0.159974 -0.107355 0.224058 -0.040673 -0.047504 -0.047704 -0.047504 -0.040673 0.000000 
5.000000e-01 5.000000e-01 1.166015e+00 5.000000e-01 5.000000e-01 1.515118e+00 -0.230199 -0.107927 -0.158489 0.763031 -0.158489 -0.107927 0.230199 -0.041782 -0.048808 -0.049019 -0.048808 -0.041782 0.000000 
5.000000e-01 5.000000e-01 1.156594e+00 5.000000e-01 5.000000e-01 1.515118e+00 -0.236382 -0.108414 -0.156980 0.767171 -0.156980 -0.108414 0.236382 -0.042897 -0.050121 -0.050344 -0.050121 -0.042897 0.000000 
5.000000e-01 5.000000e-01 1.147111e+00 5.000000e-01 5.000000e-01 1.515118e+00 -0.242605 -0.108819 -0.155452 0.771147 -0.155452 -0.108819 0.242605 -0.044020 -0.051443 -0.051679 -0.051443 -0.044020 0.000000 
5.000000e-01 5.000000e-01 1.137568e+00 5.000000e-01 5.000000e-01 1.515118e+00 -0.248869 -0.109143 -0.153907 0.774969 -0.153907 -0.109143 0.248869 -0.045149 -0.052774 -0.053023 -0.052774 -0.045149 0.000000 
5.000000e-01 5.000000e-01 1.127963e+00 5.000000e-01 5.000000e-01 1.515118e+00 -0.255172 -0.109390 -0.152348 0.778647 -0.152348 -0.109390 0.255172 -0.046284 -0.054113 -0.054377 -0.054113 -0.046284 0.000000 
5.000000e-01 5.000000e-01 1.118298e+00 5.000000e-01 5.000000e-01 1.515118e+00 -0.261516 -0.109561 -0.150777 0.782190 -0.150777 -0.109561 0.261516 -0.047426 -0.055461 -0.055741 -0.055461 -0.047426 0.000000 
5.000000e-01 5.000000e-01 1.108573e+00 5.000000e-01 5.000000e-01 1.515118e+00 -0.267898 -0.109658 -0.149196 0.785607 -0.149196 -0.109658 0.267898 -0.048574 -0.056818 -0.057114 -0.056818 -0.048574 0.000000 
5.000000e-01 5.000000e-01 1.098789e+00 5.000000e-01 5.000000e-01 1.515118e+00 -0.274320 -0.109685 -0.147607 0.788906 -0.147607 -0.109685 0.274320 -0.049728 -0.058183 -0.058497 -0.058183 -0.049728 0.000000 
5.000000e-01 5.000000e-01 1.088946e+00 5.000000e-01 5.000000e-01 1.515118e+00 -0.280780 -0.109644 -0.146012 0.792093 -0.146012 -0.109644 0.280780 -0.050888 -0.059557 -0.059890 -0.059557 -0.050888 0.000000 
5.000000e-01 5.000000e-01 1.079045e+00 5.000000e-01 5.000000e-01 1.515118e+00 -0.287279 -0.109537 -0.144412 0.795177 -0.144412 -0.109537 0.287279 -0.052054 -0.060939 -0.061293 -0.060939 -0.052054 0.000000 
5.000000e-01 5.000000e-01 1.069086e+00 5.000000e-01 5.000000e-01 1.515118e+00 -0.293815 -0.109367 -0.142808 0.798164 -0.142808 -0.109367 0.293815 -0.053225 -0.062330 -0.062705 -0.062330 -0.053225 0.000000 
5.000000e-01 5.000000e-01 1.059070e+00 5.000000e-01 5.000000e-01 1.515118e+00 -0.300390 -0.109135 -0.141200 0.801061 -0.141200 -0.109135 0.300390 -0.054402 -0.063729 -0.064128 -0.063729 -0.054402 0.000000 
5.000000e-01 5.000000e-01 1.048997e+00 5.000000e-01 5.000000e-01 1.515118e+00 -0.307001 -0.108845 -0.139590 0.803872 -0.139590 -0.108845 0.307001 -0.055584 -0.065136 -0.065560 -0.065136 -0.055584 0.000000 
5.000000e-01 5.000000e-01 1.038868e+00 5.000000e-01 5.000000e-01 1.515118e+00 -0.313650 -0.108499 -0.137978 0.806605 -0.137978 -0.108499 0.313650 -0.056771 -0.066552 -0.067003 -0.066552 -0.056771 0.000000 
5.000000e-01 5.000000e-01 1.028683e+00 5.000000e-01 5.000000e-01 1.515118e+00 -0.320335 -0.108098 -0.136365 0.809263 -0.136365 -0.108098 0.320335 -0.057963 -0.067977 -0.068455 -0.067977 -0.057963 0.000000 
5.000000e-01 5.000000e-01 1.018442e+00 5.000000e-01 5.000000e-01 1.515118e+00 -0.327057 -0.107646 -0.134751 0.811851 -0.134751 -0.107646 0.327057 -0.059160 -0.069409 -0.069918 -0.069409 -0.059160 0.000000 
5.000000e-01 5.000000e-01 1.008147e+00 5.000000e-01 5.000000e-01 1.515118e+00 -0.333814 -0.107144 -0.133136 0.814375 -0.133136 -0.107144 0.333814 -0.060361 -0.070850 -0.071392 -0.070850 -0.060361 0.000000 
5.000000e-01 5.000000e-01 9.977978e-01 5.000000e-01 5.000000e-01 1.515118e+00 -0.340607 -0.106595 -0.131521 0.816839 -0.131521 -0.106595 0.340608 -0.061566 -0.072299 -0.072876 -0.072299 -0.061566 0.000000 
5.000000e-01 5.000000e-01 9.873945e-01 5.000000e-01 5.000000e-01 1.515118e+00 -0.347436 -0.105999 -0.129906 0.819246 -0.129906 -0.105999 0.347436 -0.062776 -0.073757 -0.074371 -0.073757 -0.062776 0.000000 
5.000000e-01 5.000000e-01 9.769378e-01 5.000000e-01 5.000000e-01 1.515118e+00 -0.354300 -0.105361 -0.128290 0.821601 -0.128290 -0.105361 0.354300 -0.063989 -0.075222 -0.075877 -0.075222 -0.063989 0.000000 
5.000000e-01 5.000000e-01 9.664283e-01 5.000000e-01 5.000000e-01 1.515118e+00 -0.361199 -0.104680 -0.126674 0.823907 -0.126674 -0.104680 0.361199 -0.065206 -0.076696 -0.077394 -0.076696 -0.065206 0.000000 
5.000000e-01 5.000000e-01 9.558663e-01 5.000000e-01 5.000000e-01 1.515118e+00 -0.368132 -0.103960 -0.125058 0.826167 -0.125058 -0.103960 0.368132 -0.066426 -0.078178 -0.078922 -0.078178 -0.066426 0.000000 
5.000000e-01 5.000000e-01 9.452524e-01 5.000000e-01 5.000000e-01 1.515118e+00 -0.375099 -0.103201 -0.123441 0.828384 -0.123441 -0.103201 0.375099 -0.067650 -0.079669 -0.080462 -0.079669 -0.067650 0.000000 
5.000000e-01 5.000000e-01 9.345870e-01 5.000000e-01 5.000000e-01 1.515118e+00 -0.382100 -0.102407 -0.121824 0.830562 -0.121824 -0.102407 0.382100 -0.068876 -0.081167 -0.082014 -0.081167 -0.068876 0.000000 
5.000000e-01 5.000000e-01 9.238705e-01 5.000000e-01 5.000000e-01 1.515118e+00 -0.389134 -0.101577 -0.120207 0.832703 -0.120207 -0.101577 0.389134 -0.070104 -0.082674 -0.083578 -0.082674 -0.070104 0.000000 
5.000000e-01 5.000000e-01 9.131034e-01 5.000000e-01 5.000000e-01 1.515118e+00 -0.396202 -0.100714 -0.118589 0.834810 -0.118589 -0.100714 0.396202 -0.071334 -0.084189 -0.085155 -0.084189 -0.071334 0.000000 
5.000000e-01 5.000000e-01 9.022861e-01 5.000000e-01 5.000000e-01 1.515118e+00 -0.403303 -0.099820 -0.116971 0.836885 -0.116971 -0.099820 0.403303 -0.072566 -0.085713 -0.086745 -0.085713 -0.072566 0.000000 
5.000000e-01 5.000000e-01 8.914192e-01 5.000000e-01 5.000000e-01 1.515118e+00 -0.410436 -0.098896 -0.115351 0.838930 -0.115351 -0.098896 0.410436 -0.073799 -0.087245 -0.088348 -0.087245 -0.073799 0.000000 
5.000000e-01 5.000000e-01 8.805030e-01 5.000000e-01 5.000000e-01 1.515118e+00 -0.417602 -0.097942 -0.113731 0.840948 -0.113731 -0.097942 0.417602 -0.075034 -0.088785 -0.089965 -0.088785 -0.075034 0.000000 
5.000000e-01 5.000000e-01 8.695380e-01 5.000000e-01 5.000000e-01 1.515118e+00 -0.424800 -0.096960 -0.112109 0.842940 -0.112109 -0.096960 0.424800 -0.076268 -0.090334 -0.091596 -0.090334 -0.076268 0.000000 
5.000000e-01 5.000000e-01 8.585245e-01 5.000000e-01 5.000000e-01 1.515118e+00 -0.432030 -0.095952 -0.110487 0.844907 -0.110487 -0.095952 0.432030 -0.077502 -0.091891 -0.093243 -0.091891 -0.077502 0.000000 
5.000000e-01 5.000000e-01 8.474631e-01 5.000000e-01 5.000000e-01 1.515118e+00 -0.439291 -0.094918 -0.108863 0.846853 -0.108863 -0.094918 0.439291 -0.078735 -0.093457 -0.094906 -0.093457 -0.078735 0.000000 
5.000000e-01 5.000000e-01 8.363542e-01 5.000000e-01 5.000000e-01 1.515118e+00 -0.446583 -0.093860 -0.107237 0.848779 -0.107237 -0.093860 0.446583 -0.079967 -0.095032 -0.096584 -0.095032 -0.079967 0.000000 
5.000000e-01 5.000000e-01 8.251982e-01 5.000000e-01 5.000000e-01 1.515118e+00 -0.453907 -0.092780 -0.105610 0.850687 -0.105610 -0.092780 0.453907 -0.081197 -0.096616 -0.098279 -0.096616 -0.081197 0.000000 
5.000000e-01 5.000000e-01 8.139954e-01 5.000000e-01 5.000000e-01 1.515118e+00 -0.461261 -0.091678 -0.103980 0.852578 -0.103980 -0.091678 0.461261 -0.082425 -0.098209 -0.099992 -0.098209 -0.082425 0.000000 
5.000000e-01 5.000000e-01 8.027464e-01 5.000000e-01 5.000000e-01 1.515118e+00 -0.468645 -0.090555 -0.102349 0.854454 -0.102349 -0.090555 0.468645 -0.083650 -0.099810 -0.101724 -0.099810 -0.083650 0.000000 
5.000000e-01 5.000000e-01 7.914515e-01 5.000000e-01 5.000000e-01 1.515118e+00 -0.476059 -0.089413 -0.100715 0.856316 -0.100715 -0.089413 0.476060 -0.084871 -0.101421 -0.103475 -0.101421 -0.084871 0.000000 
5.000000e-01 5.000000e-01 7.801111e-01 5.000000e-01 5.000000e-01 1.515118e+00 -0.483504 -0.088252 -0.099078 0.858165 -0.099078 -0.088252 0.483504 -0.086087 -0.103041 -0.105246 -0.103041 -0.086087 0.000000 
5.000000e-01 5.000000e-01 7.687256e-01 5.000000e-01 5.000000e-01 1.515118e+00 -0.490978 -0.087072 -0.097440 0.860001 -0.097440 -0.087072 0.490978 -0.087297 -0.104672 -0.107041 -0.104672 -0.087297 0.000000 
5.000000e-01 5.000000e-01 7.572955e-01 5.000000e-01 5.000000e-01 1.515118e+00 -0.498481 -0.085874 -0.095798 0.861826 -0.095798 -0.085874 0.498481 -0.088500 -0.106311 -0.108858 -0.106311 -0.088500 0.000000 
5.000000e-01 5.000000e-01 7.458211e-01 5.000000e-01 5.000000e-01 1.515118e+00 -0.506013 -0.084660 -0.094154 0.863642 -0.094154 -0.084660 0.506014 -0.089696 -0.107961 -0.110700 -0.107961 -0.089696 0.000000 
5.000000e-01 5.000000e-01 7.343027e-01 5.000000e-01 5.000000e-01 1.515118e+00 -0.513575 -0.083431 -0.092506 0.865449 -0.092506 -0.083431 0.513575 -0.090883 -0.109621 -0.112567 -0.109621 -0.090883 0.000000 
5.000000e-01 5.000000e-01 7.227409e-01 5.000000e-01 5.000000e-01 1.515118e+00 -0.521164 -0.082186 -0.090856 0.867249 -0.090856 -0.082186 0.521164 -0.092060 -0.111291 -0.114461 -0.111291 -0.092060 0.000000 
5.000000e-01 5.000000e-01 7.111360e-01 5.000000e-01 5.000000e-01 1.515118e+00 -0.528782 -0.080927 -0.089202 0.869042 -0.089202 -0.080927 0.528782 -0.093227 -0.112972 -0.116384 -0.112972 -0.093227 0.000000 
5.000000e-01 5.000000e-01 6.994883e-01 5.000000e-01 5.000000e-01 1.515118e+00 -0.536428 -0.079655 -0.087545 0.870828 -0.087545 -0.079655 0.536429 -0.094380 -0.114664 -0.118339 -0.114664 -0.094380 0.000000 
5.000000e-01 5.000000e-01 6.877982e-01 5.000000e-01 5.000000e-01 1.515118e+00 -0.544102 -0.078368 -0.085885 0.872608 -0.085885 -0.078368 0.544102 -0.095519 -0.116368 -0.120329 -0.116368 -0.095519 0.000000 
5.000000e-01 5.000000e-01 6.760662e-01 5.000000e-01 5.000000e-01 1.515118e+00 -0.551804 -0.077069 -0.084221 0.874384 -0.084221 -0.077069 0.551804 -0.096642 -0.118083 -0.122355 -0.118083 -0.096642 0.000000 
5.000000e-01 5.000000e-01 6.642925e-01 5.000000e-01 5.000000e-01 1.515118e+00 -0.559532 -0.075758 -0.082553 0.876156 -0.082553 -0.075758 0.559533 -0.097747 -0.119810 -0.124418 -0.119810 -0.097747 0.000000 
5.000000e-01 5.000000e-01 6.524775e-01 5.000000e-01 5.000000e-01 1.515118e+00 -0.567288 -0.074436 -0.080882 0.877924 -0.080882 -0.074436 0.567288 -0.098834 -0.121549 -0.126521 -0.121549 -0.098834 0.000000 
5.000000e-01 5.000000e-01 6.406217e-01 5.000000e-01 5.000000e-01 1.515118e+00 -0.575071 -0.073102 -0.079207 0.879690 -0.079207 -0.073102 0.575071 -0.099900 -0.123301 -0.128668 -0.123301 -0.099900 0.000000 
5.000000e-01 5.000000e-01 6.287252e-01 5.000000e-01 5.000000e-01 1.515118e+00 -0.582880 -0.071758 -0.077528 0.881453 -0.077528 -0.071758 0.582880 -0.100941 -0.125066 -0.130865 -0.125066 -0.100941 0.000000 
5.000000e-01 5.000000e-01 6.167886e-01 5.000000e-01 5.000000e-01 1.515118e+00 -0.590716 -0.070403 -0.075846 0.883213 -0.075846 -0.070403 0.590716 -0.101955 -0.126846 -0.133114 -0.126846 -0.101955 0.000000 
5.000000e-01 5.000000e-01 6.048121e-01 5.000000e-01 5.000000e-01 1.515118e+00 -0.598578 -0.069038 -0.074159 0.884973 -0.074159 -0.069038 0.598578 -0.102941 -0.128639 -0.135417 -0.128639 -0.102941 0.000000 
5.000000e-01 5.000000e-01 5.927961e-01 5.000000e-01 5.000000e-01 1.515118e+00 -0.606465 -0.067664 -0.072468 0.886731 -0.072468 -0.067664 0.606465 -0.103897 -0.130446 -0.137779 -0.130446 -0.103897 0.000000 
5.000000e-01 5.000000e-01 5.807409e-01 5.000000e-01 5.000000e-01 1.515118e+00 -0.614378 -0.066281 -0.070774 0.888489 -0.070774 -0.066281 0.614379 -0.104819 -0.132268 -0.140204 -0.132268 -0.104819 0.000000 
5.000000e-01 5.000000e-01 5.686468e-01 5.000000e-01 5.000000e-01 1.515118e+00 -0.622317 -0.064889 -0.069075 0.890246 -0.069075 -0.064889 0.622317 -0.105701 -0.134106 -0.142703 -0.134106 -0.105701 0.000000 
5.000000e-01 5.000000e-01 5.565143e-01 5.000000e-01 5.000000e-01 1.515118e+00 -0.630281 -0.063489 -0.067372 0.892003 -0.067372 -0.063489 0.630281 -0.106541 -0.135959 -0.145280 -0.135959 -0.106541 0.000000 
5.000000e-01 5.000000e-01 5.443436e-01 5.000000e-01 5.000000e-01 1.515118e+00 -0.638270 -0.062080 -0.065665 0.893761 -0.065665 -0.062080 0.638270 -0.107337 -0.137829 -0.147937 -0.137829 -0.107337 0.000000 
5.000000e-01 5.000000e-01 5.321351e-01 5.000000e-01 5.000000e-01 1.515118e+00 -0.646284 -0.060663 -0.063954 0.895519 -0.063954 -0.060663 0.646284 -0.108086 -0.139715 -0.150682 -0.139715 -0.108086 0.000000 
5.000000e-01 5.000000e-01 5.198890e-01 5.000000e-01 5.000000e-01 1.515118e+00 -0.654322 -0.059239 -0.062239 0.897278 -0.062239 -0.059239 0.654322 -0.108782 -0.141618 -0.153522 -0.141618 -0.108782 0.000000 
5.000000e-01 5.000000e-01 5.076057e-01 5.000000e-01 5.000000e-01 1.515118e+00 -0.662385 -0.057808 -0.060519 0.899038 -0.060519 -0.057808 0.662385 -0.109414 -0.143538 -0.156480 -0.143538 -0.109414 0.000000 
5.000000e-01 5.000000e-01 4.952855e-01 5.000000e-01 5.000000e-01 1.515118e+00 -0.670472 -0.056369 -0.058795 0.900800 -0.058795 -0.056369 0.670472 -0.109984 -0.145476 -0.159552 -0.145476 -0.109984 0.000000 
5.000000e-01 5.000000e-01 4.829288e-01 5.000000e-01 5.000000e-01 1.515118e+00 -0.678583 -0.054923 -0.057067 0.902563 -0.057067 -0.054923 0.678583 -0.110487 -0.147430 -0.162747 -0.147430 -0.110487 0.000000 
5.000000e-01 5.000000e-01 4.705358e-01 5.000000e-01 5.000000e-01 1.515118e+00 -0.686717 -0.053471 -0.055334 0.904328 -0.055334 -0.053471 0.686717 -0.110919 -0.149401 -0.166076 -0.149401 -0.110919 0.000000 
5.000000e-01 5.000000e-01 4.581068e-01 5.000000e-01 5.000000e-01 1.515118e+00 -0.694875 -0.052012 -0.053598 0.906095 -0.053598 -0.052012 0.694875 -0.111262 -0.151390 -0.169571 -0.151390 -0.111262 0.000000 
5.000000e-01 5.000000e-01 4.456422e-01 5.000000e-01 5.000000e-01 1.515118e+00 -0.703056 -0.050547 -0.051857 0.907864 -0.051857 -0.050547 0.703056 -0.111518 -0.153393 -0.173234 -0.153393 -0.111518 0.000000 
5.000000e-01 5.000000e-01 4.331423e-01 5.000000e-01 5.000000e-01 1.515118e+00 -0.711261 -0.049076 -0.050111 0.909636 -0.050111 -0.049076 0.711261 -0.111681 -0.155411 -0.177076 -0.155411 -0.111681 0.000000 
5.000000e-01 5.000000e-01 4.206072e-01 5.000000e-01 5.000000e-01 1.515118e+00 -0.719488 -0.047599 -0.048362 0.911410 -0.048362 -0.047599 0.719488 -0.111745 -0.157442 -0.181113 -0.157442 -0.111745 0.000000 
5.000000e-01 5.000000e-01 4.080374e-01 5.000000e-01 5.000000e-01 1.515118e+00 -0.727738 -0.046116 -0.046608 0.913186 -0.046608 -0.046116 0.727738 -0.111689 -0.159484 -0.185392 -0.159484 -0.111689 0.000000 
5.000000e-01 5.000000e-01 3.954332e-01 5.000000e-01 5.000000e-01 1.515118e+00 -0.736010 -0.044628 -0.044850 0.914966 -0.044850 -0.044628 0.736010 -0.111512 -0.161532 -0.189920 -0.161532 -0.111512 0.000000 
5.000000e-01 5.000000e-01 3.827947e-01 5.000000e-01 5.000000e-01 1.515118e+00 -0.744305 -0.043134 -0.043087 0.916748 -0.043087 -0.043134 0.744305 -0.111211 -0.163585 -0.194713 -0.163585 -0.111211 0.000000 
5.000000e-01 5.000000e-01 3.701224e-01 5.000000e-01 5.000000e-01 1.515118e+00 -0.752622 -0.041635 -0.041321 0.918533 -0.041321 -0.041635 0.752622 -0.110777 -0.165636 -0.199796 -0.165636 -0.110777 0.000000 
5.000000e-01 5.000000e-01 3.574164e-01 5.000000e-01 5.000000e-01 1.515118e+00 -0.760960 -0.040130 -0.039550 0.920320 -0.039550 -0.040130 0.760961 -0.110175 -0.167678 -0.205255 -0.167678 -0.110175 0.000000 
5.000000e-01 5.000000e-01 3.446770e-01 5.000000e-01 5.000000e-01 1.515118e+00 -0.769321 -0.038620 -0.037775 0.922111 -0.037775 -0.038620 0.769321 -0.109417 -0.169703 -0.211082 -0.169703 -0.109417 0.000000 
5.000000e-01 5.000000e-01 3.319046e-01 5.000000e-01 5.000000e-01 1.515118e+00 -0.777703 -0.037106 -0.035995 0.923906 -0.035995 -0.037106 0.777703 -0.108494 -0.171702 -0.217311 -0.171702 -0.108494 0.000000 
5.000000e-01 5.000000e-01 3.190994e-01 5.000000e-01 5.000000e-01 1.515118e+00 -0.786106 -0.035586 -0.034212 0.925703 -0.034212 -0.035586 0.786106 -0.107385 -0.173661 -0.224015 -0.173661 -0.107385 0.000000 
5.000000e-01 5.000000e-01 3.062616e-01 5.000000e-01 5.000000e-01 1.515118e+00 -0.794531 -0.034062 -0.032424 0.927503 -0.032424 -0.034062 0.794531 -0.106064 -0.175558 -0.231285 -0.175558 -0.106064 0.000000 
5.000000e-01 5.000000e-01 2.933916e-01 5.000000e-01 5.000000e-01 1.515118e+00 -0.802976 -0.032533 -0.030632 0.929307 -0.030632 -0.032533 0.802976 -0.104544 -0.177382 -0.239126 -0.177382 -0.104544 0.000000 
5.000000e-01 5.000000e-01 2.804895e-01 5.000000e-01 5.000000e-01 1.515118e+00 -0.811443 -0.031000 -0.028836 0.931115 -0.028836 -0.031000 0.811443 -0.102811 -0.179109 -0.247603 -0.179109 -0.102811 0.000000 
5.000000e-01 5.000000e-01 2.675556e-01 5.000000e-01 5.000000e-01 1.515118e+00 -0.819930 -0.029462 -0.027035 0.932926 -0.027035 -0.029462 0.819930 -0.100820 -0.180688 -0.256913 -0.180688 -0.100820 0.000000 
5.000000e-01 5.000000e-01 2.545902e-01 5.000000e-01 5.000000e-01 1.515118e+00 -0.828438 -0.027920 -0.025231 0.934740 -0.025231 -0.027920 0.828438 -0.098584 -0.182098 -0.267075 -0.182098 -0.098584 0.000000 
5.000000e-01 5.000000e-01 2.415934e-01 5.000000e-01 5.000000e-01 1.515118e+00 -0.836966 -0.026373 -0.023422 0.936558 -0.023422 -0.026373 0.836966 -0.096099 -0.183299 -0.278171 -0.183299 -0.096099 0.000000 
5.000000e-01 5.000000e-01 2.285655e-01 5.000000e-01 5.000000e-01 1.515118e+00 -0.845515 -0.024823 -0.021609 0.938379 -0.021609 -0.024823 0.845515 -0.093330 -0.184214 -0.290426 -0.184214 -0.093330 0.000000 
5.000000e-01 5.000000e-01 2.155066e-01 5.000000e-01 5.000000e-01 1.515118e+00 -0.854084 -0.023268 -0.019792 0.940204 -0.019792 -0.023268 0.854084 -0.090264 -0.184763 -0.304029 -0.184763 -0.090264 0.000000 
5.000000e-01 5.000000e-01 2.024169e-01 5.000000e-01 5.000000e-01 1.515118e+00 -0.862674 -0.021708 -0.017971 0.942033 -0.017971 -0.021708 0.862674 -0.086916 -0.184899 -0.319045 -0.184899 -0.086916 0.000000 
5.000000e-01 5.000000e-01 1.892965e-01 5.000000e-01 5.000000e-01 1.515118e+00 -0.871285 -0.020145 -0.016146 0.943866 -0.016146 -0.020145 0.871285 -0.083266 -0.184502 -0.335749 -0.184502 -0.083266 0.000000 
5.000000e-01 5.000000e-01 1.761455e-01 5.000000e-01 5.000000e-01 1.515118e+00 -0.879917 -0.018577 -0.014316 0.945702 -0.014316 -0.018577 0.879917 -0.079275 -0.183375 -0.354616 -0.183375 -0.079275 0.000000 
5.000000e-01 5.000000e-01 1.629637e-01 5.000000e-01 5.000000e-01 1.515118e+00 -0.888571 -0.017005 -0.012481 0.947543 -0.012481 -0.017005 0.888571 -0.074982 -0.181460 -0.375686 -0.181460 -0.074982 0.000000 
5.000000e-01 5.000000e-01 1.497509e-01 5.000000e-01 5.000000e-01 1.515118e+00 -0.897248 -0.015428 -0.010642 0.949389 -0.010642 -0.015428 0.897248 -0.070380 -0.178580 -0.399328 -0.178580 -0.070380 0.000000 
5.000000e-01 5.000000e-01 1.365069e-01 5.000000e-01 5.000000e-01 1.515118e+00 -0.905950 -0.013847 -0.008798 0.951239 -0.008798 -0.013847 0.905950 -0.065419 -0.174317 -0.426477 -0.174317 -0.065419 0.000000 
5.000000e-01 5.000000e-01 1.232310e-01 5.000000e-01 5.000000e-01 1.515118e+00 -0.914678 -0.012260 -0.006948 0.953094 -0.006948 -0.012260 0.914678 -0.060156 -0.168623 -0.457120 -0.168623 -0.060156 0.000000 
5.000000e-01 5.000000e-01 1.099221e-01 5.000000e-01 5.000000e-01 1.515118e+00 -0.923437 -0.010668 -0.005092 0.954956 -0.005092 -0.010668 0.923437 -0.054594 -0.161230 -0.491789 -0.161230 -0.054594 0.000000 
5.000000e-01 5.000000e-01 9.657900e-02 5.000000e-01 5.000000e-01 1.515118e+00 -0.932233 -0.009069 -0.003228 0.956825 -0.003228 -0.009069 0.932233 -0.048690 -0.151420 -0.532013 -0.151420 -0.048690 0.000000 
5.000000e-01 5.000000e-01 8.319986e-02 5.000000e-01 5.000000e-01 1.515118e+00 -0.941069 -0.007462 -0.001355 0.958703 -0.001355 -0.007462 0.941069 -0.042510 -0.139228 -0.577593 -0.139228 -0.042510 0.000000 
5.000000e-01 5.000000e-01 6.978243e-02 5.000000e-01 5.000000e-01 1.515118e+00 -0.949952 -0.005846 0.000528 0.960590 0.000528 -0.005846 0.949952 -0.036064 -0.124320 -0.629184 -0.124320 -0.036064 0.000000 
5.000000e-01 5.000000e-01 5.632439e-02 5.000000e-01 5.000000e-01 1.515118e+00 -0.958897 -0.004220 0.002423 0.962491 0.002423 -0.004220 0.958897 -0.029333 -0.105903 -0.688427 -0.105903 -0.029333 0.000000 
5.000000e-01 5.000000e-01 4.282381e-02 5.000000e-01 5.000000e-01 1.515118e+00 -0.967904 -0.002581 0.004332 0.964404 0.004332 -0.002581 0.967905 -0.022383 -0.084412 -0.754315 -0.084412 -0.022383 0.000000 
5.000000e-01 5.000000e-01 2.928022e-02 5.000000e-01 5.000000e-01 1.515118e+00 -0.976979 -0.000931 0.006255 0.966332 0.006255 -0.000931 0.976979 -0.015238 -0.059869 -0.826764 -0.059869 -0.015238 0.000000 
5.000000e-01 5.000000e-01 1.569564e-02 5.000000e-01 5.000000e-01 1.515118e+00 -0.986119 0.000732 0.008192 0.968273 0.008192 0.000732 0.986119 -0.007929 -0.032537 -0.905188 -0.032537 -0.007929 0.000000 
5.000000e-01 5.000000e-01 4.999925e-03 5.000000e-01 5.000000e-01 1.515118e+00 -0.993332 0.002044 0.009720 0.969805 0.009720 0.002044 0.993332 -0.002122 -0.009989 -0.969110 -0.009989 -0.002122 0.000000 
5.000000e-01 5.000000e-01 4.999925e-03 5.000000e-01 5.000000e-01 1.515118e+00 -0.993332 0.002044 0.009720 0.969805 0.009720 0.002044 0.993332 -0.002122 -0.009989 -0.969110 -0.009989 -0.002122 0.000000 
5.000000e-01 5.000000e-01 4.999925e-03 5.000000e-01 5.000000e-01 1.515118e+00 -0.993332 0.002044 0.009720 0.969805 0.009720 0.002044 0.993332 -0.002122 -0.009989 -0.969110 -0.009989 -0.002122 0.000000 
5.000000e-01 5.000000e-01 4.999925e-03 5.000000e-01 5.000000e-01 1.515118e+00 -0.993332 0.002044 0.009720 0.969805 0.009720 0.002044 0.993332 -0.002122 -0.009989 -0.969110 -0.009989 -0.002122 0.000000 
5.000000e-01 5.000000e-01 4.999925e-03 5.000000e-01 5.000000e-01 1.515118e+00 -0.993332 0.002044 0.009720 0.969805 0.009720 0.002044 0.993332 -0.002122 -0.009989 -0.969110 -0.009989 -0.002122 0.000000 
5.000000e-01 5.000000e-01 4.999925e-03 5.000000e-01 5.000000e-01 1.515118e+00 -0.993332 0.002044 0.009720 0.969805 0.009720 0.002044 0.993332 -0.002122 -0.009989 -0.969110 -0.009989 -0.002122 0.000000 
5.000000e-01 5.000000e-01 4.999925e-03 5.000000e-01 5.000000e-01 1.515118e+00 -0.993332 0.002044 0.009720 0.969805 0.009720 0.002044 0.993332 -0.002122 -0.009989 -0.969110 -0.009989 -0.002122 0.000000 
5.000000e-01 5.000000e-01 4.999925e-03 5.000000e-01 5.000000e-01 1.515118e+00 -0.993332 0.002044 0.009720 0.969805 0.009720 0.002044 0.993332 -0.002122 -0.009989 -0.969110 -0.009989 -0.002122 0.000000 
5.000000e-01 5.000000e-01 4.999925e-03 5.000000e-01 5.000000e-01 1.515118e+00 -0.993332 0.002044 0.009720 0.969805 0.009720 0.002044 0.993332 -0.002122 -0.009989 -0.969110 -0.009989 -0.002122 0.000000 
5.000000e-01 5.000000e-01 4.999925e-03 5.000000e-01 5.000000e-01 1.515118e+00 -0.993332 0.002044 0.009720 0.969805 0.009720 0.002044 0.993332 -0.002122 -0.009989 -0.969110 -0.009989 -0.002122 0.000000 
5.000000e-01 5.000000e-01 4.999925e-03 5.000000e-01 5.000000e-01 1.515118e+00 -0.993332 0.002044 0.009720 0.969805 0.009720 0.002044 0.993332 -0.002122 -0.009989 -0.969110 -0.009989 -0.002122 0.000000 
5.000000e-01 5.000000e-01 4.999925e-03 5.000000e-01 5.000000e-01 1.515118e+00 -0.993332 0.002044 0.009720 0.969805 0.009720 0.002044 0.993332 -0.002122 -0.009989 -0.969110 -0.009989 -0.002122 0.000000 
5.000000e-01 5.000000e-01 4.999925e-03 5.000000e-01 5.000000e-01 1.515118e+00 -0.993332 0.002044 0.009720 0.969805 0.009720 0.002044 0.993332 -0.002122 -0.009989 -0.969110 -0.009989 -0.002122 0.000000 
5.000000e-01 5.000000e-01 4.999925e-03 5.000000e-01 5.000000e-01 1.515118e+00 -0.993332 0.002044 0.009720 0.969805 0.009720 0.002044 0.993332 -0.002122 -0.009989 -0.969110 -0.009989 -0.002122 0.000000 
5.000000e-01 5.000000e-01 4.999925e-03 5.000000e-01 5.000000e-01 1.515118e+00 -0.993332 0.002044 0.009720 0.969805 0.009720 0.002044 0.993332 -0.002122 -0.009989 -0.969110 -0.009989 -0.002122 0.000000 
5.000000e-01 5.000000e-01 4.999925e-03 5.000000e-01 5.000000e-01 1.515118e+00 -0.993332 0.002044 0.009720 0.969805 0.009720 0.002044 0.993332 -0.002122 -0.009989 -0.969110 -0.009989 -0.002122 0.000000 
5.000000e-01 5.000000e-01 4.999925e-03 5.000000e-01 5.000000e-01 1.515118e+00 -0.993332 0.002044 0.009720 0.969805 0.009720 0.002044 0.993332 -0.002122 -0.009989 -0.969110 -0.009989 -0.002122 0.000000 
5.000000e-01 5.000000e-01 4.999925e-03 5.000000e-01 5.000000e-01 1.515118e+00 -0.993332 0.002044 0.009720 0.969805 0.009720 0.002044 0.993332 -0.002122 -0.009989 -0.969110 -0.009989 -0.002122 0.000000 
5.000000e-01 5.000000e-01 4.999925e-03 5.000000e-01 5.000000e-01 1.515118e+00 -0.993332 0.002044 0.009720 0.969805 0.009720 0.002044 0.993332 -0.002122 -0.009989 -0.969110 -0.009989 -0.002122 0.000000 
5.000000e-01 5.000000e-01 4.999925e-03 5.000000e-01 5.000000e-01 1.515118e+00 -0.993332 0.002044 0.009720 0.969805 0.009720 0.002044 0.993332 -0.002122 -0.009989 -0.969110 -0.009989 -0.002122 0.000000 
5.000000e-01 5.000000e-01 4.999925e-03 5.000000e-01 5.000000e-01 1.515118e+00 -0.993332 0.002044 0.009720 0.969805 0.009720 0.002044 0.993332 -0.002122 -0.009989 -0.969110 -0.009989 -0.002122 0.000000 
5.000000e-01 5.000000e-01 4.999925e-03 5.000000e-01 5.000000e-01 1.515118e+00 -0.993332 0.002044 0.009720 0.969805 0.009720 0.002044 0.993332 -0.002122 -0.009989 -0.969110 -0.009989 -0.002122 0.000000 
5.000000e-01 5.000000e-01 4.999925e-03 5.000000e-01 5.000000e-01 1.515118e+00 -0.993332 0.002044 0.009720 0.969805 0.009720 0.002044 0.993332 -0.002122 -0.009989 -0.969110 -0.009989 -0.002122 0.000000 
5.000000e-01 5.000000e-01 4.999925e-03 5.000000e-01 5.000000e-01 1.515118e+00 -0.993332 0.002044 0.009720 0.969805 0.009720 0.002044 0.993332 -0.002122 -0.009989 -0.969110 -0.009989 -0.002122 0.000000 
5.000000e-01 5.000000e-01 4.999925e-03 5.000000e-01 5.000000e-01 1.515118e+00 -0.993332 0.002044 0.009720 0.969805 0.009720 0.002044 0.993332 -0.002122 -0.009989 -0.969110 -0.009989 -0.002122 0.000000 
5.000000e-01 5.000000e-01 4.999925e-03 5.000000e-01 5.000000e-01 1.515118e+00 -0.993332 0.002044 0.009720 0.969805 0.009720 0.002044 0.993332 -0.002122 -0.009989 -0.969110 -0.009989 -0.002122 0.000000 
5.000000e-01 5.000000e-01 4.999925e-03 5.000000e-01 5.000000e-01 1.515118e+00 -0.993332 0.002044 0.009720 0.969805 0.009720 0.002044 0.993332 -0.002122 -0.009989 -0.969110 -0.009989 -0.002122 0.000000 
5.000000e-01 5.000000e-01 4.999925e-03 5.000000e-01 5.000000e-01 1.515118e+00 -0.993332 0.002044 0.009720 0.969805 0.009720 0.002044 0.993332 -0.002122 -0.009989 -0.969110 -0.009989 -0.002122 0.000000 
5.000000e-01 5.000000e-01 4.999925e-03 5.000000e-01 5.000000e-01 1.515118e+00 -0.993332 0.002044 0.009720 0.969805 0.009720 0.002044 0.993332 -0.002122 -0.009989 -0.969110 -0.009989 -0.002122 0.000000 
5.000000e-01 5.000000e-01 4.999925e-03 5.000000e-01 5.000000e-01 1.515118e+00 -0.993332 0.002044 0.009720 0.969805 0.009720 0.002044 0.993332 -0.002122 -0.009989 -0.969110 -0.009989 -0.002122 0.000000 
5.000000e-01 5.000000e-01 4.999925e-03 5.000000e-01 5.000000e-01 1.515118e+00 -0.993332 0.002044 0.009720 0.969805 0.009720 0.002044 0.993332 -0.002122 -0.009989 -0.969110 -0.009989 -0.002122 0.000000 
5.000000e-01 5.000000e-01 4.999925e-03 5.000000e-01 5.000000e-01 1.515118e+00 -0.993332 0.002044 0.009720 0.969805 0.009720 0.002044 0.993332 -0.002122 -0.009989 -0.969110 -0.009989 -0.002122 0.000000 
5.000000e-01 5.000000e-01 4.999925e-03 5.000000e-01 5.000000e-01 1.515118e+00 -0.993332 0.002044 0.009720 0.969805 0.009720 0.002044 0.993332 -0.002122 -0.009989 -0.969110 -0.009989 -0.002122 0.000000 
5.000000e-01 5.000000e-01 4.999925e-03 5.000000e-01 5.000000e-01 1.515118e+00 -0.993332 0.002044 0.009720 0.969805 0.009720 0.002044 0.993332 -0.002122 -0.009989 -0.969110 -0.009989 -0.002122 0.000000 
5.000000e-01 5.000000e-01 4.999925e-03 5.000000e-01 5.000000e-01 1.515118e+00 -0.993332 0.002044 0.009720 0.969805 0.009720 0.002044 0.993332 -0.002122 -0.009989 -0.969110 -0.009989 -0.002122 0.000000 
5.000000e-01 5.000000e-01 4.999925e-03 5.000000e-01 5.000000e-01 1.515118e+00 -0.993332 0.002044 0.009720 0.969805 0.009720 0.002044 0.993332 -0.002122 -0.009989 -0.969110 -0.009989 -0.002122 0.000000 
5.000000e-01 5.000000e-01 4.999925e-03 5.000000e-01 5.000000e-01 1.515118e+00 -0.993332 0.002044 0.009720 0.969805 0.009720 0.002044 0.993332 -0.002122 -0.009989 -0.969110 -0.009989 -0.002122 0.000000 
5.000000e-01 5.000000e-01 4.999925e-03 5.000000e-01 5.000000e-01 1.515118e+00 -0.993332 0.002044 0.009720 0.969805 0.009720 0.002044 0.993332 -0.002122 -0.009989 -0.969110 -0.009989 -0.002122 0.000000 
5.000000e-01 5.000000e-01 4.999925e-03 5.000000e-01 5.000000e-01 1.515118e+00 -0.993332 0.002044 0.009720 0.969805 0.009720 0.002044 0.993332 -0.002122 -0.009989 -0.969110 -0.009989 -0.002122 0.000000 
5.000000e-01 5.000000e-01 4.999925e-03 5.000000e-01 5.000000e-01 1.515118e+00 -0.993332 0.002044 0.009720 0.969805 0.009720 0.002044 0.993332 -0.002122 -0.009989 -0.969110 -0.009989 -0.002122 0.000000 
5.000000e-01 5.000000e-01 4.999925e-03 5.000000e-01 5.000000e-01 1.515118e+00 -0.993332 0.002044 0.009720 0.969805 0.009720 0.002044 0.993332 -0.002122 -0.009989 -0.969110 -0.009989 -0.002122 0.000000 
5.000000e-01 5.000000e-01 4.999925e-03 5.000000e-01 5.000000e-01 1.515118e+00 -0.993332 0.002044 0.009720 0.969805 0.009720 0.002044 0.993332 -0.002122 -0.009989 -0.969110 -0.009989 -0.002122 0.000000 
5.000000e-01 5.000000e-01 4.999925e-03 5.000000e-01 5.000000e-01 1.515118e+00 -0.993332 0.002044 0.009720 0.969805 0.009720 0.002044 0.993332 -0.002122 -0.009989 -0.969110 -0.009989 -0.002122 0.000000 
5.000000e-01 5.000000e-01 4.999925e-03 5.000000e-01 5.000000e-01 1.515118e+00 -0.993332 0.002044 0.009720 0.969805 0.009720 0.002044 0.993332 -0.002122 -0.009989 -0.969110 -0.009989 -0.002122 0.000000 
5.000000e-01 5.000000e-01 4.999925e-03 5.000000e-01 5.000000e-01 1.515118e+00 -0.993332 0.002044 0.009720 0.969805 0.009720 0.002044 0.993332 -0.002122 -0.009989 -0.969110 -0.009989 -0.002122 0.000000 
5.000000e-01 5.000000e-01 4.999925e-03 5.000000e-01 5.000000e-01 1.515118e+00 -0.993332 0.002044 0.009720 0.969805 0.009720 0.002044 0.993332 -0.002122 -0.009989 -0.969110 -0.009989 -0.002122 0.000000 
5.000000e-01 5.000000e-01 4.999925e-03 5.000000e-01 5.000000e-01 1.515118e+00 -0.993332 0.002044 0.009720 0.969805 0.009720 0.002044 0.993332 -0.002122 -0.009989 -0.969110 -0.009989 -0.002122 0.000000 
5.000000e-01 5.000000e-01 4.999925e-03 5.000000e-01 5.000000e-01 1.515118e+00 -0.993332 0.002044 0.009720 0.969805 0.009720 0.002044 0.993332 -0.002122 -0.009989 -0.969110 -0.009989 -0.002122 0.000000 
5.000000e-01 5.000000e-01 4.999925e-03 5.000000e-01 5.000000e-01 1.515118e+00 -0.993332 0.002044 0.009720 0.969805 0.009720 0.002044 0.993332 -0.002122 -0.009989 -0.969110 -0.009989 -0.002122 0.000000 
5.000000e-01 5.000000e-01 4.999925e-03 5.000000e-01 5.000000e-01 1.515118e+00 -0.993332 0.002044 0.009720 0.969805 0.009720 0.002044 0.993332 -0.002122 -0.009989 -0.969110 -0.009989 -0.002122 0.000000 
5.000000e-01 5.000000e-01 4.999925e-03 5.000000e-01 5.000000e-01 1.515118e+00 -0.993332 0.002044 0.009720 0.969805 0.009720 0.002044 0.993332 -0.002122 -0.009989 -0.969110 -0.009989 -0.002122 0.000000 
5.000000e-01 5.000000e-01 4.999925e-03 5.000000e-01 5.000000e-01 1.515118e+00 -0.993332 0.002044 0.009720 0.969805 0.009720 0.002044 0.993332 -0.002122 -0.009989 -0.969110 -0.009989 -0.002122 0.000000 
5.000000e-01 5.000000e-01 4.999925e-03 5.000000e-01 5.000000e-01 1.515118e+00 -0.993332 0.002044 0.009720 0.969805 0.009720 0.002044 0.993332 -0.002122 -0.009989 -0.969110 -0.009989 -0.002122 0.000000 
5.000000e-01 5.000000e-01 4.999925e-03 5.000000e-01 5.000000e-01 1.515118e+00 -0.993332 0.002044 0.009720 0.969805 0.009720 0.002044 0.993332 -0.002122 -0.009989 -0.969110 -0.009989 -0.002122 0.000000 
5.000000e-01 5.000000e-01 4.999925e-03 5.000000e-01 5.000000e-01 1.515118e+00 -0.993332 0.002044 0.009720 0.969805 0.009720 0.002044 0.993332 -0.002122 -0.009989 -0.969110 -0.009989 -0.002122 0.000000 
5.000000e-01 5.000000e-01 4.999925e-03 5.000000e-01 5.000000e-01 1.515118e+00 -0.993332 0.002044 0.009720 0.969805 0.009720 0.002044 0.993332 -0.002122 -0.009989 -0.969110 -0.009989 -0.002122 0.000000 
5.000000e-01 5.000000e-01 4.999925e-03 5.000000e-01 5.000000e-01 1.515118e+00 -0.993332 0.002044 0.009720 0.969805 0.009720 0.002044 0.993332 -0.002122 -0.009989 -0.969110 -0.009989 -0.002122 0.000000 
5.000000e-01 5.000000e-01 4.999925e-03 5.000000e-01 5.000000e-01 1.515118e+00 -0.993332 0.002044 0.009720 0.969805 0.009720 0.002044 0.993332 -0.002122 -0.009989 -0.969110 -0.009989 -0.002122 0.000000 
5.000000e-01 5.000000e-01 4.999925e-03 5.000000e-01 5.000000e-01 1.515118e+00 -0.993332 0.002044 0.009720 0.969805 0.009720 0.002044 0.993332 -0.002122 -0.009989 -0.969110 -0.009989 -0.002122 0.000000 
5.000000e-01 5.000000e-01 4.999925e-03 5.000000e-01 5.000000e-01 1.515118e+00 -0.993332 0.002044 0.009720 0.969805 0.009720 0.002044 0.993332 -0.002122 -0.009989 -0.969110 -0.009989 -0.002122 0.000000 
5.000000e-01 5.000000e-01 4.999925e-03 5.000000e-01 5.000000e-01 1.515118e+00 -0.993332 0.002044 0.009720 0.969805 0.009720 0.002044 0.993332 -0.002122 -0.009989 -0.969110 -0.009989 -0.002122 0.000000 
5.000000e-01 5.000000e-01 4.999925e-03 5.000000e-01 5.000000e-01 1.515118e+00 -0.993332 0.002044 0.009720 0.969805 0.009720 0.002044 0.993332 -0.002122 -0.009989 -0.969110 -0.009989 -0.002122 0.000000 
5.000000e-01 5.000000e-01 4.999925e-03 5.000000e-01 5.000000e-01 1.515118e+00 -0.993332 0.002044 0.009720 0.969805 0.009720 0.002044 0.993332 -0.002122 -0.009989 -0.969110 -0.009989 -0.002122 0.000000 
5.000000e-01 5.000000e-01 4.999925e-03 5.000000e-01 5.000000e-01 1.515118e+00 -0.993332 0.002044 0.009720 0.969805 0.009720 0.002044 0.993332 -0.002122 -0.009989 -0.969110 -0.009989 -0.002122 0.000000 
5.000000e-01 5.000000e-01 4.999925e-03 5.000000e-01 5.000000e-01 1.515118e+00 -0.993332 0.002044 0.009720 0.969805 0.009720 0.002044 0.993332 -0.002122 -0.009989 -0.969110 -0.009989 -0.002122 0.000000 
5.000000e-01 5.000000e-01 4.999925e-03 5.000000e-01 5.000000e-01 1.515118e+00 -0.993332 0.002044 0.009720 0.969805 0.009720 0.002044 0.993332 -0.002122 -0.009989 -0.969110 -0.009989 -0.002122 0.000000 
5.000000e-01 5.000000e-01 4.999925e-03 5.000000e-01 5.000000e-01 1.515118e+00 -0.993332 0.002044 0.009720 0.969805 0.009720 0.002044 0.993332 -0.002122 -0.009989 -0.969110 -0.009989 -0.002122 0.000000 
5.000000e-01 5.000000e-01 4.999925e-03 5.000000e-01 5.000000e-01 1.515118e+00 -0.993332 0.002044 0.009720 0.969805 0.009720 0.002044 0.993332 -0.002122 -0.009989 -0.969110 -0.009989 -0.002122 0.000000 
5.000000e-01 5.000000e-01 4.999925e-03 5.000000e-01 5.000000e-01 1.515118e+00 -0.993332 0.002044 0.009720 0.969805 0.009720 0.002044 0.993332 -0.002122 -0.009989 -0.969110 -0.009989 -0.002122 0.000000 
5.000000e-01 5.000000e-01 4.999925e-03 5.000000e-01 5.000000e-01 1.515118e+00 -0.993332 0.002044 0.009720 0.969805 0.009720 0.002044 0.993332 -0.002122 -0.009989 -0.969110 -0.009989 -0.002122 0.000000 
5.000000e-01 5.000000e-01 4.999925e-03 5.000000e-01 5.000000e-01 1.515118e+00 -0.993332 0.002044 0.009720 0.969805 0.009720 0.002044 0.993332 -0.002122 -0.009989 -0.969110 -0.009989 -0.002122 0.000000 
5.000000e-01 5.000000e-01 4.999925e-03 5.000000e-01 5.000000e-01 1.515118e+00 -0.993332 0.002044 0.009720 0.969805 0.009720 0.002044 0.993332 -0.002122 -0.009989 -0.969110 -0.009989 -0.002122 0.000000 
5.000000e-01 5.000000e-01 4.999925e-03 5.000000e-01 5.000000e-01 1.515118e+00 -0.993332 0.002044 0.009720 0.969805 0.009720 0.002044 0.993332 -0.002122 -0.009989 -0.969110 -0.009989 -0.002122 0.000000 
5.000000e-01 5.000000e-01 4.999925e-03 5.000000e-01 5.000000e-01 1.515118e+00 -0.993332 0.002044 0.009720 0.969805 0.009720 0.002044 0.993332 -0.002122 -0.009989 -0.969110 -0.009989 -0.002122 0.000000 
5.000000e-01 5.000000e-01 4.999925e-03 5.000000e-01 5.000000e-01 1.515118e+00 -0.993332 0.002044 0.009720 0.969805 0.009720 0.002044 0.993332 -0.002122 -0.009989 -0.969110 -0.009989 -0.002122 0.000000 
5.000000e-01 5.000000e-01 4.999925e-03 5.000000e-01 5.000000e-01 1.515118e+00 -0.993332 0.002044 0.009720 0.969805 0.009720 0.002044 0.993332 -0.002122 -0.009989 -0.969110 -0.009989 -0.002122 0.000000 
5.000000e-01 5.000000e-01 4.999925e-03 5.000000e-01 5.000000e-01 1.515118e+00 -0.993332 0.002044 0.009720 0.969805 0.009720 0.002044 0.993332 -0.002122 -0.009989 -0.969110 -0.009989 -0.002122 0.000000 
5.000000e-01 5.000000e-01 4.999925e-03 5.000000e-01 5.000000e-01 1.515118e+00 -0.993332 0.002044 0.009720 0.969805 0.009720 0.002044 0.993332 -0.002122 -0.009989 -0.969110 -0.009989 -0.002122 0.000000 
5.000000e-01 5.000000e-01 4.999925e-03 5.000000e-01 5.000000e-01 1.515118e+00 -0.993332 0.002044 0.009720 0.969805 0.009720 0.002044 0.993332 -0.002122 -0.009989 -0.969110 -0.009989 -0.002122 0.000000 
5.000000e-01 5.000000e-01 4.999925e-03 5.000000e-01 5.000000e-01 1.515118e+00 -0.993332 0.002044 0.009720 0.969805 0.009720 0.002044 0.993332 -0.002122 -0.009989 -0.969110 -0.009989 -0.002122 0.000000 
5.000000e-01 5.000000e-01 4.999925e-03 5.000000e-01 5.000000e-01 1.515118e+00 -0.993332 0.002044 0.009720 0.969805 0.009720 0.002044 0.993332 -0.002122 -0.009989 -0.969110 -0.009989 -0.002122 0.000000 
5.000000e-01 5.000000e-01 4.999925e-03 5.000000e-01 5.000000e-01 1.515118e+00 -0.993332 0.002044 0.009720 0.969805 0.009720 0.002044 0.993332 -0.002122 -0.009989 -0.969110 -0.009989 -0.002122 0.000000 
5.000000e-01 5.000000e-01 4.999925e-03 5.000000e-01 5.000000e-01 1.515118e+00 -0.993332 0.002044 0.009720 0.969805 0.009720 0.002044 0.993332 -0.002122 -0.009989 -0.969110 -0.009989 -0.002122 0.000000 
5.000000e-01 5.000000e-01 4.999925e-03 5.000000e-01 5.000000e-01 1.515118e+00 -0.993332 0.002044 0.009720 0.969805 0.009720 0.002044 0.993332 -0.002122 -0.009989 -0.969110 -0.009989 -0.002122 0.000000 
5.000000e-01 5.000000e-01 4.999925e-03 5.000000e-01 5.000000e-01 1.515118e+00 -0.993332 0.002044 0.009720 0.969805 0.009720 0.002044 0.993332 -0.002122 -0.009989 -0.969110 -0.009989 -0.002122 0.000000 
5.000000e-01 5.000000e-01 4.999925e-03 5.000000e-01 5.000000e-01 1.515118e+00 -0.993332 0.002044 0.009720 0.969805 0.009720 0.002044 0.993332 -0.002122 -0.009989 -0.969110 -0.009989 -0.002122 0.000000 
5.000000e-01 5.000000e-01 4.999925e-03 5.000000e-01 5.000000e-01 1.515118e+00 -0.993332 0.002044 0.009720 0.969805 0.009720 0.002044 0.993332 -0.002122 -0.009989 -0.969110 -0.009989 -0.002122 0.000000 
5.000000e-01 5.000000e-01 4.999925e-03 5.000000e-01 5.000000e-01 1.515118e+00 -0.993332 0.002044 0.009720 0.969805 0.009720 0.002044 0.993332 -0.002122 -0.009989 -0.969110 -0.009989 -0.002122 0.000000 
5.000000e-01 5.000000e-01 4.999925e-03 5.000000e-01 5.000000e-01 1.515118e+00 -0.993332 0.002044 0.009720 0.969805 0.009720 0.002044 0.993332 -0.002122 -0.009989 -0.969110 -0.009989 -0.002122 0.000000 
5.000000e-01 5.000000e-01 4.999925e-03 5.000000e-01 5.000000e-01 1.515118e+00 -0.993332 0.002044 0.009720 0.969805 0.009720 0.002044 0.993332 -0.002122 -0.009989 -0.969110 -0.009989 -0.002122 0.000000 
5.000000e-01 5.000000e-01 4.999925e-03 5.000000e-01 5.000000e-01 1.515118e+00 -0.993332 0.002044 0.009720 0.969805 0.009720 0.002044 0.993332 -0.002122 -0.009989 -0.969110 -0.009989 -0.002122 0.000000 
5.000000e-01 5.000000e-01 4.999925e-03 5.000000e-01 5.000000e-01 1.515118e+00 -0.993332 0.002044 0.009720 0.969805 0.009720 0.002044 0.993332 -0.002122 -0.009989 -0.969110 -0.009989 -0.002122 0.000000 
5.000000e-01 5.000000e-01 4.999925e-03 5.000000e-01 5.000000e-01 1.515118e+00 -0.993332 0.002044 0.009720 0.969805 0.009720 0.002044 0.993332 -0.002122 -0.009989 -0.969110 -0.009989 -0.002122 0.000000 
5.000000e-01 5.000000e-01 4.999925e-03 5.000000e-01 5.000000e-01 1.515118e+00 -0.993332 0.002044 0.009720 0.969805 0.009720 0.002044 0.993332 -0.002122 -0.009989 -0.969110 -0.009989 -0.002122 0.000000 
5.000000e-01 5.000000e-01 4.999925e-03 5.000000e-01 5.000000e-01 1.515118e+00 -0.993332 0.002044 0.009720 0.969805 0.009720 0.002044 0.993332 -0.002122 -0.009989 -0.969110 -0.009989 -0.002122 0.000000 
5.000000e-01 5.000000e-01 4.999925e-03 5.000000e-01 5.000000e-01 1.515118e+00 -0.993332 0.002044 0.009720 0.969805 0.009720 0.002044 0.993332 -0.002122 -0.009989 -0.969110 -0.009989 -0.002122 0.000000 
5.000000e-01 5.000000e-01 4.999925e-03 5.000000e-01 5.000000e-01 1.515118e+00 -0.993332 0.002044 0.009720 0.969805 0.009720 0.002044 0.993332 -0.002122 -0.009989 -0.969110 -0.009989 -0.002122 0.000000 
5.000000e-01 5.000000e-01 4.999925e-03 5.000000e-01 5.000000e-01 1.515118e+00 -0.993332 0.002044 0.009720 0.969805 0.009720 0.002044 0.993332 -0.002122 -0.009989 -0.969110 -0.009989 -0.002122 0.000000 
5.000000e-01 5.000000e-01 4.999925e-03 5.000000e-01 5.000000e-01 1.515118e+00 -0.993332 0.002044 0.009720 0.969805 0.009720 0.002044 0.993332 -0.002122 -0.009989 -0.969110 -0.009989 -0.002122 0.000000 
5.000000e-01 5.000000e-01 4.999925e-03 5.000000e-01 5.000000e-01 1.515118e+00 -0.993332 0.002044 0.009720 0.969805 0.009720 0.002044 0.993332 -0.002122 -0.009989 -0.969110 -0.009989 -0.002122 0.000000 
5.000000e-01 5.000000e-01 4.999925e-03 5.000000e-01 5.000000e-01 1.515118e+00 -0.993332 0.002044 0.009720 0.969805 0.009720 0.002044 0.993332 -0.002122 -0.009989 -0.969110 -0.009989 -0.002122 0.000000 
5.000000e-01 5.000000e-01 4.999925e-03 5.000000e-01 5.000000e-01 1.515118e+00 -0.993332 0.002044 0.009720 0.969805 0.009720 0.002044 0.993332 -0.002122 -0.009989 -0.969110 -0.009989 -0.002122 0.000000 
5.000000e-01 5.000000e-01 4.999925e-03 5.000000e-01 5.000000e-01 1.515118e+00 -0.993332 0.002044 0.009720 0.969805 0.009720 0.002044 0.993332 -0.002122 -0.009989 -0.969110 -0.009989 -0.002122 0.000000 
5.000000e-01 5.000000e-01 4.999925e-03 5.000000e-01 5.000000e-01 1.515118e+00 -0.993332 0.002044 0.009720 0.969805 0.009720 0.002044 0.993332 -0.002122 -0.009989 -0.969110 -0.009989 -0.002122 0.000000 
5.000000e-01 5.000000e-01 4.999925e-03 5.000000e-01 5.000000e-01 1.515118e+00 -0.993332 0.002044 0.009720 0.969805 0.009720 0.002044 0.993332 -0.002122 -0.009989 -0.969110 -0.009989 -0.002122 0.000000 
5.000000e-01 5.000000e-01 4.999925e-03 5.000000e-01 5.000000e-01 1.515118e+00 -0.993332 0.002044 0.009720 0.969805 0.009720 0.002044 0.993332 -0.002122 -0.009989 -0.969110 -0.009989 -0.002122 0.000000 
5.000000e-01 5.000000e-01 4.999925e-03 5.000000e-01 5.000000e-01 1.515118e+00 -0.993332 0.002044 0.009720 0.969805 0.009720 0.002044 0.993332 -0.002122 -0.009989 -0.969110 -0.009989 -0.002122 0.000000 
5.000000e-01 5.000000e-01 4.999925e-03 5.000000e-01 5.000000e-01 1.515118e+00 -0.993332 0.002044 0.009720 0.969805 0.009720 0.002044 0.993332 -0.002122 -0.009989 -0.969110 -0.009989 -0.002122 0.000000 
5.000000e-01 5.000000e-01 4.999925e-03 5.000000e-01 5.000000e-01 1.515118e+00 -0.993332 0.002044 0.009720 0.969805 0.009720 0.002044 0.993332 -0.002122 -0.009989 -0.969110 -0.009989 -0.002122 0.000000 
5.000000e-01 5.000000e-01 4.999925e-03 5.000000e-01 5.000000e-01 1.515118e+00 -0.993332 0.002044 0.009720 0.969805 0.009720 0.002044 0.993332 -0.002122 -0.009989 -0.969110 -0.009989 -0.002122 0.000000 
5.000000e-01 5.000000e-01 4.999925e-03 5.000000e-01 5.000000e-01 1.515118e+00 -0.993332 0.002044 0.009720 0.969805 0.009720 0.002044 0.993332 -0.002122 -0.009989 -0.969110 -0.009989 -0.002122 0.000000 
5.000000e-01 5.000000e-01 4.999925e-03 5.000000e-01 5.000000e-01 1.515118e+00 -0.993332 0.002044 0.009720 0.969805 0.009720 0.002044 0.993332 -0.002122 -0.009989 -0.969110 -0.009989 -0.002122 0.000000 
5.000000e-01 5.000000e-01 4.999925e-03 5.000000e-01 5.000000e-01 1.515118e+00 -0.993332 0.002044 0.009720 0.969805 0.009720 0.002044 0.993332 -0.002122 -0.009989 -0.969110 -0.009989 -0.002122 0.000000 
5.000000e-01 5.000000e-01 4.999925e-03 5.000000e-01 5.000000e-01 1.515118e+00 -0.993332 0.002044 0.009720 0.969805 0.009720 0.002044 0.993332 -0.002122 -0.009989 -0.969110 -0.009989 -0.002122 0.000000 
5.000000e-01 5.000000e-01 4.999925e-03 5.000000e-01 5.000000e-01 1.515118e+00 -0.993332 0.002044 0.009720 0.969805 0.009720 0.002044 0.993332 -0.002122 -0.009989 -0.969110 -0.009989 -0.002122 0.000000 
5.000000e-01 5.000000e-01 4.999925e-03 5.000000e-01 5.000000e-01 1.515118e+00 -0.993332 0.002044 0.009720 0.969805 0.009720 0.002044 0.993332 -0.002122 -0.009989 -0.969110 -0.009989 -0.002122 0.000000 
5.000000e-01 5.000000e-01 4.999925e-03 5.000000e-01 5.000000e-01 1.515118e+00 -0.993332 0.002044 0.009720 0.969805 0.009720 0.002044 0.993332 -0.002122 -0.009989 -0.969110 -0.009989 -0.002122 0.000000 
5.000000e-01 5.000000e-01 4.999925e-03 5.000000e-01 5.000000e-01 1.515118e+00 -0.993332 0.002044 0.009720 0.969805 0.009720 0.002044 0.993332 -0.002122 -0.009989 -0.969110 -0.009989 -0.002122 0.000000 
5.000000e-01 5.000000e-01 4.999925e-03 5.000000e-01 5.000000e-01 1.515118e+00 -0.993332 0.002044 0.009720 0.969805 0.009720 0.002044 0.993332 -0.002122 -0.009989 -0.969110 -0.009989 -0.002122 0.000000 
5.000000e-01 5.000000e-01 4.999925e-03 5.000000e-01 5.000000e-01 1.515118e+00 -0.993332 0.002044 0.009720 0.969805 0.009720 0.002044 0.993332 -0.002122 -0.009989 -0.969110 -0.009989 -0.002122 0.000000 
5.000000e-01 5.000000e-01 4.999925e-03 5.000000e-01 5.000000e-01 1.515118e+00 -0.993332 0.002044 0.009720 0.969805 0.009720 0.002044 0.993332 -0.002122 -0.009989 -0.969110 -0.009989 -0.002122 0.000000 
5.000000e-01 5.000000e-01 4.999925e-03 5.000000e-01 5.000000e-01 1.515118e+00 -0.993332 0.002044 0.009720 0.969805 0.009720 0.002044 0.993332 -0.002122 -0.009989 -0.969110 -0.009989 -0.002122 0.000000 
5.000000e-01 5.000000e-01 4.999925e-03 5.000000e-01 5.000000e-01 1.515118e+00 -0.993332 0.002044 0.009720 0.969805 0.009720 0.002044 0.993332 -0.002122 -0.009989 -0.969110 -0.009989 -0.002122 0.000000 
5.000000e-01 5.000000e-01 4.999925e-03 5.000000e-01 5.000000e-01 1.515118e+00 -0.993332 0.002044 0.009720 0.969805 0.009720 0.002044 0.993332 -0.002122 -0.009989 -0.969110 -0.009989 -0.002122 0.000000 
5.000000e-01 5.000000e-01 4.999925e-03 5.000000e-01 5.000000e-01 1.515118e+00 -0.993332 0.002044 0.009720 0.969805 0.009720 0.002044 0.993332 -0.002122 -0.009989 -0.969110 -0.009989 -0.002122 0.000000 
5.000000e-01 5.000000e-01 4.999925e-03 5.000000e-01 5.000000e-01 1.515118e+00 -0.993332 0.002044 0.009720 0.969805 0.009720 0.002044 0.993332 -0.002122 -0.009989 -0.969110 -0.009989 -0.002122 0.000000 
5.000000e-01 5.000000e-01 4.999925e-03 5.000000e-01 5.000000e-01 1.515118e+00 -0.993332 0.002044 0.009720 0.969805 0.009720 0.002044 0.993332 -0.002122 -0.009989 -0.969110 -0.009989 -0.002122 0.000000 
5.000000e-01 5.000000e-01 4.999925e-03 5.000000e-01 5.000000e-01 1.515118e+00 -0.993332 0.002044 0.009720 0.969805 0.009720 0.002044 0.993332 -0.002122 -0.009989 -0.969110 -0.009989 -0.002122 0.000000 
5.000000e-01 5.000000e-01 4.999925e-03 5.000000e-01 5.000000e-01 1.515118e+00 -0.993332 0.002044 0.009720 0.969805 0.009720 0.002044 0.993332 -0.002122 -0.009989 -0.969110 -0.009989 -0.002122 0.000000 
5.000000e-01 5.000000e-01 4.999925e-03 5.000000e-01 5.000000e-01 1.515118e+00 -0.993332 0.002044 0.009720 0.969805 0.009720 0.002044 0.993332 -0.002122 -0.009989 -0.969110 -0.009989 -0.002122 0.000000 
5.000000e-01 5.000000e-01 4.999925e-03 5.000000e-01 5.000000e-01 1.515118e+00 -0.993332 0.002044 0.009720 0.969805 0.009720 0.002044 0.993332 -0.002122 -0.009989 -0.969110 -0.009989 -0.002122 0.000000 
5.000000e-01 5.000000e-01 4.999925e-03 5.000000e-01 5.000000e-01 1.515118e+00 -0.993332 0.002044 0.009720 0.969805 0.009720 0.002044 0.993332 -0.002122 -0.009989 -0.969110 -0.009989 -0.002122 0.000000 
5.000000e-01 5.000000e-01 4.999925e-03 5.000000e-01 5.000000e-01 1.515118e+00 -0.993332 0.002044 0.009720 0.969805 0.009720 0.002044 0.993332 -0.002122 -0.009989 -0.969110 -0.009989 -0.002122 0.000000 
5.000000e-01 5.000000e-01 4.999925e-03 5.000000e-01 5.000000e-01 1.515118e+00 -0.993332 0.002044 0.009720 0.969805 0.009720 0.002044 0.993332 -0.002122 -0.009989 -0.969110 -0.009989 -0.002122 0.000000 
5.000000e-01 5.000000e-01 4.999925e-03 5.000000e-01 5.000000e-01 1.515118e+00 -0.993332 0.002044 0.009720 0.969805 0.009720 0.002044 0.993332 -0.002122 -0.009989 -0.969110 -0.009989 -0.002122 0.000000 
5.000000e-01 5.000000e-01 4.999925e-03 5.000000e-01 5.000000e-01 1.515118e+00 -0.993332 0.002044 0.009720 0.969805 0.009720 0.002044 0.993332 -0.002122 -0.009989 -0.969110 -0.009989 -0.002122 0.000000 
5.000000e-01 5.000000e-01 4.999925e-03 5.000000e-01 5.000000e-01 1.515118e+00 -0.993332 0.002044 0.009720 0.969805 0.009720 0.002044 0.993332 -0.002122 -0.009989 -0.969110 -0.009989 -0.002122 0.000000 
5.000000e-01 5.000000e-01 4.999925e-03 5.000000e-01 5.000000e-01 1.515118e+00 -0.993332 0.002044 0.009720 0.969805 0.009720 0.002044 0.993332 -0.002122 -0.009989 -0.969110 -0.009989 -0.002122 0.000000 
5.000000e-01 5.000000e-01 4.999925e-03 5.000000e-01 5.000000e-01 1.515118e+00 -0.993332 0.002044 0.009720 0.969805 0.009720 0.002044 0.993332 -0.002122 -0.009989 -0.969110 -0.009989 -0.002122 0.000000 
5.000000e-01 5.000000e-01 4.999925e-03 5.000000e-01 5.000000e-01 1.515118e+00 -0.993332 0.002044 0.009720 0.969805 0.009720 0.002044 0.993332 -0.002122 -0.009989 -0.969110 -0.009989 -0.002122 0.000000 
5.000000e-01 5.000000e-01 4.999925e-03 5.000000e-01 5.000000e-01 1.515118e+00 -0.993332 0.002044 0.009720 0.969805 0.009720 0.002044 0.993332 -0.002122 -0.009989 -0.969110 -0.009989 -0.002122 0.000000 
5.000000e-01 5.000000e-01 4.999925e-03 5.000000e-01 5.000000e-01 1.515118e+00 -0.993332 0.002044 0.009720 0.969805 0.009720 0.002044 0.993332 -0.002122 -0.009989 -0.969110 -0.009989 -0.002122 0.000000 
5.000000e-01 5.000000e-01 4.999925e-03 5.000000e-01 5.000000e-01 1.515118e+00 -0.993332 0.002044 0.009720 0.969805 0.009720 0.002044 0.993332 -0.002122 -0.009989 -0.969110 -0.009989 -0.002122 0.000000 
5.000000e-01 5.000000e-01 4.999925e-03 5.000000e-01 5.000000e-01 1.515118e+00 -0.993332 0.002044 0.009720 0.969805 0.009720 0.002044 0.993332 -0.002122 -0.009989 -0.969110 -0.009989 -0.002122 0.000000 
5.000000e-01 5.000000e-01 4.999925e-03 5.000000e-01 5.000000e-01 1.515118e+00 -0.993332 0.002044 0.009720 0.969805 0.009720 0.002044 0.993332 -0.002122 -0.009989 -0.969110 -0.009989 -0.002122 0.000000 
5.000000e-01 5.000000e-01 4.999925e-03 5.000000e-01 5.000000e-01 1.515118e+00 -0.993332 0.002044 0.009720 0.969805 0.009720 0.002044 0.993332 -0.002122 -0.009989 -0.969110 -0.009989 -0.002122 0.000000 
5.000000e-01 5.000000e-01 4.999925e-03 5.000000e-01 5.000000e-01 1.515118e+00 -0.993332 0.002044 0.009720 0.969805 0.009720 0.002044 0.993332 -0.002122 -0.009989 -0.969110 -0.009989 -0.002122 0.000000 
5.000000e-01 5.000000e-01 4.999925e-03 5.000000e-01 5.000000e-01 1.515118e+00 -0.993332 0.002044 0.009720 0.969805 0.009720 0.002044 0.993332 -0.002122 -0.009989 -0.969110 -0.009989 -0.002122 0.000000 
5.000000e-01 5.000000e-01 4.999925e-03 5.000000e-01 5.000000e-01 1.515118e+00 -0.993332 0.002044 0.009720 0.969805 0.009720 0.002044 0.993332 -0.002122 -0.009989 -0.969110 -0.009989 -0.002122 0.000000 
5.000000e-01 5.000000e-01 4.999925e-03 5.000000e-01 5.000000e-01 1.515118e+00 -0.993332 0.002044 0.009720 0.969805 0.009720 0.002044 0.993332 -0.002122 -0.009989 -0.969110 -0.009989 -0.002122 0.000000 
5.000000e-01 5.000000e-01 4.999925e-03 5.000000e-01 5.000000e-01 1.515118e+00 -0.993332 0.002044 0.009720 0.969805 0.009720 0.002044 0.993332 -0.002122 -0.009989 -0.969110 -0.009989 -0.002122 0.000000 
5.000000e-01 5.000000e-01 4.999925e-03 5.000000e-01 5.000000e-01 1.515118e+00 -0.993332 0.002044 0.009720 0.969805 0.009720 0.002044 0.993332 -0.002122 -0.009989 -0.969110 -0.009989 -0.002122 0.000000 
5.000000e-01 5.000000e-01 4.999925e-03 5.000000e-01 5.000000e-01 1.515118e+00 -0.993332 0.002044 0.009720 0.969805 0.009720 0.002044 0.993332 -0.002122 -0.009989 -0.969110 -0.009989 -0.002122 0.000000 
5.000000e-01 5.000000e-01 4.999925e-03 5.000000e-01 5.000000e-01 1.515118e+00 -0.993332 0.002044 0.009720 0.969805 0.009720 0.002044 0.993332 -0.002122 -0.009989 -0.969110 -0.009989 -0.002122 0.000000 
5.000000e-01 5.000000e-01 4.999925e-03 5.000000e-01 5.000000e-01 1.515118e+00 -0.993332 0.002044 0.009720 0.969805 0.009720 0.002044 0.993332 -0.002122 -0.009989 -0.969110 -0.009989 -0.002122 0.000000 
5.000000e-01 5.000000e-01 4.999925e-03 5.000000e-01 5.000000e-01 1.515118e+00 -0.993332 0.002044 0.009720 0.969805 0.009720 0.002044 0.993332 -0.002122 -0.009989 -0.969110 -0.009989 -0.002122 0.000000 
5.000000e-01 5.000000e-01 4.999925e-03 5.000000e-01 5.000000e-01 1.515118e+00 -0.993332 0.002044 0.009720 0.969805 0.009720 0.002044 0.993332 -0.002122 -0.009989 -0.969110 -0.009989 -0.002122 0.000000 
5.000000e-01 5.000000e-01 4.999925e-03 5.000000e-01 5.000000e-01 1.515118e+00 -0.993332 0.002044 0.009720 0.969805 0.009720 0.002044 0.993332 -0.002122 -0.009989 -0.969110 -0.009989 -0.002122 0.000000 
5.000000e-01 5.000000e-01 4.999925e-03 5.000000e-01 5.000000e-01 1.515118e+00 -0.993332 0.002044 0.009720 0.969805 0.009720 0.002044 0.993332 -0.002122 -0.009989 -0.969110 -0.009989 -0.002122 0.000000 
5.000000e-01 5.000000e-01 4.999925e-03 5.000000e-01 5.000000e-01 1.515118e+00 -0.993332 0.002044 0.009720 0.969805 0.009720 0.002044 0.993332 -0.002122 -0.009989 -0.969110 -0.009989 -0.002122 0.000000 
5.000000e-01 5.000000e-01 4.999925e-03 5.000000e-01 5.000000e-01 1.515118e+00 -0.993332 0.002044 0.009720 0.969805 0.009720 0.002044 0.993332 -0.002122 -0.009989 -0.969110 -0.009989 -0.002122 0.000000 
5.000000e-01 5.000000e-01 4.999925e-03 5.000000e-01 5.000000e-01 1.515118e+00 -0.993332 0.002044 0.009720 0.969805 0.009720 0.002044 0.993332 -0.002122 -0.009989 -0.969110 -0.009989 -0.002122 0.000000 
5.000000e-01 5.000000e-01 4.999925e-03 5.000000e-01 5.000000e-01 1.515118e+00 -0.993332 0.002044 0.009720 0.969805 0.009720 0.002044 0.993332 -0.002122 -0.009989 -0.969110 -0.009989 -0.002122 0.000000 
5.000000e-01 5.000000e-01 4.999925e-03 5.000000e-01 5.000000e-01 1.515118e+00 -0.993332 0.002044 0.009720 0.969805 0.009720 0.002044 0.993332 -0.002122 -0.009989 -0.969110 -0.009989 -0.002122 0.000000 
5.000000e-01 5.000000e-01 4.999925e-03 5.000000e-01 5.000000e-01 1.515118e+00 -0.993332 0.002044 0.009720 0.969805 0.009720 0.002044 0.993332 -0.002122 -0.009989 -0.969110 -0.009989 -0.002122 0.000000 
5.000000e-01 5.000000e-01 4.999925e-03 5.000000e-01 5.000000e-01 1.515118e+00 -0.993332 0.002044 0.009720 0.969805 0.009720 0.002044 0.993332 -0.002122 -0.009989 -0.969110 -0.009989 -0.002122 0.000000 
5.000000e-01 5.000000e-01 4.999925e-03 5.000000e-01 5.000000e-01 1.515118e+00 -0.993332 0.002044 0.009720 0.969805 0.009720 0.002044 0.993332 -0.002122 -0.009989 -0.969110 -0.009989 -0.002122 0.000000 
5.000000e-01 5.000000e-01 4.999925e-03 5.000000e-01 5.000000e-01 1.515118e+00 -0.993332 0.002044 0.009720 0.969805 0.009720 0.002044 0.993332 -0.002122 -0.009989 -0.969110 -0.009989 -0.002122 0.000000 
5.000000e-01 5.000000e-01 4.999925e-03 5.000000e-01 5.000000e-01 1.515118e+00 -0.993332 0.002044 0.009720 0.969805 0.009720 0.002044 0.993332 -0.002122 -0.009989 -0.969110 -0.009989 -0.002122 0.000000 
5.000000e-01 5.000000e-01 4.999925e-03 5.000000e-01 5.000000e-01 1.515118e+00 -0.993332 0.002044 0.009720 0.969805 0.009720 0.002044 0.993332 -0.002122 -0.009989 -0.969110 -0.009989 -0.002122 0.000000 
5.000000e-01 5.000000e-01 4.999925e-03 5.000000e-01 5.000000e-01 1.515118e+00 -0.993332 0.002044 0.009720 0.969805 0.009720 0.002044 0.993332 -0.002122 -0.009989 -0.969110 -0.009989 -0.002122 0.000000 
5.000000e-01 5.000000e-01 4.999925e-03 5.000000e-01 5.000000e-01 1.515118e+00 -0.993332 0.002044 0.009720 0.969805 0.009720 0.002044 0.993332 -0.002122 -0.009989 -0.969110 -0.009989 -0.002122 0.000000 
5.000000e-01 5.000000e-01 4.999925e-03 5.000000e-01 5.000000e-01 1.515118e+00 -0.993332 0.002044 0.009720 0.969805 0.009720 0.002044 0.993332 -0.002122 -0.009989 -0.969110 -0.009989 -0.002122 0.000000 
