# TeX TeY TeZ ThX ThY THZ P1 P2
5.000000e-01 5.000000e-01 1.070000e+00 5.000000e-01 5.000000e-01 1.070000e+00 0.000000 0.000000 0.000000 0.000000 0.000000 0.000000 0.000000 0.000000 0.000000 0.000000 0.000000 0.000000 0.000000 
5.000000e-01 5.000000e-01 1.059989e+00 5.000000e-01 5.000000e-01 1.077737e+00 -0.011649 0.000354 0.002854 0.005232 0.002854 0.000354 0.011649 -0.002086 -0.002479 -0.002519 -0.002479 -0.002086 0.000000 
5.000000e-01 5.000000e-01 1.049921e+00 5.000000e-01 5.000000e-01 1.085453e+00 -0.023321 0.000732 0.005710 0.010437 0.005710 0.000732 0.023321 -0.004176 -0.004963 -0.005043 -0.004963 -0.004176 0.000000 
5.000000e-01 5.000000e-01 1.039797e+00 5.000000e-01 5.000000e-01 1.093147e+00 -0.035017 0.001131 0.008567 0.015621 0.008567 0.001131 0.035017 -0.006269 -0.007452 -0.007574 -0.007452 -0.006269 0.000000 
5.000000e-01 5.000000e-01 1.029617e+00 5.000000e-01 5.000000e-01 1.100820e+00 -0.046734 0.001547 0.011424 0.020791 0.011424 0.001547 0.046735 -0.008365 -0.009947 -0.010112 -0.009947 -0.008365 0.000000 
5.000000e-01 5.000000e-01 1.019382e+00 5.000000e-01 5.000000e-01 1.108471e+00 -0.058474 0.001967 0.014281 0.025978 0.014281 0.001967 0.058474 -0.010464 -0.012446 -0.012655 -0.012446 -0.010464 0.000000 
5.000000e-01 5.000000e-01 1.009092e+00 5.000000e-01 5.000000e-01 1.116100e+00 -0.070236 0.002391 0.017136 0.031182 0.017136 0.002391 0.070236 -0.012565 -0.014950 -0.015205 -0.014950 -0.012565 0.000000 
5.000000e-01 5.000000e-01 9.987474e-01 5.000000e-01 5.000000e-01 1.123706e+00 -0.082018 0.002823 0.019987 0.036398 0.019987 0.002823 0.082018 -0.014669 -0.017460 -0.017762 -0.017460 -0.014669 0.000000 
5.000000e-01 5.000000e-01 9.883491e-01 5.000000e-01 5.000000e-01 1.131291e+00 -0.093821 0.003259 0.022835 0.041634 0.022835 0.003259 0.093821 -0.016774 -0.019974 -0.020325 -0.019974 -0.016774 0.000000 
5.000000e-01 5.000000e-01 9.778973e-01 5.000000e-01 5.000000e-01 1.138852e+00 -0.105644 0.003686 0.025678 0.046916 0.025678 0.003686 0.105644 -0.018881 -0.022493 -0.022896 -0.022493 -0.018881 0.000000 
5.000000e-01 5.000000e-01 9.673926e-01 5.000000e-01 5.000000e-01 1.146390e+00 -0.117487 0.004100 0.028514 0.052259 0.028514 0.004100 0.117487 -0.020990 -0.025017 -0.025474 -0.025017 -0.020990 0.000000 
5.000000e-01 5.000000e-01 9.568354e-01 5.000000e-01 5.000000e-01 1.153904e+00 -0.129349 0.004509 0.031342 0.057647 0.031342 0.004509 0.129349 -0.023099 -0.027546 -0.028059 -0.027546 -0.023099 0.000000 
5.000000e-01 5.000000e-01 9.462262e-01 5.000000e-01 5.000000e-01 1.161395e+00 -0.141229 0.004910 0.034162 0.063085 0.034162 0.004910 0.141229 -0.025209 -0.030080 -0.030652 -0.030080 -0.025209 0.000000 
5.000000e-01 5.000000e-01 9.355654e-01 5.000000e-01 5.000000e-01 1.168863e+00 -0.153127 0.005289 0.036971 0.068607 0.036971 0.005289 0.153127 -0.027319 -0.032618 -0.033253 -0.032618 -0.027319 0.000000 
5.000000e-01 5.000000e-01 9.248536e-01 5.000000e-01 5.000000e-01 1.176305e+00 -0.165043 0.005640 0.039766 0.074231 0.039766 0.005640 0.165043 -0.029429 -0.035161 -0.035862 -0.035161 -0.029429 0.000000 
5.000000e-01 5.000000e-01 9.140911e-01 5.000000e-01 5.000000e-01 1.183724e+00 -0.176976 0.005974 0.042547 0.079933 0.042547 0.005974 0.176976 -0.031539 -0.037709 -0.038480 -0.037709 -0.031539 0.000000 
5.000000e-01 5.000000e-01 9.032785e-01 5.000000e-01 5.000000e-01 1.191117e+00 -0.188926 0.006290 0.045314 0.085719 0.045314 0.006290 0.188926 -0.033648 -0.040262 -0.041107 -0.040262 -0.033648 0.000000 
5.000000e-01 5.000000e-01 8.924160e-01 5.000000e-01 5.000000e-01 1.198485e+00 -0.200892 0.006568 0.048059 0.091639 0.048059 0.006568 0.200892 -0.035755 -0.042819 -0.043743 -0.042819 -0.035755 0.000000 
5.000000e-01 5.000000e-01 8.815043e-01 5.000000e-01 5.000000e-01 1.205828e+00 -0.212873 0.006808 0.050780 0.097699 0.050780 0.006808 0.212873 -0.037861 -0.045381 -0.046389 -0.045381 -0.037861 0.000000 
5.000000e-01 5.000000e-01 8.705438e-01 5.000000e-01 5.000000e-01 1.213145e+00 -0.224870 0.007021 0.053478 0.103871 0.053478 0.007021 0.224870 -0.039964 -0.047948 -0.049045 -0.047948 -0.039964 0.000000 
5.000000e-01 5.000000e-01 8.595347e-01 5.000000e-01 5.000000e-01 1.220436e+00 -0.236881 0.007208 0.056152 0.110161 0.056152 0.007208 0.236881 -0.042064 -0.050520 -0.051712 -0.050520 -0.042064 0.000000 
5.000000e-01 5.000000e-01 8.484777e-01 5.000000e-01 5.000000e-01 1.227701e+00 -0.248906 0.007336 0.058785 0.116665 0.058785 0.007336 0.248907 -0.044161 -0.053097 -0.054391 -0.053097 -0.044161 0.000000 
5.000000e-01 5.000000e-01 8.373731e-01 5.000000e-01 5.000000e-01 1.234938e+00 -0.260946 0.007425 0.061382 0.123332 0.061382 0.007425 0.260946 -0.046253 -0.055679 -0.057082 -0.055679 -0.046253 0.000000 
5.000000e-01 5.000000e-01 8.262214e-01 5.000000e-01 5.000000e-01 1.242149e+00 -0.272998 0.007480 0.063944 0.130152 0.063944 0.007480 0.272998 -0.048340 -0.058266 -0.059786 -0.058266 -0.048340 0.000000 
5.000000e-01 5.000000e-01 8.150229e-01 5.000000e-01 5.000000e-01 1.249333e+00 -0.285063 0.007490 0.066461 0.137161 0.066461 0.007490 0.285063 -0.050423 -0.060857 -0.062503 -0.060857 -0.050423 0.000000 
5.000000e-01 5.000000e-01 8.037781e-01 5.000000e-01 5.000000e-01 1.256488e+00 -0.297140 0.007431 0.068913 0.144452 0.068913 0.007431 0.297140 -0.052499 -0.063454 -0.065234 -0.063454 -0.052499 0.000000 
5.000000e-01 5.000000e-01 7.924873e-01 5.000000e-01 5.000000e-01 1.263616e+00 -0.309229 0.007333 0.071314 0.151936 0.071314 0.007333 0.309229 -0.054568 -0.066056 -0.067981 -0.066056 -0.054568 0.000000 
5.000000e-01 5.000000e-01 7.811511e-01 5.000000e-01 5.000000e-01 1.270715e+00 -0.321329 0.007195 0.073662 0.159616 0.073662 0.007195 0.321329 -0.056629 -0.068664 -0.070744 -0.068664 -0.056629 0.000000 
5.000000e-01 5.000000e-01 7.697697e-01 5.000000e-01 5.000000e-01 1.277785e+00 -0.333439 0.006982 0.075918 0.167639 0.075918 0.006982 0.333439 -0.058681 -0.071276 -0.073524 -0.071276 -0.058681 0.000000 
5.000000e-01 5.000000e-01 7.583437e-01 5.000000e-01 5.000000e-01 1.284826e+00 -0.345560 0.006716 0.078092 0.175943 0.078092 0.006716 0.345560 -0.060723 -0.073895 -0.076324 -0.073895 -0.060723 0.000000 
5.000000e-01 5.000000e-01 7.468733e-01 5.000000e-01 5.000000e-01 1.291838e+00 -0.357691 0.006408 0.080193 0.184489 0.080193 0.006408 0.357691 -0.062754 -0.076520 -0.079143 -0.076520 -0.062754 0.000000 
5.000000e-01 5.000000e-01 7.353590e-01 5.000000e-01 5.000000e-01 1.298820e+00 -0.369831 0.006037 0.082191 0.193375 0.082191 0.006037 0.369831 -0.064773 -0.079150 -0.081984 -0.079150 -0.064773 0.000000 
5.000000e-01 5.000000e-01 7.238011e-01 5.000000e-01 5.000000e-01 1.305771e+00 -0.381980 0.005591 0.084053 0.202690 0.084053 0.005591 0.381980 -0.066779 -0.081787 -0.084848 -0.081787 -0.066779 0.000000 
5.000000e-01 5.000000e-01 7.122001e-01 5.000000e-01 5.000000e-01 1.312692e+00 -0.394137 0.005101 0.085815 0.212304 0.085815 0.005101 0.394137 -0.068771 -0.084429 -0.087735 -0.084429 -0.068771 0.000000 
5.000000e-01 5.000000e-01 7.005563e-01 5.000000e-01 5.000000e-01 1.319582e+00 -0.406302 0.004561 0.087462 0.222256 0.087462 0.004561 0.406302 -0.070747 -0.087079 -0.090649 -0.087079 -0.070747 0.000000 
5.000000e-01 5.000000e-01 6.888701e-01 5.000000e-01 5.000000e-01 1.326440e+00 -0.418474 0.003929 0.088902 0.232812 0.088902 0.003929 0.418474 -0.072705 -0.089736 -0.093593 -0.089736 -0.072705 0.000000 
5.000000e-01 5.000000e-01 6.771419e-01 5.000000e-01 5.000000e-01 1.333267e+00 -0.430653 0.003255 0.090206 0.243732 0.090206 0.003255 0.430653 -0.074643 -0.092399 -0.096569 -0.092399 -0.074643 0.000000 
5.000000e-01 5.000000e-01 6.653720e-01 5.000000e-01 5.000000e-01 1.340061e+00 -0.442839 0.002538 0.091377 0.255009 0.091377 0.002538 0.442839 -0.076560 -0.095071 -0.099578 -0.095071 -0.076560 0.000000 
5.000000e-01 5.000000e-01 6.535608e-01 5.000000e-01 5.000000e-01 1.346823e+00 -0.455031 0.001722 0.092254 0.267079 0.092254 0.001722 0.455031 -0.078454 -0.097750 -0.102622 -0.097750 -0.078454 0.000000 
5.000000e-01 5.000000e-01 6.417087e-01 5.000000e-01 5.000000e-01 1.353551e+00 -0.467229 0.000864 0.092954 0.279594 0.092954 0.000864 0.467229 -0.080325 -0.100437 -0.105705 -0.100437 -0.080325 0.000000 
5.000000e-01 5.000000e-01 6.298159e-01 5.000000e-01 5.000000e-01 1.360247e+00 -0.479431 -0.000034 0.093482 0.292537 0.093482 -0.000034 0.479432 -0.082168 -0.103133 -0.108830 -0.103133 -0.082168 0.000000 
5.000000e-01 5.000000e-01 6.178830e-01 5.000000e-01 5.000000e-01 1.366908e+00 -0.491640 -0.001025 0.093630 0.306430 0.093630 -0.001025 0.491640 -0.083979 -0.105838 -0.112005 -0.105838 -0.083979 0.000000 
5.000000e-01 5.000000e-01 6.059101e-01 5.000000e-01 5.000000e-01 1.373536e+00 -0.503852 -0.002057 0.093542 0.320884 0.093542 -0.002057 0.503852 -0.085759 -0.108553 -0.115230 -0.108553 -0.085759 0.000000 
5.000000e-01 5.000000e-01 5.938977e-01 5.000000e-01 5.000000e-01 1.380129e+00 -0.516069 -0.003125 0.093240 0.335839 0.093240 -0.003125 0.516069 -0.087504 -0.111277 -0.118508 -0.111277 -0.087504 0.000000 
5.000000e-01 5.000000e-01 5.818461e-01 5.000000e-01 5.000000e-01 1.386686e+00 -0.528290 -0.004285 0.092433 0.351994 0.092433 -0.004285 0.528290 -0.089212 -0.114011 -0.121844 -0.114011 -0.089212 0.000000 
5.000000e-01 5.000000e-01 5.697556e-01 5.000000e-01 5.000000e-01 1.393209e+00 -0.540515 -0.005477 0.091345 0.368781 0.091345 -0.005477 0.540515 -0.090880 -0.116756 -0.125244 -0.116756 -0.090880 0.000000 
5.000000e-01 5.000000e-01 5.576265e-01 5.000000e-01 5.000000e-01 1.399696e+00 -0.552743 -0.006705 0.089969 0.386214 0.089969 -0.006705 0.552743 -0.092498 -0.119512 -0.128721 -0.119512 -0.092498 0.000000 
5.000000e-01 5.000000e-01 5.454593e-01 5.000000e-01 5.000000e-01 1.406147e+00 -0.564976 -0.008013 0.087963 0.405077 0.087963 -0.008013 0.564976 -0.094070 -0.122281 -0.132275 -0.122281 -0.094070 0.000000 
5.000000e-01 5.000000e-01 5.332542e-01 5.000000e-01 5.000000e-01 1.412562e+00 -0.577212 -0.009347 0.085642 0.424621 0.085642 -0.009347 0.577212 -0.095590 -0.125060 -0.135910 -0.125060 -0.095590 0.000000 
5.000000e-01 5.000000e-01 5.210116e-01 5.000000e-01 5.000000e-01 1.418940e+00 -0.589451 -0.010719 0.082888 0.445114 0.082888 -0.010719 0.589451 -0.097055 -0.127852 -0.139635 -0.127852 -0.097055 0.000000 
5.000000e-01 5.000000e-01 5.087317e-01 5.000000e-01 5.000000e-01 1.425282e+00 -0.601695 -0.012152 0.079452 0.467096 0.079452 -0.012152 0.601695 -0.098456 -0.130657 -0.143467 -0.130657 -0.098456 0.000000 
5.000000e-01 5.000000e-01 4.964149e-01 5.000000e-01 5.000000e-01 1.431586e+00 -0.613941 -0.013602 0.075672 0.489802 0.075672 -0.013602 0.613941 -0.099788 -0.133476 -0.147413 -0.133476 -0.099788 0.000000 
5.000000e-01 5.000000e-01 4.840615e-01 5.000000e-01 5.000000e-01 1.437854e+00 -0.626192 -0.015098 0.071229 0.513932 0.071229 -0.015098 0.626193 -0.101050 -0.136307 -0.151479 -0.136307 -0.101050 0.000000 
5.000000e-01 5.000000e-01 4.716718e-01 5.000000e-01 5.000000e-01 1.444083e+00 -0.638448 -0.016629 0.066164 0.539379 0.066164 -0.016629 0.638448 -0.102237 -0.139150 -0.155674 -0.139150 -0.102237 0.000000 
5.000000e-01 5.000000e-01 4.592461e-01 5.000000e-01 5.000000e-01 1.450275e+00 -0.650706 -0.018169 0.060750 0.565544 0.060750 -0.018169 0.650706 -0.103339 -0.142006 -0.160017 -0.142006 -0.103339 0.000000 
5.000000e-01 5.000000e-01 4.467848e-01 5.000000e-01 5.000000e-01 1.456429e+00 -0.662973 -0.019762 0.054368 0.593760 0.054368 -0.019762 0.662973 -0.104344 -0.144874 -0.164535 -0.144874 -0.104344 0.000000 
5.000000e-01 5.000000e-01 4.342880e-01 5.000000e-01 5.000000e-01 1.462546e+00 -0.675242 -0.021361 0.047587 0.622790 0.047587 -0.021361 0.675242 -0.105255 -0.147753 -0.169226 -0.147753 -0.105255 0.000000 
5.000000e-01 5.000000e-01 4.217562e-01 5.000000e-01 5.000000e-01 1.468624e+00 -0.687515 -0.022979 0.040231 0.653010 0.040231 -0.022979 0.687515 -0.106063 -0.150640 -0.174108 -0.150640 -0.106063 0.000000 
5.000000e-01 5.000000e-01 4.091896e-01 5.000000e-01 5.000000e-01 1.474663e+00 -0.699795 -0.024621 0.032114 0.684808 0.032114 -0.024621 0.699795 -0.106757 -0.153535 -0.179210 -0.153535 -0.106757 0.000000 
5.000000e-01 5.000000e-01 3.965884e-01 5.000000e-01 5.000000e-01 1.480664e+00 -0.712077 -0.026258 0.023715 0.717163 0.023715 -0.026258 0.712077 -0.107319 -0.156434 -0.184571 -0.156434 -0.107319 0.000000 
5.000000e-01 5.000000e-01 3.839531e-01 5.000000e-01 5.000000e-01 1.486625e+00 -0.724365 -0.027919 0.014515 0.751173 0.014515 -0.027919 0.724366 -0.107754 -0.159333 -0.190191 -0.159333 -0.107754 0.000000 
5.000000e-01 5.000000e-01 3.712838e-01 5.000000e-01 5.000000e-01 1.492546e+00 -0.736655 -0.029571 0.005035 0.785727 0.005035 -0.029571 0.736655 -0.108053 -0.162226 -0.196095 -0.162226 -0.108053 0.000000 
5.000000e-01 5.000000e-01 3.585809e-01 5.000000e-01 5.000000e-01 1.498426e+00 -0.748945 -0.031222 -0.004833 0.821054 -0.004833 -0.031222 0.748945 -0.108193 -0.165108 -0.202345 -0.165108 -0.108193 0.000000 
5.000000e-01 5.000000e-01 3.458446e-01 5.000000e-01 5.000000e-01 1.504265e+00 -0.761236 -0.032867 -0.015054 0.857077 -0.015054 -0.032867 0.761236 -0.108162 -0.167967 -0.208977 -0.167967 -0.108162 0.000000 
5.000000e-01 5.000000e-01 3.330752e-01 5.000000e-01 5.000000e-01 1.510059e+00 -0.773521 -0.034491 -0.025345 0.893194 -0.025345 -0.034491 0.773521 -0.107962 -0.170796 -0.216004 -0.170796 -0.107962 0.000000 
5.000000e-01 5.000000e-01 3.202730e-01 5.000000e-01 5.000000e-01 1.515062e+00 -0.785298 -0.035695 -0.034254 0.925197 -0.034254 -0.035695 0.785298 -0.107491 -0.173477 -0.223362 -0.173477 -0.107491 0.000000 
5.000000e-01 5.000000e-01 3.074382e-01 5.000000e-01 5.000000e-01 1.515062e+00 -0.793721 -0.034171 -0.032467 0.926997 -0.032467 -0.034171 0.793721 -0.106189 -0.175380 -0.230582 -0.175380 -0.106189 0.000000 
5.000000e-01 5.000000e-01 2.945711e-01 5.000000e-01 5.000000e-01 1.515062e+00 -0.802164 -0.032643 -0.030675 0.928801 -0.030675 -0.032643 0.802164 -0.104684 -0.177210 -0.238378 -0.177210 -0.104684 0.000000 
5.000000e-01 5.000000e-01 2.816719e-01 5.000000e-01 5.000000e-01 1.515062e+00 -0.810629 -0.031110 -0.028880 0.930608 -0.028880 -0.031110 0.810629 -0.102967 -0.178944 -0.246806 -0.178944 -0.102967 0.000000 
5.000000e-01 5.000000e-01 2.687409e-01 5.000000e-01 5.000000e-01 1.515062e+00 -0.819114 -0.029573 -0.027080 0.932419 -0.027080 -0.029573 0.819114 -0.101010 -0.180546 -0.256003 -0.180546 -0.101010 0.000000 
5.000000e-01 5.000000e-01 2.557784e-01 5.000000e-01 5.000000e-01 1.515062e+00 -0.827620 -0.028031 -0.025275 0.934233 -0.025275 -0.028031 0.827620 -0.098792 -0.181969 -0.266098 -0.181969 -0.098792 0.000000 
5.000000e-01 5.000000e-01 2.427844e-01 5.000000e-01 5.000000e-01 1.515062e+00 -0.836146 -0.026484 -0.023467 0.936050 -0.023467 -0.026484 0.836147 -0.096326 -0.183187 -0.277121 -0.183187 -0.096326 0.000000 
5.000000e-01 5.000000e-01 2.297594e-01 5.000000e-01 5.000000e-01 1.515062e+00 -0.844693 -0.024934 -0.021655 0.937871 -0.021655 -0.024934 0.844693 -0.093597 -0.184146 -0.289208 -0.184146 -0.093597 0.000000 
5.000000e-01 5.000000e-01 2.167033e-01 5.000000e-01 5.000000e-01 1.515062e+00 -0.853261 -0.023379 -0.019838 0.939696 -0.019838 -0.023379 0.853261 -0.090551 -0.184724 -0.302711 -0.184724 -0.090551 0.000000 
5.000000e-01 5.000000e-01 2.036165e-01 5.000000e-01 5.000000e-01 1.515062e+00 -0.861849 -0.021820 -0.018017 0.941524 -0.018017 -0.021820 0.861849 -0.087224 -0.184892 -0.317615 -0.184892 -0.087224 0.000000 
5.000000e-01 5.000000e-01 1.904989e-01 5.000000e-01 5.000000e-01 1.515062e+00 -0.870458 -0.020257 -0.016192 0.943357 -0.016192 -0.020257 0.870458 -0.083608 -0.184562 -0.334116 -0.184562 -0.083608 0.000000 
5.000000e-01 5.000000e-01 1.773506e-01 5.000000e-01 5.000000e-01 1.515062e+00 -0.879088 -0.018690 -0.014363 0.945193 -0.014363 -0.018690 0.879088 -0.079649 -0.183508 -0.352772 -0.183508 -0.079649 0.000000 
5.000000e-01 5.000000e-01 1.641716e-01 5.000000e-01 5.000000e-01 1.515062e+00 -0.887740 -0.017118 -0.012529 0.947034 -0.012529 -0.017118 0.887740 -0.075379 -0.181657 -0.373668 -0.181657 -0.075379 0.000000 
5.000000e-01 5.000000e-01 1.509618e-01 5.000000e-01 5.000000e-01 1.515062e+00 -0.896414 -0.015542 -0.010690 0.948878 -0.010690 -0.015542 0.896414 -0.070804 -0.178868 -0.397071 -0.178868 -0.070804 0.000000 
5.000000e-01 5.000000e-01 1.377206e-01 5.000000e-01 5.000000e-01 1.515062e+00 -0.905114 -0.013961 -0.008846 0.950728 -0.008846 -0.013961 0.905114 -0.065883 -0.174772 -0.423804 -0.174772 -0.065883 0.000000 
5.000000e-01 5.000000e-01 1.244476e-01 5.000000e-01 5.000000e-01 1.515062e+00 -0.913840 -0.012375 -0.006997 0.952583 -0.006997 -0.012375 0.913840 -0.060642 -0.169192 -0.454172 -0.169192 -0.060642 0.000000 
5.000000e-01 5.000000e-01 1.111418e-01 5.000000e-01 5.000000e-01 1.515062e+00 -0.922596 -0.010783 -0.005141 0.954444 -0.005141 -0.010783 0.922596 -0.055103 -0.161940 -0.488511 -0.161940 -0.055103 0.000000 
5.000000e-01 5.000000e-01 9.780190e-02 5.000000e-01 5.000000e-01 1.515062e+00 -0.931388 -0.009185 -0.003278 0.956313 -0.003278 -0.009185 0.931388 -0.049239 -0.152434 -0.528043 -0.152434 -0.049239 0.000000 
5.000000e-01 5.000000e-01 8.442615e-02 5.000000e-01 5.000000e-01 1.515062e+00 -0.940220 -0.007579 -0.001406 0.958189 -0.001406 -0.007579 0.940220 -0.043079 -0.140427 -0.573208 -0.140427 -0.043079 0.000000 
5.000000e-01 5.000000e-01 7.101232e-02 5.000000e-01 5.000000e-01 1.515062e+00 -0.949099 -0.005964 0.000476 0.960076 0.000476 -0.005964 0.949099 -0.036655 -0.125760 -0.624269 -0.125760 -0.036655 0.000000 
5.000000e-01 5.000000e-01 5.755807e-02 5.000000e-01 5.000000e-01 1.515062e+00 -0.958037 -0.004338 0.002370 0.961975 0.002370 -0.004338 0.958037 -0.029954 -0.107743 -0.682645 -0.107743 -0.029954 0.000000 
5.000000e-01 5.000000e-01 4.406144e-02 5.000000e-01 5.000000e-01 1.515062e+00 -0.967039 -0.002701 0.004277 0.963887 0.004277 -0.002701 0.967039 -0.023020 -0.086476 -0.748049 -0.086476 -0.023020 0.000000 
5.000000e-01 5.000000e-01 3.052175e-02 5.000000e-01 5.000000e-01 1.515062e+00 -0.976107 -0.001052 0.006199 0.965813 0.006199 -0.001052 0.976107 -0.015894 -0.062245 -0.819830 -0.062245 -0.015894 0.000000 
5.000000e-01 5.000000e-01 1.694080e-02 5.000000e-01 5.000000e-01 1.515062e+00 -0.985242 0.000610 0.008134 0.967754 0.008134 0.000610 0.985242 -0.008596 -0.035122 -0.897806 -0.035122 -0.008596 0.000000 
5.000000e-01 5.000000e-01 4.999912e-03 5.000000e-01 5.000000e-01 1.515062e+00 -0.993294 0.002074 0.009841 0.969464 0.009841 0.002074 0.993294 -0.002115 -0.009981 -0.969102 -0.009981 -0.002115 0.000000 
5.000000e-01 5.000000e-01 4.999912e-03 5.000000e-01 5.000000e-01 1.515062e+00 -0.993294 0.002074 0.009841 0.969464 0.009841 0.002074 0.993294 -0.002115 -0.009981 -0.969102 -0.009981 -0.002115 0.000000 
5.000000e-01 5.000000e-01 4.999912e-03 5.000000e-01 5.000000e-01 1.515062e+00 -0.993294 0.002074 0.009841 0.969464 0.009841 0.002074 0.993294 -0.002115 -0.009981 -0.969102 -0.009981 -0.002115 0.000000 
5.000000e-01 5.000000e-01 4.999912e-03 5.000000e-01 5.000000e-01 1.515062e+00 -0.993294 0.002074 0.009841 0.969464 0.009841 0.002074 0.993294 -0.002115 -0.009981 -0.969102 -0.009981 -0.002115 0.000000 
5.000000e-01 5.000000e-01 4.999912e-03 5.000000e-01 5.000000e-01 1.515062e+00 -0.993294 0.002074 0.009841 0.969464 0.009841 0.002074 0.993294 -0.002115 -0.009981 -0.969102 -0.009981 -0.002115 0.000000 
5.000000e-01 5.000000e-01 4.999912e-03 5.000000e-01 5.000000e-01 1.515062e+00 -0.993294 0.002074 0.009841 0.969464 0.009841 0.002074 0.993294 -0.002115 -0.009981 -0.969102 -0.009981 -0.002115 0.000000 
5.000000e-01 5.000000e-01 4.999912e-03 5.000000e-01 5.000000e-01 1.515062e+00 -0.993294 0.002074 0.009841 0.969464 0.009841 0.002074 0.993294 -0.002115 -0.009981 -0.969102 -0.009981 -0.002115 0.000000 
5.000000e-01 5.000000e-01 4.999912e-03 5.000000e-01 5.000000e-01 1.515062e+00 -0.993294 0.002074 0.009841 0.969464 0.009841 0.002074 0.993294 -0.002115 -0.009981 -0.969102 -0.009981 -0.002115 0.000000 
5.000000e-01 5.000000e-01 4.999912e-03 5.000000e-01 5.000000e-01 1.515062e+00 -0.993294 0.002074 0.009841 0.969464 0.009841 0.002074 0.993294 -0.002115 -0.009981 -0.969102 -0.009981 -0.002115 0.000000 
5.000000e-01 5.000000e-01 4.999912e-03 5.000000e-01 5.000000e-01 1.515062e+00 -0.993294 0.002074 0.009841 0.969464 0.009841 0.002074 0.993294 -0.002115 -0.009981 -0.969102 -0.009981 -0.002115 0.000000 
5.000000e-01 5.000000e-01 4.999912e-03 5.000000e-01 5.000000e-01 1.515062e+00 -0.993294 0.002074 0.009841 0.969464 0.009841 0.002074 0.993294 -0.002115 -0.009981 -0.969102 -0.009981 -0.002115 0.000000 
5.000000e-01 5.000000e-01 4.999912e-03 5.000000e-01 5.000000e-01 1.515062e+00 -0.993294 0.002074 0.009841 0.969464 0.009841 0.002074 0.993294 -0.002115 -0.009981 -0.969102 -0.009981 -0.002115 0.000000 
5.000000e-01 5.000000e-01 4.999912e-03 5.000000e-01 5.000000e-01 1.515062e+00 -0.993294 0.002074 0.009841 0.969464 0.009841 0.002074 0.993294 -0.002115 -0.009981 -0.969102 -0.009981 -0.002115 0.000000 
5.000000e-01 5.000000e-01 4.999912e-03 5.000000e-01 5.000000e-01 1.515062e+00 -0.993294 0.002074 0.009841 0.969464 0.009841 0.002074 0.993294 -0.002115 -0.009981 -0.969102 -0.009981 -0.002115 0.000000 
5.000000e-01 5.000000e-01 4.999912e-03 5.000000e-01 5.000000e-01 1.515062e+00 -0.993294 0.002074 0.009841 0.969464 0.009841 0.002074 0.993294 -0.002115 -0.009981 -0.969102 -0.009981 -0.002115 0.000000 
5.000000e-01 5.000000e-01 4.999912e-03 5.000000e-01 5.000000e-01 1.515062e+00 -0.993294 0.002074 0.009841 0.969464 0.009841 0.002074 0.993294 -0.002115 -0.009981 -0.969102 -0.009981 -0.002115 0.000000 
5.000000e-01 5.000000e-01 4.999912e-03 5.000000e-01 5.000000e-01 1.515062e+00 -0.993294 0.002074 0.009841 0.969464 0.009841 0.002074 0.993294 -0.002115 -0.009981 -0.969102 -0.009981 -0.002115 0.000000 
5.000000e-01 5.000000e-01 4.999912e-03 5.000000e-01 5.000000e-01 1.515062e+00 -0.993294 0.002074 0.009841 0.969464 0.009841 0.002074 0.993294 -0.002115 -0.009981 -0.969102 -0.009981 -0.002115 0.000000 
5.000000e-01 5.000000e-01 4.999912e-03 5.000000e-01 5.000000e-01 1.515062e+00 -0.993294 0.002074 0.009841 0.969464 0.009841 0.002074 0.993294 -0.002115 -0.009981 -0.969102 -0.009981 -0.002115 0.000000 
5.000000e-01 5.000000e-01 4.999912e-03 5.000000e-01 5.000000e-01 1.515062e+00 -0.993294 0.002074 0.009841 0.969464 0.009841 0.002074 0.993294 -0.002115 -0.009981 -0.969102 -0.009981 -0.002115 0.000000 
5.000000e-01 5.000000e-01 4.999912e-03 5.000000e-01 5.000000e-01 1.515062e+00 -0.993294 0.002074 0.009841 0.969464 0.009841 0.002074 0.993294 -0.002115 -0.009981 -0.969102 -0.009981 -0.002115 0.000000 
5.000000e-01 5.000000e-01 4.999912e-03 5.000000e-01 5.000000e-01 1.515062e+00 -0.993294 0.002074 0.009841 0.969464 0.009841 0.002074 0.993294 -0.002115 -0.009981 -0.969102 -0.009981 -0.002115 0.000000 
5.000000e-01 5.000000e-01 4.999912e-03 5.000000e-01 5.000000e-01 1.515062e+00 -0.993294 0.002074 0.009841 0.969464 0.009841 0.002074 0.993294 -0.002115 -0.009981 -0.969102 -0.009981 -0.002115 0.000000 
5.000000e-01 5.000000e-01 4.999912e-03 5.000000e-01 5.000000e-01 1.515062e+00 -0.993294 0.002074 0.009841 0.969464 0.009841 0.002074 0.993294 -0.002115 -0.009981 -0.969102 -0.009981 -0.002115 0.000000 
5.000000e-01 5.000000e-01 4.999912e-03 5.000000e-01 5.000000e-01 1.515062e+00 -0.993294 0.002074 0.009841 0.969464 0.009841 0.002074 0.993294 -0.002115 -0.009981 -0.969102 -0.009981 -0.002115 0.000000 
5.000000e-01 5.000000e-01 4.999912e-03 5.000000e-01 5.000000e-01 1.515062e+00 -0.993294 0.002074 0.009841 0.969464 0.009841 0.002074 0.993294 -0.002115 -0.009981 -0.969102 -0.009981 -0.002115 0.000000 
5.000000e-01 5.000000e-01 4.999912e-03 5.000000e-01 5.000000e-01 1.515062e+00 -0.993294 0.002074 0.009841 0.969464 0.009841 0.002074 0.993294 -0.002115 -0.009981 -0.969102 -0.009981 -0.002115 0.000000 
5.000000e-01 5.000000e-01 4.999912e-03 5.000000e-01 5.000000e-01 1.515062e+00 -0.993294 0.002074 0.009841 0.969464 0.009841 0.002074 0.993294 -0.002115 -0.009981 -0.969102 -0.009981 -0.002115 0.000000 
5.000000e-01 5.000000e-01 4.999912e-03 5.000000e-01 5.000000e-01 1.515062e+00 -0.993294 0.002074 0.009841 0.969464 0.009841 0.002074 0.993294 -0.002115 -0.009981 -0.969102 -0.009981 -0.002115 0.000000 
5.000000e-01 5.000000e-01 4.999912e-03 5.000000e-01 5.000000e-01 1.515062e+00 -0.993294 0.002074 0.009841 0.969464 0.009841 0.002074 0.993294 -0.002115 -0.009981 -0.969102 -0.009981 -0.002115 0.000000 
5.000000e-01 5.000000e-01 4.999912e-03 5.000000e-01 5.000000e-01 1.515062e+00 -0.993294 0.002074 0.009841 0.969464 0.009841 0.002074 0.993294 -0.002115 -0.009981 -0.969102 -0.009981 -0.002115 0.000000 
5.000000e-01 5.000000e-01 4.999912e-03 5.000000e-01 5.000000e-01 1.515062e+00 -0.993294 0.002074 0.009841 0.969464 0.009841 0.002074 0.993294 -0.002115 -0.009981 -0.969102 -0.009981 -0.002115 0.000000 
5.000000e-01 5.000000e-01 4.999912e-03 5.000000e-01 5.000000e-01 1.515062e+00 -0.993294 0.002074 0.009841 0.969464 0.009841 0.002074 0.993294 -0.002115 -0.009981 -0.969102 -0.009981 -0.002115 0.000000 
5.000000e-01 5.000000e-01 4.999912e-03 5.000000e-01 5.000000e-01 1.515062e+00 -0.993294 0.002074 0.009841 0.969464 0.009841 0.002074 0.993294 -0.002115 -0.009981 -0.969102 -0.009981 -0.002115 0.000000 
5.000000e-01 5.000000e-01 4.999912e-03 5.000000e-01 5.000000e-01 1.515062e+00 -0.993294 0.002074 0.009841 0.969464 0.009841 0.002074 0.993294 -0.002115 -0.009981 -0.969102 -0.009981 -0.002115 0.000000 
5.000000e-01 5.000000e-01 4.999912e-03 5.000000e-01 5.000000e-01 1.515062e+00 -0.993294 0.002074 0.009841 0.969464 0.009841 0.002074 0.993294 -0.002115 -0.009981 -0.969102 -0.009981 -0.002115 0.000000 
5.000000e-01 5.000000e-01 4.999912e-03 5.000000e-01 5.000000e-01 1.515062e+00 -0.993294 0.002074 0.009841 0.969464 0.009841 0.002074 0.993294 -0.002115 -0.009981 -0.969102 -0.009981 -0.002115 0.000000 
5.000000e-01 5.000000e-01 4.999912e-03 5.000000e-01 5.000000e-01 1.515062e+00 -0.993294 0.002074 0.009841 0.969464 0.009841 0.002074 0.993294 -0.002115 -0.009981 -0.969102 -0.009981 -0.002115 0.000000 
5.000000e-01 5.000000e-01 4.999912e-03 5.000000e-01 5.000000e-01 1.515062e+00 -0.993294 0.002074 0.009841 0.969464 0.009841 0.002074 0.993294 -0.002115 -0.009981 -0.969102 -0.009981 -0.002115 0.000000 
5.000000e-01 5.000000e-01 4.999912e-03 5.000000e-01 5.000000e-01 1.515062e+00 -0.993294 0.002074 0.009841 0.969464 0.009841 0.002074 0.993294 -0.002115 -0.009981 -0.969102 -0.009981 -0.002115 0.000000 
5.000000e-01 5.000000e-01 4.999912e-03 5.000000e-01 5.000000e-01 1.515062e+00 -0.993294 0.002074 0.009841 0.969464 0.009841 0.002074 0.993294 -0.002115 -0.009981 -0.969102 -0.009981 -0.002115 0.000000 
5.000000e-01 5.000000e-01 4.999912e-03 5.000000e-01 5.000000e-01 1.515062e+00 -0.993294 0.002074 0.009841 0.969464 0.009841 0.002074 0.993294 -0.002115 -0.009981 -0.969102 -0.009981 -0.002115 0.000000 
5.000000e-01 5.000000e-01 4.999912e-03 5.000000e-01 5.000000e-01 1.515062e+00 -0.993294 0.002074 0.009841 0.969464 0.009841 0.002074 0.993294 -0.002115 -0.009981 -0.969102 -0.009981 -0.002115 0.000000 
5.000000e-01 5.000000e-01 4.999912e-03 5.000000e-01 5.000000e-01 1.515062e+00 -0.993294 0.002074 0.009841 0.969464 0.009841 0.002074 0.993294 -0.002115 -0.009981 -0.969102 -0.009981 -0.002115 0.000000 
5.000000e-01 5.000000e-01 4.999912e-03 5.000000e-01 5.000000e-01 1.515062e+00 -0.993294 0.002074 0.009841 0.969464 0.009841 0.002074 0.993294 -0.002115 -0.009981 -0.969102 -0.009981 -0.002115 0.000000 
5.000000e-01 5.000000e-01 4.999912e-03 5.000000e-01 5.000000e-01 1.515062e+00 -0.993294 0.002074 0.009841 0.969464 0.009841 0.002074 0.993294 -0.002115 -0.009981 -0.969102 -0.009981 -0.002115 0.000000 
5.000000e-01 5.000000e-01 4.999912e-03 5.000000e-01 5.000000e-01 1.515062e+00 -0.993294 0.002074 0.009841 0.969464 0.009841 0.002074 0.993294 -0.002115 -0.009981 -0.969102 -0.009981 -0.002115 0.000000 
5.000000e-01 5.000000e-01 4.999912e-03 5.000000e-01 5.000000e-01 1.515062e+00 -0.993294 0.002074 0.009841 0.969464 0.009841 0.002074 0.993294 -0.002115 -0.009981 -0.969102 -0.009981 -0.002115 0.000000 
5.000000e-01 5.000000e-01 4.999912e-03 5.000000e-01 5.000000e-01 1.515062e+00 -0.993294 0.002074 0.009841 0.969464 0.009841 0.002074 0.993294 -0.002115 -0.009981 -0.969102 -0.009981 -0.002115 0.000000 
5.000000e-01 5.000000e-01 4.999912e-03 5.000000e-01 5.000000e-01 1.515062e+00 -0.993294 0.002074 0.009841 0.969464 0.009841 0.002074 0.993294 -0.002115 -0.009981 -0.969102 -0.009981 -0.002115 0.000000 
5.000000e-01 5.000000e-01 4.999912e-03 5.000000e-01 5.000000e-01 1.515062e+00 -0.993294 0.002074 0.009841 0.969464 0.009841 0.002074 0.993294 -0.002115 -0.009981 -0.969102 -0.009981 -0.002115 0.000000 
5.000000e-01 5.000000e-01 4.999912e-03 5.000000e-01 5.000000e-01 1.515062e+00 -0.993294 0.002074 0.009841 0.969464 0.009841 0.002074 0.993294 -0.002115 -0.009981 -0.969102 -0.009981 -0.002115 0.000000 
5.000000e-01 5.000000e-01 4.999912e-03 5.000000e-01 5.000000e-01 1.515062e+00 -0.993294 0.002074 0.009841 0.969464 0.009841 0.002074 0.993294 -0.002115 -0.009981 -0.969102 -0.009981 -0.002115 0.000000 
5.000000e-01 5.000000e-01 4.999912e-03 5.000000e-01 5.000000e-01 1.515062e+00 -0.993294 0.002074 0.009841 0.969464 0.009841 0.002074 0.993294 -0.002115 -0.009981 -0.969102 -0.009981 -0.002115 0.000000 
5.000000e-01 5.000000e-01 4.999912e-03 5.000000e-01 5.000000e-01 1.515062e+00 -0.993294 0.002074 0.009841 0.969464 0.009841 0.002074 0.993294 -0.002115 -0.009981 -0.969102 -0.009981 -0.002115 0.000000 
5.000000e-01 5.000000e-01 4.999912e-03 5.000000e-01 5.000000e-01 1.515062e+00 -0.993294 0.002074 0.009841 0.969464 0.009841 0.002074 0.993294 -0.002115 -0.009981 -0.969102 -0.009981 -0.002115 0.000000 
5.000000e-01 5.000000e-01 4.999912e-03 5.000000e-01 5.000000e-01 1.515062e+00 -0.993294 0.002074 0.009841 0.969464 0.009841 0.002074 0.993294 -0.002115 -0.009981 -0.969102 -0.009981 -0.002115 0.000000 
5.000000e-01 5.000000e-01 4.999912e-03 5.000000e-01 5.000000e-01 1.515062e+00 -0.993294 0.002074 0.009841 0.969464 0.009841 0.002074 0.993294 -0.002115 -0.009981 -0.969102 -0.009981 -0.002115 0.000000 
5.000000e-01 5.000000e-01 4.999912e-03 5.000000e-01 5.000000e-01 1.515062e+00 -0.993294 0.002074 0.009841 0.969464 0.009841 0.002074 0.993294 -0.002115 -0.009981 -0.969102 -0.009981 -0.002115 0.000000 
5.000000e-01 5.000000e-01 4.999912e-03 5.000000e-01 5.000000e-01 1.515062e+00 -0.993294 0.002074 0.009841 0.969464 0.009841 0.002074 0.993294 -0.002115 -0.009981 -0.969102 -0.009981 -0.002115 0.000000 
5.000000e-01 5.000000e-01 4.999912e-03 5.000000e-01 5.000000e-01 1.515062e+00 -0.993294 0.002074 0.009841 0.969464 0.009841 0.002074 0.993294 -0.002115 -0.009981 -0.969102 -0.009981 -0.002115 0.000000 
5.000000e-01 5.000000e-01 4.999912e-03 5.000000e-01 5.000000e-01 1.515062e+00 -0.993294 0.002074 0.009841 0.969464 0.009841 0.002074 0.993294 -0.002115 -0.009981 -0.969102 -0.009981 -0.002115 0.000000 
5.000000e-01 5.000000e-01 4.999912e-03 5.000000e-01 5.000000e-01 1.515062e+00 -0.993294 0.002074 0.009841 0.969464 0.009841 0.002074 0.993294 -0.002115 -0.009981 -0.969102 -0.009981 -0.002115 0.000000 
5.000000e-01 5.000000e-01 4.999912e-03 5.000000e-01 5.000000e-01 1.515062e+00 -0.993294 0.002074 0.009841 0.969464 0.009841 0.002074 0.993294 -0.002115 -0.009981 -0.969102 -0.009981 -0.002115 0.000000 
5.000000e-01 5.000000e-01 4.999912e-03 5.000000e-01 5.000000e-01 1.515062e+00 -0.993294 0.002074 0.009841 0.969464 0.009841 0.002074 0.993294 -0.002115 -0.009981 -0.969102 -0.009981 -0.002115 0.000000 
5.000000e-01 5.000000e-01 4.999912e-03 5.000000e-01 5.000000e-01 1.515062e+00 -0.993294 0.002074 0.009841 0.969464 0.009841 0.002074 0.993294 -0.002115 -0.009981 -0.969102 -0.009981 -0.002115 0.000000 
5.000000e-01 5.000000e-01 4.999912e-03 5.000000e-01 5.000000e-01 1.515062e+00 -0.993294 0.002074 0.009841 0.969464 0.009841 0.002074 0.993294 -0.002115 -0.009981 -0.969102 -0.009981 -0.002115 0.000000 
5.000000e-01 5.000000e-01 4.999912e-03 5.000000e-01 5.000000e-01 1.515062e+00 -0.993294 0.002074 0.009841 0.969464 0.009841 0.002074 0.993294 -0.002115 -0.009981 -0.969102 -0.009981 -0.002115 0.000000 
5.000000e-01 5.000000e-01 4.999912e-03 5.000000e-01 5.000000e-01 1.515062e+00 -0.993294 0.002074 0.009841 0.969464 0.009841 0.002074 0.993294 -0.002115 -0.009981 -0.969102 -0.009981 -0.002115 0.000000 
5.000000e-01 5.000000e-01 4.999912e-03 5.000000e-01 5.000000e-01 1.515062e+00 -0.993294 0.002074 0.009841 0.969464 0.009841 0.002074 0.993294 -0.002115 -0.009981 -0.969102 -0.009981 -0.002115 0.000000 
5.000000e-01 5.000000e-01 4.999912e-03 5.000000e-01 5.000000e-01 1.515062e+00 -0.993294 0.002074 0.009841 0.969464 0.009841 0.002074 0.993294 -0.002115 -0.009981 -0.969102 -0.009981 -0.002115 0.000000 
5.000000e-01 5.000000e-01 4.999912e-03 5.000000e-01 5.000000e-01 1.515062e+00 -0.993294 0.002074 0.009841 0.969464 0.009841 0.002074 0.993294 -0.002115 -0.009981 -0.969102 -0.009981 -0.002115 0.000000 
5.000000e-01 5.000000e-01 4.999912e-03 5.000000e-01 5.000000e-01 1.515062e+00 -0.993294 0.002074 0.009841 0.969464 0.009841 0.002074 0.993294 -0.002115 -0.009981 -0.969102 -0.009981 -0.002115 0.000000 
5.000000e-01 5.000000e-01 4.999912e-03 5.000000e-01 5.000000e-01 1.515062e+00 -0.993294 0.002074 0.009841 0.969464 0.009841 0.002074 0.993294 -0.002115 -0.009981 -0.969102 -0.009981 -0.002115 0.000000 
5.000000e-01 5.000000e-01 4.999912e-03 5.000000e-01 5.000000e-01 1.515062e+00 -0.993294 0.002074 0.009841 0.969464 0.009841 0.002074 0.993294 -0.002115 -0.009981 -0.969102 -0.009981 -0.002115 0.000000 
5.000000e-01 5.000000e-01 4.999912e-03 5.000000e-01 5.000000e-01 1.515062e+00 -0.993294 0.002074 0.009841 0.969464 0.009841 0.002074 0.993294 -0.002115 -0.009981 -0.969102 -0.009981 -0.002115 0.000000 
5.000000e-01 5.000000e-01 4.999912e-03 5.000000e-01 5.000000e-01 1.515062e+00 -0.993294 0.002074 0.009841 0.969464 0.009841 0.002074 0.993294 -0.002115 -0.009981 -0.969102 -0.009981 -0.002115 0.000000 
5.000000e-01 5.000000e-01 4.999912e-03 5.000000e-01 5.000000e-01 1.515062e+00 -0.993294 0.002074 0.009841 0.969464 0.009841 0.002074 0.993294 -0.002115 -0.009981 -0.969102 -0.009981 -0.002115 0.000000 
5.000000e-01 5.000000e-01 4.999912e-03 5.000000e-01 5.000000e-01 1.515062e+00 -0.993294 0.002074 0.009841 0.969464 0.009841 0.002074 0.993294 -0.002115 -0.009981 -0.969102 -0.009981 -0.002115 0.000000 
5.000000e-01 5.000000e-01 4.999912e-03 5.000000e-01 5.000000e-01 1.515062e+00 -0.993294 0.002074 0.009841 0.969464 0.009841 0.002074 0.993294 -0.002115 -0.009981 -0.969102 -0.009981 -0.002115 0.000000 
5.000000e-01 5.000000e-01 4.999912e-03 5.000000e-01 5.000000e-01 1.515062e+00 -0.993294 0.002074 0.009841 0.969464 0.009841 0.002074 0.993294 -0.002115 -0.009981 -0.969102 -0.009981 -0.002115 0.000000 
5.000000e-01 5.000000e-01 4.999912e-03 5.000000e-01 5.000000e-01 1.515062e+00 -0.993294 0.002074 0.009841 0.969464 0.009841 0.002074 0.993294 -0.002115 -0.009981 -0.969102 -0.009981 -0.002115 0.000000 
5.000000e-01 5.000000e-01 4.999912e-03 5.000000e-01 5.000000e-01 1.515062e+00 -0.993294 0.002074 0.009841 0.969464 0.009841 0.002074 0.993294 -0.002115 -0.009981 -0.969102 -0.009981 -0.002115 0.000000 
5.000000e-01 5.000000e-01 4.999912e-03 5.000000e-01 5.000000e-01 1.515062e+00 -0.993294 0.002074 0.009841 0.969464 0.009841 0.002074 0.993294 -0.002115 -0.009981 -0.969102 -0.009981 -0.002115 0.000000 
5.000000e-01 5.000000e-01 4.999912e-03 5.000000e-01 5.000000e-01 1.515062e+00 -0.993294 0.002074 0.009841 0.969464 0.009841 0.002074 0.993294 -0.002115 -0.009981 -0.969102 -0.009981 -0.002115 0.000000 
5.000000e-01 5.000000e-01 4.999912e-03 5.000000e-01 5.000000e-01 1.515062e+00 -0.993294 0.002074 0.009841 0.969464 0.009841 0.002074 0.993294 -0.002115 -0.009981 -0.969102 -0.009981 -0.002115 0.000000 
5.000000e-01 5.000000e-01 4.999912e-03 5.000000e-01 5.000000e-01 1.515062e+00 -0.993294 0.002074 0.009841 0.969464 0.009841 0.002074 0.993294 -0.002115 -0.009981 -0.969102 -0.009981 -0.002115 0.000000 
5.000000e-01 5.000000e-01 4.999912e-03 5.000000e-01 5.000000e-01 1.515062e+00 -0.993294 0.002074 0.009841 0.969464 0.009841 0.002074 0.993294 -0.002115 -0.009981 -0.969102 -0.009981 -0.002115 0.000000 
5.000000e-01 5.000000e-01 4.999912e-03 5.000000e-01 5.000000e-01 1.515062e+00 -0.993294 0.002074 0.009841 0.969464 0.009841 0.002074 0.993294 -0.002115 -0.009981 -0.969102 -0.009981 -0.002115 0.000000 
5.000000e-01 5.000000e-01 4.999912e-03 5.000000e-01 5.000000e-01 1.515062e+00 -0.993294 0.002074 0.009841 0.969464 0.009841 0.002074 0.993294 -0.002115 -0.009981 -0.969102 -0.009981 -0.002115 0.000000 
5.000000e-01 5.000000e-01 4.999912e-03 5.000000e-01 5.000000e-01 1.515062e+00 -0.993294 0.002074 0.009841 0.969464 0.009841 0.002074 0.993294 -0.002115 -0.009981 -0.969102 -0.009981 -0.002115 0.000000 
5.000000e-01 5.000000e-01 4.999912e-03 5.000000e-01 5.000000e-01 1.515062e+00 -0.993294 0.002074 0.009841 0.969464 0.009841 0.002074 0.993294 -0.002115 -0.009981 -0.969102 -0.009981 -0.002115 0.000000 
5.000000e-01 5.000000e-01 4.999912e-03 5.000000e-01 5.000000e-01 1.515062e+00 -0.993294 0.002074 0.009841 0.969464 0.009841 0.002074 0.993294 -0.002115 -0.009981 -0.969102 -0.009981 -0.002115 0.000000 
5.000000e-01 5.000000e-01 4.999912e-03 5.000000e-01 5.000000e-01 1.515062e+00 -0.993294 0.002074 0.009841 0.969464 0.009841 0.002074 0.993294 -0.002115 -0.009981 -0.969102 -0.009981 -0.002115 0.000000 
5.000000e-01 5.000000e-01 4.999912e-03 5.000000e-01 5.000000e-01 1.515062e+00 -0.993294 0.002074 0.009841 0.969464 0.009841 0.002074 0.993294 -0.002115 -0.009981 -0.969102 -0.009981 -0.002115 0.000000 
5.000000e-01 5.000000e-01 4.999912e-03 5.000000e-01 5.000000e-01 1.515062e+00 -0.993294 0.002074 0.009841 0.969464 0.009841 0.002074 0.993294 -0.002115 -0.009981 -0.969102 -0.009981 -0.002115 0.000000 
5.000000e-01 5.000000e-01 4.999912e-03 5.000000e-01 5.000000e-01 1.515062e+00 -0.993294 0.002074 0.009841 0.969464 0.009841 0.002074 0.993294 -0.002115 -0.009981 -0.969102 -0.009981 -0.002115 0.000000 
5.000000e-01 5.000000e-01 4.999912e-03 5.000000e-01 5.000000e-01 1.515062e+00 -0.993294 0.002074 0.009841 0.969464 0.009841 0.002074 0.993294 -0.002115 -0.009981 -0.969102 -0.009981 -0.002115 0.000000 
5.000000e-01 5.000000e-01 4.999912e-03 5.000000e-01 5.000000e-01 1.515062e+00 -0.993294 0.002074 0.009841 0.969464 0.009841 0.002074 0.993294 -0.002115 -0.009981 -0.969102 -0.009981 -0.002115 0.000000 
5.000000e-01 5.000000e-01 4.999912e-03 5.000000e-01 5.000000e-01 1.515062e+00 -0.993294 0.002074 0.009841 0.969464 0.009841 0.002074 0.993294 -0.002115 -0.009981 -0.969102 -0.009981 -0.002115 0.000000 
5.000000e-01 5.000000e-01 4.999912e-03 5.000000e-01 5.000000e-01 1.515062e+00 -0.993294 0.002074 0.009841 0.969464 0.009841 0.002074 0.993294 -0.002115 -0.009981 -0.969102 -0.009981 -0.002115 0.000000 
5.000000e-01 5.000000e-01 4.999912e-03 5.000000e-01 5.000000e-01 1.515062e+00 -0.993294 0.002074 0.009841 0.969464 0.009841 0.002074 0.993294 -0.002115 -0.009981 -0.969102 -0.009981 -0.002115 0.000000 
5.000000e-01 5.000000e-01 4.999912e-03 5.000000e-01 5.000000e-01 1.515062e+00 -0.993294 0.002074 0.009841 0.969464 0.009841 0.002074 0.993294 -0.002115 -0.009981 -0.969102 -0.009981 -0.002115 0.000000 
5.000000e-01 5.000000e-01 4.999912e-03 5.000000e-01 5.000000e-01 1.515062e+00 -0.993294 0.002074 0.009841 0.969464 0.009841 0.002074 0.993294 -0.002115 -0.009981 -0.969102 -0.009981 -0.002115 0.000000 
5.000000e-01 5.000000e-01 4.999912e-03 5.000000e-01 5.000000e-01 1.515062e+00 -0.993294 0.002074 0.009841 0.969464 0.009841 0.002074 0.993294 -0.002115 -0.009981 -0.969102 -0.009981 -0.002115 0.000000 
5.000000e-01 5.000000e-01 4.999912e-03 5.000000e-01 5.000000e-01 1.515062e+00 -0.993294 0.002074 0.009841 0.969464 0.009841 0.002074 0.993294 -0.002115 -0.009981 -0.969102 -0.009981 -0.002115 0.000000 
5.000000e-01 5.000000e-01 4.999912e-03 5.000000e-01 5.000000e-01 1.515062e+00 -0.993294 0.002074 0.009841 0.969464 0.009841 0.002074 0.993294 -0.002115 -0.009981 -0.969102 -0.009981 -0.002115 0.000000 
5.000000e-01 5.000000e-01 4.999912e-03 5.000000e-01 5.000000e-01 1.515062e+00 -0.993294 0.002074 0.009841 0.969464 0.009841 0.002074 0.993294 -0.002115 -0.009981 -0.969102 -0.009981 -0.002115 0.000000 
5.000000e-01 5.000000e-01 4.999912e-03 5.000000e-01 5.000000e-01 1.515062e+00 -0.993294 0.002074 0.009841 0.969464 0.009841 0.002074 0.993294 -0.002115 -0.009981 -0.969102 -0.009981 -0.002115 0.000000 
5.000000e-01 5.000000e-01 4.999912e-03 5.000000e-01 5.000000e-01 1.515062e+00 -0.993294 0.002074 0.009841 0.969464 0.009841 0.002074 0.993294 -0.002115 -0.009981 -0.969102 -0.009981 -0.002115 0.000000 
5.000000e-01 5.000000e-01 4.999912e-03 5.000000e-01 5.000000e-01 1.515062e+00 -0.993294 0.002074 0.009841 0.969464 0.009841 0.002074 0.993294 -0.002115 -0.009981 -0.969102 -0.009981 -0.002115 0.000000 
5.000000e-01 5.000000e-01 4.999912e-03 5.000000e-01 5.000000e-01 1.515062e+00 -0.993294 0.002074 0.009841 0.969464 0.009841 0.002074 0.993294 -0.002115 -0.009981 -0.969102 -0.009981 -0.002115 0.000000 
5.000000e-01 5.000000e-01 4.999912e-03 5.000000e-01 5.000000e-01 1.515062e+00 -0.993294 0.002074 0.009841 0.969464 0.009841 0.002074 0.993294 -0.002115 -0.009981 -0.969102 -0.009981 -0.002115 0.000000 
5.000000e-01 5.000000e-01 4.999912e-03 5.000000e-01 5.000000e-01 1.515062e+00 -0.993294 0.002074 0.009841 0.969464 0.009841 0.002074 0.993294 -0.002115 -0.009981 -0.969102 -0.009981 -0.002115 0.000000 
5.000000e-01 5.000000e-01 4.999912e-03 5.000000e-01 5.000000e-01 1.515062e+00 -0.993294 0.002074 0.009841 0.969464 0.009841 0.002074 0.993294 -0.002115 -0.009981 -0.969102 -0.009981 -0.002115 0.000000 
5.000000e-01 5.000000e-01 4.999912e-03 5.000000e-01 5.000000e-01 1.515062e+00 -0.993294 0.002074 0.009841 0.969464 0.009841 0.002074 0.993294 -0.002115 -0.009981 -0.969102 -0.009981 -0.002115 0.000000 
5.000000e-01 5.000000e-01 4.999912e-03 5.000000e-01 5.000000e-01 1.515062e+00 -0.993294 0.002074 0.009841 0.969464 0.009841 0.002074 0.993294 -0.002115 -0.009981 -0.969102 -0.009981 -0.002115 0.000000 
5.000000e-01 5.000000e-01 4.999912e-03 5.000000e-01 5.000000e-01 1.515062e+00 -0.993294 0.002074 0.009841 0.969464 0.009841 0.002074 0.993294 -0.002115 -0.009981 -0.969102 -0.009981 -0.002115 0.000000 
5.000000e-01 5.000000e-01 4.999912e-03 5.000000e-01 5.000000e-01 1.515062e+00 -0.993294 0.002074 0.009841 0.969464 0.009841 0.002074 0.993294 -0.002115 -0.009981 -0.969102 -0.009981 -0.002115 0.000000 
5.000000e-01 5.000000e-01 4.999912e-03 5.000000e-01 5.000000e-01 1.515062e+00 -0.993294 0.002074 0.009841 0.969464 0.009841 0.002074 0.993294 -0.002115 -0.009981 -0.969102 -0.009981 -0.002115 0.000000 
5.000000e-01 5.000000e-01 4.999912e-03 5.000000e-01 5.000000e-01 1.515062e+00 -0.993294 0.002074 0.009841 0.969464 0.009841 0.002074 0.993294 -0.002115 -0.009981 -0.969102 -0.009981 -0.002115 0.000000 
5.000000e-01 5.000000e-01 4.999912e-03 5.000000e-01 5.000000e-01 1.515062e+00 -0.993294 0.002074 0.009841 0.969464 0.009841 0.002074 0.993294 -0.002115 -0.009981 -0.969102 -0.009981 -0.002115 0.000000 
5.000000e-01 5.000000e-01 4.999912e-03 5.000000e-01 5.000000e-01 1.515062e+00 -0.993294 0.002074 0.009841 0.969464 0.009841 0.002074 0.993294 -0.002115 -0.009981 -0.969102 -0.009981 -0.002115 0.000000 
5.000000e-01 5.000000e-01 4.999912e-03 5.000000e-01 5.000000e-01 1.515062e+00 -0.993294 0.002074 0.009841 0.969464 0.009841 0.002074 0.993294 -0.002115 -0.009981 -0.969102 -0.009981 -0.002115 0.000000 
5.000000e-01 5.000000e-01 4.999912e-03 5.000000e-01 5.000000e-01 1.515062e+00 -0.993294 0.002074 0.009841 0.969464 0.009841 0.002074 0.993294 -0.002115 -0.009981 -0.969102 -0.009981 -0.002115 0.000000 
5.000000e-01 5.000000e-01 4.999912e-03 5.000000e-01 5.000000e-01 1.515062e+00 -0.993294 0.002074 0.009841 0.969464 0.009841 0.002074 0.993294 -0.002115 -0.009981 -0.969102 -0.009981 -0.002115 0.000000 
5.000000e-01 5.000000e-01 4.999912e-03 5.000000e-01 5.000000e-01 1.515062e+00 -0.993294 0.002074 0.009841 0.969464 0.009841 0.002074 0.993294 -0.002115 -0.009981 -0.969102 -0.009981 -0.002115 0.000000 
5.000000e-01 5.000000e-01 4.999912e-03 5.000000e-01 5.000000e-01 1.515062e+00 -0.993294 0.002074 0.009841 0.969464 0.009841 0.002074 0.993294 -0.002115 -0.009981 -0.969102 -0.009981 -0.002115 0.000000 
5.000000e-01 5.000000e-01 4.999912e-03 5.000000e-01 5.000000e-01 1.515062e+00 -0.993294 0.002074 0.009841 0.969464 0.009841 0.002074 0.993294 -0.002115 -0.009981 -0.969102 -0.009981 -0.002115 0.000000 
5.000000e-01 5.000000e-01 4.999912e-03 5.000000e-01 5.000000e-01 1.515062e+00 -0.993294 0.002074 0.009841 0.969464 0.009841 0.002074 0.993294 -0.002115 -0.009981 -0.969102 -0.009981 -0.002115 0.000000 
5.000000e-01 5.000000e-01 4.999912e-03 5.000000e-01 5.000000e-01 1.515062e+00 -0.993294 0.002074 0.009841 0.969464 0.009841 0.002074 0.993294 -0.002115 -0.009981 -0.969102 -0.009981 -0.002115 0.000000 
5.000000e-01 5.000000e-01 4.999912e-03 5.000000e-01 5.000000e-01 1.515062e+00 -0.993294 0.002074 0.009841 0.969464 0.009841 0.002074 0.993294 -0.002115 -0.009981 -0.969102 -0.009981 -0.002115 0.000000 
5.000000e-01 5.000000e-01 4.999912e-03 5.000000e-01 5.000000e-01 1.515062e+00 -0.993294 0.002074 0.009841 0.969464 0.009841 0.002074 0.993294 -0.002115 -0.009981 -0.969102 -0.009981 -0.002115 0.000000 
5.000000e-01 5.000000e-01 4.999912e-03 5.000000e-01 5.000000e-01 1.515062e+00 -0.993294 0.002074 0.009841 0.969464 0.009841 0.002074 0.993294 -0.002115 -0.009981 -0.969102 -0.009981 -0.002115 0.000000 
5.000000e-01 5.000000e-01 4.999912e-03 5.000000e-01 5.000000e-01 1.515062e+00 -0.993294 0.002074 0.009841 0.969464 0.009841 0.002074 0.993294 -0.002115 -0.009981 -0.969102 -0.009981 -0.002115 0.000000 
5.000000e-01 5.000000e-01 4.999912e-03 5.000000e-01 5.000000e-01 1.515062e+00 -0.993294 0.002074 0.009841 0.969464 0.009841 0.002074 0.993294 -0.002115 -0.009981 -0.969102 -0.009981 -0.002115 0.000000 
5.000000e-01 5.000000e-01 4.999912e-03 5.000000e-01 5.000000e-01 1.515062e+00 -0.993294 0.002074 0.009841 0.969464 0.009841 0.002074 0.993294 -0.002115 -0.009981 -0.969102 -0.009981 -0.002115 0.000000 
5.000000e-01 5.000000e-01 4.999912e-03 5.000000e-01 5.000000e-01 1.515062e+00 -0.993294 0.002074 0.009841 0.969464 0.009841 0.002074 0.993294 -0.002115 -0.009981 -0.969102 -0.009981 -0.002115 0.000000 
5.000000e-01 5.000000e-01 4.999912e-03 5.000000e-01 5.000000e-01 1.515062e+00 -0.993294 0.002074 0.009841 0.969464 0.009841 0.002074 0.993294 -0.002115 -0.009981 -0.969102 -0.009981 -0.002115 0.000000 
5.000000e-01 5.000000e-01 4.999912e-03 5.000000e-01 5.000000e-01 1.515062e+00 -0.993294 0.002074 0.009841 0.969464 0.009841 0.002074 0.993294 -0.002115 -0.009981 -0.969102 -0.009981 -0.002115 0.000000 
5.000000e-01 5.000000e-01 4.999912e-03 5.000000e-01 5.000000e-01 1.515062e+00 -0.993294 0.002074 0.009841 0.969464 0.009841 0.002074 0.993294 -0.002115 -0.009981 -0.969102 -0.009981 -0.002115 0.000000 
5.000000e-01 5.000000e-01 4.999912e-03 5.000000e-01 5.000000e-01 1.515062e+00 -0.993294 0.002074 0.009841 0.969464 0.009841 0.002074 0.993294 -0.002115 -0.009981 -0.969102 -0.009981 -0.002115 0.000000 
5.000000e-01 5.000000e-01 4.999912e-03 5.000000e-01 5.000000e-01 1.515062e+00 -0.993294 0.002074 0.009841 0.969464 0.009841 0.002074 0.993294 -0.002115 -0.009981 -0.969102 -0.009981 -0.002115 0.000000 
5.000000e-01 5.000000e-01 4.999912e-03 5.000000e-01 5.000000e-01 1.515062e+00 -0.993294 0.002074 0.009841 0.969464 0.009841 0.002074 0.993294 -0.002115 -0.009981 -0.969102 -0.009981 -0.002115 0.000000 
5.000000e-01 5.000000e-01 4.999912e-03 5.000000e-01 5.000000e-01 1.515062e+00 -0.993294 0.002074 0.009841 0.969464 0.009841 0.002074 0.993294 -0.002115 -0.009981 -0.969102 -0.009981 -0.002115 0.000000 
5.000000e-01 5.000000e-01 4.999912e-03 5.000000e-01 5.000000e-01 1.515062e+00 -0.993294 0.002074 0.009841 0.969464 0.009841 0.002074 0.993294 -0.002115 -0.009981 -0.969102 -0.009981 -0.002115 0.000000 
5.000000e-01 5.000000e-01 4.999912e-03 5.000000e-01 5.000000e-01 1.515062e+00 -0.993294 0.002074 0.009841 0.969464 0.009841 0.002074 0.993294 -0.002115 -0.009981 -0.969102 -0.009981 -0.002115 0.000000 
5.000000e-01 5.000000e-01 4.999912e-03 5.000000e-01 5.000000e-01 1.515062e+00 -0.993294 0.002074 0.009841 0.969464 0.009841 0.002074 0.993294 -0.002115 -0.009981 -0.969102 -0.009981 -0.002115 0.000000 
5.000000e-01 5.000000e-01 4.999912e-03 5.000000e-01 5.000000e-01 1.515062e+00 -0.993294 0.002074 0.009841 0.969464 0.009841 0.002074 0.993294 -0.002115 -0.009981 -0.969102 -0.009981 -0.002115 0.000000 
5.000000e-01 5.000000e-01 4.999912e-03 5.000000e-01 5.000000e-01 1.515062e+00 -0.993294 0.002074 0.009841 0.969464 0.009841 0.002074 0.993294 -0.002115 -0.009981 -0.969102 -0.009981 -0.002115 0.000000 
5.000000e-01 5.000000e-01 4.999912e-03 5.000000e-01 5.000000e-01 1.515062e+00 -0.993294 0.002074 0.009841 0.969464 0.009841 0.002074 0.993294 -0.002115 -0.009981 -0.969102 -0.009981 -0.002115 0.000000 
5.000000e-01 5.000000e-01 4.999912e-03 5.000000e-01 5.000000e-01 1.515062e+00 -0.993294 0.002074 0.009841 0.969464 0.009841 0.002074 0.993294 -0.002115 -0.009981 -0.969102 -0.009981 -0.002115 0.000000 
5.000000e-01 5.000000e-01 4.999912e-03 5.000000e-01 5.000000e-01 1.515062e+00 -0.993294 0.002074 0.009841 0.969464 0.009841 0.002074 0.993294 -0.002115 -0.009981 -0.969102 -0.009981 -0.002115 0.000000 
5.000000e-01 5.000000e-01 4.999912e-03 5.000000e-01 5.000000e-01 1.515062e+00 -0.993294 0.002074 0.009841 0.969464 0.009841 0.002074 0.993294 -0.002115 -0.009981 -0.969102 -0.009981 -0.002115 0.000000 
5.000000e-01 5.000000e-01 4.999912e-03 5.000000e-01 5.000000e-01 1.515062e+00 -0.993294 0.002074 0.009841 0.969464 0.009841 0.002074 0.993294 -0.002115 -0.009981 -0.969102 -0.009981 -0.002115 0.000000 
5.000000e-01 5.000000e-01 4.999912e-03 5.000000e-01 5.000000e-01 1.515062e+00 -0.993294 0.002074 0.009841 0.969464 0.009841 0.002074 0.993294 -0.002115 -0.009981 -0.969102 -0.009981 -0.002115 0.000000 
5.000000e-01 5.000000e-01 4.999912e-03 5.000000e-01 5.000000e-01 1.515062e+00 -0.993294 0.002074 0.009841 0.969464 0.009841 0.002074 0.993294 -0.002115 -0.009981 -0.969102 -0.009981 -0.002115 0.000000 
5.000000e-01 5.000000e-01 4.999912e-03 5.000000e-01 5.000000e-01 1.515062e+00 -0.993294 0.002074 0.009841 0.969464 0.009841 0.002074 0.993294 -0.002115 -0.009981 -0.969102 -0.009981 -0.002115 0.000000 
5.000000e-01 5.000000e-01 4.999912e-03 5.000000e-01 5.000000e-01 1.515062e+00 -0.993294 0.002074 0.009841 0.969464 0.009841 0.002074 0.993294 -0.002115 -0.009981 -0.969102 -0.009981 -0.002115 0.000000 
5.000000e-01 5.000000e-01 4.999912e-03 5.000000e-01 5.000000e-01 1.515062e+00 -0.993294 0.002074 0.009841 0.969464 0.009841 0.002074 0.993294 -0.002115 -0.009981 -0.969102 -0.009981 -0.002115 0.000000 
5.000000e-01 5.000000e-01 4.999912e-03 5.000000e-01 5.000000e-01 1.515062e+00 -0.993294 0.002074 0.009841 0.969464 0.009841 0.002074 0.993294 -0.002115 -0.009981 -0.969102 -0.009981 -0.002115 0.000000 
5.000000e-01 5.000000e-01 4.999912e-03 5.000000e-01 5.000000e-01 1.515062e+00 -0.993294 0.002074 0.009841 0.969464 0.009841 0.002074 0.993294 -0.002115 -0.009981 -0.969102 -0.009981 -0.002115 0.000000 
5.000000e-01 5.000000e-01 4.999912e-03 5.000000e-01 5.000000e-01 1.515062e+00 -0.993294 0.002074 0.009841 0.969464 0.009841 0.002074 0.993294 -0.002115 -0.009981 -0.969102 -0.009981 -0.002115 0.000000 
5.000000e-01 5.000000e-01 4.999912e-03 5.000000e-01 5.000000e-01 1.515062e+00 -0.993294 0.002074 0.009841 0.969464 0.009841 0.002074 0.993294 -0.002115 -0.009981 -0.969102 -0.009981 -0.002115 0.000000 
5.000000e-01 5.000000e-01 4.999912e-03 5.000000e-01 5.000000e-01 1.515062e+00 -0.993294 0.002074 0.009841 0.969464 0.009841 0.002074 0.993294 -0.002115 -0.009981 -0.969102 -0.009981 -0.002115 0.000000 
5.000000e-01 5.000000e-01 4.999912e-03 5.000000e-01 5.000000e-01 1.515062e+00 -0.993294 0.002074 0.009841 0.969464 0.009841 0.002074 0.993294 -0.002115 -0.009981 -0.969102 -0.009981 -0.002115 0.000000 
5.000000e-01 5.000000e-01 4.999912e-03 5.000000e-01 5.000000e-01 1.515062e+00 -0.993294 0.002074 0.009841 0.969464 0.009841 0.002074 0.993294 -0.002115 -0.009981 -0.969102 -0.009981 -0.002115 0.000000 
5.000000e-01 5.000000e-01 4.999912e-03 5.000000e-01 5.000000e-01 1.515062e+00 -0.993294 0.002074 0.009841 0.969464 0.009841 0.002074 0.993294 -0.002115 -0.009981 -0.969102 -0.009981 -0.002115 0.000000 
5.000000e-01 5.000000e-01 4.999912e-03 5.000000e-01 5.000000e-01 1.515062e+00 -0.993294 0.002074 0.009841 0.969464 0.009841 0.002074 0.993294 -0.002115 -0.009981 -0.969102 -0.009981 -0.002115 0.000000 
5.000000e-01 5.000000e-01 4.999912e-03 5.000000e-01 5.000000e-01 1.515062e+00 -0.993294 0.002074 0.009841 0.969464 0.009841 0.002074 0.993294 -0.002115 -0.009981 -0.969102 -0.009981 -0.002115 0.000000 
5.000000e-01 5.000000e-01 4.999912e-03 5.000000e-01 5.000000e-01 1.515062e+00 -0.993294 0.002074 0.009841 0.969464 0.009841 0.002074 0.993294 -0.002115 -0.009981 -0.969102 -0.009981 -0.002115 0.000000 
5.000000e-01 5.000000e-01 4.999912e-03 5.000000e-01 5.000000e-01 1.515062e+00 -0.993294 0.002074 0.009841 0.969464 0.009841 0.002074 0.993294 -0.002115 -0.009981 -0.969102 -0.009981 -0.002115 0.000000 
5.000000e-01 5.000000e-01 4.999912e-03 5.000000e-01 5.000000e-01 1.515062e+00 -0.993294 0.002074 0.009841 0.969464 0.009841 0.002074 0.993294 -0.002115 -0.009981 -0.969102 -0.009981 -0.002115 0.000000 
5.000000e-01 5.000000e-01 4.999912e-03 5.000000e-01 5.000000e-01 1.515062e+00 -0.993294 0.002074 0.009841 0.969464 0.009841 0.002074 0.993294 -0.002115 -0.009981 -0.969102 -0.009981 -0.002115 0.000000 
5.000000e-01 5.000000e-01 4.999912e-03 5.000000e-01 5.000000e-01 1.515062e+00 -0.993294 0.002074 0.009841 0.969464 0.009841 0.002074 0.993294 -0.002115 -0.009981 -0.969102 -0.009981 -0.002115 0.000000 
5.000000e-01 5.000000e-01 4.999912e-03 5.000000e-01 5.000000e-01 1.515062e+00 -0.993294 0.002074 0.009841 0.969464 0.009841 0.002074 0.993294 -0.002115 -0.009981 -0.969102 -0.009981 -0.002115 0.000000 
5.000000e-01 5.000000e-01 4.999912e-03 5.000000e-01 5.000000e-01 1.515062e+00 -0.993294 0.002074 0.009841 0.969464 0.009841 0.002074 0.993294 -0.002115 -0.009981 -0.969102 -0.009981 -0.002115 0.000000 
5.000000e-01 5.000000e-01 4.999912e-03 5.000000e-01 5.000000e-01 1.515062e+00 -0.993294 0.002074 0.009841 0.969464 0.009841 0.002074 0.993294 -0.002115 -0.009981 -0.969102 -0.009981 -0.002115 0.000000 
5.000000e-01 5.000000e-01 4.999912e-03 5.000000e-01 5.000000e-01 1.515062e+00 -0.993294 0.002074 0.009841 0.969464 0.009841 0.002074 0.993294 -0.002115 -0.009981 -0.969102 -0.009981 -0.002115 0.000000 
5.000000e-01 5.000000e-01 4.999912e-03 5.000000e-01 5.000000e-01 1.515062e+00 -0.993294 0.002074 0.009841 0.969464 0.009841 0.002074 0.993294 -0.002115 -0.009981 -0.969102 -0.009981 -0.002115 0.000000 
5.000000e-01 5.000000e-01 4.999912e-03 5.000000e-01 5.000000e-01 1.515062e+00 -0.993294 0.002074 0.009841 0.969464 0.009841 0.002074 0.993294 -0.002115 -0.009981 -0.969102 -0.009981 -0.002115 0.000000 
5.000000e-01 5.000000e-01 4.999912e-03 5.000000e-01 5.000000e-01 1.515062e+00 -0.993294 0.002074 0.009841 0.969464 0.009841 0.002074 0.993294 -0.002115 -0.009981 -0.969102 -0.009981 -0.002115 0.000000 
5.000000e-01 5.000000e-01 4.999912e-03 5.000000e-01 5.000000e-01 1.515062e+00 -0.993294 0.002074 0.009841 0.969464 0.009841 0.002074 0.993294 -0.002115 -0.009981 -0.969102 -0.009981 -0.002115 0.000000 
5.000000e-01 5.000000e-01 4.999912e-03 5.000000e-01 5.000000e-01 1.515062e+00 -0.993294 0.002074 0.009841 0.969464 0.009841 0.002074 0.993294 -0.002115 -0.009981 -0.969102 -0.009981 -0.002115 0.000000 
5.000000e-01 5.000000e-01 4.999912e-03 5.000000e-01 5.000000e-01 1.515062e+00 -0.993294 0.002074 0.009841 0.969464 0.009841 0.002074 0.993294 -0.002115 -0.009981 -0.969102 -0.009981 -0.002115 0.000000 
5.000000e-01 5.000000e-01 4.999912e-03 5.000000e-01 5.000000e-01 1.515062e+00 -0.993294 0.002074 0.009841 0.969464 0.009841 0.002074 0.993294 -0.002115 -0.009981 -0.969102 -0.009981 -0.002115 0.000000 
5.000000e-01 5.000000e-01 4.999912e-03 5.000000e-01 5.000000e-01 1.515062e+00 -0.993294 0.002074 0.009841 0.969464 0.009841 0.002074 0.993294 -0.002115 -0.009981 -0.969102 -0.009981 -0.002115 0.000000 
5.000000e-01 5.000000e-01 4.999912e-03 5.000000e-01 5.000000e-01 1.515062e+00 -0.993294 0.002074 0.009841 0.969464 0.009841 0.002074 0.993294 -0.002115 -0.009981 -0.969102 -0.009981 -0.002115 0.000000 
5.000000e-01 5.000000e-01 4.999912e-03 5.000000e-01 5.000000e-01 1.515062e+00 -0.993294 0.002074 0.009841 0.969464 0.009841 0.002074 0.993294 -0.002115 -0.009981 -0.969102 -0.009981 -0.002115 0.000000 
5.000000e-01 5.000000e-01 4.999912e-03 5.000000e-01 5.000000e-01 1.515062e+00 -0.993294 0.002074 0.009841 0.969464 0.009841 0.002074 0.993294 -0.002115 -0.009981 -0.969102 -0.009981 -0.002115 0.000000 
5.000000e-01 5.000000e-01 4.999912e-03 5.000000e-01 5.000000e-01 1.515062e+00 -0.993294 0.002074 0.009841 0.969464 0.009841 0.002074 0.993294 -0.002115 -0.009981 -0.969102 -0.009981 -0.002115 0.000000 
5.000000e-01 5.000000e-01 4.999912e-03 5.000000e-01 5.000000e-01 1.515062e+00 -0.993294 0.002074 0.009841 0.969464 0.009841 0.002074 0.993294 -0.002115 -0.009981 -0.969102 -0.009981 -0.002115 0.000000 
5.000000e-01 5.000000e-01 4.999912e-03 5.000000e-01 5.000000e-01 1.515062e+00 -0.993294 0.002074 0.009841 0.969464 0.009841 0.002074 0.993294 -0.002115 -0.009981 -0.969102 -0.009981 -0.002115 0.000000 
5.000000e-01 5.000000e-01 4.999912e-03 5.000000e-01 5.000000e-01 1.515062e+00 -0.993294 0.002074 0.009841 0.969464 0.009841 0.002074 0.993294 -0.002115 -0.009981 -0.969102 -0.009981 -0.002115 0.000000 
5.000000e-01 5.000000e-01 4.999912e-03 5.000000e-01 5.000000e-01 1.515062e+00 -0.993294 0.002074 0.009841 0.969464 0.009841 0.002074 0.993294 -0.002115 -0.009981 -0.969102 -0.009981 -0.002115 0.000000 
5.000000e-01 5.000000e-01 4.999912e-03 5.000000e-01 5.000000e-01 1.515062e+00 -0.993294 0.002074 0.009841 0.969464 0.009841 0.002074 0.993294 -0.002115 -0.009981 -0.969102 -0.009981 -0.002115 0.000000 
5.000000e-01 5.000000e-01 4.999912e-03 5.000000e-01 5.000000e-01 1.515062e+00 -0.993294 0.002074 0.009841 0.969464 0.009841 0.002074 0.993294 -0.002115 -0.009981 -0.969102 -0.009981 -0.002115 0.000000 
5.000000e-01 5.000000e-01 4.999912e-03 5.000000e-01 5.000000e-01 1.515062e+00 -0.993294 0.002074 0.009841 0.969464 0.009841 0.002074 0.993294 -0.002115 -0.009981 -0.969102 -0.009981 -0.002115 0.000000 
5.000000e-01 5.000000e-01 4.999912e-03 5.000000e-01 5.000000e-01 1.515062e+00 -0.993294 0.002074 0.009841 0.969464 0.009841 0.002074 0.993294 -0.002115 -0.009981 -0.969102 -0.009981 -0.002115 0.000000 
5.000000e-01 5.000000e-01 4.999912e-03 5.000000e-01 5.000000e-01 1.515062e+00 -0.993294 0.002074 0.009841 0.969464 0.009841 0.002074 0.993294 -0.002115 -0.009981 -0.969102 -0.009981 -0.002115 0.000000 
5.000000e-01 5.000000e-01 4.999912e-03 5.000000e-01 5.000000e-01 1.515062e+00 -0.993294 0.002074 0.009841 0.969464 0.009841 0.002074 0.993294 -0.002115 -0.009981 -0.969102 -0.009981 -0.002115 0.000000 
5.000000e-01 5.000000e-01 4.999912e-03 5.000000e-01 5.000000e-01 1.515062e+00 -0.993294 0.002074 0.009841 0.969464 0.009841 0.002074 0.993294 -0.002115 -0.009981 -0.969102 -0.009981 -0.002115 0.000000 
5.000000e-01 5.000000e-01 4.999912e-03 5.000000e-01 5.000000e-01 1.515062e+00 -0.993294 0.002074 0.009841 0.969464 0.009841 0.002074 0.993294 -0.002115 -0.009981 -0.969102 -0.009981 -0.002115 0.000000 
5.000000e-01 5.000000e-01 4.999912e-03 5.000000e-01 5.000000e-01 1.515062e+00 -0.993294 0.002074 0.009841 0.969464 0.009841 0.002074 0.993294 -0.002115 -0.009981 -0.969102 -0.009981 -0.002115 0.000000 
5.000000e-01 5.000000e-01 4.999912e-03 5.000000e-01 5.000000e-01 1.515062e+00 -0.993294 0.002074 0.009841 0.969464 0.009841 0.002074 0.993294 -0.002115 -0.009981 -0.969102 -0.009981 -0.002115 0.000000 
5.000000e-01 5.000000e-01 4.999912e-03 5.000000e-01 5.000000e-01 1.515062e+00 -0.993294 0.002074 0.009841 0.969464 0.009841 0.002074 0.993294 -0.002115 -0.009981 -0.969102 -0.009981 -0.002115 0.000000 
5.000000e-01 5.000000e-01 4.999912e-03 5.000000e-01 5.000000e-01 1.515062e+00 -0.993294 0.002074 0.009841 0.969464 0.009841 0.002074 0.993294 -0.002115 -0.009981 -0.969102 -0.009981 -0.002115 0.000000 
5.000000e-01 5.000000e-01 4.999912e-03 5.000000e-01 5.000000e-01 1.515062e+00 -0.993294 0.002074 0.009841 0.969464 0.009841 0.002074 0.993294 -0.002115 -0.009981 -0.969102 -0.009981 -0.002115 0.000000 
5.000000e-01 5.000000e-01 4.999912e-03 5.000000e-01 5.000000e-01 1.515062e+00 -0.993294 0.002074 0.009841 0.969464 0.009841 0.002074 0.993294 -0.002115 -0.009981 -0.969102 -0.009981 -0.002115 0.000000 
5.000000e-01 5.000000e-01 4.999912e-03 5.000000e-01 5.000000e-01 1.515062e+00 -0.993294 0.002074 0.009841 0.969464 0.009841 0.002074 0.993294 -0.002115 -0.009981 -0.969102 -0.009981 -0.002115 0.000000 
5.000000e-01 5.000000e-01 4.999912e-03 5.000000e-01 5.000000e-01 1.515062e+00 -0.993294 0.002074 0.009841 0.969464 0.009841 0.002074 0.993294 -0.002115 -0.009981 -0.969102 -0.009981 -0.002115 0.000000 
5.000000e-01 5.000000e-01 4.999912e-03 5.000000e-01 5.000000e-01 1.515062e+00 -0.993294 0.002074 0.009841 0.969464 0.009841 0.002074 0.993294 -0.002115 -0.009981 -0.969102 -0.009981 -0.002115 0.000000 
