# TeX TeY TeZ ThX ThY THZ P1 P2
5.000000e-01 5.000000e-01 1.210000e+00 5.000000e-01 5.000000e-01 1.210000e+00 0.000000 0.000000 0.000000 0.000000 0.000000 0.000000 0.000000 0.000000 0.000000 0.000000 0.000000 0.000000 0.000000 
5.000000e-01 5.000000e-01 1.200881e+00 5.000000e-01 5.000000e-01 1.217302e+00 -0.010776 -0.001720 0.002416 0.009384 0.002416 -0.001720 0.010776 -0.001950 -0.002287 -0.002303 -0.002287 -0.001950 0.000000 
5.000000e-01 5.000000e-01 1.191698e+00 5.000000e-01 5.000000e-01 1.224578e+00 -0.021577 -0.003404 0.004842 0.018701 0.004842 -0.003404 0.021577 -0.003904 -0.004579 -0.004612 -0.004579 -0.003904 0.000000 
5.000000e-01 5.000000e-01 1.182451e+00 5.000000e-01 5.000000e-01 1.231828e+00 -0.032403 -0.005054 0.007271 0.027968 0.007271 -0.005054 0.032403 -0.005862 -0.006876 -0.006926 -0.006876 -0.005862 0.000000 
5.000000e-01 5.000000e-01 1.173140e+00 5.000000e-01 5.000000e-01 1.239050e+00 -0.043252 -0.006685 0.009690 0.037242 0.009690 -0.006685 0.043252 -0.007824 -0.009179 -0.009246 -0.009179 -0.007824 0.000000 
5.000000e-01 5.000000e-01 1.163767e+00 5.000000e-01 5.000000e-01 1.246245e+00 -0.054125 -0.008314 0.012079 0.046593 0.012079 -0.008314 0.054125 -0.009790 -0.011487 -0.011571 -0.011487 -0.009790 0.000000 
5.000000e-01 5.000000e-01 1.154331e+00 5.000000e-01 5.000000e-01 1.253413e+00 -0.065021 -0.009916 0.014446 0.055963 0.014446 -0.009916 0.065021 -0.011760 -0.013799 -0.013902 -0.013799 -0.011760 0.000000 
5.000000e-01 5.000000e-01 1.144834e+00 5.000000e-01 5.000000e-01 1.260553e+00 -0.075939 -0.011496 0.016783 0.065364 0.016783 -0.011496 0.075939 -0.013733 -0.016117 -0.016238 -0.016117 -0.013733 0.000000 
5.000000e-01 5.000000e-01 1.135276e+00 5.000000e-01 5.000000e-01 1.267664e+00 -0.086879 -0.013089 0.019055 0.074946 0.019055 -0.013089 0.086879 -0.015710 -0.018439 -0.018580 -0.018439 -0.015710 0.000000 
5.000000e-01 5.000000e-01 1.125656e+00 5.000000e-01 5.000000e-01 1.274747e+00 -0.097839 -0.014673 0.021269 0.084647 0.021269 -0.014673 0.097839 -0.017690 -0.020766 -0.020927 -0.020766 -0.017690 0.000000 
5.000000e-01 5.000000e-01 1.115977e+00 5.000000e-01 5.000000e-01 1.281800e+00 -0.108821 -0.016242 0.023429 0.094447 0.023429 -0.016242 0.108821 -0.019673 -0.023098 -0.023279 -0.023098 -0.019673 0.000000 
5.000000e-01 5.000000e-01 1.106238e+00 5.000000e-01 5.000000e-01 1.288825e+00 -0.119822 -0.017816 0.025506 0.104443 0.025506 -0.017816 0.119822 -0.021658 -0.025434 -0.025637 -0.025434 -0.021658 0.000000 
5.000000e-01 5.000000e-01 1.096440e+00 5.000000e-01 5.000000e-01 1.295819e+00 -0.130843 -0.019409 0.027471 0.114719 0.027471 -0.019409 0.130843 -0.023647 -0.027775 -0.028000 -0.027775 -0.023647 0.000000 
5.000000e-01 5.000000e-01 1.086583e+00 5.000000e-01 5.000000e-01 1.302784e+00 -0.141882 -0.020994 0.029351 0.125168 0.029351 -0.020994 0.141882 -0.025637 -0.030120 -0.030368 -0.030120 -0.025637 0.000000 
5.000000e-01 5.000000e-01 1.076668e+00 5.000000e-01 5.000000e-01 1.309718e+00 -0.152940 -0.022576 0.031136 0.135820 0.031136 -0.022576 0.152940 -0.027630 -0.032469 -0.032742 -0.032469 -0.027630 0.000000 
5.000000e-01 5.000000e-01 1.066695e+00 5.000000e-01 5.000000e-01 1.316621e+00 -0.164016 -0.024202 0.032740 0.146941 0.032740 -0.024202 0.164016 -0.029625 -0.034822 -0.035122 -0.034822 -0.029625 0.000000 
5.000000e-01 5.000000e-01 1.056665e+00 5.000000e-01 5.000000e-01 1.323493e+00 -0.175109 -0.025825 0.034224 0.158312 0.034224 -0.025825 0.175109 -0.031622 -0.037179 -0.037506 -0.037179 -0.031622 0.000000 
5.000000e-01 5.000000e-01 1.046579e+00 5.000000e-01 5.000000e-01 1.330333e+00 -0.186219 -0.027446 0.035587 0.169936 0.035587 -0.027446 0.186219 -0.033621 -0.039541 -0.039897 -0.039541 -0.033621 0.000000 
5.000000e-01 5.000000e-01 1.036436e+00 5.000000e-01 5.000000e-01 1.337142e+00 -0.197345 -0.029117 0.036705 0.182168 0.036705 -0.029117 0.197345 -0.035620 -0.041906 -0.042292 -0.041906 -0.035620 0.000000 
5.000000e-01 5.000000e-01 1.026238e+00 5.000000e-01 5.000000e-01 1.343917e+00 -0.208486 -0.030795 0.037651 0.194774 0.037651 -0.030795 0.208486 -0.037621 -0.044275 -0.044694 -0.044275 -0.037621 0.000000 
5.000000e-01 5.000000e-01 1.015985e+00 5.000000e-01 5.000000e-01 1.350660e+00 -0.219643 -0.032474 0.038439 0.207712 0.038439 -0.032474 0.219643 -0.039623 -0.046648 -0.047101 -0.046648 -0.039623 0.000000 
5.000000e-01 5.000000e-01 1.005676e+00 5.000000e-01 5.000000e-01 1.357370e+00 -0.230815 -0.034202 0.038916 0.221387 0.038916 -0.034202 0.230815 -0.041626 -0.049024 -0.049514 -0.049024 -0.041626 0.000000 
5.000000e-01 5.000000e-01 9.953141e-01 5.000000e-01 5.000000e-01 1.364046e+00 -0.242000 -0.035945 0.039154 0.235583 0.039154 -0.035945 0.242000 -0.043629 -0.051405 -0.051933 -0.051405 -0.043629 0.000000 
5.000000e-01 5.000000e-01 9.848980e-01 5.000000e-01 5.000000e-01 1.370688e+00 -0.253200 -0.037690 0.039192 0.250197 0.039192 -0.037690 0.253200 -0.045632 -0.053789 -0.054358 -0.053789 -0.045632 0.000000 
5.000000e-01 5.000000e-01 9.744286e-01 5.000000e-01 5.000000e-01 1.377296e+00 -0.264413 -0.039486 0.038822 0.265741 0.038822 -0.039486 0.264413 -0.047635 -0.056176 -0.056790 -0.056176 -0.047635 0.000000 
5.000000e-01 5.000000e-01 9.639065e-01 5.000000e-01 5.000000e-01 1.383869e+00 -0.275639 -0.041296 0.038150 0.281932 0.038150 -0.041296 0.275639 -0.049638 -0.058568 -0.059228 -0.058568 -0.049638 0.000000 
5.000000e-01 5.000000e-01 9.533321e-01 5.000000e-01 5.000000e-01 1.390407e+00 -0.286878 -0.043108 0.037234 0.298626 0.037234 -0.043108 0.286878 -0.051640 -0.060963 -0.061672 -0.060963 -0.051640 0.000000 
5.000000e-01 5.000000e-01 9.427058e-01 5.000000e-01 5.000000e-01 1.396909e+00 -0.298130 -0.044974 0.035766 0.316547 0.035766 -0.044974 0.298130 -0.053641 -0.063361 -0.064124 -0.063361 -0.053641 0.000000 
5.000000e-01 5.000000e-01 9.320281e-01 5.000000e-01 5.000000e-01 1.403376e+00 -0.309394 -0.046848 0.033957 0.335176 0.033957 -0.046848 0.309394 -0.055641 -0.065764 -0.066583 -0.065764 -0.055641 0.000000 
5.000000e-01 5.000000e-01 9.212995e-01 5.000000e-01 5.000000e-01 1.409807e+00 -0.320669 -0.048724 0.031841 0.354435 0.031841 -0.048724 0.320669 -0.057640 -0.068170 -0.069050 -0.068170 -0.057640 0.000000 
5.000000e-01 5.000000e-01 9.105203e-01 5.000000e-01 5.000000e-01 1.416201e+00 -0.331958 -0.050654 0.029002 0.375262 0.029002 -0.050654 0.331958 -0.059637 -0.070580 -0.071525 -0.070580 -0.059637 0.000000 
5.000000e-01 5.000000e-01 8.996912e-01 5.000000e-01 5.000000e-01 1.422558e+00 -0.343258 -0.052579 0.025821 0.396774 0.025821 -0.052579 0.343258 -0.061631 -0.072993 -0.074009 -0.072993 -0.061631 0.000000 
5.000000e-01 5.000000e-01 8.888124e-01 5.000000e-01 5.000000e-01 1.428878e+00 -0.354570 -0.054517 0.022160 0.419284 0.022160 -0.054517 0.354570 -0.063623 -0.075411 -0.076502 -0.075411 -0.063623 0.000000 
5.000000e-01 5.000000e-01 8.778845e-01 5.000000e-01 5.000000e-01 1.435162e+00 -0.365895 -0.056488 0.017761 0.443348 0.017761 -0.056488 0.365895 -0.065611 -0.077834 -0.079005 -0.077834 -0.065611 0.000000 
5.000000e-01 5.000000e-01 8.669078e-01 5.000000e-01 5.000000e-01 1.441407e+00 -0.377231 -0.058451 0.013004 0.468124 0.013004 -0.058451 0.377231 -0.067597 -0.080260 -0.081518 -0.080260 -0.067597 0.000000 
5.000000e-01 5.000000e-01 8.558829e-01 5.000000e-01 5.000000e-01 1.447616e+00 -0.388581 -0.060439 0.007506 0.494446 0.007506 -0.060439 0.388581 -0.069579 -0.082691 -0.084042 -0.082691 -0.069579 0.000000 
5.000000e-01 5.000000e-01 8.448101e-01 5.000000e-01 5.000000e-01 1.453786e+00 -0.399943 -0.062434 0.001399 0.522013 0.001399 -0.062434 0.399943 -0.071556 -0.085127 -0.086578 -0.085127 -0.071556 0.000000 
5.000000e-01 5.000000e-01 8.336898e-01 5.000000e-01 5.000000e-01 1.459919e+00 -0.411316 -0.064418 -0.005069 0.550290 -0.005069 -0.064418 0.411316 -0.073529 -0.087566 -0.089125 -0.087566 -0.073529 0.000000 
5.000000e-01 5.000000e-01 8.225226e-01 5.000000e-01 5.000000e-01 1.466013e+00 -0.422705 -0.066434 -0.012556 0.580687 -0.012556 -0.066434 0.422706 -0.075497 -0.090012 -0.091687 -0.090012 -0.075497 0.000000 
5.000000e-01 5.000000e-01 8.113087e-01 5.000000e-01 5.000000e-01 1.472069e+00 -0.434105 -0.068432 -0.020364 0.611698 -0.020364 -0.068432 0.434105 -0.077459 -0.092463 -0.094262 -0.092463 -0.077459 0.000000 
5.000000e-01 5.000000e-01 8.000487e-01 5.000000e-01 5.000000e-01 1.478087e+00 -0.445517 -0.070433 -0.028807 0.643999 -0.028807 -0.070433 0.445517 -0.079414 -0.094919 -0.096851 -0.094919 -0.079414 0.000000 
5.000000e-01 5.000000e-01 7.887428e-01 5.000000e-01 5.000000e-01 1.484065e+00 -0.456942 -0.072430 -0.037852 0.677508 -0.037852 -0.072430 0.456942 -0.081362 -0.097380 -0.099458 -0.097380 -0.081362 0.000000 
5.000000e-01 5.000000e-01 7.773916e-01 5.000000e-01 5.000000e-01 1.490003e+00 -0.468375 -0.074406 -0.047136 0.711459 -0.047136 -0.074406 0.468375 -0.083300 -0.099847 -0.102082 -0.099847 -0.083300 0.000000 
5.000000e-01 5.000000e-01 7.659954e-01 5.000000e-01 5.000000e-01 1.495901e+00 -0.479821 -0.076385 -0.057171 0.746933 -0.057171 -0.076385 0.479821 -0.085230 -0.102319 -0.104723 -0.102319 -0.085230 0.000000 
5.000000e-01 5.000000e-01 7.545547e-01 5.000000e-01 5.000000e-01 1.501758e+00 -0.491272 -0.078335 -0.067301 0.782545 -0.067301 -0.078335 0.491272 -0.087148 -0.104796 -0.107383 -0.104796 -0.087148 0.000000 
5.000000e-01 5.000000e-01 7.430697e-01 5.000000e-01 5.000000e-01 1.507572e+00 -0.502729 -0.080266 -0.077764 0.818790 -0.077764 -0.080266 0.502730 -0.089055 -0.107279 -0.110062 -0.107279 -0.089055 0.000000 
5.000000e-01 5.000000e-01 7.315410e-01 5.000000e-01 5.000000e-01 1.513352e+00 -0.514196 -0.082173 -0.088337 0.855216 -0.088337 -0.082173 0.514196 -0.090949 -0.109767 -0.112763 -0.109767 -0.090949 0.000000 
5.000000e-01 5.000000e-01 7.199688e-01 5.000000e-01 5.000000e-01 1.515110e+00 -0.522979 -0.081883 -0.090443 0.867630 -0.090443 -0.081883 0.522979 -0.092340 -0.111691 -0.114916 -0.111691 -0.092340 0.000000 
5.000000e-01 5.000000e-01 7.083536e-01 5.000000e-01 5.000000e-01 1.515110e+00 -0.530603 -0.080620 -0.088789 0.869421 -0.088789 -0.080620 0.530603 -0.093503 -0.113375 -0.116848 -0.113375 -0.093503 0.000000 
5.000000e-01 5.000000e-01 6.966958e-01 5.000000e-01 5.000000e-01 1.515110e+00 -0.538256 -0.079343 -0.087131 0.871205 -0.087131 -0.079343 0.538256 -0.094652 -0.115070 -0.118812 -0.115070 -0.094652 0.000000 
5.000000e-01 5.000000e-01 6.849956e-01 5.000000e-01 5.000000e-01 1.515110e+00 -0.545937 -0.078054 -0.085470 0.872985 -0.085470 -0.078054 0.545937 -0.095787 -0.116776 -0.120810 -0.116776 -0.095787 0.000000 
5.000000e-01 5.000000e-01 6.732536e-01 5.000000e-01 5.000000e-01 1.515110e+00 -0.553645 -0.076752 -0.083805 0.874760 -0.083805 -0.076752 0.553645 -0.096907 -0.118494 -0.122843 -0.118494 -0.096907 0.000000 
5.000000e-01 5.000000e-01 6.614700e-01 5.000000e-01 5.000000e-01 1.515110e+00 -0.561380 -0.075439 -0.082137 0.876531 -0.082137 -0.075439 0.561380 -0.098009 -0.120223 -0.124915 -0.120223 -0.098009 0.000000 
5.000000e-01 5.000000e-01 6.496452e-01 5.000000e-01 5.000000e-01 1.515110e+00 -0.569142 -0.074114 -0.080464 0.878299 -0.080464 -0.074114 0.569142 -0.099091 -0.121966 -0.127028 -0.121966 -0.099091 0.000000 
5.000000e-01 5.000000e-01 6.377796e-01 5.000000e-01 5.000000e-01 1.515110e+00 -0.576931 -0.072777 -0.078789 0.880063 -0.078789 -0.072777 0.576931 -0.100150 -0.123721 -0.129189 -0.123721 -0.100150 0.000000 
5.000000e-01 5.000000e-01 6.258735e-01 5.000000e-01 5.000000e-01 1.515110e+00 -0.584747 -0.071430 -0.077109 0.881825 -0.077109 -0.071430 0.584747 -0.101184 -0.125490 -0.131398 -0.125490 -0.101184 0.000000 
5.000000e-01 5.000000e-01 6.139273e-01 5.000000e-01 5.000000e-01 1.515110e+00 -0.592589 -0.070073 -0.075425 0.883586 -0.075425 -0.070073 0.592589 -0.102193 -0.127272 -0.133659 -0.127272 -0.102193 0.000000 
5.000000e-01 5.000000e-01 6.019413e-01 5.000000e-01 5.000000e-01 1.515110e+00 -0.600457 -0.068706 -0.073738 0.885345 -0.073738 -0.068706 0.600457 -0.103173 -0.129068 -0.135974 -0.129068 -0.103173 0.000000 
5.000000e-01 5.000000e-01 5.899159e-01 5.000000e-01 5.000000e-01 1.515110e+00 -0.608350 -0.067330 -0.072046 0.887103 -0.072046 -0.067330 0.608350 -0.104122 -0.130879 -0.138349 -0.130879 -0.104122 0.000000 
5.000000e-01 5.000000e-01 5.778514e-01 5.000000e-01 5.000000e-01 1.515110e+00 -0.616270 -0.065944 -0.070351 0.888860 -0.070351 -0.065944 0.616270 -0.105032 -0.132705 -0.140796 -0.132705 -0.105032 0.000000 
5.000000e-01 5.000000e-01 5.657481e-01 5.000000e-01 5.000000e-01 1.515110e+00 -0.624215 -0.064550 -0.068651 0.890617 -0.068651 -0.064550 0.624215 -0.105904 -0.134547 -0.143313 -0.134547 -0.105904 0.000000 
5.000000e-01 5.000000e-01 5.536064e-01 5.000000e-01 5.000000e-01 1.515110e+00 -0.632185 -0.063148 -0.066947 0.892375 -0.066947 -0.063148 0.632185 -0.106735 -0.136404 -0.145907 -0.136404 -0.106735 0.000000 
5.000000e-01 5.000000e-01 5.414266e-01 5.000000e-01 5.000000e-01 1.515110e+00 -0.640179 -0.061737 -0.065239 0.894133 -0.065239 -0.061737 0.640180 -0.107522 -0.138277 -0.148581 -0.138277 -0.107522 0.000000 
5.000000e-01 5.000000e-01 5.292091e-01 5.000000e-01 5.000000e-01 1.515110e+00 -0.648199 -0.060319 -0.063527 0.895891 -0.063527 -0.060319 0.648199 -0.108257 -0.140167 -0.151350 -0.140167 -0.108257 0.000000 
5.000000e-01 5.000000e-01 5.169541e-01 5.000000e-01 5.000000e-01 1.515110e+00 -0.656243 -0.058893 -0.061810 0.897650 -0.061810 -0.058893 0.656243 -0.108935 -0.142075 -0.154224 -0.142075 -0.108935 0.000000 
5.000000e-01 5.000000e-01 5.046619e-01 5.000000e-01 5.000000e-01 1.515110e+00 -0.664312 -0.057460 -0.060090 0.899411 -0.060090 -0.057460 0.664312 -0.109554 -0.143999 -0.157204 -0.143999 -0.109554 0.000000 
5.000000e-01 5.000000e-01 4.923330e-01 5.000000e-01 5.000000e-01 1.515110e+00 -0.672404 -0.056019 -0.058365 0.901173 -0.058365 -0.056019 0.672404 -0.110111 -0.145941 -0.160300 -0.145941 -0.110111 0.000000 
5.000000e-01 5.000000e-01 4.799676e-01 5.000000e-01 5.000000e-01 1.515110e+00 -0.680521 -0.054572 -0.056636 0.902937 -0.056636 -0.054572 0.680521 -0.110601 -0.147898 -0.163522 -0.147898 -0.110601 0.000000 
5.000000e-01 5.000000e-01 4.675659e-01 5.000000e-01 5.000000e-01 1.515110e+00 -0.688661 -0.053118 -0.054902 0.904702 -0.054902 -0.053118 0.688661 -0.111005 -0.149875 -0.166902 -0.149875 -0.111005 0.000000 
5.000000e-01 5.000000e-01 4.551284e-01 5.000000e-01 5.000000e-01 1.515110e+00 -0.696824 -0.051658 -0.053164 0.906470 -0.053164 -0.051658 0.696825 -0.111329 -0.151867 -0.170434 -0.151867 -0.111329 0.000000 
5.000000e-01 5.000000e-01 4.426553e-01 5.000000e-01 5.000000e-01 1.515110e+00 -0.705011 -0.050192 -0.051422 0.908239 -0.051422 -0.050192 0.705011 -0.111566 -0.153874 -0.174132 -0.153874 -0.111566 0.000000 
5.000000e-01 5.000000e-01 4.301469e-01 5.000000e-01 5.000000e-01 1.515110e+00 -0.713221 -0.048719 -0.049676 0.910012 -0.049676 -0.048719 0.713221 -0.111710 -0.155895 -0.178011 -0.155895 -0.111710 0.000000 
5.000000e-01 5.000000e-01 4.176036e-01 5.000000e-01 5.000000e-01 1.515110e+00 -0.721454 -0.047240 -0.047925 0.911786 -0.047925 -0.047240 0.721454 -0.111738 -0.157929 -0.182121 -0.157929 -0.111738 0.000000 
5.000000e-01 5.000000e-01 4.050255e-01 5.000000e-01 5.000000e-01 1.515110e+00 -0.729709 -0.045756 -0.046171 0.913563 -0.046171 -0.045756 0.729709 -0.111655 -0.159972 -0.186456 -0.159972 -0.111655 0.000000 
5.000000e-01 5.000000e-01 3.924130e-01 5.000000e-01 5.000000e-01 1.515110e+00 -0.737987 -0.044266 -0.044411 0.915343 -0.044411 -0.044266 0.737987 -0.111454 -0.162022 -0.191035 -0.162022 -0.111454 0.000000 
5.000000e-01 5.000000e-01 3.797664e-01 5.000000e-01 5.000000e-01 1.515110e+00 -0.746287 -0.042771 -0.042648 0.917126 -0.042648 -0.042771 0.746287 -0.111125 -0.164075 -0.195886 -0.164075 -0.111125 0.000000 
5.000000e-01 5.000000e-01 3.670860e-01 5.000000e-01 5.000000e-01 1.515110e+00 -0.754609 -0.041271 -0.040880 0.918911 -0.040880 -0.041271 0.754609 -0.110639 -0.166124 -0.201084 -0.166124 -0.110639 0.000000 
5.000000e-01 5.000000e-01 3.543720e-01 5.000000e-01 5.000000e-01 1.515110e+00 -0.762953 -0.039765 -0.039108 0.920700 -0.039108 -0.039765 0.762953 -0.110006 -0.168163 -0.206616 -0.168163 -0.110006 0.000000 
5.000000e-01 5.000000e-01 3.416247e-01 5.000000e-01 5.000000e-01 1.515110e+00 -0.771319 -0.038254 -0.037332 0.922492 -0.037332 -0.038254 0.771319 -0.109216 -0.170184 -0.212519 -0.170184 -0.109216 0.000000 
5.000000e-01 5.000000e-01 3.288445e-01 5.000000e-01 5.000000e-01 1.515110e+00 -0.779706 -0.036738 -0.035552 0.924286 -0.035552 -0.036738 0.779706 -0.108247 -0.172174 -0.218865 -0.172174 -0.108247 0.000000 
5.000000e-01 5.000000e-01 3.160314e-01 5.000000e-01 5.000000e-01 1.515110e+00 -0.788114 -0.035218 -0.033767 0.926085 -0.033767 -0.035218 0.788114 -0.107079 -0.174117 -0.225721 -0.174117 -0.107079 0.000000 
5.000000e-01 5.000000e-01 3.031859e-01 5.000000e-01 5.000000e-01 1.515110e+00 -0.796544 -0.033693 -0.031978 0.927886 -0.031978 -0.033693 0.796544 -0.105720 -0.176002 -0.233099 -0.176002 -0.105720 0.000000 
5.000000e-01 5.000000e-01 2.903082e-01 5.000000e-01 5.000000e-01 1.515110e+00 -0.804994 -0.032163 -0.030185 0.929691 -0.030185 -0.032163 0.804994 -0.104159 -0.177809 -0.241058 -0.177809 -0.104159 0.000000 
5.000000e-01 5.000000e-01 2.773984e-01 5.000000e-01 5.000000e-01 1.515110e+00 -0.813466 -0.030628 -0.028388 0.931499 -0.028388 -0.030628 0.813466 -0.102348 -0.179494 -0.249782 -0.179494 -0.102348 0.000000 
5.000000e-01 5.000000e-01 2.644570e-01 5.000000e-01 5.000000e-01 1.515110e+00 -0.821958 -0.029089 -0.026587 0.933311 -0.026587 -0.029089 0.821958 -0.100304 -0.181040 -0.259271 -0.181040 -0.100304 0.000000 
5.000000e-01 5.000000e-01 2.514840e-01 5.000000e-01 5.000000e-01 1.515110e+00 -0.830471 -0.027546 -0.024781 0.935126 -0.024781 -0.027546 0.830471 -0.098020 -0.182412 -0.269606 -0.182412 -0.098020 0.000000 
5.000000e-01 5.000000e-01 2.384798e-01 5.000000e-01 5.000000e-01 1.515110e+00 -0.839004 -0.025998 -0.022972 0.936944 -0.022972 -0.025998 0.839004 -0.095461 -0.183544 -0.280994 -0.183544 -0.095461 0.000000 
5.000000e-01 5.000000e-01 2.254444e-01 5.000000e-01 5.000000e-01 1.515110e+00 -0.847558 -0.024447 -0.021158 0.938767 -0.021158 -0.024447 0.847558 -0.092615 -0.184370 -0.293589 -0.184370 -0.092615 0.000000 
5.000000e-01 5.000000e-01 2.123782e-01 5.000000e-01 5.000000e-01 1.515110e+00 -0.856132 -0.022891 -0.019340 0.940593 -0.019340 -0.022891 0.856132 -0.089494 -0.184845 -0.307453 -0.184845 -0.089494 0.000000 
5.000000e-01 5.000000e-01 1.992812e-01 5.000000e-01 5.000000e-01 1.515110e+00 -0.864727 -0.021330 -0.017518 0.942422 -0.017518 -0.021330 0.864727 -0.086078 -0.184870 -0.322832 -0.184870 -0.086078 0.000000 
5.000000e-01 5.000000e-01 1.861534e-01 5.000000e-01 5.000000e-01 1.515110e+00 -0.873342 -0.019766 -0.015691 0.944256 -0.015691 -0.019766 0.873342 -0.082327 -0.184273 -0.340141 -0.184273 -0.082327 0.000000 
5.000000e-01 5.000000e-01 1.729950e-01 5.000000e-01 5.000000e-01 1.515110e+00 -0.881980 -0.018197 -0.013860 0.946094 -0.013860 -0.018197 0.881980 -0.078278 -0.183004 -0.359415 -0.183004 -0.078278 0.000000 
5.000000e-01 5.000000e-01 1.598059e-01 5.000000e-01 5.000000e-01 1.515110e+00 -0.890639 -0.016624 -0.012025 0.947936 -0.012025 -0.016624 0.890639 -0.073923 -0.180911 -0.380970 -0.180911 -0.073923 0.000000 
5.000000e-01 5.000000e-01 1.465857e-01 5.000000e-01 5.000000e-01 1.515110e+00 -0.899322 -0.015046 -0.010184 0.949782 -0.010184 -0.015046 0.899322 -0.069208 -0.177627 -0.405651 -0.177627 -0.069208 0.000000 
5.000000e-01 5.000000e-01 1.333341e-01 5.000000e-01 5.000000e-01 1.515110e+00 -0.908030 -0.013463 -0.008339 0.951634 -0.008339 -0.013463 0.908030 -0.064188 -0.173105 -0.433442 -0.173105 -0.064188 0.000000 
5.000000e-01 5.000000e-01 1.200504e-01 5.000000e-01 5.000000e-01 1.515110e+00 -0.916765 -0.011875 -0.006487 0.953490 -0.006487 -0.011875 0.916765 -0.058867 -0.167113 -0.464805 -0.167113 -0.058867 0.000000 
5.000000e-01 5.000000e-01 1.067335e-01 5.000000e-01 5.000000e-01 1.515110e+00 -0.925533 -0.010281 -0.004629 0.955354 -0.004629 -0.010281 0.925533 -0.053195 -0.158995 -0.501153 -0.158995 -0.053195 0.000000 
5.000000e-01 5.000000e-01 9.338193e-02 5.000000e-01 5.000000e-01 1.515110e+00 -0.934337 -0.008681 -0.002763 0.957225 -0.002763 -0.008681 0.934337 -0.047237 -0.148748 -0.542367 -0.148748 -0.047237 0.000000 
5.000000e-01 5.000000e-01 7.999383e-02 5.000000e-01 5.000000e-01 1.515110e+00 -0.943182 -0.007072 -0.000889 0.959104 -0.000889 -0.007072 0.943182 -0.041004 -0.136069 -0.589036 -0.136069 -0.041004 0.000000 
5.000000e-01 5.000000e-01 6.656689e-02 5.000000e-01 5.000000e-01 1.515110e+00 -0.952082 -0.005454 0.000997 0.960995 0.000997 -0.005454 0.952082 -0.034465 -0.120075 -0.643002 -0.120075 -0.034465 0.000000 
5.000000e-01 5.000000e-01 5.309883e-02 5.000000e-01 5.000000e-01 1.515110e+00 -0.961040 -0.003825 0.002896 0.962898 0.002896 -0.003825 0.961040 -0.027690 -0.101069 -0.703522 -0.101069 -0.027690 0.000000 
5.000000e-01 5.000000e-01 3.958792e-02 5.000000e-01 5.000000e-01 1.515110e+00 -0.970062 -0.002184 0.004807 0.964815 0.004807 -0.002184 0.970062 -0.020696 -0.078924 -0.770821 -0.078924 -0.020696 0.000000 
5.000000e-01 5.000000e-01 2.603421e-02 5.000000e-01 5.000000e-01 1.515110e+00 -0.979156 -0.000530 0.006734 0.966746 0.006734 -0.000530 0.979156 -0.013496 -0.053443 -0.845278 -0.053443 -0.013496 0.000000 
5.000000e-01 5.000000e-01 1.244054e-02 5.000000e-01 5.000000e-01 1.515110e+00 -0.988308 0.001135 0.008674 0.968690 0.008674 0.001135 0.988308 -0.006165 -0.025757 -0.924464 -0.025757 -0.006165 0.000000 
5.000000e-01 5.000000e-01 4.999645e-03 5.000000e-01 5.000000e-01 1.515110e+00 -0.993327 0.002048 0.009737 0.969756 0.009737 0.002048 0.993327 -0.002121 -0.009987 -0.969110 -0.009987 -0.002121 0.000000 
5.000000e-01 5.000000e-01 4.999645e-03 5.000000e-01 5.000000e-01 1.515110e+00 -0.993327 0.002048 0.009737 0.969756 0.009737 0.002048 0.993327 -0.002121 -0.009987 -0.969110 -0.009987 -0.002121 0.000000 
5.000000e-01 5.000000e-01 4.999645e-03 5.000000e-01 5.000000e-01 1.515110e+00 -0.993327 0.002048 0.009737 0.969756 0.009737 0.002048 0.993327 -0.002121 -0.009987 -0.969110 -0.009987 -0.002121 0.000000 
5.000000e-01 5.000000e-01 4.999645e-03 5.000000e-01 5.000000e-01 1.515110e+00 -0.993327 0.002048 0.009737 0.969756 0.009737 0.002048 0.993327 -0.002121 -0.009987 -0.969110 -0.009987 -0.002121 0.000000 
5.000000e-01 5.000000e-01 4.999645e-03 5.000000e-01 5.000000e-01 1.515110e+00 -0.993327 0.002048 0.009737 0.969756 0.009737 0.002048 0.993327 -0.002121 -0.009987 -0.969110 -0.009987 -0.002121 0.000000 
5.000000e-01 5.000000e-01 4.999645e-03 5.000000e-01 5.000000e-01 1.515110e+00 -0.993327 0.002048 0.009737 0.969756 0.009737 0.002048 0.993327 -0.002121 -0.009987 -0.969110 -0.009987 -0.002121 0.000000 
5.000000e-01 5.000000e-01 4.999645e-03 5.000000e-01 5.000000e-01 1.515110e+00 -0.993327 0.002048 0.009737 0.969756 0.009737 0.002048 0.993327 -0.002121 -0.009987 -0.969110 -0.009987 -0.002121 0.000000 
5.000000e-01 5.000000e-01 4.999645e-03 5.000000e-01 5.000000e-01 1.515110e+00 -0.993327 0.002048 0.009737 0.969756 0.009737 0.002048 0.993327 -0.002121 -0.009987 -0.969110 -0.009987 -0.002121 0.000000 
5.000000e-01 5.000000e-01 4.999645e-03 5.000000e-01 5.000000e-01 1.515110e+00 -0.993327 0.002048 0.009737 0.969756 0.009737 0.002048 0.993327 -0.002121 -0.009987 -0.969110 -0.009987 -0.002121 0.000000 
5.000000e-01 5.000000e-01 4.999645e-03 5.000000e-01 5.000000e-01 1.515110e+00 -0.993327 0.002048 0.009737 0.969756 0.009737 0.002048 0.993327 -0.002121 -0.009987 -0.969110 -0.009987 -0.002121 0.000000 
5.000000e-01 5.000000e-01 4.999645e-03 5.000000e-01 5.000000e-01 1.515110e+00 -0.993327 0.002048 0.009737 0.969756 0.009737 0.002048 0.993327 -0.002121 -0.009987 -0.969110 -0.009987 -0.002121 0.000000 
5.000000e-01 5.000000e-01 4.999645e-03 5.000000e-01 5.000000e-01 1.515110e+00 -0.993327 0.002048 0.009737 0.969756 0.009737 0.002048 0.993327 -0.002121 -0.009987 -0.969110 -0.009987 -0.002121 0.000000 
5.000000e-01 5.000000e-01 4.999645e-03 5.000000e-01 5.000000e-01 1.515110e+00 -0.993327 0.002048 0.009737 0.969756 0.009737 0.002048 0.993327 -0.002121 -0.009987 -0.969110 -0.009987 -0.002121 0.000000 
5.000000e-01 5.000000e-01 4.999645e-03 5.000000e-01 5.000000e-01 1.515110e+00 -0.993327 0.002048 0.009737 0.969756 0.009737 0.002048 0.993327 -0.002121 -0.009987 -0.969110 -0.009987 -0.002121 0.000000 
5.000000e-01 5.000000e-01 4.999645e-03 5.000000e-01 5.000000e-01 1.515110e+00 -0.993327 0.002048 0.009737 0.969756 0.009737 0.002048 0.993327 -0.002121 -0.009987 -0.969110 -0.009987 -0.002121 0.000000 
5.000000e-01 5.000000e-01 4.999645e-03 5.000000e-01 5.000000e-01 1.515110e+00 -0.993327 0.002048 0.009737 0.969756 0.009737 0.002048 0.993327 -0.002121 -0.009987 -0.969110 -0.009987 -0.002121 0.000000 
5.000000e-01 5.000000e-01 4.999645e-03 5.000000e-01 5.000000e-01 1.515110e+00 -0.993327 0.002048 0.009737 0.969756 0.009737 0.002048 0.993327 -0.002121 -0.009987 -0.969110 -0.009987 -0.002121 0.000000 
5.000000e-01 5.000000e-01 4.999645e-03 5.000000e-01 5.000000e-01 1.515110e+00 -0.993327 0.002048 0.009737 0.969756 0.009737 0.002048 0.993327 -0.002121 -0.009987 -0.969110 -0.009987 -0.002121 0.000000 
5.000000e-01 5.000000e-01 4.999645e-03 5.000000e-01 5.000000e-01 1.515110e+00 -0.993327 0.002048 0.009737 0.969756 0.009737 0.002048 0.993327 -0.002121 -0.009987 -0.969110 -0.009987 -0.002121 0.000000 
5.000000e-01 5.000000e-01 4.999645e-03 5.000000e-01 5.000000e-01 1.515110e+00 -0.993327 0.002048 0.009737 0.969756 0.009737 0.002048 0.993327 -0.002121 -0.009987 -0.969110 -0.009987 -0.002121 0.000000 
5.000000e-01 5.000000e-01 4.999645e-03 5.000000e-01 5.000000e-01 1.515110e+00 -0.993327 0.002048 0.009737 0.969756 0.009737 0.002048 0.993327 -0.002121 -0.009987 -0.969110 -0.009987 -0.002121 0.000000 
5.000000e-01 5.000000e-01 4.999645e-03 5.000000e-01 5.000000e-01 1.515110e+00 -0.993327 0.002048 0.009737 0.969756 0.009737 0.002048 0.993327 -0.002121 -0.009987 -0.969110 -0.009987 -0.002121 0.000000 
5.000000e-01 5.000000e-01 4.999645e-03 5.000000e-01 5.000000e-01 1.515110e+00 -0.993327 0.002048 0.009737 0.969756 0.009737 0.002048 0.993327 -0.002121 -0.009987 -0.969110 -0.009987 -0.002121 0.000000 
5.000000e-01 5.000000e-01 4.999645e-03 5.000000e-01 5.000000e-01 1.515110e+00 -0.993327 0.002048 0.009737 0.969756 0.009737 0.002048 0.993327 -0.002121 -0.009987 -0.969110 -0.009987 -0.002121 0.000000 
5.000000e-01 5.000000e-01 4.999645e-03 5.000000e-01 5.000000e-01 1.515110e+00 -0.993327 0.002048 0.009737 0.969756 0.009737 0.002048 0.993327 -0.002121 -0.009987 -0.969110 -0.009987 -0.002121 0.000000 
5.000000e-01 5.000000e-01 4.999645e-03 5.000000e-01 5.000000e-01 1.515110e+00 -0.993327 0.002048 0.009737 0.969756 0.009737 0.002048 0.993327 -0.002121 -0.009987 -0.969110 -0.009987 -0.002121 0.000000 
5.000000e-01 5.000000e-01 4.999645e-03 5.000000e-01 5.000000e-01 1.515110e+00 -0.993327 0.002048 0.009737 0.969756 0.009737 0.002048 0.993327 -0.002121 -0.009987 -0.969110 -0.009987 -0.002121 0.000000 
5.000000e-01 5.000000e-01 4.999645e-03 5.000000e-01 5.000000e-01 1.515110e+00 -0.993327 0.002048 0.009737 0.969756 0.009737 0.002048 0.993327 -0.002121 -0.009987 -0.969110 -0.009987 -0.002121 0.000000 
5.000000e-01 5.000000e-01 4.999645e-03 5.000000e-01 5.000000e-01 1.515110e+00 -0.993327 0.002048 0.009737 0.969756 0.009737 0.002048 0.993327 -0.002121 -0.009987 -0.969110 -0.009987 -0.002121 0.000000 
5.000000e-01 5.000000e-01 4.999645e-03 5.000000e-01 5.000000e-01 1.515110e+00 -0.993327 0.002048 0.009737 0.969756 0.009737 0.002048 0.993327 -0.002121 -0.009987 -0.969110 -0.009987 -0.002121 0.000000 
5.000000e-01 5.000000e-01 4.999645e-03 5.000000e-01 5.000000e-01 1.515110e+00 -0.993327 0.002048 0.009737 0.969756 0.009737 0.002048 0.993327 -0.002121 -0.009987 -0.969110 -0.009987 -0.002121 0.000000 
5.000000e-01 5.000000e-01 4.999645e-03 5.000000e-01 5.000000e-01 1.515110e+00 -0.993327 0.002048 0.009737 0.969756 0.009737 0.002048 0.993327 -0.002121 -0.009987 -0.969110 -0.009987 -0.002121 0.000000 
5.000000e-01 5.000000e-01 4.999645e-03 5.000000e-01 5.000000e-01 1.515110e+00 -0.993327 0.002048 0.009737 0.969756 0.009737 0.002048 0.993327 -0.002121 -0.009987 -0.969110 -0.009987 -0.002121 0.000000 
5.000000e-01 5.000000e-01 4.999645e-03 5.000000e-01 5.000000e-01 1.515110e+00 -0.993327 0.002048 0.009737 0.969756 0.009737 0.002048 0.993327 -0.002121 -0.009987 -0.969110 -0.009987 -0.002121 0.000000 
5.000000e-01 5.000000e-01 4.999645e-03 5.000000e-01 5.000000e-01 1.515110e+00 -0.993327 0.002048 0.009737 0.969756 0.009737 0.002048 0.993327 -0.002121 -0.009987 -0.969110 -0.009987 -0.002121 0.000000 
5.000000e-01 5.000000e-01 4.999645e-03 5.000000e-01 5.000000e-01 1.515110e+00 -0.993327 0.002048 0.009737 0.969756 0.009737 0.002048 0.993327 -0.002121 -0.009987 -0.969110 -0.009987 -0.002121 0.000000 
5.000000e-01 5.000000e-01 4.999645e-03 5.000000e-01 5.000000e-01 1.515110e+00 -0.993327 0.002048 0.009737 0.969756 0.009737 0.002048 0.993327 -0.002121 -0.009987 -0.969110 -0.009987 -0.002121 0.000000 
5.000000e-01 5.000000e-01 4.999645e-03 5.000000e-01 5.000000e-01 1.515110e+00 -0.993327 0.002048 0.009737 0.969756 0.009737 0.002048 0.993327 -0.002121 -0.009987 -0.969110 -0.009987 -0.002121 0.000000 
5.000000e-01 5.000000e-01 4.999645e-03 5.000000e-01 5.000000e-01 1.515110e+00 -0.993327 0.002048 0.009737 0.969756 0.009737 0.002048 0.993327 -0.002121 -0.009987 -0.969110 -0.009987 -0.002121 0.000000 
5.000000e-01 5.000000e-01 4.999645e-03 5.000000e-01 5.000000e-01 1.515110e+00 -0.993327 0.002048 0.009737 0.969756 0.009737 0.002048 0.993327 -0.002121 -0.009987 -0.969110 -0.009987 -0.002121 0.000000 
5.000000e-01 5.000000e-01 4.999645e-03 5.000000e-01 5.000000e-01 1.515110e+00 -0.993327 0.002048 0.009737 0.969756 0.009737 0.002048 0.993327 -0.002121 -0.009987 -0.969110 -0.009987 -0.002121 0.000000 
5.000000e-01 5.000000e-01 4.999645e-03 5.000000e-01 5.000000e-01 1.515110e+00 -0.993327 0.002048 0.009737 0.969756 0.009737 0.002048 0.993327 -0.002121 -0.009987 -0.969110 -0.009987 -0.002121 0.000000 
5.000000e-01 5.000000e-01 4.999645e-03 5.000000e-01 5.000000e-01 1.515110e+00 -0.993327 0.002048 0.009737 0.969756 0.009737 0.002048 0.993327 -0.002121 -0.009987 -0.969110 -0.009987 -0.002121 0.000000 
5.000000e-01 5.000000e-01 4.999645e-03 5.000000e-01 5.000000e-01 1.515110e+00 -0.993327 0.002048 0.009737 0.969756 0.009737 0.002048 0.993327 -0.002121 -0.009987 -0.969110 -0.009987 -0.002121 0.000000 
5.000000e-01 5.000000e-01 4.999645e-03 5.000000e-01 5.000000e-01 1.515110e+00 -0.993327 0.002048 0.009737 0.969756 0.009737 0.002048 0.993327 -0.002121 -0.009987 -0.969110 -0.009987 -0.002121 0.000000 
5.000000e-01 5.000000e-01 4.999645e-03 5.000000e-01 5.000000e-01 1.515110e+00 -0.993327 0.002048 0.009737 0.969756 0.009737 0.002048 0.993327 -0.002121 -0.009987 -0.969110 -0.009987 -0.002121 0.000000 
5.000000e-01 5.000000e-01 4.999645e-03 5.000000e-01 5.000000e-01 1.515110e+00 -0.993327 0.002048 0.009737 0.969756 0.009737 0.002048 0.993327 -0.002121 -0.009987 -0.969110 -0.009987 -0.002121 0.000000 
5.000000e-01 5.000000e-01 4.999645e-03 5.000000e-01 5.000000e-01 1.515110e+00 -0.993327 0.002048 0.009737 0.969756 0.009737 0.002048 0.993327 -0.002121 -0.009987 -0.969110 -0.009987 -0.002121 0.000000 
5.000000e-01 5.000000e-01 4.999645e-03 5.000000e-01 5.000000e-01 1.515110e+00 -0.993327 0.002048 0.009737 0.969756 0.009737 0.002048 0.993327 -0.002121 -0.009987 -0.969110 -0.009987 -0.002121 0.000000 
5.000000e-01 5.000000e-01 4.999645e-03 5.000000e-01 5.000000e-01 1.515110e+00 -0.993327 0.002048 0.009737 0.969756 0.009737 0.002048 0.993327 -0.002121 -0.009987 -0.969110 -0.009987 -0.002121 0.000000 
5.000000e-01 5.000000e-01 4.999645e-03 5.000000e-01 5.000000e-01 1.515110e+00 -0.993327 0.002048 0.009737 0.969756 0.009737 0.002048 0.993327 -0.002121 -0.009987 -0.969110 -0.009987 -0.002121 0.000000 
5.000000e-01 5.000000e-01 4.999645e-03 5.000000e-01 5.000000e-01 1.515110e+00 -0.993327 0.002048 0.009737 0.969756 0.009737 0.002048 0.993327 -0.002121 -0.009987 -0.969110 -0.009987 -0.002121 0.000000 
5.000000e-01 5.000000e-01 4.999645e-03 5.000000e-01 5.000000e-01 1.515110e+00 -0.993327 0.002048 0.009737 0.969756 0.009737 0.002048 0.993327 -0.002121 -0.009987 -0.969110 -0.009987 -0.002121 0.000000 
5.000000e-01 5.000000e-01 4.999645e-03 5.000000e-01 5.000000e-01 1.515110e+00 -0.993327 0.002048 0.009737 0.969756 0.009737 0.002048 0.993327 -0.002121 -0.009987 -0.969110 -0.009987 -0.002121 0.000000 
5.000000e-01 5.000000e-01 4.999645e-03 5.000000e-01 5.000000e-01 1.515110e+00 -0.993327 0.002048 0.009737 0.969756 0.009737 0.002048 0.993327 -0.002121 -0.009987 -0.969110 -0.009987 -0.002121 0.000000 
5.000000e-01 5.000000e-01 4.999645e-03 5.000000e-01 5.000000e-01 1.515110e+00 -0.993327 0.002048 0.009737 0.969756 0.009737 0.002048 0.993327 -0.002121 -0.009987 -0.969110 -0.009987 -0.002121 0.000000 
5.000000e-01 5.000000e-01 4.999645e-03 5.000000e-01 5.000000e-01 1.515110e+00 -0.993327 0.002048 0.009737 0.969756 0.009737 0.002048 0.993327 -0.002121 -0.009987 -0.969110 -0.009987 -0.002121 0.000000 
5.000000e-01 5.000000e-01 4.999645e-03 5.000000e-01 5.000000e-01 1.515110e+00 -0.993327 0.002048 0.009737 0.969756 0.009737 0.002048 0.993327 -0.002121 -0.009987 -0.969110 -0.009987 -0.002121 0.000000 
5.000000e-01 5.000000e-01 4.999645e-03 5.000000e-01 5.000000e-01 1.515110e+00 -0.993327 0.002048 0.009737 0.969756 0.009737 0.002048 0.993327 -0.002121 -0.009987 -0.969110 -0.009987 -0.002121 0.000000 
5.000000e-01 5.000000e-01 4.999645e-03 5.000000e-01 5.000000e-01 1.515110e+00 -0.993327 0.002048 0.009737 0.969756 0.009737 0.002048 0.993327 -0.002121 -0.009987 -0.969110 -0.009987 -0.002121 0.000000 
5.000000e-01 5.000000e-01 4.999645e-03 5.000000e-01 5.000000e-01 1.515110e+00 -0.993327 0.002048 0.009737 0.969756 0.009737 0.002048 0.993327 -0.002121 -0.009987 -0.969110 -0.009987 -0.002121 0.000000 
5.000000e-01 5.000000e-01 4.999645e-03 5.000000e-01 5.000000e-01 1.515110e+00 -0.993327 0.002048 0.009737 0.969756 0.009737 0.002048 0.993327 -0.002121 -0.009987 -0.969110 -0.009987 -0.002121 0.000000 
5.000000e-01 5.000000e-01 4.999645e-03 5.000000e-01 5.000000e-01 1.515110e+00 -0.993327 0.002048 0.009737 0.969756 0.009737 0.002048 0.993327 -0.002121 -0.009987 -0.969110 -0.009987 -0.002121 0.000000 
5.000000e-01 5.000000e-01 4.999645e-03 5.000000e-01 5.000000e-01 1.515110e+00 -0.993327 0.002048 0.009737 0.969756 0.009737 0.002048 0.993327 -0.002121 -0.009987 -0.969110 -0.009987 -0.002121 0.000000 
5.000000e-01 5.000000e-01 4.999645e-03 5.000000e-01 5.000000e-01 1.515110e+00 -0.993327 0.002048 0.009737 0.969756 0.009737 0.002048 0.993327 -0.002121 -0.009987 -0.969110 -0.009987 -0.002121 0.000000 
5.000000e-01 5.000000e-01 4.999645e-03 5.000000e-01 5.000000e-01 1.515110e+00 -0.993327 0.002048 0.009737 0.969756 0.009737 0.002048 0.993327 -0.002121 -0.009987 -0.969110 -0.009987 -0.002121 0.000000 
5.000000e-01 5.000000e-01 4.999645e-03 5.000000e-01 5.000000e-01 1.515110e+00 -0.993327 0.002048 0.009737 0.969756 0.009737 0.002048 0.993327 -0.002121 -0.009987 -0.969110 -0.009987 -0.002121 0.000000 
5.000000e-01 5.000000e-01 4.999645e-03 5.000000e-01 5.000000e-01 1.515110e+00 -0.993327 0.002048 0.009737 0.969756 0.009737 0.002048 0.993327 -0.002121 -0.009987 -0.969110 -0.009987 -0.002121 0.000000 
5.000000e-01 5.000000e-01 4.999645e-03 5.000000e-01 5.000000e-01 1.515110e+00 -0.993327 0.002048 0.009737 0.969756 0.009737 0.002048 0.993327 -0.002121 -0.009987 -0.969110 -0.009987 -0.002121 0.000000 
5.000000e-01 5.000000e-01 4.999645e-03 5.000000e-01 5.000000e-01 1.515110e+00 -0.993327 0.002048 0.009737 0.969756 0.009737 0.002048 0.993327 -0.002121 -0.009987 -0.969110 -0.009987 -0.002121 0.000000 
5.000000e-01 5.000000e-01 4.999645e-03 5.000000e-01 5.000000e-01 1.515110e+00 -0.993327 0.002048 0.009737 0.969756 0.009737 0.002048 0.993327 -0.002121 -0.009987 -0.969110 -0.009987 -0.002121 0.000000 
5.000000e-01 5.000000e-01 4.999645e-03 5.000000e-01 5.000000e-01 1.515110e+00 -0.993327 0.002048 0.009737 0.969756 0.009737 0.002048 0.993327 -0.002121 -0.009987 -0.969110 -0.009987 -0.002121 0.000000 
5.000000e-01 5.000000e-01 4.999645e-03 5.000000e-01 5.000000e-01 1.515110e+00 -0.993327 0.002048 0.009737 0.969756 0.009737 0.002048 0.993327 -0.002121 -0.009987 -0.969110 -0.009987 -0.002121 0.000000 
5.000000e-01 5.000000e-01 4.999645e-03 5.000000e-01 5.000000e-01 1.515110e+00 -0.993327 0.002048 0.009737 0.969756 0.009737 0.002048 0.993327 -0.002121 -0.009987 -0.969110 -0.009987 -0.002121 0.000000 
5.000000e-01 5.000000e-01 4.999645e-03 5.000000e-01 5.000000e-01 1.515110e+00 -0.993327 0.002048 0.009737 0.969756 0.009737 0.002048 0.993327 -0.002121 -0.009987 -0.969110 -0.009987 -0.002121 0.000000 
5.000000e-01 5.000000e-01 4.999645e-03 5.000000e-01 5.000000e-01 1.515110e+00 -0.993327 0.002048 0.009737 0.969756 0.009737 0.002048 0.993327 -0.002121 -0.009987 -0.969110 -0.009987 -0.002121 0.000000 
5.000000e-01 5.000000e-01 4.999645e-03 5.000000e-01 5.000000e-01 1.515110e+00 -0.993327 0.002048 0.009737 0.969756 0.009737 0.002048 0.993327 -0.002121 -0.009987 -0.969110 -0.009987 -0.002121 0.000000 
5.000000e-01 5.000000e-01 4.999645e-03 5.000000e-01 5.000000e-01 1.515110e+00 -0.993327 0.002048 0.009737 0.969756 0.009737 0.002048 0.993327 -0.002121 -0.009987 -0.969110 -0.009987 -0.002121 0.000000 
5.000000e-01 5.000000e-01 4.999645e-03 5.000000e-01 5.000000e-01 1.515110e+00 -0.993327 0.002048 0.009737 0.969756 0.009737 0.002048 0.993327 -0.002121 -0.009987 -0.969110 -0.009987 -0.002121 0.000000 
5.000000e-01 5.000000e-01 4.999645e-03 5.000000e-01 5.000000e-01 1.515110e+00 -0.993327 0.002048 0.009737 0.969756 0.009737 0.002048 0.993327 -0.002121 -0.009987 -0.969110 -0.009987 -0.002121 0.000000 
5.000000e-01 5.000000e-01 4.999645e-03 5.000000e-01 5.000000e-01 1.515110e+00 -0.993327 0.002048 0.009737 0.969756 0.009737 0.002048 0.993327 -0.002121 -0.009987 -0.969110 -0.009987 -0.002121 0.000000 
5.000000e-01 5.000000e-01 4.999645e-03 5.000000e-01 5.000000e-01 1.515110e+00 -0.993327 0.002048 0.009737 0.969756 0.009737 0.002048 0.993327 -0.002121 -0.009987 -0.969110 -0.009987 -0.002121 0.000000 
5.000000e-01 5.000000e-01 4.999645e-03 5.000000e-01 5.000000e-01 1.515110e+00 -0.993327 0.002048 0.009737 0.969756 0.009737 0.002048 0.993327 -0.002121 -0.009987 -0.969110 -0.009987 -0.002121 0.000000 
5.000000e-01 5.000000e-01 4.999645e-03 5.000000e-01 5.000000e-01 1.515110e+00 -0.993327 0.002048 0.009737 0.969756 0.009737 0.002048 0.993327 -0.002121 -0.009987 -0.969110 -0.009987 -0.002121 0.000000 
5.000000e-01 5.000000e-01 4.999645e-03 5.000000e-01 5.000000e-01 1.515110e+00 -0.993327 0.002048 0.009737 0.969756 0.009737 0.002048 0.993327 -0.002121 -0.009987 -0.969110 -0.009987 -0.002121 0.000000 
5.000000e-01 5.000000e-01 4.999645e-03 5.000000e-01 5.000000e-01 1.515110e+00 -0.993327 0.002048 0.009737 0.969756 0.009737 0.002048 0.993327 -0.002121 -0.009987 -0.969110 -0.009987 -0.002121 0.000000 
5.000000e-01 5.000000e-01 4.999645e-03 5.000000e-01 5.000000e-01 1.515110e+00 -0.993327 0.002048 0.009737 0.969756 0.009737 0.002048 0.993327 -0.002121 -0.009987 -0.969110 -0.009987 -0.002121 0.000000 
5.000000e-01 5.000000e-01 4.999645e-03 5.000000e-01 5.000000e-01 1.515110e+00 -0.993327 0.002048 0.009737 0.969756 0.009737 0.002048 0.993327 -0.002121 -0.009987 -0.969110 -0.009987 -0.002121 0.000000 
5.000000e-01 5.000000e-01 4.999645e-03 5.000000e-01 5.000000e-01 1.515110e+00 -0.993327 0.002048 0.009737 0.969756 0.009737 0.002048 0.993327 -0.002121 -0.009987 -0.969110 -0.009987 -0.002121 0.000000 
5.000000e-01 5.000000e-01 4.999645e-03 5.000000e-01 5.000000e-01 1.515110e+00 -0.993327 0.002048 0.009737 0.969756 0.009737 0.002048 0.993327 -0.002121 -0.009987 -0.969110 -0.009987 -0.002121 0.000000 
5.000000e-01 5.000000e-01 4.999645e-03 5.000000e-01 5.000000e-01 1.515110e+00 -0.993327 0.002048 0.009737 0.969756 0.009737 0.002048 0.993327 -0.002121 -0.009987 -0.969110 -0.009987 -0.002121 0.000000 
5.000000e-01 5.000000e-01 4.999645e-03 5.000000e-01 5.000000e-01 1.515110e+00 -0.993327 0.002048 0.009737 0.969756 0.009737 0.002048 0.993327 -0.002121 -0.009987 -0.969110 -0.009987 -0.002121 0.000000 
5.000000e-01 5.000000e-01 4.999645e-03 5.000000e-01 5.000000e-01 1.515110e+00 -0.993327 0.002048 0.009737 0.969756 0.009737 0.002048 0.993327 -0.002121 -0.009987 -0.969110 -0.009987 -0.002121 0.000000 
5.000000e-01 5.000000e-01 4.999645e-03 5.000000e-01 5.000000e-01 1.515110e+00 -0.993327 0.002048 0.009737 0.969756 0.009737 0.002048 0.993327 -0.002121 -0.009987 -0.969110 -0.009987 -0.002121 0.000000 
5.000000e-01 5.000000e-01 4.999645e-03 5.000000e-01 5.000000e-01 1.515110e+00 -0.993327 0.002048 0.009737 0.969756 0.009737 0.002048 0.993327 -0.002121 -0.009987 -0.969110 -0.009987 -0.002121 0.000000 
5.000000e-01 5.000000e-01 4.999645e-03 5.000000e-01 5.000000e-01 1.515110e+00 -0.993327 0.002048 0.009737 0.969756 0.009737 0.002048 0.993327 -0.002121 -0.009987 -0.969110 -0.009987 -0.002121 0.000000 
5.000000e-01 5.000000e-01 4.999645e-03 5.000000e-01 5.000000e-01 1.515110e+00 -0.993327 0.002048 0.009737 0.969756 0.009737 0.002048 0.993327 -0.002121 -0.009987 -0.969110 -0.009987 -0.002121 0.000000 
5.000000e-01 5.000000e-01 4.999645e-03 5.000000e-01 5.000000e-01 1.515110e+00 -0.993327 0.002048 0.009737 0.969756 0.009737 0.002048 0.993327 -0.002121 -0.009987 -0.969110 -0.009987 -0.002121 0.000000 
5.000000e-01 5.000000e-01 4.999645e-03 5.000000e-01 5.000000e-01 1.515110e+00 -0.993327 0.002048 0.009737 0.969756 0.009737 0.002048 0.993327 -0.002121 -0.009987 -0.969110 -0.009987 -0.002121 0.000000 
5.000000e-01 5.000000e-01 4.999645e-03 5.000000e-01 5.000000e-01 1.515110e+00 -0.993327 0.002048 0.009737 0.969756 0.009737 0.002048 0.993327 -0.002121 -0.009987 -0.969110 -0.009987 -0.002121 0.000000 
5.000000e-01 5.000000e-01 4.999645e-03 5.000000e-01 5.000000e-01 1.515110e+00 -0.993327 0.002048 0.009737 0.969756 0.009737 0.002048 0.993327 -0.002121 -0.009987 -0.969110 -0.009987 -0.002121 0.000000 
5.000000e-01 5.000000e-01 4.999645e-03 5.000000e-01 5.000000e-01 1.515110e+00 -0.993327 0.002048 0.009737 0.969756 0.009737 0.002048 0.993327 -0.002121 -0.009987 -0.969110 -0.009987 -0.002121 0.000000 
5.000000e-01 5.000000e-01 4.999645e-03 5.000000e-01 5.000000e-01 1.515110e+00 -0.993327 0.002048 0.009737 0.969756 0.009737 0.002048 0.993327 -0.002121 -0.009987 -0.969110 -0.009987 -0.002121 0.000000 
5.000000e-01 5.000000e-01 4.999645e-03 5.000000e-01 5.000000e-01 1.515110e+00 -0.993327 0.002048 0.009737 0.969756 0.009737 0.002048 0.993327 -0.002121 -0.009987 -0.969110 -0.009987 -0.002121 0.000000 
5.000000e-01 5.000000e-01 4.999645e-03 5.000000e-01 5.000000e-01 1.515110e+00 -0.993327 0.002048 0.009737 0.969756 0.009737 0.002048 0.993327 -0.002121 -0.009987 -0.969110 -0.009987 -0.002121 0.000000 
5.000000e-01 5.000000e-01 4.999645e-03 5.000000e-01 5.000000e-01 1.515110e+00 -0.993327 0.002048 0.009737 0.969756 0.009737 0.002048 0.993327 -0.002121 -0.009987 -0.969110 -0.009987 -0.002121 0.000000 
5.000000e-01 5.000000e-01 4.999645e-03 5.000000e-01 5.000000e-01 1.515110e+00 -0.993327 0.002048 0.009737 0.969756 0.009737 0.002048 0.993327 -0.002121 -0.009987 -0.969110 -0.009987 -0.002121 0.000000 
5.000000e-01 5.000000e-01 4.999645e-03 5.000000e-01 5.000000e-01 1.515110e+00 -0.993327 0.002048 0.009737 0.969756 0.009737 0.002048 0.993327 -0.002121 -0.009987 -0.969110 -0.009987 -0.002121 0.000000 
5.000000e-01 5.000000e-01 4.999645e-03 5.000000e-01 5.000000e-01 1.515110e+00 -0.993327 0.002048 0.009737 0.969756 0.009737 0.002048 0.993327 -0.002121 -0.009987 -0.969110 -0.009987 -0.002121 0.000000 
5.000000e-01 5.000000e-01 4.999645e-03 5.000000e-01 5.000000e-01 1.515110e+00 -0.993327 0.002048 0.009737 0.969756 0.009737 0.002048 0.993327 -0.002121 -0.009987 -0.969110 -0.009987 -0.002121 0.000000 
5.000000e-01 5.000000e-01 4.999645e-03 5.000000e-01 5.000000e-01 1.515110e+00 -0.993327 0.002048 0.009737 0.969756 0.009737 0.002048 0.993327 -0.002121 -0.009987 -0.969110 -0.009987 -0.002121 0.000000 
5.000000e-01 5.000000e-01 4.999645e-03 5.000000e-01 5.000000e-01 1.515110e+00 -0.993327 0.002048 0.009737 0.969756 0.009737 0.002048 0.993327 -0.002121 -0.009987 -0.969110 -0.009987 -0.002121 0.000000 
5.000000e-01 5.000000e-01 4.999645e-03 5.000000e-01 5.000000e-01 1.515110e+00 -0.993327 0.002048 0.009737 0.969756 0.009737 0.002048 0.993327 -0.002121 -0.009987 -0.969110 -0.009987 -0.002121 0.000000 
5.000000e-01 5.000000e-01 4.999645e-03 5.000000e-01 5.000000e-01 1.515110e+00 -0.993327 0.002048 0.009737 0.969756 0.009737 0.002048 0.993327 -0.002121 -0.009987 -0.969110 -0.009987 -0.002121 0.000000 
5.000000e-01 5.000000e-01 4.999645e-03 5.000000e-01 5.000000e-01 1.515110e+00 -0.993327 0.002048 0.009737 0.969756 0.009737 0.002048 0.993327 -0.002121 -0.009987 -0.969110 -0.009987 -0.002121 0.000000 
5.000000e-01 5.000000e-01 4.999645e-03 5.000000e-01 5.000000e-01 1.515110e+00 -0.993327 0.002048 0.009737 0.969756 0.009737 0.002048 0.993327 -0.002121 -0.009987 -0.969110 -0.009987 -0.002121 0.000000 
5.000000e-01 5.000000e-01 4.999645e-03 5.000000e-01 5.000000e-01 1.515110e+00 -0.993327 0.002048 0.009737 0.969756 0.009737 0.002048 0.993327 -0.002121 -0.009987 -0.969110 -0.009987 -0.002121 0.000000 
5.000000e-01 5.000000e-01 4.999645e-03 5.000000e-01 5.000000e-01 1.515110e+00 -0.993327 0.002048 0.009737 0.969756 0.009737 0.002048 0.993327 -0.002121 -0.009987 -0.969110 -0.009987 -0.002121 0.000000 
5.000000e-01 5.000000e-01 4.999645e-03 5.000000e-01 5.000000e-01 1.515110e+00 -0.993327 0.002048 0.009737 0.969756 0.009737 0.002048 0.993327 -0.002121 -0.009987 -0.969110 -0.009987 -0.002121 0.000000 
5.000000e-01 5.000000e-01 4.999645e-03 5.000000e-01 5.000000e-01 1.515110e+00 -0.993327 0.002048 0.009737 0.969756 0.009737 0.002048 0.993327 -0.002121 -0.009987 -0.969110 -0.009987 -0.002121 0.000000 
5.000000e-01 5.000000e-01 4.999645e-03 5.000000e-01 5.000000e-01 1.515110e+00 -0.993327 0.002048 0.009737 0.969756 0.009737 0.002048 0.993327 -0.002121 -0.009987 -0.969110 -0.009987 -0.002121 0.000000 
5.000000e-01 5.000000e-01 4.999645e-03 5.000000e-01 5.000000e-01 1.515110e+00 -0.993327 0.002048 0.009737 0.969756 0.009737 0.002048 0.993327 -0.002121 -0.009987 -0.969110 -0.009987 -0.002121 0.000000 
5.000000e-01 5.000000e-01 4.999645e-03 5.000000e-01 5.000000e-01 1.515110e+00 -0.993327 0.002048 0.009737 0.969756 0.009737 0.002048 0.993327 -0.002121 -0.009987 -0.969110 -0.009987 -0.002121 0.000000 
5.000000e-01 5.000000e-01 4.999645e-03 5.000000e-01 5.000000e-01 1.515110e+00 -0.993327 0.002048 0.009737 0.969756 0.009737 0.002048 0.993327 -0.002121 -0.009987 -0.969110 -0.009987 -0.002121 0.000000 
5.000000e-01 5.000000e-01 4.999645e-03 5.000000e-01 5.000000e-01 1.515110e+00 -0.993327 0.002048 0.009737 0.969756 0.009737 0.002048 0.993327 -0.002121 -0.009987 -0.969110 -0.009987 -0.002121 0.000000 
5.000000e-01 5.000000e-01 4.999645e-03 5.000000e-01 5.000000e-01 1.515110e+00 -0.993327 0.002048 0.009737 0.969756 0.009737 0.002048 0.993327 -0.002121 -0.009987 -0.969110 -0.009987 -0.002121 0.000000 
5.000000e-01 5.000000e-01 4.999645e-03 5.000000e-01 5.000000e-01 1.515110e+00 -0.993327 0.002048 0.009737 0.969756 0.009737 0.002048 0.993327 -0.002121 -0.009987 -0.969110 -0.009987 -0.002121 0.000000 
5.000000e-01 5.000000e-01 4.999645e-03 5.000000e-01 5.000000e-01 1.515110e+00 -0.993327 0.002048 0.009737 0.969756 0.009737 0.002048 0.993327 -0.002121 -0.009987 -0.969110 -0.009987 -0.002121 0.000000 
5.000000e-01 5.000000e-01 4.999645e-03 5.000000e-01 5.000000e-01 1.515110e+00 -0.993327 0.002048 0.009737 0.969756 0.009737 0.002048 0.993327 -0.002121 -0.009987 -0.969110 -0.009987 -0.002121 0.000000 
5.000000e-01 5.000000e-01 4.999645e-03 5.000000e-01 5.000000e-01 1.515110e+00 -0.993327 0.002048 0.009737 0.969756 0.009737 0.002048 0.993327 -0.002121 -0.009987 -0.969110 -0.009987 -0.002121 0.000000 
5.000000e-01 5.000000e-01 4.999645e-03 5.000000e-01 5.000000e-01 1.515110e+00 -0.993327 0.002048 0.009737 0.969756 0.009737 0.002048 0.993327 -0.002121 -0.009987 -0.969110 -0.009987 -0.002121 0.000000 
5.000000e-01 5.000000e-01 4.999645e-03 5.000000e-01 5.000000e-01 1.515110e+00 -0.993327 0.002048 0.009737 0.969756 0.009737 0.002048 0.993327 -0.002121 -0.009987 -0.969110 -0.009987 -0.002121 0.000000 
5.000000e-01 5.000000e-01 4.999645e-03 5.000000e-01 5.000000e-01 1.515110e+00 -0.993327 0.002048 0.009737 0.969756 0.009737 0.002048 0.993327 -0.002121 -0.009987 -0.969110 -0.009987 -0.002121 0.000000 
5.000000e-01 5.000000e-01 4.999645e-03 5.000000e-01 5.000000e-01 1.515110e+00 -0.993327 0.002048 0.009737 0.969756 0.009737 0.002048 0.993327 -0.002121 -0.009987 -0.969110 -0.009987 -0.002121 0.000000 
5.000000e-01 5.000000e-01 4.999645e-03 5.000000e-01 5.000000e-01 1.515110e+00 -0.993327 0.002048 0.009737 0.969756 0.009737 0.002048 0.993327 -0.002121 -0.009987 -0.969110 -0.009987 -0.002121 0.000000 
5.000000e-01 5.000000e-01 4.999645e-03 5.000000e-01 5.000000e-01 1.515110e+00 -0.993327 0.002048 0.009737 0.969756 0.009737 0.002048 0.993327 -0.002121 -0.009987 -0.969110 -0.009987 -0.002121 0.000000 
5.000000e-01 5.000000e-01 4.999645e-03 5.000000e-01 5.000000e-01 1.515110e+00 -0.993327 0.002048 0.009737 0.969756 0.009737 0.002048 0.993327 -0.002121 -0.009987 -0.969110 -0.009987 -0.002121 0.000000 
5.000000e-01 5.000000e-01 4.999645e-03 5.000000e-01 5.000000e-01 1.515110e+00 -0.993327 0.002048 0.009737 0.969756 0.009737 0.002048 0.993327 -0.002121 -0.009987 -0.969110 -0.009987 -0.002121 0.000000 
5.000000e-01 5.000000e-01 4.999645e-03 5.000000e-01 5.000000e-01 1.515110e+00 -0.993327 0.002048 0.009737 0.969756 0.009737 0.002048 0.993327 -0.002121 -0.009987 -0.969110 -0.009987 -0.002121 0.000000 
5.000000e-01 5.000000e-01 4.999645e-03 5.000000e-01 5.000000e-01 1.515110e+00 -0.993327 0.002048 0.009737 0.969756 0.009737 0.002048 0.993327 -0.002121 -0.009987 -0.969110 -0.009987 -0.002121 0.000000 
5.000000e-01 5.000000e-01 4.999645e-03 5.000000e-01 5.000000e-01 1.515110e+00 -0.993327 0.002048 0.009737 0.969756 0.009737 0.002048 0.993327 -0.002121 -0.009987 -0.969110 -0.009987 -0.002121 0.000000 
5.000000e-01 5.000000e-01 4.999645e-03 5.000000e-01 5.000000e-01 1.515110e+00 -0.993327 0.002048 0.009737 0.969756 0.009737 0.002048 0.993327 -0.002121 -0.009987 -0.969110 -0.009987 -0.002121 0.000000 
5.000000e-01 5.000000e-01 4.999645e-03 5.000000e-01 5.000000e-01 1.515110e+00 -0.993327 0.002048 0.009737 0.969756 0.009737 0.002048 0.993327 -0.002121 -0.009987 -0.969110 -0.009987 -0.002121 0.000000 
5.000000e-01 5.000000e-01 4.999645e-03 5.000000e-01 5.000000e-01 1.515110e+00 -0.993327 0.002048 0.009737 0.969756 0.009737 0.002048 0.993327 -0.002121 -0.009987 -0.969110 -0.009987 -0.002121 0.000000 
5.000000e-01 5.000000e-01 4.999645e-03 5.000000e-01 5.000000e-01 1.515110e+00 -0.993327 0.002048 0.009737 0.969756 0.009737 0.002048 0.993327 -0.002121 -0.009987 -0.969110 -0.009987 -0.002121 0.000000 
5.000000e-01 5.000000e-01 4.999645e-03 5.000000e-01 5.000000e-01 1.515110e+00 -0.993327 0.002048 0.009737 0.969756 0.009737 0.002048 0.993327 -0.002121 -0.009987 -0.969110 -0.009987 -0.002121 0.000000 
5.000000e-01 5.000000e-01 4.999645e-03 5.000000e-01 5.000000e-01 1.515110e+00 -0.993327 0.002048 0.009737 0.969756 0.009737 0.002048 0.993327 -0.002121 -0.009987 -0.969110 -0.009987 -0.002121 0.000000 
5.000000e-01 5.000000e-01 4.999645e-03 5.000000e-01 5.000000e-01 1.515110e+00 -0.993327 0.002048 0.009737 0.969756 0.009737 0.002048 0.993327 -0.002121 -0.009987 -0.969110 -0.009987 -0.002121 0.000000 
5.000000e-01 5.000000e-01 4.999645e-03 5.000000e-01 5.000000e-01 1.515110e+00 -0.993327 0.002048 0.009737 0.969756 0.009737 0.002048 0.993327 -0.002121 -0.009987 -0.969110 -0.009987 -0.002121 0.000000 
5.000000e-01 5.000000e-01 4.999645e-03 5.000000e-01 5.000000e-01 1.515110e+00 -0.993327 0.002048 0.009737 0.969756 0.009737 0.002048 0.993327 -0.002121 -0.009987 -0.969110 -0.009987 -0.002121 0.000000 
5.000000e-01 5.000000e-01 4.999645e-03 5.000000e-01 5.000000e-01 1.515110e+00 -0.993327 0.002048 0.009737 0.969756 0.009737 0.002048 0.993327 -0.002121 -0.009987 -0.969110 -0.009987 -0.002121 0.000000 
5.000000e-01 5.000000e-01 4.999645e-03 5.000000e-01 5.000000e-01 1.515110e+00 -0.993327 0.002048 0.009737 0.969756 0.009737 0.002048 0.993327 -0.002121 -0.009987 -0.969110 -0.009987 -0.002121 0.000000 
5.000000e-01 5.000000e-01 4.999645e-03 5.000000e-01 5.000000e-01 1.515110e+00 -0.993327 0.002048 0.009737 0.969756 0.009737 0.002048 0.993327 -0.002121 -0.009987 -0.969110 -0.009987 -0.002121 0.000000 
5.000000e-01 5.000000e-01 4.999645e-03 5.000000e-01 5.000000e-01 1.515110e+00 -0.993327 0.002048 0.009737 0.969756 0.009737 0.002048 0.993327 -0.002121 -0.009987 -0.969110 -0.009987 -0.002121 0.000000 
5.000000e-01 5.000000e-01 4.999645e-03 5.000000e-01 5.000000e-01 1.515110e+00 -0.993327 0.002048 0.009737 0.969756 0.009737 0.002048 0.993327 -0.002121 -0.009987 -0.969110 -0.009987 -0.002121 0.000000 
5.000000e-01 5.000000e-01 4.999645e-03 5.000000e-01 5.000000e-01 1.515110e+00 -0.993327 0.002048 0.009737 0.969756 0.009737 0.002048 0.993327 -0.002121 -0.009987 -0.969110 -0.009987 -0.002121 0.000000 
5.000000e-01 5.000000e-01 4.999645e-03 5.000000e-01 5.000000e-01 1.515110e+00 -0.993327 0.002048 0.009737 0.969756 0.009737 0.002048 0.993327 -0.002121 -0.009987 -0.969110 -0.009987 -0.002121 0.000000 
5.000000e-01 5.000000e-01 4.999645e-03 5.000000e-01 5.000000e-01 1.515110e+00 -0.993327 0.002048 0.009737 0.969756 0.009737 0.002048 0.993327 -0.002121 -0.009987 -0.969110 -0.009987 -0.002121 0.000000 
5.000000e-01 5.000000e-01 4.999645e-03 5.000000e-01 5.000000e-01 1.515110e+00 -0.993327 0.002048 0.009737 0.969756 0.009737 0.002048 0.993327 -0.002121 -0.009987 -0.969110 -0.009987 -0.002121 0.000000 
5.000000e-01 5.000000e-01 4.999645e-03 5.000000e-01 5.000000e-01 1.515110e+00 -0.993327 0.002048 0.009737 0.969756 0.009737 0.002048 0.993327 -0.002121 -0.009987 -0.969110 -0.009987 -0.002121 0.000000 
5.000000e-01 5.000000e-01 4.999645e-03 5.000000e-01 5.000000e-01 1.515110e+00 -0.993327 0.002048 0.009737 0.969756 0.009737 0.002048 0.993327 -0.002121 -0.009987 -0.969110 -0.009987 -0.002121 0.000000 
5.000000e-01 5.000000e-01 4.999645e-03 5.000000e-01 5.000000e-01 1.515110e+00 -0.993327 0.002048 0.009737 0.969756 0.009737 0.002048 0.993327 -0.002121 -0.009987 -0.969110 -0.009987 -0.002121 0.000000 
5.000000e-01 5.000000e-01 4.999645e-03 5.000000e-01 5.000000e-01 1.515110e+00 -0.993327 0.002048 0.009737 0.969756 0.009737 0.002048 0.993327 -0.002121 -0.009987 -0.969110 -0.009987 -0.002121 0.000000 
5.000000e-01 5.000000e-01 4.999645e-03 5.000000e-01 5.000000e-01 1.515110e+00 -0.993327 0.002048 0.009737 0.969756 0.009737 0.002048 0.993327 -0.002121 -0.009987 -0.969110 -0.009987 -0.002121 0.000000 
5.000000e-01 5.000000e-01 4.999645e-03 5.000000e-01 5.000000e-01 1.515110e+00 -0.993327 0.002048 0.009737 0.969756 0.009737 0.002048 0.993327 -0.002121 -0.009987 -0.969110 -0.009987 -0.002121 0.000000 
5.000000e-01 5.000000e-01 4.999645e-03 5.000000e-01 5.000000e-01 1.515110e+00 -0.993327 0.002048 0.009737 0.969756 0.009737 0.002048 0.993327 -0.002121 -0.009987 -0.969110 -0.009987 -0.002121 0.000000 
5.000000e-01 5.000000e-01 4.999645e-03 5.000000e-01 5.000000e-01 1.515110e+00 -0.993327 0.002048 0.009737 0.969756 0.009737 0.002048 0.993327 -0.002121 -0.009987 -0.969110 -0.009987 -0.002121 0.000000 
5.000000e-01 5.000000e-01 4.999645e-03 5.000000e-01 5.000000e-01 1.515110e+00 -0.993327 0.002048 0.009737 0.969756 0.009737 0.002048 0.993327 -0.002121 -0.009987 -0.969110 -0.009987 -0.002121 0.000000 
5.000000e-01 5.000000e-01 4.999645e-03 5.000000e-01 5.000000e-01 1.515110e+00 -0.993327 0.002048 0.009737 0.969756 0.009737 0.002048 0.993327 -0.002121 -0.009987 -0.969110 -0.009987 -0.002121 0.000000 
5.000000e-01 5.000000e-01 4.999645e-03 5.000000e-01 5.000000e-01 1.515110e+00 -0.993327 0.002048 0.009737 0.969756 0.009737 0.002048 0.993327 -0.002121 -0.009987 -0.969110 -0.009987 -0.002121 0.000000 
5.000000e-01 5.000000e-01 4.999645e-03 5.000000e-01 5.000000e-01 1.515110e+00 -0.993327 0.002048 0.009737 0.969756 0.009737 0.002048 0.993327 -0.002121 -0.009987 -0.969110 -0.009987 -0.002121 0.000000 
5.000000e-01 5.000000e-01 4.999645e-03 5.000000e-01 5.000000e-01 1.515110e+00 -0.993327 0.002048 0.009737 0.969756 0.009737 0.002048 0.993327 -0.002121 -0.009987 -0.969110 -0.009987 -0.002121 0.000000 
5.000000e-01 5.000000e-01 4.999645e-03 5.000000e-01 5.000000e-01 1.515110e+00 -0.993327 0.002048 0.009737 0.969756 0.009737 0.002048 0.993327 -0.002121 -0.009987 -0.969110 -0.009987 -0.002121 0.000000 
5.000000e-01 5.000000e-01 4.999645e-03 5.000000e-01 5.000000e-01 1.515110e+00 -0.993327 0.002048 0.009737 0.969756 0.009737 0.002048 0.993327 -0.002121 -0.009987 -0.969110 -0.009987 -0.002121 0.000000 
5.000000e-01 5.000000e-01 4.999645e-03 5.000000e-01 5.000000e-01 1.515110e+00 -0.993327 0.002048 0.009737 0.969756 0.009737 0.002048 0.993327 -0.002121 -0.009987 -0.969110 -0.009987 -0.002121 0.000000 
5.000000e-01 5.000000e-01 4.999645e-03 5.000000e-01 5.000000e-01 1.515110e+00 -0.993327 0.002048 0.009737 0.969756 0.009737 0.002048 0.993327 -0.002121 -0.009987 -0.969110 -0.009987 -0.002121 0.000000 
5.000000e-01 5.000000e-01 4.999645e-03 5.000000e-01 5.000000e-01 1.515110e+00 -0.993327 0.002048 0.009737 0.969756 0.009737 0.002048 0.993327 -0.002121 -0.009987 -0.969110 -0.009987 -0.002121 0.000000 
5.000000e-01 5.000000e-01 4.999645e-03 5.000000e-01 5.000000e-01 1.515110e+00 -0.993327 0.002048 0.009737 0.969756 0.009737 0.002048 0.993327 -0.002121 -0.009987 -0.969110 -0.009987 -0.002121 0.000000 
5.000000e-01 5.000000e-01 4.999645e-03 5.000000e-01 5.000000e-01 1.515110e+00 -0.993327 0.002048 0.009737 0.969756 0.009737 0.002048 0.993327 -0.002121 -0.009987 -0.969110 -0.009987 -0.002121 0.000000 
5.000000e-01 5.000000e-01 4.999645e-03 5.000000e-01 5.000000e-01 1.515110e+00 -0.993327 0.002048 0.009737 0.969756 0.009737 0.002048 0.993327 -0.002121 -0.009987 -0.969110 -0.009987 -0.002121 0.000000 
5.000000e-01 5.000000e-01 4.999645e-03 5.000000e-01 5.000000e-01 1.515110e+00 -0.993327 0.002048 0.009737 0.969756 0.009737 0.002048 0.993327 -0.002121 -0.009987 -0.969110 -0.009987 -0.002121 0.000000 
5.000000e-01 5.000000e-01 4.999645e-03 5.000000e-01 5.000000e-01 1.515110e+00 -0.993327 0.002048 0.009737 0.969756 0.009737 0.002048 0.993327 -0.002121 -0.009987 -0.969110 -0.009987 -0.002121 0.000000 
5.000000e-01 5.000000e-01 4.999645e-03 5.000000e-01 5.000000e-01 1.515110e+00 -0.993327 0.002048 0.009737 0.969756 0.009737 0.002048 0.993327 -0.002121 -0.009987 -0.969110 -0.009987 -0.002121 0.000000 
5.000000e-01 5.000000e-01 4.999645e-03 5.000000e-01 5.000000e-01 1.515110e+00 -0.993327 0.002048 0.009737 0.969756 0.009737 0.002048 0.993327 -0.002121 -0.009987 -0.969110 -0.009987 -0.002121 0.000000 
5.000000e-01 5.000000e-01 4.999645e-03 5.000000e-01 5.000000e-01 1.515110e+00 -0.993327 0.002048 0.009737 0.969756 0.009737 0.002048 0.993327 -0.002121 -0.009987 -0.969110 -0.009987 -0.002121 0.000000 
5.000000e-01 5.000000e-01 4.999645e-03 5.000000e-01 5.000000e-01 1.515110e+00 -0.993327 0.002048 0.009737 0.969756 0.009737 0.002048 0.993327 -0.002121 -0.009987 -0.969110 -0.009987 -0.002121 0.000000 
5.000000e-01 5.000000e-01 4.999645e-03 5.000000e-01 5.000000e-01 1.515110e+00 -0.993327 0.002048 0.009737 0.969756 0.009737 0.002048 0.993327 -0.002121 -0.009987 -0.969110 -0.009987 -0.002121 0.000000 
5.000000e-01 5.000000e-01 4.999645e-03 5.000000e-01 5.000000e-01 1.515110e+00 -0.993327 0.002048 0.009737 0.969756 0.009737 0.002048 0.993327 -0.002121 -0.009987 -0.969110 -0.009987 -0.002121 0.000000 
5.000000e-01 5.000000e-01 4.999645e-03 5.000000e-01 5.000000e-01 1.515110e+00 -0.993327 0.002048 0.009737 0.969756 0.009737 0.002048 0.993327 -0.002121 -0.009987 -0.969110 -0.009987 -0.002121 0.000000 
5.000000e-01 5.000000e-01 4.999645e-03 5.000000e-01 5.000000e-01 1.515110e+00 -0.993327 0.002048 0.009737 0.969756 0.009737 0.002048 0.993327 -0.002121 -0.009987 -0.969110 -0.009987 -0.002121 0.000000 
5.000000e-01 5.000000e-01 4.999645e-03 5.000000e-01 5.000000e-01 1.515110e+00 -0.993327 0.002048 0.009737 0.969756 0.009737 0.002048 0.993327 -0.002121 -0.009987 -0.969110 -0.009987 -0.002121 0.000000 
5.000000e-01 5.000000e-01 4.999645e-03 5.000000e-01 5.000000e-01 1.515110e+00 -0.993327 0.002048 0.009737 0.969756 0.009737 0.002048 0.993327 -0.002121 -0.009987 -0.969110 -0.009987 -0.002121 0.000000 
5.000000e-01 5.000000e-01 4.999645e-03 5.000000e-01 5.000000e-01 1.515110e+00 -0.993327 0.002048 0.009737 0.969756 0.009737 0.002048 0.993327 -0.002121 -0.009987 -0.969110 -0.009987 -0.002121 0.000000 
5.000000e-01 5.000000e-01 4.999645e-03 5.000000e-01 5.000000e-01 1.515110e+00 -0.993327 0.002048 0.009737 0.969756 0.009737 0.002048 0.993327 -0.002121 -0.009987 -0.969110 -0.009987 -0.002121 0.000000 
5.000000e-01 5.000000e-01 4.999645e-03 5.000000e-01 5.000000e-01 1.515110e+00 -0.993327 0.002048 0.009737 0.969756 0.009737 0.002048 0.993327 -0.002121 -0.009987 -0.969110 -0.009987 -0.002121 0.000000 
5.000000e-01 5.000000e-01 4.999645e-03 5.000000e-01 5.000000e-01 1.515110e+00 -0.993327 0.002048 0.009737 0.969756 0.009737 0.002048 0.993327 -0.002121 -0.009987 -0.969110 -0.009987 -0.002121 0.000000 
5.000000e-01 5.000000e-01 4.999645e-03 5.000000e-01 5.000000e-01 1.515110e+00 -0.993327 0.002048 0.009737 0.969756 0.009737 0.002048 0.993327 -0.002121 -0.009987 -0.969110 -0.009987 -0.002121 0.000000 
