# TeX TeY TeZ ThX ThY THZ P1 P2
5.000000e-01 5.000000e-01 1.190000e+00 5.000000e-01 5.000000e-01 1.190000e+00 0.000000 0.000000 0.000000 0.000000 0.000000 0.000000 0.000000 0.000000 0.000000 0.000000 0.000000 0.000000 0.000000 
5.000000e-01 5.000000e-01 1.180741e+00 5.000000e-01 5.000000e-01 1.197372e+00 -0.010914 -0.001350 0.002568 0.008478 0.002568 -0.001350 0.010914 -0.001973 -0.002317 -0.002335 -0.002317 -0.001973 0.000000 
5.000000e-01 5.000000e-01 1.171419e+00 5.000000e-01 5.000000e-01 1.204719e+00 -0.021853 -0.002667 0.005144 0.016897 0.005144 -0.002667 0.021853 -0.003950 -0.004639 -0.004676 -0.004639 -0.003950 0.000000 
5.000000e-01 5.000000e-01 1.162034e+00 5.000000e-01 5.000000e-01 1.212040e+00 -0.032816 -0.003951 0.007723 0.025273 0.007723 -0.003951 0.032816 -0.005931 -0.006966 -0.007022 -0.006966 -0.005931 0.000000 
5.000000e-01 5.000000e-01 1.152587e+00 5.000000e-01 5.000000e-01 1.219335e+00 -0.043803 -0.005215 0.010295 0.033642 0.010295 -0.005215 0.043803 -0.007916 -0.009298 -0.009374 -0.009298 -0.007916 0.000000 
5.000000e-01 5.000000e-01 1.143079e+00 5.000000e-01 5.000000e-01 1.226603e+00 -0.054813 -0.006479 0.012845 0.042082 0.012845 -0.006479 0.054813 -0.009905 -0.011636 -0.011732 -0.011636 -0.009905 0.000000 
5.000000e-01 5.000000e-01 1.133509e+00 5.000000e-01 5.000000e-01 1.233845e+00 -0.065846 -0.007721 0.015376 0.050537 0.015376 -0.007721 0.065846 -0.011897 -0.013978 -0.014095 -0.013978 -0.011897 0.000000 
5.000000e-01 5.000000e-01 1.123879e+00 5.000000e-01 5.000000e-01 1.241060e+00 -0.076901 -0.008943 0.017884 0.059019 0.017884 -0.008943 0.076901 -0.013893 -0.016326 -0.016463 -0.016326 -0.013893 0.000000 
5.000000e-01 5.000000e-01 1.114188e+00 5.000000e-01 5.000000e-01 1.248248e+00 -0.087977 -0.010172 0.020348 0.067626 0.020348 -0.010172 0.087978 -0.015892 -0.018678 -0.018837 -0.018678 -0.015892 0.000000 
5.000000e-01 5.000000e-01 1.104438e+00 5.000000e-01 5.000000e-01 1.255407e+00 -0.099075 -0.011404 0.022764 0.076355 0.022764 -0.011404 0.099075 -0.017894 -0.021035 -0.021217 -0.021035 -0.017894 0.000000 
5.000000e-01 5.000000e-01 1.094629e+00 5.000000e-01 5.000000e-01 1.262539e+00 -0.110193 -0.012625 0.025136 0.085171 0.025136 -0.012625 0.110193 -0.019899 -0.023396 -0.023602 -0.023396 -0.019899 0.000000 
5.000000e-01 5.000000e-01 1.084762e+00 5.000000e-01 5.000000e-01 1.269643e+00 -0.121330 -0.013843 0.027455 0.094105 0.027455 -0.013843 0.121331 -0.021906 -0.025762 -0.025993 -0.025762 -0.021906 0.000000 
5.000000e-01 5.000000e-01 1.074836e+00 5.000000e-01 5.000000e-01 1.276717e+00 -0.132488 -0.015095 0.029681 0.103315 0.029681 -0.015095 0.132488 -0.023916 -0.028133 -0.028389 -0.028133 -0.023916 0.000000 
5.000000e-01 5.000000e-01 1.064853e+00 5.000000e-01 5.000000e-01 1.283763e+00 -0.143663 -0.016344 0.031838 0.112675 0.031838 -0.016344 0.143663 -0.025929 -0.030507 -0.030791 -0.030507 -0.025929 0.000000 
5.000000e-01 5.000000e-01 1.054813e+00 5.000000e-01 5.000000e-01 1.290779e+00 -0.154857 -0.017593 0.033925 0.122193 0.033925 -0.017593 0.154857 -0.027943 -0.032886 -0.033199 -0.032886 -0.027943 0.000000 
5.000000e-01 5.000000e-01 1.044716e+00 5.000000e-01 5.000000e-01 1.297765e+00 -0.166069 -0.018879 0.035887 0.132053 0.035887 -0.018879 0.166069 -0.029959 -0.035270 -0.035612 -0.035270 -0.029959 0.000000 
5.000000e-01 5.000000e-01 1.034563e+00 5.000000e-01 5.000000e-01 1.304721e+00 -0.177298 -0.020182 0.037737 0.142189 0.037737 -0.020182 0.177298 -0.031977 -0.037657 -0.038031 -0.037657 -0.031977 0.000000 
5.000000e-01 5.000000e-01 1.024354e+00 5.000000e-01 5.000000e-01 1.311647e+00 -0.188543 -0.021491 0.039488 0.152550 0.039488 -0.021491 0.188543 -0.033996 -0.040048 -0.040455 -0.040048 -0.033996 0.000000 
5.000000e-01 5.000000e-01 1.014091e+00 5.000000e-01 5.000000e-01 1.318541e+00 -0.199804 -0.022832 0.041093 0.163282 0.041093 -0.022832 0.199804 -0.036016 -0.042444 -0.042886 -0.042444 -0.036016 0.000000 
5.000000e-01 5.000000e-01 1.003773e+00 5.000000e-01 5.000000e-01 1.325404e+00 -0.211081 -0.024209 0.042521 0.174458 0.042521 -0.024209 0.211081 -0.038036 -0.044843 -0.045322 -0.044843 -0.038036 0.000000 
5.000000e-01 5.000000e-01 9.934004e-01 5.000000e-01 5.000000e-01 1.332236e+00 -0.222373 -0.025596 0.043817 0.185932 0.043817 -0.025596 0.222373 -0.040058 -0.047246 -0.047765 -0.047246 -0.040058 0.000000 
5.000000e-01 5.000000e-01 9.829745e-01 5.000000e-01 5.000000e-01 1.339035e+00 -0.233679 -0.027011 0.044939 0.197823 0.044939 -0.027011 0.233679 -0.042080 -0.049653 -0.050214 -0.049653 -0.042080 0.000000 
5.000000e-01 5.000000e-01 9.724954e-01 5.000000e-01 5.000000e-01 1.345802e+00 -0.245000 -0.028476 0.045804 0.210345 0.045804 -0.028476 0.245000 -0.044101 -0.052064 -0.052670 -0.052064 -0.044101 0.000000 
5.000000e-01 5.000000e-01 9.619636e-01 5.000000e-01 5.000000e-01 1.352536e+00 -0.256334 -0.029953 0.046497 0.223246 0.046497 -0.029953 0.256334 -0.046123 -0.054478 -0.055132 -0.054478 -0.046123 0.000000 
5.000000e-01 5.000000e-01 9.513796e-01 5.000000e-01 5.000000e-01 1.359236e+00 -0.267680 -0.031456 0.046977 0.236638 0.046977 -0.031456 0.267680 -0.048144 -0.056896 -0.057601 -0.056896 -0.048144 0.000000 
5.000000e-01 5.000000e-01 9.407438e-01 5.000000e-01 5.000000e-01 1.365903e+00 -0.279040 -0.033015 0.047105 0.250861 0.047105 -0.033015 0.279040 -0.050164 -0.059318 -0.060077 -0.059318 -0.050164 0.000000 
5.000000e-01 5.000000e-01 9.300567e-01 5.000000e-01 5.000000e-01 1.372535e+00 -0.290412 -0.034587 0.047017 0.265551 0.047017 -0.034587 0.290412 -0.052182 -0.061743 -0.062560 -0.061743 -0.052182 0.000000 
5.000000e-01 5.000000e-01 9.193187e-01 5.000000e-01 5.000000e-01 1.379133e+00 -0.301795 -0.036182 0.046652 0.280857 0.046652 -0.036182 0.301795 -0.054199 -0.064173 -0.065051 -0.064173 -0.054199 0.000000 
5.000000e-01 5.000000e-01 9.085303e-01 5.000000e-01 5.000000e-01 1.385697e+00 -0.313191 -0.037833 0.045836 0.297186 0.045836 -0.037833 0.313191 -0.056214 -0.066606 -0.067551 -0.066606 -0.056214 0.000000 
5.000000e-01 5.000000e-01 8.976920e-01 5.000000e-01 5.000000e-01 1.392225e+00 -0.324597 -0.039494 0.044757 0.314070 0.044757 -0.039494 0.324597 -0.058227 -0.069042 -0.070059 -0.069042 -0.058227 0.000000 
5.000000e-01 5.000000e-01 8.868041e-01 5.000000e-01 5.000000e-01 1.398717e+00 -0.336014 -0.041185 0.043297 0.331791 0.043297 -0.041185 0.336014 -0.060236 -0.071483 -0.072576 -0.071483 -0.060236 0.000000 
5.000000e-01 5.000000e-01 8.758672e-01 5.000000e-01 5.000000e-01 1.405174e+00 -0.347443 -0.042922 0.041305 0.350676 0.041305 -0.042922 0.347443 -0.062243 -0.073927 -0.075102 -0.073927 -0.062243 0.000000 
5.000000e-01 5.000000e-01 8.648816e-01 5.000000e-01 5.000000e-01 1.411594e+00 -0.358881 -0.044664 0.039008 0.370193 0.039008 -0.044664 0.358881 -0.064246 -0.076376 -0.077639 -0.076376 -0.064246 0.000000 
5.000000e-01 5.000000e-01 8.538479e-01 5.000000e-01 5.000000e-01 1.417978e+00 -0.370331 -0.046444 0.036158 0.390902 0.036158 -0.046444 0.370331 -0.066244 -0.078828 -0.080186 -0.078828 -0.066244 0.000000 
5.000000e-01 5.000000e-01 8.427663e-01 5.000000e-01 5.000000e-01 1.424325e+00 -0.381792 -0.048252 0.032753 0.412789 0.032753 -0.048252 0.381792 -0.068239 -0.081285 -0.082744 -0.081285 -0.068239 0.000000 
5.000000e-01 5.000000e-01 8.316374e-01 5.000000e-01 5.000000e-01 1.430635e+00 -0.393262 -0.050061 0.029013 0.435357 0.029013 -0.050061 0.393262 -0.070227 -0.083746 -0.085314 -0.083746 -0.070227 0.000000 
5.000000e-01 5.000000e-01 8.204615e-01 5.000000e-01 5.000000e-01 1.436908e+00 -0.404744 -0.051916 0.024465 0.459646 0.024465 -0.051916 0.404744 -0.072211 -0.086212 -0.087897 -0.086212 -0.072211 0.000000 
5.000000e-01 5.000000e-01 8.092391e-01 5.000000e-01 5.000000e-01 1.443143e+00 -0.416237 -0.053776 0.019446 0.484899 0.019446 -0.053776 0.416237 -0.074188 -0.088683 -0.090495 -0.088683 -0.074188 0.000000 
5.000000e-01 5.000000e-01 7.979706e-01 5.000000e-01 5.000000e-01 1.449341e+00 -0.427740 -0.055641 0.013969 0.511085 0.013969 -0.055641 0.427740 -0.076157 -0.091159 -0.093108 -0.091159 -0.076157 0.000000 
5.000000e-01 5.000000e-01 7.866564e-01 5.000000e-01 5.000000e-01 1.455501e+00 -0.439257 -0.057542 0.007588 0.539166 0.007588 -0.057542 0.439257 -0.078119 -0.093640 -0.095737 -0.093640 -0.078119 0.000000 
5.000000e-01 5.000000e-01 7.752969e-01 5.000000e-01 5.000000e-01 1.461623e+00 -0.450782 -0.059434 0.000856 0.567939 0.000856 -0.059434 0.450783 -0.080073 -0.096127 -0.098382 -0.096127 -0.080073 0.000000 
5.000000e-01 5.000000e-01 7.638924e-01 5.000000e-01 5.000000e-01 1.467707e+00 -0.462321 -0.061343 -0.006618 0.598244 -0.006618 -0.061343 0.462321 -0.082017 -0.098620 -0.101047 -0.098620 -0.082017 0.000000 
5.000000e-01 5.000000e-01 7.524435e-01 5.000000e-01 5.000000e-01 1.473752e+00 -0.473871 -0.063257 -0.014694 0.629773 -0.014694 -0.063257 0.473871 -0.083952 -0.101119 -0.103730 -0.101119 -0.083952 0.000000 
5.000000e-01 5.000000e-01 7.409505e-01 5.000000e-01 5.000000e-01 1.479758e+00 -0.485429 -0.065159 -0.023105 0.661959 -0.023105 -0.065159 0.485429 -0.085875 -0.103623 -0.106434 -0.103623 -0.085875 0.000000 
5.000000e-01 5.000000e-01 7.294137e-01 5.000000e-01 5.000000e-01 1.485725e+00 -0.497002 -0.067078 -0.032390 0.695939 -0.032390 -0.067078 0.497002 -0.087785 -0.106135 -0.109162 -0.106135 -0.087785 0.000000 
5.000000e-01 5.000000e-01 7.178336e-01 5.000000e-01 5.000000e-01 1.491653e+00 -0.508580 -0.068975 -0.041870 0.730272 -0.041870 -0.068975 0.508581 -0.089680 -0.108652 -0.111915 -0.108652 -0.089680 0.000000 
5.000000e-01 5.000000e-01 7.062105e-01 5.000000e-01 5.000000e-01 1.497539e+00 -0.520168 -0.070868 -0.051866 0.765637 -0.051866 -0.070868 0.520168 -0.091561 -0.111177 -0.114693 -0.111177 -0.091561 0.000000 
5.000000e-01 5.000000e-01 6.945448e-01 5.000000e-01 5.000000e-01 1.503384e+00 -0.531761 -0.072742 -0.062126 0.801497 -0.062126 -0.072742 0.531761 -0.093424 -0.113707 -0.117498 -0.113707 -0.093424 0.000000 
5.000000e-01 5.000000e-01 6.828369e-01 5.000000e-01 5.000000e-01 1.509185e+00 -0.543357 -0.074593 -0.072545 0.837633 -0.072545 -0.074593 0.543357 -0.095268 -0.116244 -0.120332 -0.116244 -0.095268 0.000000 
5.000000e-01 5.000000e-01 6.710872e-01 5.000000e-01 5.000000e-01 1.514959e+00 -0.554965 -0.076430 -0.083176 0.874177 -0.083176 -0.076430 0.554965 -0.097094 -0.118789 -0.123199 -0.118789 -0.097094 0.000000 
5.000000e-01 5.000000e-01 6.592960e-01 5.000000e-01 5.000000e-01 1.515011e+00 -0.562740 -0.075142 -0.081618 0.876262 -0.081618 -0.075142 0.562741 -0.098198 -0.120529 -0.125286 -0.120529 -0.098198 0.000000 
5.000000e-01 5.000000e-01 6.474637e-01 5.000000e-01 5.000000e-01 1.515011e+00 -0.570508 -0.073814 -0.079946 0.878028 -0.079946 -0.073814 0.570508 -0.099275 -0.122274 -0.127410 -0.122274 -0.099275 0.000000 
5.000000e-01 5.000000e-01 6.355906e-01 5.000000e-01 5.000000e-01 1.515011e+00 -0.578302 -0.072476 -0.078269 0.879792 -0.078269 -0.072476 0.578302 -0.100329 -0.124032 -0.129579 -0.124032 -0.100329 0.000000 
5.000000e-01 5.000000e-01 6.236771e-01 5.000000e-01 5.000000e-01 1.515011e+00 -0.586122 -0.071127 -0.076589 0.881554 -0.076589 -0.071127 0.586122 -0.101360 -0.125803 -0.131796 -0.125803 -0.101360 0.000000 
5.000000e-01 5.000000e-01 6.117235e-01 5.000000e-01 5.000000e-01 1.515011e+00 -0.593969 -0.069768 -0.074904 0.883315 -0.074904 -0.069768 0.593969 -0.102364 -0.127587 -0.134065 -0.127587 -0.102364 0.000000 
5.000000e-01 5.000000e-01 5.997303e-01 5.000000e-01 5.000000e-01 1.515011e+00 -0.601841 -0.068400 -0.073216 0.885074 -0.073216 -0.068400 0.601842 -0.103339 -0.129386 -0.136391 -0.129386 -0.103339 0.000000 
5.000000e-01 5.000000e-01 5.876976e-01 5.000000e-01 5.000000e-01 1.515011e+00 -0.609740 -0.067022 -0.071524 0.886831 -0.071524 -0.067022 0.609740 -0.104278 -0.131200 -0.138783 -0.131200 -0.104278 0.000000 
5.000000e-01 5.000000e-01 5.756259e-01 5.000000e-01 5.000000e-01 1.515011e+00 -0.617664 -0.065635 -0.069827 0.888589 -0.069827 -0.065635 0.617664 -0.105182 -0.133029 -0.141241 -0.133029 -0.105182 0.000000 
5.000000e-01 5.000000e-01 5.635156e-01 5.000000e-01 5.000000e-01 1.515011e+00 -0.625614 -0.064239 -0.068127 0.890346 -0.068127 -0.064239 0.625614 -0.106048 -0.134873 -0.143770 -0.134873 -0.106048 0.000000 
5.000000e-01 5.000000e-01 5.513669e-01 5.000000e-01 5.000000e-01 1.515011e+00 -0.633588 -0.062835 -0.066422 0.892103 -0.066422 -0.062835 0.633588 -0.106873 -0.136733 -0.146376 -0.136733 -0.106873 0.000000 
5.000000e-01 5.000000e-01 5.391801e-01 5.000000e-01 5.000000e-01 1.515011e+00 -0.641588 -0.061423 -0.064713 0.893861 -0.064713 -0.061423 0.641588 -0.107650 -0.138610 -0.149069 -0.138610 -0.107650 0.000000 
5.000000e-01 5.000000e-01 5.269556e-01 5.000000e-01 5.000000e-01 1.515011e+00 -0.649612 -0.060003 -0.063000 0.895620 -0.063000 -0.060003 0.649612 -0.108372 -0.140503 -0.151860 -0.140503 -0.108372 0.000000 
5.000000e-01 5.000000e-01 5.146938e-01 5.000000e-01 5.000000e-01 1.515011e+00 -0.657660 -0.058576 -0.061283 0.897379 -0.061283 -0.058576 0.657661 -0.109041 -0.142414 -0.154751 -0.142414 -0.109041 0.000000 
5.000000e-01 5.000000e-01 5.023948e-01 5.000000e-01 5.000000e-01 1.515011e+00 -0.665733 -0.057141 -0.059562 0.899140 -0.059562 -0.057141 0.665733 -0.109651 -0.144341 -0.157749 -0.144341 -0.109651 0.000000 
5.000000e-01 5.000000e-01 4.900591e-01 5.000000e-01 5.000000e-01 1.515011e+00 -0.673830 -0.055700 -0.057836 0.900903 -0.057836 -0.055700 0.673830 -0.110198 -0.146285 -0.160864 -0.146285 -0.110198 0.000000 
5.000000e-01 5.000000e-01 4.776870e-01 5.000000e-01 5.000000e-01 1.515011e+00 -0.681951 -0.054251 -0.056106 0.902666 -0.056106 -0.054251 0.681951 -0.110665 -0.148247 -0.164125 -0.148247 -0.110665 0.000000 
5.000000e-01 5.000000e-01 4.652788e-01 5.000000e-01 5.000000e-01 1.515011e+00 -0.690096 -0.052796 -0.054372 0.904432 -0.054372 -0.052796 0.690096 -0.111057 -0.150226 -0.167528 -0.150226 -0.111057 0.000000 
5.000000e-01 5.000000e-01 4.528347e-01 5.000000e-01 5.000000e-01 1.515011e+00 -0.698263 -0.051335 -0.052633 0.906200 -0.052633 -0.051335 0.698264 -0.111368 -0.152221 -0.171085 -0.152221 -0.111368 0.000000 
5.000000e-01 5.000000e-01 4.403551e-01 5.000000e-01 5.000000e-01 1.515011e+00 -0.706454 -0.049867 -0.050890 0.907970 -0.050890 -0.049867 0.706455 -0.111592 -0.154230 -0.174810 -0.154230 -0.111592 0.000000 
5.000000e-01 5.000000e-01 4.278402e-01 5.000000e-01 5.000000e-01 1.515011e+00 -0.714669 -0.048394 -0.049143 0.909743 -0.049143 -0.048394 0.714669 -0.111707 -0.156254 -0.178745 -0.156254 -0.111707 0.000000 
5.000000e-01 5.000000e-01 4.152904e-01 5.000000e-01 5.000000e-01 1.515011e+00 -0.722905 -0.046914 -0.047392 0.911518 -0.047392 -0.046914 0.722906 -0.111717 -0.158290 -0.182890 -0.158290 -0.111717 0.000000 
5.000000e-01 5.000000e-01 4.027060e-01 5.000000e-01 5.000000e-01 1.515011e+00 -0.731165 -0.045429 -0.045636 0.913295 -0.045636 -0.045429 0.731165 -0.111617 -0.160335 -0.187261 -0.160335 -0.111617 0.000000 
5.000000e-01 5.000000e-01 3.900872e-01 5.000000e-01 5.000000e-01 1.515011e+00 -0.739447 -0.043938 -0.043876 0.915076 -0.043876 -0.043938 0.739447 -0.111397 -0.162386 -0.191880 -0.162386 -0.111397 0.000000 
5.000000e-01 5.000000e-01 3.774344e-01 5.000000e-01 5.000000e-01 1.515011e+00 -0.747751 -0.042442 -0.042112 0.916859 -0.042112 -0.042442 0.747751 -0.111029 -0.164438 -0.196817 -0.164438 -0.111029 0.000000 
5.000000e-01 5.000000e-01 3.647478e-01 5.000000e-01 5.000000e-01 1.515011e+00 -0.756077 -0.040940 -0.040344 0.918645 -0.040344 -0.040940 0.756077 -0.110520 -0.166486 -0.202064 -0.166486 -0.110520 0.000000 
5.000000e-01 5.000000e-01 3.520276e-01 5.000000e-01 5.000000e-01 1.515011e+00 -0.764425 -0.039434 -0.038571 0.920434 -0.038571 -0.039434 0.764425 -0.109864 -0.168523 -0.207651 -0.168523 -0.109864 0.000000 
5.000000e-01 5.000000e-01 3.392743e-01 5.000000e-01 5.000000e-01 1.515011e+00 -0.772795 -0.037922 -0.036794 0.922227 -0.036794 -0.037922 0.772795 -0.109042 -0.170539 -0.213632 -0.170539 -0.109042 0.000000 
5.000000e-01 5.000000e-01 3.264879e-01 5.000000e-01 5.000000e-01 1.515011e+00 -0.781186 -0.036405 -0.035013 0.924022 -0.035013 -0.036405 0.781186 -0.108028 -0.172520 -0.220089 -0.172520 -0.108028 0.000000 
5.000000e-01 5.000000e-01 3.136689e-01 5.000000e-01 5.000000e-01 1.515011e+00 -0.789598 -0.034884 -0.033228 0.925821 -0.033228 -0.034884 0.789598 -0.106833 -0.174456 -0.227022 -0.174456 -0.106833 0.000000 
5.000000e-01 5.000000e-01 3.008174e-01 5.000000e-01 5.000000e-01 1.515011e+00 -0.798031 -0.033358 -0.031438 0.927623 -0.031438 -0.033358 0.798032 -0.105444 -0.176330 -0.234483 -0.176330 -0.105444 0.000000 
5.000000e-01 5.000000e-01 2.879338e-01 5.000000e-01 5.000000e-01 1.515011e+00 -0.806486 -0.031827 -0.029644 0.929428 -0.029644 -0.031827 0.806486 -0.103824 -0.178110 -0.242617 -0.178110 -0.103824 0.000000 
5.000000e-01 5.000000e-01 2.750182e-01 5.000000e-01 5.000000e-01 1.515011e+00 -0.814961 -0.030292 -0.027846 0.931237 -0.027846 -0.030292 0.814961 -0.101975 -0.179774 -0.251463 -0.179774 -0.101975 0.000000 
5.000000e-01 5.000000e-01 2.620709e-01 5.000000e-01 5.000000e-01 1.515011e+00 -0.823457 -0.028752 -0.026044 0.933049 -0.026044 -0.028752 0.823457 -0.099895 -0.181297 -0.261073 -0.181297 -0.099895 0.000000 
5.000000e-01 5.000000e-01 2.490922e-01 5.000000e-01 5.000000e-01 1.515011e+00 -0.831974 -0.027208 -0.024238 0.934865 -0.024238 -0.027208 0.831974 -0.097560 -0.182628 -0.271596 -0.182628 -0.097560 0.000000 
5.000000e-01 5.000000e-01 2.360822e-01 5.000000e-01 5.000000e-01 1.515011e+00 -0.840511 -0.025659 -0.022427 0.936684 -0.022427 -0.025659 0.840511 -0.094939 -0.183698 -0.283235 -0.183698 -0.094939 0.000000 
5.000000e-01 5.000000e-01 2.230412e-01 5.000000e-01 5.000000e-01 1.515011e+00 -0.849068 -0.024107 -0.020613 0.938507 -0.020613 -0.024107 0.849068 -0.092052 -0.184476 -0.296011 -0.184476 -0.092052 0.000000 
5.000000e-01 5.000000e-01 2.099692e-01 5.000000e-01 5.000000e-01 1.515011e+00 -0.857646 -0.022550 -0.018794 0.940334 -0.018794 -0.022550 0.857646 -0.088889 -0.184894 -0.310079 -0.184894 -0.088889 0.000000 
5.000000e-01 5.000000e-01 1.968665e-01 5.000000e-01 5.000000e-01 1.515011e+00 -0.866245 -0.020989 -0.016971 0.942165 -0.016971 -0.020989 0.866245 -0.085388 -0.184773 -0.325922 -0.184773 -0.085388 0.000000 
5.000000e-01 5.000000e-01 1.837332e-01 5.000000e-01 5.000000e-01 1.515011e+00 -0.874864 -0.019423 -0.015144 0.943999 -0.015144 -0.019423 0.874864 -0.081594 -0.184083 -0.343511 -0.184083 -0.081594 0.000000 
5.000000e-01 5.000000e-01 1.705691e-01 5.000000e-01 5.000000e-01 1.515011e+00 -0.883506 -0.017854 -0.013312 0.945837 -0.013312 -0.017854 0.883506 -0.077500 -0.182705 -0.363096 -0.182705 -0.077500 0.000000 
5.000000e-01 5.000000e-01 1.573743e-01 5.000000e-01 5.000000e-01 1.515011e+00 -0.892169 -0.016280 -0.011475 0.947680 -0.011475 -0.016280 0.892169 -0.073055 -0.180337 -0.385385 -0.180337 -0.073055 0.000000 
5.000000e-01 5.000000e-01 1.441483e-01 5.000000e-01 5.000000e-01 1.515011e+00 -0.900856 -0.014701 -0.009634 0.949527 -0.009634 -0.014701 0.900857 -0.068294 -0.176881 -0.410506 -0.176881 -0.068294 0.000000 
5.000000e-01 5.000000e-01 1.308909e-01 5.000000e-01 5.000000e-01 1.515011e+00 -0.909569 -0.013118 -0.007788 0.951380 -0.007788 -0.013118 0.909569 -0.063229 -0.172159 -0.438791 -0.172159 -0.063229 0.000000 
5.000000e-01 5.000000e-01 1.176011e-01 5.000000e-01 5.000000e-01 1.515011e+00 -0.918310 -0.011529 -0.005935 0.953238 -0.005935 -0.011529 0.918311 -0.057822 -0.165682 -0.471301 -0.165682 -0.057822 0.000000 
5.000000e-01 5.000000e-01 1.042780e-01 5.000000e-01 5.000000e-01 1.515011e+00 -0.927084 -0.009934 -0.004075 0.955103 -0.004075 -0.009934 0.927084 -0.052106 -0.157260 -0.508351 -0.157260 -0.052106 0.000000 
5.000000e-01 5.000000e-01 9.091985e-02 5.000000e-01 5.000000e-01 1.515011e+00 -0.935895 -0.008332 -0.002208 0.956975 -0.002208 -0.008332 0.935895 -0.046106 -0.146677 -0.550329 -0.146677 -0.046106 0.000000 
5.000000e-01 5.000000e-01 7.752476e-02 5.000000e-01 5.000000e-01 1.515011e+00 -0.944751 -0.006721 -0.000331 0.958857 -0.000331 -0.006721 0.944751 -0.039798 -0.133223 -0.598710 -0.133223 -0.039798 0.000000 
5.000000e-01 5.000000e-01 6.409044e-02 5.000000e-01 5.000000e-01 1.515011e+00 -0.953660 -0.005101 0.001556 0.960750 0.001556 -0.005101 0.953660 -0.033223 -0.116792 -0.653630 -0.116792 -0.033223 0.000000 
5.000000e-01 5.000000e-01 5.061456e-02 5.000000e-01 5.000000e-01 1.515011e+00 -0.962628 -0.003470 0.003457 0.962655 0.003457 -0.003470 0.962628 -0.026413 -0.097334 -0.715135 -0.097334 -0.026413 0.000000 
5.000000e-01 5.000000e-01 3.709570e-02 5.000000e-01 5.000000e-01 1.515011e+00 -0.971666 -0.001826 0.005372 0.964575 0.005372 -0.001826 0.971666 -0.019366 -0.074327 -0.784281 -0.074327 -0.019366 0.000000 
5.000000e-01 5.000000e-01 2.353430e-02 5.000000e-01 5.000000e-01 1.515011e+00 -0.980770 -0.000170 0.007301 0.966508 0.007301 -0.000170 0.980770 -0.012143 -0.048481 -0.859523 -0.048481 -0.012143 0.000000 
5.000000e-01 5.000000e-01 9.933886e-03 5.000000e-01 5.000000e-01 1.515011e+00 -0.989931 0.001496 0.009242 0.968454 0.009242 0.001496 0.989931 -0.004795 -0.020520 -0.939302 -0.020520 -0.004795 0.000000 
5.000000e-01 5.000000e-01 4.999952e-03 5.000000e-01 5.000000e-01 1.515011e+00 -0.993260 0.002102 0.009948 0.969161 0.009948 0.002102 0.993260 -0.002109 -0.009974 -0.969094 -0.009974 -0.002109 0.000000 
5.000000e-01 5.000000e-01 4.999952e-03 5.000000e-01 5.000000e-01 1.515011e+00 -0.993260 0.002102 0.009948 0.969161 0.009948 0.002102 0.993260 -0.002109 -0.009974 -0.969094 -0.009974 -0.002109 0.000000 
5.000000e-01 5.000000e-01 4.999952e-03 5.000000e-01 5.000000e-01 1.515011e+00 -0.993260 0.002102 0.009948 0.969161 0.009948 0.002102 0.993260 -0.002109 -0.009974 -0.969094 -0.009974 -0.002109 0.000000 
5.000000e-01 5.000000e-01 4.999952e-03 5.000000e-01 5.000000e-01 1.515011e+00 -0.993260 0.002102 0.009948 0.969161 0.009948 0.002102 0.993260 -0.002109 -0.009974 -0.969094 -0.009974 -0.002109 0.000000 
5.000000e-01 5.000000e-01 4.999952e-03 5.000000e-01 5.000000e-01 1.515011e+00 -0.993260 0.002102 0.009948 0.969161 0.009948 0.002102 0.993260 -0.002109 -0.009974 -0.969094 -0.009974 -0.002109 0.000000 
5.000000e-01 5.000000e-01 4.999952e-03 5.000000e-01 5.000000e-01 1.515011e+00 -0.993260 0.002102 0.009948 0.969161 0.009948 0.002102 0.993260 -0.002109 -0.009974 -0.969094 -0.009974 -0.002109 0.000000 
5.000000e-01 5.000000e-01 4.999952e-03 5.000000e-01 5.000000e-01 1.515011e+00 -0.993260 0.002102 0.009948 0.969161 0.009948 0.002102 0.993260 -0.002109 -0.009974 -0.969094 -0.009974 -0.002109 0.000000 
5.000000e-01 5.000000e-01 4.999952e-03 5.000000e-01 5.000000e-01 1.515011e+00 -0.993260 0.002102 0.009948 0.969161 0.009948 0.002102 0.993260 -0.002109 -0.009974 -0.969094 -0.009974 -0.002109 0.000000 
5.000000e-01 5.000000e-01 4.999952e-03 5.000000e-01 5.000000e-01 1.515011e+00 -0.993260 0.002102 0.009948 0.969161 0.009948 0.002102 0.993260 -0.002109 -0.009974 -0.969094 -0.009974 -0.002109 0.000000 
5.000000e-01 5.000000e-01 4.999952e-03 5.000000e-01 5.000000e-01 1.515011e+00 -0.993260 0.002102 0.009948 0.969161 0.009948 0.002102 0.993260 -0.002109 -0.009974 -0.969094 -0.009974 -0.002109 0.000000 
5.000000e-01 5.000000e-01 4.999952e-03 5.000000e-01 5.000000e-01 1.515011e+00 -0.993260 0.002102 0.009948 0.969161 0.009948 0.002102 0.993260 -0.002109 -0.009974 -0.969094 -0.009974 -0.002109 0.000000 
5.000000e-01 5.000000e-01 4.999952e-03 5.000000e-01 5.000000e-01 1.515011e+00 -0.993260 0.002102 0.009948 0.969161 0.009948 0.002102 0.993260 -0.002109 -0.009974 -0.969094 -0.009974 -0.002109 0.000000 
5.000000e-01 5.000000e-01 4.999952e-03 5.000000e-01 5.000000e-01 1.515011e+00 -0.993260 0.002102 0.009948 0.969161 0.009948 0.002102 0.993260 -0.002109 -0.009974 -0.969094 -0.009974 -0.002109 0.000000 
5.000000e-01 5.000000e-01 4.999952e-03 5.000000e-01 5.000000e-01 1.515011e+00 -0.993260 0.002102 0.009948 0.969161 0.009948 0.002102 0.993260 -0.002109 -0.009974 -0.969094 -0.009974 -0.002109 0.000000 
5.000000e-01 5.000000e-01 4.999952e-03 5.000000e-01 5.000000e-01 1.515011e+00 -0.993260 0.002102 0.009948 0.969161 0.009948 0.002102 0.993260 -0.002109 -0.009974 -0.969094 -0.009974 -0.002109 0.000000 
5.000000e-01 5.000000e-01 4.999952e-03 5.000000e-01 5.000000e-01 1.515011e+00 -0.993260 0.002102 0.009948 0.969161 0.009948 0.002102 0.993260 -0.002109 -0.009974 -0.969094 -0.009974 -0.002109 0.000000 
5.000000e-01 5.000000e-01 4.999952e-03 5.000000e-01 5.000000e-01 1.515011e+00 -0.993260 0.002102 0.009948 0.969161 0.009948 0.002102 0.993260 -0.002109 -0.009974 -0.969094 -0.009974 -0.002109 0.000000 
5.000000e-01 5.000000e-01 4.999952e-03 5.000000e-01 5.000000e-01 1.515011e+00 -0.993260 0.002102 0.009948 0.969161 0.009948 0.002102 0.993260 -0.002109 -0.009974 -0.969094 -0.009974 -0.002109 0.000000 
5.000000e-01 5.000000e-01 4.999952e-03 5.000000e-01 5.000000e-01 1.515011e+00 -0.993260 0.002102 0.009948 0.969161 0.009948 0.002102 0.993260 -0.002109 -0.009974 -0.969094 -0.009974 -0.002109 0.000000 
5.000000e-01 5.000000e-01 4.999952e-03 5.000000e-01 5.000000e-01 1.515011e+00 -0.993260 0.002102 0.009948 0.969161 0.009948 0.002102 0.993260 -0.002109 -0.009974 -0.969094 -0.009974 -0.002109 0.000000 
5.000000e-01 5.000000e-01 4.999952e-03 5.000000e-01 5.000000e-01 1.515011e+00 -0.993260 0.002102 0.009948 0.969161 0.009948 0.002102 0.993260 -0.002109 -0.009974 -0.969094 -0.009974 -0.002109 0.000000 
5.000000e-01 5.000000e-01 4.999952e-03 5.000000e-01 5.000000e-01 1.515011e+00 -0.993260 0.002102 0.009948 0.969161 0.009948 0.002102 0.993260 -0.002109 -0.009974 -0.969094 -0.009974 -0.002109 0.000000 
5.000000e-01 5.000000e-01 4.999952e-03 5.000000e-01 5.000000e-01 1.515011e+00 -0.993260 0.002102 0.009948 0.969161 0.009948 0.002102 0.993260 -0.002109 -0.009974 -0.969094 -0.009974 -0.002109 0.000000 
5.000000e-01 5.000000e-01 4.999952e-03 5.000000e-01 5.000000e-01 1.515011e+00 -0.993260 0.002102 0.009948 0.969161 0.009948 0.002102 0.993260 -0.002109 -0.009974 -0.969094 -0.009974 -0.002109 0.000000 
5.000000e-01 5.000000e-01 4.999952e-03 5.000000e-01 5.000000e-01 1.515011e+00 -0.993260 0.002102 0.009948 0.969161 0.009948 0.002102 0.993260 -0.002109 -0.009974 -0.969094 -0.009974 -0.002109 0.000000 
5.000000e-01 5.000000e-01 4.999952e-03 5.000000e-01 5.000000e-01 1.515011e+00 -0.993260 0.002102 0.009948 0.969161 0.009948 0.002102 0.993260 -0.002109 -0.009974 -0.969094 -0.009974 -0.002109 0.000000 
5.000000e-01 5.000000e-01 4.999952e-03 5.000000e-01 5.000000e-01 1.515011e+00 -0.993260 0.002102 0.009948 0.969161 0.009948 0.002102 0.993260 -0.002109 -0.009974 -0.969094 -0.009974 -0.002109 0.000000 
5.000000e-01 5.000000e-01 4.999952e-03 5.000000e-01 5.000000e-01 1.515011e+00 -0.993260 0.002102 0.009948 0.969161 0.009948 0.002102 0.993260 -0.002109 -0.009974 -0.969094 -0.009974 -0.002109 0.000000 
5.000000e-01 5.000000e-01 4.999952e-03 5.000000e-01 5.000000e-01 1.515011e+00 -0.993260 0.002102 0.009948 0.969161 0.009948 0.002102 0.993260 -0.002109 -0.009974 -0.969094 -0.009974 -0.002109 0.000000 
5.000000e-01 5.000000e-01 4.999952e-03 5.000000e-01 5.000000e-01 1.515011e+00 -0.993260 0.002102 0.009948 0.969161 0.009948 0.002102 0.993260 -0.002109 -0.009974 -0.969094 -0.009974 -0.002109 0.000000 
5.000000e-01 5.000000e-01 4.999952e-03 5.000000e-01 5.000000e-01 1.515011e+00 -0.993260 0.002102 0.009948 0.969161 0.009948 0.002102 0.993260 -0.002109 -0.009974 -0.969094 -0.009974 -0.002109 0.000000 
5.000000e-01 5.000000e-01 4.999952e-03 5.000000e-01 5.000000e-01 1.515011e+00 -0.993260 0.002102 0.009948 0.969161 0.009948 0.002102 0.993260 -0.002109 -0.009974 -0.969094 -0.009974 -0.002109 0.000000 
5.000000e-01 5.000000e-01 4.999952e-03 5.000000e-01 5.000000e-01 1.515011e+00 -0.993260 0.002102 0.009948 0.969161 0.009948 0.002102 0.993260 -0.002109 -0.009974 -0.969094 -0.009974 -0.002109 0.000000 
5.000000e-01 5.000000e-01 4.999952e-03 5.000000e-01 5.000000e-01 1.515011e+00 -0.993260 0.002102 0.009948 0.969161 0.009948 0.002102 0.993260 -0.002109 -0.009974 -0.969094 -0.009974 -0.002109 0.000000 
5.000000e-01 5.000000e-01 4.999952e-03 5.000000e-01 5.000000e-01 1.515011e+00 -0.993260 0.002102 0.009948 0.969161 0.009948 0.002102 0.993260 -0.002109 -0.009974 -0.969094 -0.009974 -0.002109 0.000000 
5.000000e-01 5.000000e-01 4.999952e-03 5.000000e-01 5.000000e-01 1.515011e+00 -0.993260 0.002102 0.009948 0.969161 0.009948 0.002102 0.993260 -0.002109 -0.009974 -0.969094 -0.009974 -0.002109 0.000000 
5.000000e-01 5.000000e-01 4.999952e-03 5.000000e-01 5.000000e-01 1.515011e+00 -0.993260 0.002102 0.009948 0.969161 0.009948 0.002102 0.993260 -0.002109 -0.009974 -0.969094 -0.009974 -0.002109 0.000000 
5.000000e-01 5.000000e-01 4.999952e-03 5.000000e-01 5.000000e-01 1.515011e+00 -0.993260 0.002102 0.009948 0.969161 0.009948 0.002102 0.993260 -0.002109 -0.009974 -0.969094 -0.009974 -0.002109 0.000000 
5.000000e-01 5.000000e-01 4.999952e-03 5.000000e-01 5.000000e-01 1.515011e+00 -0.993260 0.002102 0.009948 0.969161 0.009948 0.002102 0.993260 -0.002109 -0.009974 -0.969094 -0.009974 -0.002109 0.000000 
5.000000e-01 5.000000e-01 4.999952e-03 5.000000e-01 5.000000e-01 1.515011e+00 -0.993260 0.002102 0.009948 0.969161 0.009948 0.002102 0.993260 -0.002109 -0.009974 -0.969094 -0.009974 -0.002109 0.000000 
5.000000e-01 5.000000e-01 4.999952e-03 5.000000e-01 5.000000e-01 1.515011e+00 -0.993260 0.002102 0.009948 0.969161 0.009948 0.002102 0.993260 -0.002109 -0.009974 -0.969094 -0.009974 -0.002109 0.000000 
5.000000e-01 5.000000e-01 4.999952e-03 5.000000e-01 5.000000e-01 1.515011e+00 -0.993260 0.002102 0.009948 0.969161 0.009948 0.002102 0.993260 -0.002109 -0.009974 -0.969094 -0.009974 -0.002109 0.000000 
5.000000e-01 5.000000e-01 4.999952e-03 5.000000e-01 5.000000e-01 1.515011e+00 -0.993260 0.002102 0.009948 0.969161 0.009948 0.002102 0.993260 -0.002109 -0.009974 -0.969094 -0.009974 -0.002109 0.000000 
5.000000e-01 5.000000e-01 4.999952e-03 5.000000e-01 5.000000e-01 1.515011e+00 -0.993260 0.002102 0.009948 0.969161 0.009948 0.002102 0.993260 -0.002109 -0.009974 -0.969094 -0.009974 -0.002109 0.000000 
5.000000e-01 5.000000e-01 4.999952e-03 5.000000e-01 5.000000e-01 1.515011e+00 -0.993260 0.002102 0.009948 0.969161 0.009948 0.002102 0.993260 -0.002109 -0.009974 -0.969094 -0.009974 -0.002109 0.000000 
5.000000e-01 5.000000e-01 4.999952e-03 5.000000e-01 5.000000e-01 1.515011e+00 -0.993260 0.002102 0.009948 0.969161 0.009948 0.002102 0.993260 -0.002109 -0.009974 -0.969094 -0.009974 -0.002109 0.000000 
5.000000e-01 5.000000e-01 4.999952e-03 5.000000e-01 5.000000e-01 1.515011e+00 -0.993260 0.002102 0.009948 0.969161 0.009948 0.002102 0.993260 -0.002109 -0.009974 -0.969094 -0.009974 -0.002109 0.000000 
5.000000e-01 5.000000e-01 4.999952e-03 5.000000e-01 5.000000e-01 1.515011e+00 -0.993260 0.002102 0.009948 0.969161 0.009948 0.002102 0.993260 -0.002109 -0.009974 -0.969094 -0.009974 -0.002109 0.000000 
5.000000e-01 5.000000e-01 4.999952e-03 5.000000e-01 5.000000e-01 1.515011e+00 -0.993260 0.002102 0.009948 0.969161 0.009948 0.002102 0.993260 -0.002109 -0.009974 -0.969094 -0.009974 -0.002109 0.000000 
5.000000e-01 5.000000e-01 4.999952e-03 5.000000e-01 5.000000e-01 1.515011e+00 -0.993260 0.002102 0.009948 0.969161 0.009948 0.002102 0.993260 -0.002109 -0.009974 -0.969094 -0.009974 -0.002109 0.000000 
5.000000e-01 5.000000e-01 4.999952e-03 5.000000e-01 5.000000e-01 1.515011e+00 -0.993260 0.002102 0.009948 0.969161 0.009948 0.002102 0.993260 -0.002109 -0.009974 -0.969094 -0.009974 -0.002109 0.000000 
5.000000e-01 5.000000e-01 4.999952e-03 5.000000e-01 5.000000e-01 1.515011e+00 -0.993260 0.002102 0.009948 0.969161 0.009948 0.002102 0.993260 -0.002109 -0.009974 -0.969094 -0.009974 -0.002109 0.000000 
5.000000e-01 5.000000e-01 4.999952e-03 5.000000e-01 5.000000e-01 1.515011e+00 -0.993260 0.002102 0.009948 0.969161 0.009948 0.002102 0.993260 -0.002109 -0.009974 -0.969094 -0.009974 -0.002109 0.000000 
5.000000e-01 5.000000e-01 4.999952e-03 5.000000e-01 5.000000e-01 1.515011e+00 -0.993260 0.002102 0.009948 0.969161 0.009948 0.002102 0.993260 -0.002109 -0.009974 -0.969094 -0.009974 -0.002109 0.000000 
5.000000e-01 5.000000e-01 4.999952e-03 5.000000e-01 5.000000e-01 1.515011e+00 -0.993260 0.002102 0.009948 0.969161 0.009948 0.002102 0.993260 -0.002109 -0.009974 -0.969094 -0.009974 -0.002109 0.000000 
5.000000e-01 5.000000e-01 4.999952e-03 5.000000e-01 5.000000e-01 1.515011e+00 -0.993260 0.002102 0.009948 0.969161 0.009948 0.002102 0.993260 -0.002109 -0.009974 -0.969094 -0.009974 -0.002109 0.000000 
5.000000e-01 5.000000e-01 4.999952e-03 5.000000e-01 5.000000e-01 1.515011e+00 -0.993260 0.002102 0.009948 0.969161 0.009948 0.002102 0.993260 -0.002109 -0.009974 -0.969094 -0.009974 -0.002109 0.000000 
5.000000e-01 5.000000e-01 4.999952e-03 5.000000e-01 5.000000e-01 1.515011e+00 -0.993260 0.002102 0.009948 0.969161 0.009948 0.002102 0.993260 -0.002109 -0.009974 -0.969094 -0.009974 -0.002109 0.000000 
5.000000e-01 5.000000e-01 4.999952e-03 5.000000e-01 5.000000e-01 1.515011e+00 -0.993260 0.002102 0.009948 0.969161 0.009948 0.002102 0.993260 -0.002109 -0.009974 -0.969094 -0.009974 -0.002109 0.000000 
5.000000e-01 5.000000e-01 4.999952e-03 5.000000e-01 5.000000e-01 1.515011e+00 -0.993260 0.002102 0.009948 0.969161 0.009948 0.002102 0.993260 -0.002109 -0.009974 -0.969094 -0.009974 -0.002109 0.000000 
5.000000e-01 5.000000e-01 4.999952e-03 5.000000e-01 5.000000e-01 1.515011e+00 -0.993260 0.002102 0.009948 0.969161 0.009948 0.002102 0.993260 -0.002109 -0.009974 -0.969094 -0.009974 -0.002109 0.000000 
5.000000e-01 5.000000e-01 4.999952e-03 5.000000e-01 5.000000e-01 1.515011e+00 -0.993260 0.002102 0.009948 0.969161 0.009948 0.002102 0.993260 -0.002109 -0.009974 -0.969094 -0.009974 -0.002109 0.000000 
5.000000e-01 5.000000e-01 4.999952e-03 5.000000e-01 5.000000e-01 1.515011e+00 -0.993260 0.002102 0.009948 0.969161 0.009948 0.002102 0.993260 -0.002109 -0.009974 -0.969094 -0.009974 -0.002109 0.000000 
5.000000e-01 5.000000e-01 4.999952e-03 5.000000e-01 5.000000e-01 1.515011e+00 -0.993260 0.002102 0.009948 0.969161 0.009948 0.002102 0.993260 -0.002109 -0.009974 -0.969094 -0.009974 -0.002109 0.000000 
5.000000e-01 5.000000e-01 4.999952e-03 5.000000e-01 5.000000e-01 1.515011e+00 -0.993260 0.002102 0.009948 0.969161 0.009948 0.002102 0.993260 -0.002109 -0.009974 -0.969094 -0.009974 -0.002109 0.000000 
5.000000e-01 5.000000e-01 4.999952e-03 5.000000e-01 5.000000e-01 1.515011e+00 -0.993260 0.002102 0.009948 0.969161 0.009948 0.002102 0.993260 -0.002109 -0.009974 -0.969094 -0.009974 -0.002109 0.000000 
5.000000e-01 5.000000e-01 4.999952e-03 5.000000e-01 5.000000e-01 1.515011e+00 -0.993260 0.002102 0.009948 0.969161 0.009948 0.002102 0.993260 -0.002109 -0.009974 -0.969094 -0.009974 -0.002109 0.000000 
5.000000e-01 5.000000e-01 4.999952e-03 5.000000e-01 5.000000e-01 1.515011e+00 -0.993260 0.002102 0.009948 0.969161 0.009948 0.002102 0.993260 -0.002109 -0.009974 -0.969094 -0.009974 -0.002109 0.000000 
5.000000e-01 5.000000e-01 4.999952e-03 5.000000e-01 5.000000e-01 1.515011e+00 -0.993260 0.002102 0.009948 0.969161 0.009948 0.002102 0.993260 -0.002109 -0.009974 -0.969094 -0.009974 -0.002109 0.000000 
5.000000e-01 5.000000e-01 4.999952e-03 5.000000e-01 5.000000e-01 1.515011e+00 -0.993260 0.002102 0.009948 0.969161 0.009948 0.002102 0.993260 -0.002109 -0.009974 -0.969094 -0.009974 -0.002109 0.000000 
5.000000e-01 5.000000e-01 4.999952e-03 5.000000e-01 5.000000e-01 1.515011e+00 -0.993260 0.002102 0.009948 0.969161 0.009948 0.002102 0.993260 -0.002109 -0.009974 -0.969094 -0.009974 -0.002109 0.000000 
5.000000e-01 5.000000e-01 4.999952e-03 5.000000e-01 5.000000e-01 1.515011e+00 -0.993260 0.002102 0.009948 0.969161 0.009948 0.002102 0.993260 -0.002109 -0.009974 -0.969094 -0.009974 -0.002109 0.000000 
5.000000e-01 5.000000e-01 4.999952e-03 5.000000e-01 5.000000e-01 1.515011e+00 -0.993260 0.002102 0.009948 0.969161 0.009948 0.002102 0.993260 -0.002109 -0.009974 -0.969094 -0.009974 -0.002109 0.000000 
5.000000e-01 5.000000e-01 4.999952e-03 5.000000e-01 5.000000e-01 1.515011e+00 -0.993260 0.002102 0.009948 0.969161 0.009948 0.002102 0.993260 -0.002109 -0.009974 -0.969094 -0.009974 -0.002109 0.000000 
5.000000e-01 5.000000e-01 4.999952e-03 5.000000e-01 5.000000e-01 1.515011e+00 -0.993260 0.002102 0.009948 0.969161 0.009948 0.002102 0.993260 -0.002109 -0.009974 -0.969094 -0.009974 -0.002109 0.000000 
5.000000e-01 5.000000e-01 4.999952e-03 5.000000e-01 5.000000e-01 1.515011e+00 -0.993260 0.002102 0.009948 0.969161 0.009948 0.002102 0.993260 -0.002109 -0.009974 -0.969094 -0.009974 -0.002109 0.000000 
5.000000e-01 5.000000e-01 4.999952e-03 5.000000e-01 5.000000e-01 1.515011e+00 -0.993260 0.002102 0.009948 0.969161 0.009948 0.002102 0.993260 -0.002109 -0.009974 -0.969094 -0.009974 -0.002109 0.000000 
5.000000e-01 5.000000e-01 4.999952e-03 5.000000e-01 5.000000e-01 1.515011e+00 -0.993260 0.002102 0.009948 0.969161 0.009948 0.002102 0.993260 -0.002109 -0.009974 -0.969094 -0.009974 -0.002109 0.000000 
5.000000e-01 5.000000e-01 4.999952e-03 5.000000e-01 5.000000e-01 1.515011e+00 -0.993260 0.002102 0.009948 0.969161 0.009948 0.002102 0.993260 -0.002109 -0.009974 -0.969094 -0.009974 -0.002109 0.000000 
5.000000e-01 5.000000e-01 4.999952e-03 5.000000e-01 5.000000e-01 1.515011e+00 -0.993260 0.002102 0.009948 0.969161 0.009948 0.002102 0.993260 -0.002109 -0.009974 -0.969094 -0.009974 -0.002109 0.000000 
5.000000e-01 5.000000e-01 4.999952e-03 5.000000e-01 5.000000e-01 1.515011e+00 -0.993260 0.002102 0.009948 0.969161 0.009948 0.002102 0.993260 -0.002109 -0.009974 -0.969094 -0.009974 -0.002109 0.000000 
5.000000e-01 5.000000e-01 4.999952e-03 5.000000e-01 5.000000e-01 1.515011e+00 -0.993260 0.002102 0.009948 0.969161 0.009948 0.002102 0.993260 -0.002109 -0.009974 -0.969094 -0.009974 -0.002109 0.000000 
5.000000e-01 5.000000e-01 4.999952e-03 5.000000e-01 5.000000e-01 1.515011e+00 -0.993260 0.002102 0.009948 0.969161 0.009948 0.002102 0.993260 -0.002109 -0.009974 -0.969094 -0.009974 -0.002109 0.000000 
5.000000e-01 5.000000e-01 4.999952e-03 5.000000e-01 5.000000e-01 1.515011e+00 -0.993260 0.002102 0.009948 0.969161 0.009948 0.002102 0.993260 -0.002109 -0.009974 -0.969094 -0.009974 -0.002109 0.000000 
5.000000e-01 5.000000e-01 4.999952e-03 5.000000e-01 5.000000e-01 1.515011e+00 -0.993260 0.002102 0.009948 0.969161 0.009948 0.002102 0.993260 -0.002109 -0.009974 -0.969094 -0.009974 -0.002109 0.000000 
5.000000e-01 5.000000e-01 4.999952e-03 5.000000e-01 5.000000e-01 1.515011e+00 -0.993260 0.002102 0.009948 0.969161 0.009948 0.002102 0.993260 -0.002109 -0.009974 -0.969094 -0.009974 -0.002109 0.000000 
5.000000e-01 5.000000e-01 4.999952e-03 5.000000e-01 5.000000e-01 1.515011e+00 -0.993260 0.002102 0.009948 0.969161 0.009948 0.002102 0.993260 -0.002109 -0.009974 -0.969094 -0.009974 -0.002109 0.000000 
5.000000e-01 5.000000e-01 4.999952e-03 5.000000e-01 5.000000e-01 1.515011e+00 -0.993260 0.002102 0.009948 0.969161 0.009948 0.002102 0.993260 -0.002109 -0.009974 -0.969094 -0.009974 -0.002109 0.000000 
5.000000e-01 5.000000e-01 4.999952e-03 5.000000e-01 5.000000e-01 1.515011e+00 -0.993260 0.002102 0.009948 0.969161 0.009948 0.002102 0.993260 -0.002109 -0.009974 -0.969094 -0.009974 -0.002109 0.000000 
5.000000e-01 5.000000e-01 4.999952e-03 5.000000e-01 5.000000e-01 1.515011e+00 -0.993260 0.002102 0.009948 0.969161 0.009948 0.002102 0.993260 -0.002109 -0.009974 -0.969094 -0.009974 -0.002109 0.000000 
5.000000e-01 5.000000e-01 4.999952e-03 5.000000e-01 5.000000e-01 1.515011e+00 -0.993260 0.002102 0.009948 0.969161 0.009948 0.002102 0.993260 -0.002109 -0.009974 -0.969094 -0.009974 -0.002109 0.000000 
5.000000e-01 5.000000e-01 4.999952e-03 5.000000e-01 5.000000e-01 1.515011e+00 -0.993260 0.002102 0.009948 0.969161 0.009948 0.002102 0.993260 -0.002109 -0.009974 -0.969094 -0.009974 -0.002109 0.000000 
5.000000e-01 5.000000e-01 4.999952e-03 5.000000e-01 5.000000e-01 1.515011e+00 -0.993260 0.002102 0.009948 0.969161 0.009948 0.002102 0.993260 -0.002109 -0.009974 -0.969094 -0.009974 -0.002109 0.000000 
5.000000e-01 5.000000e-01 4.999952e-03 5.000000e-01 5.000000e-01 1.515011e+00 -0.993260 0.002102 0.009948 0.969161 0.009948 0.002102 0.993260 -0.002109 -0.009974 -0.969094 -0.009974 -0.002109 0.000000 
5.000000e-01 5.000000e-01 4.999952e-03 5.000000e-01 5.000000e-01 1.515011e+00 -0.993260 0.002102 0.009948 0.969161 0.009948 0.002102 0.993260 -0.002109 -0.009974 -0.969094 -0.009974 -0.002109 0.000000 
5.000000e-01 5.000000e-01 4.999952e-03 5.000000e-01 5.000000e-01 1.515011e+00 -0.993260 0.002102 0.009948 0.969161 0.009948 0.002102 0.993260 -0.002109 -0.009974 -0.969094 -0.009974 -0.002109 0.000000 
5.000000e-01 5.000000e-01 4.999952e-03 5.000000e-01 5.000000e-01 1.515011e+00 -0.993260 0.002102 0.009948 0.969161 0.009948 0.002102 0.993260 -0.002109 -0.009974 -0.969094 -0.009974 -0.002109 0.000000 
5.000000e-01 5.000000e-01 4.999952e-03 5.000000e-01 5.000000e-01 1.515011e+00 -0.993260 0.002102 0.009948 0.969161 0.009948 0.002102 0.993260 -0.002109 -0.009974 -0.969094 -0.009974 -0.002109 0.000000 
5.000000e-01 5.000000e-01 4.999952e-03 5.000000e-01 5.000000e-01 1.515011e+00 -0.993260 0.002102 0.009948 0.969161 0.009948 0.002102 0.993260 -0.002109 -0.009974 -0.969094 -0.009974 -0.002109 0.000000 
5.000000e-01 5.000000e-01 4.999952e-03 5.000000e-01 5.000000e-01 1.515011e+00 -0.993260 0.002102 0.009948 0.969161 0.009948 0.002102 0.993260 -0.002109 -0.009974 -0.969094 -0.009974 -0.002109 0.000000 
5.000000e-01 5.000000e-01 4.999952e-03 5.000000e-01 5.000000e-01 1.515011e+00 -0.993260 0.002102 0.009948 0.969161 0.009948 0.002102 0.993260 -0.002109 -0.009974 -0.969094 -0.009974 -0.002109 0.000000 
5.000000e-01 5.000000e-01 4.999952e-03 5.000000e-01 5.000000e-01 1.515011e+00 -0.993260 0.002102 0.009948 0.969161 0.009948 0.002102 0.993260 -0.002109 -0.009974 -0.969094 -0.009974 -0.002109 0.000000 
5.000000e-01 5.000000e-01 4.999952e-03 5.000000e-01 5.000000e-01 1.515011e+00 -0.993260 0.002102 0.009948 0.969161 0.009948 0.002102 0.993260 -0.002109 -0.009974 -0.969094 -0.009974 -0.002109 0.000000 
5.000000e-01 5.000000e-01 4.999952e-03 5.000000e-01 5.000000e-01 1.515011e+00 -0.993260 0.002102 0.009948 0.969161 0.009948 0.002102 0.993260 -0.002109 -0.009974 -0.969094 -0.009974 -0.002109 0.000000 
5.000000e-01 5.000000e-01 4.999952e-03 5.000000e-01 5.000000e-01 1.515011e+00 -0.993260 0.002102 0.009948 0.969161 0.009948 0.002102 0.993260 -0.002109 -0.009974 -0.969094 -0.009974 -0.002109 0.000000 
5.000000e-01 5.000000e-01 4.999952e-03 5.000000e-01 5.000000e-01 1.515011e+00 -0.993260 0.002102 0.009948 0.969161 0.009948 0.002102 0.993260 -0.002109 -0.009974 -0.969094 -0.009974 -0.002109 0.000000 
5.000000e-01 5.000000e-01 4.999952e-03 5.000000e-01 5.000000e-01 1.515011e+00 -0.993260 0.002102 0.009948 0.969161 0.009948 0.002102 0.993260 -0.002109 -0.009974 -0.969094 -0.009974 -0.002109 0.000000 
5.000000e-01 5.000000e-01 4.999952e-03 5.000000e-01 5.000000e-01 1.515011e+00 -0.993260 0.002102 0.009948 0.969161 0.009948 0.002102 0.993260 -0.002109 -0.009974 -0.969094 -0.009974 -0.002109 0.000000 
5.000000e-01 5.000000e-01 4.999952e-03 5.000000e-01 5.000000e-01 1.515011e+00 -0.993260 0.002102 0.009948 0.969161 0.009948 0.002102 0.993260 -0.002109 -0.009974 -0.969094 -0.009974 -0.002109 0.000000 
5.000000e-01 5.000000e-01 4.999952e-03 5.000000e-01 5.000000e-01 1.515011e+00 -0.993260 0.002102 0.009948 0.969161 0.009948 0.002102 0.993260 -0.002109 -0.009974 -0.969094 -0.009974 -0.002109 0.000000 
5.000000e-01 5.000000e-01 4.999952e-03 5.000000e-01 5.000000e-01 1.515011e+00 -0.993260 0.002102 0.009948 0.969161 0.009948 0.002102 0.993260 -0.002109 -0.009974 -0.969094 -0.009974 -0.002109 0.000000 
5.000000e-01 5.000000e-01 4.999952e-03 5.000000e-01 5.000000e-01 1.515011e+00 -0.993260 0.002102 0.009948 0.969161 0.009948 0.002102 0.993260 -0.002109 -0.009974 -0.969094 -0.009974 -0.002109 0.000000 
5.000000e-01 5.000000e-01 4.999952e-03 5.000000e-01 5.000000e-01 1.515011e+00 -0.993260 0.002102 0.009948 0.969161 0.009948 0.002102 0.993260 -0.002109 -0.009974 -0.969094 -0.009974 -0.002109 0.000000 
5.000000e-01 5.000000e-01 4.999952e-03 5.000000e-01 5.000000e-01 1.515011e+00 -0.993260 0.002102 0.009948 0.969161 0.009948 0.002102 0.993260 -0.002109 -0.009974 -0.969094 -0.009974 -0.002109 0.000000 
5.000000e-01 5.000000e-01 4.999952e-03 5.000000e-01 5.000000e-01 1.515011e+00 -0.993260 0.002102 0.009948 0.969161 0.009948 0.002102 0.993260 -0.002109 -0.009974 -0.969094 -0.009974 -0.002109 0.000000 
5.000000e-01 5.000000e-01 4.999952e-03 5.000000e-01 5.000000e-01 1.515011e+00 -0.993260 0.002102 0.009948 0.969161 0.009948 0.002102 0.993260 -0.002109 -0.009974 -0.969094 -0.009974 -0.002109 0.000000 
5.000000e-01 5.000000e-01 4.999952e-03 5.000000e-01 5.000000e-01 1.515011e+00 -0.993260 0.002102 0.009948 0.969161 0.009948 0.002102 0.993260 -0.002109 -0.009974 -0.969094 -0.009974 -0.002109 0.000000 
5.000000e-01 5.000000e-01 4.999952e-03 5.000000e-01 5.000000e-01 1.515011e+00 -0.993260 0.002102 0.009948 0.969161 0.009948 0.002102 0.993260 -0.002109 -0.009974 -0.969094 -0.009974 -0.002109 0.000000 
5.000000e-01 5.000000e-01 4.999952e-03 5.000000e-01 5.000000e-01 1.515011e+00 -0.993260 0.002102 0.009948 0.969161 0.009948 0.002102 0.993260 -0.002109 -0.009974 -0.969094 -0.009974 -0.002109 0.000000 
5.000000e-01 5.000000e-01 4.999952e-03 5.000000e-01 5.000000e-01 1.515011e+00 -0.993260 0.002102 0.009948 0.969161 0.009948 0.002102 0.993260 -0.002109 -0.009974 -0.969094 -0.009974 -0.002109 0.000000 
5.000000e-01 5.000000e-01 4.999952e-03 5.000000e-01 5.000000e-01 1.515011e+00 -0.993260 0.002102 0.009948 0.969161 0.009948 0.002102 0.993260 -0.002109 -0.009974 -0.969094 -0.009974 -0.002109 0.000000 
5.000000e-01 5.000000e-01 4.999952e-03 5.000000e-01 5.000000e-01 1.515011e+00 -0.993260 0.002102 0.009948 0.969161 0.009948 0.002102 0.993260 -0.002109 -0.009974 -0.969094 -0.009974 -0.002109 0.000000 
5.000000e-01 5.000000e-01 4.999952e-03 5.000000e-01 5.000000e-01 1.515011e+00 -0.993260 0.002102 0.009948 0.969161 0.009948 0.002102 0.993260 -0.002109 -0.009974 -0.969094 -0.009974 -0.002109 0.000000 
5.000000e-01 5.000000e-01 4.999952e-03 5.000000e-01 5.000000e-01 1.515011e+00 -0.993260 0.002102 0.009948 0.969161 0.009948 0.002102 0.993260 -0.002109 -0.009974 -0.969094 -0.009974 -0.002109 0.000000 
5.000000e-01 5.000000e-01 4.999952e-03 5.000000e-01 5.000000e-01 1.515011e+00 -0.993260 0.002102 0.009948 0.969161 0.009948 0.002102 0.993260 -0.002109 -0.009974 -0.969094 -0.009974 -0.002109 0.000000 
5.000000e-01 5.000000e-01 4.999952e-03 5.000000e-01 5.000000e-01 1.515011e+00 -0.993260 0.002102 0.009948 0.969161 0.009948 0.002102 0.993260 -0.002109 -0.009974 -0.969094 -0.009974 -0.002109 0.000000 
5.000000e-01 5.000000e-01 4.999952e-03 5.000000e-01 5.000000e-01 1.515011e+00 -0.993260 0.002102 0.009948 0.969161 0.009948 0.002102 0.993260 -0.002109 -0.009974 -0.969094 -0.009974 -0.002109 0.000000 
5.000000e-01 5.000000e-01 4.999952e-03 5.000000e-01 5.000000e-01 1.515011e+00 -0.993260 0.002102 0.009948 0.969161 0.009948 0.002102 0.993260 -0.002109 -0.009974 -0.969094 -0.009974 -0.002109 0.000000 
5.000000e-01 5.000000e-01 4.999952e-03 5.000000e-01 5.000000e-01 1.515011e+00 -0.993260 0.002102 0.009948 0.969161 0.009948 0.002102 0.993260 -0.002109 -0.009974 -0.969094 -0.009974 -0.002109 0.000000 
5.000000e-01 5.000000e-01 4.999952e-03 5.000000e-01 5.000000e-01 1.515011e+00 -0.993260 0.002102 0.009948 0.969161 0.009948 0.002102 0.993260 -0.002109 -0.009974 -0.969094 -0.009974 -0.002109 0.000000 
5.000000e-01 5.000000e-01 4.999952e-03 5.000000e-01 5.000000e-01 1.515011e+00 -0.993260 0.002102 0.009948 0.969161 0.009948 0.002102 0.993260 -0.002109 -0.009974 -0.969094 -0.009974 -0.002109 0.000000 
5.000000e-01 5.000000e-01 4.999952e-03 5.000000e-01 5.000000e-01 1.515011e+00 -0.993260 0.002102 0.009948 0.969161 0.009948 0.002102 0.993260 -0.002109 -0.009974 -0.969094 -0.009974 -0.002109 0.000000 
5.000000e-01 5.000000e-01 4.999952e-03 5.000000e-01 5.000000e-01 1.515011e+00 -0.993260 0.002102 0.009948 0.969161 0.009948 0.002102 0.993260 -0.002109 -0.009974 -0.969094 -0.009974 -0.002109 0.000000 
5.000000e-01 5.000000e-01 4.999952e-03 5.000000e-01 5.000000e-01 1.515011e+00 -0.993260 0.002102 0.009948 0.969161 0.009948 0.002102 0.993260 -0.002109 -0.009974 -0.969094 -0.009974 -0.002109 0.000000 
5.000000e-01 5.000000e-01 4.999952e-03 5.000000e-01 5.000000e-01 1.515011e+00 -0.993260 0.002102 0.009948 0.969161 0.009948 0.002102 0.993260 -0.002109 -0.009974 -0.969094 -0.009974 -0.002109 0.000000 
5.000000e-01 5.000000e-01 4.999952e-03 5.000000e-01 5.000000e-01 1.515011e+00 -0.993260 0.002102 0.009948 0.969161 0.009948 0.002102 0.993260 -0.002109 -0.009974 -0.969094 -0.009974 -0.002109 0.000000 
5.000000e-01 5.000000e-01 4.999952e-03 5.000000e-01 5.000000e-01 1.515011e+00 -0.993260 0.002102 0.009948 0.969161 0.009948 0.002102 0.993260 -0.002109 -0.009974 -0.969094 -0.009974 -0.002109 0.000000 
5.000000e-01 5.000000e-01 4.999952e-03 5.000000e-01 5.000000e-01 1.515011e+00 -0.993260 0.002102 0.009948 0.969161 0.009948 0.002102 0.993260 -0.002109 -0.009974 -0.969094 -0.009974 -0.002109 0.000000 
5.000000e-01 5.000000e-01 4.999952e-03 5.000000e-01 5.000000e-01 1.515011e+00 -0.993260 0.002102 0.009948 0.969161 0.009948 0.002102 0.993260 -0.002109 -0.009974 -0.969094 -0.009974 -0.002109 0.000000 
5.000000e-01 5.000000e-01 4.999952e-03 5.000000e-01 5.000000e-01 1.515011e+00 -0.993260 0.002102 0.009948 0.969161 0.009948 0.002102 0.993260 -0.002109 -0.009974 -0.969094 -0.009974 -0.002109 0.000000 
5.000000e-01 5.000000e-01 4.999952e-03 5.000000e-01 5.000000e-01 1.515011e+00 -0.993260 0.002102 0.009948 0.969161 0.009948 0.002102 0.993260 -0.002109 -0.009974 -0.969094 -0.009974 -0.002109 0.000000 
5.000000e-01 5.000000e-01 4.999952e-03 5.000000e-01 5.000000e-01 1.515011e+00 -0.993260 0.002102 0.009948 0.969161 0.009948 0.002102 0.993260 -0.002109 -0.009974 -0.969094 -0.009974 -0.002109 0.000000 
5.000000e-01 5.000000e-01 4.999952e-03 5.000000e-01 5.000000e-01 1.515011e+00 -0.993260 0.002102 0.009948 0.969161 0.009948 0.002102 0.993260 -0.002109 -0.009974 -0.969094 -0.009974 -0.002109 0.000000 
5.000000e-01 5.000000e-01 4.999952e-03 5.000000e-01 5.000000e-01 1.515011e+00 -0.993260 0.002102 0.009948 0.969161 0.009948 0.002102 0.993260 -0.002109 -0.009974 -0.969094 -0.009974 -0.002109 0.000000 
5.000000e-01 5.000000e-01 4.999952e-03 5.000000e-01 5.000000e-01 1.515011e+00 -0.993260 0.002102 0.009948 0.969161 0.009948 0.002102 0.993260 -0.002109 -0.009974 -0.969094 -0.009974 -0.002109 0.000000 
5.000000e-01 5.000000e-01 4.999952e-03 5.000000e-01 5.000000e-01 1.515011e+00 -0.993260 0.002102 0.009948 0.969161 0.009948 0.002102 0.993260 -0.002109 -0.009974 -0.969094 -0.009974 -0.002109 0.000000 
5.000000e-01 5.000000e-01 4.999952e-03 5.000000e-01 5.000000e-01 1.515011e+00 -0.993260 0.002102 0.009948 0.969161 0.009948 0.002102 0.993260 -0.002109 -0.009974 -0.969094 -0.009974 -0.002109 0.000000 
5.000000e-01 5.000000e-01 4.999952e-03 5.000000e-01 5.000000e-01 1.515011e+00 -0.993260 0.002102 0.009948 0.969161 0.009948 0.002102 0.993260 -0.002109 -0.009974 -0.969094 -0.009974 -0.002109 0.000000 
5.000000e-01 5.000000e-01 4.999952e-03 5.000000e-01 5.000000e-01 1.515011e+00 -0.993260 0.002102 0.009948 0.969161 0.009948 0.002102 0.993260 -0.002109 -0.009974 -0.969094 -0.009974 -0.002109 0.000000 
5.000000e-01 5.000000e-01 4.999952e-03 5.000000e-01 5.000000e-01 1.515011e+00 -0.993260 0.002102 0.009948 0.969161 0.009948 0.002102 0.993260 -0.002109 -0.009974 -0.969094 -0.009974 -0.002109 0.000000 
5.000000e-01 5.000000e-01 4.999952e-03 5.000000e-01 5.000000e-01 1.515011e+00 -0.993260 0.002102 0.009948 0.969161 0.009948 0.002102 0.993260 -0.002109 -0.009974 -0.969094 -0.009974 -0.002109 0.000000 
5.000000e-01 5.000000e-01 4.999952e-03 5.000000e-01 5.000000e-01 1.515011e+00 -0.993260 0.002102 0.009948 0.969161 0.009948 0.002102 0.993260 -0.002109 -0.009974 -0.969094 -0.009974 -0.002109 0.000000 
5.000000e-01 5.000000e-01 4.999952e-03 5.000000e-01 5.000000e-01 1.515011e+00 -0.993260 0.002102 0.009948 0.969161 0.009948 0.002102 0.993260 -0.002109 -0.009974 -0.969094 -0.009974 -0.002109 0.000000 
5.000000e-01 5.000000e-01 4.999952e-03 5.000000e-01 5.000000e-01 1.515011e+00 -0.993260 0.002102 0.009948 0.969161 0.009948 0.002102 0.993260 -0.002109 -0.009974 -0.969094 -0.009974 -0.002109 0.000000 
5.000000e-01 5.000000e-01 4.999952e-03 5.000000e-01 5.000000e-01 1.515011e+00 -0.993260 0.002102 0.009948 0.969161 0.009948 0.002102 0.993260 -0.002109 -0.009974 -0.969094 -0.009974 -0.002109 0.000000 
5.000000e-01 5.000000e-01 4.999952e-03 5.000000e-01 5.000000e-01 1.515011e+00 -0.993260 0.002102 0.009948 0.969161 0.009948 0.002102 0.993260 -0.002109 -0.009974 -0.969094 -0.009974 -0.002109 0.000000 
5.000000e-01 5.000000e-01 4.999952e-03 5.000000e-01 5.000000e-01 1.515011e+00 -0.993260 0.002102 0.009948 0.969161 0.009948 0.002102 0.993260 -0.002109 -0.009974 -0.969094 -0.009974 -0.002109 0.000000 
5.000000e-01 5.000000e-01 4.999952e-03 5.000000e-01 5.000000e-01 1.515011e+00 -0.993260 0.002102 0.009948 0.969161 0.009948 0.002102 0.993260 -0.002109 -0.009974 -0.969094 -0.009974 -0.002109 0.000000 
5.000000e-01 5.000000e-01 4.999952e-03 5.000000e-01 5.000000e-01 1.515011e+00 -0.993260 0.002102 0.009948 0.969161 0.009948 0.002102 0.993260 -0.002109 -0.009974 -0.969094 -0.009974 -0.002109 0.000000 
5.000000e-01 5.000000e-01 4.999952e-03 5.000000e-01 5.000000e-01 1.515011e+00 -0.993260 0.002102 0.009948 0.969161 0.009948 0.002102 0.993260 -0.002109 -0.009974 -0.969094 -0.009974 -0.002109 0.000000 
5.000000e-01 5.000000e-01 4.999952e-03 5.000000e-01 5.000000e-01 1.515011e+00 -0.993260 0.002102 0.009948 0.969161 0.009948 0.002102 0.993260 -0.002109 -0.009974 -0.969094 -0.009974 -0.002109 0.000000 
5.000000e-01 5.000000e-01 4.999952e-03 5.000000e-01 5.000000e-01 1.515011e+00 -0.993260 0.002102 0.009948 0.969161 0.009948 0.002102 0.993260 -0.002109 -0.009974 -0.969094 -0.009974 -0.002109 0.000000 
5.000000e-01 5.000000e-01 4.999952e-03 5.000000e-01 5.000000e-01 1.515011e+00 -0.993260 0.002102 0.009948 0.969161 0.009948 0.002102 0.993260 -0.002109 -0.009974 -0.969094 -0.009974 -0.002109 0.000000 
5.000000e-01 5.000000e-01 4.999952e-03 5.000000e-01 5.000000e-01 1.515011e+00 -0.993260 0.002102 0.009948 0.969161 0.009948 0.002102 0.993260 -0.002109 -0.009974 -0.969094 -0.009974 -0.002109 0.000000 
5.000000e-01 5.000000e-01 4.999952e-03 5.000000e-01 5.000000e-01 1.515011e+00 -0.993260 0.002102 0.009948 0.969161 0.009948 0.002102 0.993260 -0.002109 -0.009974 -0.969094 -0.009974 -0.002109 0.000000 
5.000000e-01 5.000000e-01 4.999952e-03 5.000000e-01 5.000000e-01 1.515011e+00 -0.993260 0.002102 0.009948 0.969161 0.009948 0.002102 0.993260 -0.002109 -0.009974 -0.969094 -0.009974 -0.002109 0.000000 
5.000000e-01 5.000000e-01 4.999952e-03 5.000000e-01 5.000000e-01 1.515011e+00 -0.993260 0.002102 0.009948 0.969161 0.009948 0.002102 0.993260 -0.002109 -0.009974 -0.969094 -0.009974 -0.002109 0.000000 
5.000000e-01 5.000000e-01 4.999952e-03 5.000000e-01 5.000000e-01 1.515011e+00 -0.993260 0.002102 0.009948 0.969161 0.009948 0.002102 0.993260 -0.002109 -0.009974 -0.969094 -0.009974 -0.002109 0.000000 
5.000000e-01 5.000000e-01 4.999952e-03 5.000000e-01 5.000000e-01 1.515011e+00 -0.993260 0.002102 0.009948 0.969161 0.009948 0.002102 0.993260 -0.002109 -0.009974 -0.969094 -0.009974 -0.002109 0.000000 
5.000000e-01 5.000000e-01 4.999952e-03 5.000000e-01 5.000000e-01 1.515011e+00 -0.993260 0.002102 0.009948 0.969161 0.009948 0.002102 0.993260 -0.002109 -0.009974 -0.969094 -0.009974 -0.002109 0.000000 
5.000000e-01 5.000000e-01 4.999952e-03 5.000000e-01 5.000000e-01 1.515011e+00 -0.993260 0.002102 0.009948 0.969161 0.009948 0.002102 0.993260 -0.002109 -0.009974 -0.969094 -0.009974 -0.002109 0.000000 
5.000000e-01 5.000000e-01 4.999952e-03 5.000000e-01 5.000000e-01 1.515011e+00 -0.993260 0.002102 0.009948 0.969161 0.009948 0.002102 0.993260 -0.002109 -0.009974 -0.969094 -0.009974 -0.002109 0.000000 
5.000000e-01 5.000000e-01 4.999952e-03 5.000000e-01 5.000000e-01 1.515011e+00 -0.993260 0.002102 0.009948 0.969161 0.009948 0.002102 0.993260 -0.002109 -0.009974 -0.969094 -0.009974 -0.002109 0.000000 
5.000000e-01 5.000000e-01 4.999952e-03 5.000000e-01 5.000000e-01 1.515011e+00 -0.993260 0.002102 0.009948 0.969161 0.009948 0.002102 0.993260 -0.002109 -0.009974 -0.969094 -0.009974 -0.002109 0.000000 
5.000000e-01 5.000000e-01 4.999952e-03 5.000000e-01 5.000000e-01 1.515011e+00 -0.993260 0.002102 0.009948 0.969161 0.009948 0.002102 0.993260 -0.002109 -0.009974 -0.969094 -0.009974 -0.002109 0.000000 
5.000000e-01 5.000000e-01 4.999952e-03 5.000000e-01 5.000000e-01 1.515011e+00 -0.993260 0.002102 0.009948 0.969161 0.009948 0.002102 0.993260 -0.002109 -0.009974 -0.969094 -0.009974 -0.002109 0.000000 
5.000000e-01 5.000000e-01 4.999952e-03 5.000000e-01 5.000000e-01 1.515011e+00 -0.993260 0.002102 0.009948 0.969161 0.009948 0.002102 0.993260 -0.002109 -0.009974 -0.969094 -0.009974 -0.002109 0.000000 
5.000000e-01 5.000000e-01 4.999952e-03 5.000000e-01 5.000000e-01 1.515011e+00 -0.993260 0.002102 0.009948 0.969161 0.009948 0.002102 0.993260 -0.002109 -0.009974 -0.969094 -0.009974 -0.002109 0.000000 
5.000000e-01 5.000000e-01 4.999952e-03 5.000000e-01 5.000000e-01 1.515011e+00 -0.993260 0.002102 0.009948 0.969161 0.009948 0.002102 0.993260 -0.002109 -0.009974 -0.969094 -0.009974 -0.002109 0.000000 
5.000000e-01 5.000000e-01 4.999952e-03 5.000000e-01 5.000000e-01 1.515011e+00 -0.993260 0.002102 0.009948 0.969161 0.009948 0.002102 0.993260 -0.002109 -0.009974 -0.969094 -0.009974 -0.002109 0.000000 
5.000000e-01 5.000000e-01 4.999952e-03 5.000000e-01 5.000000e-01 1.515011e+00 -0.993260 0.002102 0.009948 0.969161 0.009948 0.002102 0.993260 -0.002109 -0.009974 -0.969094 -0.009974 -0.002109 0.000000 
5.000000e-01 5.000000e-01 4.999952e-03 5.000000e-01 5.000000e-01 1.515011e+00 -0.993260 0.002102 0.009948 0.969161 0.009948 0.002102 0.993260 -0.002109 -0.009974 -0.969094 -0.009974 -0.002109 0.000000 
5.000000e-01 5.000000e-01 4.999952e-03 5.000000e-01 5.000000e-01 1.515011e+00 -0.993260 0.002102 0.009948 0.969161 0.009948 0.002102 0.993260 -0.002109 -0.009974 -0.969094 -0.009974 -0.002109 0.000000 
5.000000e-01 5.000000e-01 4.999952e-03 5.000000e-01 5.000000e-01 1.515011e+00 -0.993260 0.002102 0.009948 0.969161 0.009948 0.002102 0.993260 -0.002109 -0.009974 -0.969094 -0.009974 -0.002109 0.000000 
5.000000e-01 5.000000e-01 4.999952e-03 5.000000e-01 5.000000e-01 1.515011e+00 -0.993260 0.002102 0.009948 0.969161 0.009948 0.002102 0.993260 -0.002109 -0.009974 -0.969094 -0.009974 -0.002109 0.000000 
5.000000e-01 5.000000e-01 4.999952e-03 5.000000e-01 5.000000e-01 1.515011e+00 -0.993260 0.002102 0.009948 0.969161 0.009948 0.002102 0.993260 -0.002109 -0.009974 -0.969094 -0.009974 -0.002109 0.000000 
5.000000e-01 5.000000e-01 4.999952e-03 5.000000e-01 5.000000e-01 1.515011e+00 -0.993260 0.002102 0.009948 0.969161 0.009948 0.002102 0.993260 -0.002109 -0.009974 -0.969094 -0.009974 -0.002109 0.000000 
5.000000e-01 5.000000e-01 4.999952e-03 5.000000e-01 5.000000e-01 1.515011e+00 -0.993260 0.002102 0.009948 0.969161 0.009948 0.002102 0.993260 -0.002109 -0.009974 -0.969094 -0.009974 -0.002109 0.000000 
5.000000e-01 5.000000e-01 4.999952e-03 5.000000e-01 5.000000e-01 1.515011e+00 -0.993260 0.002102 0.009948 0.969161 0.009948 0.002102 0.993260 -0.002109 -0.009974 -0.969094 -0.009974 -0.002109 0.000000 
5.000000e-01 5.000000e-01 4.999952e-03 5.000000e-01 5.000000e-01 1.515011e+00 -0.993260 0.002102 0.009948 0.969161 0.009948 0.002102 0.993260 -0.002109 -0.009974 -0.969094 -0.009974 -0.002109 0.000000 
5.000000e-01 5.000000e-01 4.999952e-03 5.000000e-01 5.000000e-01 1.515011e+00 -0.993260 0.002102 0.009948 0.969161 0.009948 0.002102 0.993260 -0.002109 -0.009974 -0.969094 -0.009974 -0.002109 0.000000 
5.000000e-01 5.000000e-01 4.999952e-03 5.000000e-01 5.000000e-01 1.515011e+00 -0.993260 0.002102 0.009948 0.969161 0.009948 0.002102 0.993260 -0.002109 -0.009974 -0.969094 -0.009974 -0.002109 0.000000 
5.000000e-01 5.000000e-01 4.999952e-03 5.000000e-01 5.000000e-01 1.515011e+00 -0.993260 0.002102 0.009948 0.969161 0.009948 0.002102 0.993260 -0.002109 -0.009974 -0.969094 -0.009974 -0.002109 0.000000 
5.000000e-01 5.000000e-01 4.999952e-03 5.000000e-01 5.000000e-01 1.515011e+00 -0.993260 0.002102 0.009948 0.969161 0.009948 0.002102 0.993260 -0.002109 -0.009974 -0.969094 -0.009974 -0.002109 0.000000 
5.000000e-01 5.000000e-01 4.999952e-03 5.000000e-01 5.000000e-01 1.515011e+00 -0.993260 0.002102 0.009948 0.969161 0.009948 0.002102 0.993260 -0.002109 -0.009974 -0.969094 -0.009974 -0.002109 0.000000 
5.000000e-01 5.000000e-01 4.999952e-03 5.000000e-01 5.000000e-01 1.515011e+00 -0.993260 0.002102 0.009948 0.969161 0.009948 0.002102 0.993260 -0.002109 -0.009974 -0.969094 -0.009974 -0.002109 0.000000 
5.000000e-01 5.000000e-01 4.999952e-03 5.000000e-01 5.000000e-01 1.515011e+00 -0.993260 0.002102 0.009948 0.969161 0.009948 0.002102 0.993260 -0.002109 -0.009974 -0.969094 -0.009974 -0.002109 0.000000 
5.000000e-01 5.000000e-01 4.999952e-03 5.000000e-01 5.000000e-01 1.515011e+00 -0.993260 0.002102 0.009948 0.969161 0.009948 0.002102 0.993260 -0.002109 -0.009974 -0.969094 -0.009974 -0.002109 0.000000 
5.000000e-01 5.000000e-01 4.999952e-03 5.000000e-01 5.000000e-01 1.515011e+00 -0.993260 0.002102 0.009948 0.969161 0.009948 0.002102 0.993260 -0.002109 -0.009974 -0.969094 -0.009974 -0.002109 0.000000 
