# TeX TeY TeZ ThX ThY THZ P1 P2
5.000000e-01 5.000000e-01 3.400000e-01 5.000000e-01 5.000000e-01 3.400000e-01 0.000000 0.000000 0.000000 0.000000 0.000000 0.000000 0.000000 0.000000 0.000000 0.000000 0.000000 0.000000 0.000000 
5.000000e-01 5.000000e-01 3.272155e-01 5.000000e-01 5.000000e-01 3.489423e-01 -0.014258 0.002576 0.003027 0.003052 0.003027 0.002576 0.014258 0.001591 -0.003395 -0.010650 -0.003395 0.001591 0.000000 
5.000000e-01 5.000000e-01 3.143984e-01 5.000000e-01 5.000000e-01 3.578753e-01 -0.028532 0.005156 0.006057 0.006106 0.006057 0.005156 0.028532 0.003282 -0.006758 -0.021581 -0.006758 0.003282 0.000000 
5.000000e-01 5.000000e-01 3.015487e-01 5.000000e-01 5.000000e-01 3.667991e-01 -0.042821 0.007738 0.009090 0.009164 0.009090 0.007738 0.042821 0.005088 -0.010069 -0.032860 -0.010069 0.005088 0.000000 
5.000000e-01 5.000000e-01 2.886669e-01 5.000000e-01 5.000000e-01 3.757135e-01 -0.057125 0.010324 0.012126 0.012224 0.012126 0.010324 0.057125 0.007041 -0.013297 -0.044613 -0.013297 0.007041 0.000000 
5.000000e-01 5.000000e-01 2.757531e-01 5.000000e-01 5.000000e-01 3.846185e-01 -0.071443 0.012912 0.015165 0.015287 0.015165 0.012912 0.071443 0.009162 -0.016410 -0.056948 -0.016410 0.009162 0.000000 
5.000000e-01 5.000000e-01 2.628076e-01 5.000000e-01 5.000000e-01 3.935139e-01 -0.085776 0.015503 0.018208 0.018354 0.018208 0.015503 0.085776 0.011445 -0.019384 -0.069899 -0.019384 0.011445 0.000000 
5.000000e-01 5.000000e-01 2.498307e-01 5.000000e-01 5.000000e-01 4.023998e-01 -0.100123 0.018097 0.021253 0.021423 0.021253 0.018097 0.100123 0.013908 -0.022179 -0.083580 -0.022179 0.013908 0.000000 
5.000000e-01 5.000000e-01 2.368225e-01 5.000000e-01 5.000000e-01 4.112760e-01 -0.114485 0.020693 0.024301 0.024496 0.024301 0.020693 0.114485 0.016606 -0.024704 -0.098288 -0.024704 0.016606 0.000000 
5.000000e-01 5.000000e-01 2.237832e-01 5.000000e-01 5.000000e-01 4.201425e-01 -0.128860 0.023291 0.027353 0.027572 0.027353 0.023291 0.128860 0.019512 -0.026937 -0.114010 -0.026937 0.019512 0.000000 
5.000000e-01 5.000000e-01 2.107130e-01 5.000000e-01 5.000000e-01 4.289991e-01 -0.143250 0.025892 0.030408 0.030651 0.030408 0.025892 0.143250 0.022631 -0.028809 -0.130894 -0.028809 0.022631 0.000000 
5.000000e-01 5.000000e-01 1.976121e-01 5.000000e-01 5.000000e-01 4.378459e-01 -0.157654 0.028494 0.033465 0.033735 0.033465 0.028494 0.157654 0.026022 -0.030163 -0.149374 -0.030163 0.026022 0.000000 
5.000000e-01 5.000000e-01 1.844804e-01 5.000000e-01 5.000000e-01 4.466826e-01 -0.172073 0.031099 0.036526 0.036822 0.036526 0.031099 0.172073 0.029671 -0.030927 -0.169560 -0.030927 0.029671 0.000000 
5.000000e-01 5.000000e-01 1.713181e-01 5.000000e-01 5.000000e-01 4.555093e-01 -0.186506 0.033706 0.039591 0.039912 0.039591 0.033706 0.186506 0.033572 -0.031002 -0.191646 -0.031002 0.033572 0.000000 
5.000000e-01 5.000000e-01 1.581250e-01 5.000000e-01 5.000000e-01 4.643258e-01 -0.200955 0.036315 0.042659 0.043008 0.042659 0.036315 0.200955 0.037765 -0.030132 -0.216222 -0.030132 0.037765 0.000000 
5.000000e-01 5.000000e-01 1.449009e-01 5.000000e-01 5.000000e-01 4.731321e-01 -0.215421 0.038926 0.045730 0.046107 0.045730 0.038926 0.215421 0.042246 -0.028134 -0.243644 -0.028134 0.042246 0.000000 
5.000000e-01 5.000000e-01 1.316452e-01 5.000000e-01 5.000000e-01 4.819280e-01 -0.229906 0.041540 0.048806 0.049212 0.048806 0.041540 0.229906 0.046991 -0.024873 -0.274142 -0.024873 0.046991 0.000000 
5.000000e-01 5.000000e-01 1.183573e-01 5.000000e-01 5.000000e-01 4.907135e-01 -0.244412 0.044157 0.051887 0.052323 0.051887 0.044157 0.244412 0.052028 -0.019940 -0.308590 -0.019940 0.052028 0.000000 
5.000000e-01 5.000000e-01 1.050361e-01 5.000000e-01 5.000000e-01 4.994885e-01 -0.258944 0.046778 0.054974 0.055441 0.054974 0.046778 0.258944 0.057349 -0.012994 -0.347655 -0.012994 0.057349 0.000000 
5.000000e-01 5.000000e-01 9.168005e-02 5.000000e-01 5.000000e-01 5.082530e-01 -0.273505 0.049402 0.058067 0.058566 0.058067 0.049402 0.273505 0.062918 -0.003890 -0.391561 -0.003890 0.062918 0.000000 
5.000000e-01 5.000000e-01 7.828712e-02 5.000000e-01 5.000000e-01 5.170067e-01 -0.288104 0.052032 0.061169 0.061702 0.061169 0.052032 0.288104 0.068753 0.007955 -0.441521 0.007955 0.068753 0.000000 
5.000000e-01 5.000000e-01 6.485510e-02 5.000000e-01 5.000000e-01 5.257496e-01 -0.302749 0.054670 0.064280 0.064849 0.064280 0.054670 0.302749 0.074837 0.022889 -0.498203 0.022889 0.074837 0.000000 
5.000000e-01 5.000000e-01 5.138164e-02 5.000000e-01 5.000000e-01 5.344817e-01 -0.317446 0.057315 0.067403 0.068009 0.067403 0.057315 0.317445 0.081128 0.040854 -0.561410 0.040854 0.081128 0.000000 
5.000000e-01 5.000000e-01 3.786523e-02 5.000000e-01 5.000000e-01 5.432028e-01 -0.332203 0.059970 0.070540 0.071184 0.070540 0.059970 0.332203 0.087624 0.062247 -0.631946 0.062247 0.087624 0.000000 
5.000000e-01 5.000000e-01 2.430619e-02 5.000000e-01 5.000000e-01 5.519128e-01 -0.347022 0.062634 0.073690 0.074374 0.073690 0.062634 0.347022 0.094279 0.086641 -0.708862 0.086641 0.094279 0.000000 
5.000000e-01 5.000000e-01 1.070786e-02 5.000000e-01 5.000000e-01 5.606117e-01 -0.361889 0.065305 0.076851 0.077577 0.076851 0.065305 0.361889 0.101038 0.113181 -0.790328 0.113181 0.101038 0.000000 
5.000000e-01 5.000000e-01 4.999632e-03 5.000000e-01 5.000000e-01 5.692993e-01 -0.371443 0.067008 0.078887 0.079654 0.078887 0.067008 0.371443 0.103534 0.124018 -0.826546 0.124018 0.103534 0.000000 
5.000000e-01 5.000000e-01 4.999632e-03 5.000000e-01 5.000000e-01 5.779756e-01 -0.377138 0.068007 0.080105 0.080914 0.080105 0.068007 0.377138 0.102901 0.122699 -0.828340 0.122699 0.102901 0.000000 
5.000000e-01 5.000000e-01 4.999632e-03 5.000000e-01 5.000000e-01 5.866404e-01 -0.382826 0.069002 0.081323 0.082176 0.081323 0.069002 0.382826 0.102249 0.121387 -0.830099 0.121387 0.102249 0.000000 
5.000000e-01 5.000000e-01 4.999632e-03 5.000000e-01 5.000000e-01 5.952936e-01 -0.388506 0.069994 0.082540 0.083439 0.082540 0.069994 0.388506 0.101579 0.120081 -0.831827 0.120081 0.101579 0.000000 
5.000000e-01 5.000000e-01 4.999632e-03 5.000000e-01 5.000000e-01 6.039352e-01 -0.394179 0.070982 0.083756 0.084704 0.083756 0.070982 0.394179 0.100890 0.118782 -0.833524 0.118782 0.100890 0.000000 
5.000000e-01 5.000000e-01 4.999632e-03 5.000000e-01 5.000000e-01 6.125649e-01 -0.399844 0.071966 0.084971 0.085970 0.084971 0.071966 0.399844 0.100185 0.117489 -0.835192 0.117489 0.100185 0.000000 
5.000000e-01 5.000000e-01 4.999632e-03 5.000000e-01 5.000000e-01 6.211829e-01 -0.405501 0.072946 0.086185 0.087239 0.086185 0.072946 0.405501 0.099464 0.116201 -0.836832 0.116201 0.099464 0.000000 
5.000000e-01 5.000000e-01 4.999632e-03 5.000000e-01 5.000000e-01 6.297888e-01 -0.411150 0.073922 0.087398 0.088509 0.087398 0.073922 0.411150 0.098728 0.114920 -0.838446 0.114920 0.098728 0.000000 
5.000000e-01 5.000000e-01 4.999632e-03 5.000000e-01 5.000000e-01 6.383826e-01 -0.416791 0.074893 0.088611 0.089783 0.088611 0.074893 0.416791 0.097976 0.113645 -0.840032 0.113645 0.097976 0.000000 
5.000000e-01 5.000000e-01 4.999632e-03 5.000000e-01 5.000000e-01 6.469643e-01 -0.422425 0.075860 0.089823 0.091059 0.089823 0.075860 0.422425 0.097210 0.112375 -0.841595 0.112375 0.097210 0.000000 
5.000000e-01 5.000000e-01 4.999632e-03 5.000000e-01 5.000000e-01 6.555336e-01 -0.428050 0.076822 0.091034 0.092337 0.091034 0.076822 0.428050 0.096433 0.111110 -0.843137 0.111110 0.096433 0.000000 
5.000000e-01 5.000000e-01 4.999632e-03 5.000000e-01 5.000000e-01 6.640905e-01 -0.433667 0.077779 0.092245 0.093619 0.092245 0.077779 0.433667 0.095644 0.109851 -0.844658 0.109851 0.095644 0.000000 
5.000000e-01 5.000000e-01 4.999632e-03 5.000000e-01 5.000000e-01 6.726348e-01 -0.439276 0.078731 0.093455 0.094903 0.093455 0.078731 0.439276 0.094844 0.108597 -0.846159 0.108597 0.094844 0.000000 
5.000000e-01 5.000000e-01 4.999632e-03 5.000000e-01 5.000000e-01 6.811665e-01 -0.444876 0.079679 0.094664 0.096191 0.094664 0.079679 0.444876 0.094035 0.107348 -0.847642 0.107348 0.094035 0.000000 
5.000000e-01 5.000000e-01 4.999632e-03 5.000000e-01 5.000000e-01 6.896854e-01 -0.450469 0.080620 0.095872 0.097483 0.095872 0.080620 0.450468 0.093215 0.106104 -0.849107 0.106104 0.093215 0.000000 
5.000000e-01 5.000000e-01 4.999632e-03 5.000000e-01 5.000000e-01 6.981914e-01 -0.456052 0.081556 0.097081 0.098779 0.097081 0.081556 0.456052 0.092385 0.104865 -0.850552 0.104865 0.092385 0.000000 
5.000000e-01 5.000000e-01 4.999632e-03 5.000000e-01 5.000000e-01 7.066844e-01 -0.461628 0.082485 0.098289 0.100080 0.098289 0.082485 0.461627 0.091547 0.103630 -0.851982 0.103630 0.091547 0.000000 
5.000000e-01 5.000000e-01 4.999632e-03 5.000000e-01 5.000000e-01 7.151643e-01 -0.467194 0.083409 0.099496 0.101385 0.099496 0.083409 0.467194 0.090701 0.102400 -0.853396 0.102400 0.090701 0.000000 
5.000000e-01 5.000000e-01 4.999632e-03 5.000000e-01 5.000000e-01 7.236309e-01 -0.472752 0.084326 0.100703 0.102695 0.100703 0.084326 0.472752 0.089848 0.101174 -0.854797 0.101174 0.089848 0.000000 
5.000000e-01 5.000000e-01 4.999632e-03 5.000000e-01 5.000000e-01 7.320841e-01 -0.478301 0.085236 0.101909 0.104009 0.101909 0.085236 0.478301 0.088988 0.099953 -0.856183 0.099953 0.088988 0.000000 
5.000000e-01 5.000000e-01 4.999632e-03 5.000000e-01 5.000000e-01 7.405238e-01 -0.483841 0.086140 0.103115 0.105329 0.103115 0.086140 0.483841 0.088122 0.098735 -0.857557 0.098735 0.088122 0.000000 
5.000000e-01 5.000000e-01 4.999632e-03 5.000000e-01 5.000000e-01 7.489498e-01 -0.489373 0.087036 0.104322 0.106656 0.104322 0.087036 0.489372 0.087250 0.097522 -0.858917 0.097522 0.087250 0.000000 
5.000000e-01 5.000000e-01 4.999632e-03 5.000000e-01 5.000000e-01 7.573621e-01 -0.494895 0.087925 0.105528 0.107990 0.105528 0.087925 0.494895 0.086371 0.096314 -0.860264 0.096314 0.086371 0.000000 
5.000000e-01 5.000000e-01 4.999632e-03 5.000000e-01 5.000000e-01 7.657604e-01 -0.500408 0.088805 0.106734 0.109330 0.106734 0.088805 0.500408 0.085488 0.095108 -0.861600 0.095108 0.085488 0.000000 
5.000000e-01 5.000000e-01 4.999632e-03 5.000000e-01 5.000000e-01 7.741447e-01 -0.505912 0.089678 0.107939 0.110677 0.107939 0.089678 0.505912 0.084600 0.093907 -0.862926 0.093907 0.084600 0.000000 
5.000000e-01 5.000000e-01 4.999632e-03 5.000000e-01 5.000000e-01 7.825148e-01 -0.511406 0.090542 0.109145 0.112032 0.109145 0.090542 0.511406 0.083708 0.092710 -0.864241 0.092710 0.083708 0.000000 
5.000000e-01 5.000000e-01 4.999632e-03 5.000000e-01 5.000000e-01 7.908706e-01 -0.516891 0.091398 0.110351 0.113394 0.110351 0.091398 0.516891 0.082811 0.091516 -0.865546 0.091516 0.082811 0.000000 
5.000000e-01 5.000000e-01 4.999632e-03 5.000000e-01 5.000000e-01 7.992120e-01 -0.522367 0.092244 0.111557 0.114765 0.111557 0.092244 0.522367 0.081911 0.090326 -0.866841 0.090326 0.081911 0.000000 
5.000000e-01 5.000000e-01 4.999632e-03 5.000000e-01 5.000000e-01 8.075387e-01 -0.527833 0.093079 0.112763 0.116147 0.112763 0.093079 0.527833 0.081007 0.089139 -0.868127 0.089139 0.081007 0.000000 
5.000000e-01 5.000000e-01 4.999632e-03 5.000000e-01 5.000000e-01 8.158507e-01 -0.533289 0.093905 0.113970 0.117539 0.113970 0.093905 0.533289 0.080100 0.087957 -0.869403 0.087957 0.080100 0.000000 
5.000000e-01 5.000000e-01 4.999632e-03 5.000000e-01 5.000000e-01 8.241478e-01 -0.538736 0.094721 0.115177 0.118940 0.115177 0.094721 0.538736 0.079191 0.086777 -0.870672 0.086777 0.079191 0.000000 
5.000000e-01 5.000000e-01 4.999632e-03 5.000000e-01 5.000000e-01 8.324298e-01 -0.544173 0.095526 0.116384 0.120352 0.116384 0.095526 0.544173 0.078279 0.085601 -0.871932 0.085601 0.078279 0.000000 
5.000000e-01 5.000000e-01 4.999632e-03 5.000000e-01 5.000000e-01 8.406967e-01 -0.549599 0.096321 0.117592 0.121774 0.117592 0.096321 0.549599 0.077365 0.084428 -0.873185 0.084428 0.077365 0.000000 
5.000000e-01 5.000000e-01 4.999632e-03 5.000000e-01 5.000000e-01 8.489482e-01 -0.555016 0.097102 0.118800 0.123211 0.118800 0.097102 0.555016 0.076448 0.083259 -0.874430 0.083259 0.076448 0.000000 
5.000000e-01 5.000000e-01 4.999632e-03 5.000000e-01 5.000000e-01 8.571842e-01 -0.560423 0.097870 0.120010 0.124661 0.120010 0.097870 0.560422 0.075529 0.082093 -0.875667 0.082093 0.075529 0.000000 
5.000000e-01 5.000000e-01 4.999632e-03 5.000000e-01 5.000000e-01 8.654045e-01 -0.565819 0.098626 0.121220 0.126125 0.121220 0.098626 0.565819 0.074609 0.080930 -0.876897 0.080930 0.074609 0.000000 
5.000000e-01 5.000000e-01 4.999632e-03 5.000000e-01 5.000000e-01 8.736090e-01 -0.571204 0.099369 0.122431 0.127603 0.122431 0.099369 0.571204 0.073688 0.079770 -0.878121 0.079770 0.073688 0.000000 
5.000000e-01 5.000000e-01 4.999632e-03 5.000000e-01 5.000000e-01 8.817976e-01 -0.576580 0.100099 0.123643 0.129095 0.123643 0.100099 0.576580 0.072765 0.078614 -0.879338 0.078614 0.072765 0.000000 
5.000000e-01 5.000000e-01 4.999632e-03 5.000000e-01 5.000000e-01 8.899699e-01 -0.581944 0.100815 0.124855 0.130603 0.124855 0.100815 0.581944 0.071842 0.077461 -0.880550 0.077461 0.071842 0.000000 
5.000000e-01 5.000000e-01 4.999632e-03 5.000000e-01 5.000000e-01 8.981260e-01 -0.587298 0.101513 0.126070 0.132133 0.126070 0.101513 0.587298 0.070917 0.076311 -0.881754 0.076311 0.070917 0.000000 
5.000000e-01 5.000000e-01 4.999632e-03 5.000000e-01 5.000000e-01 9.062656e-01 -0.592641 0.102195 0.127285 0.133680 0.127285 0.102195 0.592641 0.069991 0.075164 -0.882952 0.075164 0.069991 0.000000 
5.000000e-01 5.000000e-01 4.999632e-03 5.000000e-01 5.000000e-01 9.143885e-01 -0.597973 0.102862 0.128502 0.135245 0.128502 0.102862 0.597973 0.069065 0.074020 -0.884145 0.074020 0.069065 0.000000 
5.000000e-01 5.000000e-01 4.999632e-03 5.000000e-01 5.000000e-01 9.224946e-01 -0.603295 0.103513 0.129720 0.136830 0.129720 0.103513 0.603294 0.068139 0.072879 -0.885332 0.072879 0.068139 0.000000 
5.000000e-01 5.000000e-01 4.999632e-03 5.000000e-01 5.000000e-01 9.305837e-01 -0.608604 0.104146 0.130939 0.138434 0.130939 0.104146 0.608604 0.067213 0.071742 -0.886514 0.071742 0.067213 0.000000 
5.000000e-01 5.000000e-01 4.999632e-03 5.000000e-01 5.000000e-01 9.386556e-01 -0.613903 0.104759 0.132160 0.140065 0.132160 0.104759 0.613903 0.066286 0.070607 -0.887690 0.070607 0.066286 0.000000 
5.000000e-01 5.000000e-01 4.999632e-03 5.000000e-01 5.000000e-01 9.467102e-01 -0.619190 0.105352 0.133382 0.141722 0.133382 0.105352 0.619190 0.065360 0.069476 -0.888861 0.069476 0.065360 0.000000 
5.000000e-01 5.000000e-01 4.999632e-03 5.000000e-01 5.000000e-01 9.547471e-01 -0.624466 0.105925 0.134607 0.143402 0.134607 0.105925 0.624466 0.064434 0.068347 -0.890027 0.068347 0.064434 0.000000 
5.000000e-01 5.000000e-01 4.999632e-03 5.000000e-01 5.000000e-01 9.627664e-01 -0.629730 0.106479 0.135832 0.145108 0.135832 0.106479 0.629730 0.063508 0.067222 -0.891188 0.067222 0.063508 0.000000 
5.000000e-01 5.000000e-01 4.999632e-03 5.000000e-01 5.000000e-01 9.707677e-01 -0.634982 0.107012 0.137059 0.146839 0.137059 0.107012 0.634982 0.062582 0.066099 -0.892345 0.066099 0.062582 0.000000 
5.000000e-01 5.000000e-01 4.999632e-03 5.000000e-01 5.000000e-01 9.787509e-01 -0.640222 0.107520 0.138289 0.148605 0.138289 0.107520 0.640222 0.061657 0.064980 -0.893496 0.064980 0.061657 0.000000 
5.000000e-01 5.000000e-01 4.999632e-03 5.000000e-01 5.000000e-01 9.867157e-01 -0.645450 0.108002 0.139520 0.150405 0.139520 0.108002 0.645450 0.060733 0.063864 -0.894643 0.063864 0.060733 0.000000 
5.000000e-01 5.000000e-01 4.999632e-03 5.000000e-01 5.000000e-01 9.946621e-01 -0.650666 0.108462 0.140753 0.152236 0.140753 0.108462 0.650666 0.059809 0.062750 -0.895785 0.062750 0.059809 0.000000 
5.000000e-01 5.000000e-01 4.999632e-03 5.000000e-01 5.000000e-01 1.002590e+00 -0.655870 0.108897 0.141988 0.154099 0.141988 0.108897 0.655870 0.058886 0.061640 -0.896923 0.061640 0.058886 0.000000 
5.000000e-01 5.000000e-01 4.999632e-03 5.000000e-01 5.000000e-01 1.010498e+00 -0.661061 0.109309 0.143224 0.155996 0.143224 0.109309 0.661061 0.057965 0.060533 -0.898056 0.060533 0.057965 0.000000 
5.000000e-01 5.000000e-01 4.999632e-03 5.000000e-01 5.000000e-01 1.018388e+00 -0.666240 0.109687 0.144462 0.157940 0.144462 0.109687 0.666240 0.057044 0.059429 -0.899185 0.059429 0.057044 0.000000 
5.000000e-01 5.000000e-01 4.999632e-03 5.000000e-01 5.000000e-01 1.026258e+00 -0.671406 0.110037 0.145703 0.159927 0.145703 0.110037 0.671406 0.056124 0.058328 -0.900310 0.058328 0.056124 0.000000 
5.000000e-01 5.000000e-01 4.999632e-03 5.000000e-01 5.000000e-01 1.034109e+00 -0.676559 0.110358 0.146944 0.161954 0.146944 0.110358 0.676559 0.055206 0.057230 -0.901430 0.057230 0.055206 0.000000 
5.000000e-01 5.000000e-01 4.999632e-03 5.000000e-01 5.000000e-01 1.041940e+00 -0.681699 0.110652 0.148186 0.164022 0.148186 0.110652 0.681699 0.054289 0.056135 -0.902546 0.056135 0.054289 0.000000 
5.000000e-01 5.000000e-01 4.999632e-03 5.000000e-01 5.000000e-01 1.049750e+00 -0.686826 0.110914 0.149430 0.166137 0.149430 0.110914 0.686825 0.053374 0.055043 -0.903659 0.055043 0.053374 0.000000 
5.000000e-01 5.000000e-01 4.999632e-03 5.000000e-01 5.000000e-01 1.057541e+00 -0.691939 0.111136 0.150676 0.168316 0.150676 0.111136 0.691939 0.052459 0.053954 -0.904766 0.053954 0.052459 0.000000 
5.000000e-01 5.000000e-01 4.999632e-03 5.000000e-01 5.000000e-01 1.065311e+00 -0.697039 0.111325 0.151921 0.170546 0.151921 0.111325 0.697039 0.051547 0.052869 -0.905870 0.052869 0.051547 0.000000 
5.000000e-01 5.000000e-01 4.999632e-03 5.000000e-01 5.000000e-01 1.073061e+00 -0.702125 0.111482 0.153168 0.172827 0.153168 0.111482 0.702125 0.050636 0.051786 -0.906970 0.051786 0.050636 0.000000 
5.000000e-01 5.000000e-01 4.999632e-03 5.000000e-01 5.000000e-01 1.080789e+00 -0.707198 0.111605 0.154413 0.175162 0.154413 0.111605 0.707198 0.049727 0.050707 -0.908066 0.050707 0.049727 0.000000 
5.000000e-01 5.000000e-01 4.999632e-03 5.000000e-01 5.000000e-01 1.088496e+00 -0.712257 0.111683 0.155660 0.177571 0.155660 0.111683 0.712257 0.048819 0.049631 -0.909157 0.049631 0.048819 0.000000 
5.000000e-01 5.000000e-01 4.999632e-03 5.000000e-01 5.000000e-01 1.096182e+00 -0.717301 0.111720 0.156905 0.180052 0.156905 0.111720 0.717301 0.047913 0.048558 -0.910245 0.048558 0.047913 0.000000 
5.000000e-01 5.000000e-01 4.999632e-03 5.000000e-01 5.000000e-01 1.103847e+00 -0.722332 0.111719 0.158148 0.182597 0.158148 0.111719 0.722332 0.047010 0.047489 -0.911329 0.047489 0.047010 0.000000 
5.000000e-01 5.000000e-01 4.999632e-03 5.000000e-01 5.000000e-01 1.111489e+00 -0.727348 0.111680 0.159390 0.185208 0.159390 0.111680 0.727347 0.046108 0.046423 -0.912409 0.046423 0.046108 0.000000 
5.000000e-01 5.000000e-01 4.999632e-03 5.000000e-01 5.000000e-01 1.119109e+00 -0.732349 0.111595 0.160629 0.187901 0.160629 0.111595 0.732349 0.045208 0.045360 -0.913485 0.045360 0.045208 0.000000 
5.000000e-01 5.000000e-01 4.999632e-03 5.000000e-01 5.000000e-01 1.126707e+00 -0.737335 0.111457 0.161863 0.190694 0.161863 0.111457 0.737335 0.044311 0.044300 -0.914557 0.044300 0.044311 0.000000 
5.000000e-01 5.000000e-01 4.999632e-03 5.000000e-01 5.000000e-01 1.134282e+00 -0.742307 0.111277 0.163094 0.193566 0.163094 0.111277 0.742307 0.043415 0.043244 -0.915625 0.043244 0.043415 0.000000 
5.000000e-01 5.000000e-01 4.999632e-03 5.000000e-01 5.000000e-01 1.141834e+00 -0.747263 0.111054 0.164318 0.196519 0.164318 0.111054 0.747263 0.042522 0.042191 -0.916689 0.042191 0.042522 0.000000 
5.000000e-01 5.000000e-01 4.999632e-03 5.000000e-01 5.000000e-01 1.149363e+00 -0.752205 0.110781 0.165536 0.199570 0.165536 0.110781 0.752204 0.041631 0.041141 -0.917750 0.041141 0.041631 0.000000 
5.000000e-01 5.000000e-01 4.999632e-03 5.000000e-01 5.000000e-01 1.156868e+00 -0.757130 0.110445 0.166744 0.202750 0.166744 0.110445 0.757130 0.040743 0.040095 -0.918806 0.040095 0.040743 0.000000 
5.000000e-01 5.000000e-01 4.999632e-03 5.000000e-01 5.000000e-01 1.164350e+00 -0.762040 0.110063 0.167943 0.206029 0.167943 0.110063 0.762040 0.039857 0.039052 -0.919858 0.039052 0.039857 0.000000 
5.000000e-01 5.000000e-01 4.999632e-03 5.000000e-01 5.000000e-01 1.171807e+00 -0.766934 0.109632 0.169130 0.209408 0.169130 0.109632 0.766934 0.038973 0.038013 -0.920907 0.038013 0.038973 0.000000 
5.000000e-01 5.000000e-01 4.999632e-03 5.000000e-01 5.000000e-01 1.179240e+00 -0.771812 0.109146 0.170305 0.212911 0.170305 0.109146 0.771812 0.038092 0.036977 -0.921951 0.036977 0.038092 0.000000 
5.000000e-01 5.000000e-01 4.999632e-03 5.000000e-01 5.000000e-01 1.186649e+00 -0.776674 0.108589 0.171460 0.216575 0.171460 0.108589 0.776674 0.037213 0.035945 -0.922992 0.035945 0.037213 0.000000 
5.000000e-01 5.000000e-01 4.999632e-03 5.000000e-01 5.000000e-01 1.194032e+00 -0.781520 0.107981 0.172598 0.220361 0.172598 0.107981 0.781520 0.036337 0.034917 -0.924028 0.034917 0.036337 0.000000 
5.000000e-01 5.000000e-01 4.999632e-03 5.000000e-01 5.000000e-01 1.201391e+00 -0.786348 0.107322 0.173717 0.224271 0.173717 0.107322 0.786348 0.035464 0.033892 -0.925061 0.033892 0.035464 0.000000 
5.000000e-01 5.000000e-01 4.999632e-03 5.000000e-01 5.000000e-01 1.208723e+00 -0.791160 0.106594 0.174811 0.228351 0.174811 0.106594 0.791160 0.034594 0.032871 -0.926090 0.032871 0.034594 0.000000 
5.000000e-01 5.000000e-01 4.999632e-03 5.000000e-01 5.000000e-01 1.216030e+00 -0.795955 0.105794 0.175873 0.232621 0.175873 0.105794 0.795955 0.033726 0.031853 -0.927114 0.031853 0.033726 0.000000 
5.000000e-01 5.000000e-01 4.999632e-03 5.000000e-01 5.000000e-01 1.223311e+00 -0.800733 0.104940 0.176907 0.237040 0.176907 0.104940 0.800733 0.032861 0.030840 -0.928135 0.030840 0.032861 0.000000 
5.000000e-01 5.000000e-01 4.999632e-03 5.000000e-01 5.000000e-01 1.230565e+00 -0.805493 0.104029 0.177911 0.241613 0.177911 0.104029 0.805493 0.031999 0.029830 -0.929151 0.029830 0.031999 0.000000 
5.000000e-01 5.000000e-01 4.999632e-03 5.000000e-01 5.000000e-01 1.237792e+00 -0.810236 0.103033 0.178865 0.246439 0.178865 0.103033 0.810236 0.031140 0.028823 -0.930164 0.028823 0.031140 0.000000 
5.000000e-01 5.000000e-01 4.999632e-03 5.000000e-01 5.000000e-01 1.244992e+00 -0.814960 0.101972 0.179774 0.251469 0.179774 0.101972 0.814960 0.030284 0.027821 -0.931172 0.027821 0.030284 0.000000 
5.000000e-01 5.000000e-01 4.999632e-03 5.000000e-01 5.000000e-01 1.252164e+00 -0.819667 0.100852 0.180640 0.256683 0.180640 0.100852 0.819667 0.029432 0.026823 -0.932176 0.026823 0.029432 0.000000 
5.000000e-01 5.000000e-01 4.999632e-03 5.000000e-01 5.000000e-01 1.259309e+00 -0.824355 0.099664 0.181452 0.262122 0.181452 0.099664 0.824355 0.028582 0.025828 -0.933176 0.025828 0.028582 0.000000 
5.000000e-01 5.000000e-01 4.999632e-03 5.000000e-01 5.000000e-01 1.266425e+00 -0.829025 0.098385 0.182184 0.267886 0.182184 0.098385 0.829025 0.027735 0.024838 -0.934171 0.024838 0.027735 0.000000 
5.000000e-01 5.000000e-01 4.999632e-03 5.000000e-01 5.000000e-01 1.273513e+00 -0.833676 0.097047 0.182854 0.273873 0.182854 0.097047 0.833676 0.026892 0.023852 -0.935163 0.023852 0.026892 0.000000 
5.000000e-01 5.000000e-01 4.999632e-03 5.000000e-01 5.000000e-01 1.280572e+00 -0.838308 0.095649 0.183461 0.280086 0.183461 0.095649 0.838307 0.026052 0.022869 -0.936150 0.022869 0.026052 0.000000 
5.000000e-01 5.000000e-01 4.999632e-03 5.000000e-01 5.000000e-01 1.287601e+00 -0.842920 0.094155 0.183956 0.286699 0.183956 0.094155 0.842920 0.025215 0.021891 -0.937133 0.021891 0.025215 0.000000 
5.000000e-01 5.000000e-01 4.999632e-03 5.000000e-01 5.000000e-01 1.294601e+00 -0.847513 0.092591 0.184356 0.293619 0.184356 0.092591 0.847513 0.024382 0.020917 -0.938111 0.020917 0.024382 0.000000 
5.000000e-01 5.000000e-01 4.999632e-03 5.000000e-01 5.000000e-01 1.301571e+00 -0.852087 0.090968 0.184669 0.300813 0.184669 0.090968 0.852087 0.023552 0.019947 -0.939085 0.019947 0.023552 0.000000 
5.000000e-01 5.000000e-01 4.999632e-03 5.000000e-01 5.000000e-01 1.308510e+00 -0.856641 0.089262 0.184853 0.308410 0.184853 0.089262 0.856641 0.022725 0.018982 -0.940055 0.018982 0.022725 0.000000 
5.000000e-01 5.000000e-01 4.999632e-03 5.000000e-01 5.000000e-01 1.315419e+00 -0.861175 0.087471 0.184885 0.316463 0.184885 0.087471 0.861175 0.021902 0.018021 -0.941020 0.018021 0.021902 0.000000 
5.000000e-01 5.000000e-01 4.999632e-03 5.000000e-01 5.000000e-01 1.322296e+00 -0.865688 0.085622 0.184800 0.324844 0.184800 0.085622 0.865688 0.021083 0.017064 -0.941981 0.017064 0.021083 0.000000 
5.000000e-01 5.000000e-01 4.999632e-03 5.000000e-01 5.000000e-01 1.329142e+00 -0.870181 0.083702 0.184566 0.333646 0.184566 0.083702 0.870181 0.020267 0.016111 -0.942937 0.016111 0.020267 0.000000 
5.000000e-01 5.000000e-01 4.999632e-03 5.000000e-01 5.000000e-01 1.335956e+00 -0.874653 0.081685 0.184104 0.343074 0.184104 0.081685 0.874653 0.019455 0.015163 -0.943889 0.015163 0.019455 0.000000 
5.000000e-01 5.000000e-01 4.999632e-03 5.000000e-01 5.000000e-01 1.342737e+00 -0.879104 0.079614 0.183489 0.352898 0.183489 0.079614 0.879104 0.018646 0.014220 -0.944836 0.014220 0.018646 0.000000 
5.000000e-01 5.000000e-01 4.999632e-03 5.000000e-01 5.000000e-01 1.349486e+00 -0.883534 0.077481 0.182697 0.363179 0.182697 0.077481 0.883534 0.017841 0.013281 -0.945778 0.013281 0.017841 0.000000 
5.000000e-01 5.000000e-01 4.999632e-03 5.000000e-01 5.000000e-01 1.356202e+00 -0.887944 0.075247 0.181585 0.374281 0.181585 0.075247 0.887944 0.017040 0.012346 -0.946716 0.012346 0.017040 0.000000 
5.000000e-01 5.000000e-01 4.999632e-03 5.000000e-01 5.000000e-01 1.362884e+00 -0.892331 0.072963 0.180276 0.385853 0.180276 0.072963 0.892331 0.016243 0.011416 -0.947649 0.011416 0.016243 0.000000 
5.000000e-01 5.000000e-01 4.999632e-03 5.000000e-01 5.000000e-01 1.369532e+00 -0.896697 0.070622 0.178745 0.397961 0.178745 0.070622 0.896697 0.015450 0.010491 -0.948578 0.010491 0.015450 0.000000 
5.000000e-01 5.000000e-01 4.999632e-03 5.000000e-01 5.000000e-01 1.376146e+00 -0.901042 0.068184 0.176791 0.411092 0.176791 0.068184 0.901042 0.014660 0.009570 -0.949502 0.009570 0.014660 0.000000 
5.000000e-01 5.000000e-01 4.999632e-03 5.000000e-01 5.000000e-01 1.382725e+00 -0.905365 0.065703 0.174593 0.424774 0.174593 0.065703 0.905365 0.013874 0.008653 -0.950421 0.008653 0.013874 0.000000 
5.000000e-01 5.000000e-01 4.999632e-03 5.000000e-01 5.000000e-01 1.389269e+00 -0.909667 0.063166 0.172097 0.439140 0.172097 0.063166 0.909667 0.013093 0.007742 -0.951335 0.007742 0.013093 0.000000 
5.000000e-01 5.000000e-01 4.999632e-03 5.000000e-01 5.000000e-01 1.395777e+00 -0.913947 0.060543 0.169077 0.454707 0.169077 0.060543 0.913947 0.012315 0.006835 -0.952245 0.006835 0.012315 0.000000 
5.000000e-01 5.000000e-01 4.999632e-03 5.000000e-01 5.000000e-01 1.402250e+00 -0.918205 0.057884 0.165767 0.470904 0.165767 0.057884 0.918205 0.011541 0.005932 -0.953150 0.005932 0.011541 0.000000 
5.000000e-01 5.000000e-01 4.999632e-03 5.000000e-01 5.000000e-01 1.408687e+00 -0.922442 0.055168 0.162030 0.488047 0.162030 0.055168 0.922442 0.010770 0.005034 -0.954051 0.005034 0.010770 0.000000 
5.000000e-01 5.000000e-01 4.999632e-03 5.000000e-01 5.000000e-01 1.415088e+00 -0.926659 0.052383 0.157703 0.506486 0.157703 0.052383 0.926659 0.010004 0.004140 -0.954947 0.004140 0.010004 0.000000 
5.000000e-01 5.000000e-01 4.999632e-03 5.000000e-01 5.000000e-01 1.421451e+00 -0.930854 0.049570 0.153049 0.525616 0.153049 0.049570 0.930853 0.009241 0.003251 -0.955838 0.003251 0.009241 0.000000 
5.000000e-01 5.000000e-01 4.999632e-03 5.000000e-01 5.000000e-01 1.427778e+00 -0.935028 0.046696 0.147763 0.546110 0.147763 0.046696 0.935028 0.008482 0.002367 -0.956726 0.002367 0.008482 0.000000 
5.000000e-01 5.000000e-01 4.999632e-03 5.000000e-01 5.000000e-01 1.434068e+00 -0.939183 0.043778 0.141901 0.567825 0.141901 0.043778 0.939183 0.007726 0.001486 -0.957608 0.001486 0.007726 0.000000 
5.000000e-01 5.000000e-01 4.999632e-03 5.000000e-01 5.000000e-01 1.440320e+00 -0.943317 0.040839 0.135693 0.590253 0.135693 0.040839 0.943317 0.006975 0.000610 -0.958487 0.000610 0.006975 0.000000 
5.000000e-01 5.000000e-01 4.999632e-03 5.000000e-01 5.000000e-01 1.446535e+00 -0.947433 0.037833 0.128564 0.614638 0.128564 0.037833 0.947433 0.006226 -0.000262 -0.959361 -0.000262 0.006226 0.000000 
5.000000e-01 5.000000e-01 4.999632e-03 5.000000e-01 5.000000e-01 1.452712e+00 -0.951530 0.034810 0.121011 0.639888 0.121011 0.034810 0.951530 0.005481 -0.001130 -0.960232 -0.001130 0.005481 0.000000 
5.000000e-01 5.000000e-01 4.999632e-03 5.000000e-01 5.000000e-01 1.458852e+00 -0.955607 0.031760 0.112908 0.666271 0.112908 0.031760 0.955607 0.004740 -0.001994 -0.961098 -0.001994 0.004740 0.000000 
5.000000e-01 5.000000e-01 4.999632e-03 5.000000e-01 5.000000e-01 1.464953e+00 -0.959668 0.028668 0.103973 0.694386 0.103973 0.028668 0.959668 0.004001 -0.002855 -0.961961 -0.002855 0.004001 0.000000 
5.000000e-01 5.000000e-01 4.999632e-03 5.000000e-01 5.000000e-01 1.471015e+00 -0.963709 0.025571 0.094711 0.723144 0.094711 0.025571 0.963709 0.003266 -0.003711 -0.962819 -0.003711 0.003266 0.000000 
5.000000e-01 5.000000e-01 4.999632e-03 5.000000e-01 5.000000e-01 1.477039e+00 -0.967734 0.022440 0.084624 0.753607 0.084624 0.022440 0.967734 0.002534 -0.004564 -0.963674 -0.004564 0.002534 0.000000 
5.000000e-01 5.000000e-01 4.999632e-03 5.000000e-01 5.000000e-01 1.483024e+00 -0.971739 0.019301 0.074104 0.784930 0.074104 0.019301 0.971739 0.001805 -0.005413 -0.964525 -0.005413 0.001805 0.000000 
5.000000e-01 5.000000e-01 4.999632e-03 5.000000e-01 5.000000e-01 1.488970e+00 -0.975725 0.016155 0.063171 0.817073 0.063171 0.016155 0.975725 0.001081 -0.006257 -0.965372 -0.006257 0.001081 0.000000 
5.000000e-01 5.000000e-01 4.999632e-03 5.000000e-01 5.000000e-01 1.494875e+00 -0.979693 0.012995 0.051628 0.850448 0.051628 0.012995 0.979693 0.000359 -0.007098 -0.966214 -0.007098 0.000359 0.000000 
5.000000e-01 5.000000e-01 4.999632e-03 5.000000e-01 5.000000e-01 1.500739e+00 -0.983637 0.009845 0.039946 0.884055 0.039946 0.009845 0.983637 -0.000359 -0.007934 -0.967052 -0.007934 -0.000359 0.000000 
5.000000e-01 5.000000e-01 4.999632e-03 5.000000e-01 5.000000e-01 1.506560e+00 -0.987560 0.006692 0.027822 0.918531 0.027822 0.006692 0.987560 -0.001072 -0.008765 -0.967885 -0.008765 -0.001072 0.000000 
5.000000e-01 5.000000e-01 4.999632e-03 5.000000e-01 5.000000e-01 1.512353e+00 -0.991466 0.003549 0.015630 0.953108 0.015630 0.003549 0.991466 -0.001783 -0.009593 -0.968715 -0.009593 -0.001783 0.000000 
5.000000e-01 5.000000e-01 4.999632e-03 5.000000e-01 5.000000e-01 1.515010e+00 -0.993259 0.002103 0.009952 0.969151 0.009952 0.002103 0.993259 -0.002109 -0.009973 -0.969096 -0.009973 -0.002109 0.000000 
5.000000e-01 5.000000e-01 4.999632e-03 5.000000e-01 5.000000e-01 1.515010e+00 -0.993259 0.002103 0.009952 0.969151 0.009952 0.002103 0.993259 -0.002109 -0.009973 -0.969096 -0.009973 -0.002109 0.000000 
5.000000e-01 5.000000e-01 4.999632e-03 5.000000e-01 5.000000e-01 1.515010e+00 -0.993259 0.002103 0.009952 0.969151 0.009952 0.002103 0.993259 -0.002109 -0.009973 -0.969096 -0.009973 -0.002109 0.000000 
5.000000e-01 5.000000e-01 4.999632e-03 5.000000e-01 5.000000e-01 1.515010e+00 -0.993259 0.002103 0.009952 0.969151 0.009952 0.002103 0.993259 -0.002109 -0.009973 -0.969096 -0.009973 -0.002109 0.000000 
5.000000e-01 5.000000e-01 4.999632e-03 5.000000e-01 5.000000e-01 1.515010e+00 -0.993259 0.002103 0.009952 0.969151 0.009952 0.002103 0.993259 -0.002109 -0.009973 -0.969096 -0.009973 -0.002109 0.000000 
5.000000e-01 5.000000e-01 4.999632e-03 5.000000e-01 5.000000e-01 1.515010e+00 -0.993259 0.002103 0.009952 0.969151 0.009952 0.002103 0.993259 -0.002109 -0.009973 -0.969096 -0.009973 -0.002109 0.000000 
5.000000e-01 5.000000e-01 4.999632e-03 5.000000e-01 5.000000e-01 1.515010e+00 -0.993259 0.002103 0.009952 0.969151 0.009952 0.002103 0.993259 -0.002109 -0.009973 -0.969096 -0.009973 -0.002109 0.000000 
5.000000e-01 5.000000e-01 4.999632e-03 5.000000e-01 5.000000e-01 1.515010e+00 -0.993259 0.002103 0.009952 0.969151 0.009952 0.002103 0.993259 -0.002109 -0.009973 -0.969096 -0.009973 -0.002109 0.000000 
5.000000e-01 5.000000e-01 4.999632e-03 5.000000e-01 5.000000e-01 1.515010e+00 -0.993259 0.002103 0.009952 0.969151 0.009952 0.002103 0.993259 -0.002109 -0.009973 -0.969096 -0.009973 -0.002109 0.000000 
5.000000e-01 5.000000e-01 4.999632e-03 5.000000e-01 5.000000e-01 1.515010e+00 -0.993259 0.002103 0.009952 0.969151 0.009952 0.002103 0.993259 -0.002109 -0.009973 -0.969096 -0.009973 -0.002109 0.000000 
5.000000e-01 5.000000e-01 4.999632e-03 5.000000e-01 5.000000e-01 1.515010e+00 -0.993259 0.002103 0.009952 0.969151 0.009952 0.002103 0.993259 -0.002109 -0.009973 -0.969096 -0.009973 -0.002109 0.000000 
5.000000e-01 5.000000e-01 4.999632e-03 5.000000e-01 5.000000e-01 1.515010e+00 -0.993259 0.002103 0.009952 0.969151 0.009952 0.002103 0.993259 -0.002109 -0.009973 -0.969096 -0.009973 -0.002109 0.000000 
5.000000e-01 5.000000e-01 4.999632e-03 5.000000e-01 5.000000e-01 1.515010e+00 -0.993259 0.002103 0.009952 0.969151 0.009952 0.002103 0.993259 -0.002109 -0.009973 -0.969096 -0.009973 -0.002109 0.000000 
5.000000e-01 5.000000e-01 4.999632e-03 5.000000e-01 5.000000e-01 1.515010e+00 -0.993259 0.002103 0.009952 0.969151 0.009952 0.002103 0.993259 -0.002109 -0.009973 -0.969096 -0.009973 -0.002109 0.000000 
5.000000e-01 5.000000e-01 4.999632e-03 5.000000e-01 5.000000e-01 1.515010e+00 -0.993259 0.002103 0.009952 0.969151 0.009952 0.002103 0.993259 -0.002109 -0.009973 -0.969096 -0.009973 -0.002109 0.000000 
5.000000e-01 5.000000e-01 4.999632e-03 5.000000e-01 5.000000e-01 1.515010e+00 -0.993259 0.002103 0.009952 0.969151 0.009952 0.002103 0.993259 -0.002109 -0.009973 -0.969096 -0.009973 -0.002109 0.000000 
5.000000e-01 5.000000e-01 4.999632e-03 5.000000e-01 5.000000e-01 1.515010e+00 -0.993259 0.002103 0.009952 0.969151 0.009952 0.002103 0.993259 -0.002109 -0.009973 -0.969096 -0.009973 -0.002109 0.000000 
5.000000e-01 5.000000e-01 4.999632e-03 5.000000e-01 5.000000e-01 1.515010e+00 -0.993259 0.002103 0.009952 0.969151 0.009952 0.002103 0.993259 -0.002109 -0.009973 -0.969096 -0.009973 -0.002109 0.000000 
5.000000e-01 5.000000e-01 4.999632e-03 5.000000e-01 5.000000e-01 1.515010e+00 -0.993259 0.002103 0.009952 0.969151 0.009952 0.002103 0.993259 -0.002109 -0.009973 -0.969096 -0.009973 -0.002109 0.000000 
5.000000e-01 5.000000e-01 4.999632e-03 5.000000e-01 5.000000e-01 1.515010e+00 -0.993259 0.002103 0.009952 0.969151 0.009952 0.002103 0.993259 -0.002109 -0.009973 -0.969096 -0.009973 -0.002109 0.000000 
5.000000e-01 5.000000e-01 4.999632e-03 5.000000e-01 5.000000e-01 1.515010e+00 -0.993259 0.002103 0.009952 0.969151 0.009952 0.002103 0.993259 -0.002109 -0.009973 -0.969096 -0.009973 -0.002109 0.000000 
5.000000e-01 5.000000e-01 4.999632e-03 5.000000e-01 5.000000e-01 1.515010e+00 -0.993259 0.002103 0.009952 0.969151 0.009952 0.002103 0.993259 -0.002109 -0.009973 -0.969096 -0.009973 -0.002109 0.000000 
5.000000e-01 5.000000e-01 4.999632e-03 5.000000e-01 5.000000e-01 1.515010e+00 -0.993259 0.002103 0.009952 0.969151 0.009952 0.002103 0.993259 -0.002109 -0.009973 -0.969096 -0.009973 -0.002109 0.000000 
5.000000e-01 5.000000e-01 4.999632e-03 5.000000e-01 5.000000e-01 1.515010e+00 -0.993259 0.002103 0.009952 0.969151 0.009952 0.002103 0.993259 -0.002109 -0.009973 -0.969096 -0.009973 -0.002109 0.000000 
5.000000e-01 5.000000e-01 4.999632e-03 5.000000e-01 5.000000e-01 1.515010e+00 -0.993259 0.002103 0.009952 0.969151 0.009952 0.002103 0.993259 -0.002109 -0.009973 -0.969096 -0.009973 -0.002109 0.000000 
5.000000e-01 5.000000e-01 4.999632e-03 5.000000e-01 5.000000e-01 1.515010e+00 -0.993259 0.002103 0.009952 0.969151 0.009952 0.002103 0.993259 -0.002109 -0.009973 -0.969096 -0.009973 -0.002109 0.000000 
5.000000e-01 5.000000e-01 4.999632e-03 5.000000e-01 5.000000e-01 1.515010e+00 -0.993259 0.002103 0.009952 0.969151 0.009952 0.002103 0.993259 -0.002109 -0.009973 -0.969096 -0.009973 -0.002109 0.000000 
5.000000e-01 5.000000e-01 4.999632e-03 5.000000e-01 5.000000e-01 1.515010e+00 -0.993259 0.002103 0.009952 0.969151 0.009952 0.002103 0.993259 -0.002109 -0.009973 -0.969096 -0.009973 -0.002109 0.000000 
5.000000e-01 5.000000e-01 4.999632e-03 5.000000e-01 5.000000e-01 1.515010e+00 -0.993259 0.002103 0.009952 0.969151 0.009952 0.002103 0.993259 -0.002109 -0.009973 -0.969096 -0.009973 -0.002109 0.000000 
5.000000e-01 5.000000e-01 4.999632e-03 5.000000e-01 5.000000e-01 1.515010e+00 -0.993259 0.002103 0.009952 0.969151 0.009952 0.002103 0.993259 -0.002109 -0.009973 -0.969096 -0.009973 -0.002109 0.000000 
5.000000e-01 5.000000e-01 4.999632e-03 5.000000e-01 5.000000e-01 1.515010e+00 -0.993259 0.002103 0.009952 0.969151 0.009952 0.002103 0.993259 -0.002109 -0.009973 -0.969096 -0.009973 -0.002109 0.000000 
5.000000e-01 5.000000e-01 4.999632e-03 5.000000e-01 5.000000e-01 1.515010e+00 -0.993259 0.002103 0.009952 0.969151 0.009952 0.002103 0.993259 -0.002109 -0.009973 -0.969096 -0.009973 -0.002109 0.000000 
5.000000e-01 5.000000e-01 4.999632e-03 5.000000e-01 5.000000e-01 1.515010e+00 -0.993259 0.002103 0.009952 0.969151 0.009952 0.002103 0.993259 -0.002109 -0.009973 -0.969096 -0.009973 -0.002109 0.000000 
5.000000e-01 5.000000e-01 4.999632e-03 5.000000e-01 5.000000e-01 1.515010e+00 -0.993259 0.002103 0.009952 0.969151 0.009952 0.002103 0.993259 -0.002109 -0.009973 -0.969096 -0.009973 -0.002109 0.000000 
5.000000e-01 5.000000e-01 4.999632e-03 5.000000e-01 5.000000e-01 1.515010e+00 -0.993259 0.002103 0.009952 0.969151 0.009952 0.002103 0.993259 -0.002109 -0.009973 -0.969096 -0.009973 -0.002109 0.000000 
5.000000e-01 5.000000e-01 4.999632e-03 5.000000e-01 5.000000e-01 1.515010e+00 -0.993259 0.002103 0.009952 0.969151 0.009952 0.002103 0.993259 -0.002109 -0.009973 -0.969096 -0.009973 -0.002109 0.000000 
5.000000e-01 5.000000e-01 4.999632e-03 5.000000e-01 5.000000e-01 1.515010e+00 -0.993259 0.002103 0.009952 0.969151 0.009952 0.002103 0.993259 -0.002109 -0.009973 -0.969096 -0.009973 -0.002109 0.000000 
5.000000e-01 5.000000e-01 4.999632e-03 5.000000e-01 5.000000e-01 1.515010e+00 -0.993259 0.002103 0.009952 0.969151 0.009952 0.002103 0.993259 -0.002109 -0.009973 -0.969096 -0.009973 -0.002109 0.000000 
5.000000e-01 5.000000e-01 4.999632e-03 5.000000e-01 5.000000e-01 1.515010e+00 -0.993259 0.002103 0.009952 0.969151 0.009952 0.002103 0.993259 -0.002109 -0.009973 -0.969096 -0.009973 -0.002109 0.000000 
5.000000e-01 5.000000e-01 4.999632e-03 5.000000e-01 5.000000e-01 1.515010e+00 -0.993259 0.002103 0.009952 0.969151 0.009952 0.002103 0.993259 -0.002109 -0.009973 -0.969096 -0.009973 -0.002109 0.000000 
5.000000e-01 5.000000e-01 4.999632e-03 5.000000e-01 5.000000e-01 1.515010e+00 -0.993259 0.002103 0.009952 0.969151 0.009952 0.002103 0.993259 -0.002109 -0.009973 -0.969096 -0.009973 -0.002109 0.000000 
5.000000e-01 5.000000e-01 4.999632e-03 5.000000e-01 5.000000e-01 1.515010e+00 -0.993259 0.002103 0.009952 0.969151 0.009952 0.002103 0.993259 -0.002109 -0.009973 -0.969096 -0.009973 -0.002109 0.000000 
5.000000e-01 5.000000e-01 4.999632e-03 5.000000e-01 5.000000e-01 1.515010e+00 -0.993259 0.002103 0.009952 0.969151 0.009952 0.002103 0.993259 -0.002109 -0.009973 -0.969096 -0.009973 -0.002109 0.000000 
5.000000e-01 5.000000e-01 4.999632e-03 5.000000e-01 5.000000e-01 1.515010e+00 -0.993259 0.002103 0.009952 0.969151 0.009952 0.002103 0.993259 -0.002109 -0.009973 -0.969096 -0.009973 -0.002109 0.000000 
5.000000e-01 5.000000e-01 4.999632e-03 5.000000e-01 5.000000e-01 1.515010e+00 -0.993259 0.002103 0.009952 0.969151 0.009952 0.002103 0.993259 -0.002109 -0.009973 -0.969096 -0.009973 -0.002109 0.000000 
5.000000e-01 5.000000e-01 4.999632e-03 5.000000e-01 5.000000e-01 1.515010e+00 -0.993259 0.002103 0.009952 0.969151 0.009952 0.002103 0.993259 -0.002109 -0.009973 -0.969096 -0.009973 -0.002109 0.000000 
5.000000e-01 5.000000e-01 4.999632e-03 5.000000e-01 5.000000e-01 1.515010e+00 -0.993259 0.002103 0.009952 0.969151 0.009952 0.002103 0.993259 -0.002109 -0.009973 -0.969096 -0.009973 -0.002109 0.000000 
5.000000e-01 5.000000e-01 4.999632e-03 5.000000e-01 5.000000e-01 1.515010e+00 -0.993259 0.002103 0.009952 0.969151 0.009952 0.002103 0.993259 -0.002109 -0.009973 -0.969096 -0.009973 -0.002109 0.000000 
5.000000e-01 5.000000e-01 4.999632e-03 5.000000e-01 5.000000e-01 1.515010e+00 -0.993259 0.002103 0.009952 0.969151 0.009952 0.002103 0.993259 -0.002109 -0.009973 -0.969096 -0.009973 -0.002109 0.000000 
5.000000e-01 5.000000e-01 4.999632e-03 5.000000e-01 5.000000e-01 1.515010e+00 -0.993259 0.002103 0.009952 0.969151 0.009952 0.002103 0.993259 -0.002109 -0.009973 -0.969096 -0.009973 -0.002109 0.000000 
5.000000e-01 5.000000e-01 4.999632e-03 5.000000e-01 5.000000e-01 1.515010e+00 -0.993259 0.002103 0.009952 0.969151 0.009952 0.002103 0.993259 -0.002109 -0.009973 -0.969096 -0.009973 -0.002109 0.000000 
5.000000e-01 5.000000e-01 4.999632e-03 5.000000e-01 5.000000e-01 1.515010e+00 -0.993259 0.002103 0.009952 0.969151 0.009952 0.002103 0.993259 -0.002109 -0.009973 -0.969096 -0.009973 -0.002109 0.000000 
5.000000e-01 5.000000e-01 4.999632e-03 5.000000e-01 5.000000e-01 1.515010e+00 -0.993259 0.002103 0.009952 0.969151 0.009952 0.002103 0.993259 -0.002109 -0.009973 -0.969096 -0.009973 -0.002109 0.000000 
5.000000e-01 5.000000e-01 4.999632e-03 5.000000e-01 5.000000e-01 1.515010e+00 -0.993259 0.002103 0.009952 0.969151 0.009952 0.002103 0.993259 -0.002109 -0.009973 -0.969096 -0.009973 -0.002109 0.000000 
5.000000e-01 5.000000e-01 4.999632e-03 5.000000e-01 5.000000e-01 1.515010e+00 -0.993259 0.002103 0.009952 0.969151 0.009952 0.002103 0.993259 -0.002109 -0.009973 -0.969096 -0.009973 -0.002109 0.000000 
5.000000e-01 5.000000e-01 4.999632e-03 5.000000e-01 5.000000e-01 1.515010e+00 -0.993259 0.002103 0.009952 0.969151 0.009952 0.002103 0.993259 -0.002109 -0.009973 -0.969096 -0.009973 -0.002109 0.000000 
5.000000e-01 5.000000e-01 4.999632e-03 5.000000e-01 5.000000e-01 1.515010e+00 -0.993259 0.002103 0.009952 0.969151 0.009952 0.002103 0.993259 -0.002109 -0.009973 -0.969096 -0.009973 -0.002109 0.000000 
5.000000e-01 5.000000e-01 4.999632e-03 5.000000e-01 5.000000e-01 1.515010e+00 -0.993259 0.002103 0.009952 0.969151 0.009952 0.002103 0.993259 -0.002109 -0.009973 -0.969096 -0.009973 -0.002109 0.000000 
5.000000e-01 5.000000e-01 4.999632e-03 5.000000e-01 5.000000e-01 1.515010e+00 -0.993259 0.002103 0.009952 0.969151 0.009952 0.002103 0.993259 -0.002109 -0.009973 -0.969096 -0.009973 -0.002109 0.000000 
5.000000e-01 5.000000e-01 4.999632e-03 5.000000e-01 5.000000e-01 1.515010e+00 -0.993259 0.002103 0.009952 0.969151 0.009952 0.002103 0.993259 -0.002109 -0.009973 -0.969096 -0.009973 -0.002109 0.000000 
5.000000e-01 5.000000e-01 4.999632e-03 5.000000e-01 5.000000e-01 1.515010e+00 -0.993259 0.002103 0.009952 0.969151 0.009952 0.002103 0.993259 -0.002109 -0.009973 -0.969096 -0.009973 -0.002109 0.000000 
5.000000e-01 5.000000e-01 4.999632e-03 5.000000e-01 5.000000e-01 1.515010e+00 -0.993259 0.002103 0.009952 0.969151 0.009952 0.002103 0.993259 -0.002109 -0.009973 -0.969096 -0.009973 -0.002109 0.000000 
5.000000e-01 5.000000e-01 4.999632e-03 5.000000e-01 5.000000e-01 1.515010e+00 -0.993259 0.002103 0.009952 0.969151 0.009952 0.002103 0.993259 -0.002109 -0.009973 -0.969096 -0.009973 -0.002109 0.000000 
5.000000e-01 5.000000e-01 4.999632e-03 5.000000e-01 5.000000e-01 1.515010e+00 -0.993259 0.002103 0.009952 0.969151 0.009952 0.002103 0.993259 -0.002109 -0.009973 -0.969096 -0.009973 -0.002109 0.000000 
5.000000e-01 5.000000e-01 4.999632e-03 5.000000e-01 5.000000e-01 1.515010e+00 -0.993259 0.002103 0.009952 0.969151 0.009952 0.002103 0.993259 -0.002109 -0.009973 -0.969096 -0.009973 -0.002109 0.000000 
5.000000e-01 5.000000e-01 4.999632e-03 5.000000e-01 5.000000e-01 1.515010e+00 -0.993259 0.002103 0.009952 0.969151 0.009952 0.002103 0.993259 -0.002109 -0.009973 -0.969096 -0.009973 -0.002109 0.000000 
5.000000e-01 5.000000e-01 4.999632e-03 5.000000e-01 5.000000e-01 1.515010e+00 -0.993259 0.002103 0.009952 0.969151 0.009952 0.002103 0.993259 -0.002109 -0.009973 -0.969096 -0.009973 -0.002109 0.000000 
5.000000e-01 5.000000e-01 4.999632e-03 5.000000e-01 5.000000e-01 1.515010e+00 -0.993259 0.002103 0.009952 0.969151 0.009952 0.002103 0.993259 -0.002109 -0.009973 -0.969096 -0.009973 -0.002109 0.000000 
5.000000e-01 5.000000e-01 4.999632e-03 5.000000e-01 5.000000e-01 1.515010e+00 -0.993259 0.002103 0.009952 0.969151 0.009952 0.002103 0.993259 -0.002109 -0.009973 -0.969096 -0.009973 -0.002109 0.000000 
5.000000e-01 5.000000e-01 4.999632e-03 5.000000e-01 5.000000e-01 1.515010e+00 -0.993259 0.002103 0.009952 0.969151 0.009952 0.002103 0.993259 -0.002109 -0.009973 -0.969096 -0.009973 -0.002109 0.000000 
5.000000e-01 5.000000e-01 4.999632e-03 5.000000e-01 5.000000e-01 1.515010e+00 -0.993259 0.002103 0.009952 0.969151 0.009952 0.002103 0.993259 -0.002109 -0.009973 -0.969096 -0.009973 -0.002109 0.000000 
5.000000e-01 5.000000e-01 4.999632e-03 5.000000e-01 5.000000e-01 1.515010e+00 -0.993259 0.002103 0.009952 0.969151 0.009952 0.002103 0.993259 -0.002109 -0.009973 -0.969096 -0.009973 -0.002109 0.000000 
5.000000e-01 5.000000e-01 4.999632e-03 5.000000e-01 5.000000e-01 1.515010e+00 -0.993259 0.002103 0.009952 0.969151 0.009952 0.002103 0.993259 -0.002109 -0.009973 -0.969096 -0.009973 -0.002109 0.000000 
5.000000e-01 5.000000e-01 4.999632e-03 5.000000e-01 5.000000e-01 1.515010e+00 -0.993259 0.002103 0.009952 0.969151 0.009952 0.002103 0.993259 -0.002109 -0.009973 -0.969096 -0.009973 -0.002109 0.000000 
5.000000e-01 5.000000e-01 4.999632e-03 5.000000e-01 5.000000e-01 1.515010e+00 -0.993259 0.002103 0.009952 0.969151 0.009952 0.002103 0.993259 -0.002109 -0.009973 -0.969096 -0.009973 -0.002109 0.000000 
5.000000e-01 5.000000e-01 4.999632e-03 5.000000e-01 5.000000e-01 1.515010e+00 -0.993259 0.002103 0.009952 0.969151 0.009952 0.002103 0.993259 -0.002109 -0.009973 -0.969096 -0.009973 -0.002109 0.000000 
5.000000e-01 5.000000e-01 4.999632e-03 5.000000e-01 5.000000e-01 1.515010e+00 -0.993259 0.002103 0.009952 0.969151 0.009952 0.002103 0.993259 -0.002109 -0.009973 -0.969096 -0.009973 -0.002109 0.000000 
5.000000e-01 5.000000e-01 4.999632e-03 5.000000e-01 5.000000e-01 1.515010e+00 -0.993259 0.002103 0.009952 0.969151 0.009952 0.002103 0.993259 -0.002109 -0.009973 -0.969096 -0.009973 -0.002109 0.000000 
5.000000e-01 5.000000e-01 4.999632e-03 5.000000e-01 5.000000e-01 1.515010e+00 -0.993259 0.002103 0.009952 0.969151 0.009952 0.002103 0.993259 -0.002109 -0.009973 -0.969096 -0.009973 -0.002109 0.000000 
5.000000e-01 5.000000e-01 4.999632e-03 5.000000e-01 5.000000e-01 1.515010e+00 -0.993259 0.002103 0.009952 0.969151 0.009952 0.002103 0.993259 -0.002109 -0.009973 -0.969096 -0.009973 -0.002109 0.000000 
5.000000e-01 5.000000e-01 4.999632e-03 5.000000e-01 5.000000e-01 1.515010e+00 -0.993259 0.002103 0.009952 0.969151 0.009952 0.002103 0.993259 -0.002109 -0.009973 -0.969096 -0.009973 -0.002109 0.000000 
5.000000e-01 5.000000e-01 4.999632e-03 5.000000e-01 5.000000e-01 1.515010e+00 -0.993259 0.002103 0.009952 0.969151 0.009952 0.002103 0.993259 -0.002109 -0.009973 -0.969096 -0.009973 -0.002109 0.000000 
5.000000e-01 5.000000e-01 4.999632e-03 5.000000e-01 5.000000e-01 1.515010e+00 -0.993259 0.002103 0.009952 0.969151 0.009952 0.002103 0.993259 -0.002109 -0.009973 -0.969096 -0.009973 -0.002109 0.000000 
5.000000e-01 5.000000e-01 4.999632e-03 5.000000e-01 5.000000e-01 1.515010e+00 -0.993259 0.002103 0.009952 0.969151 0.009952 0.002103 0.993259 -0.002109 -0.009973 -0.969096 -0.009973 -0.002109 0.000000 
5.000000e-01 5.000000e-01 4.999632e-03 5.000000e-01 5.000000e-01 1.515010e+00 -0.993259 0.002103 0.009952 0.969151 0.009952 0.002103 0.993259 -0.002109 -0.009973 -0.969096 -0.009973 -0.002109 0.000000 
5.000000e-01 5.000000e-01 4.999632e-03 5.000000e-01 5.000000e-01 1.515010e+00 -0.993259 0.002103 0.009952 0.969151 0.009952 0.002103 0.993259 -0.002109 -0.009973 -0.969096 -0.009973 -0.002109 0.000000 
5.000000e-01 5.000000e-01 4.999632e-03 5.000000e-01 5.000000e-01 1.515010e+00 -0.993259 0.002103 0.009952 0.969151 0.009952 0.002103 0.993259 -0.002109 -0.009973 -0.969096 -0.009973 -0.002109 0.000000 
5.000000e-01 5.000000e-01 4.999632e-03 5.000000e-01 5.000000e-01 1.515010e+00 -0.993259 0.002103 0.009952 0.969151 0.009952 0.002103 0.993259 -0.002109 -0.009973 -0.969096 -0.009973 -0.002109 0.000000 
5.000000e-01 5.000000e-01 4.999632e-03 5.000000e-01 5.000000e-01 1.515010e+00 -0.993259 0.002103 0.009952 0.969151 0.009952 0.002103 0.993259 -0.002109 -0.009973 -0.969096 -0.009973 -0.002109 0.000000 
5.000000e-01 5.000000e-01 4.999632e-03 5.000000e-01 5.000000e-01 1.515010e+00 -0.993259 0.002103 0.009952 0.969151 0.009952 0.002103 0.993259 -0.002109 -0.009973 -0.969096 -0.009973 -0.002109 0.000000 
5.000000e-01 5.000000e-01 4.999632e-03 5.000000e-01 5.000000e-01 1.515010e+00 -0.993259 0.002103 0.009952 0.969151 0.009952 0.002103 0.993259 -0.002109 -0.009973 -0.969096 -0.009973 -0.002109 0.000000 
5.000000e-01 5.000000e-01 4.999632e-03 5.000000e-01 5.000000e-01 1.515010e+00 -0.993259 0.002103 0.009952 0.969151 0.009952 0.002103 0.993259 -0.002109 -0.009973 -0.969096 -0.009973 -0.002109 0.000000 
5.000000e-01 5.000000e-01 4.999632e-03 5.000000e-01 5.000000e-01 1.515010e+00 -0.993259 0.002103 0.009952 0.969151 0.009952 0.002103 0.993259 -0.002109 -0.009973 -0.969096 -0.009973 -0.002109 0.000000 
5.000000e-01 5.000000e-01 4.999632e-03 5.000000e-01 5.000000e-01 1.515010e+00 -0.993259 0.002103 0.009952 0.969151 0.009952 0.002103 0.993259 -0.002109 -0.009973 -0.969096 -0.009973 -0.002109 0.000000 
5.000000e-01 5.000000e-01 4.999632e-03 5.000000e-01 5.000000e-01 1.515010e+00 -0.993259 0.002103 0.009952 0.969151 0.009952 0.002103 0.993259 -0.002109 -0.009973 -0.969096 -0.009973 -0.002109 0.000000 
5.000000e-01 5.000000e-01 4.999632e-03 5.000000e-01 5.000000e-01 1.515010e+00 -0.993259 0.002103 0.009952 0.969151 0.009952 0.002103 0.993259 -0.002109 -0.009973 -0.969096 -0.009973 -0.002109 0.000000 
5.000000e-01 5.000000e-01 4.999632e-03 5.000000e-01 5.000000e-01 1.515010e+00 -0.993259 0.002103 0.009952 0.969151 0.009952 0.002103 0.993259 -0.002109 -0.009973 -0.969096 -0.009973 -0.002109 0.000000 
5.000000e-01 5.000000e-01 4.999632e-03 5.000000e-01 5.000000e-01 1.515010e+00 -0.993259 0.002103 0.009952 0.969151 0.009952 0.002103 0.993259 -0.002109 -0.009973 -0.969096 -0.009973 -0.002109 0.000000 
5.000000e-01 5.000000e-01 4.999632e-03 5.000000e-01 5.000000e-01 1.515010e+00 -0.993259 0.002103 0.009952 0.969151 0.009952 0.002103 0.993259 -0.002109 -0.009973 -0.969096 -0.009973 -0.002109 0.000000 
5.000000e-01 5.000000e-01 4.999632e-03 5.000000e-01 5.000000e-01 1.515010e+00 -0.993259 0.002103 0.009952 0.969151 0.009952 0.002103 0.993259 -0.002109 -0.009973 -0.969096 -0.009973 -0.002109 0.000000 
5.000000e-01 5.000000e-01 4.999632e-03 5.000000e-01 5.000000e-01 1.515010e+00 -0.993259 0.002103 0.009952 0.969151 0.009952 0.002103 0.993259 -0.002109 -0.009973 -0.969096 -0.009973 -0.002109 0.000000 
5.000000e-01 5.000000e-01 4.999632e-03 5.000000e-01 5.000000e-01 1.515010e+00 -0.993259 0.002103 0.009952 0.969151 0.009952 0.002103 0.993259 -0.002109 -0.009973 -0.969096 -0.009973 -0.002109 0.000000 
5.000000e-01 5.000000e-01 4.999632e-03 5.000000e-01 5.000000e-01 1.515010e+00 -0.993259 0.002103 0.009952 0.969151 0.009952 0.002103 0.993259 -0.002109 -0.009973 -0.969096 -0.009973 -0.002109 0.000000 
5.000000e-01 5.000000e-01 4.999632e-03 5.000000e-01 5.000000e-01 1.515010e+00 -0.993259 0.002103 0.009952 0.969151 0.009952 0.002103 0.993259 -0.002109 -0.009973 -0.969096 -0.009973 -0.002109 0.000000 
5.000000e-01 5.000000e-01 4.999632e-03 5.000000e-01 5.000000e-01 1.515010e+00 -0.993259 0.002103 0.009952 0.969151 0.009952 0.002103 0.993259 -0.002109 -0.009973 -0.969096 -0.009973 -0.002109 0.000000 
5.000000e-01 5.000000e-01 4.999632e-03 5.000000e-01 5.000000e-01 1.515010e+00 -0.993259 0.002103 0.009952 0.969151 0.009952 0.002103 0.993259 -0.002109 -0.009973 -0.969096 -0.009973 -0.002109 0.000000 
5.000000e-01 5.000000e-01 4.999632e-03 5.000000e-01 5.000000e-01 1.515010e+00 -0.993259 0.002103 0.009952 0.969151 0.009952 0.002103 0.993259 -0.002109 -0.009973 -0.969096 -0.009973 -0.002109 0.000000 
5.000000e-01 5.000000e-01 4.999632e-03 5.000000e-01 5.000000e-01 1.515010e+00 -0.993259 0.002103 0.009952 0.969151 0.009952 0.002103 0.993259 -0.002109 -0.009973 -0.969096 -0.009973 -0.002109 0.000000 
5.000000e-01 5.000000e-01 4.999632e-03 5.000000e-01 5.000000e-01 1.515010e+00 -0.993259 0.002103 0.009952 0.969151 0.009952 0.002103 0.993259 -0.002109 -0.009973 -0.969096 -0.009973 -0.002109 0.000000 
5.000000e-01 5.000000e-01 4.999632e-03 5.000000e-01 5.000000e-01 1.515010e+00 -0.993259 0.002103 0.009952 0.969151 0.009952 0.002103 0.993259 -0.002109 -0.009973 -0.969096 -0.009973 -0.002109 0.000000 
5.000000e-01 5.000000e-01 4.999632e-03 5.000000e-01 5.000000e-01 1.515010e+00 -0.993259 0.002103 0.009952 0.969151 0.009952 0.002103 0.993259 -0.002109 -0.009973 -0.969096 -0.009973 -0.002109 0.000000 
5.000000e-01 5.000000e-01 4.999632e-03 5.000000e-01 5.000000e-01 1.515010e+00 -0.993259 0.002103 0.009952 0.969151 0.009952 0.002103 0.993259 -0.002109 -0.009973 -0.969096 -0.009973 -0.002109 0.000000 
5.000000e-01 5.000000e-01 4.999632e-03 5.000000e-01 5.000000e-01 1.515010e+00 -0.993259 0.002103 0.009952 0.969151 0.009952 0.002103 0.993259 -0.002109 -0.009973 -0.969096 -0.009973 -0.002109 0.000000 
5.000000e-01 5.000000e-01 4.999632e-03 5.000000e-01 5.000000e-01 1.515010e+00 -0.993259 0.002103 0.009952 0.969151 0.009952 0.002103 0.993259 -0.002109 -0.009973 -0.969096 -0.009973 -0.002109 0.000000 
5.000000e-01 5.000000e-01 4.999632e-03 5.000000e-01 5.000000e-01 1.515010e+00 -0.993259 0.002103 0.009952 0.969151 0.009952 0.002103 0.993259 -0.002109 -0.009973 -0.969096 -0.009973 -0.002109 0.000000 
5.000000e-01 5.000000e-01 4.999632e-03 5.000000e-01 5.000000e-01 1.515010e+00 -0.993259 0.002103 0.009952 0.969151 0.009952 0.002103 0.993259 -0.002109 -0.009973 -0.969096 -0.009973 -0.002109 0.000000 
5.000000e-01 5.000000e-01 4.999632e-03 5.000000e-01 5.000000e-01 1.515010e+00 -0.993259 0.002103 0.009952 0.969151 0.009952 0.002103 0.993259 -0.002109 -0.009973 -0.969096 -0.009973 -0.002109 0.000000 
5.000000e-01 5.000000e-01 4.999632e-03 5.000000e-01 5.000000e-01 1.515010e+00 -0.993259 0.002103 0.009952 0.969151 0.009952 0.002103 0.993259 -0.002109 -0.009973 -0.969096 -0.009973 -0.002109 0.000000 
5.000000e-01 5.000000e-01 4.999632e-03 5.000000e-01 5.000000e-01 1.515010e+00 -0.993259 0.002103 0.009952 0.969151 0.009952 0.002103 0.993259 -0.002109 -0.009973 -0.969096 -0.009973 -0.002109 0.000000 
5.000000e-01 5.000000e-01 4.999632e-03 5.000000e-01 5.000000e-01 1.515010e+00 -0.993259 0.002103 0.009952 0.969151 0.009952 0.002103 0.993259 -0.002109 -0.009973 -0.969096 -0.009973 -0.002109 0.000000 
5.000000e-01 5.000000e-01 4.999632e-03 5.000000e-01 5.000000e-01 1.515010e+00 -0.993259 0.002103 0.009952 0.969151 0.009952 0.002103 0.993259 -0.002109 -0.009973 -0.969096 -0.009973 -0.002109 0.000000 
5.000000e-01 5.000000e-01 4.999632e-03 5.000000e-01 5.000000e-01 1.515010e+00 -0.993259 0.002103 0.009952 0.969151 0.009952 0.002103 0.993259 -0.002109 -0.009973 -0.969096 -0.009973 -0.002109 0.000000 
5.000000e-01 5.000000e-01 4.999632e-03 5.000000e-01 5.000000e-01 1.515010e+00 -0.993259 0.002103 0.009952 0.969151 0.009952 0.002103 0.993259 -0.002109 -0.009973 -0.969096 -0.009973 -0.002109 0.000000 
5.000000e-01 5.000000e-01 4.999632e-03 5.000000e-01 5.000000e-01 1.515010e+00 -0.993259 0.002103 0.009952 0.969151 0.009952 0.002103 0.993259 -0.002109 -0.009973 -0.969096 -0.009973 -0.002109 0.000000 
5.000000e-01 5.000000e-01 4.999632e-03 5.000000e-01 5.000000e-01 1.515010e+00 -0.993259 0.002103 0.009952 0.969151 0.009952 0.002103 0.993259 -0.002109 -0.009973 -0.969096 -0.009973 -0.002109 0.000000 
5.000000e-01 5.000000e-01 4.999632e-03 5.000000e-01 5.000000e-01 1.515010e+00 -0.993259 0.002103 0.009952 0.969151 0.009952 0.002103 0.993259 -0.002109 -0.009973 -0.969096 -0.009973 -0.002109 0.000000 
5.000000e-01 5.000000e-01 4.999632e-03 5.000000e-01 5.000000e-01 1.515010e+00 -0.993259 0.002103 0.009952 0.969151 0.009952 0.002103 0.993259 -0.002109 -0.009973 -0.969096 -0.009973 -0.002109 0.000000 
5.000000e-01 5.000000e-01 4.999632e-03 5.000000e-01 5.000000e-01 1.515010e+00 -0.993259 0.002103 0.009952 0.969151 0.009952 0.002103 0.993259 -0.002109 -0.009973 -0.969096 -0.009973 -0.002109 0.000000 
5.000000e-01 5.000000e-01 4.999632e-03 5.000000e-01 5.000000e-01 1.515010e+00 -0.993259 0.002103 0.009952 0.969151 0.009952 0.002103 0.993259 -0.002109 -0.009973 -0.969096 -0.009973 -0.002109 0.000000 
5.000000e-01 5.000000e-01 4.999632e-03 5.000000e-01 5.000000e-01 1.515010e+00 -0.993259 0.002103 0.009952 0.969151 0.009952 0.002103 0.993259 -0.002109 -0.009973 -0.969096 -0.009973 -0.002109 0.000000 
5.000000e-01 5.000000e-01 4.999632e-03 5.000000e-01 5.000000e-01 1.515010e+00 -0.993259 0.002103 0.009952 0.969151 0.009952 0.002103 0.993259 -0.002109 -0.009973 -0.969096 -0.009973 -0.002109 0.000000 
5.000000e-01 5.000000e-01 4.999632e-03 5.000000e-01 5.000000e-01 1.515010e+00 -0.993259 0.002103 0.009952 0.969151 0.009952 0.002103 0.993259 -0.002109 -0.009973 -0.969096 -0.009973 -0.002109 0.000000 
5.000000e-01 5.000000e-01 4.999632e-03 5.000000e-01 5.000000e-01 1.515010e+00 -0.993259 0.002103 0.009952 0.969151 0.009952 0.002103 0.993259 -0.002109 -0.009973 -0.969096 -0.009973 -0.002109 0.000000 
5.000000e-01 5.000000e-01 4.999632e-03 5.000000e-01 5.000000e-01 1.515010e+00 -0.993259 0.002103 0.009952 0.969151 0.009952 0.002103 0.993259 -0.002109 -0.009973 -0.969096 -0.009973 -0.002109 0.000000 
5.000000e-01 5.000000e-01 4.999632e-03 5.000000e-01 5.000000e-01 1.515010e+00 -0.993259 0.002103 0.009952 0.969151 0.009952 0.002103 0.993259 -0.002109 -0.009973 -0.969096 -0.009973 -0.002109 0.000000 
5.000000e-01 5.000000e-01 4.999632e-03 5.000000e-01 5.000000e-01 1.515010e+00 -0.993259 0.002103 0.009952 0.969151 0.009952 0.002103 0.993259 -0.002109 -0.009973 -0.969096 -0.009973 -0.002109 0.000000 
5.000000e-01 5.000000e-01 4.999632e-03 5.000000e-01 5.000000e-01 1.515010e+00 -0.993259 0.002103 0.009952 0.969151 0.009952 0.002103 0.993259 -0.002109 -0.009973 -0.969096 -0.009973 -0.002109 0.000000 
5.000000e-01 5.000000e-01 4.999632e-03 5.000000e-01 5.000000e-01 1.515010e+00 -0.993259 0.002103 0.009952 0.969151 0.009952 0.002103 0.993259 -0.002109 -0.009973 -0.969096 -0.009973 -0.002109 0.000000 
5.000000e-01 5.000000e-01 4.999632e-03 5.000000e-01 5.000000e-01 1.515010e+00 -0.993259 0.002103 0.009952 0.969151 0.009952 0.002103 0.993259 -0.002109 -0.009973 -0.969096 -0.009973 -0.002109 0.000000 
5.000000e-01 5.000000e-01 4.999632e-03 5.000000e-01 5.000000e-01 1.515010e+00 -0.993259 0.002103 0.009952 0.969151 0.009952 0.002103 0.993259 -0.002109 -0.009973 -0.969096 -0.009973 -0.002109 0.000000 
5.000000e-01 5.000000e-01 4.999632e-03 5.000000e-01 5.000000e-01 1.515010e+00 -0.993259 0.002103 0.009952 0.969151 0.009952 0.002103 0.993259 -0.002109 -0.009973 -0.969096 -0.009973 -0.002109 0.000000 
5.000000e-01 5.000000e-01 4.999632e-03 5.000000e-01 5.000000e-01 1.515010e+00 -0.993259 0.002103 0.009952 0.969151 0.009952 0.002103 0.993259 -0.002109 -0.009973 -0.969096 -0.009973 -0.002109 0.000000 
5.000000e-01 5.000000e-01 4.999632e-03 5.000000e-01 5.000000e-01 1.515010e+00 -0.993259 0.002103 0.009952 0.969151 0.009952 0.002103 0.993259 -0.002109 -0.009973 -0.969096 -0.009973 -0.002109 0.000000 
5.000000e-01 5.000000e-01 4.999632e-03 5.000000e-01 5.000000e-01 1.515010e+00 -0.993259 0.002103 0.009952 0.969151 0.009952 0.002103 0.993259 -0.002109 -0.009973 -0.969096 -0.009973 -0.002109 0.000000 
5.000000e-01 5.000000e-01 4.999632e-03 5.000000e-01 5.000000e-01 1.515010e+00 -0.993259 0.002103 0.009952 0.969151 0.009952 0.002103 0.993259 -0.002109 -0.009973 -0.969096 -0.009973 -0.002109 0.000000 
5.000000e-01 5.000000e-01 4.999632e-03 5.000000e-01 5.000000e-01 1.515010e+00 -0.993259 0.002103 0.009952 0.969151 0.009952 0.002103 0.993259 -0.002109 -0.009973 -0.969096 -0.009973 -0.002109 0.000000 
5.000000e-01 5.000000e-01 4.999632e-03 5.000000e-01 5.000000e-01 1.515010e+00 -0.993259 0.002103 0.009952 0.969151 0.009952 0.002103 0.993259 -0.002109 -0.009973 -0.969096 -0.009973 -0.002109 0.000000 
5.000000e-01 5.000000e-01 4.999632e-03 5.000000e-01 5.000000e-01 1.515010e+00 -0.993259 0.002103 0.009952 0.969151 0.009952 0.002103 0.993259 -0.002109 -0.009973 -0.969096 -0.009973 -0.002109 0.000000 
5.000000e-01 5.000000e-01 4.999632e-03 5.000000e-01 5.000000e-01 1.515010e+00 -0.993259 0.002103 0.009952 0.969151 0.009952 0.002103 0.993259 -0.002109 -0.009973 -0.969096 -0.009973 -0.002109 0.000000 
