# TeX TeY TeZ ThX ThY THZ P1 P2
5.000000e-01 5.000000e-01 9.200000e-01 5.000000e-01 5.000000e-01 9.200000e-01 0.000000 0.000000 0.000000 0.000000 0.000000 0.000000 0.000000 0.000000 0.000000 0.000000 0.000000 0.000000 0.000000 
5.000000e-01 5.000000e-01 9.092148e-01 5.000000e-01 5.000000e-01 9.280943e-01 -0.012393 0.001511 0.002837 0.003696 0.002837 0.001511 0.012393 -0.002157 -0.002657 -0.002765 -0.002657 -0.002157 0.000000 
5.000000e-01 5.000000e-01 8.983796e-01 5.000000e-01 5.000000e-01 9.361716e-01 -0.024808 0.003036 0.005676 0.007383 0.005676 0.003036 0.024808 -0.004316 -0.005319 -0.005537 -0.005319 -0.004316 0.000000 
5.000000e-01 5.000000e-01 8.874949e-01 5.000000e-01 5.000000e-01 9.442315e-01 -0.037243 0.004572 0.008518 0.011064 0.008518 0.004572 0.037243 -0.006476 -0.007986 -0.008318 -0.007986 -0.006476 0.000000 
5.000000e-01 5.000000e-01 8.765611e-01 5.000000e-01 5.000000e-01 9.522739e-01 -0.049700 0.006118 0.011362 0.014741 0.011362 0.006118 0.049700 -0.008637 -0.010659 -0.011109 -0.010659 -0.008637 0.000000 
5.000000e-01 5.000000e-01 8.655785e-01 5.000000e-01 5.000000e-01 9.602986e-01 -0.062177 0.007671 0.014208 0.018418 0.014208 0.007671 0.062177 -0.010797 -0.013338 -0.013908 -0.013338 -0.010797 0.000000 
5.000000e-01 5.000000e-01 8.545478e-01 5.000000e-01 5.000000e-01 9.683055e-01 -0.074674 0.009225 0.017059 0.022107 0.017059 0.009225 0.074674 -0.012956 -0.016021 -0.016718 -0.016021 -0.012956 0.000000 
5.000000e-01 5.000000e-01 8.434693e-01 5.000000e-01 5.000000e-01 9.762942e-01 -0.087190 0.010780 0.019913 0.025805 0.019913 0.010780 0.087190 -0.015115 -0.018711 -0.019539 -0.018711 -0.015115 0.000000 
5.000000e-01 5.000000e-01 8.323433e-01 5.000000e-01 5.000000e-01 9.842648e-01 -0.099726 0.012337 0.022770 0.029512 0.022770 0.012337 0.099726 -0.017271 -0.021406 -0.022371 -0.021406 -0.017271 0.000000 
5.000000e-01 5.000000e-01 8.211704e-01 5.000000e-01 5.000000e-01 9.922168e-01 -0.112280 0.013894 0.025630 0.033232 0.025630 0.013894 0.112280 -0.019425 -0.024107 -0.025216 -0.024107 -0.019425 0.000000 
5.000000e-01 5.000000e-01 8.099509e-01 5.000000e-01 5.000000e-01 1.000150e+00 -0.124852 0.015449 0.028494 0.036967 0.028494 0.015449 0.124852 -0.021575 -0.026814 -0.028075 -0.026814 -0.021575 0.000000 
5.000000e-01 5.000000e-01 7.986853e-01 5.000000e-01 5.000000e-01 1.008065e+00 -0.137442 0.016993 0.031363 0.040731 0.031363 0.016993 0.137443 -0.023720 -0.029527 -0.030948 -0.029527 -0.023720 0.000000 
5.000000e-01 5.000000e-01 7.873740e-01 5.000000e-01 5.000000e-01 1.015960e+00 -0.150050 0.018530 0.034235 0.044519 0.034235 0.018530 0.150050 -0.025859 -0.032247 -0.033837 -0.032247 -0.025859 0.000000 
5.000000e-01 5.000000e-01 7.760173e-01 5.000000e-01 5.000000e-01 1.023836e+00 -0.162675 0.020060 0.037112 0.048332 0.037112 0.020060 0.162675 -0.027993 -0.034973 -0.036743 -0.034973 -0.027993 0.000000 
5.000000e-01 5.000000e-01 7.646157e-01 5.000000e-01 5.000000e-01 1.031693e+00 -0.175317 0.021579 0.039992 0.052174 0.039992 0.021579 0.175317 -0.030120 -0.037705 -0.039667 -0.037705 -0.030120 0.000000 
5.000000e-01 5.000000e-01 7.531696e-01 5.000000e-01 5.000000e-01 1.039530e+00 -0.187975 0.023086 0.042877 0.056050 0.042877 0.023086 0.187975 -0.032238 -0.040444 -0.042610 -0.040444 -0.032238 0.000000 
5.000000e-01 5.000000e-01 7.416794e-01 5.000000e-01 5.000000e-01 1.047347e+00 -0.200648 0.024570 0.045766 0.059975 0.045766 0.024570 0.200648 -0.034347 -0.043190 -0.045573 -0.043190 -0.034347 0.000000 
5.000000e-01 5.000000e-01 7.301453e-01 5.000000e-01 5.000000e-01 1.055144e+00 -0.213337 0.026039 0.048660 0.063939 0.048660 0.026039 0.213337 -0.036446 -0.045943 -0.048558 -0.045943 -0.036446 0.000000 
5.000000e-01 5.000000e-01 7.185680e-01 5.000000e-01 5.000000e-01 1.062920e+00 -0.226041 0.027493 0.051557 0.067942 0.051557 0.027493 0.226041 -0.038532 -0.048704 -0.051569 -0.048704 -0.038532 0.000000 
5.000000e-01 5.000000e-01 7.069476e-01 5.000000e-01 5.000000e-01 1.070676e+00 -0.238760 0.028928 0.054457 0.071989 0.054457 0.028928 0.238760 -0.040604 -0.051473 -0.054606 -0.051473 -0.040604 0.000000 
5.000000e-01 5.000000e-01 6.952846e-01 5.000000e-01 5.000000e-01 1.078411e+00 -0.251493 0.030334 0.057362 0.076101 0.057362 0.030334 0.251493 -0.042662 -0.054249 -0.057670 -0.054249 -0.042662 0.000000 
5.000000e-01 5.000000e-01 6.835794e-01 5.000000e-01 5.000000e-01 1.086125e+00 -0.264240 0.031714 0.060270 0.080273 0.060270 0.031714 0.264240 -0.044704 -0.057033 -0.060765 -0.057033 -0.044704 0.000000 
5.000000e-01 5.000000e-01 6.718323e-01 5.000000e-01 5.000000e-01 1.093818e+00 -0.277000 0.033069 0.063181 0.084500 0.063181 0.033069 0.277000 -0.046728 -0.059826 -0.063891 -0.059826 -0.046728 0.000000 
5.000000e-01 5.000000e-01 6.600437e-01 5.000000e-01 5.000000e-01 1.101489e+00 -0.289773 0.034400 0.066094 0.088786 0.066094 0.034400 0.289773 -0.048733 -0.062628 -0.067052 -0.062628 -0.048733 0.000000 
5.000000e-01 5.000000e-01 6.482140e-01 5.000000e-01 5.000000e-01 1.109138e+00 -0.302559 0.035699 0.069008 0.093144 0.069008 0.035699 0.302559 -0.050713 -0.065439 -0.070254 -0.065439 -0.050713 0.000000 
5.000000e-01 5.000000e-01 6.363435e-01 5.000000e-01 5.000000e-01 1.116765e+00 -0.315357 0.036958 0.071924 0.097592 0.071924 0.036958 0.315357 -0.052669 -0.068261 -0.073498 -0.068261 -0.052669 0.000000 
5.000000e-01 5.000000e-01 6.244325e-01 5.000000e-01 5.000000e-01 1.124369e+00 -0.328167 0.038187 0.074841 0.102112 0.074841 0.038187 0.328167 -0.054599 -0.071091 -0.076785 -0.071091 -0.054599 0.000000 
5.000000e-01 5.000000e-01 6.124815e-01 5.000000e-01 5.000000e-01 1.131951e+00 -0.340988 0.039385 0.077757 0.106706 0.077757 0.039385 0.340988 -0.056501 -0.073933 -0.080121 -0.073933 -0.056501 0.000000 
5.000000e-01 5.000000e-01 6.004907e-01 5.000000e-01 5.000000e-01 1.139511e+00 -0.353821 0.040545 0.080671 0.111388 0.080671 0.040545 0.353821 -0.058372 -0.076784 -0.083508 -0.076784 -0.058372 0.000000 
5.000000e-01 5.000000e-01 5.884605e-01 5.000000e-01 5.000000e-01 1.147047e+00 -0.366663 0.041654 0.083583 0.116190 0.083583 0.041654 0.366663 -0.060206 -0.079648 -0.086956 -0.079648 -0.060206 0.000000 
5.000000e-01 5.000000e-01 5.763913e-01 5.000000e-01 5.000000e-01 1.154559e+00 -0.379516 0.042726 0.086490 0.121084 0.086490 0.042726 0.379516 -0.062001 -0.082523 -0.090468 -0.082523 -0.062001 0.000000 
5.000000e-01 5.000000e-01 5.642834e-01 5.000000e-01 5.000000e-01 1.162048e+00 -0.392379 0.043761 0.089393 0.126072 0.089393 0.043761 0.392379 -0.063756 -0.085410 -0.094047 -0.085410 -0.063756 0.000000 
5.000000e-01 5.000000e-01 5.521371e-01 5.000000e-01 5.000000e-01 1.169513e+00 -0.405251 0.044752 0.092289 0.131170 0.092289 0.044752 0.405251 -0.065467 -0.088309 -0.097698 -0.088309 -0.065467 0.000000 
5.000000e-01 5.000000e-01 5.399527e-01 5.000000e-01 5.000000e-01 1.176954e+00 -0.418132 0.045681 0.095174 0.136422 0.095174 0.045681 0.418132 -0.067131 -0.091221 -0.101427 -0.091221 -0.067131 0.000000 
5.000000e-01 5.000000e-01 5.277306e-01 5.000000e-01 5.000000e-01 1.184370e+00 -0.431022 0.046568 0.098048 0.141789 0.098048 0.046568 0.431022 -0.068736 -0.094147 -0.105256 -0.094147 -0.068736 0.000000 
5.000000e-01 5.000000e-01 5.154711e-01 5.000000e-01 5.000000e-01 1.191761e+00 -0.443919 0.047412 0.100911 0.147274 0.100911 0.047412 0.443919 -0.070284 -0.097086 -0.109178 -0.097086 -0.070284 0.000000 
5.000000e-01 5.000000e-01 5.031745e-01 5.000000e-01 5.000000e-01 1.199127e+00 -0.456825 0.048202 0.103758 0.152906 0.103758 0.048202 0.456825 -0.071772 -0.100039 -0.113204 -0.100039 -0.071772 0.000000 
5.000000e-01 5.000000e-01 4.908412e-01 5.000000e-01 5.000000e-01 1.206468e+00 -0.469737 0.048925 0.106581 0.158726 0.106581 0.048925 0.469737 -0.073194 -0.103004 -0.117342 -0.103004 -0.073194 0.000000 
5.000000e-01 5.000000e-01 4.784713e-01 5.000000e-01 5.000000e-01 1.213782e+00 -0.482657 0.049600 0.109384 0.164688 0.109384 0.049600 0.482657 -0.074537 -0.105983 -0.121616 -0.105983 -0.074537 0.000000 
5.000000e-01 5.000000e-01 4.660654e-01 5.000000e-01 5.000000e-01 1.221071e+00 -0.495583 0.050228 0.112166 0.170795 0.112166 0.050228 0.495583 -0.075799 -0.108976 -0.126033 -0.108976 -0.075799 0.000000 
5.000000e-01 5.000000e-01 4.536235e-01 5.000000e-01 5.000000e-01 1.228333e+00 -0.508515 0.050785 0.114913 0.177117 0.114913 0.050785 0.508515 -0.076977 -0.111981 -0.130599 -0.111981 -0.076977 0.000000 
5.000000e-01 5.000000e-01 4.411462e-01 5.000000e-01 5.000000e-01 1.235569e+00 -0.521452 0.051278 0.117623 0.183651 0.117623 0.051278 0.521452 -0.078065 -0.114997 -0.135328 -0.114997 -0.078065 0.000000 
5.000000e-01 5.000000e-01 4.286335e-01 5.000000e-01 5.000000e-01 1.242777e+00 -0.534395 0.051719 0.120298 0.190361 0.120298 0.051719 0.534395 -0.079048 -0.118023 -0.140253 -0.118023 -0.079048 0.000000 
5.000000e-01 5.000000e-01 4.160860e-01 5.000000e-01 5.000000e-01 1.249958e+00 -0.547342 0.052109 0.122938 0.197250 0.122938 0.052109 0.547343 -0.079917 -0.121058 -0.145392 -0.121058 -0.079917 0.000000 
5.000000e-01 5.000000e-01 4.035037e-01 5.000000e-01 5.000000e-01 1.257111e+00 -0.560294 0.052405 0.125507 0.204471 0.125507 0.052405 0.560294 -0.080673 -0.124098 -0.150751 -0.124098 -0.080673 0.000000 
5.000000e-01 5.000000e-01 3.908871e-01 5.000000e-01 5.000000e-01 1.264237e+00 -0.573250 0.052648 0.128026 0.211904 0.128026 0.052648 0.573250 -0.081308 -0.127140 -0.156353 -0.127140 -0.081308 0.000000 
5.000000e-01 5.000000e-01 3.782364e-01 5.000000e-01 5.000000e-01 1.271333e+00 -0.586210 0.052837 0.130492 0.219551 0.130492 0.052837 0.586210 -0.081797 -0.130180 -0.162254 -0.130180 -0.081797 0.000000 
5.000000e-01 5.000000e-01 3.655519e-01 5.000000e-01 5.000000e-01 1.278401e+00 -0.599172 0.052948 0.132878 0.227520 0.132878 0.052948 0.599172 -0.082138 -0.133212 -0.168473 -0.133212 -0.082138 0.000000 
5.000000e-01 5.000000e-01 3.528339e-01 5.000000e-01 5.000000e-01 1.285440e+00 -0.612137 0.052984 0.135173 0.235825 0.135173 0.052984 0.612137 -0.082327 -0.136229 -0.175025 -0.136229 -0.082327 0.000000 
5.000000e-01 5.000000e-01 3.400826e-01 5.000000e-01 5.000000e-01 1.292449e+00 -0.625105 0.052964 0.137394 0.244389 0.137394 0.052964 0.625105 -0.082356 -0.139223 -0.181946 -0.139223 -0.082356 0.000000 
5.000000e-01 5.000000e-01 3.272984e-01 5.000000e-01 5.000000e-01 1.299428e+00 -0.638074 0.052882 0.139525 0.253260 0.139525 0.052882 0.638074 -0.082183 -0.142177 -0.189353 -0.142177 -0.082183 0.000000 
5.000000e-01 5.000000e-01 3.144814e-01 5.000000e-01 5.000000e-01 1.306376e+00 -0.651045 0.052705 0.141508 0.262620 0.141508 0.052705 0.651045 -0.081825 -0.145083 -0.197230 -0.145083 -0.081825 0.000000 
5.000000e-01 5.000000e-01 3.016320e-01 5.000000e-01 5.000000e-01 1.313295e+00 -0.664017 0.052473 0.143389 0.272293 0.143389 0.052473 0.664017 -0.081271 -0.147923 -0.205630 -0.147923 -0.081271 0.000000 
5.000000e-01 5.000000e-01 2.887504e-01 5.000000e-01 5.000000e-01 1.320182e+00 -0.676990 0.052189 0.145167 0.282278 0.145167 0.052189 0.676990 -0.080493 -0.150671 -0.214661 -0.150671 -0.080493 0.000000 
5.000000e-01 5.000000e-01 2.758368e-01 5.000000e-01 5.000000e-01 1.327037e+00 -0.689963 0.051801 0.146730 0.292901 0.146730 0.051801 0.689963 -0.079472 -0.153296 -0.224427 -0.153296 -0.079472 0.000000 
5.000000e-01 5.000000e-01 2.628915e-01 5.000000e-01 5.000000e-01 1.333861e+00 -0.702936 0.051359 0.148150 0.303919 0.148150 0.051359 0.702936 -0.078218 -0.155776 -0.234949 -0.155776 -0.078218 0.000000 
5.000000e-01 5.000000e-01 2.499148e-01 5.000000e-01 5.000000e-01 1.340652e+00 -0.715909 0.050865 0.149434 0.315310 0.149434 0.050865 0.715909 -0.076719 -0.158074 -0.246325 -0.158074 -0.076719 0.000000 
5.000000e-01 5.000000e-01 2.369068e-01 5.000000e-01 5.000000e-01 1.347411e+00 -0.728882 0.050277 0.150451 0.327426 0.150451 0.050277 0.728882 -0.074917 -0.160098 -0.258852 -0.160098 -0.074917 0.000000 
5.000000e-01 5.000000e-01 2.238677e-01 5.000000e-01 5.000000e-01 1.354137e+00 -0.741854 0.049630 0.151259 0.340076 0.151259 0.049630 0.741854 -0.072846 -0.161828 -0.272505 -0.161828 -0.072846 0.000000 
5.000000e-01 5.000000e-01 2.107977e-01 5.000000e-01 5.000000e-01 1.360830e+00 -0.754824 0.048936 0.151892 0.353169 0.151892 0.048936 0.754824 -0.070496 -0.163198 -0.287436 -0.163198 -0.070496 0.000000 
5.000000e-01 5.000000e-01 1.976970e-01 5.000000e-01 5.000000e-01 1.367488e+00 -0.767795 0.048152 0.152182 0.367126 0.152182 0.048152 0.767795 -0.067819 -0.164053 -0.304051 -0.164053 -0.067819 0.000000 
5.000000e-01 5.000000e-01 1.845655e-01 5.000000e-01 5.000000e-01 1.374113e+00 -0.780764 0.047312 0.152195 0.381751 0.152195 0.047312 0.780764 -0.064830 -0.164318 -0.322469 -0.164318 -0.064830 0.000000 
5.000000e-01 5.000000e-01 1.714034e-01 5.000000e-01 5.000000e-01 1.380702e+00 -0.793734 0.046431 0.151989 0.396893 0.151989 0.046431 0.793734 -0.061538 -0.163895 -0.342867 -0.163895 -0.061538 0.000000 
5.000000e-01 5.000000e-01 1.582105e-01 5.000000e-01 5.000000e-01 1.387257e+00 -0.806704 0.045465 0.151325 0.413126 0.151325 0.045465 0.806704 -0.057907 -0.162535 -0.365820 -0.162535 -0.057907 0.000000 
5.000000e-01 5.000000e-01 1.449866e-01 5.000000e-01 5.000000e-01 1.393777e+00 -0.819677 0.044450 0.150327 0.430121 0.150327 0.044450 0.819677 -0.053942 -0.160046 -0.391701 -0.160046 -0.053942 0.000000 
5.000000e-01 5.000000e-01 1.317311e-01 5.000000e-01 5.000000e-01 1.400261e+00 -0.832652 0.043403 0.149070 0.447706 0.149070 0.043403 0.832652 -0.049667 -0.156297 -0.420723 -0.156297 -0.049667 0.000000 
5.000000e-01 5.000000e-01 1.184434e-01 5.000000e-01 5.000000e-01 1.406709e+00 -0.845636 0.042271 0.147179 0.466736 0.147179 0.042271 0.845636 -0.045062 -0.150888 -0.453736 -0.150888 -0.045062 0.000000 
5.000000e-01 5.000000e-01 1.051224e-01 5.000000e-01 5.000000e-01 1.413120e+00 -0.858630 0.041109 0.144940 0.486531 0.144940 0.041109 0.858630 -0.040128 -0.143464 -0.491446 -0.143464 -0.040128 0.000000 
5.000000e-01 5.000000e-01 9.176660e-02 5.000000e-01 5.000000e-01 1.419495e+00 -0.871639 0.039916 0.142340 0.507127 0.142340 0.039916 0.871639 -0.034906 -0.133886 -0.534054 -0.133886 -0.034906 0.000000 
5.000000e-01 5.000000e-01 7.837391e-02 5.000000e-01 5.000000e-01 1.425834e+00 -0.884674 0.038655 0.138989 0.529387 0.138989 0.038655 0.884674 -0.029384 -0.121585 -0.582735 -0.121585 -0.029384 0.000000 
5.000000e-01 5.000000e-01 6.494215e-02 5.000000e-01 5.000000e-01 1.432135e+00 -0.897740 0.037380 0.135293 0.552394 0.135293 0.037380 0.897740 -0.023578 -0.106186 -0.638211 -0.106186 -0.023578 0.000000 
5.000000e-01 5.000000e-01 5.146896e-02 5.000000e-01 5.000000e-01 1.438399e+00 -0.910845 0.036070 0.131025 0.576654 0.131025 0.036070 0.910845 -0.017533 -0.087761 -0.700257 -0.087761 -0.017533 0.000000 
5.000000e-01 5.000000e-01 3.795284e-02 5.000000e-01 5.000000e-01 1.444625e+00 -0.924000 0.034725 0.126058 0.602435 0.126058 0.034725 0.924000 -0.011254 -0.065924 -0.769644 -0.065924 -0.011254 0.000000 
5.000000e-01 5.000000e-01 2.439407e-02 5.000000e-01 5.000000e-01 1.450814e+00 -0.937201 0.033376 0.120747 0.628955 0.120747 0.033376 0.937201 -0.004785 -0.041073 -0.845486 -0.041073 -0.004785 0.000000 
5.000000e-01 5.000000e-01 1.079598e-02 5.000000e-01 5.000000e-01 1.456965e+00 -0.950443 0.031986 0.114569 0.657333 0.114569 0.031986 0.950443 0.001815 -0.014074 -0.925924 -0.014074 0.001815 0.000000 
5.000000e-01 5.000000e-01 4.999984e-03 5.000000e-01 5.000000e-01 1.463078e+00 -0.958419 0.029622 0.106781 0.685611 0.106781 0.029622 0.958419 0.004228 -0.002591 -0.961693 -0.002591 0.004228 0.000000 
5.000000e-01 5.000000e-01 4.999984e-03 5.000000e-01 5.000000e-01 1.469152e+00 -0.962465 0.026530 0.097681 0.714042 0.097681 0.026530 0.962465 0.003492 -0.003448 -0.962553 -0.003448 0.003492 0.000000 
5.000000e-01 5.000000e-01 4.999984e-03 5.000000e-01 5.000000e-01 1.475188e+00 -0.966497 0.023402 0.087723 0.744246 0.087723 0.023402 0.966497 0.002759 -0.004303 -0.963409 -0.004303 0.002759 0.000000 
5.000000e-01 5.000000e-01 4.999984e-03 5.000000e-01 5.000000e-01 1.481185e+00 -0.970506 0.020274 0.077486 0.774987 0.077486 0.020274 0.970506 0.002029 -0.005152 -0.964261 -0.005152 0.002029 0.000000 
5.000000e-01 5.000000e-01 4.999984e-03 5.000000e-01 5.000000e-01 1.487143e+00 -0.974500 0.017121 0.066530 0.807197 0.066530 0.017121 0.974500 0.001303 -0.005999 -0.965109 -0.005999 0.001303 0.000000 
5.000000e-01 5.000000e-01 4.999984e-03 5.000000e-01 5.000000e-01 1.493061e+00 -0.978473 0.013968 0.055219 0.840100 0.055219 0.013968 0.978473 0.000580 -0.006840 -0.965953 -0.006840 0.000580 0.000000 
5.000000e-01 5.000000e-01 4.999984e-03 5.000000e-01 5.000000e-01 1.498937e+00 -0.982425 0.010816 0.043587 0.873619 0.043587 0.010816 0.982425 -0.000138 -0.007678 -0.966792 -0.007678 -0.000138 0.000000 
5.000000e-01 5.000000e-01 4.999984e-03 5.000000e-01 5.000000e-01 1.504772e+00 -0.986355 0.007661 0.031546 0.907941 0.031546 0.007661 0.986355 -0.000853 -0.008511 -0.967627 -0.008511 -0.000853 0.000000 
5.000000e-01 5.000000e-01 4.999984e-03 5.000000e-01 5.000000e-01 1.510563e+00 -0.990258 0.004523 0.019457 0.942299 0.019457 0.004523 0.990258 -0.001563 -0.009338 -0.968456 -0.009338 -0.001563 0.000000 
5.000000e-01 5.000000e-01 4.999984e-03 5.000000e-01 5.000000e-01 1.515010e+00 -0.993259 0.002102 0.009951 0.969153 0.009951 0.002102 0.993259 -0.002109 -0.009974 -0.969094 -0.009974 -0.002109 0.000000 
5.000000e-01 5.000000e-01 4.999984e-03 5.000000e-01 5.000000e-01 1.515010e+00 -0.993259 0.002102 0.009951 0.969153 0.009951 0.002102 0.993259 -0.002109 -0.009974 -0.969094 -0.009974 -0.002109 0.000000 
5.000000e-01 5.000000e-01 4.999984e-03 5.000000e-01 5.000000e-01 1.515010e+00 -0.993259 0.002102 0.009951 0.969153 0.009951 0.002102 0.993259 -0.002109 -0.009974 -0.969094 -0.009974 -0.002109 0.000000 
5.000000e-01 5.000000e-01 4.999984e-03 5.000000e-01 5.000000e-01 1.515010e+00 -0.993259 0.002102 0.009951 0.969153 0.009951 0.002102 0.993259 -0.002109 -0.009974 -0.969094 -0.009974 -0.002109 0.000000 
5.000000e-01 5.000000e-01 4.999984e-03 5.000000e-01 5.000000e-01 1.515010e+00 -0.993259 0.002102 0.009951 0.969153 0.009951 0.002102 0.993259 -0.002109 -0.009974 -0.969094 -0.009974 -0.002109 0.000000 
5.000000e-01 5.000000e-01 4.999984e-03 5.000000e-01 5.000000e-01 1.515010e+00 -0.993259 0.002102 0.009951 0.969153 0.009951 0.002102 0.993259 -0.002109 -0.009974 -0.969094 -0.009974 -0.002109 0.000000 
5.000000e-01 5.000000e-01 4.999984e-03 5.000000e-01 5.000000e-01 1.515010e+00 -0.993259 0.002102 0.009951 0.969153 0.009951 0.002102 0.993259 -0.002109 -0.009974 -0.969094 -0.009974 -0.002109 0.000000 
5.000000e-01 5.000000e-01 4.999984e-03 5.000000e-01 5.000000e-01 1.515010e+00 -0.993259 0.002102 0.009951 0.969153 0.009951 0.002102 0.993259 -0.002109 -0.009974 -0.969094 -0.009974 -0.002109 0.000000 
5.000000e-01 5.000000e-01 4.999984e-03 5.000000e-01 5.000000e-01 1.515010e+00 -0.993259 0.002102 0.009951 0.969153 0.009951 0.002102 0.993259 -0.002109 -0.009974 -0.969094 -0.009974 -0.002109 0.000000 
5.000000e-01 5.000000e-01 4.999984e-03 5.000000e-01 5.000000e-01 1.515010e+00 -0.993259 0.002102 0.009951 0.969153 0.009951 0.002102 0.993259 -0.002109 -0.009974 -0.969094 -0.009974 -0.002109 0.000000 
5.000000e-01 5.000000e-01 4.999984e-03 5.000000e-01 5.000000e-01 1.515010e+00 -0.993259 0.002102 0.009951 0.969153 0.009951 0.002102 0.993259 -0.002109 -0.009974 -0.969094 -0.009974 -0.002109 0.000000 
5.000000e-01 5.000000e-01 4.999984e-03 5.000000e-01 5.000000e-01 1.515010e+00 -0.993259 0.002102 0.009951 0.969153 0.009951 0.002102 0.993259 -0.002109 -0.009974 -0.969094 -0.009974 -0.002109 0.000000 
5.000000e-01 5.000000e-01 4.999984e-03 5.000000e-01 5.000000e-01 1.515010e+00 -0.993259 0.002102 0.009951 0.969153 0.009951 0.002102 0.993259 -0.002109 -0.009974 -0.969094 -0.009974 -0.002109 0.000000 
5.000000e-01 5.000000e-01 4.999984e-03 5.000000e-01 5.000000e-01 1.515010e+00 -0.993259 0.002102 0.009951 0.969153 0.009951 0.002102 0.993259 -0.002109 -0.009974 -0.969094 -0.009974 -0.002109 0.000000 
5.000000e-01 5.000000e-01 4.999984e-03 5.000000e-01 5.000000e-01 1.515010e+00 -0.993259 0.002102 0.009951 0.969153 0.009951 0.002102 0.993259 -0.002109 -0.009974 -0.969094 -0.009974 -0.002109 0.000000 
5.000000e-01 5.000000e-01 4.999984e-03 5.000000e-01 5.000000e-01 1.515010e+00 -0.993259 0.002102 0.009951 0.969153 0.009951 0.002102 0.993259 -0.002109 -0.009974 -0.969094 -0.009974 -0.002109 0.000000 
5.000000e-01 5.000000e-01 4.999984e-03 5.000000e-01 5.000000e-01 1.515010e+00 -0.993259 0.002102 0.009951 0.969153 0.009951 0.002102 0.993259 -0.002109 -0.009974 -0.969094 -0.009974 -0.002109 0.000000 
5.000000e-01 5.000000e-01 4.999984e-03 5.000000e-01 5.000000e-01 1.515010e+00 -0.993259 0.002102 0.009951 0.969153 0.009951 0.002102 0.993259 -0.002109 -0.009974 -0.969094 -0.009974 -0.002109 0.000000 
5.000000e-01 5.000000e-01 4.999984e-03 5.000000e-01 5.000000e-01 1.515010e+00 -0.993259 0.002102 0.009951 0.969153 0.009951 0.002102 0.993259 -0.002109 -0.009974 -0.969094 -0.009974 -0.002109 0.000000 
5.000000e-01 5.000000e-01 4.999984e-03 5.000000e-01 5.000000e-01 1.515010e+00 -0.993259 0.002102 0.009951 0.969153 0.009951 0.002102 0.993259 -0.002109 -0.009974 -0.969094 -0.009974 -0.002109 0.000000 
5.000000e-01 5.000000e-01 4.999984e-03 5.000000e-01 5.000000e-01 1.515010e+00 -0.993259 0.002102 0.009951 0.969153 0.009951 0.002102 0.993259 -0.002109 -0.009974 -0.969094 -0.009974 -0.002109 0.000000 
5.000000e-01 5.000000e-01 4.999984e-03 5.000000e-01 5.000000e-01 1.515010e+00 -0.993259 0.002102 0.009951 0.969153 0.009951 0.002102 0.993259 -0.002109 -0.009974 -0.969094 -0.009974 -0.002109 0.000000 
5.000000e-01 5.000000e-01 4.999984e-03 5.000000e-01 5.000000e-01 1.515010e+00 -0.993259 0.002102 0.009951 0.969153 0.009951 0.002102 0.993259 -0.002109 -0.009974 -0.969094 -0.009974 -0.002109 0.000000 
5.000000e-01 5.000000e-01 4.999984e-03 5.000000e-01 5.000000e-01 1.515010e+00 -0.993259 0.002102 0.009951 0.969153 0.009951 0.002102 0.993259 -0.002109 -0.009974 -0.969094 -0.009974 -0.002109 0.000000 
5.000000e-01 5.000000e-01 4.999984e-03 5.000000e-01 5.000000e-01 1.515010e+00 -0.993259 0.002102 0.009951 0.969153 0.009951 0.002102 0.993259 -0.002109 -0.009974 -0.969094 -0.009974 -0.002109 0.000000 
5.000000e-01 5.000000e-01 4.999984e-03 5.000000e-01 5.000000e-01 1.515010e+00 -0.993259 0.002102 0.009951 0.969153 0.009951 0.002102 0.993259 -0.002109 -0.009974 -0.969094 -0.009974 -0.002109 0.000000 
5.000000e-01 5.000000e-01 4.999984e-03 5.000000e-01 5.000000e-01 1.515010e+00 -0.993259 0.002102 0.009951 0.969153 0.009951 0.002102 0.993259 -0.002109 -0.009974 -0.969094 -0.009974 -0.002109 0.000000 
5.000000e-01 5.000000e-01 4.999984e-03 5.000000e-01 5.000000e-01 1.515010e+00 -0.993259 0.002102 0.009951 0.969153 0.009951 0.002102 0.993259 -0.002109 -0.009974 -0.969094 -0.009974 -0.002109 0.000000 
5.000000e-01 5.000000e-01 4.999984e-03 5.000000e-01 5.000000e-01 1.515010e+00 -0.993259 0.002102 0.009951 0.969153 0.009951 0.002102 0.993259 -0.002109 -0.009974 -0.969094 -0.009974 -0.002109 0.000000 
5.000000e-01 5.000000e-01 4.999984e-03 5.000000e-01 5.000000e-01 1.515010e+00 -0.993259 0.002102 0.009951 0.969153 0.009951 0.002102 0.993259 -0.002109 -0.009974 -0.969094 -0.009974 -0.002109 0.000000 
5.000000e-01 5.000000e-01 4.999984e-03 5.000000e-01 5.000000e-01 1.515010e+00 -0.993259 0.002102 0.009951 0.969153 0.009951 0.002102 0.993259 -0.002109 -0.009974 -0.969094 -0.009974 -0.002109 0.000000 
5.000000e-01 5.000000e-01 4.999984e-03 5.000000e-01 5.000000e-01 1.515010e+00 -0.993259 0.002102 0.009951 0.969153 0.009951 0.002102 0.993259 -0.002109 -0.009974 -0.969094 -0.009974 -0.002109 0.000000 
5.000000e-01 5.000000e-01 4.999984e-03 5.000000e-01 5.000000e-01 1.515010e+00 -0.993259 0.002102 0.009951 0.969153 0.009951 0.002102 0.993259 -0.002109 -0.009974 -0.969094 -0.009974 -0.002109 0.000000 
5.000000e-01 5.000000e-01 4.999984e-03 5.000000e-01 5.000000e-01 1.515010e+00 -0.993259 0.002102 0.009951 0.969153 0.009951 0.002102 0.993259 -0.002109 -0.009974 -0.969094 -0.009974 -0.002109 0.000000 
5.000000e-01 5.000000e-01 4.999984e-03 5.000000e-01 5.000000e-01 1.515010e+00 -0.993259 0.002102 0.009951 0.969153 0.009951 0.002102 0.993259 -0.002109 -0.009974 -0.969094 -0.009974 -0.002109 0.000000 
5.000000e-01 5.000000e-01 4.999984e-03 5.000000e-01 5.000000e-01 1.515010e+00 -0.993259 0.002102 0.009951 0.969153 0.009951 0.002102 0.993259 -0.002109 -0.009974 -0.969094 -0.009974 -0.002109 0.000000 
5.000000e-01 5.000000e-01 4.999984e-03 5.000000e-01 5.000000e-01 1.515010e+00 -0.993259 0.002102 0.009951 0.969153 0.009951 0.002102 0.993259 -0.002109 -0.009974 -0.969094 -0.009974 -0.002109 0.000000 
5.000000e-01 5.000000e-01 4.999984e-03 5.000000e-01 5.000000e-01 1.515010e+00 -0.993259 0.002102 0.009951 0.969153 0.009951 0.002102 0.993259 -0.002109 -0.009974 -0.969094 -0.009974 -0.002109 0.000000 
5.000000e-01 5.000000e-01 4.999984e-03 5.000000e-01 5.000000e-01 1.515010e+00 -0.993259 0.002102 0.009951 0.969153 0.009951 0.002102 0.993259 -0.002109 -0.009974 -0.969094 -0.009974 -0.002109 0.000000 
5.000000e-01 5.000000e-01 4.999984e-03 5.000000e-01 5.000000e-01 1.515010e+00 -0.993259 0.002102 0.009951 0.969153 0.009951 0.002102 0.993259 -0.002109 -0.009974 -0.969094 -0.009974 -0.002109 0.000000 
5.000000e-01 5.000000e-01 4.999984e-03 5.000000e-01 5.000000e-01 1.515010e+00 -0.993259 0.002102 0.009951 0.969153 0.009951 0.002102 0.993259 -0.002109 -0.009974 -0.969094 -0.009974 -0.002109 0.000000 
5.000000e-01 5.000000e-01 4.999984e-03 5.000000e-01 5.000000e-01 1.515010e+00 -0.993259 0.002102 0.009951 0.969153 0.009951 0.002102 0.993259 -0.002109 -0.009974 -0.969094 -0.009974 -0.002109 0.000000 
5.000000e-01 5.000000e-01 4.999984e-03 5.000000e-01 5.000000e-01 1.515010e+00 -0.993259 0.002102 0.009951 0.969153 0.009951 0.002102 0.993259 -0.002109 -0.009974 -0.969094 -0.009974 -0.002109 0.000000 
5.000000e-01 5.000000e-01 4.999984e-03 5.000000e-01 5.000000e-01 1.515010e+00 -0.993259 0.002102 0.009951 0.969153 0.009951 0.002102 0.993259 -0.002109 -0.009974 -0.969094 -0.009974 -0.002109 0.000000 
5.000000e-01 5.000000e-01 4.999984e-03 5.000000e-01 5.000000e-01 1.515010e+00 -0.993259 0.002102 0.009951 0.969153 0.009951 0.002102 0.993259 -0.002109 -0.009974 -0.969094 -0.009974 -0.002109 0.000000 
5.000000e-01 5.000000e-01 4.999984e-03 5.000000e-01 5.000000e-01 1.515010e+00 -0.993259 0.002102 0.009951 0.969153 0.009951 0.002102 0.993259 -0.002109 -0.009974 -0.969094 -0.009974 -0.002109 0.000000 
5.000000e-01 5.000000e-01 4.999984e-03 5.000000e-01 5.000000e-01 1.515010e+00 -0.993259 0.002102 0.009951 0.969153 0.009951 0.002102 0.993259 -0.002109 -0.009974 -0.969094 -0.009974 -0.002109 0.000000 
5.000000e-01 5.000000e-01 4.999984e-03 5.000000e-01 5.000000e-01 1.515010e+00 -0.993259 0.002102 0.009951 0.969153 0.009951 0.002102 0.993259 -0.002109 -0.009974 -0.969094 -0.009974 -0.002109 0.000000 
5.000000e-01 5.000000e-01 4.999984e-03 5.000000e-01 5.000000e-01 1.515010e+00 -0.993259 0.002102 0.009951 0.969153 0.009951 0.002102 0.993259 -0.002109 -0.009974 -0.969094 -0.009974 -0.002109 0.000000 
5.000000e-01 5.000000e-01 4.999984e-03 5.000000e-01 5.000000e-01 1.515010e+00 -0.993259 0.002102 0.009951 0.969153 0.009951 0.002102 0.993259 -0.002109 -0.009974 -0.969094 -0.009974 -0.002109 0.000000 
5.000000e-01 5.000000e-01 4.999984e-03 5.000000e-01 5.000000e-01 1.515010e+00 -0.993259 0.002102 0.009951 0.969153 0.009951 0.002102 0.993259 -0.002109 -0.009974 -0.969094 -0.009974 -0.002109 0.000000 
5.000000e-01 5.000000e-01 4.999984e-03 5.000000e-01 5.000000e-01 1.515010e+00 -0.993259 0.002102 0.009951 0.969153 0.009951 0.002102 0.993259 -0.002109 -0.009974 -0.969094 -0.009974 -0.002109 0.000000 
5.000000e-01 5.000000e-01 4.999984e-03 5.000000e-01 5.000000e-01 1.515010e+00 -0.993259 0.002102 0.009951 0.969153 0.009951 0.002102 0.993259 -0.002109 -0.009974 -0.969094 -0.009974 -0.002109 0.000000 
5.000000e-01 5.000000e-01 4.999984e-03 5.000000e-01 5.000000e-01 1.515010e+00 -0.993259 0.002102 0.009951 0.969153 0.009951 0.002102 0.993259 -0.002109 -0.009974 -0.969094 -0.009974 -0.002109 0.000000 
5.000000e-01 5.000000e-01 4.999984e-03 5.000000e-01 5.000000e-01 1.515010e+00 -0.993259 0.002102 0.009951 0.969153 0.009951 0.002102 0.993259 -0.002109 -0.009974 -0.969094 -0.009974 -0.002109 0.000000 
5.000000e-01 5.000000e-01 4.999984e-03 5.000000e-01 5.000000e-01 1.515010e+00 -0.993259 0.002102 0.009951 0.969153 0.009951 0.002102 0.993259 -0.002109 -0.009974 -0.969094 -0.009974 -0.002109 0.000000 
5.000000e-01 5.000000e-01 4.999984e-03 5.000000e-01 5.000000e-01 1.515010e+00 -0.993259 0.002102 0.009951 0.969153 0.009951 0.002102 0.993259 -0.002109 -0.009974 -0.969094 -0.009974 -0.002109 0.000000 
5.000000e-01 5.000000e-01 4.999984e-03 5.000000e-01 5.000000e-01 1.515010e+00 -0.993259 0.002102 0.009951 0.969153 0.009951 0.002102 0.993259 -0.002109 -0.009974 -0.969094 -0.009974 -0.002109 0.000000 
5.000000e-01 5.000000e-01 4.999984e-03 5.000000e-01 5.000000e-01 1.515010e+00 -0.993259 0.002102 0.009951 0.969153 0.009951 0.002102 0.993259 -0.002109 -0.009974 -0.969094 -0.009974 -0.002109 0.000000 
5.000000e-01 5.000000e-01 4.999984e-03 5.000000e-01 5.000000e-01 1.515010e+00 -0.993259 0.002102 0.009951 0.969153 0.009951 0.002102 0.993259 -0.002109 -0.009974 -0.969094 -0.009974 -0.002109 0.000000 
5.000000e-01 5.000000e-01 4.999984e-03 5.000000e-01 5.000000e-01 1.515010e+00 -0.993259 0.002102 0.009951 0.969153 0.009951 0.002102 0.993259 -0.002109 -0.009974 -0.969094 -0.009974 -0.002109 0.000000 
5.000000e-01 5.000000e-01 4.999984e-03 5.000000e-01 5.000000e-01 1.515010e+00 -0.993259 0.002102 0.009951 0.969153 0.009951 0.002102 0.993259 -0.002109 -0.009974 -0.969094 -0.009974 -0.002109 0.000000 
5.000000e-01 5.000000e-01 4.999984e-03 5.000000e-01 5.000000e-01 1.515010e+00 -0.993259 0.002102 0.009951 0.969153 0.009951 0.002102 0.993259 -0.002109 -0.009974 -0.969094 -0.009974 -0.002109 0.000000 
5.000000e-01 5.000000e-01 4.999984e-03 5.000000e-01 5.000000e-01 1.515010e+00 -0.993259 0.002102 0.009951 0.969153 0.009951 0.002102 0.993259 -0.002109 -0.009974 -0.969094 -0.009974 -0.002109 0.000000 
5.000000e-01 5.000000e-01 4.999984e-03 5.000000e-01 5.000000e-01 1.515010e+00 -0.993259 0.002102 0.009951 0.969153 0.009951 0.002102 0.993259 -0.002109 -0.009974 -0.969094 -0.009974 -0.002109 0.000000 
5.000000e-01 5.000000e-01 4.999984e-03 5.000000e-01 5.000000e-01 1.515010e+00 -0.993259 0.002102 0.009951 0.969153 0.009951 0.002102 0.993259 -0.002109 -0.009974 -0.969094 -0.009974 -0.002109 0.000000 
5.000000e-01 5.000000e-01 4.999984e-03 5.000000e-01 5.000000e-01 1.515010e+00 -0.993259 0.002102 0.009951 0.969153 0.009951 0.002102 0.993259 -0.002109 -0.009974 -0.969094 -0.009974 -0.002109 0.000000 
5.000000e-01 5.000000e-01 4.999984e-03 5.000000e-01 5.000000e-01 1.515010e+00 -0.993259 0.002102 0.009951 0.969153 0.009951 0.002102 0.993259 -0.002109 -0.009974 -0.969094 -0.009974 -0.002109 0.000000 
5.000000e-01 5.000000e-01 4.999984e-03 5.000000e-01 5.000000e-01 1.515010e+00 -0.993259 0.002102 0.009951 0.969153 0.009951 0.002102 0.993259 -0.002109 -0.009974 -0.969094 -0.009974 -0.002109 0.000000 
5.000000e-01 5.000000e-01 4.999984e-03 5.000000e-01 5.000000e-01 1.515010e+00 -0.993259 0.002102 0.009951 0.969153 0.009951 0.002102 0.993259 -0.002109 -0.009974 -0.969094 -0.009974 -0.002109 0.000000 
5.000000e-01 5.000000e-01 4.999984e-03 5.000000e-01 5.000000e-01 1.515010e+00 -0.993259 0.002102 0.009951 0.969153 0.009951 0.002102 0.993259 -0.002109 -0.009974 -0.969094 -0.009974 -0.002109 0.000000 
5.000000e-01 5.000000e-01 4.999984e-03 5.000000e-01 5.000000e-01 1.515010e+00 -0.993259 0.002102 0.009951 0.969153 0.009951 0.002102 0.993259 -0.002109 -0.009974 -0.969094 -0.009974 -0.002109 0.000000 
5.000000e-01 5.000000e-01 4.999984e-03 5.000000e-01 5.000000e-01 1.515010e+00 -0.993259 0.002102 0.009951 0.969153 0.009951 0.002102 0.993259 -0.002109 -0.009974 -0.969094 -0.009974 -0.002109 0.000000 
5.000000e-01 5.000000e-01 4.999984e-03 5.000000e-01 5.000000e-01 1.515010e+00 -0.993259 0.002102 0.009951 0.969153 0.009951 0.002102 0.993259 -0.002109 -0.009974 -0.969094 -0.009974 -0.002109 0.000000 
5.000000e-01 5.000000e-01 4.999984e-03 5.000000e-01 5.000000e-01 1.515010e+00 -0.993259 0.002102 0.009951 0.969153 0.009951 0.002102 0.993259 -0.002109 -0.009974 -0.969094 -0.009974 -0.002109 0.000000 
5.000000e-01 5.000000e-01 4.999984e-03 5.000000e-01 5.000000e-01 1.515010e+00 -0.993259 0.002102 0.009951 0.969153 0.009951 0.002102 0.993259 -0.002109 -0.009974 -0.969094 -0.009974 -0.002109 0.000000 
5.000000e-01 5.000000e-01 4.999984e-03 5.000000e-01 5.000000e-01 1.515010e+00 -0.993259 0.002102 0.009951 0.969153 0.009951 0.002102 0.993259 -0.002109 -0.009974 -0.969094 -0.009974 -0.002109 0.000000 
5.000000e-01 5.000000e-01 4.999984e-03 5.000000e-01 5.000000e-01 1.515010e+00 -0.993259 0.002102 0.009951 0.969153 0.009951 0.002102 0.993259 -0.002109 -0.009974 -0.969094 -0.009974 -0.002109 0.000000 
5.000000e-01 5.000000e-01 4.999984e-03 5.000000e-01 5.000000e-01 1.515010e+00 -0.993259 0.002102 0.009951 0.969153 0.009951 0.002102 0.993259 -0.002109 -0.009974 -0.969094 -0.009974 -0.002109 0.000000 
5.000000e-01 5.000000e-01 4.999984e-03 5.000000e-01 5.000000e-01 1.515010e+00 -0.993259 0.002102 0.009951 0.969153 0.009951 0.002102 0.993259 -0.002109 -0.009974 -0.969094 -0.009974 -0.002109 0.000000 
5.000000e-01 5.000000e-01 4.999984e-03 5.000000e-01 5.000000e-01 1.515010e+00 -0.993259 0.002102 0.009951 0.969153 0.009951 0.002102 0.993259 -0.002109 -0.009974 -0.969094 -0.009974 -0.002109 0.000000 
5.000000e-01 5.000000e-01 4.999984e-03 5.000000e-01 5.000000e-01 1.515010e+00 -0.993259 0.002102 0.009951 0.969153 0.009951 0.002102 0.993259 -0.002109 -0.009974 -0.969094 -0.009974 -0.002109 0.000000 
5.000000e-01 5.000000e-01 4.999984e-03 5.000000e-01 5.000000e-01 1.515010e+00 -0.993259 0.002102 0.009951 0.969153 0.009951 0.002102 0.993259 -0.002109 -0.009974 -0.969094 -0.009974 -0.002109 0.000000 
5.000000e-01 5.000000e-01 4.999984e-03 5.000000e-01 5.000000e-01 1.515010e+00 -0.993259 0.002102 0.009951 0.969153 0.009951 0.002102 0.993259 -0.002109 -0.009974 -0.969094 -0.009974 -0.002109 0.000000 
5.000000e-01 5.000000e-01 4.999984e-03 5.000000e-01 5.000000e-01 1.515010e+00 -0.993259 0.002102 0.009951 0.969153 0.009951 0.002102 0.993259 -0.002109 -0.009974 -0.969094 -0.009974 -0.002109 0.000000 
5.000000e-01 5.000000e-01 4.999984e-03 5.000000e-01 5.000000e-01 1.515010e+00 -0.993259 0.002102 0.009951 0.969153 0.009951 0.002102 0.993259 -0.002109 -0.009974 -0.969094 -0.009974 -0.002109 0.000000 
5.000000e-01 5.000000e-01 4.999984e-03 5.000000e-01 5.000000e-01 1.515010e+00 -0.993259 0.002102 0.009951 0.969153 0.009951 0.002102 0.993259 -0.002109 -0.009974 -0.969094 -0.009974 -0.002109 0.000000 
5.000000e-01 5.000000e-01 4.999984e-03 5.000000e-01 5.000000e-01 1.515010e+00 -0.993259 0.002102 0.009951 0.969153 0.009951 0.002102 0.993259 -0.002109 -0.009974 -0.969094 -0.009974 -0.002109 0.000000 
5.000000e-01 5.000000e-01 4.999984e-03 5.000000e-01 5.000000e-01 1.515010e+00 -0.993259 0.002102 0.009951 0.969153 0.009951 0.002102 0.993259 -0.002109 -0.009974 -0.969094 -0.009974 -0.002109 0.000000 
5.000000e-01 5.000000e-01 4.999984e-03 5.000000e-01 5.000000e-01 1.515010e+00 -0.993259 0.002102 0.009951 0.969153 0.009951 0.002102 0.993259 -0.002109 -0.009974 -0.969094 -0.009974 -0.002109 0.000000 
5.000000e-01 5.000000e-01 4.999984e-03 5.000000e-01 5.000000e-01 1.515010e+00 -0.993259 0.002102 0.009951 0.969153 0.009951 0.002102 0.993259 -0.002109 -0.009974 -0.969094 -0.009974 -0.002109 0.000000 
5.000000e-01 5.000000e-01 4.999984e-03 5.000000e-01 5.000000e-01 1.515010e+00 -0.993259 0.002102 0.009951 0.969153 0.009951 0.002102 0.993259 -0.002109 -0.009974 -0.969094 -0.009974 -0.002109 0.000000 
5.000000e-01 5.000000e-01 4.999984e-03 5.000000e-01 5.000000e-01 1.515010e+00 -0.993259 0.002102 0.009951 0.969153 0.009951 0.002102 0.993259 -0.002109 -0.009974 -0.969094 -0.009974 -0.002109 0.000000 
5.000000e-01 5.000000e-01 4.999984e-03 5.000000e-01 5.000000e-01 1.515010e+00 -0.993259 0.002102 0.009951 0.969153 0.009951 0.002102 0.993259 -0.002109 -0.009974 -0.969094 -0.009974 -0.002109 0.000000 
5.000000e-01 5.000000e-01 4.999984e-03 5.000000e-01 5.000000e-01 1.515010e+00 -0.993259 0.002102 0.009951 0.969153 0.009951 0.002102 0.993259 -0.002109 -0.009974 -0.969094 -0.009974 -0.002109 0.000000 
5.000000e-01 5.000000e-01 4.999984e-03 5.000000e-01 5.000000e-01 1.515010e+00 -0.993259 0.002102 0.009951 0.969153 0.009951 0.002102 0.993259 -0.002109 -0.009974 -0.969094 -0.009974 -0.002109 0.000000 
5.000000e-01 5.000000e-01 4.999984e-03 5.000000e-01 5.000000e-01 1.515010e+00 -0.993259 0.002102 0.009951 0.969153 0.009951 0.002102 0.993259 -0.002109 -0.009974 -0.969094 -0.009974 -0.002109 0.000000 
5.000000e-01 5.000000e-01 4.999984e-03 5.000000e-01 5.000000e-01 1.515010e+00 -0.993259 0.002102 0.009951 0.969153 0.009951 0.002102 0.993259 -0.002109 -0.009974 -0.969094 -0.009974 -0.002109 0.000000 
5.000000e-01 5.000000e-01 4.999984e-03 5.000000e-01 5.000000e-01 1.515010e+00 -0.993259 0.002102 0.009951 0.969153 0.009951 0.002102 0.993259 -0.002109 -0.009974 -0.969094 -0.009974 -0.002109 0.000000 
5.000000e-01 5.000000e-01 4.999984e-03 5.000000e-01 5.000000e-01 1.515010e+00 -0.993259 0.002102 0.009951 0.969153 0.009951 0.002102 0.993259 -0.002109 -0.009974 -0.969094 -0.009974 -0.002109 0.000000 
5.000000e-01 5.000000e-01 4.999984e-03 5.000000e-01 5.000000e-01 1.515010e+00 -0.993259 0.002102 0.009951 0.969153 0.009951 0.002102 0.993259 -0.002109 -0.009974 -0.969094 -0.009974 -0.002109 0.000000 
5.000000e-01 5.000000e-01 4.999984e-03 5.000000e-01 5.000000e-01 1.515010e+00 -0.993259 0.002102 0.009951 0.969153 0.009951 0.002102 0.993259 -0.002109 -0.009974 -0.969094 -0.009974 -0.002109 0.000000 
5.000000e-01 5.000000e-01 4.999984e-03 5.000000e-01 5.000000e-01 1.515010e+00 -0.993259 0.002102 0.009951 0.969153 0.009951 0.002102 0.993259 -0.002109 -0.009974 -0.969094 -0.009974 -0.002109 0.000000 
5.000000e-01 5.000000e-01 4.999984e-03 5.000000e-01 5.000000e-01 1.515010e+00 -0.993259 0.002102 0.009951 0.969153 0.009951 0.002102 0.993259 -0.002109 -0.009974 -0.969094 -0.009974 -0.002109 0.000000 
5.000000e-01 5.000000e-01 4.999984e-03 5.000000e-01 5.000000e-01 1.515010e+00 -0.993259 0.002102 0.009951 0.969153 0.009951 0.002102 0.993259 -0.002109 -0.009974 -0.969094 -0.009974 -0.002109 0.000000 
5.000000e-01 5.000000e-01 4.999984e-03 5.000000e-01 5.000000e-01 1.515010e+00 -0.993259 0.002102 0.009951 0.969153 0.009951 0.002102 0.993259 -0.002109 -0.009974 -0.969094 -0.009974 -0.002109 0.000000 
5.000000e-01 5.000000e-01 4.999984e-03 5.000000e-01 5.000000e-01 1.515010e+00 -0.993259 0.002102 0.009951 0.969153 0.009951 0.002102 0.993259 -0.002109 -0.009974 -0.969094 -0.009974 -0.002109 0.000000 
5.000000e-01 5.000000e-01 4.999984e-03 5.000000e-01 5.000000e-01 1.515010e+00 -0.993259 0.002102 0.009951 0.969153 0.009951 0.002102 0.993259 -0.002109 -0.009974 -0.969094 -0.009974 -0.002109 0.000000 
5.000000e-01 5.000000e-01 4.999984e-03 5.000000e-01 5.000000e-01 1.515010e+00 -0.993259 0.002102 0.009951 0.969153 0.009951 0.002102 0.993259 -0.002109 -0.009974 -0.969094 -0.009974 -0.002109 0.000000 
5.000000e-01 5.000000e-01 4.999984e-03 5.000000e-01 5.000000e-01 1.515010e+00 -0.993259 0.002102 0.009951 0.969153 0.009951 0.002102 0.993259 -0.002109 -0.009974 -0.969094 -0.009974 -0.002109 0.000000 
5.000000e-01 5.000000e-01 4.999984e-03 5.000000e-01 5.000000e-01 1.515010e+00 -0.993259 0.002102 0.009951 0.969153 0.009951 0.002102 0.993259 -0.002109 -0.009974 -0.969094 -0.009974 -0.002109 0.000000 
5.000000e-01 5.000000e-01 4.999984e-03 5.000000e-01 5.000000e-01 1.515010e+00 -0.993259 0.002102 0.009951 0.969153 0.009951 0.002102 0.993259 -0.002109 -0.009974 -0.969094 -0.009974 -0.002109 0.000000 
5.000000e-01 5.000000e-01 4.999984e-03 5.000000e-01 5.000000e-01 1.515010e+00 -0.993259 0.002102 0.009951 0.969153 0.009951 0.002102 0.993259 -0.002109 -0.009974 -0.969094 -0.009974 -0.002109 0.000000 
5.000000e-01 5.000000e-01 4.999984e-03 5.000000e-01 5.000000e-01 1.515010e+00 -0.993259 0.002102 0.009951 0.969153 0.009951 0.002102 0.993259 -0.002109 -0.009974 -0.969094 -0.009974 -0.002109 0.000000 
5.000000e-01 5.000000e-01 4.999984e-03 5.000000e-01 5.000000e-01 1.515010e+00 -0.993259 0.002102 0.009951 0.969153 0.009951 0.002102 0.993259 -0.002109 -0.009974 -0.969094 -0.009974 -0.002109 0.000000 
5.000000e-01 5.000000e-01 4.999984e-03 5.000000e-01 5.000000e-01 1.515010e+00 -0.993259 0.002102 0.009951 0.969153 0.009951 0.002102 0.993259 -0.002109 -0.009974 -0.969094 -0.009974 -0.002109 0.000000 
5.000000e-01 5.000000e-01 4.999984e-03 5.000000e-01 5.000000e-01 1.515010e+00 -0.993259 0.002102 0.009951 0.969153 0.009951 0.002102 0.993259 -0.002109 -0.009974 -0.969094 -0.009974 -0.002109 0.000000 
5.000000e-01 5.000000e-01 4.999984e-03 5.000000e-01 5.000000e-01 1.515010e+00 -0.993259 0.002102 0.009951 0.969153 0.009951 0.002102 0.993259 -0.002109 -0.009974 -0.969094 -0.009974 -0.002109 0.000000 
5.000000e-01 5.000000e-01 4.999984e-03 5.000000e-01 5.000000e-01 1.515010e+00 -0.993259 0.002102 0.009951 0.969153 0.009951 0.002102 0.993259 -0.002109 -0.009974 -0.969094 -0.009974 -0.002109 0.000000 
5.000000e-01 5.000000e-01 4.999984e-03 5.000000e-01 5.000000e-01 1.515010e+00 -0.993259 0.002102 0.009951 0.969153 0.009951 0.002102 0.993259 -0.002109 -0.009974 -0.969094 -0.009974 -0.002109 0.000000 
5.000000e-01 5.000000e-01 4.999984e-03 5.000000e-01 5.000000e-01 1.515010e+00 -0.993259 0.002102 0.009951 0.969153 0.009951 0.002102 0.993259 -0.002109 -0.009974 -0.969094 -0.009974 -0.002109 0.000000 
5.000000e-01 5.000000e-01 4.999984e-03 5.000000e-01 5.000000e-01 1.515010e+00 -0.993259 0.002102 0.009951 0.969153 0.009951 0.002102 0.993259 -0.002109 -0.009974 -0.969094 -0.009974 -0.002109 0.000000 
5.000000e-01 5.000000e-01 4.999984e-03 5.000000e-01 5.000000e-01 1.515010e+00 -0.993259 0.002102 0.009951 0.969153 0.009951 0.002102 0.993259 -0.002109 -0.009974 -0.969094 -0.009974 -0.002109 0.000000 
5.000000e-01 5.000000e-01 4.999984e-03 5.000000e-01 5.000000e-01 1.515010e+00 -0.993259 0.002102 0.009951 0.969153 0.009951 0.002102 0.993259 -0.002109 -0.009974 -0.969094 -0.009974 -0.002109 0.000000 
5.000000e-01 5.000000e-01 4.999984e-03 5.000000e-01 5.000000e-01 1.515010e+00 -0.993259 0.002102 0.009951 0.969153 0.009951 0.002102 0.993259 -0.002109 -0.009974 -0.969094 -0.009974 -0.002109 0.000000 
5.000000e-01 5.000000e-01 4.999984e-03 5.000000e-01 5.000000e-01 1.515010e+00 -0.993259 0.002102 0.009951 0.969153 0.009951 0.002102 0.993259 -0.002109 -0.009974 -0.969094 -0.009974 -0.002109 0.000000 
5.000000e-01 5.000000e-01 4.999984e-03 5.000000e-01 5.000000e-01 1.515010e+00 -0.993259 0.002102 0.009951 0.969153 0.009951 0.002102 0.993259 -0.002109 -0.009974 -0.969094 -0.009974 -0.002109 0.000000 
5.000000e-01 5.000000e-01 4.999984e-03 5.000000e-01 5.000000e-01 1.515010e+00 -0.993259 0.002102 0.009951 0.969153 0.009951 0.002102 0.993259 -0.002109 -0.009974 -0.969094 -0.009974 -0.002109 0.000000 
5.000000e-01 5.000000e-01 4.999984e-03 5.000000e-01 5.000000e-01 1.515010e+00 -0.993259 0.002102 0.009951 0.969153 0.009951 0.002102 0.993259 -0.002109 -0.009974 -0.969094 -0.009974 -0.002109 0.000000 
5.000000e-01 5.000000e-01 4.999984e-03 5.000000e-01 5.000000e-01 1.515010e+00 -0.993259 0.002102 0.009951 0.969153 0.009951 0.002102 0.993259 -0.002109 -0.009974 -0.969094 -0.009974 -0.002109 0.000000 
5.000000e-01 5.000000e-01 4.999984e-03 5.000000e-01 5.000000e-01 1.515010e+00 -0.993259 0.002102 0.009951 0.969153 0.009951 0.002102 0.993259 -0.002109 -0.009974 -0.969094 -0.009974 -0.002109 0.000000 
5.000000e-01 5.000000e-01 4.999984e-03 5.000000e-01 5.000000e-01 1.515010e+00 -0.993259 0.002102 0.009951 0.969153 0.009951 0.002102 0.993259 -0.002109 -0.009974 -0.969094 -0.009974 -0.002109 0.000000 
5.000000e-01 5.000000e-01 4.999984e-03 5.000000e-01 5.000000e-01 1.515010e+00 -0.993259 0.002102 0.009951 0.969153 0.009951 0.002102 0.993259 -0.002109 -0.009974 -0.969094 -0.009974 -0.002109 0.000000 
5.000000e-01 5.000000e-01 4.999984e-03 5.000000e-01 5.000000e-01 1.515010e+00 -0.993259 0.002102 0.009951 0.969153 0.009951 0.002102 0.993259 -0.002109 -0.009974 -0.969094 -0.009974 -0.002109 0.000000 
5.000000e-01 5.000000e-01 4.999984e-03 5.000000e-01 5.000000e-01 1.515010e+00 -0.993259 0.002102 0.009951 0.969153 0.009951 0.002102 0.993259 -0.002109 -0.009974 -0.969094 -0.009974 -0.002109 0.000000 
5.000000e-01 5.000000e-01 4.999984e-03 5.000000e-01 5.000000e-01 1.515010e+00 -0.993259 0.002102 0.009951 0.969153 0.009951 0.002102 0.993259 -0.002109 -0.009974 -0.969094 -0.009974 -0.002109 0.000000 
5.000000e-01 5.000000e-01 4.999984e-03 5.000000e-01 5.000000e-01 1.515010e+00 -0.993259 0.002102 0.009951 0.969153 0.009951 0.002102 0.993259 -0.002109 -0.009974 -0.969094 -0.009974 -0.002109 0.000000 
5.000000e-01 5.000000e-01 4.999984e-03 5.000000e-01 5.000000e-01 1.515010e+00 -0.993259 0.002102 0.009951 0.969153 0.009951 0.002102 0.993259 -0.002109 -0.009974 -0.969094 -0.009974 -0.002109 0.000000 
5.000000e-01 5.000000e-01 4.999984e-03 5.000000e-01 5.000000e-01 1.515010e+00 -0.993259 0.002102 0.009951 0.969153 0.009951 0.002102 0.993259 -0.002109 -0.009974 -0.969094 -0.009974 -0.002109 0.000000 
5.000000e-01 5.000000e-01 4.999984e-03 5.000000e-01 5.000000e-01 1.515010e+00 -0.993259 0.002102 0.009951 0.969153 0.009951 0.002102 0.993259 -0.002109 -0.009974 -0.969094 -0.009974 -0.002109 0.000000 
5.000000e-01 5.000000e-01 4.999984e-03 5.000000e-01 5.000000e-01 1.515010e+00 -0.993259 0.002102 0.009951 0.969153 0.009951 0.002102 0.993259 -0.002109 -0.009974 -0.969094 -0.009974 -0.002109 0.000000 
5.000000e-01 5.000000e-01 4.999984e-03 5.000000e-01 5.000000e-01 1.515010e+00 -0.993259 0.002102 0.009951 0.969153 0.009951 0.002102 0.993259 -0.002109 -0.009974 -0.969094 -0.009974 -0.002109 0.000000 
5.000000e-01 5.000000e-01 4.999984e-03 5.000000e-01 5.000000e-01 1.515010e+00 -0.993259 0.002102 0.009951 0.969153 0.009951 0.002102 0.993259 -0.002109 -0.009974 -0.969094 -0.009974 -0.002109 0.000000 
5.000000e-01 5.000000e-01 4.999984e-03 5.000000e-01 5.000000e-01 1.515010e+00 -0.993259 0.002102 0.009951 0.969153 0.009951 0.002102 0.993259 -0.002109 -0.009974 -0.969094 -0.009974 -0.002109 0.000000 
5.000000e-01 5.000000e-01 4.999984e-03 5.000000e-01 5.000000e-01 1.515010e+00 -0.993259 0.002102 0.009951 0.969153 0.009951 0.002102 0.993259 -0.002109 -0.009974 -0.969094 -0.009974 -0.002109 0.000000 
5.000000e-01 5.000000e-01 4.999984e-03 5.000000e-01 5.000000e-01 1.515010e+00 -0.993259 0.002102 0.009951 0.969153 0.009951 0.002102 0.993259 -0.002109 -0.009974 -0.969094 -0.009974 -0.002109 0.000000 
5.000000e-01 5.000000e-01 4.999984e-03 5.000000e-01 5.000000e-01 1.515010e+00 -0.993259 0.002102 0.009951 0.969153 0.009951 0.002102 0.993259 -0.002109 -0.009974 -0.969094 -0.009974 -0.002109 0.000000 
5.000000e-01 5.000000e-01 4.999984e-03 5.000000e-01 5.000000e-01 1.515010e+00 -0.993259 0.002102 0.009951 0.969153 0.009951 0.002102 0.993259 -0.002109 -0.009974 -0.969094 -0.009974 -0.002109 0.000000 
5.000000e-01 5.000000e-01 4.999984e-03 5.000000e-01 5.000000e-01 1.515010e+00 -0.993259 0.002102 0.009951 0.969153 0.009951 0.002102 0.993259 -0.002109 -0.009974 -0.969094 -0.009974 -0.002109 0.000000 
5.000000e-01 5.000000e-01 4.999984e-03 5.000000e-01 5.000000e-01 1.515010e+00 -0.993259 0.002102 0.009951 0.969153 0.009951 0.002102 0.993259 -0.002109 -0.009974 -0.969094 -0.009974 -0.002109 0.000000 
5.000000e-01 5.000000e-01 4.999984e-03 5.000000e-01 5.000000e-01 1.515010e+00 -0.993259 0.002102 0.009951 0.969153 0.009951 0.002102 0.993259 -0.002109 -0.009974 -0.969094 -0.009974 -0.002109 0.000000 
5.000000e-01 5.000000e-01 4.999984e-03 5.000000e-01 5.000000e-01 1.515010e+00 -0.993259 0.002102 0.009951 0.969153 0.009951 0.002102 0.993259 -0.002109 -0.009974 -0.969094 -0.009974 -0.002109 0.000000 
5.000000e-01 5.000000e-01 4.999984e-03 5.000000e-01 5.000000e-01 1.515010e+00 -0.993259 0.002102 0.009951 0.969153 0.009951 0.002102 0.993259 -0.002109 -0.009974 -0.969094 -0.009974 -0.002109 0.000000 
5.000000e-01 5.000000e-01 4.999984e-03 5.000000e-01 5.000000e-01 1.515010e+00 -0.993259 0.002102 0.009951 0.969153 0.009951 0.002102 0.993259 -0.002109 -0.009974 -0.969094 -0.009974 -0.002109 0.000000 
5.000000e-01 5.000000e-01 4.999984e-03 5.000000e-01 5.000000e-01 1.515010e+00 -0.993259 0.002102 0.009951 0.969153 0.009951 0.002102 0.993259 -0.002109 -0.009974 -0.969094 -0.009974 -0.002109 0.000000 
5.000000e-01 5.000000e-01 4.999984e-03 5.000000e-01 5.000000e-01 1.515010e+00 -0.993259 0.002102 0.009951 0.969153 0.009951 0.002102 0.993259 -0.002109 -0.009974 -0.969094 -0.009974 -0.002109 0.000000 
5.000000e-01 5.000000e-01 4.999984e-03 5.000000e-01 5.000000e-01 1.515010e+00 -0.993259 0.002102 0.009951 0.969153 0.009951 0.002102 0.993259 -0.002109 -0.009974 -0.969094 -0.009974 -0.002109 0.000000 
5.000000e-01 5.000000e-01 4.999984e-03 5.000000e-01 5.000000e-01 1.515010e+00 -0.993259 0.002102 0.009951 0.969153 0.009951 0.002102 0.993259 -0.002109 -0.009974 -0.969094 -0.009974 -0.002109 0.000000 
5.000000e-01 5.000000e-01 4.999984e-03 5.000000e-01 5.000000e-01 1.515010e+00 -0.993259 0.002102 0.009951 0.969153 0.009951 0.002102 0.993259 -0.002109 -0.009974 -0.969094 -0.009974 -0.002109 0.000000 
5.000000e-01 5.000000e-01 4.999984e-03 5.000000e-01 5.000000e-01 1.515010e+00 -0.993259 0.002102 0.009951 0.969153 0.009951 0.002102 0.993259 -0.002109 -0.009974 -0.969094 -0.009974 -0.002109 0.000000 
5.000000e-01 5.000000e-01 4.999984e-03 5.000000e-01 5.000000e-01 1.515010e+00 -0.993259 0.002102 0.009951 0.969153 0.009951 0.002102 0.993259 -0.002109 -0.009974 -0.969094 -0.009974 -0.002109 0.000000 
5.000000e-01 5.000000e-01 4.999984e-03 5.000000e-01 5.000000e-01 1.515010e+00 -0.993259 0.002102 0.009951 0.969153 0.009951 0.002102 0.993259 -0.002109 -0.009974 -0.969094 -0.009974 -0.002109 0.000000 
5.000000e-01 5.000000e-01 4.999984e-03 5.000000e-01 5.000000e-01 1.515010e+00 -0.993259 0.002102 0.009951 0.969153 0.009951 0.002102 0.993259 -0.002109 -0.009974 -0.969094 -0.009974 -0.002109 0.000000 
5.000000e-01 5.000000e-01 4.999984e-03 5.000000e-01 5.000000e-01 1.515010e+00 -0.993259 0.002102 0.009951 0.969153 0.009951 0.002102 0.993259 -0.002109 -0.009974 -0.969094 -0.009974 -0.002109 0.000000 
5.000000e-01 5.000000e-01 4.999984e-03 5.000000e-01 5.000000e-01 1.515010e+00 -0.993259 0.002102 0.009951 0.969153 0.009951 0.002102 0.993259 -0.002109 -0.009974 -0.969094 -0.009974 -0.002109 0.000000 
5.000000e-01 5.000000e-01 4.999984e-03 5.000000e-01 5.000000e-01 1.515010e+00 -0.993259 0.002102 0.009951 0.969153 0.009951 0.002102 0.993259 -0.002109 -0.009974 -0.969094 -0.009974 -0.002109 0.000000 
5.000000e-01 5.000000e-01 4.999984e-03 5.000000e-01 5.000000e-01 1.515010e+00 -0.993259 0.002102 0.009951 0.969153 0.009951 0.002102 0.993259 -0.002109 -0.009974 -0.969094 -0.009974 -0.002109 0.000000 
5.000000e-01 5.000000e-01 4.999984e-03 5.000000e-01 5.000000e-01 1.515010e+00 -0.993259 0.002102 0.009951 0.969153 0.009951 0.002102 0.993259 -0.002109 -0.009974 -0.969094 -0.009974 -0.002109 0.000000 
5.000000e-01 5.000000e-01 4.999984e-03 5.000000e-01 5.000000e-01 1.515010e+00 -0.993259 0.002102 0.009951 0.969153 0.009951 0.002102 0.993259 -0.002109 -0.009974 -0.969094 -0.009974 -0.002109 0.000000 
5.000000e-01 5.000000e-01 4.999984e-03 5.000000e-01 5.000000e-01 1.515010e+00 -0.993259 0.002102 0.009951 0.969153 0.009951 0.002102 0.993259 -0.002109 -0.009974 -0.969094 -0.009974 -0.002109 0.000000 
5.000000e-01 5.000000e-01 4.999984e-03 5.000000e-01 5.000000e-01 1.515010e+00 -0.993259 0.002102 0.009951 0.969153 0.009951 0.002102 0.993259 -0.002109 -0.009974 -0.969094 -0.009974 -0.002109 0.000000 
5.000000e-01 5.000000e-01 4.999984e-03 5.000000e-01 5.000000e-01 1.515010e+00 -0.993259 0.002102 0.009951 0.969153 0.009951 0.002102 0.993259 -0.002109 -0.009974 -0.969094 -0.009974 -0.002109 0.000000 
5.000000e-01 5.000000e-01 4.999984e-03 5.000000e-01 5.000000e-01 1.515010e+00 -0.993259 0.002102 0.009951 0.969153 0.009951 0.002102 0.993259 -0.002109 -0.009974 -0.969094 -0.009974 -0.002109 0.000000 
5.000000e-01 5.000000e-01 4.999984e-03 5.000000e-01 5.000000e-01 1.515010e+00 -0.993259 0.002102 0.009951 0.969153 0.009951 0.002102 0.993259 -0.002109 -0.009974 -0.969094 -0.009974 -0.002109 0.000000 
5.000000e-01 5.000000e-01 4.999984e-03 5.000000e-01 5.000000e-01 1.515010e+00 -0.993259 0.002102 0.009951 0.969153 0.009951 0.002102 0.993259 -0.002109 -0.009974 -0.969094 -0.009974 -0.002109 0.000000 
5.000000e-01 5.000000e-01 4.999984e-03 5.000000e-01 5.000000e-01 1.515010e+00 -0.993259 0.002102 0.009951 0.969153 0.009951 0.002102 0.993259 -0.002109 -0.009974 -0.969094 -0.009974 -0.002109 0.000000 
5.000000e-01 5.000000e-01 4.999984e-03 5.000000e-01 5.000000e-01 1.515010e+00 -0.993259 0.002102 0.009951 0.969153 0.009951 0.002102 0.993259 -0.002109 -0.009974 -0.969094 -0.009974 -0.002109 0.000000 
5.000000e-01 5.000000e-01 4.999984e-03 5.000000e-01 5.000000e-01 1.515010e+00 -0.993259 0.002102 0.009951 0.969153 0.009951 0.002102 0.993259 -0.002109 -0.009974 -0.969094 -0.009974 -0.002109 0.000000 
5.000000e-01 5.000000e-01 4.999984e-03 5.000000e-01 5.000000e-01 1.515010e+00 -0.993259 0.002102 0.009951 0.969153 0.009951 0.002102 0.993259 -0.002109 -0.009974 -0.969094 -0.009974 -0.002109 0.000000 
5.000000e-01 5.000000e-01 4.999984e-03 5.000000e-01 5.000000e-01 1.515010e+00 -0.993259 0.002102 0.009951 0.969153 0.009951 0.002102 0.993259 -0.002109 -0.009974 -0.969094 -0.009974 -0.002109 0.000000 
5.000000e-01 5.000000e-01 4.999984e-03 5.000000e-01 5.000000e-01 1.515010e+00 -0.993259 0.002102 0.009951 0.969153 0.009951 0.002102 0.993259 -0.002109 -0.009974 -0.969094 -0.009974 -0.002109 0.000000 
5.000000e-01 5.000000e-01 4.999984e-03 5.000000e-01 5.000000e-01 1.515010e+00 -0.993259 0.002102 0.009951 0.969153 0.009951 0.002102 0.993259 -0.002109 -0.009974 -0.969094 -0.009974 -0.002109 0.000000 
5.000000e-01 5.000000e-01 4.999984e-03 5.000000e-01 5.000000e-01 1.515010e+00 -0.993259 0.002102 0.009951 0.969153 0.009951 0.002102 0.993259 -0.002109 -0.009974 -0.969094 -0.009974 -0.002109 0.000000 
5.000000e-01 5.000000e-01 4.999984e-03 5.000000e-01 5.000000e-01 1.515010e+00 -0.993259 0.002102 0.009951 0.969153 0.009951 0.002102 0.993259 -0.002109 -0.009974 -0.969094 -0.009974 -0.002109 0.000000 
5.000000e-01 5.000000e-01 4.999984e-03 5.000000e-01 5.000000e-01 1.515010e+00 -0.993259 0.002102 0.009951 0.969153 0.009951 0.002102 0.993259 -0.002109 -0.009974 -0.969094 -0.009974 -0.002109 0.000000 
5.000000e-01 5.000000e-01 4.999984e-03 5.000000e-01 5.000000e-01 1.515010e+00 -0.993259 0.002102 0.009951 0.969153 0.009951 0.002102 0.993259 -0.002109 -0.009974 -0.969094 -0.009974 -0.002109 0.000000 
5.000000e-01 5.000000e-01 4.999984e-03 5.000000e-01 5.000000e-01 1.515010e+00 -0.993259 0.002102 0.009951 0.969153 0.009951 0.002102 0.993259 -0.002109 -0.009974 -0.969094 -0.009974 -0.002109 0.000000 
5.000000e-01 5.000000e-01 4.999984e-03 5.000000e-01 5.000000e-01 1.515010e+00 -0.993259 0.002102 0.009951 0.969153 0.009951 0.002102 0.993259 -0.002109 -0.009974 -0.969094 -0.009974 -0.002109 0.000000 
5.000000e-01 5.000000e-01 4.999984e-03 5.000000e-01 5.000000e-01 1.515010e+00 -0.993259 0.002102 0.009951 0.969153 0.009951 0.002102 0.993259 -0.002109 -0.009974 -0.969094 -0.009974 -0.002109 0.000000 
5.000000e-01 5.000000e-01 4.999984e-03 5.000000e-01 5.000000e-01 1.515010e+00 -0.993259 0.002102 0.009951 0.969153 0.009951 0.002102 0.993259 -0.002109 -0.009974 -0.969094 -0.009974 -0.002109 0.000000 
5.000000e-01 5.000000e-01 4.999984e-03 5.000000e-01 5.000000e-01 1.515010e+00 -0.993259 0.002102 0.009951 0.969153 0.009951 0.002102 0.993259 -0.002109 -0.009974 -0.969094 -0.009974 -0.002109 0.000000 
5.000000e-01 5.000000e-01 4.999984e-03 5.000000e-01 5.000000e-01 1.515010e+00 -0.993259 0.002102 0.009951 0.969153 0.009951 0.002102 0.993259 -0.002109 -0.009974 -0.969094 -0.009974 -0.002109 0.000000 
5.000000e-01 5.000000e-01 4.999984e-03 5.000000e-01 5.000000e-01 1.515010e+00 -0.993259 0.002102 0.009951 0.969153 0.009951 0.002102 0.993259 -0.002109 -0.009974 -0.969094 -0.009974 -0.002109 0.000000 
5.000000e-01 5.000000e-01 4.999984e-03 5.000000e-01 5.000000e-01 1.515010e+00 -0.993259 0.002102 0.009951 0.969153 0.009951 0.002102 0.993259 -0.002109 -0.009974 -0.969094 -0.009974 -0.002109 0.000000 
5.000000e-01 5.000000e-01 4.999984e-03 5.000000e-01 5.000000e-01 1.515010e+00 -0.993259 0.002102 0.009951 0.969153 0.009951 0.002102 0.993259 -0.002109 -0.009974 -0.969094 -0.009974 -0.002109 0.000000 
5.000000e-01 5.000000e-01 4.999984e-03 5.000000e-01 5.000000e-01 1.515010e+00 -0.993259 0.002102 0.009951 0.969153 0.009951 0.002102 0.993259 -0.002109 -0.009974 -0.969094 -0.009974 -0.002109 0.000000 
5.000000e-01 5.000000e-01 4.999984e-03 5.000000e-01 5.000000e-01 1.515010e+00 -0.993259 0.002102 0.009951 0.969153 0.009951 0.002102 0.993259 -0.002109 -0.009974 -0.969094 -0.009974 -0.002109 0.000000 
5.000000e-01 5.000000e-01 4.999984e-03 5.000000e-01 5.000000e-01 1.515010e+00 -0.993259 0.002102 0.009951 0.969153 0.009951 0.002102 0.993259 -0.002109 -0.009974 -0.969094 -0.009974 -0.002109 0.000000 
5.000000e-01 5.000000e-01 4.999984e-03 5.000000e-01 5.000000e-01 1.515010e+00 -0.993259 0.002102 0.009951 0.969153 0.009951 0.002102 0.993259 -0.002109 -0.009974 -0.969094 -0.009974 -0.002109 0.000000 
5.000000e-01 5.000000e-01 4.999984e-03 5.000000e-01 5.000000e-01 1.515010e+00 -0.993259 0.002102 0.009951 0.969153 0.009951 0.002102 0.993259 -0.002109 -0.009974 -0.969094 -0.009974 -0.002109 0.000000 
5.000000e-01 5.000000e-01 4.999984e-03 5.000000e-01 5.000000e-01 1.515010e+00 -0.993259 0.002102 0.009951 0.969153 0.009951 0.002102 0.993259 -0.002109 -0.009974 -0.969094 -0.009974 -0.002109 0.000000 
5.000000e-01 5.000000e-01 4.999984e-03 5.000000e-01 5.000000e-01 1.515010e+00 -0.993259 0.002102 0.009951 0.969153 0.009951 0.002102 0.993259 -0.002109 -0.009974 -0.969094 -0.009974 -0.002109 0.000000 
5.000000e-01 5.000000e-01 4.999984e-03 5.000000e-01 5.000000e-01 1.515010e+00 -0.993259 0.002102 0.009951 0.969153 0.009951 0.002102 0.993259 -0.002109 -0.009974 -0.969094 -0.009974 -0.002109 0.000000 
5.000000e-01 5.000000e-01 4.999984e-03 5.000000e-01 5.000000e-01 1.515010e+00 -0.993259 0.002102 0.009951 0.969153 0.009951 0.002102 0.993259 -0.002109 -0.009974 -0.969094 -0.009974 -0.002109 0.000000 
5.000000e-01 5.000000e-01 4.999984e-03 5.000000e-01 5.000000e-01 1.515010e+00 -0.993259 0.002102 0.009951 0.969153 0.009951 0.002102 0.993259 -0.002109 -0.009974 -0.969094 -0.009974 -0.002109 0.000000 
5.000000e-01 5.000000e-01 4.999984e-03 5.000000e-01 5.000000e-01 1.515010e+00 -0.993259 0.002102 0.009951 0.969153 0.009951 0.002102 0.993259 -0.002109 -0.009974 -0.969094 -0.009974 -0.002109 0.000000 
5.000000e-01 5.000000e-01 4.999984e-03 5.000000e-01 5.000000e-01 1.515010e+00 -0.993259 0.002102 0.009951 0.969153 0.009951 0.002102 0.993259 -0.002109 -0.009974 -0.969094 -0.009974 -0.002109 0.000000 
5.000000e-01 5.000000e-01 4.999984e-03 5.000000e-01 5.000000e-01 1.515010e+00 -0.993259 0.002102 0.009951 0.969153 0.009951 0.002102 0.993259 -0.002109 -0.009974 -0.969094 -0.009974 -0.002109 0.000000 
5.000000e-01 5.000000e-01 4.999984e-03 5.000000e-01 5.000000e-01 1.515010e+00 -0.993259 0.002102 0.009951 0.969153 0.009951 0.002102 0.993259 -0.002109 -0.009974 -0.969094 -0.009974 -0.002109 0.000000 
5.000000e-01 5.000000e-01 4.999984e-03 5.000000e-01 5.000000e-01 1.515010e+00 -0.993259 0.002102 0.009951 0.969153 0.009951 0.002102 0.993259 -0.002109 -0.009974 -0.969094 -0.009974 -0.002109 0.000000 
5.000000e-01 5.000000e-01 4.999984e-03 5.000000e-01 5.000000e-01 1.515010e+00 -0.993259 0.002102 0.009951 0.969153 0.009951 0.002102 0.993259 -0.002109 -0.009974 -0.969094 -0.009974 -0.002109 0.000000 
5.000000e-01 5.000000e-01 4.999984e-03 5.000000e-01 5.000000e-01 1.515010e+00 -0.993259 0.002102 0.009951 0.969153 0.009951 0.002102 0.993259 -0.002109 -0.009974 -0.969094 -0.009974 -0.002109 0.000000 
5.000000e-01 5.000000e-01 4.999984e-03 5.000000e-01 5.000000e-01 1.515010e+00 -0.993259 0.002102 0.009951 0.969153 0.009951 0.002102 0.993259 -0.002109 -0.009974 -0.969094 -0.009974 -0.002109 0.000000 
5.000000e-01 5.000000e-01 4.999984e-03 5.000000e-01 5.000000e-01 1.515010e+00 -0.993259 0.002102 0.009951 0.969153 0.009951 0.002102 0.993259 -0.002109 -0.009974 -0.969094 -0.009974 -0.002109 0.000000 
5.000000e-01 5.000000e-01 4.999984e-03 5.000000e-01 5.000000e-01 1.515010e+00 -0.993259 0.002102 0.009951 0.969153 0.009951 0.002102 0.993259 -0.002109 -0.009974 -0.969094 -0.009974 -0.002109 0.000000 
5.000000e-01 5.000000e-01 4.999984e-03 5.000000e-01 5.000000e-01 1.515010e+00 -0.993259 0.002102 0.009951 0.969153 0.009951 0.002102 0.993259 -0.002109 -0.009974 -0.969094 -0.009974 -0.002109 0.000000 
5.000000e-01 5.000000e-01 4.999984e-03 5.000000e-01 5.000000e-01 1.515010e+00 -0.993259 0.002102 0.009951 0.969153 0.009951 0.002102 0.993259 -0.002109 -0.009974 -0.969094 -0.009974 -0.002109 0.000000 
