# TeX TeY TeZ ThX ThY THZ P1 P2
5.000000e-01 5.000000e-01 2.500000e-01 5.000000e-01 5.000000e-01 2.500000e-01 0.000000 0.000000 0.000000 0.000000 0.000000 0.000000 0.000000 0.000000 0.000000 0.000000 0.000000 0.000000 0.000000 
5.000000e-01 5.000000e-01 2.369922e-01 5.000000e-01 5.000000e-01 2.590306e-01 -0.014461 0.002623 0.003067 0.003082 0.003067 0.002623 0.014461 0.004243 -0.002004 -0.018939 -0.002004 0.004243 0.000000 
5.000000e-01 5.000000e-01 2.239533e-01 5.000000e-01 5.000000e-01 2.680527e-01 -0.028938 0.005248 0.006137 0.006168 0.006137 0.005248 0.028938 0.008628 -0.003814 -0.038567 -0.003814 0.008628 0.000000 
5.000000e-01 5.000000e-01 2.108835e-01 5.000000e-01 5.000000e-01 2.770661e-01 -0.043429 0.007876 0.009210 0.009256 0.009210 0.007876 0.043429 0.013171 -0.005350 -0.059071 -0.005350 0.013171 0.000000 
5.000000e-01 5.000000e-01 1.977830e-01 5.000000e-01 5.000000e-01 2.860709e-01 -0.057935 0.010507 0.012286 0.012347 0.012286 0.010507 0.057935 0.017922 -0.006448 -0.080883 -0.006448 0.017922 0.000000 
5.000000e-01 5.000000e-01 1.846518e-01 5.000000e-01 5.000000e-01 2.950670e-01 -0.072456 0.013142 0.015366 0.015442 0.015366 0.013142 0.072456 0.022872 -0.007016 -0.104167 -0.007016 0.022872 0.000000 
5.000000e-01 5.000000e-01 1.714899e-01 5.000000e-01 5.000000e-01 3.040543e-01 -0.086994 0.015778 0.018449 0.018540 0.018449 0.015778 0.086994 0.028015 -0.006951 -0.129121 -0.006951 0.028015 0.000000 
5.000000e-01 5.000000e-01 1.582972e-01 5.000000e-01 5.000000e-01 3.130328e-01 -0.101548 0.018418 0.021535 0.021641 0.021535 0.018418 0.101548 0.033390 -0.005999 -0.156328 -0.005999 0.033390 0.000000 
5.000000e-01 5.000000e-01 1.450734e-01 5.000000e-01 5.000000e-01 3.220023e-01 -0.116119 0.021061 0.024625 0.024747 0.024625 0.021061 0.116119 0.038999 -0.003953 -0.186211 -0.003953 0.038999 0.000000 
5.000000e-01 5.000000e-01 1.318182e-01 5.000000e-01 5.000000e-01 3.309628e-01 -0.130711 0.023708 0.027719 0.027856 0.027719 0.023708 0.130710 0.044820 -0.000680 -0.218991 -0.000680 0.044820 0.000000 
5.000000e-01 5.000000e-01 1.185307e-01 5.000000e-01 5.000000e-01 3.399143e-01 -0.145324 0.026358 0.030819 0.030971 0.030819 0.026358 0.145324 0.050876 0.004217 -0.255512 0.004217 0.050876 0.000000 
5.000000e-01 5.000000e-01 1.052100e-01 5.000000e-01 5.000000e-01 3.488567e-01 -0.159964 0.029012 0.033924 0.034092 0.033924 0.029012 0.159964 0.057162 0.011114 -0.296516 0.011114 0.057162 0.000000 
5.000000e-01 5.000000e-01 9.185434e-02 5.000000e-01 5.000000e-01 3.577898e-01 -0.174635 0.031672 0.037035 0.037220 0.037035 0.031672 0.174635 0.063652 0.020145 -0.342228 0.020145 0.063652 0.000000 
5.000000e-01 5.000000e-01 7.846190e-02 5.000000e-01 5.000000e-01 3.667136e-01 -0.189344 0.034339 0.040155 0.040356 0.040155 0.034339 0.189344 0.070359 0.031872 -0.393805 0.031872 0.070359 0.000000 
5.000000e-01 5.000000e-01 6.503041e-02 5.000000e-01 5.000000e-01 3.756281e-01 -0.204100 0.037013 0.043285 0.043504 0.043285 0.037013 0.204100 0.077273 0.046697 -0.452041 0.046697 0.077273 0.000000 
5.000000e-01 5.000000e-01 5.155750e-02 5.000000e-01 5.000000e-01 3.845332e-01 -0.218908 0.039697 0.046426 0.046662 0.046426 0.039697 0.218908 0.084353 0.064541 -0.516696 0.064541 0.084353 0.000000 
5.000000e-01 5.000000e-01 3.804166e-02 5.000000e-01 5.000000e-01 3.934288e-01 -0.233779 0.042391 0.049580 0.049835 0.049580 0.042391 0.233778 0.091595 0.085776 -0.588522 0.085776 0.091595 0.000000 
5.000000e-01 5.000000e-01 2.448316e-02 5.000000e-01 5.000000e-01 4.023147e-01 -0.248711 0.045096 0.052748 0.053022 0.052748 0.045096 0.248711 0.098960 0.110040 -0.666711 0.110040 0.098960 0.000000 
5.000000e-01 5.000000e-01 1.088531e-02 5.000000e-01 5.000000e-01 4.111911e-01 -0.263693 0.047810 0.055926 0.056221 0.055926 0.047810 0.263693 0.106392 0.136451 -0.749380 0.136451 0.106392 0.000000 
5.000000e-01 5.000000e-01 4.999866e-03 5.000000e-01 5.000000e-01 4.200576e-01 -0.273483 0.049578 0.058005 0.058317 0.058005 0.049578 0.273483 0.109625 0.147542 -0.787819 0.147542 0.109625 0.000000 
5.000000e-01 5.000000e-01 4.999866e-03 5.000000e-01 5.000000e-01 4.289144e-01 -0.279296 0.050622 0.059241 0.059570 0.059241 0.050622 0.279296 0.109594 0.146107 -0.790699 0.146107 0.109594 0.000000 
5.000000e-01 5.000000e-01 4.999866e-03 5.000000e-01 5.000000e-01 4.377612e-01 -0.285103 0.051664 0.060476 0.060823 0.060476 0.051664 0.285103 0.109512 0.144676 -0.793478 0.144676 0.109512 0.000000 
5.000000e-01 5.000000e-01 4.999866e-03 5.000000e-01 5.000000e-01 4.465980e-01 -0.290903 0.052703 0.061710 0.062076 0.061710 0.052703 0.290903 0.109380 0.143251 -0.796164 0.143251 0.109380 0.000000 
5.000000e-01 5.000000e-01 4.999866e-03 5.000000e-01 5.000000e-01 4.554248e-01 -0.296697 0.053741 0.062943 0.063329 0.062943 0.053741 0.296696 0.109201 0.141831 -0.798761 0.141831 0.109201 0.000000 
5.000000e-01 5.000000e-01 4.999866e-03 5.000000e-01 5.000000e-01 4.642414e-01 -0.302484 0.054776 0.064175 0.064582 0.064175 0.054776 0.302483 0.108978 0.140419 -0.801276 0.140419 0.108978 0.000000 
5.000000e-01 5.000000e-01 4.999866e-03 5.000000e-01 5.000000e-01 4.730478e-01 -0.308264 0.055809 0.065405 0.065834 0.065405 0.055809 0.308264 0.108712 0.139013 -0.803714 0.139013 0.108712 0.000000 
5.000000e-01 5.000000e-01 4.999866e-03 5.000000e-01 5.000000e-01 4.818438e-01 -0.314037 0.056840 0.066635 0.067087 0.066635 0.056840 0.314037 0.108407 0.137614 -0.806079 0.137614 0.108407 0.000000 
5.000000e-01 5.000000e-01 4.999866e-03 5.000000e-01 5.000000e-01 4.906294e-01 -0.319804 0.057868 0.067864 0.068340 0.067864 0.057868 0.319804 0.108064 0.136222 -0.808376 0.136222 0.108064 0.000000 
5.000000e-01 5.000000e-01 4.999866e-03 5.000000e-01 5.000000e-01 4.994046e-01 -0.325564 0.058894 0.069091 0.069593 0.069091 0.058894 0.325564 0.107683 0.134837 -0.810604 0.134837 0.107683 0.000000 
5.000000e-01 5.000000e-01 4.999866e-03 5.000000e-01 5.000000e-01 5.081691e-01 -0.331317 0.059917 0.070318 0.070847 0.070318 0.059917 0.331317 0.107265 0.133461 -0.812769 0.133461 0.107265 0.000000 
5.000000e-01 5.000000e-01 4.999866e-03 5.000000e-01 5.000000e-01 5.169229e-01 -0.337063 0.060937 0.071543 0.072102 0.071543 0.060937 0.337063 0.106815 0.132092 -0.814877 0.132092 0.106815 0.000000 
5.000000e-01 5.000000e-01 4.999866e-03 5.000000e-01 5.000000e-01 5.256660e-01 -0.342802 0.061955 0.072768 0.073356 0.072768 0.061955 0.342802 0.106336 0.130730 -0.816934 0.130730 0.106336 0.000000 
5.000000e-01 5.000000e-01 4.999866e-03 5.000000e-01 5.000000e-01 5.343981e-01 -0.348533 0.062970 0.073991 0.074612 0.073991 0.062970 0.348533 0.105828 0.129376 -0.818941 0.129376 0.105828 0.000000 
5.000000e-01 5.000000e-01 4.999866e-03 5.000000e-01 5.000000e-01 5.431193e-01 -0.354258 0.063982 0.075213 0.075868 0.075213 0.063982 0.354258 0.105293 0.128029 -0.820902 0.128029 0.105293 0.000000 
5.000000e-01 5.000000e-01 4.999866e-03 5.000000e-01 5.000000e-01 5.518295e-01 -0.359976 0.064990 0.076435 0.077125 0.076435 0.064990 0.359975 0.104733 0.126689 -0.822819 0.126689 0.104733 0.000000 
5.000000e-01 5.000000e-01 4.999866e-03 5.000000e-01 5.000000e-01 5.605285e-01 -0.365686 0.065996 0.077655 0.078383 0.077655 0.065996 0.365686 0.104148 0.125356 -0.824694 0.125356 0.104148 0.000000 
5.000000e-01 5.000000e-01 4.999866e-03 5.000000e-01 5.000000e-01 5.692162e-01 -0.371388 0.066998 0.078875 0.079642 0.078875 0.066998 0.371388 0.103539 0.124030 -0.826527 0.124030 0.103539 0.000000 
5.000000e-01 5.000000e-01 4.999866e-03 5.000000e-01 5.000000e-01 5.778925e-01 -0.377084 0.067997 0.080093 0.080902 0.080093 0.067997 0.377084 0.102907 0.122711 -0.828321 0.122711 0.102907 0.000000 
5.000000e-01 5.000000e-01 4.999866e-03 5.000000e-01 5.000000e-01 5.865574e-01 -0.382772 0.068993 0.081311 0.082164 0.081311 0.068993 0.382771 0.102256 0.121399 -0.830081 0.121399 0.102256 0.000000 
5.000000e-01 5.000000e-01 4.999866e-03 5.000000e-01 5.000000e-01 5.952108e-01 -0.388452 0.069984 0.082528 0.083427 0.082528 0.069984 0.388452 0.101585 0.120093 -0.831809 0.120093 0.101585 0.000000 
5.000000e-01 5.000000e-01 4.999866e-03 5.000000e-01 5.000000e-01 6.038524e-01 -0.394124 0.070972 0.083744 0.084692 0.083744 0.070972 0.394124 0.100897 0.118794 -0.833506 0.118794 0.100897 0.000000 
5.000000e-01 5.000000e-01 4.999866e-03 5.000000e-01 5.000000e-01 6.124824e-01 -0.399789 0.071956 0.084959 0.085958 0.084959 0.071956 0.399789 0.100192 0.117500 -0.835174 0.117500 0.100192 0.000000 
5.000000e-01 5.000000e-01 4.999866e-03 5.000000e-01 5.000000e-01 6.211004e-01 -0.405447 0.072937 0.086173 0.087227 0.086173 0.072937 0.405446 0.099471 0.116213 -0.836815 0.116213 0.099471 0.000000 
5.000000e-01 5.000000e-01 4.999866e-03 5.000000e-01 5.000000e-01 6.297064e-01 -0.411096 0.073913 0.087387 0.088497 0.087387 0.073913 0.411096 0.098735 0.114932 -0.838429 0.114932 0.098735 0.000000 
5.000000e-01 5.000000e-01 4.999866e-03 5.000000e-01 5.000000e-01 6.383004e-01 -0.416737 0.074884 0.088599 0.089771 0.088599 0.074884 0.416737 0.097983 0.113656 -0.840016 0.113656 0.097983 0.000000 
5.000000e-01 5.000000e-01 4.999866e-03 5.000000e-01 5.000000e-01 6.468821e-01 -0.422371 0.075851 0.089811 0.091047 0.089811 0.075851 0.422370 0.097218 0.112387 -0.841579 0.112387 0.097218 0.000000 
5.000000e-01 5.000000e-01 4.999866e-03 5.000000e-01 5.000000e-01 6.554516e-01 -0.427996 0.076813 0.091023 0.092325 0.091023 0.076813 0.427996 0.096440 0.111122 -0.843121 0.111122 0.096440 0.000000 
5.000000e-01 5.000000e-01 4.999866e-03 5.000000e-01 5.000000e-01 6.640086e-01 -0.433613 0.077770 0.092233 0.093607 0.092233 0.077770 0.433613 0.095652 0.109863 -0.844642 0.109863 0.095652 0.000000 
5.000000e-01 5.000000e-01 4.999866e-03 5.000000e-01 5.000000e-01 6.725530e-01 -0.439222 0.078722 0.093443 0.094891 0.093443 0.078722 0.439222 0.094852 0.108609 -0.846144 0.108609 0.094852 0.000000 
5.000000e-01 5.000000e-01 4.999866e-03 5.000000e-01 5.000000e-01 6.810849e-01 -0.444823 0.079670 0.094652 0.096179 0.094652 0.079670 0.444823 0.094042 0.107359 -0.847627 0.107359 0.094042 0.000000 
5.000000e-01 5.000000e-01 4.999866e-03 5.000000e-01 5.000000e-01 6.896039e-01 -0.450415 0.080611 0.095861 0.097470 0.095861 0.080611 0.450415 0.093223 0.106115 -0.849091 0.106115 0.093223 0.000000 
5.000000e-01 5.000000e-01 4.999866e-03 5.000000e-01 5.000000e-01 6.981100e-01 -0.455999 0.081547 0.097069 0.098767 0.097069 0.081547 0.455999 0.092393 0.104876 -0.850537 0.104876 0.092393 0.000000 
5.000000e-01 5.000000e-01 4.999866e-03 5.000000e-01 5.000000e-01 7.066031e-01 -0.461574 0.082476 0.098277 0.100067 0.098277 0.082476 0.461574 0.091555 0.103641 -0.851966 0.103641 0.091555 0.000000 
5.000000e-01 5.000000e-01 4.999866e-03 5.000000e-01 5.000000e-01 7.150831e-01 -0.467141 0.083400 0.099484 0.101372 0.099484 0.083400 0.467141 0.090709 0.102411 -0.853381 0.102411 0.090709 0.000000 
5.000000e-01 5.000000e-01 4.999866e-03 5.000000e-01 5.000000e-01 7.235499e-01 -0.472699 0.084317 0.100691 0.102682 0.100691 0.084317 0.472698 0.089856 0.101186 -0.854782 0.101186 0.089856 0.000000 
5.000000e-01 5.000000e-01 4.999866e-03 5.000000e-01 5.000000e-01 7.320032e-01 -0.478248 0.085228 0.101898 0.103997 0.101898 0.085228 0.478248 0.088996 0.099964 -0.856169 0.099964 0.088996 0.000000 
5.000000e-01 5.000000e-01 4.999866e-03 5.000000e-01 5.000000e-01 7.404430e-01 -0.483788 0.086132 0.103104 0.105316 0.103104 0.086132 0.483788 0.088131 0.098747 -0.857543 0.098747 0.088131 0.000000 
5.000000e-01 5.000000e-01 4.999866e-03 5.000000e-01 5.000000e-01 7.488692e-01 -0.489319 0.087028 0.104310 0.106643 0.104310 0.087028 0.489319 0.087258 0.097534 -0.858902 0.097534 0.087258 0.000000 
5.000000e-01 5.000000e-01 4.999866e-03 5.000000e-01 5.000000e-01 7.572816e-01 -0.494842 0.087916 0.105516 0.107977 0.105516 0.087916 0.494842 0.086379 0.096325 -0.860250 0.096325 0.086379 0.000000 
5.000000e-01 5.000000e-01 4.999866e-03 5.000000e-01 5.000000e-01 7.656801e-01 -0.500355 0.088797 0.106722 0.109317 0.106722 0.088797 0.500355 0.085496 0.095119 -0.861586 0.095119 0.085496 0.000000 
5.000000e-01 5.000000e-01 4.999866e-03 5.000000e-01 5.000000e-01 7.740645e-01 -0.505859 0.089669 0.107928 0.110664 0.107928 0.089669 0.505859 0.084608 0.093918 -0.862912 0.093918 0.084608 0.000000 
5.000000e-01 5.000000e-01 4.999866e-03 5.000000e-01 5.000000e-01 7.824348e-01 -0.511353 0.090534 0.109133 0.112019 0.109133 0.090534 0.511353 0.083716 0.092721 -0.864227 0.092721 0.083716 0.000000 
5.000000e-01 5.000000e-01 4.999866e-03 5.000000e-01 5.000000e-01 7.907907e-01 -0.516839 0.091390 0.110339 0.113381 0.110339 0.091390 0.516839 0.082820 0.091527 -0.865532 0.091527 0.082820 0.000000 
5.000000e-01 5.000000e-01 4.999866e-03 5.000000e-01 5.000000e-01 7.991322e-01 -0.522314 0.092236 0.111545 0.114752 0.111545 0.092236 0.522314 0.081920 0.090337 -0.866828 0.090337 0.081920 0.000000 
5.000000e-01 5.000000e-01 4.999866e-03 5.000000e-01 5.000000e-01 8.074590e-01 -0.527781 0.093071 0.112752 0.116134 0.112752 0.093071 0.527780 0.081016 0.089150 -0.868113 0.089150 0.081016 0.000000 
5.000000e-01 5.000000e-01 4.999866e-03 5.000000e-01 5.000000e-01 8.157712e-01 -0.533237 0.093897 0.113958 0.117525 0.113958 0.093897 0.533237 0.080109 0.087967 -0.869390 0.087967 0.080109 0.000000 
5.000000e-01 5.000000e-01 4.999866e-03 5.000000e-01 5.000000e-01 8.240684e-01 -0.538684 0.094713 0.115165 0.118926 0.115165 0.094713 0.538684 0.079199 0.086788 -0.870658 0.086788 0.079199 0.000000 
5.000000e-01 5.000000e-01 4.999866e-03 5.000000e-01 5.000000e-01 8.323506e-01 -0.544121 0.095519 0.116373 0.120338 0.116373 0.095519 0.544120 0.078287 0.085612 -0.871919 0.085612 0.078287 0.000000 
5.000000e-01 5.000000e-01 4.999866e-03 5.000000e-01 5.000000e-01 8.406176e-01 -0.549547 0.096313 0.117580 0.121760 0.117580 0.096313 0.549547 0.077373 0.084439 -0.873172 0.084439 0.077373 0.000000 
5.000000e-01 5.000000e-01 4.999866e-03 5.000000e-01 5.000000e-01 8.488692e-01 -0.554964 0.097095 0.118789 0.123197 0.118789 0.097095 0.554964 0.076457 0.083269 -0.874417 0.083269 0.076457 0.000000 
5.000000e-01 5.000000e-01 4.999866e-03 5.000000e-01 5.000000e-01 8.571054e-01 -0.560371 0.097863 0.119998 0.124647 0.119998 0.097863 0.560371 0.075538 0.082103 -0.875654 0.082103 0.075538 0.000000 
5.000000e-01 5.000000e-01 4.999866e-03 5.000000e-01 5.000000e-01 8.653259e-01 -0.565767 0.098619 0.121209 0.126111 0.121209 0.098619 0.565767 0.074618 0.080941 -0.876884 0.080941 0.074618 0.000000 
5.000000e-01 5.000000e-01 4.999866e-03 5.000000e-01 5.000000e-01 8.735305e-01 -0.571153 0.099362 0.122419 0.127589 0.122419 0.099362 0.571153 0.073696 0.079781 -0.878108 0.079781 0.073696 0.000000 
5.000000e-01 5.000000e-01 4.999866e-03 5.000000e-01 5.000000e-01 8.817192e-01 -0.576528 0.100092 0.123631 0.129081 0.123631 0.100092 0.576528 0.072774 0.078625 -0.879325 0.078625 0.072774 0.000000 
5.000000e-01 5.000000e-01 4.999866e-03 5.000000e-01 5.000000e-01 8.898918e-01 -0.581893 0.100808 0.124844 0.130589 0.124844 0.100808 0.581893 0.071850 0.077471 -0.880537 0.077471 0.071850 0.000000 
5.000000e-01 5.000000e-01 4.999866e-03 5.000000e-01 5.000000e-01 8.980480e-01 -0.587247 0.101506 0.126058 0.132118 0.126058 0.101506 0.587247 0.070925 0.076321 -0.881741 0.076321 0.070925 0.000000 
5.000000e-01 5.000000e-01 4.999866e-03 5.000000e-01 5.000000e-01 9.061877e-01 -0.592590 0.102189 0.127274 0.133665 0.127274 0.102189 0.592590 0.070000 0.075174 -0.882939 0.075174 0.070000 0.000000 
5.000000e-01 5.000000e-01 4.999866e-03 5.000000e-01 5.000000e-01 9.143108e-01 -0.597922 0.102856 0.128490 0.135230 0.128490 0.102856 0.597922 0.069074 0.074031 -0.884132 0.074031 0.069074 0.000000 
5.000000e-01 5.000000e-01 4.999866e-03 5.000000e-01 5.000000e-01 9.224171e-01 -0.603243 0.103507 0.129708 0.136814 0.129708 0.103507 0.603243 0.068148 0.072890 -0.885319 0.072890 0.068148 0.000000 
5.000000e-01 5.000000e-01 4.999866e-03 5.000000e-01 5.000000e-01 9.305063e-01 -0.608553 0.104141 0.130927 0.138419 0.130927 0.104141 0.608553 0.067222 0.071752 -0.886501 0.071752 0.067222 0.000000 
5.000000e-01 5.000000e-01 4.999866e-03 5.000000e-01 5.000000e-01 9.385784e-01 -0.613852 0.104753 0.132148 0.140050 0.132148 0.104753 0.613852 0.066295 0.070617 -0.887678 0.070617 0.066295 0.000000 
5.000000e-01 5.000000e-01 4.999866e-03 5.000000e-01 5.000000e-01 9.466331e-01 -0.619139 0.105346 0.133371 0.141706 0.133371 0.105346 0.619139 0.065369 0.069486 -0.888849 0.069486 0.065369 0.000000 
5.000000e-01 5.000000e-01 4.999866e-03 5.000000e-01 5.000000e-01 9.546703e-01 -0.624415 0.105920 0.134595 0.143386 0.134595 0.105920 0.624415 0.064442 0.068357 -0.890015 0.068357 0.064442 0.000000 
5.000000e-01 5.000000e-01 4.999866e-03 5.000000e-01 5.000000e-01 9.626897e-01 -0.629679 0.106473 0.135820 0.145091 0.135820 0.106473 0.629679 0.063516 0.067232 -0.891176 0.067232 0.063516 0.000000 
5.000000e-01 5.000000e-01 4.999866e-03 5.000000e-01 5.000000e-01 9.706911e-01 -0.634931 0.107007 0.137048 0.146822 0.137048 0.107007 0.634931 0.062591 0.066109 -0.892332 0.066109 0.062591 0.000000 
5.000000e-01 5.000000e-01 4.999866e-03 5.000000e-01 5.000000e-01 9.786745e-01 -0.640172 0.107515 0.138277 0.148588 0.138277 0.107515 0.640172 0.061666 0.064990 -0.893484 0.064990 0.061666 0.000000 
5.000000e-01 5.000000e-01 4.999866e-03 5.000000e-01 5.000000e-01 9.866395e-01 -0.645400 0.107998 0.139509 0.150387 0.139509 0.107998 0.645400 0.060741 0.063874 -0.894631 0.063874 0.060741 0.000000 
5.000000e-01 5.000000e-01 4.999866e-03 5.000000e-01 5.000000e-01 9.945860e-01 -0.650616 0.108457 0.140742 0.152218 0.140742 0.108457 0.650616 0.059818 0.062760 -0.895773 0.062760 0.059818 0.000000 
5.000000e-01 5.000000e-01 4.999866e-03 5.000000e-01 5.000000e-01 1.002514e+00 -0.655820 0.108893 0.141976 0.154081 0.141976 0.108893 0.655820 0.058895 0.061650 -0.896911 0.061650 0.058895 0.000000 
5.000000e-01 5.000000e-01 4.999866e-03 5.000000e-01 5.000000e-01 1.010423e+00 -0.661011 0.109305 0.143212 0.155977 0.143212 0.109305 0.661011 0.057974 0.060543 -0.898044 0.060543 0.057974 0.000000 
5.000000e-01 5.000000e-01 4.999866e-03 5.000000e-01 5.000000e-01 1.018312e+00 -0.666190 0.109684 0.144451 0.157922 0.144451 0.109684 0.666190 0.057053 0.059439 -0.899173 0.059439 0.057053 0.000000 
5.000000e-01 5.000000e-01 4.999866e-03 5.000000e-01 5.000000e-01 1.026183e+00 -0.671356 0.110033 0.145691 0.159908 0.145691 0.110033 0.671356 0.056133 0.058338 -0.900298 0.058338 0.056133 0.000000 
5.000000e-01 5.000000e-01 4.999866e-03 5.000000e-01 5.000000e-01 1.034034e+00 -0.676509 0.110355 0.146932 0.161934 0.146932 0.110355 0.676509 0.055215 0.057240 -0.901418 0.057240 0.055215 0.000000 
5.000000e-01 5.000000e-01 4.999866e-03 5.000000e-01 5.000000e-01 1.041865e+00 -0.681649 0.110649 0.148174 0.164002 0.148174 0.110649 0.681649 0.054298 0.056145 -0.902534 0.056145 0.054298 0.000000 
5.000000e-01 5.000000e-01 4.999866e-03 5.000000e-01 5.000000e-01 1.049676e+00 -0.686776 0.110912 0.149418 0.166116 0.149418 0.110912 0.686776 0.053382 0.055053 -0.903647 0.055053 0.053382 0.000000 
5.000000e-01 5.000000e-01 4.999866e-03 5.000000e-01 5.000000e-01 1.057466e+00 -0.691890 0.111134 0.150664 0.168295 0.150664 0.111134 0.691890 0.052468 0.053964 -0.904754 0.053964 0.052468 0.000000 
5.000000e-01 5.000000e-01 4.999866e-03 5.000000e-01 5.000000e-01 1.065237e+00 -0.696990 0.111323 0.151910 0.170524 0.151910 0.111323 0.696990 0.051555 0.052879 -0.905858 0.052879 0.051555 0.000000 
5.000000e-01 5.000000e-01 4.999866e-03 5.000000e-01 5.000000e-01 1.072986e+00 -0.702077 0.111480 0.153156 0.172804 0.153156 0.111480 0.702077 0.050644 0.051796 -0.906958 0.051796 0.050644 0.000000 
5.000000e-01 5.000000e-01 4.999866e-03 5.000000e-01 5.000000e-01 1.080715e+00 -0.707149 0.111604 0.154401 0.175139 0.154401 0.111604 0.707149 0.049735 0.050717 -0.908054 0.050717 0.049735 0.000000 
5.000000e-01 5.000000e-01 4.999866e-03 5.000000e-01 5.000000e-01 1.088423e+00 -0.712208 0.111682 0.155648 0.177548 0.155648 0.111682 0.712208 0.048828 0.049641 -0.909146 0.049641 0.048828 0.000000 
5.000000e-01 5.000000e-01 4.999866e-03 5.000000e-01 5.000000e-01 1.096109e+00 -0.717253 0.111720 0.156893 0.180028 0.156893 0.111720 0.717253 0.047922 0.048568 -0.910233 0.048568 0.047922 0.000000 
5.000000e-01 5.000000e-01 4.999866e-03 5.000000e-01 5.000000e-01 1.103773e+00 -0.722283 0.111719 0.158136 0.182572 0.158136 0.111719 0.722283 0.047018 0.047499 -0.911317 0.047499 0.047018 0.000000 
5.000000e-01 5.000000e-01 4.999866e-03 5.000000e-01 5.000000e-01 1.111416e+00 -0.727299 0.111681 0.159378 0.185182 0.159378 0.111681 0.727299 0.046117 0.046432 -0.912397 0.046432 0.046117 0.000000 
5.000000e-01 5.000000e-01 4.999866e-03 5.000000e-01 5.000000e-01 1.119036e+00 -0.732301 0.111596 0.160617 0.187876 0.160617 0.111596 0.732301 0.045217 0.045369 -0.913473 0.045369 0.045217 0.000000 
5.000000e-01 5.000000e-01 4.999866e-03 5.000000e-01 5.000000e-01 1.126634e+00 -0.737287 0.111459 0.161852 0.190667 0.161852 0.111459 0.737287 0.044319 0.044310 -0.914545 0.044310 0.044319 0.000000 
5.000000e-01 5.000000e-01 4.999866e-03 5.000000e-01 5.000000e-01 1.134209e+00 -0.742259 0.111279 0.163082 0.193537 0.163082 0.111279 0.742259 0.043424 0.043253 -0.915613 0.043253 0.043424 0.000000 
5.000000e-01 5.000000e-01 4.999866e-03 5.000000e-01 5.000000e-01 1.141762e+00 -0.747216 0.111056 0.164307 0.196490 0.164307 0.111056 0.747216 0.042531 0.042200 -0.916678 0.042200 0.042531 0.000000 
5.000000e-01 5.000000e-01 4.999866e-03 5.000000e-01 5.000000e-01 1.149291e+00 -0.752157 0.110784 0.165524 0.199541 0.165524 0.110784 0.752157 0.041640 0.041151 -0.917738 0.041151 0.041640 0.000000 
5.000000e-01 5.000000e-01 4.999866e-03 5.000000e-01 5.000000e-01 1.156796e+00 -0.757083 0.110449 0.166733 0.202720 0.166733 0.110449 0.757083 0.040751 0.040104 -0.918794 0.040104 0.040751 0.000000 
5.000000e-01 5.000000e-01 4.999866e-03 5.000000e-01 5.000000e-01 1.164278e+00 -0.761993 0.110067 0.167931 0.205997 0.167931 0.110067 0.761993 0.039865 0.039062 -0.919847 0.039062 0.039865 0.000000 
5.000000e-01 5.000000e-01 4.999866e-03 5.000000e-01 5.000000e-01 1.171736e+00 -0.766887 0.109637 0.169119 0.209375 0.169119 0.109637 0.766887 0.038981 0.038022 -0.920895 0.038022 0.038981 0.000000 
5.000000e-01 5.000000e-01 4.999866e-03 5.000000e-01 5.000000e-01 1.179169e+00 -0.771766 0.109150 0.170293 0.212878 0.170293 0.109150 0.771766 0.038100 0.036987 -0.921940 0.036987 0.038100 0.000000 
5.000000e-01 5.000000e-01 4.999866e-03 5.000000e-01 5.000000e-01 1.186578e+00 -0.776628 0.108595 0.171449 0.216540 0.171449 0.108595 0.776628 0.037222 0.035955 -0.922980 0.035955 0.037222 0.000000 
5.000000e-01 5.000000e-01 4.999866e-03 5.000000e-01 5.000000e-01 1.193962e+00 -0.781473 0.107988 0.172587 0.220324 0.172587 0.107988 0.781473 0.036346 0.034926 -0.924017 0.034926 0.036346 0.000000 
5.000000e-01 5.000000e-01 4.999866e-03 5.000000e-01 5.000000e-01 1.201320e+00 -0.786302 0.107328 0.173707 0.224232 0.173707 0.107328 0.786302 0.035473 0.033901 -0.925050 0.033901 0.035473 0.000000 
5.000000e-01 5.000000e-01 4.999866e-03 5.000000e-01 5.000000e-01 1.208653e+00 -0.791114 0.106601 0.174800 0.228312 0.174800 0.106601 0.791114 0.034602 0.032880 -0.926078 0.032880 0.034602 0.000000 
5.000000e-01 5.000000e-01 4.999866e-03 5.000000e-01 5.000000e-01 1.215960e+00 -0.795909 0.105802 0.175863 0.232579 0.175863 0.105802 0.795909 0.033734 0.031863 -0.927103 0.031863 0.033734 0.000000 
5.000000e-01 5.000000e-01 4.999866e-03 5.000000e-01 5.000000e-01 1.223241e+00 -0.800687 0.104948 0.176897 0.236997 0.176897 0.104948 0.800687 0.032869 0.030849 -0.928124 0.030849 0.032869 0.000000 
5.000000e-01 5.000000e-01 4.999866e-03 5.000000e-01 5.000000e-01 1.230495e+00 -0.805447 0.104039 0.177901 0.241567 0.177901 0.104039 0.805447 0.032008 0.029839 -0.929140 0.029839 0.032008 0.000000 
5.000000e-01 5.000000e-01 4.999866e-03 5.000000e-01 5.000000e-01 1.237723e+00 -0.810190 0.103043 0.178856 0.246393 0.178856 0.103043 0.810190 0.031148 0.028833 -0.930152 0.028833 0.031148 0.000000 
5.000000e-01 5.000000e-01 4.999866e-03 5.000000e-01 5.000000e-01 1.244923e+00 -0.814915 0.101982 0.179766 0.251420 0.179766 0.101982 0.814915 0.030292 0.027830 -0.931161 0.027830 0.030292 0.000000 
5.000000e-01 5.000000e-01 4.999866e-03 5.000000e-01 5.000000e-01 1.252096e+00 -0.819622 0.100863 0.180632 0.256631 0.180632 0.100863 0.819622 0.029440 0.026832 -0.932165 0.026832 0.029440 0.000000 
5.000000e-01 5.000000e-01 4.999866e-03 5.000000e-01 5.000000e-01 1.259240e+00 -0.824310 0.099676 0.181444 0.262070 0.181444 0.099676 0.824310 0.028590 0.025837 -0.933165 0.025837 0.028590 0.000000 
5.000000e-01 5.000000e-01 4.999866e-03 5.000000e-01 5.000000e-01 1.266357e+00 -0.828980 0.098398 0.182177 0.267830 0.182177 0.098398 0.828980 0.027743 0.024847 -0.934160 0.024847 0.027743 0.000000 
5.000000e-01 5.000000e-01 4.999866e-03 5.000000e-01 5.000000e-01 1.273445e+00 -0.833631 0.097060 0.182848 0.273814 0.182848 0.097060 0.833631 0.026900 0.023861 -0.935152 0.023861 0.026900 0.000000 
5.000000e-01 5.000000e-01 4.999866e-03 5.000000e-01 5.000000e-01 1.280504e+00 -0.838263 0.095664 0.183457 0.280022 0.183457 0.095664 0.838263 0.026060 0.022878 -0.936139 0.022878 0.026060 0.000000 
5.000000e-01 5.000000e-01 4.999866e-03 5.000000e-01 5.000000e-01 1.287534e+00 -0.842876 0.094169 0.183951 0.286635 0.183951 0.094169 0.842876 0.025223 0.021900 -0.937122 0.021900 0.025223 0.000000 
5.000000e-01 5.000000e-01 4.999866e-03 5.000000e-01 5.000000e-01 1.294534e+00 -0.847469 0.092606 0.184353 0.293552 0.184353 0.092606 0.847469 0.024389 0.020926 -0.938100 0.020926 0.024389 0.000000 
5.000000e-01 5.000000e-01 4.999866e-03 5.000000e-01 5.000000e-01 1.301504e+00 -0.852043 0.090984 0.184667 0.300740 0.184667 0.090984 0.852043 0.023559 0.019956 -0.939075 0.019956 0.023559 0.000000 
5.000000e-01 5.000000e-01 4.999866e-03 5.000000e-01 5.000000e-01 1.308444e+00 -0.856597 0.089278 0.184851 0.308338 0.184851 0.089278 0.856597 0.022733 0.018991 -0.940044 0.018991 0.022733 0.000000 
5.000000e-01 5.000000e-01 4.999866e-03 5.000000e-01 5.000000e-01 1.315353e+00 -0.861131 0.087488 0.184885 0.316385 0.184885 0.087488 0.861131 0.021910 0.018029 -0.941010 0.018029 0.021910 0.000000 
5.000000e-01 5.000000e-01 4.999866e-03 5.000000e-01 5.000000e-01 1.322231e+00 -0.865645 0.085640 0.184802 0.324760 0.184802 0.085640 0.865645 0.021090 0.017073 -0.941970 0.017073 0.021090 0.000000 
5.000000e-01 5.000000e-01 4.999866e-03 5.000000e-01 5.000000e-01 1.329077e+00 -0.870138 0.083720 0.184568 0.333561 0.184568 0.083720 0.870138 0.020274 0.016120 -0.942927 0.016120 0.020274 0.000000 
5.000000e-01 5.000000e-01 4.999866e-03 5.000000e-01 5.000000e-01 1.335891e+00 -0.874610 0.081704 0.184109 0.342983 0.184109 0.081704 0.874610 0.019462 0.015172 -0.943878 0.015172 0.019462 0.000000 
5.000000e-01 5.000000e-01 4.999866e-03 5.000000e-01 5.000000e-01 1.342673e+00 -0.879062 0.079634 0.183497 0.352799 0.183497 0.079634 0.879062 0.018654 0.014228 -0.944825 0.014228 0.018654 0.000000 
5.000000e-01 5.000000e-01 4.999866e-03 5.000000e-01 5.000000e-01 1.349422e+00 -0.883492 0.077501 0.182704 0.363081 0.182704 0.077501 0.883492 0.017849 0.013289 -0.945768 0.013289 0.017849 0.000000 
5.000000e-01 5.000000e-01 4.999866e-03 5.000000e-01 5.000000e-01 1.356138e+00 -0.887901 0.075268 0.181596 0.374174 0.181596 0.075268 0.887901 0.017048 0.012354 -0.946706 0.012354 0.017048 0.000000 
5.000000e-01 5.000000e-01 4.999866e-03 5.000000e-01 5.000000e-01 1.362820e+00 -0.892289 0.072985 0.180291 0.385737 0.180291 0.072985 0.892289 0.016251 0.011424 -0.947639 0.011424 0.016251 0.000000 
5.000000e-01 5.000000e-01 4.999866e-03 5.000000e-01 5.000000e-01 1.369468e+00 -0.896655 0.070645 0.178760 0.397846 0.178760 0.070645 0.896655 0.015457 0.010499 -0.948568 0.010499 0.015457 0.000000 
5.000000e-01 5.000000e-01 4.999866e-03 5.000000e-01 5.000000e-01 1.376083e+00 -0.901001 0.068208 0.176810 0.410965 0.176810 0.068208 0.901001 0.014668 0.009578 -0.949492 0.009578 0.014668 0.000000 
5.000000e-01 5.000000e-01 4.999866e-03 5.000000e-01 5.000000e-01 1.382662e+00 -0.905324 0.065727 0.174617 0.424636 0.174617 0.065727 0.905324 0.013882 0.008662 -0.950411 0.008662 0.013882 0.000000 
5.000000e-01 5.000000e-01 4.999866e-03 5.000000e-01 5.000000e-01 1.389206e+00 -0.909625 0.063190 0.172121 0.439003 0.172121 0.063190 0.909625 0.013100 0.007750 -0.951325 0.007750 0.013100 0.000000 
5.000000e-01 5.000000e-01 4.999866e-03 5.000000e-01 5.000000e-01 1.395715e+00 -0.913906 0.060568 0.169106 0.454557 0.169106 0.060568 0.913906 0.012322 0.006843 -0.952235 0.006843 0.012322 0.000000 
5.000000e-01 5.000000e-01 4.999866e-03 5.000000e-01 5.000000e-01 1.402189e+00 -0.918164 0.057910 0.165803 0.470739 0.165803 0.057910 0.918164 0.011548 0.005940 -0.953140 0.005940 0.011548 0.000000 
5.000000e-01 5.000000e-01 4.999866e-03 5.000000e-01 5.000000e-01 1.408626e+00 -0.922402 0.055193 0.162066 0.487883 0.162066 0.055193 0.922402 0.010778 0.005042 -0.954041 0.005042 0.010778 0.000000 
5.000000e-01 5.000000e-01 4.999866e-03 5.000000e-01 5.000000e-01 1.415026e+00 -0.926618 0.052410 0.157746 0.506306 0.157746 0.052410 0.926618 0.010011 0.004148 -0.954937 0.004148 0.010011 0.000000 
5.000000e-01 5.000000e-01 4.999866e-03 5.000000e-01 5.000000e-01 1.421391e+00 -0.930813 0.049598 0.153099 0.525419 0.153099 0.049598 0.930813 0.009248 0.003259 -0.955829 0.003259 0.009248 0.000000 
5.000000e-01 5.000000e-01 4.999866e-03 5.000000e-01 5.000000e-01 1.427718e+00 -0.934988 0.046724 0.147813 0.545914 0.147813 0.046724 0.934988 0.008489 0.002375 -0.956716 0.002375 0.008489 0.000000 
5.000000e-01 5.000000e-01 4.999866e-03 5.000000e-01 5.000000e-01 1.434008e+00 -0.939143 0.043806 0.141960 0.567611 0.141960 0.043806 0.939143 0.007733 0.001494 -0.957599 0.001494 0.007733 0.000000 
5.000000e-01 5.000000e-01 4.999866e-03 5.000000e-01 5.000000e-01 1.440261e+00 -0.943277 0.040868 0.135761 0.590019 0.135761 0.040868 0.943277 0.006982 0.000618 -0.958477 0.000618 0.006982 0.000000 
5.000000e-01 5.000000e-01 4.999866e-03 5.000000e-01 5.000000e-01 1.446476e+00 -0.947394 0.037862 0.128633 0.614405 0.128633 0.037862 0.947394 0.006233 -0.000254 -0.959352 -0.000254 0.006233 0.000000 
5.000000e-01 5.000000e-01 4.999866e-03 5.000000e-01 5.000000e-01 1.452653e+00 -0.951490 0.034839 0.121088 0.639635 0.121088 0.034839 0.951490 0.005488 -0.001122 -0.960222 -0.001122 0.005488 0.000000 
5.000000e-01 5.000000e-01 4.999866e-03 5.000000e-01 5.000000e-01 1.458793e+00 -0.955568 0.031789 0.112985 0.666019 0.112985 0.031789 0.955568 0.004747 -0.001986 -0.961088 -0.001986 0.004747 0.000000 
5.000000e-01 5.000000e-01 4.999866e-03 5.000000e-01 5.000000e-01 1.464894e+00 -0.959629 0.028698 0.104060 0.694114 0.104060 0.028698 0.959629 0.004008 -0.002847 -0.961951 -0.002847 0.004008 0.000000 
5.000000e-01 5.000000e-01 4.999866e-03 5.000000e-01 5.000000e-01 1.470957e+00 -0.963670 0.025601 0.094808 0.722851 0.094808 0.025601 0.963670 0.003273 -0.003703 -0.962809 -0.003703 0.003273 0.000000 
5.000000e-01 5.000000e-01 4.999866e-03 5.000000e-01 5.000000e-01 1.476982e+00 -0.967695 0.022470 0.084720 0.753316 0.084720 0.022470 0.967695 0.002541 -0.004556 -0.963664 -0.004556 0.002541 0.000000 
5.000000e-01 5.000000e-01 4.999866e-03 5.000000e-01 5.000000e-01 1.482967e+00 -0.971701 0.019331 0.074209 0.784621 0.074209 0.019331 0.971701 0.001812 -0.005405 -0.964515 -0.005405 0.001812 0.000000 
5.000000e-01 5.000000e-01 4.999866e-03 5.000000e-01 5.000000e-01 1.488913e+00 -0.975687 0.016185 0.063275 0.816766 0.063275 0.016185 0.975687 0.001087 -0.006250 -0.965362 -0.006250 0.001087 0.000000 
5.000000e-01 5.000000e-01 4.999866e-03 5.000000e-01 5.000000e-01 1.494819e+00 -0.979655 0.013025 0.051739 0.850126 0.051739 0.013025 0.979655 0.000365 -0.007091 -0.966205 -0.007091 0.000365 0.000000 
5.000000e-01 5.000000e-01 4.999866e-03 5.000000e-01 5.000000e-01 1.500683e+00 -0.983599 0.009876 0.040062 0.883724 0.040062 0.009876 0.983599 -0.000352 -0.007926 -0.967043 -0.007926 -0.000352 0.000000 
5.000000e-01 5.000000e-01 4.999866e-03 5.000000e-01 5.000000e-01 1.506505e+00 -0.987523 0.006722 0.027938 0.918202 0.027938 0.006722 0.987523 -0.001066 -0.008758 -0.967876 -0.008758 -0.001066 0.000000 
5.000000e-01 5.000000e-01 4.999866e-03 5.000000e-01 5.000000e-01 1.512289e+00 -0.991423 0.003583 0.015766 0.952726 0.015766 0.003583 0.991423 -0.001775 -0.009584 -0.968705 -0.009584 -0.001775 0.000000 
5.000000e-01 5.000000e-01 4.999866e-03 5.000000e-01 5.000000e-01 1.515067e+00 -0.993298 0.002071 0.009828 0.969500 0.009828 0.002071 0.993298 -0.002116 -0.009982 -0.969103 -0.009982 -0.002116 0.000000 
5.000000e-01 5.000000e-01 4.999866e-03 5.000000e-01 5.000000e-01 1.515067e+00 -0.993298 0.002071 0.009828 0.969500 0.009828 0.002071 0.993298 -0.002116 -0.009982 -0.969103 -0.009982 -0.002116 0.000000 
5.000000e-01 5.000000e-01 4.999866e-03 5.000000e-01 5.000000e-01 1.515067e+00 -0.993298 0.002071 0.009828 0.969500 0.009828 0.002071 0.993298 -0.002116 -0.009982 -0.969103 -0.009982 -0.002116 0.000000 
5.000000e-01 5.000000e-01 4.999866e-03 5.000000e-01 5.000000e-01 1.515067e+00 -0.993298 0.002071 0.009828 0.969500 0.009828 0.002071 0.993298 -0.002116 -0.009982 -0.969103 -0.009982 -0.002116 0.000000 
5.000000e-01 5.000000e-01 4.999866e-03 5.000000e-01 5.000000e-01 1.515067e+00 -0.993298 0.002071 0.009828 0.969500 0.009828 0.002071 0.993298 -0.002116 -0.009982 -0.969103 -0.009982 -0.002116 0.000000 
5.000000e-01 5.000000e-01 4.999866e-03 5.000000e-01 5.000000e-01 1.515067e+00 -0.993298 0.002071 0.009828 0.969500 0.009828 0.002071 0.993298 -0.002116 -0.009982 -0.969103 -0.009982 -0.002116 0.000000 
5.000000e-01 5.000000e-01 4.999866e-03 5.000000e-01 5.000000e-01 1.515067e+00 -0.993298 0.002071 0.009828 0.969500 0.009828 0.002071 0.993298 -0.002116 -0.009982 -0.969103 -0.009982 -0.002116 0.000000 
5.000000e-01 5.000000e-01 4.999866e-03 5.000000e-01 5.000000e-01 1.515067e+00 -0.993298 0.002071 0.009828 0.969500 0.009828 0.002071 0.993298 -0.002116 -0.009982 -0.969103 -0.009982 -0.002116 0.000000 
5.000000e-01 5.000000e-01 4.999866e-03 5.000000e-01 5.000000e-01 1.515067e+00 -0.993298 0.002071 0.009828 0.969500 0.009828 0.002071 0.993298 -0.002116 -0.009982 -0.969103 -0.009982 -0.002116 0.000000 
5.000000e-01 5.000000e-01 4.999866e-03 5.000000e-01 5.000000e-01 1.515067e+00 -0.993298 0.002071 0.009828 0.969500 0.009828 0.002071 0.993298 -0.002116 -0.009982 -0.969103 -0.009982 -0.002116 0.000000 
5.000000e-01 5.000000e-01 4.999866e-03 5.000000e-01 5.000000e-01 1.515067e+00 -0.993298 0.002071 0.009828 0.969500 0.009828 0.002071 0.993298 -0.002116 -0.009982 -0.969103 -0.009982 -0.002116 0.000000 
5.000000e-01 5.000000e-01 4.999866e-03 5.000000e-01 5.000000e-01 1.515067e+00 -0.993298 0.002071 0.009828 0.969500 0.009828 0.002071 0.993298 -0.002116 -0.009982 -0.969103 -0.009982 -0.002116 0.000000 
5.000000e-01 5.000000e-01 4.999866e-03 5.000000e-01 5.000000e-01 1.515067e+00 -0.993298 0.002071 0.009828 0.969500 0.009828 0.002071 0.993298 -0.002116 -0.009982 -0.969103 -0.009982 -0.002116 0.000000 
5.000000e-01 5.000000e-01 4.999866e-03 5.000000e-01 5.000000e-01 1.515067e+00 -0.993298 0.002071 0.009828 0.969500 0.009828 0.002071 0.993298 -0.002116 -0.009982 -0.969103 -0.009982 -0.002116 0.000000 
5.000000e-01 5.000000e-01 4.999866e-03 5.000000e-01 5.000000e-01 1.515067e+00 -0.993298 0.002071 0.009828 0.969500 0.009828 0.002071 0.993298 -0.002116 -0.009982 -0.969103 -0.009982 -0.002116 0.000000 
5.000000e-01 5.000000e-01 4.999866e-03 5.000000e-01 5.000000e-01 1.515067e+00 -0.993298 0.002071 0.009828 0.969500 0.009828 0.002071 0.993298 -0.002116 -0.009982 -0.969103 -0.009982 -0.002116 0.000000 
5.000000e-01 5.000000e-01 4.999866e-03 5.000000e-01 5.000000e-01 1.515067e+00 -0.993298 0.002071 0.009828 0.969500 0.009828 0.002071 0.993298 -0.002116 -0.009982 -0.969103 -0.009982 -0.002116 0.000000 
5.000000e-01 5.000000e-01 4.999866e-03 5.000000e-01 5.000000e-01 1.515067e+00 -0.993298 0.002071 0.009828 0.969500 0.009828 0.002071 0.993298 -0.002116 -0.009982 -0.969103 -0.009982 -0.002116 0.000000 
5.000000e-01 5.000000e-01 4.999866e-03 5.000000e-01 5.000000e-01 1.515067e+00 -0.993298 0.002071 0.009828 0.969500 0.009828 0.002071 0.993298 -0.002116 -0.009982 -0.969103 -0.009982 -0.002116 0.000000 
5.000000e-01 5.000000e-01 4.999866e-03 5.000000e-01 5.000000e-01 1.515067e+00 -0.993298 0.002071 0.009828 0.969500 0.009828 0.002071 0.993298 -0.002116 -0.009982 -0.969103 -0.009982 -0.002116 0.000000 
5.000000e-01 5.000000e-01 4.999866e-03 5.000000e-01 5.000000e-01 1.515067e+00 -0.993298 0.002071 0.009828 0.969500 0.009828 0.002071 0.993298 -0.002116 -0.009982 -0.969103 -0.009982 -0.002116 0.000000 
5.000000e-01 5.000000e-01 4.999866e-03 5.000000e-01 5.000000e-01 1.515067e+00 -0.993298 0.002071 0.009828 0.969500 0.009828 0.002071 0.993298 -0.002116 -0.009982 -0.969103 -0.009982 -0.002116 0.000000 
5.000000e-01 5.000000e-01 4.999866e-03 5.000000e-01 5.000000e-01 1.515067e+00 -0.993298 0.002071 0.009828 0.969500 0.009828 0.002071 0.993298 -0.002116 -0.009982 -0.969103 -0.009982 -0.002116 0.000000 
5.000000e-01 5.000000e-01 4.999866e-03 5.000000e-01 5.000000e-01 1.515067e+00 -0.993298 0.002071 0.009828 0.969500 0.009828 0.002071 0.993298 -0.002116 -0.009982 -0.969103 -0.009982 -0.002116 0.000000 
5.000000e-01 5.000000e-01 4.999866e-03 5.000000e-01 5.000000e-01 1.515067e+00 -0.993298 0.002071 0.009828 0.969500 0.009828 0.002071 0.993298 -0.002116 -0.009982 -0.969103 -0.009982 -0.002116 0.000000 
5.000000e-01 5.000000e-01 4.999866e-03 5.000000e-01 5.000000e-01 1.515067e+00 -0.993298 0.002071 0.009828 0.969500 0.009828 0.002071 0.993298 -0.002116 -0.009982 -0.969103 -0.009982 -0.002116 0.000000 
5.000000e-01 5.000000e-01 4.999866e-03 5.000000e-01 5.000000e-01 1.515067e+00 -0.993298 0.002071 0.009828 0.969500 0.009828 0.002071 0.993298 -0.002116 -0.009982 -0.969103 -0.009982 -0.002116 0.000000 
5.000000e-01 5.000000e-01 4.999866e-03 5.000000e-01 5.000000e-01 1.515067e+00 -0.993298 0.002071 0.009828 0.969500 0.009828 0.002071 0.993298 -0.002116 -0.009982 -0.969103 -0.009982 -0.002116 0.000000 
5.000000e-01 5.000000e-01 4.999866e-03 5.000000e-01 5.000000e-01 1.515067e+00 -0.993298 0.002071 0.009828 0.969500 0.009828 0.002071 0.993298 -0.002116 -0.009982 -0.969103 -0.009982 -0.002116 0.000000 
5.000000e-01 5.000000e-01 4.999866e-03 5.000000e-01 5.000000e-01 1.515067e+00 -0.993298 0.002071 0.009828 0.969500 0.009828 0.002071 0.993298 -0.002116 -0.009982 -0.969103 -0.009982 -0.002116 0.000000 
5.000000e-01 5.000000e-01 4.999866e-03 5.000000e-01 5.000000e-01 1.515067e+00 -0.993298 0.002071 0.009828 0.969500 0.009828 0.002071 0.993298 -0.002116 -0.009982 -0.969103 -0.009982 -0.002116 0.000000 
5.000000e-01 5.000000e-01 4.999866e-03 5.000000e-01 5.000000e-01 1.515067e+00 -0.993298 0.002071 0.009828 0.969500 0.009828 0.002071 0.993298 -0.002116 -0.009982 -0.969103 -0.009982 -0.002116 0.000000 
5.000000e-01 5.000000e-01 4.999866e-03 5.000000e-01 5.000000e-01 1.515067e+00 -0.993298 0.002071 0.009828 0.969500 0.009828 0.002071 0.993298 -0.002116 -0.009982 -0.969103 -0.009982 -0.002116 0.000000 
5.000000e-01 5.000000e-01 4.999866e-03 5.000000e-01 5.000000e-01 1.515067e+00 -0.993298 0.002071 0.009828 0.969500 0.009828 0.002071 0.993298 -0.002116 -0.009982 -0.969103 -0.009982 -0.002116 0.000000 
5.000000e-01 5.000000e-01 4.999866e-03 5.000000e-01 5.000000e-01 1.515067e+00 -0.993298 0.002071 0.009828 0.969500 0.009828 0.002071 0.993298 -0.002116 -0.009982 -0.969103 -0.009982 -0.002116 0.000000 
5.000000e-01 5.000000e-01 4.999866e-03 5.000000e-01 5.000000e-01 1.515067e+00 -0.993298 0.002071 0.009828 0.969500 0.009828 0.002071 0.993298 -0.002116 -0.009982 -0.969103 -0.009982 -0.002116 0.000000 
5.000000e-01 5.000000e-01 4.999866e-03 5.000000e-01 5.000000e-01 1.515067e+00 -0.993298 0.002071 0.009828 0.969500 0.009828 0.002071 0.993298 -0.002116 -0.009982 -0.969103 -0.009982 -0.002116 0.000000 
5.000000e-01 5.000000e-01 4.999866e-03 5.000000e-01 5.000000e-01 1.515067e+00 -0.993298 0.002071 0.009828 0.969500 0.009828 0.002071 0.993298 -0.002116 -0.009982 -0.969103 -0.009982 -0.002116 0.000000 
5.000000e-01 5.000000e-01 4.999866e-03 5.000000e-01 5.000000e-01 1.515067e+00 -0.993298 0.002071 0.009828 0.969500 0.009828 0.002071 0.993298 -0.002116 -0.009982 -0.969103 -0.009982 -0.002116 0.000000 
5.000000e-01 5.000000e-01 4.999866e-03 5.000000e-01 5.000000e-01 1.515067e+00 -0.993298 0.002071 0.009828 0.969500 0.009828 0.002071 0.993298 -0.002116 -0.009982 -0.969103 -0.009982 -0.002116 0.000000 
5.000000e-01 5.000000e-01 4.999866e-03 5.000000e-01 5.000000e-01 1.515067e+00 -0.993298 0.002071 0.009828 0.969500 0.009828 0.002071 0.993298 -0.002116 -0.009982 -0.969103 -0.009982 -0.002116 0.000000 
5.000000e-01 5.000000e-01 4.999866e-03 5.000000e-01 5.000000e-01 1.515067e+00 -0.993298 0.002071 0.009828 0.969500 0.009828 0.002071 0.993298 -0.002116 -0.009982 -0.969103 -0.009982 -0.002116 0.000000 
5.000000e-01 5.000000e-01 4.999866e-03 5.000000e-01 5.000000e-01 1.515067e+00 -0.993298 0.002071 0.009828 0.969500 0.009828 0.002071 0.993298 -0.002116 -0.009982 -0.969103 -0.009982 -0.002116 0.000000 
5.000000e-01 5.000000e-01 4.999866e-03 5.000000e-01 5.000000e-01 1.515067e+00 -0.993298 0.002071 0.009828 0.969500 0.009828 0.002071 0.993298 -0.002116 -0.009982 -0.969103 -0.009982 -0.002116 0.000000 
5.000000e-01 5.000000e-01 4.999866e-03 5.000000e-01 5.000000e-01 1.515067e+00 -0.993298 0.002071 0.009828 0.969500 0.009828 0.002071 0.993298 -0.002116 -0.009982 -0.969103 -0.009982 -0.002116 0.000000 
5.000000e-01 5.000000e-01 4.999866e-03 5.000000e-01 5.000000e-01 1.515067e+00 -0.993298 0.002071 0.009828 0.969500 0.009828 0.002071 0.993298 -0.002116 -0.009982 -0.969103 -0.009982 -0.002116 0.000000 
5.000000e-01 5.000000e-01 4.999866e-03 5.000000e-01 5.000000e-01 1.515067e+00 -0.993298 0.002071 0.009828 0.969500 0.009828 0.002071 0.993298 -0.002116 -0.009982 -0.969103 -0.009982 -0.002116 0.000000 
5.000000e-01 5.000000e-01 4.999866e-03 5.000000e-01 5.000000e-01 1.515067e+00 -0.993298 0.002071 0.009828 0.969500 0.009828 0.002071 0.993298 -0.002116 -0.009982 -0.969103 -0.009982 -0.002116 0.000000 
5.000000e-01 5.000000e-01 4.999866e-03 5.000000e-01 5.000000e-01 1.515067e+00 -0.993298 0.002071 0.009828 0.969500 0.009828 0.002071 0.993298 -0.002116 -0.009982 -0.969103 -0.009982 -0.002116 0.000000 
5.000000e-01 5.000000e-01 4.999866e-03 5.000000e-01 5.000000e-01 1.515067e+00 -0.993298 0.002071 0.009828 0.969500 0.009828 0.002071 0.993298 -0.002116 -0.009982 -0.969103 -0.009982 -0.002116 0.000000 
5.000000e-01 5.000000e-01 4.999866e-03 5.000000e-01 5.000000e-01 1.515067e+00 -0.993298 0.002071 0.009828 0.969500 0.009828 0.002071 0.993298 -0.002116 -0.009982 -0.969103 -0.009982 -0.002116 0.000000 
5.000000e-01 5.000000e-01 4.999866e-03 5.000000e-01 5.000000e-01 1.515067e+00 -0.993298 0.002071 0.009828 0.969500 0.009828 0.002071 0.993298 -0.002116 -0.009982 -0.969103 -0.009982 -0.002116 0.000000 
5.000000e-01 5.000000e-01 4.999866e-03 5.000000e-01 5.000000e-01 1.515067e+00 -0.993298 0.002071 0.009828 0.969500 0.009828 0.002071 0.993298 -0.002116 -0.009982 -0.969103 -0.009982 -0.002116 0.000000 
5.000000e-01 5.000000e-01 4.999866e-03 5.000000e-01 5.000000e-01 1.515067e+00 -0.993298 0.002071 0.009828 0.969500 0.009828 0.002071 0.993298 -0.002116 -0.009982 -0.969103 -0.009982 -0.002116 0.000000 
5.000000e-01 5.000000e-01 4.999866e-03 5.000000e-01 5.000000e-01 1.515067e+00 -0.993298 0.002071 0.009828 0.969500 0.009828 0.002071 0.993298 -0.002116 -0.009982 -0.969103 -0.009982 -0.002116 0.000000 
5.000000e-01 5.000000e-01 4.999866e-03 5.000000e-01 5.000000e-01 1.515067e+00 -0.993298 0.002071 0.009828 0.969500 0.009828 0.002071 0.993298 -0.002116 -0.009982 -0.969103 -0.009982 -0.002116 0.000000 
5.000000e-01 5.000000e-01 4.999866e-03 5.000000e-01 5.000000e-01 1.515067e+00 -0.993298 0.002071 0.009828 0.969500 0.009828 0.002071 0.993298 -0.002116 -0.009982 -0.969103 -0.009982 -0.002116 0.000000 
5.000000e-01 5.000000e-01 4.999866e-03 5.000000e-01 5.000000e-01 1.515067e+00 -0.993298 0.002071 0.009828 0.969500 0.009828 0.002071 0.993298 -0.002116 -0.009982 -0.969103 -0.009982 -0.002116 0.000000 
5.000000e-01 5.000000e-01 4.999866e-03 5.000000e-01 5.000000e-01 1.515067e+00 -0.993298 0.002071 0.009828 0.969500 0.009828 0.002071 0.993298 -0.002116 -0.009982 -0.969103 -0.009982 -0.002116 0.000000 
5.000000e-01 5.000000e-01 4.999866e-03 5.000000e-01 5.000000e-01 1.515067e+00 -0.993298 0.002071 0.009828 0.969500 0.009828 0.002071 0.993298 -0.002116 -0.009982 -0.969103 -0.009982 -0.002116 0.000000 
5.000000e-01 5.000000e-01 4.999866e-03 5.000000e-01 5.000000e-01 1.515067e+00 -0.993298 0.002071 0.009828 0.969500 0.009828 0.002071 0.993298 -0.002116 -0.009982 -0.969103 -0.009982 -0.002116 0.000000 
5.000000e-01 5.000000e-01 4.999866e-03 5.000000e-01 5.000000e-01 1.515067e+00 -0.993298 0.002071 0.009828 0.969500 0.009828 0.002071 0.993298 -0.002116 -0.009982 -0.969103 -0.009982 -0.002116 0.000000 
5.000000e-01 5.000000e-01 4.999866e-03 5.000000e-01 5.000000e-01 1.515067e+00 -0.993298 0.002071 0.009828 0.969500 0.009828 0.002071 0.993298 -0.002116 -0.009982 -0.969103 -0.009982 -0.002116 0.000000 
5.000000e-01 5.000000e-01 4.999866e-03 5.000000e-01 5.000000e-01 1.515067e+00 -0.993298 0.002071 0.009828 0.969500 0.009828 0.002071 0.993298 -0.002116 -0.009982 -0.969103 -0.009982 -0.002116 0.000000 
5.000000e-01 5.000000e-01 4.999866e-03 5.000000e-01 5.000000e-01 1.515067e+00 -0.993298 0.002071 0.009828 0.969500 0.009828 0.002071 0.993298 -0.002116 -0.009982 -0.969103 -0.009982 -0.002116 0.000000 
5.000000e-01 5.000000e-01 4.999866e-03 5.000000e-01 5.000000e-01 1.515067e+00 -0.993298 0.002071 0.009828 0.969500 0.009828 0.002071 0.993298 -0.002116 -0.009982 -0.969103 -0.009982 -0.002116 0.000000 
5.000000e-01 5.000000e-01 4.999866e-03 5.000000e-01 5.000000e-01 1.515067e+00 -0.993298 0.002071 0.009828 0.969500 0.009828 0.002071 0.993298 -0.002116 -0.009982 -0.969103 -0.009982 -0.002116 0.000000 
5.000000e-01 5.000000e-01 4.999866e-03 5.000000e-01 5.000000e-01 1.515067e+00 -0.993298 0.002071 0.009828 0.969500 0.009828 0.002071 0.993298 -0.002116 -0.009982 -0.969103 -0.009982 -0.002116 0.000000 
5.000000e-01 5.000000e-01 4.999866e-03 5.000000e-01 5.000000e-01 1.515067e+00 -0.993298 0.002071 0.009828 0.969500 0.009828 0.002071 0.993298 -0.002116 -0.009982 -0.969103 -0.009982 -0.002116 0.000000 
5.000000e-01 5.000000e-01 4.999866e-03 5.000000e-01 5.000000e-01 1.515067e+00 -0.993298 0.002071 0.009828 0.969500 0.009828 0.002071 0.993298 -0.002116 -0.009982 -0.969103 -0.009982 -0.002116 0.000000 
5.000000e-01 5.000000e-01 4.999866e-03 5.000000e-01 5.000000e-01 1.515067e+00 -0.993298 0.002071 0.009828 0.969500 0.009828 0.002071 0.993298 -0.002116 -0.009982 -0.969103 -0.009982 -0.002116 0.000000 
5.000000e-01 5.000000e-01 4.999866e-03 5.000000e-01 5.000000e-01 1.515067e+00 -0.993298 0.002071 0.009828 0.969500 0.009828 0.002071 0.993298 -0.002116 -0.009982 -0.969103 -0.009982 -0.002116 0.000000 
5.000000e-01 5.000000e-01 4.999866e-03 5.000000e-01 5.000000e-01 1.515067e+00 -0.993298 0.002071 0.009828 0.969500 0.009828 0.002071 0.993298 -0.002116 -0.009982 -0.969103 -0.009982 -0.002116 0.000000 
5.000000e-01 5.000000e-01 4.999866e-03 5.000000e-01 5.000000e-01 1.515067e+00 -0.993298 0.002071 0.009828 0.969500 0.009828 0.002071 0.993298 -0.002116 -0.009982 -0.969103 -0.009982 -0.002116 0.000000 
5.000000e-01 5.000000e-01 4.999866e-03 5.000000e-01 5.000000e-01 1.515067e+00 -0.993298 0.002071 0.009828 0.969500 0.009828 0.002071 0.993298 -0.002116 -0.009982 -0.969103 -0.009982 -0.002116 0.000000 
5.000000e-01 5.000000e-01 4.999866e-03 5.000000e-01 5.000000e-01 1.515067e+00 -0.993298 0.002071 0.009828 0.969500 0.009828 0.002071 0.993298 -0.002116 -0.009982 -0.969103 -0.009982 -0.002116 0.000000 
5.000000e-01 5.000000e-01 4.999866e-03 5.000000e-01 5.000000e-01 1.515067e+00 -0.993298 0.002071 0.009828 0.969500 0.009828 0.002071 0.993298 -0.002116 -0.009982 -0.969103 -0.009982 -0.002116 0.000000 
5.000000e-01 5.000000e-01 4.999866e-03 5.000000e-01 5.000000e-01 1.515067e+00 -0.993298 0.002071 0.009828 0.969500 0.009828 0.002071 0.993298 -0.002116 -0.009982 -0.969103 -0.009982 -0.002116 0.000000 
5.000000e-01 5.000000e-01 4.999866e-03 5.000000e-01 5.000000e-01 1.515067e+00 -0.993298 0.002071 0.009828 0.969500 0.009828 0.002071 0.993298 -0.002116 -0.009982 -0.969103 -0.009982 -0.002116 0.000000 
5.000000e-01 5.000000e-01 4.999866e-03 5.000000e-01 5.000000e-01 1.515067e+00 -0.993298 0.002071 0.009828 0.969500 0.009828 0.002071 0.993298 -0.002116 -0.009982 -0.969103 -0.009982 -0.002116 0.000000 
5.000000e-01 5.000000e-01 4.999866e-03 5.000000e-01 5.000000e-01 1.515067e+00 -0.993298 0.002071 0.009828 0.969500 0.009828 0.002071 0.993298 -0.002116 -0.009982 -0.969103 -0.009982 -0.002116 0.000000 
5.000000e-01 5.000000e-01 4.999866e-03 5.000000e-01 5.000000e-01 1.515067e+00 -0.993298 0.002071 0.009828 0.969500 0.009828 0.002071 0.993298 -0.002116 -0.009982 -0.969103 -0.009982 -0.002116 0.000000 
5.000000e-01 5.000000e-01 4.999866e-03 5.000000e-01 5.000000e-01 1.515067e+00 -0.993298 0.002071 0.009828 0.969500 0.009828 0.002071 0.993298 -0.002116 -0.009982 -0.969103 -0.009982 -0.002116 0.000000 
5.000000e-01 5.000000e-01 4.999866e-03 5.000000e-01 5.000000e-01 1.515067e+00 -0.993298 0.002071 0.009828 0.969500 0.009828 0.002071 0.993298 -0.002116 -0.009982 -0.969103 -0.009982 -0.002116 0.000000 
5.000000e-01 5.000000e-01 4.999866e-03 5.000000e-01 5.000000e-01 1.515067e+00 -0.993298 0.002071 0.009828 0.969500 0.009828 0.002071 0.993298 -0.002116 -0.009982 -0.969103 -0.009982 -0.002116 0.000000 
5.000000e-01 5.000000e-01 4.999866e-03 5.000000e-01 5.000000e-01 1.515067e+00 -0.993298 0.002071 0.009828 0.969500 0.009828 0.002071 0.993298 -0.002116 -0.009982 -0.969103 -0.009982 -0.002116 0.000000 
5.000000e-01 5.000000e-01 4.999866e-03 5.000000e-01 5.000000e-01 1.515067e+00 -0.993298 0.002071 0.009828 0.969500 0.009828 0.002071 0.993298 -0.002116 -0.009982 -0.969103 -0.009982 -0.002116 0.000000 
5.000000e-01 5.000000e-01 4.999866e-03 5.000000e-01 5.000000e-01 1.515067e+00 -0.993298 0.002071 0.009828 0.969500 0.009828 0.002071 0.993298 -0.002116 -0.009982 -0.969103 -0.009982 -0.002116 0.000000 
5.000000e-01 5.000000e-01 4.999866e-03 5.000000e-01 5.000000e-01 1.515067e+00 -0.993298 0.002071 0.009828 0.969500 0.009828 0.002071 0.993298 -0.002116 -0.009982 -0.969103 -0.009982 -0.002116 0.000000 
5.000000e-01 5.000000e-01 4.999866e-03 5.000000e-01 5.000000e-01 1.515067e+00 -0.993298 0.002071 0.009828 0.969500 0.009828 0.002071 0.993298 -0.002116 -0.009982 -0.969103 -0.009982 -0.002116 0.000000 
5.000000e-01 5.000000e-01 4.999866e-03 5.000000e-01 5.000000e-01 1.515067e+00 -0.993298 0.002071 0.009828 0.969500 0.009828 0.002071 0.993298 -0.002116 -0.009982 -0.969103 -0.009982 -0.002116 0.000000 
5.000000e-01 5.000000e-01 4.999866e-03 5.000000e-01 5.000000e-01 1.515067e+00 -0.993298 0.002071 0.009828 0.969500 0.009828 0.002071 0.993298 -0.002116 -0.009982 -0.969103 -0.009982 -0.002116 0.000000 
5.000000e-01 5.000000e-01 4.999866e-03 5.000000e-01 5.000000e-01 1.515067e+00 -0.993298 0.002071 0.009828 0.969500 0.009828 0.002071 0.993298 -0.002116 -0.009982 -0.969103 -0.009982 -0.002116 0.000000 
5.000000e-01 5.000000e-01 4.999866e-03 5.000000e-01 5.000000e-01 1.515067e+00 -0.993298 0.002071 0.009828 0.969500 0.009828 0.002071 0.993298 -0.002116 -0.009982 -0.969103 -0.009982 -0.002116 0.000000 
5.000000e-01 5.000000e-01 4.999866e-03 5.000000e-01 5.000000e-01 1.515067e+00 -0.993298 0.002071 0.009828 0.969500 0.009828 0.002071 0.993298 -0.002116 -0.009982 -0.969103 -0.009982 -0.002116 0.000000 
5.000000e-01 5.000000e-01 4.999866e-03 5.000000e-01 5.000000e-01 1.515067e+00 -0.993298 0.002071 0.009828 0.969500 0.009828 0.002071 0.993298 -0.002116 -0.009982 -0.969103 -0.009982 -0.002116 0.000000 
5.000000e-01 5.000000e-01 4.999866e-03 5.000000e-01 5.000000e-01 1.515067e+00 -0.993298 0.002071 0.009828 0.969500 0.009828 0.002071 0.993298 -0.002116 -0.009982 -0.969103 -0.009982 -0.002116 0.000000 
5.000000e-01 5.000000e-01 4.999866e-03 5.000000e-01 5.000000e-01 1.515067e+00 -0.993298 0.002071 0.009828 0.969500 0.009828 0.002071 0.993298 -0.002116 -0.009982 -0.969103 -0.009982 -0.002116 0.000000 
5.000000e-01 5.000000e-01 4.999866e-03 5.000000e-01 5.000000e-01 1.515067e+00 -0.993298 0.002071 0.009828 0.969500 0.009828 0.002071 0.993298 -0.002116 -0.009982 -0.969103 -0.009982 -0.002116 0.000000 
5.000000e-01 5.000000e-01 4.999866e-03 5.000000e-01 5.000000e-01 1.515067e+00 -0.993298 0.002071 0.009828 0.969500 0.009828 0.002071 0.993298 -0.002116 -0.009982 -0.969103 -0.009982 -0.002116 0.000000 
5.000000e-01 5.000000e-01 4.999866e-03 5.000000e-01 5.000000e-01 1.515067e+00 -0.993298 0.002071 0.009828 0.969500 0.009828 0.002071 0.993298 -0.002116 -0.009982 -0.969103 -0.009982 -0.002116 0.000000 
5.000000e-01 5.000000e-01 4.999866e-03 5.000000e-01 5.000000e-01 1.515067e+00 -0.993298 0.002071 0.009828 0.969500 0.009828 0.002071 0.993298 -0.002116 -0.009982 -0.969103 -0.009982 -0.002116 0.000000 
5.000000e-01 5.000000e-01 4.999866e-03 5.000000e-01 5.000000e-01 1.515067e+00 -0.993298 0.002071 0.009828 0.969500 0.009828 0.002071 0.993298 -0.002116 -0.009982 -0.969103 -0.009982 -0.002116 0.000000 
5.000000e-01 5.000000e-01 4.999866e-03 5.000000e-01 5.000000e-01 1.515067e+00 -0.993298 0.002071 0.009828 0.969500 0.009828 0.002071 0.993298 -0.002116 -0.009982 -0.969103 -0.009982 -0.002116 0.000000 
5.000000e-01 5.000000e-01 4.999866e-03 5.000000e-01 5.000000e-01 1.515067e+00 -0.993298 0.002071 0.009828 0.969500 0.009828 0.002071 0.993298 -0.002116 -0.009982 -0.969103 -0.009982 -0.002116 0.000000 
5.000000e-01 5.000000e-01 4.999866e-03 5.000000e-01 5.000000e-01 1.515067e+00 -0.993298 0.002071 0.009828 0.969500 0.009828 0.002071 0.993298 -0.002116 -0.009982 -0.969103 -0.009982 -0.002116 0.000000 
5.000000e-01 5.000000e-01 4.999866e-03 5.000000e-01 5.000000e-01 1.515067e+00 -0.993298 0.002071 0.009828 0.969500 0.009828 0.002071 0.993298 -0.002116 -0.009982 -0.969103 -0.009982 -0.002116 0.000000 
5.000000e-01 5.000000e-01 4.999866e-03 5.000000e-01 5.000000e-01 1.515067e+00 -0.993298 0.002071 0.009828 0.969500 0.009828 0.002071 0.993298 -0.002116 -0.009982 -0.969103 -0.009982 -0.002116 0.000000 
5.000000e-01 5.000000e-01 4.999866e-03 5.000000e-01 5.000000e-01 1.515067e+00 -0.993298 0.002071 0.009828 0.969500 0.009828 0.002071 0.993298 -0.002116 -0.009982 -0.969103 -0.009982 -0.002116 0.000000 
5.000000e-01 5.000000e-01 4.999866e-03 5.000000e-01 5.000000e-01 1.515067e+00 -0.993298 0.002071 0.009828 0.969500 0.009828 0.002071 0.993298 -0.002116 -0.009982 -0.969103 -0.009982 -0.002116 0.000000 
5.000000e-01 5.000000e-01 4.999866e-03 5.000000e-01 5.000000e-01 1.515067e+00 -0.993298 0.002071 0.009828 0.969500 0.009828 0.002071 0.993298 -0.002116 -0.009982 -0.969103 -0.009982 -0.002116 0.000000 
5.000000e-01 5.000000e-01 4.999866e-03 5.000000e-01 5.000000e-01 1.515067e+00 -0.993298 0.002071 0.009828 0.969500 0.009828 0.002071 0.993298 -0.002116 -0.009982 -0.969103 -0.009982 -0.002116 0.000000 
5.000000e-01 5.000000e-01 4.999866e-03 5.000000e-01 5.000000e-01 1.515067e+00 -0.993298 0.002071 0.009828 0.969500 0.009828 0.002071 0.993298 -0.002116 -0.009982 -0.969103 -0.009982 -0.002116 0.000000 
5.000000e-01 5.000000e-01 4.999866e-03 5.000000e-01 5.000000e-01 1.515067e+00 -0.993298 0.002071 0.009828 0.969500 0.009828 0.002071 0.993298 -0.002116 -0.009982 -0.969103 -0.009982 -0.002116 0.000000 
5.000000e-01 5.000000e-01 4.999866e-03 5.000000e-01 5.000000e-01 1.515067e+00 -0.993298 0.002071 0.009828 0.969500 0.009828 0.002071 0.993298 -0.002116 -0.009982 -0.969103 -0.009982 -0.002116 0.000000 
5.000000e-01 5.000000e-01 4.999866e-03 5.000000e-01 5.000000e-01 1.515067e+00 -0.993298 0.002071 0.009828 0.969500 0.009828 0.002071 0.993298 -0.002116 -0.009982 -0.969103 -0.009982 -0.002116 0.000000 
5.000000e-01 5.000000e-01 4.999866e-03 5.000000e-01 5.000000e-01 1.515067e+00 -0.993298 0.002071 0.009828 0.969500 0.009828 0.002071 0.993298 -0.002116 -0.009982 -0.969103 -0.009982 -0.002116 0.000000 
5.000000e-01 5.000000e-01 4.999866e-03 5.000000e-01 5.000000e-01 1.515067e+00 -0.993298 0.002071 0.009828 0.969500 0.009828 0.002071 0.993298 -0.002116 -0.009982 -0.969103 -0.009982 -0.002116 0.000000 
5.000000e-01 5.000000e-01 4.999866e-03 5.000000e-01 5.000000e-01 1.515067e+00 -0.993298 0.002071 0.009828 0.969500 0.009828 0.002071 0.993298 -0.002116 -0.009982 -0.969103 -0.009982 -0.002116 0.000000 
5.000000e-01 5.000000e-01 4.999866e-03 5.000000e-01 5.000000e-01 1.515067e+00 -0.993298 0.002071 0.009828 0.969500 0.009828 0.002071 0.993298 -0.002116 -0.009982 -0.969103 -0.009982 -0.002116 0.000000 
5.000000e-01 5.000000e-01 4.999866e-03 5.000000e-01 5.000000e-01 1.515067e+00 -0.993298 0.002071 0.009828 0.969500 0.009828 0.002071 0.993298 -0.002116 -0.009982 -0.969103 -0.009982 -0.002116 0.000000 
5.000000e-01 5.000000e-01 4.999866e-03 5.000000e-01 5.000000e-01 1.515067e+00 -0.993298 0.002071 0.009828 0.969500 0.009828 0.002071 0.993298 -0.002116 -0.009982 -0.969103 -0.009982 -0.002116 0.000000 
5.000000e-01 5.000000e-01 4.999866e-03 5.000000e-01 5.000000e-01 1.515067e+00 -0.993298 0.002071 0.009828 0.969500 0.009828 0.002071 0.993298 -0.002116 -0.009982 -0.969103 -0.009982 -0.002116 0.000000 
5.000000e-01 5.000000e-01 4.999866e-03 5.000000e-01 5.000000e-01 1.515067e+00 -0.993298 0.002071 0.009828 0.969500 0.009828 0.002071 0.993298 -0.002116 -0.009982 -0.969103 -0.009982 -0.002116 0.000000 
5.000000e-01 5.000000e-01 4.999866e-03 5.000000e-01 5.000000e-01 1.515067e+00 -0.993298 0.002071 0.009828 0.969500 0.009828 0.002071 0.993298 -0.002116 -0.009982 -0.969103 -0.009982 -0.002116 0.000000 
5.000000e-01 5.000000e-01 4.999866e-03 5.000000e-01 5.000000e-01 1.515067e+00 -0.993298 0.002071 0.009828 0.969500 0.009828 0.002071 0.993298 -0.002116 -0.009982 -0.969103 -0.009982 -0.002116 0.000000 
5.000000e-01 5.000000e-01 4.999866e-03 5.000000e-01 5.000000e-01 1.515067e+00 -0.993298 0.002071 0.009828 0.969500 0.009828 0.002071 0.993298 -0.002116 -0.009982 -0.969103 -0.009982 -0.002116 0.000000 
5.000000e-01 5.000000e-01 4.999866e-03 5.000000e-01 5.000000e-01 1.515067e+00 -0.993298 0.002071 0.009828 0.969500 0.009828 0.002071 0.993298 -0.002116 -0.009982 -0.969103 -0.009982 -0.002116 0.000000 
5.000000e-01 5.000000e-01 4.999866e-03 5.000000e-01 5.000000e-01 1.515067e+00 -0.993298 0.002071 0.009828 0.969500 0.009828 0.002071 0.993298 -0.002116 -0.009982 -0.969103 -0.009982 -0.002116 0.000000 
5.000000e-01 5.000000e-01 4.999866e-03 5.000000e-01 5.000000e-01 1.515067e+00 -0.993298 0.002071 0.009828 0.969500 0.009828 0.002071 0.993298 -0.002116 -0.009982 -0.969103 -0.009982 -0.002116 0.000000 
5.000000e-01 5.000000e-01 4.999866e-03 5.000000e-01 5.000000e-01 1.515067e+00 -0.993298 0.002071 0.009828 0.969500 0.009828 0.002071 0.993298 -0.002116 -0.009982 -0.969103 -0.009982 -0.002116 0.000000 
5.000000e-01 5.000000e-01 4.999866e-03 5.000000e-01 5.000000e-01 1.515067e+00 -0.993298 0.002071 0.009828 0.969500 0.009828 0.002071 0.993298 -0.002116 -0.009982 -0.969103 -0.009982 -0.002116 0.000000 
5.000000e-01 5.000000e-01 4.999866e-03 5.000000e-01 5.000000e-01 1.515067e+00 -0.993298 0.002071 0.009828 0.969500 0.009828 0.002071 0.993298 -0.002116 -0.009982 -0.969103 -0.009982 -0.002116 0.000000 
5.000000e-01 5.000000e-01 4.999866e-03 5.000000e-01 5.000000e-01 1.515067e+00 -0.993298 0.002071 0.009828 0.969500 0.009828 0.002071 0.993298 -0.002116 -0.009982 -0.969103 -0.009982 -0.002116 0.000000 
5.000000e-01 5.000000e-01 4.999866e-03 5.000000e-01 5.000000e-01 1.515067e+00 -0.993298 0.002071 0.009828 0.969500 0.009828 0.002071 0.993298 -0.002116 -0.009982 -0.969103 -0.009982 -0.002116 0.000000 
5.000000e-01 5.000000e-01 4.999866e-03 5.000000e-01 5.000000e-01 1.515067e+00 -0.993298 0.002071 0.009828 0.969500 0.009828 0.002071 0.993298 -0.002116 -0.009982 -0.969103 -0.009982 -0.002116 0.000000 
5.000000e-01 5.000000e-01 4.999866e-03 5.000000e-01 5.000000e-01 1.515067e+00 -0.993298 0.002071 0.009828 0.969500 0.009828 0.002071 0.993298 -0.002116 -0.009982 -0.969103 -0.009982 -0.002116 0.000000 
5.000000e-01 5.000000e-01 4.999866e-03 5.000000e-01 5.000000e-01 1.515067e+00 -0.993298 0.002071 0.009828 0.969500 0.009828 0.002071 0.993298 -0.002116 -0.009982 -0.969103 -0.009982 -0.002116 0.000000 
5.000000e-01 5.000000e-01 4.999866e-03 5.000000e-01 5.000000e-01 1.515067e+00 -0.993298 0.002071 0.009828 0.969500 0.009828 0.002071 0.993298 -0.002116 -0.009982 -0.969103 -0.009982 -0.002116 0.000000 
