# TeX TeY TeZ ThX ThY THZ P1 P2
5.000000e-01 5.000000e-01 1.050000e+00 5.000000e-01 5.000000e-01 1.050000e+00 0.000000 0.000000 0.000000 0.000000 0.000000 0.000000 0.000000 0.000000 0.000000 0.000000 0.000000 0.000000 0.000000 
5.000000e-01 5.000000e-01 1.039876e+00 5.000000e-01 5.000000e-01 1.057790e+00 -0.011758 0.000561 0.002857 0.004921 0.002857 0.000561 0.011758 -0.002101 -0.002504 -0.002549 -0.002504 -0.002101 0.000000 
5.000000e-01 5.000000e-01 1.029697e+00 5.000000e-01 5.000000e-01 1.065559e+00 -0.023539 0.001145 0.005716 0.009818 0.005716 0.001145 0.023539 -0.004205 -0.005012 -0.005104 -0.005012 -0.004205 0.000000 
5.000000e-01 5.000000e-01 1.019462e+00 5.000000e-01 5.000000e-01 1.073308e+00 -0.035343 0.001747 0.008576 0.014696 0.008576 0.001747 0.035343 -0.006312 -0.007527 -0.007666 -0.007527 -0.006312 0.000000 
5.000000e-01 5.000000e-01 1.009172e+00 5.000000e-01 5.000000e-01 1.081036e+00 -0.047169 0.002366 0.011437 0.019564 0.011437 0.002366 0.047169 -0.008422 -0.010046 -0.010234 -0.010046 -0.008422 0.000000 
5.000000e-01 5.000000e-01 9.988283e-01 5.000000e-01 5.000000e-01 1.088743e+00 -0.059017 0.002989 0.014298 0.024442 0.014298 0.002989 0.059017 -0.010534 -0.012570 -0.012809 -0.012570 -0.010534 0.000000 
5.000000e-01 5.000000e-01 9.884304e-01 5.000000e-01 5.000000e-01 1.096428e+00 -0.070887 0.003616 0.017159 0.029338 0.017159 0.003616 0.070887 -0.012649 -0.015099 -0.015390 -0.015099 -0.012649 0.000000 
5.000000e-01 5.000000e-01 9.779790e-01 5.000000e-01 5.000000e-01 1.104091e+00 -0.082777 0.004248 0.020018 0.034245 0.020018 0.004248 0.082777 -0.014766 -0.017633 -0.017979 -0.017633 -0.014766 0.000000 
5.000000e-01 5.000000e-01 9.674747e-01 5.000000e-01 5.000000e-01 1.111733e+00 -0.094687 0.004883 0.022875 0.039170 0.022875 0.004883 0.094687 -0.016884 -0.020173 -0.020574 -0.020173 -0.016884 0.000000 
5.000000e-01 5.000000e-01 9.569179e-01 5.000000e-01 5.000000e-01 1.119353e+00 -0.106618 0.005515 0.025730 0.044127 0.025730 0.005515 0.106618 -0.019003 -0.022717 -0.023177 -0.022717 -0.019003 0.000000 
5.000000e-01 5.000000e-01 9.463091e-01 5.000000e-01 5.000000e-01 1.126950e+00 -0.118568 0.006130 0.028581 0.049144 0.028581 0.006130 0.118568 -0.021124 -0.025266 -0.025788 -0.025266 -0.021124 0.000000 
5.000000e-01 5.000000e-01 9.356488e-01 5.000000e-01 5.000000e-01 1.134524e+00 -0.130536 0.006739 0.031428 0.054201 0.031428 0.006739 0.130537 -0.023245 -0.027820 -0.028407 -0.027820 -0.023245 0.000000 
5.000000e-01 5.000000e-01 9.249373e-01 5.000000e-01 5.000000e-01 1.142075e+00 -0.142524 0.007340 0.034270 0.059304 0.034270 0.007340 0.142524 -0.025366 -0.030379 -0.031034 -0.030379 -0.025366 0.000000 
5.000000e-01 5.000000e-01 9.141753e-01 5.000000e-01 5.000000e-01 1.149603e+00 -0.154529 0.007927 0.037105 0.064464 0.037105 0.007927 0.154529 -0.027487 -0.032943 -0.033670 -0.032943 -0.027487 0.000000 
5.000000e-01 5.000000e-01 9.033630e-01 5.000000e-01 5.000000e-01 1.157108e+00 -0.166552 0.008481 0.039932 0.069726 0.039932 0.008481 0.166552 -0.029607 -0.035511 -0.036315 -0.035511 -0.029607 0.000000 
5.000000e-01 5.000000e-01 8.925010e-01 5.000000e-01 5.000000e-01 1.164589e+00 -0.178591 0.009018 0.042749 0.075058 0.042749 0.009018 0.178591 -0.031726 -0.038085 -0.038969 -0.038085 -0.031726 0.000000 
5.000000e-01 5.000000e-01 8.815896e-01 5.000000e-01 5.000000e-01 1.172045e+00 -0.190647 0.009536 0.045556 0.080463 0.045556 0.009536 0.190648 -0.033844 -0.040664 -0.041633 -0.040664 -0.033844 0.000000 
5.000000e-01 5.000000e-01 8.706294e-01 5.000000e-01 5.000000e-01 1.179478e+00 -0.202720 0.010028 0.048352 0.085961 0.048352 0.010028 0.202720 -0.035959 -0.043247 -0.044307 -0.043247 -0.035959 0.000000 
5.000000e-01 5.000000e-01 8.596208e-01 5.000000e-01 5.000000e-01 1.186885e+00 -0.214808 0.010474 0.051129 0.091602 0.051129 0.010474 0.214808 -0.038072 -0.045836 -0.046992 -0.045836 -0.038072 0.000000 
5.000000e-01 5.000000e-01 8.485641e-01 5.000000e-01 5.000000e-01 1.194268e+00 -0.226910 0.010895 0.053890 0.097341 0.053890 0.010895 0.226911 -0.040181 -0.048429 -0.049690 -0.048429 -0.040181 0.000000 
5.000000e-01 5.000000e-01 8.374599e-01 5.000000e-01 5.000000e-01 1.201626e+00 -0.239028 0.011288 0.056633 0.103185 0.056633 0.011288 0.239028 -0.042286 -0.051028 -0.052399 -0.051028 -0.042286 0.000000 
5.000000e-01 5.000000e-01 8.263085e-01 5.000000e-01 5.000000e-01 1.208957e+00 -0.251160 0.011639 0.059354 0.109175 0.059354 0.011639 0.251160 -0.044387 -0.053632 -0.055121 -0.053632 -0.044387 0.000000 
5.000000e-01 5.000000e-01 8.151104e-01 5.000000e-01 5.000000e-01 1.216263e+00 -0.263305 0.011936 0.062044 0.115344 0.062044 0.011936 0.263305 -0.046483 -0.056241 -0.057857 -0.056241 -0.046483 0.000000 
5.000000e-01 5.000000e-01 8.038659e-01 5.000000e-01 5.000000e-01 1.223543e+00 -0.275463 0.012199 0.064708 0.121649 0.064708 0.012199 0.275464 -0.048573 -0.058855 -0.060607 -0.058855 -0.048573 0.000000 
5.000000e-01 5.000000e-01 7.925756e-01 5.000000e-01 5.000000e-01 1.230796e+00 -0.287635 0.012427 0.067344 0.128093 0.067344 0.012427 0.287635 -0.050656 -0.061475 -0.063373 -0.061475 -0.050656 0.000000 
5.000000e-01 5.000000e-01 7.812397e-01 5.000000e-01 5.000000e-01 1.238023e+00 -0.299818 0.012590 0.069934 0.134769 0.069934 0.012590 0.299818 -0.052731 -0.064101 -0.066154 -0.064101 -0.052731 0.000000 
5.000000e-01 5.000000e-01 7.698587e-01 5.000000e-01 5.000000e-01 1.245222e+00 -0.312013 0.012703 0.072480 0.141647 0.072480 0.012703 0.312013 -0.054798 -0.066732 -0.068953 -0.066732 -0.054798 0.000000 
5.000000e-01 5.000000e-01 7.584330e-01 5.000000e-01 5.000000e-01 1.252393e+00 -0.324219 0.012776 0.074985 0.148698 0.074985 0.012776 0.324219 -0.056855 -0.069369 -0.071772 -0.069369 -0.056855 0.000000 
5.000000e-01 5.000000e-01 7.469629e-01 5.000000e-01 5.000000e-01 1.259537e+00 -0.336437 0.012801 0.077441 0.155952 0.077441 0.012801 0.336437 -0.058901 -0.072012 -0.074612 -0.072012 -0.058901 0.000000 
5.000000e-01 5.000000e-01 7.354490e-01 5.000000e-01 5.000000e-01 1.266652e+00 -0.348664 0.012747 0.079817 0.163536 0.079817 0.012747 0.348664 -0.060935 -0.074661 -0.077472 -0.074661 -0.060935 0.000000 
5.000000e-01 5.000000e-01 7.238914e-01 5.000000e-01 5.000000e-01 1.273739e+00 -0.360901 0.012648 0.082134 0.171336 0.082134 0.012648 0.360901 -0.062957 -0.077316 -0.080355 -0.077316 -0.062957 0.000000 
5.000000e-01 5.000000e-01 7.122908e-01 5.000000e-01 5.000000e-01 1.280797e+00 -0.373148 0.012505 0.084391 0.179356 0.084391 0.012505 0.373148 -0.064964 -0.079978 -0.083263 -0.079978 -0.064964 0.000000 
5.000000e-01 5.000000e-01 7.006473e-01 5.000000e-01 5.000000e-01 1.287826e+00 -0.385403 0.012282 0.086542 0.187756 0.086542 0.012282 0.385403 -0.066956 -0.082647 -0.086196 -0.082647 -0.066956 0.000000 
5.000000e-01 5.000000e-01 6.889615e-01 5.000000e-01 5.000000e-01 1.294825e+00 -0.397667 0.011999 0.088598 0.196473 0.088598 0.011999 0.397667 -0.068930 -0.085323 -0.089160 -0.085323 -0.068930 0.000000 
5.000000e-01 5.000000e-01 6.772336e-01 5.000000e-01 5.000000e-01 1.301793e+00 -0.409938 0.011671 0.090569 0.205459 0.090569 0.011671 0.409939 -0.070884 -0.088007 -0.092156 -0.088007 -0.070884 0.000000 
5.000000e-01 5.000000e-01 6.654640e-01 5.000000e-01 5.000000e-01 1.308732e+00 -0.422218 0.011275 0.092420 0.214828 0.092420 0.011275 0.422218 -0.072818 -0.090698 -0.095186 -0.090698 -0.072818 0.000000 
5.000000e-01 5.000000e-01 6.536531e-01 5.000000e-01 5.000000e-01 1.315639e+00 -0.434504 0.010802 0.094116 0.224668 0.094116 0.010802 0.434504 -0.074729 -0.093398 -0.098250 -0.093398 -0.074729 0.000000 
5.000000e-01 5.000000e-01 6.418013e-01 5.000000e-01 5.000000e-01 1.322516e+00 -0.446797 0.010281 0.095699 0.234836 0.095699 0.010281 0.446797 -0.076616 -0.096105 -0.101354 -0.096105 -0.076616 0.000000 
5.000000e-01 5.000000e-01 6.299088e-01 5.000000e-01 5.000000e-01 1.329361e+00 -0.459095 0.009705 0.097143 0.245400 0.097143 0.009705 0.459095 -0.078477 -0.098821 -0.104499 -0.098821 -0.078477 0.000000 
5.000000e-01 5.000000e-01 6.179762e-01 5.000000e-01 5.000000e-01 1.336173e+00 -0.471400 0.009039 0.098356 0.256612 0.098356 0.009039 0.471400 -0.080306 -0.101547 -0.107695 -0.101547 -0.080306 0.000000 
5.000000e-01 5.000000e-01 6.060036e-01 5.000000e-01 5.000000e-01 1.342954e+00 -0.483710 0.008328 0.099417 0.268220 0.099417 0.008328 0.483710 -0.082103 -0.104282 -0.110941 -0.104282 -0.082103 0.000000 
5.000000e-01 5.000000e-01 5.939915e-01 5.000000e-01 5.000000e-01 1.349702e+00 -0.496024 0.007568 0.100315 0.280258 0.100315 0.007568 0.496024 -0.083865 -0.107027 -0.114240 -0.107027 -0.083865 0.000000 
5.000000e-01 5.000000e-01 5.819402e-01 5.000000e-01 5.000000e-01 1.356416e+00 -0.508343 0.006713 0.100886 0.293146 0.100886 0.006713 0.508344 -0.085592 -0.109782 -0.117597 -0.109782 -0.085592 0.000000 
5.000000e-01 5.000000e-01 5.698500e-01 5.000000e-01 5.000000e-01 1.363097e+00 -0.520667 0.005816 0.101263 0.306508 0.101263 0.005816 0.520667 -0.087277 -0.112547 -0.121017 -0.112547 -0.087277 0.000000 
5.000000e-01 5.000000e-01 5.577213e-01 5.000000e-01 5.000000e-01 1.369744e+00 -0.532993 0.004876 0.101435 0.320371 0.101435 0.004876 0.532994 -0.088914 -0.115325 -0.124515 -0.115325 -0.088914 0.000000 
5.000000e-01 5.000000e-01 5.455544e-01 5.000000e-01 5.000000e-01 1.376357e+00 -0.545324 0.003843 0.101173 0.335294 0.101173 0.003843 0.545324 -0.090503 -0.118114 -0.128090 -0.118114 -0.090503 0.000000 
5.000000e-01 5.000000e-01 5.333496e-01 5.000000e-01 5.000000e-01 1.382935e+00 -0.557658 0.002773 0.100669 0.350774 0.100669 0.002773 0.557658 -0.092041 -0.120915 -0.131746 -0.120915 -0.092041 0.000000 
5.000000e-01 5.000000e-01 5.211072e-01 5.000000e-01 5.000000e-01 1.389478e+00 -0.569994 0.001661 0.099888 0.366897 0.099888 0.001661 0.569994 -0.093524 -0.123727 -0.135491 -0.123727 -0.093524 0.000000 
5.000000e-01 5.000000e-01 5.088276e-01 5.000000e-01 5.000000e-01 1.395985e+00 -0.582334 0.000465 0.098568 0.384267 0.098568 0.000465 0.582334 -0.094943 -0.126553 -0.139342 -0.126553 -0.094943 0.000000 
5.000000e-01 5.000000e-01 4.965111e-01 5.000000e-01 5.000000e-01 1.402457e+00 -0.594677 -0.000759 0.096961 0.402274 0.096961 -0.000759 0.594677 -0.096293 -0.129391 -0.143308 -0.129391 -0.096293 0.000000 
5.000000e-01 5.000000e-01 4.841580e-01 5.000000e-01 5.000000e-01 1.408893e+00 -0.607021 -0.002030 0.094952 0.421176 0.094952 -0.002030 0.607021 -0.097572 -0.132242 -0.147393 -0.132242 -0.097572 0.000000 
5.000000e-01 5.000000e-01 4.717686e-01 5.000000e-01 5.000000e-01 1.415292e+00 -0.619369 -0.003366 0.092334 0.441433 0.092334 -0.003366 0.619369 -0.098776 -0.135105 -0.151607 -0.135105 -0.098776 0.000000 
5.000000e-01 5.000000e-01 4.593432e-01 5.000000e-01 5.000000e-01 1.421654e+00 -0.631719 -0.004723 0.089389 0.462388 0.089389 -0.004723 0.631719 -0.099896 -0.137980 -0.155968 -0.137980 -0.099896 0.000000 
5.000000e-01 5.000000e-01 4.468821e-01 5.000000e-01 5.000000e-01 1.427980e+00 -0.644072 -0.006132 0.085845 0.484647 0.085845 -0.006132 0.644072 -0.100917 -0.140867 -0.160503 -0.140867 -0.100917 0.000000 
5.000000e-01 5.000000e-01 4.343856e-01 5.000000e-01 5.000000e-01 1.434269e+00 -0.656428 -0.007582 0.081699 0.508196 0.081699 -0.007582 0.656428 -0.101844 -0.143764 -0.165212 -0.143764 -0.101844 0.000000 
5.000000e-01 5.000000e-01 4.218541e-01 5.000000e-01 5.000000e-01 1.440520e+00 -0.668786 -0.009047 0.077208 0.532464 0.077208 -0.009047 0.668786 -0.102668 -0.146669 -0.170111 -0.146669 -0.102668 0.000000 
5.000000e-01 5.000000e-01 4.092877e-01 5.000000e-01 5.000000e-01 1.446733e+00 -0.681150 -0.010570 0.071835 0.558620 0.071835 -0.010570 0.681150 -0.103379 -0.149582 -0.175228 -0.149582 -0.103379 0.000000 
5.000000e-01 5.000000e-01 3.966869e-01 5.000000e-01 5.000000e-01 1.452909e+00 -0.693516 -0.012107 0.066006 0.585719 0.066006 -0.012107 0.693516 -0.103957 -0.152498 -0.180605 -0.152498 -0.103957 0.000000 
5.000000e-01 5.000000e-01 3.840518e-01 5.000000e-01 5.000000e-01 1.459047e+00 -0.705885 -0.013664 0.059667 0.613878 0.059667 -0.013664 0.705885 -0.104408 -0.155414 -0.186241 -0.155414 -0.104408 0.000000 
5.000000e-01 5.000000e-01 3.713828e-01 5.000000e-01 5.000000e-01 1.465147e+00 -0.718260 -0.015258 0.052465 0.643847 0.052465 -0.015258 0.718260 -0.104723 -0.158326 -0.192162 -0.158326 -0.104723 0.000000 
5.000000e-01 5.000000e-01 3.586801e-01 5.000000e-01 5.000000e-01 1.471209e+00 -0.730637 -0.016853 0.044941 0.674460 0.044941 -0.016853 0.730637 -0.104880 -0.161226 -0.198425 -0.161226 -0.104880 0.000000 
5.000000e-01 5.000000e-01 3.459441e-01 5.000000e-01 5.000000e-01 1.477232e+00 -0.743019 -0.018474 0.036631 0.706707 0.036631 -0.018474 0.743020 -0.104867 -0.164105 -0.205075 -0.164105 -0.104867 0.000000 
5.000000e-01 5.000000e-01 3.331749e-01 5.000000e-01 5.000000e-01 1.483215e+00 -0.755405 -0.020101 0.027861 0.739884 0.027861 -0.020101 0.755405 -0.104686 -0.166956 -0.212120 -0.166956 -0.104686 0.000000 
5.000000e-01 5.000000e-01 3.203730e-01 5.000000e-01 5.000000e-01 1.489160e+00 -0.767791 -0.021727 0.018713 0.773817 0.018713 -0.021727 0.767791 -0.104327 -0.169766 -0.219605 -0.169766 -0.104327 0.000000 
5.000000e-01 5.000000e-01 3.075384e-01 5.000000e-01 5.000000e-01 1.495063e+00 -0.780181 -0.023364 0.008934 0.809041 0.008934 -0.023364 0.780181 -0.103749 -0.172511 -0.227661 -0.172511 -0.103749 0.000000 
5.000000e-01 5.000000e-01 2.946716e-01 5.000000e-01 5.000000e-01 1.500926e+00 -0.792568 -0.024985 -0.000974 0.844485 -0.000974 -0.024985 0.792568 -0.102962 -0.175176 -0.236290 -0.175176 -0.102962 0.000000 
5.000000e-01 5.000000e-01 2.817726e-01 5.000000e-01 5.000000e-01 1.506746e+00 -0.804954 -0.026604 -0.011298 0.880760 -0.011298 -0.026604 0.804954 -0.101961 -0.177743 -0.245547 -0.177743 -0.101961 0.000000 
5.000000e-01 5.000000e-01 2.688419e-01 5.000000e-01 5.000000e-01 1.512536e+00 -0.817344 -0.028210 -0.021696 0.917155 -0.021696 -0.028210 0.817344 -0.100717 -0.180173 -0.255564 -0.180173 -0.100717 0.000000 
5.000000e-01 5.000000e-01 2.558796e-01 5.000000e-01 5.000000e-01 1.515005e+00 -0.827516 -0.028012 -0.025169 0.933878 -0.025169 -0.028012 0.827516 -0.098804 -0.181950 -0.266008 -0.181950 -0.098804 0.000000 
5.000000e-01 5.000000e-01 2.428859e-01 5.000000e-01 5.000000e-01 1.515005e+00 -0.836042 -0.026466 -0.023361 0.935695 -0.023361 -0.026466 0.836042 -0.096339 -0.183170 -0.277024 -0.183170 -0.096339 0.000000 
5.000000e-01 5.000000e-01 2.298611e-01 5.000000e-01 5.000000e-01 1.515005e+00 -0.844589 -0.024915 -0.021548 0.937517 -0.021548 -0.024915 0.844589 -0.093613 -0.184133 -0.289097 -0.184133 -0.093613 0.000000 
5.000000e-01 5.000000e-01 2.168053e-01 5.000000e-01 5.000000e-01 1.515005e+00 -0.853156 -0.023361 -0.019732 0.939341 -0.019732 -0.023361 0.853156 -0.090569 -0.184713 -0.302591 -0.184713 -0.090569 0.000000 
5.000000e-01 5.000000e-01 2.037187e-01 5.000000e-01 5.000000e-01 1.515005e+00 -0.861744 -0.021802 -0.017911 0.941170 -0.017911 -0.021802 0.861744 -0.087244 -0.184884 -0.317486 -0.184884 -0.087244 0.000000 
5.000000e-01 5.000000e-01 1.906013e-01 5.000000e-01 5.000000e-01 1.515005e+00 -0.870352 -0.020239 -0.016086 0.943002 -0.016086 -0.020239 0.870352 -0.083630 -0.184558 -0.333976 -0.184558 -0.083630 0.000000 
5.000000e-01 5.000000e-01 1.774533e-01 5.000000e-01 5.000000e-01 1.515005e+00 -0.878982 -0.018671 -0.014257 0.944838 -0.014257 -0.018671 0.878982 -0.079675 -0.183512 -0.352608 -0.183512 -0.079675 0.000000 
5.000000e-01 5.000000e-01 1.642746e-01 5.000000e-01 5.000000e-01 1.515005e+00 -0.887634 -0.017100 -0.012423 0.946679 -0.012423 -0.017100 0.887634 -0.075406 -0.181666 -0.373489 -0.181666 -0.075406 0.000000 
5.000000e-01 5.000000e-01 1.510649e-01 5.000000e-01 5.000000e-01 1.515005e+00 -0.896309 -0.015524 -0.010584 0.948524 -0.010584 -0.015524 0.896309 -0.070833 -0.178884 -0.396875 -0.178884 -0.070833 0.000000 
5.000000e-01 5.000000e-01 1.378240e-01 5.000000e-01 5.000000e-01 1.515005e+00 -0.905008 -0.013943 -0.008740 0.950373 -0.008740 -0.013943 0.905008 -0.065916 -0.174803 -0.423569 -0.174803 -0.065916 0.000000 
5.000000e-01 5.000000e-01 1.245513e-01 5.000000e-01 5.000000e-01 1.515005e+00 -0.913734 -0.012357 -0.006891 0.952228 -0.006891 -0.012357 0.913734 -0.060677 -0.169233 -0.453913 -0.169233 -0.060677 0.000000 
5.000000e-01 5.000000e-01 1.112457e-01 5.000000e-01 5.000000e-01 1.515005e+00 -0.922490 -0.010765 -0.005035 0.954089 -0.005035 -0.010765 0.922490 -0.055140 -0.161992 -0.488226 -0.161992 -0.055140 0.000000 
5.000000e-01 5.000000e-01 9.790609e-02 5.000000e-01 5.000000e-01 1.515005e+00 -0.931281 -0.009167 -0.003172 0.955958 -0.003172 -0.009167 0.931281 -0.049279 -0.152513 -0.527698 -0.152513 -0.049279 0.000000 
5.000000e-01 5.000000e-01 8.453062e-02 5.000000e-01 5.000000e-01 1.515005e+00 -0.940113 -0.007561 -0.001300 0.957834 -0.001300 -0.007561 0.940113 -0.043121 -0.140522 -0.572827 -0.140522 -0.043121 0.000000 
5.000000e-01 5.000000e-01 7.111710e-02 5.000000e-01 5.000000e-01 1.515005e+00 -0.948992 -0.005946 0.000581 0.959721 0.000581 -0.005946 0.948992 -0.036699 -0.125872 -0.623850 -0.125872 -0.036699 0.000000 
5.000000e-01 5.000000e-01 5.766317e-02 5.000000e-01 5.000000e-01 1.515005e+00 -0.957929 -0.004320 0.002475 0.961620 0.002475 -0.004320 0.957929 -0.030000 -0.107892 -0.682145 -0.107892 -0.030000 0.000000 
5.000000e-01 5.000000e-01 4.416688e-02 5.000000e-01 5.000000e-01 1.515005e+00 -0.966931 -0.002683 0.004383 0.963532 0.004383 -0.002683 0.966931 -0.023067 -0.086644 -0.747507 -0.086644 -0.023067 0.000000 
5.000000e-01 5.000000e-01 3.062751e-02 5.000000e-01 5.000000e-01 1.515005e+00 -0.975998 -0.001034 0.006304 0.965458 0.006304 -0.001034 0.975998 -0.015943 -0.062431 -0.819250 -0.062431 -0.015943 0.000000 
5.000000e-01 5.000000e-01 1.704688e-02 5.000000e-01 5.000000e-01 1.515005e+00 -0.985133 0.000627 0.008240 0.967398 0.008240 0.000627 0.985133 -0.008647 -0.035335 -0.897169 -0.035335 -0.008647 0.000000 
5.000000e-01 5.000000e-01 4.999896e-03 5.000000e-01 5.000000e-01 1.515005e+00 -0.993256 0.002105 0.009961 0.969123 0.009961 0.002105 0.993256 -0.002108 -0.009973 -0.969094 -0.009973 -0.002108 0.000000 
5.000000e-01 5.000000e-01 4.999896e-03 5.000000e-01 5.000000e-01 1.515005e+00 -0.993256 0.002105 0.009961 0.969123 0.009961 0.002105 0.993256 -0.002108 -0.009973 -0.969094 -0.009973 -0.002108 0.000000 
5.000000e-01 5.000000e-01 4.999896e-03 5.000000e-01 5.000000e-01 1.515005e+00 -0.993256 0.002105 0.009961 0.969123 0.009961 0.002105 0.993256 -0.002108 -0.009973 -0.969094 -0.009973 -0.002108 0.000000 
5.000000e-01 5.000000e-01 4.999896e-03 5.000000e-01 5.000000e-01 1.515005e+00 -0.993256 0.002105 0.009961 0.969123 0.009961 0.002105 0.993256 -0.002108 -0.009973 -0.969094 -0.009973 -0.002108 0.000000 
5.000000e-01 5.000000e-01 4.999896e-03 5.000000e-01 5.000000e-01 1.515005e+00 -0.993256 0.002105 0.009961 0.969123 0.009961 0.002105 0.993256 -0.002108 -0.009973 -0.969094 -0.009973 -0.002108 0.000000 
5.000000e-01 5.000000e-01 4.999896e-03 5.000000e-01 5.000000e-01 1.515005e+00 -0.993256 0.002105 0.009961 0.969123 0.009961 0.002105 0.993256 -0.002108 -0.009973 -0.969094 -0.009973 -0.002108 0.000000 
5.000000e-01 5.000000e-01 4.999896e-03 5.000000e-01 5.000000e-01 1.515005e+00 -0.993256 0.002105 0.009961 0.969123 0.009961 0.002105 0.993256 -0.002108 -0.009973 -0.969094 -0.009973 -0.002108 0.000000 
5.000000e-01 5.000000e-01 4.999896e-03 5.000000e-01 5.000000e-01 1.515005e+00 -0.993256 0.002105 0.009961 0.969123 0.009961 0.002105 0.993256 -0.002108 -0.009973 -0.969094 -0.009973 -0.002108 0.000000 
5.000000e-01 5.000000e-01 4.999896e-03 5.000000e-01 5.000000e-01 1.515005e+00 -0.993256 0.002105 0.009961 0.969123 0.009961 0.002105 0.993256 -0.002108 -0.009973 -0.969094 -0.009973 -0.002108 0.000000 
5.000000e-01 5.000000e-01 4.999896e-03 5.000000e-01 5.000000e-01 1.515005e+00 -0.993256 0.002105 0.009961 0.969123 0.009961 0.002105 0.993256 -0.002108 -0.009973 -0.969094 -0.009973 -0.002108 0.000000 
5.000000e-01 5.000000e-01 4.999896e-03 5.000000e-01 5.000000e-01 1.515005e+00 -0.993256 0.002105 0.009961 0.969123 0.009961 0.002105 0.993256 -0.002108 -0.009973 -0.969094 -0.009973 -0.002108 0.000000 
5.000000e-01 5.000000e-01 4.999896e-03 5.000000e-01 5.000000e-01 1.515005e+00 -0.993256 0.002105 0.009961 0.969123 0.009961 0.002105 0.993256 -0.002108 -0.009973 -0.969094 -0.009973 -0.002108 0.000000 
5.000000e-01 5.000000e-01 4.999896e-03 5.000000e-01 5.000000e-01 1.515005e+00 -0.993256 0.002105 0.009961 0.969123 0.009961 0.002105 0.993256 -0.002108 -0.009973 -0.969094 -0.009973 -0.002108 0.000000 
5.000000e-01 5.000000e-01 4.999896e-03 5.000000e-01 5.000000e-01 1.515005e+00 -0.993256 0.002105 0.009961 0.969123 0.009961 0.002105 0.993256 -0.002108 -0.009973 -0.969094 -0.009973 -0.002108 0.000000 
5.000000e-01 5.000000e-01 4.999896e-03 5.000000e-01 5.000000e-01 1.515005e+00 -0.993256 0.002105 0.009961 0.969123 0.009961 0.002105 0.993256 -0.002108 -0.009973 -0.969094 -0.009973 -0.002108 0.000000 
5.000000e-01 5.000000e-01 4.999896e-03 5.000000e-01 5.000000e-01 1.515005e+00 -0.993256 0.002105 0.009961 0.969123 0.009961 0.002105 0.993256 -0.002108 -0.009973 -0.969094 -0.009973 -0.002108 0.000000 
5.000000e-01 5.000000e-01 4.999896e-03 5.000000e-01 5.000000e-01 1.515005e+00 -0.993256 0.002105 0.009961 0.969123 0.009961 0.002105 0.993256 -0.002108 -0.009973 -0.969094 -0.009973 -0.002108 0.000000 
5.000000e-01 5.000000e-01 4.999896e-03 5.000000e-01 5.000000e-01 1.515005e+00 -0.993256 0.002105 0.009961 0.969123 0.009961 0.002105 0.993256 -0.002108 -0.009973 -0.969094 -0.009973 -0.002108 0.000000 
5.000000e-01 5.000000e-01 4.999896e-03 5.000000e-01 5.000000e-01 1.515005e+00 -0.993256 0.002105 0.009961 0.969123 0.009961 0.002105 0.993256 -0.002108 -0.009973 -0.969094 -0.009973 -0.002108 0.000000 
5.000000e-01 5.000000e-01 4.999896e-03 5.000000e-01 5.000000e-01 1.515005e+00 -0.993256 0.002105 0.009961 0.969123 0.009961 0.002105 0.993256 -0.002108 -0.009973 -0.969094 -0.009973 -0.002108 0.000000 
5.000000e-01 5.000000e-01 4.999896e-03 5.000000e-01 5.000000e-01 1.515005e+00 -0.993256 0.002105 0.009961 0.969123 0.009961 0.002105 0.993256 -0.002108 -0.009973 -0.969094 -0.009973 -0.002108 0.000000 
5.000000e-01 5.000000e-01 4.999896e-03 5.000000e-01 5.000000e-01 1.515005e+00 -0.993256 0.002105 0.009961 0.969123 0.009961 0.002105 0.993256 -0.002108 -0.009973 -0.969094 -0.009973 -0.002108 0.000000 
5.000000e-01 5.000000e-01 4.999896e-03 5.000000e-01 5.000000e-01 1.515005e+00 -0.993256 0.002105 0.009961 0.969123 0.009961 0.002105 0.993256 -0.002108 -0.009973 -0.969094 -0.009973 -0.002108 0.000000 
5.000000e-01 5.000000e-01 4.999896e-03 5.000000e-01 5.000000e-01 1.515005e+00 -0.993256 0.002105 0.009961 0.969123 0.009961 0.002105 0.993256 -0.002108 -0.009973 -0.969094 -0.009973 -0.002108 0.000000 
5.000000e-01 5.000000e-01 4.999896e-03 5.000000e-01 5.000000e-01 1.515005e+00 -0.993256 0.002105 0.009961 0.969123 0.009961 0.002105 0.993256 -0.002108 -0.009973 -0.969094 -0.009973 -0.002108 0.000000 
5.000000e-01 5.000000e-01 4.999896e-03 5.000000e-01 5.000000e-01 1.515005e+00 -0.993256 0.002105 0.009961 0.969123 0.009961 0.002105 0.993256 -0.002108 -0.009973 -0.969094 -0.009973 -0.002108 0.000000 
5.000000e-01 5.000000e-01 4.999896e-03 5.000000e-01 5.000000e-01 1.515005e+00 -0.993256 0.002105 0.009961 0.969123 0.009961 0.002105 0.993256 -0.002108 -0.009973 -0.969094 -0.009973 -0.002108 0.000000 
5.000000e-01 5.000000e-01 4.999896e-03 5.000000e-01 5.000000e-01 1.515005e+00 -0.993256 0.002105 0.009961 0.969123 0.009961 0.002105 0.993256 -0.002108 -0.009973 -0.969094 -0.009973 -0.002108 0.000000 
5.000000e-01 5.000000e-01 4.999896e-03 5.000000e-01 5.000000e-01 1.515005e+00 -0.993256 0.002105 0.009961 0.969123 0.009961 0.002105 0.993256 -0.002108 -0.009973 -0.969094 -0.009973 -0.002108 0.000000 
5.000000e-01 5.000000e-01 4.999896e-03 5.000000e-01 5.000000e-01 1.515005e+00 -0.993256 0.002105 0.009961 0.969123 0.009961 0.002105 0.993256 -0.002108 -0.009973 -0.969094 -0.009973 -0.002108 0.000000 
5.000000e-01 5.000000e-01 4.999896e-03 5.000000e-01 5.000000e-01 1.515005e+00 -0.993256 0.002105 0.009961 0.969123 0.009961 0.002105 0.993256 -0.002108 -0.009973 -0.969094 -0.009973 -0.002108 0.000000 
5.000000e-01 5.000000e-01 4.999896e-03 5.000000e-01 5.000000e-01 1.515005e+00 -0.993256 0.002105 0.009961 0.969123 0.009961 0.002105 0.993256 -0.002108 -0.009973 -0.969094 -0.009973 -0.002108 0.000000 
5.000000e-01 5.000000e-01 4.999896e-03 5.000000e-01 5.000000e-01 1.515005e+00 -0.993256 0.002105 0.009961 0.969123 0.009961 0.002105 0.993256 -0.002108 -0.009973 -0.969094 -0.009973 -0.002108 0.000000 
5.000000e-01 5.000000e-01 4.999896e-03 5.000000e-01 5.000000e-01 1.515005e+00 -0.993256 0.002105 0.009961 0.969123 0.009961 0.002105 0.993256 -0.002108 -0.009973 -0.969094 -0.009973 -0.002108 0.000000 
5.000000e-01 5.000000e-01 4.999896e-03 5.000000e-01 5.000000e-01 1.515005e+00 -0.993256 0.002105 0.009961 0.969123 0.009961 0.002105 0.993256 -0.002108 -0.009973 -0.969094 -0.009973 -0.002108 0.000000 
5.000000e-01 5.000000e-01 4.999896e-03 5.000000e-01 5.000000e-01 1.515005e+00 -0.993256 0.002105 0.009961 0.969123 0.009961 0.002105 0.993256 -0.002108 -0.009973 -0.969094 -0.009973 -0.002108 0.000000 
5.000000e-01 5.000000e-01 4.999896e-03 5.000000e-01 5.000000e-01 1.515005e+00 -0.993256 0.002105 0.009961 0.969123 0.009961 0.002105 0.993256 -0.002108 -0.009973 -0.969094 -0.009973 -0.002108 0.000000 
5.000000e-01 5.000000e-01 4.999896e-03 5.000000e-01 5.000000e-01 1.515005e+00 -0.993256 0.002105 0.009961 0.969123 0.009961 0.002105 0.993256 -0.002108 -0.009973 -0.969094 -0.009973 -0.002108 0.000000 
5.000000e-01 5.000000e-01 4.999896e-03 5.000000e-01 5.000000e-01 1.515005e+00 -0.993256 0.002105 0.009961 0.969123 0.009961 0.002105 0.993256 -0.002108 -0.009973 -0.969094 -0.009973 -0.002108 0.000000 
5.000000e-01 5.000000e-01 4.999896e-03 5.000000e-01 5.000000e-01 1.515005e+00 -0.993256 0.002105 0.009961 0.969123 0.009961 0.002105 0.993256 -0.002108 -0.009973 -0.969094 -0.009973 -0.002108 0.000000 
5.000000e-01 5.000000e-01 4.999896e-03 5.000000e-01 5.000000e-01 1.515005e+00 -0.993256 0.002105 0.009961 0.969123 0.009961 0.002105 0.993256 -0.002108 -0.009973 -0.969094 -0.009973 -0.002108 0.000000 
5.000000e-01 5.000000e-01 4.999896e-03 5.000000e-01 5.000000e-01 1.515005e+00 -0.993256 0.002105 0.009961 0.969123 0.009961 0.002105 0.993256 -0.002108 -0.009973 -0.969094 -0.009973 -0.002108 0.000000 
5.000000e-01 5.000000e-01 4.999896e-03 5.000000e-01 5.000000e-01 1.515005e+00 -0.993256 0.002105 0.009961 0.969123 0.009961 0.002105 0.993256 -0.002108 -0.009973 -0.969094 -0.009973 -0.002108 0.000000 
5.000000e-01 5.000000e-01 4.999896e-03 5.000000e-01 5.000000e-01 1.515005e+00 -0.993256 0.002105 0.009961 0.969123 0.009961 0.002105 0.993256 -0.002108 -0.009973 -0.969094 -0.009973 -0.002108 0.000000 
5.000000e-01 5.000000e-01 4.999896e-03 5.000000e-01 5.000000e-01 1.515005e+00 -0.993256 0.002105 0.009961 0.969123 0.009961 0.002105 0.993256 -0.002108 -0.009973 -0.969094 -0.009973 -0.002108 0.000000 
5.000000e-01 5.000000e-01 4.999896e-03 5.000000e-01 5.000000e-01 1.515005e+00 -0.993256 0.002105 0.009961 0.969123 0.009961 0.002105 0.993256 -0.002108 -0.009973 -0.969094 -0.009973 -0.002108 0.000000 
5.000000e-01 5.000000e-01 4.999896e-03 5.000000e-01 5.000000e-01 1.515005e+00 -0.993256 0.002105 0.009961 0.969123 0.009961 0.002105 0.993256 -0.002108 -0.009973 -0.969094 -0.009973 -0.002108 0.000000 
5.000000e-01 5.000000e-01 4.999896e-03 5.000000e-01 5.000000e-01 1.515005e+00 -0.993256 0.002105 0.009961 0.969123 0.009961 0.002105 0.993256 -0.002108 -0.009973 -0.969094 -0.009973 -0.002108 0.000000 
5.000000e-01 5.000000e-01 4.999896e-03 5.000000e-01 5.000000e-01 1.515005e+00 -0.993256 0.002105 0.009961 0.969123 0.009961 0.002105 0.993256 -0.002108 -0.009973 -0.969094 -0.009973 -0.002108 0.000000 
5.000000e-01 5.000000e-01 4.999896e-03 5.000000e-01 5.000000e-01 1.515005e+00 -0.993256 0.002105 0.009961 0.969123 0.009961 0.002105 0.993256 -0.002108 -0.009973 -0.969094 -0.009973 -0.002108 0.000000 
5.000000e-01 5.000000e-01 4.999896e-03 5.000000e-01 5.000000e-01 1.515005e+00 -0.993256 0.002105 0.009961 0.969123 0.009961 0.002105 0.993256 -0.002108 -0.009973 -0.969094 -0.009973 -0.002108 0.000000 
5.000000e-01 5.000000e-01 4.999896e-03 5.000000e-01 5.000000e-01 1.515005e+00 -0.993256 0.002105 0.009961 0.969123 0.009961 0.002105 0.993256 -0.002108 -0.009973 -0.969094 -0.009973 -0.002108 0.000000 
5.000000e-01 5.000000e-01 4.999896e-03 5.000000e-01 5.000000e-01 1.515005e+00 -0.993256 0.002105 0.009961 0.969123 0.009961 0.002105 0.993256 -0.002108 -0.009973 -0.969094 -0.009973 -0.002108 0.000000 
5.000000e-01 5.000000e-01 4.999896e-03 5.000000e-01 5.000000e-01 1.515005e+00 -0.993256 0.002105 0.009961 0.969123 0.009961 0.002105 0.993256 -0.002108 -0.009973 -0.969094 -0.009973 -0.002108 0.000000 
5.000000e-01 5.000000e-01 4.999896e-03 5.000000e-01 5.000000e-01 1.515005e+00 -0.993256 0.002105 0.009961 0.969123 0.009961 0.002105 0.993256 -0.002108 -0.009973 -0.969094 -0.009973 -0.002108 0.000000 
5.000000e-01 5.000000e-01 4.999896e-03 5.000000e-01 5.000000e-01 1.515005e+00 -0.993256 0.002105 0.009961 0.969123 0.009961 0.002105 0.993256 -0.002108 -0.009973 -0.969094 -0.009973 -0.002108 0.000000 
5.000000e-01 5.000000e-01 4.999896e-03 5.000000e-01 5.000000e-01 1.515005e+00 -0.993256 0.002105 0.009961 0.969123 0.009961 0.002105 0.993256 -0.002108 -0.009973 -0.969094 -0.009973 -0.002108 0.000000 
5.000000e-01 5.000000e-01 4.999896e-03 5.000000e-01 5.000000e-01 1.515005e+00 -0.993256 0.002105 0.009961 0.969123 0.009961 0.002105 0.993256 -0.002108 -0.009973 -0.969094 -0.009973 -0.002108 0.000000 
5.000000e-01 5.000000e-01 4.999896e-03 5.000000e-01 5.000000e-01 1.515005e+00 -0.993256 0.002105 0.009961 0.969123 0.009961 0.002105 0.993256 -0.002108 -0.009973 -0.969094 -0.009973 -0.002108 0.000000 
5.000000e-01 5.000000e-01 4.999896e-03 5.000000e-01 5.000000e-01 1.515005e+00 -0.993256 0.002105 0.009961 0.969123 0.009961 0.002105 0.993256 -0.002108 -0.009973 -0.969094 -0.009973 -0.002108 0.000000 
5.000000e-01 5.000000e-01 4.999896e-03 5.000000e-01 5.000000e-01 1.515005e+00 -0.993256 0.002105 0.009961 0.969123 0.009961 0.002105 0.993256 -0.002108 -0.009973 -0.969094 -0.009973 -0.002108 0.000000 
5.000000e-01 5.000000e-01 4.999896e-03 5.000000e-01 5.000000e-01 1.515005e+00 -0.993256 0.002105 0.009961 0.969123 0.009961 0.002105 0.993256 -0.002108 -0.009973 -0.969094 -0.009973 -0.002108 0.000000 
5.000000e-01 5.000000e-01 4.999896e-03 5.000000e-01 5.000000e-01 1.515005e+00 -0.993256 0.002105 0.009961 0.969123 0.009961 0.002105 0.993256 -0.002108 -0.009973 -0.969094 -0.009973 -0.002108 0.000000 
5.000000e-01 5.000000e-01 4.999896e-03 5.000000e-01 5.000000e-01 1.515005e+00 -0.993256 0.002105 0.009961 0.969123 0.009961 0.002105 0.993256 -0.002108 -0.009973 -0.969094 -0.009973 -0.002108 0.000000 
5.000000e-01 5.000000e-01 4.999896e-03 5.000000e-01 5.000000e-01 1.515005e+00 -0.993256 0.002105 0.009961 0.969123 0.009961 0.002105 0.993256 -0.002108 -0.009973 -0.969094 -0.009973 -0.002108 0.000000 
5.000000e-01 5.000000e-01 4.999896e-03 5.000000e-01 5.000000e-01 1.515005e+00 -0.993256 0.002105 0.009961 0.969123 0.009961 0.002105 0.993256 -0.002108 -0.009973 -0.969094 -0.009973 -0.002108 0.000000 
5.000000e-01 5.000000e-01 4.999896e-03 5.000000e-01 5.000000e-01 1.515005e+00 -0.993256 0.002105 0.009961 0.969123 0.009961 0.002105 0.993256 -0.002108 -0.009973 -0.969094 -0.009973 -0.002108 0.000000 
5.000000e-01 5.000000e-01 4.999896e-03 5.000000e-01 5.000000e-01 1.515005e+00 -0.993256 0.002105 0.009961 0.969123 0.009961 0.002105 0.993256 -0.002108 -0.009973 -0.969094 -0.009973 -0.002108 0.000000 
5.000000e-01 5.000000e-01 4.999896e-03 5.000000e-01 5.000000e-01 1.515005e+00 -0.993256 0.002105 0.009961 0.969123 0.009961 0.002105 0.993256 -0.002108 -0.009973 -0.969094 -0.009973 -0.002108 0.000000 
5.000000e-01 5.000000e-01 4.999896e-03 5.000000e-01 5.000000e-01 1.515005e+00 -0.993256 0.002105 0.009961 0.969123 0.009961 0.002105 0.993256 -0.002108 -0.009973 -0.969094 -0.009973 -0.002108 0.000000 
5.000000e-01 5.000000e-01 4.999896e-03 5.000000e-01 5.000000e-01 1.515005e+00 -0.993256 0.002105 0.009961 0.969123 0.009961 0.002105 0.993256 -0.002108 -0.009973 -0.969094 -0.009973 -0.002108 0.000000 
5.000000e-01 5.000000e-01 4.999896e-03 5.000000e-01 5.000000e-01 1.515005e+00 -0.993256 0.002105 0.009961 0.969123 0.009961 0.002105 0.993256 -0.002108 -0.009973 -0.969094 -0.009973 -0.002108 0.000000 
5.000000e-01 5.000000e-01 4.999896e-03 5.000000e-01 5.000000e-01 1.515005e+00 -0.993256 0.002105 0.009961 0.969123 0.009961 0.002105 0.993256 -0.002108 -0.009973 -0.969094 -0.009973 -0.002108 0.000000 
5.000000e-01 5.000000e-01 4.999896e-03 5.000000e-01 5.000000e-01 1.515005e+00 -0.993256 0.002105 0.009961 0.969123 0.009961 0.002105 0.993256 -0.002108 -0.009973 -0.969094 -0.009973 -0.002108 0.000000 
5.000000e-01 5.000000e-01 4.999896e-03 5.000000e-01 5.000000e-01 1.515005e+00 -0.993256 0.002105 0.009961 0.969123 0.009961 0.002105 0.993256 -0.002108 -0.009973 -0.969094 -0.009973 -0.002108 0.000000 
5.000000e-01 5.000000e-01 4.999896e-03 5.000000e-01 5.000000e-01 1.515005e+00 -0.993256 0.002105 0.009961 0.969123 0.009961 0.002105 0.993256 -0.002108 -0.009973 -0.969094 -0.009973 -0.002108 0.000000 
5.000000e-01 5.000000e-01 4.999896e-03 5.000000e-01 5.000000e-01 1.515005e+00 -0.993256 0.002105 0.009961 0.969123 0.009961 0.002105 0.993256 -0.002108 -0.009973 -0.969094 -0.009973 -0.002108 0.000000 
5.000000e-01 5.000000e-01 4.999896e-03 5.000000e-01 5.000000e-01 1.515005e+00 -0.993256 0.002105 0.009961 0.969123 0.009961 0.002105 0.993256 -0.002108 -0.009973 -0.969094 -0.009973 -0.002108 0.000000 
5.000000e-01 5.000000e-01 4.999896e-03 5.000000e-01 5.000000e-01 1.515005e+00 -0.993256 0.002105 0.009961 0.969123 0.009961 0.002105 0.993256 -0.002108 -0.009973 -0.969094 -0.009973 -0.002108 0.000000 
5.000000e-01 5.000000e-01 4.999896e-03 5.000000e-01 5.000000e-01 1.515005e+00 -0.993256 0.002105 0.009961 0.969123 0.009961 0.002105 0.993256 -0.002108 -0.009973 -0.969094 -0.009973 -0.002108 0.000000 
5.000000e-01 5.000000e-01 4.999896e-03 5.000000e-01 5.000000e-01 1.515005e+00 -0.993256 0.002105 0.009961 0.969123 0.009961 0.002105 0.993256 -0.002108 -0.009973 -0.969094 -0.009973 -0.002108 0.000000 
5.000000e-01 5.000000e-01 4.999896e-03 5.000000e-01 5.000000e-01 1.515005e+00 -0.993256 0.002105 0.009961 0.969123 0.009961 0.002105 0.993256 -0.002108 -0.009973 -0.969094 -0.009973 -0.002108 0.000000 
5.000000e-01 5.000000e-01 4.999896e-03 5.000000e-01 5.000000e-01 1.515005e+00 -0.993256 0.002105 0.009961 0.969123 0.009961 0.002105 0.993256 -0.002108 -0.009973 -0.969094 -0.009973 -0.002108 0.000000 
5.000000e-01 5.000000e-01 4.999896e-03 5.000000e-01 5.000000e-01 1.515005e+00 -0.993256 0.002105 0.009961 0.969123 0.009961 0.002105 0.993256 -0.002108 -0.009973 -0.969094 -0.009973 -0.002108 0.000000 
5.000000e-01 5.000000e-01 4.999896e-03 5.000000e-01 5.000000e-01 1.515005e+00 -0.993256 0.002105 0.009961 0.969123 0.009961 0.002105 0.993256 -0.002108 -0.009973 -0.969094 -0.009973 -0.002108 0.000000 
5.000000e-01 5.000000e-01 4.999896e-03 5.000000e-01 5.000000e-01 1.515005e+00 -0.993256 0.002105 0.009961 0.969123 0.009961 0.002105 0.993256 -0.002108 -0.009973 -0.969094 -0.009973 -0.002108 0.000000 
5.000000e-01 5.000000e-01 4.999896e-03 5.000000e-01 5.000000e-01 1.515005e+00 -0.993256 0.002105 0.009961 0.969123 0.009961 0.002105 0.993256 -0.002108 -0.009973 -0.969094 -0.009973 -0.002108 0.000000 
5.000000e-01 5.000000e-01 4.999896e-03 5.000000e-01 5.000000e-01 1.515005e+00 -0.993256 0.002105 0.009961 0.969123 0.009961 0.002105 0.993256 -0.002108 -0.009973 -0.969094 -0.009973 -0.002108 0.000000 
5.000000e-01 5.000000e-01 4.999896e-03 5.000000e-01 5.000000e-01 1.515005e+00 -0.993256 0.002105 0.009961 0.969123 0.009961 0.002105 0.993256 -0.002108 -0.009973 -0.969094 -0.009973 -0.002108 0.000000 
5.000000e-01 5.000000e-01 4.999896e-03 5.000000e-01 5.000000e-01 1.515005e+00 -0.993256 0.002105 0.009961 0.969123 0.009961 0.002105 0.993256 -0.002108 -0.009973 -0.969094 -0.009973 -0.002108 0.000000 
5.000000e-01 5.000000e-01 4.999896e-03 5.000000e-01 5.000000e-01 1.515005e+00 -0.993256 0.002105 0.009961 0.969123 0.009961 0.002105 0.993256 -0.002108 -0.009973 -0.969094 -0.009973 -0.002108 0.000000 
5.000000e-01 5.000000e-01 4.999896e-03 5.000000e-01 5.000000e-01 1.515005e+00 -0.993256 0.002105 0.009961 0.969123 0.009961 0.002105 0.993256 -0.002108 -0.009973 -0.969094 -0.009973 -0.002108 0.000000 
5.000000e-01 5.000000e-01 4.999896e-03 5.000000e-01 5.000000e-01 1.515005e+00 -0.993256 0.002105 0.009961 0.969123 0.009961 0.002105 0.993256 -0.002108 -0.009973 -0.969094 -0.009973 -0.002108 0.000000 
5.000000e-01 5.000000e-01 4.999896e-03 5.000000e-01 5.000000e-01 1.515005e+00 -0.993256 0.002105 0.009961 0.969123 0.009961 0.002105 0.993256 -0.002108 -0.009973 -0.969094 -0.009973 -0.002108 0.000000 
5.000000e-01 5.000000e-01 4.999896e-03 5.000000e-01 5.000000e-01 1.515005e+00 -0.993256 0.002105 0.009961 0.969123 0.009961 0.002105 0.993256 -0.002108 -0.009973 -0.969094 -0.009973 -0.002108 0.000000 
5.000000e-01 5.000000e-01 4.999896e-03 5.000000e-01 5.000000e-01 1.515005e+00 -0.993256 0.002105 0.009961 0.969123 0.009961 0.002105 0.993256 -0.002108 -0.009973 -0.969094 -0.009973 -0.002108 0.000000 
5.000000e-01 5.000000e-01 4.999896e-03 5.000000e-01 5.000000e-01 1.515005e+00 -0.993256 0.002105 0.009961 0.969123 0.009961 0.002105 0.993256 -0.002108 -0.009973 -0.969094 -0.009973 -0.002108 0.000000 
5.000000e-01 5.000000e-01 4.999896e-03 5.000000e-01 5.000000e-01 1.515005e+00 -0.993256 0.002105 0.009961 0.969123 0.009961 0.002105 0.993256 -0.002108 -0.009973 -0.969094 -0.009973 -0.002108 0.000000 
5.000000e-01 5.000000e-01 4.999896e-03 5.000000e-01 5.000000e-01 1.515005e+00 -0.993256 0.002105 0.009961 0.969123 0.009961 0.002105 0.993256 -0.002108 -0.009973 -0.969094 -0.009973 -0.002108 0.000000 
5.000000e-01 5.000000e-01 4.999896e-03 5.000000e-01 5.000000e-01 1.515005e+00 -0.993256 0.002105 0.009961 0.969123 0.009961 0.002105 0.993256 -0.002108 -0.009973 -0.969094 -0.009973 -0.002108 0.000000 
5.000000e-01 5.000000e-01 4.999896e-03 5.000000e-01 5.000000e-01 1.515005e+00 -0.993256 0.002105 0.009961 0.969123 0.009961 0.002105 0.993256 -0.002108 -0.009973 -0.969094 -0.009973 -0.002108 0.000000 
5.000000e-01 5.000000e-01 4.999896e-03 5.000000e-01 5.000000e-01 1.515005e+00 -0.993256 0.002105 0.009961 0.969123 0.009961 0.002105 0.993256 -0.002108 -0.009973 -0.969094 -0.009973 -0.002108 0.000000 
5.000000e-01 5.000000e-01 4.999896e-03 5.000000e-01 5.000000e-01 1.515005e+00 -0.993256 0.002105 0.009961 0.969123 0.009961 0.002105 0.993256 -0.002108 -0.009973 -0.969094 -0.009973 -0.002108 0.000000 
5.000000e-01 5.000000e-01 4.999896e-03 5.000000e-01 5.000000e-01 1.515005e+00 -0.993256 0.002105 0.009961 0.969123 0.009961 0.002105 0.993256 -0.002108 -0.009973 -0.969094 -0.009973 -0.002108 0.000000 
5.000000e-01 5.000000e-01 4.999896e-03 5.000000e-01 5.000000e-01 1.515005e+00 -0.993256 0.002105 0.009961 0.969123 0.009961 0.002105 0.993256 -0.002108 -0.009973 -0.969094 -0.009973 -0.002108 0.000000 
5.000000e-01 5.000000e-01 4.999896e-03 5.000000e-01 5.000000e-01 1.515005e+00 -0.993256 0.002105 0.009961 0.969123 0.009961 0.002105 0.993256 -0.002108 -0.009973 -0.969094 -0.009973 -0.002108 0.000000 
5.000000e-01 5.000000e-01 4.999896e-03 5.000000e-01 5.000000e-01 1.515005e+00 -0.993256 0.002105 0.009961 0.969123 0.009961 0.002105 0.993256 -0.002108 -0.009973 -0.969094 -0.009973 -0.002108 0.000000 
5.000000e-01 5.000000e-01 4.999896e-03 5.000000e-01 5.000000e-01 1.515005e+00 -0.993256 0.002105 0.009961 0.969123 0.009961 0.002105 0.993256 -0.002108 -0.009973 -0.969094 -0.009973 -0.002108 0.000000 
5.000000e-01 5.000000e-01 4.999896e-03 5.000000e-01 5.000000e-01 1.515005e+00 -0.993256 0.002105 0.009961 0.969123 0.009961 0.002105 0.993256 -0.002108 -0.009973 -0.969094 -0.009973 -0.002108 0.000000 
5.000000e-01 5.000000e-01 4.999896e-03 5.000000e-01 5.000000e-01 1.515005e+00 -0.993256 0.002105 0.009961 0.969123 0.009961 0.002105 0.993256 -0.002108 -0.009973 -0.969094 -0.009973 -0.002108 0.000000 
5.000000e-01 5.000000e-01 4.999896e-03 5.000000e-01 5.000000e-01 1.515005e+00 -0.993256 0.002105 0.009961 0.969123 0.009961 0.002105 0.993256 -0.002108 -0.009973 -0.969094 -0.009973 -0.002108 0.000000 
5.000000e-01 5.000000e-01 4.999896e-03 5.000000e-01 5.000000e-01 1.515005e+00 -0.993256 0.002105 0.009961 0.969123 0.009961 0.002105 0.993256 -0.002108 -0.009973 -0.969094 -0.009973 -0.002108 0.000000 
5.000000e-01 5.000000e-01 4.999896e-03 5.000000e-01 5.000000e-01 1.515005e+00 -0.993256 0.002105 0.009961 0.969123 0.009961 0.002105 0.993256 -0.002108 -0.009973 -0.969094 -0.009973 -0.002108 0.000000 
5.000000e-01 5.000000e-01 4.999896e-03 5.000000e-01 5.000000e-01 1.515005e+00 -0.993256 0.002105 0.009961 0.969123 0.009961 0.002105 0.993256 -0.002108 -0.009973 -0.969094 -0.009973 -0.002108 0.000000 
5.000000e-01 5.000000e-01 4.999896e-03 5.000000e-01 5.000000e-01 1.515005e+00 -0.993256 0.002105 0.009961 0.969123 0.009961 0.002105 0.993256 -0.002108 -0.009973 -0.969094 -0.009973 -0.002108 0.000000 
5.000000e-01 5.000000e-01 4.999896e-03 5.000000e-01 5.000000e-01 1.515005e+00 -0.993256 0.002105 0.009961 0.969123 0.009961 0.002105 0.993256 -0.002108 -0.009973 -0.969094 -0.009973 -0.002108 0.000000 
5.000000e-01 5.000000e-01 4.999896e-03 5.000000e-01 5.000000e-01 1.515005e+00 -0.993256 0.002105 0.009961 0.969123 0.009961 0.002105 0.993256 -0.002108 -0.009973 -0.969094 -0.009973 -0.002108 0.000000 
5.000000e-01 5.000000e-01 4.999896e-03 5.000000e-01 5.000000e-01 1.515005e+00 -0.993256 0.002105 0.009961 0.969123 0.009961 0.002105 0.993256 -0.002108 -0.009973 -0.969094 -0.009973 -0.002108 0.000000 
5.000000e-01 5.000000e-01 4.999896e-03 5.000000e-01 5.000000e-01 1.515005e+00 -0.993256 0.002105 0.009961 0.969123 0.009961 0.002105 0.993256 -0.002108 -0.009973 -0.969094 -0.009973 -0.002108 0.000000 
5.000000e-01 5.000000e-01 4.999896e-03 5.000000e-01 5.000000e-01 1.515005e+00 -0.993256 0.002105 0.009961 0.969123 0.009961 0.002105 0.993256 -0.002108 -0.009973 -0.969094 -0.009973 -0.002108 0.000000 
5.000000e-01 5.000000e-01 4.999896e-03 5.000000e-01 5.000000e-01 1.515005e+00 -0.993256 0.002105 0.009961 0.969123 0.009961 0.002105 0.993256 -0.002108 -0.009973 -0.969094 -0.009973 -0.002108 0.000000 
5.000000e-01 5.000000e-01 4.999896e-03 5.000000e-01 5.000000e-01 1.515005e+00 -0.993256 0.002105 0.009961 0.969123 0.009961 0.002105 0.993256 -0.002108 -0.009973 -0.969094 -0.009973 -0.002108 0.000000 
5.000000e-01 5.000000e-01 4.999896e-03 5.000000e-01 5.000000e-01 1.515005e+00 -0.993256 0.002105 0.009961 0.969123 0.009961 0.002105 0.993256 -0.002108 -0.009973 -0.969094 -0.009973 -0.002108 0.000000 
5.000000e-01 5.000000e-01 4.999896e-03 5.000000e-01 5.000000e-01 1.515005e+00 -0.993256 0.002105 0.009961 0.969123 0.009961 0.002105 0.993256 -0.002108 -0.009973 -0.969094 -0.009973 -0.002108 0.000000 
5.000000e-01 5.000000e-01 4.999896e-03 5.000000e-01 5.000000e-01 1.515005e+00 -0.993256 0.002105 0.009961 0.969123 0.009961 0.002105 0.993256 -0.002108 -0.009973 -0.969094 -0.009973 -0.002108 0.000000 
5.000000e-01 5.000000e-01 4.999896e-03 5.000000e-01 5.000000e-01 1.515005e+00 -0.993256 0.002105 0.009961 0.969123 0.009961 0.002105 0.993256 -0.002108 -0.009973 -0.969094 -0.009973 -0.002108 0.000000 
5.000000e-01 5.000000e-01 4.999896e-03 5.000000e-01 5.000000e-01 1.515005e+00 -0.993256 0.002105 0.009961 0.969123 0.009961 0.002105 0.993256 -0.002108 -0.009973 -0.969094 -0.009973 -0.002108 0.000000 
5.000000e-01 5.000000e-01 4.999896e-03 5.000000e-01 5.000000e-01 1.515005e+00 -0.993256 0.002105 0.009961 0.969123 0.009961 0.002105 0.993256 -0.002108 -0.009973 -0.969094 -0.009973 -0.002108 0.000000 
5.000000e-01 5.000000e-01 4.999896e-03 5.000000e-01 5.000000e-01 1.515005e+00 -0.993256 0.002105 0.009961 0.969123 0.009961 0.002105 0.993256 -0.002108 -0.009973 -0.969094 -0.009973 -0.002108 0.000000 
5.000000e-01 5.000000e-01 4.999896e-03 5.000000e-01 5.000000e-01 1.515005e+00 -0.993256 0.002105 0.009961 0.969123 0.009961 0.002105 0.993256 -0.002108 -0.009973 -0.969094 -0.009973 -0.002108 0.000000 
5.000000e-01 5.000000e-01 4.999896e-03 5.000000e-01 5.000000e-01 1.515005e+00 -0.993256 0.002105 0.009961 0.969123 0.009961 0.002105 0.993256 -0.002108 -0.009973 -0.969094 -0.009973 -0.002108 0.000000 
5.000000e-01 5.000000e-01 4.999896e-03 5.000000e-01 5.000000e-01 1.515005e+00 -0.993256 0.002105 0.009961 0.969123 0.009961 0.002105 0.993256 -0.002108 -0.009973 -0.969094 -0.009973 -0.002108 0.000000 
5.000000e-01 5.000000e-01 4.999896e-03 5.000000e-01 5.000000e-01 1.515005e+00 -0.993256 0.002105 0.009961 0.969123 0.009961 0.002105 0.993256 -0.002108 -0.009973 -0.969094 -0.009973 -0.002108 0.000000 
5.000000e-01 5.000000e-01 4.999896e-03 5.000000e-01 5.000000e-01 1.515005e+00 -0.993256 0.002105 0.009961 0.969123 0.009961 0.002105 0.993256 -0.002108 -0.009973 -0.969094 -0.009973 -0.002108 0.000000 
5.000000e-01 5.000000e-01 4.999896e-03 5.000000e-01 5.000000e-01 1.515005e+00 -0.993256 0.002105 0.009961 0.969123 0.009961 0.002105 0.993256 -0.002108 -0.009973 -0.969094 -0.009973 -0.002108 0.000000 
5.000000e-01 5.000000e-01 4.999896e-03 5.000000e-01 5.000000e-01 1.515005e+00 -0.993256 0.002105 0.009961 0.969123 0.009961 0.002105 0.993256 -0.002108 -0.009973 -0.969094 -0.009973 -0.002108 0.000000 
5.000000e-01 5.000000e-01 4.999896e-03 5.000000e-01 5.000000e-01 1.515005e+00 -0.993256 0.002105 0.009961 0.969123 0.009961 0.002105 0.993256 -0.002108 -0.009973 -0.969094 -0.009973 -0.002108 0.000000 
5.000000e-01 5.000000e-01 4.999896e-03 5.000000e-01 5.000000e-01 1.515005e+00 -0.993256 0.002105 0.009961 0.969123 0.009961 0.002105 0.993256 -0.002108 -0.009973 -0.969094 -0.009973 -0.002108 0.000000 
5.000000e-01 5.000000e-01 4.999896e-03 5.000000e-01 5.000000e-01 1.515005e+00 -0.993256 0.002105 0.009961 0.969123 0.009961 0.002105 0.993256 -0.002108 -0.009973 -0.969094 -0.009973 -0.002108 0.000000 
5.000000e-01 5.000000e-01 4.999896e-03 5.000000e-01 5.000000e-01 1.515005e+00 -0.993256 0.002105 0.009961 0.969123 0.009961 0.002105 0.993256 -0.002108 -0.009973 -0.969094 -0.009973 -0.002108 0.000000 
5.000000e-01 5.000000e-01 4.999896e-03 5.000000e-01 5.000000e-01 1.515005e+00 -0.993256 0.002105 0.009961 0.969123 0.009961 0.002105 0.993256 -0.002108 -0.009973 -0.969094 -0.009973 -0.002108 0.000000 
5.000000e-01 5.000000e-01 4.999896e-03 5.000000e-01 5.000000e-01 1.515005e+00 -0.993256 0.002105 0.009961 0.969123 0.009961 0.002105 0.993256 -0.002108 -0.009973 -0.969094 -0.009973 -0.002108 0.000000 
5.000000e-01 5.000000e-01 4.999896e-03 5.000000e-01 5.000000e-01 1.515005e+00 -0.993256 0.002105 0.009961 0.969123 0.009961 0.002105 0.993256 -0.002108 -0.009973 -0.969094 -0.009973 -0.002108 0.000000 
5.000000e-01 5.000000e-01 4.999896e-03 5.000000e-01 5.000000e-01 1.515005e+00 -0.993256 0.002105 0.009961 0.969123 0.009961 0.002105 0.993256 -0.002108 -0.009973 -0.969094 -0.009973 -0.002108 0.000000 
5.000000e-01 5.000000e-01 4.999896e-03 5.000000e-01 5.000000e-01 1.515005e+00 -0.993256 0.002105 0.009961 0.969123 0.009961 0.002105 0.993256 -0.002108 -0.009973 -0.969094 -0.009973 -0.002108 0.000000 
5.000000e-01 5.000000e-01 4.999896e-03 5.000000e-01 5.000000e-01 1.515005e+00 -0.993256 0.002105 0.009961 0.969123 0.009961 0.002105 0.993256 -0.002108 -0.009973 -0.969094 -0.009973 -0.002108 0.000000 
5.000000e-01 5.000000e-01 4.999896e-03 5.000000e-01 5.000000e-01 1.515005e+00 -0.993256 0.002105 0.009961 0.969123 0.009961 0.002105 0.993256 -0.002108 -0.009973 -0.969094 -0.009973 -0.002108 0.000000 
5.000000e-01 5.000000e-01 4.999896e-03 5.000000e-01 5.000000e-01 1.515005e+00 -0.993256 0.002105 0.009961 0.969123 0.009961 0.002105 0.993256 -0.002108 -0.009973 -0.969094 -0.009973 -0.002108 0.000000 
5.000000e-01 5.000000e-01 4.999896e-03 5.000000e-01 5.000000e-01 1.515005e+00 -0.993256 0.002105 0.009961 0.969123 0.009961 0.002105 0.993256 -0.002108 -0.009973 -0.969094 -0.009973 -0.002108 0.000000 
5.000000e-01 5.000000e-01 4.999896e-03 5.000000e-01 5.000000e-01 1.515005e+00 -0.993256 0.002105 0.009961 0.969123 0.009961 0.002105 0.993256 -0.002108 -0.009973 -0.969094 -0.009973 -0.002108 0.000000 
5.000000e-01 5.000000e-01 4.999896e-03 5.000000e-01 5.000000e-01 1.515005e+00 -0.993256 0.002105 0.009961 0.969123 0.009961 0.002105 0.993256 -0.002108 -0.009973 -0.969094 -0.009973 -0.002108 0.000000 
5.000000e-01 5.000000e-01 4.999896e-03 5.000000e-01 5.000000e-01 1.515005e+00 -0.993256 0.002105 0.009961 0.969123 0.009961 0.002105 0.993256 -0.002108 -0.009973 -0.969094 -0.009973 -0.002108 0.000000 
5.000000e-01 5.000000e-01 4.999896e-03 5.000000e-01 5.000000e-01 1.515005e+00 -0.993256 0.002105 0.009961 0.969123 0.009961 0.002105 0.993256 -0.002108 -0.009973 -0.969094 -0.009973 -0.002108 0.000000 
5.000000e-01 5.000000e-01 4.999896e-03 5.000000e-01 5.000000e-01 1.515005e+00 -0.993256 0.002105 0.009961 0.969123 0.009961 0.002105 0.993256 -0.002108 -0.009973 -0.969094 -0.009973 -0.002108 0.000000 
5.000000e-01 5.000000e-01 4.999896e-03 5.000000e-01 5.000000e-01 1.515005e+00 -0.993256 0.002105 0.009961 0.969123 0.009961 0.002105 0.993256 -0.002108 -0.009973 -0.969094 -0.009973 -0.002108 0.000000 
5.000000e-01 5.000000e-01 4.999896e-03 5.000000e-01 5.000000e-01 1.515005e+00 -0.993256 0.002105 0.009961 0.969123 0.009961 0.002105 0.993256 -0.002108 -0.009973 -0.969094 -0.009973 -0.002108 0.000000 
5.000000e-01 5.000000e-01 4.999896e-03 5.000000e-01 5.000000e-01 1.515005e+00 -0.993256 0.002105 0.009961 0.969123 0.009961 0.002105 0.993256 -0.002108 -0.009973 -0.969094 -0.009973 -0.002108 0.000000 
5.000000e-01 5.000000e-01 4.999896e-03 5.000000e-01 5.000000e-01 1.515005e+00 -0.993256 0.002105 0.009961 0.969123 0.009961 0.002105 0.993256 -0.002108 -0.009973 -0.969094 -0.009973 -0.002108 0.000000 
5.000000e-01 5.000000e-01 4.999896e-03 5.000000e-01 5.000000e-01 1.515005e+00 -0.993256 0.002105 0.009961 0.969123 0.009961 0.002105 0.993256 -0.002108 -0.009973 -0.969094 -0.009973 -0.002108 0.000000 
5.000000e-01 5.000000e-01 4.999896e-03 5.000000e-01 5.000000e-01 1.515005e+00 -0.993256 0.002105 0.009961 0.969123 0.009961 0.002105 0.993256 -0.002108 -0.009973 -0.969094 -0.009973 -0.002108 0.000000 
5.000000e-01 5.000000e-01 4.999896e-03 5.000000e-01 5.000000e-01 1.515005e+00 -0.993256 0.002105 0.009961 0.969123 0.009961 0.002105 0.993256 -0.002108 -0.009973 -0.969094 -0.009973 -0.002108 0.000000 
5.000000e-01 5.000000e-01 4.999896e-03 5.000000e-01 5.000000e-01 1.515005e+00 -0.993256 0.002105 0.009961 0.969123 0.009961 0.002105 0.993256 -0.002108 -0.009973 -0.969094 -0.009973 -0.002108 0.000000 
5.000000e-01 5.000000e-01 4.999896e-03 5.000000e-01 5.000000e-01 1.515005e+00 -0.993256 0.002105 0.009961 0.969123 0.009961 0.002105 0.993256 -0.002108 -0.009973 -0.969094 -0.009973 -0.002108 0.000000 
5.000000e-01 5.000000e-01 4.999896e-03 5.000000e-01 5.000000e-01 1.515005e+00 -0.993256 0.002105 0.009961 0.969123 0.009961 0.002105 0.993256 -0.002108 -0.009973 -0.969094 -0.009973 -0.002108 0.000000 
5.000000e-01 5.000000e-01 4.999896e-03 5.000000e-01 5.000000e-01 1.515005e+00 -0.993256 0.002105 0.009961 0.969123 0.009961 0.002105 0.993256 -0.002108 -0.009973 -0.969094 -0.009973 -0.002108 0.000000 
5.000000e-01 5.000000e-01 4.999896e-03 5.000000e-01 5.000000e-01 1.515005e+00 -0.993256 0.002105 0.009961 0.969123 0.009961 0.002105 0.993256 -0.002108 -0.009973 -0.969094 -0.009973 -0.002108 0.000000 
5.000000e-01 5.000000e-01 4.999896e-03 5.000000e-01 5.000000e-01 1.515005e+00 -0.993256 0.002105 0.009961 0.969123 0.009961 0.002105 0.993256 -0.002108 -0.009973 -0.969094 -0.009973 -0.002108 0.000000 
5.000000e-01 5.000000e-01 4.999896e-03 5.000000e-01 5.000000e-01 1.515005e+00 -0.993256 0.002105 0.009961 0.969123 0.009961 0.002105 0.993256 -0.002108 -0.009973 -0.969094 -0.009973 -0.002108 0.000000 
5.000000e-01 5.000000e-01 4.999896e-03 5.000000e-01 5.000000e-01 1.515005e+00 -0.993256 0.002105 0.009961 0.969123 0.009961 0.002105 0.993256 -0.002108 -0.009973 -0.969094 -0.009973 -0.002108 0.000000 
5.000000e-01 5.000000e-01 4.999896e-03 5.000000e-01 5.000000e-01 1.515005e+00 -0.993256 0.002105 0.009961 0.969123 0.009961 0.002105 0.993256 -0.002108 -0.009973 -0.969094 -0.009973 -0.002108 0.000000 
5.000000e-01 5.000000e-01 4.999896e-03 5.000000e-01 5.000000e-01 1.515005e+00 -0.993256 0.002105 0.009961 0.969123 0.009961 0.002105 0.993256 -0.002108 -0.009973 -0.969094 -0.009973 -0.002108 0.000000 
5.000000e-01 5.000000e-01 4.999896e-03 5.000000e-01 5.000000e-01 1.515005e+00 -0.993256 0.002105 0.009961 0.969123 0.009961 0.002105 0.993256 -0.002108 -0.009973 -0.969094 -0.009973 -0.002108 0.000000 
5.000000e-01 5.000000e-01 4.999896e-03 5.000000e-01 5.000000e-01 1.515005e+00 -0.993256 0.002105 0.009961 0.969123 0.009961 0.002105 0.993256 -0.002108 -0.009973 -0.969094 -0.009973 -0.002108 0.000000 
5.000000e-01 5.000000e-01 4.999896e-03 5.000000e-01 5.000000e-01 1.515005e+00 -0.993256 0.002105 0.009961 0.969123 0.009961 0.002105 0.993256 -0.002108 -0.009973 -0.969094 -0.009973 -0.002108 0.000000 
5.000000e-01 5.000000e-01 4.999896e-03 5.000000e-01 5.000000e-01 1.515005e+00 -0.993256 0.002105 0.009961 0.969123 0.009961 0.002105 0.993256 -0.002108 -0.009973 -0.969094 -0.009973 -0.002108 0.000000 
5.000000e-01 5.000000e-01 4.999896e-03 5.000000e-01 5.000000e-01 1.515005e+00 -0.993256 0.002105 0.009961 0.969123 0.009961 0.002105 0.993256 -0.002108 -0.009973 -0.969094 -0.009973 -0.002108 0.000000 
5.000000e-01 5.000000e-01 4.999896e-03 5.000000e-01 5.000000e-01 1.515005e+00 -0.993256 0.002105 0.009961 0.969123 0.009961 0.002105 0.993256 -0.002108 -0.009973 -0.969094 -0.009973 -0.002108 0.000000 
5.000000e-01 5.000000e-01 4.999896e-03 5.000000e-01 5.000000e-01 1.515005e+00 -0.993256 0.002105 0.009961 0.969123 0.009961 0.002105 0.993256 -0.002108 -0.009973 -0.969094 -0.009973 -0.002108 0.000000 
5.000000e-01 5.000000e-01 4.999896e-03 5.000000e-01 5.000000e-01 1.515005e+00 -0.993256 0.002105 0.009961 0.969123 0.009961 0.002105 0.993256 -0.002108 -0.009973 -0.969094 -0.009973 -0.002108 0.000000 
5.000000e-01 5.000000e-01 4.999896e-03 5.000000e-01 5.000000e-01 1.515005e+00 -0.993256 0.002105 0.009961 0.969123 0.009961 0.002105 0.993256 -0.002108 -0.009973 -0.969094 -0.009973 -0.002108 0.000000 
5.000000e-01 5.000000e-01 4.999896e-03 5.000000e-01 5.000000e-01 1.515005e+00 -0.993256 0.002105 0.009961 0.969123 0.009961 0.002105 0.993256 -0.002108 -0.009973 -0.969094 -0.009973 -0.002108 0.000000 
5.000000e-01 5.000000e-01 4.999896e-03 5.000000e-01 5.000000e-01 1.515005e+00 -0.993256 0.002105 0.009961 0.969123 0.009961 0.002105 0.993256 -0.002108 -0.009973 -0.969094 -0.009973 -0.002108 0.000000 
5.000000e-01 5.000000e-01 4.999896e-03 5.000000e-01 5.000000e-01 1.515005e+00 -0.993256 0.002105 0.009961 0.969123 0.009961 0.002105 0.993256 -0.002108 -0.009973 -0.969094 -0.009973 -0.002108 0.000000 
5.000000e-01 5.000000e-01 4.999896e-03 5.000000e-01 5.000000e-01 1.515005e+00 -0.993256 0.002105 0.009961 0.969123 0.009961 0.002105 0.993256 -0.002108 -0.009973 -0.969094 -0.009973 -0.002108 0.000000 
5.000000e-01 5.000000e-01 4.999896e-03 5.000000e-01 5.000000e-01 1.515005e+00 -0.993256 0.002105 0.009961 0.969123 0.009961 0.002105 0.993256 -0.002108 -0.009973 -0.969094 -0.009973 -0.002108 0.000000 
5.000000e-01 5.000000e-01 4.999896e-03 5.000000e-01 5.000000e-01 1.515005e+00 -0.993256 0.002105 0.009961 0.969123 0.009961 0.002105 0.993256 -0.002108 -0.009973 -0.969094 -0.009973 -0.002108 0.000000 
5.000000e-01 5.000000e-01 4.999896e-03 5.000000e-01 5.000000e-01 1.515005e+00 -0.993256 0.002105 0.009961 0.969123 0.009961 0.002105 0.993256 -0.002108 -0.009973 -0.969094 -0.009973 -0.002108 0.000000 
5.000000e-01 5.000000e-01 4.999896e-03 5.000000e-01 5.000000e-01 1.515005e+00 -0.993256 0.002105 0.009961 0.969123 0.009961 0.002105 0.993256 -0.002108 -0.009973 -0.969094 -0.009973 -0.002108 0.000000 
5.000000e-01 5.000000e-01 4.999896e-03 5.000000e-01 5.000000e-01 1.515005e+00 -0.993256 0.002105 0.009961 0.969123 0.009961 0.002105 0.993256 -0.002108 -0.009973 -0.969094 -0.009973 -0.002108 0.000000 
5.000000e-01 5.000000e-01 4.999896e-03 5.000000e-01 5.000000e-01 1.515005e+00 -0.993256 0.002105 0.009961 0.969123 0.009961 0.002105 0.993256 -0.002108 -0.009973 -0.969094 -0.009973 -0.002108 0.000000 
5.000000e-01 5.000000e-01 4.999896e-03 5.000000e-01 5.000000e-01 1.515005e+00 -0.993256 0.002105 0.009961 0.969123 0.009961 0.002105 0.993256 -0.002108 -0.009973 -0.969094 -0.009973 -0.002108 0.000000 
5.000000e-01 5.000000e-01 4.999896e-03 5.000000e-01 5.000000e-01 1.515005e+00 -0.993256 0.002105 0.009961 0.969123 0.009961 0.002105 0.993256 -0.002108 -0.009973 -0.969094 -0.009973 -0.002108 0.000000 
5.000000e-01 5.000000e-01 4.999896e-03 5.000000e-01 5.000000e-01 1.515005e+00 -0.993256 0.002105 0.009961 0.969123 0.009961 0.002105 0.993256 -0.002108 -0.009973 -0.969094 -0.009973 -0.002108 0.000000 
5.000000e-01 5.000000e-01 4.999896e-03 5.000000e-01 5.000000e-01 1.515005e+00 -0.993256 0.002105 0.009961 0.969123 0.009961 0.002105 0.993256 -0.002108 -0.009973 -0.969094 -0.009973 -0.002108 0.000000 
5.000000e-01 5.000000e-01 4.999896e-03 5.000000e-01 5.000000e-01 1.515005e+00 -0.993256 0.002105 0.009961 0.969123 0.009961 0.002105 0.993256 -0.002108 -0.009973 -0.969094 -0.009973 -0.002108 0.000000 
5.000000e-01 5.000000e-01 4.999896e-03 5.000000e-01 5.000000e-01 1.515005e+00 -0.993256 0.002105 0.009961 0.969123 0.009961 0.002105 0.993256 -0.002108 -0.009973 -0.969094 -0.009973 -0.002108 0.000000 
5.000000e-01 5.000000e-01 4.999896e-03 5.000000e-01 5.000000e-01 1.515005e+00 -0.993256 0.002105 0.009961 0.969123 0.009961 0.002105 0.993256 -0.002108 -0.009973 -0.969094 -0.009973 -0.002108 0.000000 
5.000000e-01 5.000000e-01 4.999896e-03 5.000000e-01 5.000000e-01 1.515005e+00 -0.993256 0.002105 0.009961 0.969123 0.009961 0.002105 0.993256 -0.002108 -0.009973 -0.969094 -0.009973 -0.002108 0.000000 
5.000000e-01 5.000000e-01 4.999896e-03 5.000000e-01 5.000000e-01 1.515005e+00 -0.993256 0.002105 0.009961 0.969123 0.009961 0.002105 0.993256 -0.002108 -0.009973 -0.969094 -0.009973 -0.002108 0.000000 
5.000000e-01 5.000000e-01 4.999896e-03 5.000000e-01 5.000000e-01 1.515005e+00 -0.993256 0.002105 0.009961 0.969123 0.009961 0.002105 0.993256 -0.002108 -0.009973 -0.969094 -0.009973 -0.002108 0.000000 
5.000000e-01 5.000000e-01 4.999896e-03 5.000000e-01 5.000000e-01 1.515005e+00 -0.993256 0.002105 0.009961 0.969123 0.009961 0.002105 0.993256 -0.002108 -0.009973 -0.969094 -0.009973 -0.002108 0.000000 
5.000000e-01 5.000000e-01 4.999896e-03 5.000000e-01 5.000000e-01 1.515005e+00 -0.993256 0.002105 0.009961 0.969123 0.009961 0.002105 0.993256 -0.002108 -0.009973 -0.969094 -0.009973 -0.002108 0.000000 
5.000000e-01 5.000000e-01 4.999896e-03 5.000000e-01 5.000000e-01 1.515005e+00 -0.993256 0.002105 0.009961 0.969123 0.009961 0.002105 0.993256 -0.002108 -0.009973 -0.969094 -0.009973 -0.002108 0.000000 
5.000000e-01 5.000000e-01 4.999896e-03 5.000000e-01 5.000000e-01 1.515005e+00 -0.993256 0.002105 0.009961 0.969123 0.009961 0.002105 0.993256 -0.002108 -0.009973 -0.969094 -0.009973 -0.002108 0.000000 
5.000000e-01 5.000000e-01 4.999896e-03 5.000000e-01 5.000000e-01 1.515005e+00 -0.993256 0.002105 0.009961 0.969123 0.009961 0.002105 0.993256 -0.002108 -0.009973 -0.969094 -0.009973 -0.002108 0.000000 
5.000000e-01 5.000000e-01 4.999896e-03 5.000000e-01 5.000000e-01 1.515005e+00 -0.993256 0.002105 0.009961 0.969123 0.009961 0.002105 0.993256 -0.002108 -0.009973 -0.969094 -0.009973 -0.002108 0.000000 
5.000000e-01 5.000000e-01 4.999896e-03 5.000000e-01 5.000000e-01 1.515005e+00 -0.993256 0.002105 0.009961 0.969123 0.009961 0.002105 0.993256 -0.002108 -0.009973 -0.969094 -0.009973 -0.002108 0.000000 
5.000000e-01 5.000000e-01 4.999896e-03 5.000000e-01 5.000000e-01 1.515005e+00 -0.993256 0.002105 0.009961 0.969123 0.009961 0.002105 0.993256 -0.002108 -0.009973 -0.969094 -0.009973 -0.002108 0.000000 
5.000000e-01 5.000000e-01 4.999896e-03 5.000000e-01 5.000000e-01 1.515005e+00 -0.993256 0.002105 0.009961 0.969123 0.009961 0.002105 0.993256 -0.002108 -0.009973 -0.969094 -0.009973 -0.002108 0.000000 
5.000000e-01 5.000000e-01 4.999896e-03 5.000000e-01 5.000000e-01 1.515005e+00 -0.993256 0.002105 0.009961 0.969123 0.009961 0.002105 0.993256 -0.002108 -0.009973 -0.969094 -0.009973 -0.002108 0.000000 
5.000000e-01 5.000000e-01 4.999896e-03 5.000000e-01 5.000000e-01 1.515005e+00 -0.993256 0.002105 0.009961 0.969123 0.009961 0.002105 0.993256 -0.002108 -0.009973 -0.969094 -0.009973 -0.002108 0.000000 
5.000000e-01 5.000000e-01 4.999896e-03 5.000000e-01 5.000000e-01 1.515005e+00 -0.993256 0.002105 0.009961 0.969123 0.009961 0.002105 0.993256 -0.002108 -0.009973 -0.969094 -0.009973 -0.002108 0.000000 
5.000000e-01 5.000000e-01 4.999896e-03 5.000000e-01 5.000000e-01 1.515005e+00 -0.993256 0.002105 0.009961 0.969123 0.009961 0.002105 0.993256 -0.002108 -0.009973 -0.969094 -0.009973 -0.002108 0.000000 
5.000000e-01 5.000000e-01 4.999896e-03 5.000000e-01 5.000000e-01 1.515005e+00 -0.993256 0.002105 0.009961 0.969123 0.009961 0.002105 0.993256 -0.002108 -0.009973 -0.969094 -0.009973 -0.002108 0.000000 
