# TeX TeY TeZ ThX ThY THZ P1 P2
5.000000e-01 5.000000e-01 1.000000e-01 5.000000e-01 5.000000e-01 1.000000e-01 0.000000 0.000000 0.000000 0.000000 0.000000 0.000000 0.000000 0.000000 0.000000 0.000000 0.000000 0.000000 0.000000 
5.000000e-01 5.000000e-01 8.663028e-02 5.000000e-01 5.000000e-01 1.091688e-01 -0.014868 0.002703 0.003151 0.003159 0.003151 0.002703 0.014868 0.010144 0.018097 -0.071349 0.018097 0.010144 0.000000 
5.000000e-01 5.000000e-01 7.322290e-02 5.000000e-01 5.000000e-01 1.183285e-01 -0.029769 0.005413 0.006309 0.006326 0.006309 0.005413 0.029769 0.020412 0.037816 -0.146225 0.037816 0.020412 0.000000 
5.000000e-01 5.000000e-01 5.977547e-02 5.000000e-01 5.000000e-01 1.274795e-01 -0.044714 0.008130 0.009476 0.009502 0.009476 0.008130 0.044714 0.030787 0.059566 -0.225421 0.059566 0.030787 0.000000 
5.000000e-01 5.000000e-01 4.628591e-02 5.000000e-01 5.000000e-01 1.366220e-01 -0.059717 0.010858 0.012655 0.012690 0.012655 0.010858 0.059717 0.041281 0.084152 -0.310583 0.084152 0.041281 0.000000 
5.000000e-01 5.000000e-01 3.275324e-02 5.000000e-01 5.000000e-01 1.457560e-01 -0.074777 0.013597 0.015847 0.015890 0.015847 0.013597 0.074777 0.051821 0.111023 -0.400464 0.111023 0.051821 0.000000 
5.000000e-01 5.000000e-01 1.917884e-02 5.000000e-01 5.000000e-01 1.548816e-01 -0.089894 0.016345 0.019051 0.019102 0.019051 0.016345 0.089894 0.062375 0.139988 -0.494620 0.139988 0.062375 0.000000 
5.000000e-01 5.000000e-01 5.570051e-03 5.000000e-01 5.000000e-01 1.639991e-01 -0.105056 0.019102 0.022264 0.022325 0.022264 0.019102 0.105056 0.072896 0.170428 -0.591704 0.170428 0.072896 0.000000 
5.000000e-01 5.000000e-01 4.999964e-03 5.000000e-01 5.000000e-01 1.731083e-01 -0.111421 0.020258 0.023613 0.023678 0.023613 0.020258 0.111421 0.076193 0.173029 -0.609866 0.173029 0.076193 0.000000 
5.000000e-01 5.000000e-01 4.999964e-03 5.000000e-01 5.000000e-01 1.822093e-01 -0.117395 0.021343 0.024879 0.024949 0.024879 0.021343 0.117395 0.079030 0.173999 -0.623453 0.173999 0.079030 0.000000 
5.000000e-01 5.000000e-01 4.999964e-03 5.000000e-01 5.000000e-01 1.913021e-01 -0.123363 0.022427 0.026145 0.026219 0.026145 0.022427 0.123363 0.081718 0.174609 -0.636018 0.174609 0.081718 0.000000 
5.000000e-01 5.000000e-01 4.999964e-03 5.000000e-01 5.000000e-01 2.003867e-01 -0.129325 0.023510 0.027409 0.027488 0.027409 0.023510 0.129325 0.084260 0.174907 -0.647659 0.174907 0.084260 0.000000 
5.000000e-01 5.000000e-01 4.999964e-03 5.000000e-01 5.000000e-01 2.094631e-01 -0.135282 0.024591 0.028671 0.028756 0.028671 0.024591 0.135282 0.086647 0.174920 -0.658415 0.174920 0.086647 0.000000 
5.000000e-01 5.000000e-01 4.999964e-03 5.000000e-01 5.000000e-01 2.185312e-01 -0.141232 0.025671 0.029933 0.030023 0.029933 0.025671 0.141232 0.088885 0.174694 -0.668392 0.174694 0.088885 0.000000 
5.000000e-01 5.000000e-01 4.999964e-03 5.000000e-01 5.000000e-01 2.275911e-01 -0.147177 0.026750 0.031194 0.031290 0.031194 0.026750 0.147177 0.090985 0.174274 -0.677695 0.174274 0.090985 0.000000 
5.000000e-01 5.000000e-01 4.999964e-03 5.000000e-01 5.000000e-01 2.366425e-01 -0.153117 0.027828 0.032453 0.032555 0.032453 0.027828 0.153117 0.092949 0.173685 -0.686386 0.173685 0.092949 0.000000 
5.000000e-01 5.000000e-01 4.999964e-03 5.000000e-01 5.000000e-01 2.456856e-01 -0.159051 0.028904 0.033712 0.033820 0.033712 0.028904 0.159051 0.094781 0.172952 -0.694518 0.172952 0.094781 0.000000 
5.000000e-01 5.000000e-01 4.999964e-03 5.000000e-01 5.000000e-01 2.547203e-01 -0.164979 0.029979 0.034969 0.035083 0.034969 0.029979 0.164979 0.096485 0.172095 -0.702140 0.172095 0.096485 0.000000 
5.000000e-01 5.000000e-01 4.999964e-03 5.000000e-01 5.000000e-01 2.637464e-01 -0.170902 0.031053 0.036225 0.036346 0.036225 0.031053 0.170902 0.098064 0.171133 -0.709296 0.171133 0.098064 0.000000 
5.000000e-01 5.000000e-01 4.999964e-03 5.000000e-01 5.000000e-01 2.727640e-01 -0.176820 0.032125 0.037480 0.037609 0.037480 0.032125 0.176819 0.099523 0.170080 -0.716025 0.170080 0.099523 0.000000 
5.000000e-01 5.000000e-01 4.999964e-03 5.000000e-01 5.000000e-01 2.817730e-01 -0.182731 0.033196 0.038734 0.038870 0.038734 0.033196 0.182731 0.100866 0.168950 -0.722363 0.168950 0.100866 0.000000 
5.000000e-01 5.000000e-01 4.999964e-03 5.000000e-01 5.000000e-01 2.907732e-01 -0.188637 0.034266 0.039987 0.040131 0.039987 0.034266 0.188637 0.102096 0.167756 -0.728342 0.167756 0.102096 0.000000 
5.000000e-01 5.000000e-01 4.999964e-03 5.000000e-01 5.000000e-01 2.997647e-01 -0.194538 0.035334 0.041239 0.041391 0.041239 0.035334 0.194538 0.103214 0.166507 -0.733981 0.166507 0.103214 0.000000 
5.000000e-01 5.000000e-01 4.999964e-03 5.000000e-01 5.000000e-01 3.087474e-01 -0.200432 0.036401 0.042490 0.042650 0.042490 0.036401 0.200432 0.104220 0.165210 -0.739292 0.165210 0.104220 0.000000 
5.000000e-01 5.000000e-01 4.999964e-03 5.000000e-01 5.000000e-01 3.177212e-01 -0.206321 0.037466 0.043740 0.043909 0.043740 0.037466 0.206321 0.105126 0.163877 -0.744327 0.163877 0.105126 0.000000 
5.000000e-01 5.000000e-01 4.999964e-03 5.000000e-01 5.000000e-01 3.266860e-01 -0.212204 0.038530 0.044988 0.045167 0.044988 0.038530 0.212204 0.105936 0.162516 -0.749109 0.162516 0.105936 0.000000 
5.000000e-01 5.000000e-01 4.999964e-03 5.000000e-01 5.000000e-01 3.356419e-01 -0.218082 0.039593 0.046236 0.046424 0.046236 0.039593 0.218081 0.106656 0.161131 -0.753656 0.161131 0.106656 0.000000 
5.000000e-01 5.000000e-01 4.999964e-03 5.000000e-01 5.000000e-01 3.445886e-01 -0.223953 0.040653 0.047482 0.047681 0.047482 0.040653 0.223953 0.107289 0.159728 -0.757986 0.159728 0.107289 0.000000 
5.000000e-01 5.000000e-01 4.999964e-03 5.000000e-01 5.000000e-01 3.535261e-01 -0.229818 0.041713 0.048728 0.048938 0.048728 0.041713 0.229818 0.107838 0.158310 -0.762113 0.158310 0.107838 0.000000 
5.000000e-01 5.000000e-01 4.999964e-03 5.000000e-01 5.000000e-01 3.624544e-01 -0.235678 0.042770 0.049972 0.050193 0.049972 0.042770 0.235678 0.108307 0.156881 -0.766054 0.156881 0.108307 0.000000 
5.000000e-01 5.000000e-01 4.999964e-03 5.000000e-01 5.000000e-01 3.713734e-01 -0.241531 0.043826 0.051215 0.051449 0.051215 0.043826 0.241531 0.108700 0.155445 -0.769821 0.155445 0.108700 0.000000 
5.000000e-01 5.000000e-01 4.999964e-03 5.000000e-01 5.000000e-01 3.802830e-01 -0.247379 0.044880 0.052457 0.052703 0.052457 0.044880 0.247378 0.109020 0.154004 -0.773426 0.154004 0.109020 0.000000 
5.000000e-01 5.000000e-01 4.999964e-03 5.000000e-01 5.000000e-01 3.891831e-01 -0.253220 0.045933 0.053698 0.053958 0.053698 0.045933 0.253220 0.109264 0.152559 -0.776867 0.152559 0.109264 0.000000 
5.000000e-01 5.000000e-01 4.999964e-03 5.000000e-01 5.000000e-01 3.980736e-01 -0.259055 0.046983 0.054938 0.055212 0.054938 0.046983 0.259055 0.109441 0.151114 -0.780165 0.151114 0.109441 0.000000 
5.000000e-01 5.000000e-01 4.999964e-03 5.000000e-01 5.000000e-01 4.069546e-01 -0.264883 0.048032 0.056177 0.056466 0.056177 0.048032 0.264883 0.109555 0.149671 -0.783335 0.149671 0.109555 0.000000 
5.000000e-01 5.000000e-01 4.999964e-03 5.000000e-01 5.000000e-01 4.158258e-01 -0.270706 0.049079 0.057415 0.057719 0.057415 0.049079 0.270706 0.109610 0.148229 -0.786385 0.148229 0.109610 0.000000 
5.000000e-01 5.000000e-01 4.999964e-03 5.000000e-01 5.000000e-01 4.246872e-01 -0.276522 0.050124 0.058651 0.058972 0.058651 0.050124 0.276522 0.109609 0.146792 -0.789324 0.146792 0.109609 0.000000 
5.000000e-01 5.000000e-01 4.999964e-03 5.000000e-01 5.000000e-01 4.335388e-01 -0.282332 0.051166 0.059887 0.060225 0.059887 0.051166 0.282331 0.109555 0.145358 -0.792158 0.145358 0.109555 0.000000 
5.000000e-01 5.000000e-01 4.999964e-03 5.000000e-01 5.000000e-01 4.423804e-01 -0.288135 0.052207 0.061121 0.061478 0.061121 0.052207 0.288135 0.109449 0.143930 -0.794894 0.143930 0.109449 0.000000 
5.000000e-01 5.000000e-01 4.999964e-03 5.000000e-01 5.000000e-01 4.512120e-01 -0.293931 0.053246 0.062354 0.062731 0.062354 0.053246 0.293931 0.109296 0.142508 -0.797538 0.142508 0.109296 0.000000 
5.000000e-01 5.000000e-01 4.999964e-03 5.000000e-01 5.000000e-01 4.600335e-01 -0.299721 0.054282 0.063587 0.063983 0.063587 0.054282 0.299721 0.109096 0.141091 -0.800097 0.141091 0.109096 0.000000 
5.000000e-01 5.000000e-01 4.999964e-03 5.000000e-01 5.000000e-01 4.688448e-01 -0.305505 0.055316 0.064818 0.065236 0.064818 0.055316 0.305505 0.108847 0.139682 -0.802565 0.139682 0.108847 0.000000 
5.000000e-01 5.000000e-01 4.999964e-03 5.000000e-01 5.000000e-01 4.776457e-01 -0.311282 0.056348 0.066048 0.066489 0.066048 0.056348 0.311282 0.108558 0.138280 -0.804958 0.138280 0.108558 0.000000 
5.000000e-01 5.000000e-01 4.999964e-03 5.000000e-01 5.000000e-01 4.864363e-01 -0.317052 0.057377 0.067277 0.067742 0.067277 0.057377 0.317051 0.108229 0.136885 -0.807282 0.136885 0.108229 0.000000 
5.000000e-01 5.000000e-01 4.999964e-03 5.000000e-01 5.000000e-01 4.952165e-01 -0.322815 0.058404 0.068505 0.068995 0.068505 0.058404 0.322815 0.107865 0.135498 -0.809540 0.135498 0.107865 0.000000 
5.000000e-01 5.000000e-01 4.999964e-03 5.000000e-01 5.000000e-01 5.039861e-01 -0.328571 0.059429 0.069732 0.070249 0.069732 0.059429 0.328571 0.107465 0.134118 -0.811737 0.134118 0.107465 0.000000 
5.000000e-01 5.000000e-01 4.999964e-03 5.000000e-01 5.000000e-01 5.127450e-01 -0.334320 0.060450 0.070958 0.071503 0.070958 0.060450 0.334320 0.107033 0.132745 -0.813876 0.132745 0.107033 0.000000 
5.000000e-01 5.000000e-01 4.999964e-03 5.000000e-01 5.000000e-01 5.214932e-01 -0.340063 0.061469 0.072183 0.072757 0.072183 0.061469 0.340062 0.106570 0.131379 -0.815961 0.131379 0.106570 0.000000 
5.000000e-01 5.000000e-01 4.999964e-03 5.000000e-01 5.000000e-01 5.302306e-01 -0.345798 0.062486 0.073407 0.074012 0.073407 0.062486 0.345798 0.106078 0.130021 -0.817995 0.130021 0.106078 0.000000 
5.000000e-01 5.000000e-01 4.999964e-03 5.000000e-01 5.000000e-01 5.389570e-01 -0.351526 0.063499 0.074630 0.075268 0.074630 0.063499 0.351526 0.105554 0.128670 -0.819975 0.128670 0.105554 0.000000 
5.000000e-01 5.000000e-01 4.999964e-03 5.000000e-01 5.000000e-01 5.476725e-01 -0.357247 0.064509 0.075852 0.076525 0.075852 0.064509 0.357247 0.105003 0.127327 -0.821908 0.127327 0.105003 0.000000 
5.000000e-01 5.000000e-01 4.999964e-03 5.000000e-01 5.000000e-01 5.563768e-01 -0.362960 0.065516 0.077073 0.077782 0.077073 0.065516 0.362960 0.104428 0.125991 -0.823800 0.125991 0.104428 0.000000 
5.000000e-01 5.000000e-01 4.999964e-03 5.000000e-01 5.000000e-01 5.650699e-01 -0.368667 0.066520 0.078293 0.079041 0.078293 0.066520 0.368667 0.103830 0.124662 -0.825652 0.124662 0.103830 0.000000 
5.000000e-01 5.000000e-01 4.999964e-03 5.000000e-01 5.000000e-01 5.737517e-01 -0.374366 0.067521 0.079512 0.080300 0.079512 0.067521 0.374365 0.103210 0.123340 -0.827466 0.123340 0.103210 0.000000 
5.000000e-01 5.000000e-01 4.999964e-03 5.000000e-01 5.000000e-01 5.824221e-01 -0.380057 0.068518 0.080730 0.081561 0.080730 0.068518 0.380057 0.102569 0.122024 -0.829245 0.122024 0.102569 0.000000 
5.000000e-01 5.000000e-01 4.999964e-03 5.000000e-01 5.000000e-01 5.910810e-01 -0.385741 0.069511 0.081947 0.082823 0.081947 0.069511 0.385741 0.101909 0.120715 -0.830990 0.120715 0.101909 0.000000 
5.000000e-01 5.000000e-01 4.999964e-03 5.000000e-01 5.000000e-01 5.997282e-01 -0.391417 0.070501 0.083163 0.084087 0.083163 0.070501 0.391417 0.101230 0.119413 -0.832703 0.119413 0.101230 0.000000 
5.000000e-01 5.000000e-01 4.999964e-03 5.000000e-01 5.000000e-01 6.083638e-01 -0.397086 0.071487 0.084379 0.085353 0.084379 0.071487 0.397086 0.100531 0.118117 -0.834382 0.118117 0.100531 0.000000 
5.000000e-01 5.000000e-01 4.999964e-03 5.000000e-01 5.000000e-01 6.169875e-01 -0.402747 0.072469 0.085594 0.086621 0.085594 0.072469 0.402746 0.099816 0.116827 -0.836034 0.116827 0.099816 0.000000 
5.000000e-01 5.000000e-01 4.999964e-03 5.000000e-01 5.000000e-01 6.255992e-01 -0.408400 0.073447 0.086807 0.087891 0.086807 0.073447 0.408400 0.099086 0.115543 -0.837658 0.115543 0.099086 0.000000 
5.000000e-01 5.000000e-01 4.999964e-03 5.000000e-01 5.000000e-01 6.341990e-01 -0.414045 0.074420 0.088020 0.089163 0.088020 0.074420 0.414045 0.098342 0.114265 -0.839258 0.114265 0.098342 0.000000 
5.000000e-01 5.000000e-01 4.999964e-03 5.000000e-01 5.000000e-01 6.427866e-01 -0.419682 0.075390 0.089233 0.090437 0.089233 0.075390 0.419682 0.097584 0.112992 -0.840835 0.112992 0.097584 0.000000 
5.000000e-01 5.000000e-01 4.999964e-03 5.000000e-01 5.000000e-01 6.513619e-01 -0.425311 0.076354 0.090444 0.091714 0.090444 0.076354 0.425311 0.096814 0.111725 -0.842389 0.111725 0.096814 0.000000 
5.000000e-01 5.000000e-01 4.999964e-03 5.000000e-01 5.000000e-01 6.599249e-01 -0.430932 0.077314 0.091655 0.092994 0.091655 0.077314 0.430932 0.096032 0.110463 -0.843921 0.110463 0.096032 0.000000 
5.000000e-01 5.000000e-01 4.999964e-03 5.000000e-01 5.000000e-01 6.684753e-01 -0.436545 0.078269 0.092865 0.094277 0.092865 0.078269 0.436545 0.095236 0.109206 -0.845430 0.109206 0.095236 0.000000 
5.000000e-01 5.000000e-01 4.999964e-03 5.000000e-01 5.000000e-01 6.770132e-01 -0.442150 0.079218 0.094075 0.095564 0.094075 0.079218 0.442150 0.094430 0.107955 -0.846920 0.107955 0.094430 0.000000 
5.000000e-01 5.000000e-01 4.999964e-03 5.000000e-01 5.000000e-01 6.855384e-01 -0.447746 0.080162 0.095284 0.096854 0.095284 0.080162 0.447746 0.093614 0.106709 -0.848392 0.106709 0.093614 0.000000 
5.000000e-01 5.000000e-01 4.999964e-03 5.000000e-01 5.000000e-01 6.940507e-01 -0.453334 0.081100 0.096492 0.098148 0.096492 0.081100 0.453334 0.092789 0.105467 -0.849847 0.105467 0.092789 0.000000 
5.000000e-01 5.000000e-01 4.999964e-03 5.000000e-01 5.000000e-01 7.025500e-01 -0.458913 0.082033 0.097700 0.099446 0.097700 0.082033 0.458913 0.091956 0.104230 -0.851285 0.104230 0.091956 0.000000 
5.000000e-01 5.000000e-01 4.999964e-03 5.000000e-01 5.000000e-01 7.110363e-01 -0.464484 0.082960 0.098908 0.100748 0.098908 0.082960 0.464484 0.091114 0.102998 -0.852708 0.102998 0.091114 0.000000 
5.000000e-01 5.000000e-01 4.999964e-03 5.000000e-01 5.000000e-01 7.195094e-01 -0.470046 0.083881 0.100115 0.102055 0.100115 0.083881 0.470046 0.090265 0.101770 -0.854116 0.101770 0.090265 0.000000 
5.000000e-01 5.000000e-01 4.999964e-03 5.000000e-01 5.000000e-01 7.279691e-01 -0.475600 0.084794 0.101322 0.103368 0.101322 0.084794 0.475599 0.089408 0.100546 -0.855508 0.100546 0.089408 0.000000 
5.000000e-01 5.000000e-01 4.999964e-03 5.000000e-01 5.000000e-01 7.364154e-01 -0.481144 0.085700 0.102528 0.104686 0.102528 0.085700 0.481144 0.088544 0.099327 -0.856887 0.099327 0.088544 0.000000 
5.000000e-01 5.000000e-01 4.999964e-03 5.000000e-01 5.000000e-01 7.448481e-01 -0.486680 0.086600 0.103734 0.106010 0.103734 0.086600 0.486680 0.087674 0.098112 -0.858253 0.098112 0.087674 0.000000 
5.000000e-01 5.000000e-01 4.999964e-03 5.000000e-01 5.000000e-01 7.532671e-01 -0.492206 0.087493 0.104940 0.107340 0.104940 0.087493 0.492206 0.086799 0.096901 -0.859607 0.096901 0.086799 0.000000 
5.000000e-01 5.000000e-01 4.999964e-03 5.000000e-01 5.000000e-01 7.616722e-01 -0.497724 0.088378 0.106146 0.108676 0.106146 0.088378 0.497724 0.085919 0.095694 -0.860949 0.095694 0.085919 0.000000 
5.000000e-01 5.000000e-01 4.999964e-03 5.000000e-01 5.000000e-01 7.700634e-01 -0.503232 0.089255 0.107352 0.110018 0.107352 0.089255 0.503232 0.085034 0.094491 -0.862281 0.094491 0.085034 0.000000 
5.000000e-01 5.000000e-01 4.999964e-03 5.000000e-01 5.000000e-01 7.784404e-01 -0.508731 0.090123 0.108558 0.111370 0.108558 0.090123 0.508731 0.084143 0.093292 -0.863600 0.093292 0.084143 0.000000 
5.000000e-01 5.000000e-01 4.999964e-03 5.000000e-01 5.000000e-01 7.868032e-01 -0.514221 0.090982 0.109764 0.112730 0.109764 0.090982 0.514221 0.083248 0.092096 -0.864909 0.092096 0.083248 0.000000 
5.000000e-01 5.000000e-01 4.999964e-03 5.000000e-01 5.000000e-01 7.951516e-01 -0.519701 0.091832 0.110970 0.114098 0.110970 0.091832 0.519701 0.082349 0.090904 -0.866209 0.090904 0.082349 0.000000 
5.000000e-01 5.000000e-01 4.999964e-03 5.000000e-01 5.000000e-01 8.034855e-01 -0.525172 0.092673 0.112176 0.115474 0.112176 0.092673 0.525172 0.081447 0.089716 -0.867499 0.089716 0.081447 0.000000 
5.000000e-01 5.000000e-01 4.999964e-03 5.000000e-01 5.000000e-01 8.118047e-01 -0.530633 0.093505 0.113382 0.116859 0.113382 0.093505 0.530633 0.080542 0.088531 -0.868781 0.088531 0.080542 0.000000 
5.000000e-01 5.000000e-01 4.999964e-03 5.000000e-01 5.000000e-01 8.201090e-01 -0.536085 0.094327 0.114589 0.118254 0.114589 0.094327 0.536084 0.079635 0.087350 -0.870054 0.087350 0.079635 0.000000 
5.000000e-01 5.000000e-01 4.999964e-03 5.000000e-01 5.000000e-01 8.283984e-01 -0.541526 0.095136 0.115796 0.119662 0.115796 0.095136 0.541526 0.078723 0.086172 -0.871318 0.086172 0.078723 0.000000 
5.000000e-01 5.000000e-01 4.999964e-03 5.000000e-01 5.000000e-01 8.366727e-01 -0.546958 0.095934 0.117004 0.121081 0.117004 0.095934 0.546958 0.077810 0.084998 -0.872574 0.084998 0.077810 0.000000 
5.000000e-01 5.000000e-01 4.999964e-03 5.000000e-01 5.000000e-01 8.449317e-01 -0.552379 0.096722 0.118212 0.122511 0.118212 0.096722 0.552379 0.076894 0.083827 -0.873822 0.083827 0.076894 0.000000 
5.000000e-01 5.000000e-01 4.999964e-03 5.000000e-01 5.000000e-01 8.531752e-01 -0.557791 0.097497 0.119421 0.123954 0.119421 0.097497 0.557791 0.075977 0.082660 -0.875063 0.082660 0.075977 0.000000 
5.000000e-01 5.000000e-01 4.999964e-03 5.000000e-01 5.000000e-01 8.614032e-01 -0.563192 0.098261 0.120630 0.125409 0.120630 0.098261 0.563192 0.075058 0.081495 -0.876297 0.081495 0.075058 0.000000 
5.000000e-01 5.000000e-01 4.999964e-03 5.000000e-01 5.000000e-01 8.696155e-01 -0.568583 0.099011 0.121841 0.126879 0.121841 0.099011 0.568583 0.074137 0.080334 -0.877525 0.080334 0.074137 0.000000 
5.000000e-01 5.000000e-01 4.999964e-03 5.000000e-01 5.000000e-01 8.778118e-01 -0.573963 0.099746 0.123052 0.128366 0.123052 0.099746 0.573963 0.073214 0.079176 -0.878744 0.079176 0.073214 0.000000 
5.000000e-01 5.000000e-01 4.999964e-03 5.000000e-01 5.000000e-01 8.859921e-01 -0.579333 0.100467 0.124265 0.129869 0.124265 0.100467 0.579333 0.072291 0.078021 -0.879958 0.078021 0.072291 0.000000 
5.000000e-01 5.000000e-01 4.999964e-03 5.000000e-01 5.000000e-01 8.941561e-01 -0.584692 0.101173 0.125479 0.131388 0.125479 0.101173 0.584692 0.071367 0.076870 -0.881166 0.076870 0.071367 0.000000 
5.000000e-01 5.000000e-01 4.999964e-03 5.000000e-01 5.000000e-01 9.023037e-01 -0.590040 0.101865 0.126693 0.132924 0.126693 0.101865 0.590040 0.070442 0.075721 -0.882367 0.075721 0.070442 0.000000 
5.000000e-01 5.000000e-01 4.999964e-03 5.000000e-01 5.000000e-01 9.104348e-01 -0.595378 0.102542 0.127909 0.134477 0.127909 0.102542 0.595378 0.069517 0.074576 -0.883563 0.074576 0.069517 0.000000 
5.000000e-01 5.000000e-01 4.999964e-03 5.000000e-01 5.000000e-01 9.185491e-01 -0.600704 0.103199 0.129126 0.136054 0.129126 0.103199 0.600704 0.068590 0.073434 -0.884753 0.073434 0.068590 0.000000 
5.000000e-01 5.000000e-01 4.999964e-03 5.000000e-01 5.000000e-01 9.266465e-01 -0.606020 0.103839 0.130345 0.137652 0.130345 0.103839 0.606020 0.067664 0.072295 -0.885937 0.072295 0.067664 0.000000 
5.000000e-01 5.000000e-01 4.999964e-03 5.000000e-01 5.000000e-01 9.347268e-01 -0.611324 0.104461 0.131565 0.139271 0.131565 0.104461 0.611324 0.066737 0.071159 -0.887116 0.071159 0.066737 0.000000 
5.000000e-01 5.000000e-01 4.999964e-03 5.000000e-01 5.000000e-01 9.427898e-01 -0.616617 0.105065 0.132787 0.140913 0.132787 0.105065 0.616616 0.065811 0.070026 -0.888290 0.070026 0.065811 0.000000 
5.000000e-01 5.000000e-01 4.999964e-03 5.000000e-01 5.000000e-01 9.508354e-01 -0.621898 0.105651 0.134010 0.142577 0.134010 0.105651 0.621898 0.064885 0.068896 -0.889458 0.068896 0.064885 0.000000 
5.000000e-01 5.000000e-01 4.999964e-03 5.000000e-01 5.000000e-01 9.588633e-01 -0.627167 0.106214 0.135235 0.144271 0.135235 0.106214 0.627167 0.063958 0.067769 -0.890622 0.067769 0.063958 0.000000 
5.000000e-01 5.000000e-01 4.999964e-03 5.000000e-01 5.000000e-01 9.668733e-01 -0.632425 0.106754 0.136462 0.145994 0.136462 0.106754 0.632425 0.063033 0.066645 -0.891780 0.066645 0.063033 0.000000 
5.000000e-01 5.000000e-01 4.999964e-03 5.000000e-01 5.000000e-01 9.748654e-01 -0.637671 0.107272 0.137690 0.147746 0.137690 0.107272 0.637671 0.062107 0.065524 -0.892934 0.065524 0.062107 0.000000 
5.000000e-01 5.000000e-01 4.999964e-03 5.000000e-01 5.000000e-01 9.828392e-01 -0.642905 0.107769 0.138920 0.149525 0.138920 0.107769 0.642905 0.061183 0.064406 -0.894083 0.064406 0.061183 0.000000 
5.000000e-01 5.000000e-01 4.999964e-03 5.000000e-01 5.000000e-01 9.907946e-01 -0.648127 0.108244 0.140152 0.151335 0.140152 0.108244 0.648127 0.060259 0.063291 -0.895228 0.063291 0.060259 0.000000 
5.000000e-01 5.000000e-01 4.999964e-03 5.000000e-01 5.000000e-01 9.987313e-01 -0.653337 0.108691 0.141386 0.153183 0.141386 0.108691 0.653337 0.059336 0.062180 -0.896368 0.062180 0.059336 0.000000 
5.000000e-01 5.000000e-01 4.999964e-03 5.000000e-01 5.000000e-01 1.006649e+00 -0.658534 0.109109 0.142622 0.155071 0.142622 0.109109 0.658534 0.058413 0.061071 -0.897503 0.061071 0.058413 0.000000 
5.000000e-01 5.000000e-01 4.999964e-03 5.000000e-01 5.000000e-01 1.014548e+00 -0.663719 0.109503 0.143860 0.156994 0.143860 0.109503 0.663719 0.057492 0.059965 -0.898634 0.059965 0.057492 0.000000 
5.000000e-01 5.000000e-01 4.999964e-03 5.000000e-01 5.000000e-01 1.022428e+00 -0.668891 0.109870 0.145098 0.158954 0.145098 0.109870 0.668891 0.056572 0.058863 -0.899761 0.058863 0.056572 0.000000 
5.000000e-01 5.000000e-01 4.999964e-03 5.000000e-01 5.000000e-01 1.030288e+00 -0.674051 0.110210 0.146338 0.160952 0.146338 0.110210 0.674051 0.055653 0.057763 -0.900883 0.057763 0.055653 0.000000 
5.000000e-01 5.000000e-01 4.999964e-03 5.000000e-01 5.000000e-01 1.038128e+00 -0.679197 0.110514 0.147581 0.163007 0.147581 0.110514 0.679197 0.054735 0.056667 -0.902001 0.056667 0.054735 0.000000 
5.000000e-01 5.000000e-01 4.999964e-03 5.000000e-01 5.000000e-01 1.045949e+00 -0.684330 0.110786 0.148825 0.165108 0.148825 0.110786 0.684330 0.053819 0.055574 -0.903115 0.055574 0.053819 0.000000 
5.000000e-01 5.000000e-01 4.999964e-03 5.000000e-01 5.000000e-01 1.053750e+00 -0.689450 0.111029 0.150069 0.167254 0.150069 0.111029 0.689450 0.052904 0.054483 -0.904225 0.054483 0.052904 0.000000 
5.000000e-01 5.000000e-01 4.999964e-03 5.000000e-01 5.000000e-01 1.061530e+00 -0.694557 0.111240 0.151314 0.169448 0.151314 0.111240 0.694557 0.051991 0.053396 -0.905331 0.053396 0.051991 0.000000 
5.000000e-01 5.000000e-01 4.999964e-03 5.000000e-01 5.000000e-01 1.069289e+00 -0.699650 0.111415 0.152560 0.171700 0.152560 0.111415 0.699650 0.051079 0.052312 -0.906433 0.052312 0.051079 0.000000 
5.000000e-01 5.000000e-01 4.999964e-03 5.000000e-01 5.000000e-01 1.077028e+00 -0.704729 0.111547 0.153807 0.174021 0.153807 0.111547 0.704729 0.050169 0.051232 -0.907531 0.051232 0.050169 0.000000 
5.000000e-01 5.000000e-01 4.999964e-03 5.000000e-01 5.000000e-01 1.084746e+00 -0.709795 0.111645 0.155053 0.176399 0.155053 0.111645 0.709795 0.049261 0.050154 -0.908624 0.050154 0.049261 0.000000 
5.000000e-01 5.000000e-01 4.999964e-03 5.000000e-01 5.000000e-01 1.092442e+00 -0.714846 0.111707 0.156298 0.178835 0.156298 0.111707 0.714846 0.048354 0.049080 -0.909714 0.049080 0.048354 0.000000 
5.000000e-01 5.000000e-01 4.999964e-03 5.000000e-01 5.000000e-01 1.100117e+00 -0.719883 0.111733 0.157543 0.181333 0.157543 0.111733 0.719883 0.047450 0.048009 -0.910800 0.048009 0.047450 0.000000 
5.000000e-01 5.000000e-01 4.999964e-03 5.000000e-01 5.000000e-01 1.107770e+00 -0.724906 0.111705 0.158785 0.183926 0.158785 0.111705 0.724906 0.046547 0.046941 -0.911882 0.046941 0.046547 0.000000 
5.000000e-01 5.000000e-01 4.999964e-03 5.000000e-01 5.000000e-01 1.115401e+00 -0.729915 0.111636 0.160026 0.186590 0.160026 0.111636 0.729915 0.045646 0.045876 -0.912959 0.045876 0.045646 0.000000 
5.000000e-01 5.000000e-01 4.999964e-03 5.000000e-01 5.000000e-01 1.123010e+00 -0.734909 0.111528 0.161262 0.189328 0.161262 0.111528 0.734908 0.044747 0.044815 -0.914033 0.044815 0.044747 0.000000 
5.000000e-01 5.000000e-01 4.999964e-03 5.000000e-01 5.000000e-01 1.130596e+00 -0.739887 0.111378 0.162495 0.192140 0.162495 0.111378 0.739887 0.043851 0.043757 -0.915103 0.043757 0.043851 0.000000 
5.000000e-01 5.000000e-01 4.999964e-03 5.000000e-01 5.000000e-01 1.138159e+00 -0.744851 0.111171 0.163723 0.195064 0.163723 0.111171 0.744851 0.042957 0.042702 -0.916169 0.042702 0.042957 0.000000 
5.000000e-01 5.000000e-01 4.999964e-03 5.000000e-01 5.000000e-01 1.145699e+00 -0.749800 0.110914 0.164943 0.198085 0.164943 0.110914 0.749800 0.042065 0.041651 -0.917232 0.041651 0.042065 0.000000 
5.000000e-01 5.000000e-01 4.999964e-03 5.000000e-01 5.000000e-01 1.153216e+00 -0.754733 0.110612 0.166157 0.201197 0.166157 0.110612 0.754733 0.041175 0.040603 -0.918290 0.040603 0.041175 0.000000 
5.000000e-01 5.000000e-01 4.999964e-03 5.000000e-01 5.000000e-01 1.160709e+00 -0.759651 0.110264 0.167361 0.204400 0.167361 0.110264 0.759651 0.040288 0.039559 -0.919344 0.039559 0.040288 0.000000 
5.000000e-01 5.000000e-01 4.999964e-03 5.000000e-01 5.000000e-01 1.168179e+00 -0.764553 0.109851 0.168554 0.207742 0.168554 0.109851 0.764553 0.039403 0.038518 -0.920395 0.038518 0.039403 0.000000 
5.000000e-01 5.000000e-01 4.999964e-03 5.000000e-01 5.000000e-01 1.175624e+00 -0.769439 0.109383 0.169733 0.211207 0.169733 0.109383 0.769439 0.038521 0.037481 -0.921441 0.037481 0.038521 0.000000 
5.000000e-01 5.000000e-01 4.999964e-03 5.000000e-01 5.000000e-01 1.183044e+00 -0.774308 0.108864 0.170899 0.214783 0.170899 0.108864 0.774308 0.037641 0.036447 -0.922484 0.036447 0.037641 0.000000 
5.000000e-01 5.000000e-01 4.999964e-03 5.000000e-01 5.000000e-01 1.190440e+00 -0.779162 0.108296 0.172049 0.218473 0.172049 0.108296 0.779162 0.036764 0.035417 -0.923522 0.035417 0.036764 0.000000 
5.000000e-01 5.000000e-01 4.999964e-03 5.000000e-01 5.000000e-01 1.197810e+00 -0.783999 0.107651 0.173175 0.222346 0.173175 0.107651 0.783999 0.035889 0.034390 -0.924557 0.034390 0.035889 0.000000 
5.000000e-01 5.000000e-01 4.999964e-03 5.000000e-01 5.000000e-01 1.205155e+00 -0.788819 0.106948 0.174279 0.226366 0.174279 0.106948 0.788819 0.035017 0.033367 -0.925587 0.033367 0.035017 0.000000 
5.000000e-01 5.000000e-01 4.999964e-03 5.000000e-01 5.000000e-01 1.212475e+00 -0.793622 0.106191 0.175359 0.230522 0.175359 0.106191 0.793622 0.034148 0.032348 -0.926614 0.032348 0.034148 0.000000 
5.000000e-01 5.000000e-01 4.999964e-03 5.000000e-01 5.000000e-01 1.219768e+00 -0.798408 0.105377 0.176413 0.234827 0.176413 0.105377 0.798408 0.033282 0.031332 -0.927636 0.031332 0.033282 0.000000 
5.000000e-01 5.000000e-01 4.999964e-03 5.000000e-01 5.000000e-01 1.227035e+00 -0.803177 0.104476 0.177424 0.239376 0.177424 0.104476 0.803177 0.032419 0.030320 -0.928655 0.030320 0.032419 0.000000 
5.000000e-01 5.000000e-01 4.999964e-03 5.000000e-01 5.000000e-01 1.234276e+00 -0.807928 0.103518 0.178401 0.244091 0.178401 0.103518 0.807928 0.031558 0.029312 -0.929669 0.029312 0.031558 0.000000 
5.000000e-01 5.000000e-01 4.999964e-03 5.000000e-01 5.000000e-01 1.241489e+00 -0.812661 0.102503 0.179341 0.248974 0.179341 0.102503 0.812661 0.030701 0.028308 -0.930679 0.028308 0.030701 0.000000 
5.000000e-01 5.000000e-01 4.999964e-03 5.000000e-01 5.000000e-01 1.248675e+00 -0.817377 0.101413 0.180230 0.254092 0.180230 0.101413 0.817377 0.029846 0.027308 -0.931685 0.027308 0.029846 0.000000 
5.000000e-01 5.000000e-01 4.999964e-03 5.000000e-01 5.000000e-01 1.255833e+00 -0.822074 0.100242 0.181057 0.259476 0.181057 0.100242 0.822074 0.028995 0.026312 -0.932687 0.026312 0.028995 0.000000 
5.000000e-01 5.000000e-01 4.999964e-03 5.000000e-01 5.000000e-01 1.262963e+00 -0.826753 0.099013 0.181832 0.265064 0.181832 0.099013 0.826753 0.028147 0.025319 -0.933685 0.025319 0.028147 0.000000 
5.000000e-01 5.000000e-01 4.999964e-03 5.000000e-01 5.000000e-01 1.270065e+00 -0.831413 0.097725 0.182553 0.270857 0.182553 0.097725 0.831413 0.027302 0.024331 -0.934679 0.024331 0.027302 0.000000 
5.000000e-01 5.000000e-01 4.999964e-03 5.000000e-01 5.000000e-01 1.277138e+00 -0.836054 0.096334 0.183171 0.277044 0.183171 0.096334 0.836054 0.026460 0.023347 -0.935668 0.023347 0.026460 0.000000 
5.000000e-01 5.000000e-01 4.999964e-03 5.000000e-01 5.000000e-01 1.284182e+00 -0.840676 0.094882 0.183715 0.283482 0.183715 0.094882 0.840676 0.025622 0.022366 -0.936653 0.022366 0.025622 0.000000 
5.000000e-01 5.000000e-01 4.999964e-03 5.000000e-01 5.000000e-01 1.291196e+00 -0.845279 0.093371 0.184185 0.290167 0.184185 0.093371 0.845279 0.024787 0.021390 -0.937633 0.021390 0.024787 0.000000 
5.000000e-01 5.000000e-01 4.999964e-03 5.000000e-01 5.000000e-01 1.298180e+00 -0.849862 0.091771 0.184536 0.297248 0.184536 0.091771 0.849862 0.023955 0.020419 -0.938609 0.020419 0.023955 0.000000 
5.000000e-01 5.000000e-01 4.999964e-03 5.000000e-01 5.000000e-01 1.305135e+00 -0.854425 0.090092 0.184764 0.304714 0.184764 0.090092 0.854425 0.023127 0.019451 -0.939581 0.019451 0.023127 0.000000 
5.000000e-01 5.000000e-01 4.999964e-03 5.000000e-01 5.000000e-01 1.312058e+00 -0.858969 0.088354 0.184890 0.312480 0.184890 0.088354 0.858969 0.022302 0.018488 -0.940549 0.018488 0.022302 0.000000 
5.000000e-01 5.000000e-01 4.999964e-03 5.000000e-01 5.000000e-01 1.318951e+00 -0.863492 0.086542 0.184880 0.320649 0.184880 0.086542 0.863492 0.021481 0.017529 -0.941512 0.017529 0.021481 0.000000 
5.000000e-01 5.000000e-01 4.999964e-03 5.000000e-01 5.000000e-01 1.325812e+00 -0.867995 0.084636 0.184680 0.329364 0.184680 0.084636 0.867995 0.020663 0.016574 -0.942470 0.016574 0.020663 0.000000 
5.000000e-01 5.000000e-01 4.999964e-03 5.000000e-01 5.000000e-01 1.332642e+00 -0.872477 0.082673 0.184345 0.338441 0.184345 0.082673 0.872477 0.019849 0.015624 -0.943424 0.015624 0.019849 0.000000 
5.000000e-01 5.000000e-01 4.999964e-03 5.000000e-01 5.000000e-01 1.339439e+00 -0.876939 0.080646 0.183851 0.347943 0.183851 0.080646 0.876939 0.019039 0.014678 -0.944373 0.014678 0.019039 0.000000 
5.000000e-01 5.000000e-01 4.999964e-03 5.000000e-01 5.000000e-01 1.346204e+00 -0.881379 0.078518 0.183082 0.358178 0.183082 0.078518 0.881379 0.018233 0.013737 -0.945318 0.013737 0.018233 0.000000 
5.000000e-01 5.000000e-01 4.999964e-03 5.000000e-01 5.000000e-01 1.352935e+00 -0.885799 0.076338 0.182139 0.368846 0.182139 0.076338 0.885799 0.017430 0.012800 -0.946258 0.012800 0.017430 0.000000 
5.000000e-01 5.000000e-01 4.999964e-03 5.000000e-01 5.000000e-01 1.359634e+00 -0.890197 0.074100 0.181002 0.379991 0.181002 0.074100 0.890197 0.016631 0.011868 -0.947194 0.011868 0.016631 0.000000 
5.000000e-01 5.000000e-01 4.999964e-03 5.000000e-01 5.000000e-01 1.366299e+00 -0.894574 0.071761 0.179490 0.392072 0.179490 0.071761 0.894574 0.015835 0.010940 -0.948124 0.010940 0.015835 0.000000 
5.000000e-01 5.000000e-01 4.999964e-03 5.000000e-01 5.000000e-01 1.372929e+00 -0.898929 0.069374 0.177757 0.404666 0.177757 0.069374 0.898929 0.015044 0.010017 -0.949050 0.010017 0.015044 0.000000 
5.000000e-01 5.000000e-01 4.999964e-03 5.000000e-01 5.000000e-01 1.379525e+00 -0.903262 0.066934 0.175775 0.417843 0.175775 0.066934 0.903262 0.014256 0.009098 -0.949972 0.009098 0.014256 0.000000 
5.000000e-01 5.000000e-01 4.999964e-03 5.000000e-01 5.000000e-01 1.386086e+00 -0.907575 0.064400 0.173311 0.432153 0.173311 0.064400 0.907575 0.013473 0.008184 -0.950889 0.008184 0.013473 0.000000 
5.000000e-01 5.000000e-01 4.999964e-03 5.000000e-01 5.000000e-01 1.392612e+00 -0.911865 0.061825 0.170579 0.447058 0.170579 0.061825 0.911865 0.012693 0.007275 -0.951801 0.007275 0.012693 0.000000 
5.000000e-01 5.000000e-01 4.999964e-03 5.000000e-01 5.000000e-01 1.399103e+00 -0.916134 0.059196 0.167499 0.462742 0.167499 0.059196 0.916134 0.011917 0.006370 -0.952708 0.006370 0.011917 0.000000 
5.000000e-01 5.000000e-01 4.999964e-03 5.000000e-01 5.000000e-01 1.405557e+00 -0.920382 0.056488 0.163847 0.479710 0.163847 0.056488 0.920382 0.011145 0.005470 -0.953611 0.005470 0.011145 0.000000 
5.000000e-01 5.000000e-01 4.999964e-03 5.000000e-01 5.000000e-01 1.411975e+00 -0.924608 0.053748 0.159884 0.497344 0.159884 0.053748 0.924608 0.010376 0.004574 -0.954509 0.004574 0.010376 0.000000 
5.000000e-01 5.000000e-01 4.999964e-03 5.000000e-01 5.000000e-01 1.418357e+00 -0.928813 0.050950 0.155412 0.516088 0.155412 0.050950 0.928813 0.009612 0.003683 -0.955403 0.003683 0.009612 0.000000 
5.000000e-01 5.000000e-01 4.999964e-03 5.000000e-01 5.000000e-01 1.424702e+00 -0.932998 0.048094 0.150333 0.536144 0.150333 0.048094 0.932998 0.008851 0.002796 -0.956292 0.002796 0.008851 0.000000 
5.000000e-01 5.000000e-01 4.999964e-03 5.000000e-01 5.000000e-01 1.431010e+00 -0.937161 0.045213 0.144913 0.556910 0.144913 0.045213 0.937161 0.008094 0.001914 -0.957177 0.001914 0.008094 0.000000 
5.000000e-01 5.000000e-01 4.999964e-03 5.000000e-01 5.000000e-01 1.437280e+00 -0.941306 0.042270 0.138738 0.579289 0.138738 0.042270 0.941306 0.007340 0.001036 -0.958058 0.001036 0.007340 0.000000 
5.000000e-01 5.000000e-01 4.999964e-03 5.000000e-01 5.000000e-01 1.443513e+00 -0.945431 0.039295 0.132031 0.602781 0.132031 0.039295 0.945431 0.006590 0.000161 -0.958934 0.000161 0.006590 0.000000 
5.000000e-01 5.000000e-01 4.999964e-03 5.000000e-01 5.000000e-01 1.449709e+00 -0.949535 0.036299 0.124924 0.627090 0.124924 0.036299 0.949535 0.005844 -0.000708 -0.959806 -0.000708 0.005844 0.000000 
5.000000e-01 5.000000e-01 4.999964e-03 5.000000e-01 5.000000e-01 1.455866e+00 -0.953624 0.033243 0.116848 0.653443 0.116848 0.033243 0.953624 0.005100 -0.001575 -0.960675 -0.001575 0.005100 0.000000 
5.000000e-01 5.000000e-01 4.999964e-03 5.000000e-01 5.000000e-01 1.461986e+00 -0.957692 0.030178 0.108417 0.680503 0.108417 0.030178 0.957692 0.004360 -0.002437 -0.961539 -0.002437 0.004360 0.000000 
5.000000e-01 5.000000e-01 4.999964e-03 5.000000e-01 5.000000e-01 1.468068e+00 -0.961743 0.027083 0.099306 0.708966 0.099306 0.027083 0.961743 0.003623 -0.003295 -0.962399 -0.003295 0.003623 0.000000 
5.000000e-01 5.000000e-01 4.999964e-03 5.000000e-01 5.000000e-01 1.474111e+00 -0.965776 0.023962 0.089528 0.738796 0.089528 0.023962 0.965776 0.002890 -0.004150 -0.963256 -0.004150 0.002890 0.000000 
5.000000e-01 5.000000e-01 4.999964e-03 5.000000e-01 5.000000e-01 1.480115e+00 -0.969789 0.020840 0.079455 0.769198 0.079455 0.020840 0.969789 0.002160 -0.005000 -0.964109 -0.005000 0.002160 0.000000 
5.000000e-01 5.000000e-01 4.999964e-03 5.000000e-01 5.000000e-01 1.486080e+00 -0.973787 0.017684 0.068486 0.801446 0.068486 0.017684 0.973787 0.001433 -0.005847 -0.964958 -0.005847 0.001433 0.000000 
5.000000e-01 5.000000e-01 4.999964e-03 5.000000e-01 5.000000e-01 1.492004e+00 -0.977763 0.014535 0.057310 0.834074 0.057310 0.014535 0.977763 0.000710 -0.006690 -0.965802 -0.006690 0.000710 0.000000 
5.000000e-01 5.000000e-01 4.999964e-03 5.000000e-01 5.000000e-01 1.497888e+00 -0.981719 0.011378 0.045663 0.867636 0.045663 0.011378 0.981719 -0.000010 -0.007528 -0.966643 -0.007528 -0.000010 0.000000 
5.000000e-01 5.000000e-01 4.999964e-03 5.000000e-01 5.000000e-01 1.503731e+00 -0.985653 0.008225 0.033715 0.901773 0.033715 0.008225 0.985653 -0.000726 -0.008362 -0.967478 -0.008362 -0.000726 0.000000 
5.000000e-01 5.000000e-01 4.999964e-03 5.000000e-01 5.000000e-01 1.509529e+00 -0.989561 0.005084 0.021639 0.936114 0.021639 0.005084 0.989561 -0.001436 -0.009190 -0.968308 -0.009190 -0.001436 0.000000 
5.000000e-01 5.000000e-01 4.999964e-03 5.000000e-01 5.000000e-01 1.515012e+00 -0.993261 0.002101 0.009946 0.969167 0.009946 0.002101 0.993261 -0.002109 -0.009974 -0.969094 -0.009974 -0.002109 0.000000 
5.000000e-01 5.000000e-01 4.999964e-03 5.000000e-01 5.000000e-01 1.515012e+00 -0.993261 0.002101 0.009946 0.969167 0.009946 0.002101 0.993261 -0.002109 -0.009974 -0.969094 -0.009974 -0.002109 0.000000 
5.000000e-01 5.000000e-01 4.999964e-03 5.000000e-01 5.000000e-01 1.515012e+00 -0.993261 0.002101 0.009946 0.969167 0.009946 0.002101 0.993261 -0.002109 -0.009974 -0.969094 -0.009974 -0.002109 0.000000 
5.000000e-01 5.000000e-01 4.999964e-03 5.000000e-01 5.000000e-01 1.515012e+00 -0.993261 0.002101 0.009946 0.969167 0.009946 0.002101 0.993261 -0.002109 -0.009974 -0.969094 -0.009974 -0.002109 0.000000 
5.000000e-01 5.000000e-01 4.999964e-03 5.000000e-01 5.000000e-01 1.515012e+00 -0.993261 0.002101 0.009946 0.969167 0.009946 0.002101 0.993261 -0.002109 -0.009974 -0.969094 -0.009974 -0.002109 0.000000 
5.000000e-01 5.000000e-01 4.999964e-03 5.000000e-01 5.000000e-01 1.515012e+00 -0.993261 0.002101 0.009946 0.969167 0.009946 0.002101 0.993261 -0.002109 -0.009974 -0.969094 -0.009974 -0.002109 0.000000 
5.000000e-01 5.000000e-01 4.999964e-03 5.000000e-01 5.000000e-01 1.515012e+00 -0.993261 0.002101 0.009946 0.969167 0.009946 0.002101 0.993261 -0.002109 -0.009974 -0.969094 -0.009974 -0.002109 0.000000 
5.000000e-01 5.000000e-01 4.999964e-03 5.000000e-01 5.000000e-01 1.515012e+00 -0.993261 0.002101 0.009946 0.969167 0.009946 0.002101 0.993261 -0.002109 -0.009974 -0.969094 -0.009974 -0.002109 0.000000 
5.000000e-01 5.000000e-01 4.999964e-03 5.000000e-01 5.000000e-01 1.515012e+00 -0.993261 0.002101 0.009946 0.969167 0.009946 0.002101 0.993261 -0.002109 -0.009974 -0.969094 -0.009974 -0.002109 0.000000 
5.000000e-01 5.000000e-01 4.999964e-03 5.000000e-01 5.000000e-01 1.515012e+00 -0.993261 0.002101 0.009946 0.969167 0.009946 0.002101 0.993261 -0.002109 -0.009974 -0.969094 -0.009974 -0.002109 0.000000 
5.000000e-01 5.000000e-01 4.999964e-03 5.000000e-01 5.000000e-01 1.515012e+00 -0.993261 0.002101 0.009946 0.969167 0.009946 0.002101 0.993261 -0.002109 -0.009974 -0.969094 -0.009974 -0.002109 0.000000 
5.000000e-01 5.000000e-01 4.999964e-03 5.000000e-01 5.000000e-01 1.515012e+00 -0.993261 0.002101 0.009946 0.969167 0.009946 0.002101 0.993261 -0.002109 -0.009974 -0.969094 -0.009974 -0.002109 0.000000 
5.000000e-01 5.000000e-01 4.999964e-03 5.000000e-01 5.000000e-01 1.515012e+00 -0.993261 0.002101 0.009946 0.969167 0.009946 0.002101 0.993261 -0.002109 -0.009974 -0.969094 -0.009974 -0.002109 0.000000 
5.000000e-01 5.000000e-01 4.999964e-03 5.000000e-01 5.000000e-01 1.515012e+00 -0.993261 0.002101 0.009946 0.969167 0.009946 0.002101 0.993261 -0.002109 -0.009974 -0.969094 -0.009974 -0.002109 0.000000 
5.000000e-01 5.000000e-01 4.999964e-03 5.000000e-01 5.000000e-01 1.515012e+00 -0.993261 0.002101 0.009946 0.969167 0.009946 0.002101 0.993261 -0.002109 -0.009974 -0.969094 -0.009974 -0.002109 0.000000 
5.000000e-01 5.000000e-01 4.999964e-03 5.000000e-01 5.000000e-01 1.515012e+00 -0.993261 0.002101 0.009946 0.969167 0.009946 0.002101 0.993261 -0.002109 -0.009974 -0.969094 -0.009974 -0.002109 0.000000 
5.000000e-01 5.000000e-01 4.999964e-03 5.000000e-01 5.000000e-01 1.515012e+00 -0.993261 0.002101 0.009946 0.969167 0.009946 0.002101 0.993261 -0.002109 -0.009974 -0.969094 -0.009974 -0.002109 0.000000 
5.000000e-01 5.000000e-01 4.999964e-03 5.000000e-01 5.000000e-01 1.515012e+00 -0.993261 0.002101 0.009946 0.969167 0.009946 0.002101 0.993261 -0.002109 -0.009974 -0.969094 -0.009974 -0.002109 0.000000 
5.000000e-01 5.000000e-01 4.999964e-03 5.000000e-01 5.000000e-01 1.515012e+00 -0.993261 0.002101 0.009946 0.969167 0.009946 0.002101 0.993261 -0.002109 -0.009974 -0.969094 -0.009974 -0.002109 0.000000 
5.000000e-01 5.000000e-01 4.999964e-03 5.000000e-01 5.000000e-01 1.515012e+00 -0.993261 0.002101 0.009946 0.969167 0.009946 0.002101 0.993261 -0.002109 -0.009974 -0.969094 -0.009974 -0.002109 0.000000 
5.000000e-01 5.000000e-01 4.999964e-03 5.000000e-01 5.000000e-01 1.515012e+00 -0.993261 0.002101 0.009946 0.969167 0.009946 0.002101 0.993261 -0.002109 -0.009974 -0.969094 -0.009974 -0.002109 0.000000 
5.000000e-01 5.000000e-01 4.999964e-03 5.000000e-01 5.000000e-01 1.515012e+00 -0.993261 0.002101 0.009946 0.969167 0.009946 0.002101 0.993261 -0.002109 -0.009974 -0.969094 -0.009974 -0.002109 0.000000 
5.000000e-01 5.000000e-01 4.999964e-03 5.000000e-01 5.000000e-01 1.515012e+00 -0.993261 0.002101 0.009946 0.969167 0.009946 0.002101 0.993261 -0.002109 -0.009974 -0.969094 -0.009974 -0.002109 0.000000 
5.000000e-01 5.000000e-01 4.999964e-03 5.000000e-01 5.000000e-01 1.515012e+00 -0.993261 0.002101 0.009946 0.969167 0.009946 0.002101 0.993261 -0.002109 -0.009974 -0.969094 -0.009974 -0.002109 0.000000 
5.000000e-01 5.000000e-01 4.999964e-03 5.000000e-01 5.000000e-01 1.515012e+00 -0.993261 0.002101 0.009946 0.969167 0.009946 0.002101 0.993261 -0.002109 -0.009974 -0.969094 -0.009974 -0.002109 0.000000 
5.000000e-01 5.000000e-01 4.999964e-03 5.000000e-01 5.000000e-01 1.515012e+00 -0.993261 0.002101 0.009946 0.969167 0.009946 0.002101 0.993261 -0.002109 -0.009974 -0.969094 -0.009974 -0.002109 0.000000 
5.000000e-01 5.000000e-01 4.999964e-03 5.000000e-01 5.000000e-01 1.515012e+00 -0.993261 0.002101 0.009946 0.969167 0.009946 0.002101 0.993261 -0.002109 -0.009974 -0.969094 -0.009974 -0.002109 0.000000 
5.000000e-01 5.000000e-01 4.999964e-03 5.000000e-01 5.000000e-01 1.515012e+00 -0.993261 0.002101 0.009946 0.969167 0.009946 0.002101 0.993261 -0.002109 -0.009974 -0.969094 -0.009974 -0.002109 0.000000 
5.000000e-01 5.000000e-01 4.999964e-03 5.000000e-01 5.000000e-01 1.515012e+00 -0.993261 0.002101 0.009946 0.969167 0.009946 0.002101 0.993261 -0.002109 -0.009974 -0.969094 -0.009974 -0.002109 0.000000 
5.000000e-01 5.000000e-01 4.999964e-03 5.000000e-01 5.000000e-01 1.515012e+00 -0.993261 0.002101 0.009946 0.969167 0.009946 0.002101 0.993261 -0.002109 -0.009974 -0.969094 -0.009974 -0.002109 0.000000 
5.000000e-01 5.000000e-01 4.999964e-03 5.000000e-01 5.000000e-01 1.515012e+00 -0.993261 0.002101 0.009946 0.969167 0.009946 0.002101 0.993261 -0.002109 -0.009974 -0.969094 -0.009974 -0.002109 0.000000 
5.000000e-01 5.000000e-01 4.999964e-03 5.000000e-01 5.000000e-01 1.515012e+00 -0.993261 0.002101 0.009946 0.969167 0.009946 0.002101 0.993261 -0.002109 -0.009974 -0.969094 -0.009974 -0.002109 0.000000 
5.000000e-01 5.000000e-01 4.999964e-03 5.000000e-01 5.000000e-01 1.515012e+00 -0.993261 0.002101 0.009946 0.969167 0.009946 0.002101 0.993261 -0.002109 -0.009974 -0.969094 -0.009974 -0.002109 0.000000 
5.000000e-01 5.000000e-01 4.999964e-03 5.000000e-01 5.000000e-01 1.515012e+00 -0.993261 0.002101 0.009946 0.969167 0.009946 0.002101 0.993261 -0.002109 -0.009974 -0.969094 -0.009974 -0.002109 0.000000 
5.000000e-01 5.000000e-01 4.999964e-03 5.000000e-01 5.000000e-01 1.515012e+00 -0.993261 0.002101 0.009946 0.969167 0.009946 0.002101 0.993261 -0.002109 -0.009974 -0.969094 -0.009974 -0.002109 0.000000 
5.000000e-01 5.000000e-01 4.999964e-03 5.000000e-01 5.000000e-01 1.515012e+00 -0.993261 0.002101 0.009946 0.969167 0.009946 0.002101 0.993261 -0.002109 -0.009974 -0.969094 -0.009974 -0.002109 0.000000 
5.000000e-01 5.000000e-01 4.999964e-03 5.000000e-01 5.000000e-01 1.515012e+00 -0.993261 0.002101 0.009946 0.969167 0.009946 0.002101 0.993261 -0.002109 -0.009974 -0.969094 -0.009974 -0.002109 0.000000 
5.000000e-01 5.000000e-01 4.999964e-03 5.000000e-01 5.000000e-01 1.515012e+00 -0.993261 0.002101 0.009946 0.969167 0.009946 0.002101 0.993261 -0.002109 -0.009974 -0.969094 -0.009974 -0.002109 0.000000 
5.000000e-01 5.000000e-01 4.999964e-03 5.000000e-01 5.000000e-01 1.515012e+00 -0.993261 0.002101 0.009946 0.969167 0.009946 0.002101 0.993261 -0.002109 -0.009974 -0.969094 -0.009974 -0.002109 0.000000 
5.000000e-01 5.000000e-01 4.999964e-03 5.000000e-01 5.000000e-01 1.515012e+00 -0.993261 0.002101 0.009946 0.969167 0.009946 0.002101 0.993261 -0.002109 -0.009974 -0.969094 -0.009974 -0.002109 0.000000 
5.000000e-01 5.000000e-01 4.999964e-03 5.000000e-01 5.000000e-01 1.515012e+00 -0.993261 0.002101 0.009946 0.969167 0.009946 0.002101 0.993261 -0.002109 -0.009974 -0.969094 -0.009974 -0.002109 0.000000 
5.000000e-01 5.000000e-01 4.999964e-03 5.000000e-01 5.000000e-01 1.515012e+00 -0.993261 0.002101 0.009946 0.969167 0.009946 0.002101 0.993261 -0.002109 -0.009974 -0.969094 -0.009974 -0.002109 0.000000 
5.000000e-01 5.000000e-01 4.999964e-03 5.000000e-01 5.000000e-01 1.515012e+00 -0.993261 0.002101 0.009946 0.969167 0.009946 0.002101 0.993261 -0.002109 -0.009974 -0.969094 -0.009974 -0.002109 0.000000 
5.000000e-01 5.000000e-01 4.999964e-03 5.000000e-01 5.000000e-01 1.515012e+00 -0.993261 0.002101 0.009946 0.969167 0.009946 0.002101 0.993261 -0.002109 -0.009974 -0.969094 -0.009974 -0.002109 0.000000 
5.000000e-01 5.000000e-01 4.999964e-03 5.000000e-01 5.000000e-01 1.515012e+00 -0.993261 0.002101 0.009946 0.969167 0.009946 0.002101 0.993261 -0.002109 -0.009974 -0.969094 -0.009974 -0.002109 0.000000 
5.000000e-01 5.000000e-01 4.999964e-03 5.000000e-01 5.000000e-01 1.515012e+00 -0.993261 0.002101 0.009946 0.969167 0.009946 0.002101 0.993261 -0.002109 -0.009974 -0.969094 -0.009974 -0.002109 0.000000 
5.000000e-01 5.000000e-01 4.999964e-03 5.000000e-01 5.000000e-01 1.515012e+00 -0.993261 0.002101 0.009946 0.969167 0.009946 0.002101 0.993261 -0.002109 -0.009974 -0.969094 -0.009974 -0.002109 0.000000 
5.000000e-01 5.000000e-01 4.999964e-03 5.000000e-01 5.000000e-01 1.515012e+00 -0.993261 0.002101 0.009946 0.969167 0.009946 0.002101 0.993261 -0.002109 -0.009974 -0.969094 -0.009974 -0.002109 0.000000 
5.000000e-01 5.000000e-01 4.999964e-03 5.000000e-01 5.000000e-01 1.515012e+00 -0.993261 0.002101 0.009946 0.969167 0.009946 0.002101 0.993261 -0.002109 -0.009974 -0.969094 -0.009974 -0.002109 0.000000 
5.000000e-01 5.000000e-01 4.999964e-03 5.000000e-01 5.000000e-01 1.515012e+00 -0.993261 0.002101 0.009946 0.969167 0.009946 0.002101 0.993261 -0.002109 -0.009974 -0.969094 -0.009974 -0.002109 0.000000 
5.000000e-01 5.000000e-01 4.999964e-03 5.000000e-01 5.000000e-01 1.515012e+00 -0.993261 0.002101 0.009946 0.969167 0.009946 0.002101 0.993261 -0.002109 -0.009974 -0.969094 -0.009974 -0.002109 0.000000 
5.000000e-01 5.000000e-01 4.999964e-03 5.000000e-01 5.000000e-01 1.515012e+00 -0.993261 0.002101 0.009946 0.969167 0.009946 0.002101 0.993261 -0.002109 -0.009974 -0.969094 -0.009974 -0.002109 0.000000 
5.000000e-01 5.000000e-01 4.999964e-03 5.000000e-01 5.000000e-01 1.515012e+00 -0.993261 0.002101 0.009946 0.969167 0.009946 0.002101 0.993261 -0.002109 -0.009974 -0.969094 -0.009974 -0.002109 0.000000 
5.000000e-01 5.000000e-01 4.999964e-03 5.000000e-01 5.000000e-01 1.515012e+00 -0.993261 0.002101 0.009946 0.969167 0.009946 0.002101 0.993261 -0.002109 -0.009974 -0.969094 -0.009974 -0.002109 0.000000 
5.000000e-01 5.000000e-01 4.999964e-03 5.000000e-01 5.000000e-01 1.515012e+00 -0.993261 0.002101 0.009946 0.969167 0.009946 0.002101 0.993261 -0.002109 -0.009974 -0.969094 -0.009974 -0.002109 0.000000 
5.000000e-01 5.000000e-01 4.999964e-03 5.000000e-01 5.000000e-01 1.515012e+00 -0.993261 0.002101 0.009946 0.969167 0.009946 0.002101 0.993261 -0.002109 -0.009974 -0.969094 -0.009974 -0.002109 0.000000 
5.000000e-01 5.000000e-01 4.999964e-03 5.000000e-01 5.000000e-01 1.515012e+00 -0.993261 0.002101 0.009946 0.969167 0.009946 0.002101 0.993261 -0.002109 -0.009974 -0.969094 -0.009974 -0.002109 0.000000 
5.000000e-01 5.000000e-01 4.999964e-03 5.000000e-01 5.000000e-01 1.515012e+00 -0.993261 0.002101 0.009946 0.969167 0.009946 0.002101 0.993261 -0.002109 -0.009974 -0.969094 -0.009974 -0.002109 0.000000 
5.000000e-01 5.000000e-01 4.999964e-03 5.000000e-01 5.000000e-01 1.515012e+00 -0.993261 0.002101 0.009946 0.969167 0.009946 0.002101 0.993261 -0.002109 -0.009974 -0.969094 -0.009974 -0.002109 0.000000 
5.000000e-01 5.000000e-01 4.999964e-03 5.000000e-01 5.000000e-01 1.515012e+00 -0.993261 0.002101 0.009946 0.969167 0.009946 0.002101 0.993261 -0.002109 -0.009974 -0.969094 -0.009974 -0.002109 0.000000 
5.000000e-01 5.000000e-01 4.999964e-03 5.000000e-01 5.000000e-01 1.515012e+00 -0.993261 0.002101 0.009946 0.969167 0.009946 0.002101 0.993261 -0.002109 -0.009974 -0.969094 -0.009974 -0.002109 0.000000 
5.000000e-01 5.000000e-01 4.999964e-03 5.000000e-01 5.000000e-01 1.515012e+00 -0.993261 0.002101 0.009946 0.969167 0.009946 0.002101 0.993261 -0.002109 -0.009974 -0.969094 -0.009974 -0.002109 0.000000 
5.000000e-01 5.000000e-01 4.999964e-03 5.000000e-01 5.000000e-01 1.515012e+00 -0.993261 0.002101 0.009946 0.969167 0.009946 0.002101 0.993261 -0.002109 -0.009974 -0.969094 -0.009974 -0.002109 0.000000 
5.000000e-01 5.000000e-01 4.999964e-03 5.000000e-01 5.000000e-01 1.515012e+00 -0.993261 0.002101 0.009946 0.969167 0.009946 0.002101 0.993261 -0.002109 -0.009974 -0.969094 -0.009974 -0.002109 0.000000 
5.000000e-01 5.000000e-01 4.999964e-03 5.000000e-01 5.000000e-01 1.515012e+00 -0.993261 0.002101 0.009946 0.969167 0.009946 0.002101 0.993261 -0.002109 -0.009974 -0.969094 -0.009974 -0.002109 0.000000 
5.000000e-01 5.000000e-01 4.999964e-03 5.000000e-01 5.000000e-01 1.515012e+00 -0.993261 0.002101 0.009946 0.969167 0.009946 0.002101 0.993261 -0.002109 -0.009974 -0.969094 -0.009974 -0.002109 0.000000 
5.000000e-01 5.000000e-01 4.999964e-03 5.000000e-01 5.000000e-01 1.515012e+00 -0.993261 0.002101 0.009946 0.969167 0.009946 0.002101 0.993261 -0.002109 -0.009974 -0.969094 -0.009974 -0.002109 0.000000 
5.000000e-01 5.000000e-01 4.999964e-03 5.000000e-01 5.000000e-01 1.515012e+00 -0.993261 0.002101 0.009946 0.969167 0.009946 0.002101 0.993261 -0.002109 -0.009974 -0.969094 -0.009974 -0.002109 0.000000 
5.000000e-01 5.000000e-01 4.999964e-03 5.000000e-01 5.000000e-01 1.515012e+00 -0.993261 0.002101 0.009946 0.969167 0.009946 0.002101 0.993261 -0.002109 -0.009974 -0.969094 -0.009974 -0.002109 0.000000 
5.000000e-01 5.000000e-01 4.999964e-03 5.000000e-01 5.000000e-01 1.515012e+00 -0.993261 0.002101 0.009946 0.969167 0.009946 0.002101 0.993261 -0.002109 -0.009974 -0.969094 -0.009974 -0.002109 0.000000 
5.000000e-01 5.000000e-01 4.999964e-03 5.000000e-01 5.000000e-01 1.515012e+00 -0.993261 0.002101 0.009946 0.969167 0.009946 0.002101 0.993261 -0.002109 -0.009974 -0.969094 -0.009974 -0.002109 0.000000 
5.000000e-01 5.000000e-01 4.999964e-03 5.000000e-01 5.000000e-01 1.515012e+00 -0.993261 0.002101 0.009946 0.969167 0.009946 0.002101 0.993261 -0.002109 -0.009974 -0.969094 -0.009974 -0.002109 0.000000 
5.000000e-01 5.000000e-01 4.999964e-03 5.000000e-01 5.000000e-01 1.515012e+00 -0.993261 0.002101 0.009946 0.969167 0.009946 0.002101 0.993261 -0.002109 -0.009974 -0.969094 -0.009974 -0.002109 0.000000 
5.000000e-01 5.000000e-01 4.999964e-03 5.000000e-01 5.000000e-01 1.515012e+00 -0.993261 0.002101 0.009946 0.969167 0.009946 0.002101 0.993261 -0.002109 -0.009974 -0.969094 -0.009974 -0.002109 0.000000 
5.000000e-01 5.000000e-01 4.999964e-03 5.000000e-01 5.000000e-01 1.515012e+00 -0.993261 0.002101 0.009946 0.969167 0.009946 0.002101 0.993261 -0.002109 -0.009974 -0.969094 -0.009974 -0.002109 0.000000 
5.000000e-01 5.000000e-01 4.999964e-03 5.000000e-01 5.000000e-01 1.515012e+00 -0.993261 0.002101 0.009946 0.969167 0.009946 0.002101 0.993261 -0.002109 -0.009974 -0.969094 -0.009974 -0.002109 0.000000 
5.000000e-01 5.000000e-01 4.999964e-03 5.000000e-01 5.000000e-01 1.515012e+00 -0.993261 0.002101 0.009946 0.969167 0.009946 0.002101 0.993261 -0.002109 -0.009974 -0.969094 -0.009974 -0.002109 0.000000 
5.000000e-01 5.000000e-01 4.999964e-03 5.000000e-01 5.000000e-01 1.515012e+00 -0.993261 0.002101 0.009946 0.969167 0.009946 0.002101 0.993261 -0.002109 -0.009974 -0.969094 -0.009974 -0.002109 0.000000 
5.000000e-01 5.000000e-01 4.999964e-03 5.000000e-01 5.000000e-01 1.515012e+00 -0.993261 0.002101 0.009946 0.969167 0.009946 0.002101 0.993261 -0.002109 -0.009974 -0.969094 -0.009974 -0.002109 0.000000 
5.000000e-01 5.000000e-01 4.999964e-03 5.000000e-01 5.000000e-01 1.515012e+00 -0.993261 0.002101 0.009946 0.969167 0.009946 0.002101 0.993261 -0.002109 -0.009974 -0.969094 -0.009974 -0.002109 0.000000 
5.000000e-01 5.000000e-01 4.999964e-03 5.000000e-01 5.000000e-01 1.515012e+00 -0.993261 0.002101 0.009946 0.969167 0.009946 0.002101 0.993261 -0.002109 -0.009974 -0.969094 -0.009974 -0.002109 0.000000 
5.000000e-01 5.000000e-01 4.999964e-03 5.000000e-01 5.000000e-01 1.515012e+00 -0.993261 0.002101 0.009946 0.969167 0.009946 0.002101 0.993261 -0.002109 -0.009974 -0.969094 -0.009974 -0.002109 0.000000 
5.000000e-01 5.000000e-01 4.999964e-03 5.000000e-01 5.000000e-01 1.515012e+00 -0.993261 0.002101 0.009946 0.969167 0.009946 0.002101 0.993261 -0.002109 -0.009974 -0.969094 -0.009974 -0.002109 0.000000 
5.000000e-01 5.000000e-01 4.999964e-03 5.000000e-01 5.000000e-01 1.515012e+00 -0.993261 0.002101 0.009946 0.969167 0.009946 0.002101 0.993261 -0.002109 -0.009974 -0.969094 -0.009974 -0.002109 0.000000 
5.000000e-01 5.000000e-01 4.999964e-03 5.000000e-01 5.000000e-01 1.515012e+00 -0.993261 0.002101 0.009946 0.969167 0.009946 0.002101 0.993261 -0.002109 -0.009974 -0.969094 -0.009974 -0.002109 0.000000 
5.000000e-01 5.000000e-01 4.999964e-03 5.000000e-01 5.000000e-01 1.515012e+00 -0.993261 0.002101 0.009946 0.969167 0.009946 0.002101 0.993261 -0.002109 -0.009974 -0.969094 -0.009974 -0.002109 0.000000 
5.000000e-01 5.000000e-01 4.999964e-03 5.000000e-01 5.000000e-01 1.515012e+00 -0.993261 0.002101 0.009946 0.969167 0.009946 0.002101 0.993261 -0.002109 -0.009974 -0.969094 -0.009974 -0.002109 0.000000 
5.000000e-01 5.000000e-01 4.999964e-03 5.000000e-01 5.000000e-01 1.515012e+00 -0.993261 0.002101 0.009946 0.969167 0.009946 0.002101 0.993261 -0.002109 -0.009974 -0.969094 -0.009974 -0.002109 0.000000 
5.000000e-01 5.000000e-01 4.999964e-03 5.000000e-01 5.000000e-01 1.515012e+00 -0.993261 0.002101 0.009946 0.969167 0.009946 0.002101 0.993261 -0.002109 -0.009974 -0.969094 -0.009974 -0.002109 0.000000 
5.000000e-01 5.000000e-01 4.999964e-03 5.000000e-01 5.000000e-01 1.515012e+00 -0.993261 0.002101 0.009946 0.969167 0.009946 0.002101 0.993261 -0.002109 -0.009974 -0.969094 -0.009974 -0.002109 0.000000 
5.000000e-01 5.000000e-01 4.999964e-03 5.000000e-01 5.000000e-01 1.515012e+00 -0.993261 0.002101 0.009946 0.969167 0.009946 0.002101 0.993261 -0.002109 -0.009974 -0.969094 -0.009974 -0.002109 0.000000 
5.000000e-01 5.000000e-01 4.999964e-03 5.000000e-01 5.000000e-01 1.515012e+00 -0.993261 0.002101 0.009946 0.969167 0.009946 0.002101 0.993261 -0.002109 -0.009974 -0.969094 -0.009974 -0.002109 0.000000 
5.000000e-01 5.000000e-01 4.999964e-03 5.000000e-01 5.000000e-01 1.515012e+00 -0.993261 0.002101 0.009946 0.969167 0.009946 0.002101 0.993261 -0.002109 -0.009974 -0.969094 -0.009974 -0.002109 0.000000 
5.000000e-01 5.000000e-01 4.999964e-03 5.000000e-01 5.000000e-01 1.515012e+00 -0.993261 0.002101 0.009946 0.969167 0.009946 0.002101 0.993261 -0.002109 -0.009974 -0.969094 -0.009974 -0.002109 0.000000 
5.000000e-01 5.000000e-01 4.999964e-03 5.000000e-01 5.000000e-01 1.515012e+00 -0.993261 0.002101 0.009946 0.969167 0.009946 0.002101 0.993261 -0.002109 -0.009974 -0.969094 -0.009974 -0.002109 0.000000 
5.000000e-01 5.000000e-01 4.999964e-03 5.000000e-01 5.000000e-01 1.515012e+00 -0.993261 0.002101 0.009946 0.969167 0.009946 0.002101 0.993261 -0.002109 -0.009974 -0.969094 -0.009974 -0.002109 0.000000 
5.000000e-01 5.000000e-01 4.999964e-03 5.000000e-01 5.000000e-01 1.515012e+00 -0.993261 0.002101 0.009946 0.969167 0.009946 0.002101 0.993261 -0.002109 -0.009974 -0.969094 -0.009974 -0.002109 0.000000 
5.000000e-01 5.000000e-01 4.999964e-03 5.000000e-01 5.000000e-01 1.515012e+00 -0.993261 0.002101 0.009946 0.969167 0.009946 0.002101 0.993261 -0.002109 -0.009974 -0.969094 -0.009974 -0.002109 0.000000 
5.000000e-01 5.000000e-01 4.999964e-03 5.000000e-01 5.000000e-01 1.515012e+00 -0.993261 0.002101 0.009946 0.969167 0.009946 0.002101 0.993261 -0.002109 -0.009974 -0.969094 -0.009974 -0.002109 0.000000 
5.000000e-01 5.000000e-01 4.999964e-03 5.000000e-01 5.000000e-01 1.515012e+00 -0.993261 0.002101 0.009946 0.969167 0.009946 0.002101 0.993261 -0.002109 -0.009974 -0.969094 -0.009974 -0.002109 0.000000 
5.000000e-01 5.000000e-01 4.999964e-03 5.000000e-01 5.000000e-01 1.515012e+00 -0.993261 0.002101 0.009946 0.969167 0.009946 0.002101 0.993261 -0.002109 -0.009974 -0.969094 -0.009974 -0.002109 0.000000 
5.000000e-01 5.000000e-01 4.999964e-03 5.000000e-01 5.000000e-01 1.515012e+00 -0.993261 0.002101 0.009946 0.969167 0.009946 0.002101 0.993261 -0.002109 -0.009974 -0.969094 -0.009974 -0.002109 0.000000 
5.000000e-01 5.000000e-01 4.999964e-03 5.000000e-01 5.000000e-01 1.515012e+00 -0.993261 0.002101 0.009946 0.969167 0.009946 0.002101 0.993261 -0.002109 -0.009974 -0.969094 -0.009974 -0.002109 0.000000 
5.000000e-01 5.000000e-01 4.999964e-03 5.000000e-01 5.000000e-01 1.515012e+00 -0.993261 0.002101 0.009946 0.969167 0.009946 0.002101 0.993261 -0.002109 -0.009974 -0.969094 -0.009974 -0.002109 0.000000 
5.000000e-01 5.000000e-01 4.999964e-03 5.000000e-01 5.000000e-01 1.515012e+00 -0.993261 0.002101 0.009946 0.969167 0.009946 0.002101 0.993261 -0.002109 -0.009974 -0.969094 -0.009974 -0.002109 0.000000 
5.000000e-01 5.000000e-01 4.999964e-03 5.000000e-01 5.000000e-01 1.515012e+00 -0.993261 0.002101 0.009946 0.969167 0.009946 0.002101 0.993261 -0.002109 -0.009974 -0.969094 -0.009974 -0.002109 0.000000 
5.000000e-01 5.000000e-01 4.999964e-03 5.000000e-01 5.000000e-01 1.515012e+00 -0.993261 0.002101 0.009946 0.969167 0.009946 0.002101 0.993261 -0.002109 -0.009974 -0.969094 -0.009974 -0.002109 0.000000 
5.000000e-01 5.000000e-01 4.999964e-03 5.000000e-01 5.000000e-01 1.515012e+00 -0.993261 0.002101 0.009946 0.969167 0.009946 0.002101 0.993261 -0.002109 -0.009974 -0.969094 -0.009974 -0.002109 0.000000 
5.000000e-01 5.000000e-01 4.999964e-03 5.000000e-01 5.000000e-01 1.515012e+00 -0.993261 0.002101 0.009946 0.969167 0.009946 0.002101 0.993261 -0.002109 -0.009974 -0.969094 -0.009974 -0.002109 0.000000 
5.000000e-01 5.000000e-01 4.999964e-03 5.000000e-01 5.000000e-01 1.515012e+00 -0.993261 0.002101 0.009946 0.969167 0.009946 0.002101 0.993261 -0.002109 -0.009974 -0.969094 -0.009974 -0.002109 0.000000 
5.000000e-01 5.000000e-01 4.999964e-03 5.000000e-01 5.000000e-01 1.515012e+00 -0.993261 0.002101 0.009946 0.969167 0.009946 0.002101 0.993261 -0.002109 -0.009974 -0.969094 -0.009974 -0.002109 0.000000 
5.000000e-01 5.000000e-01 4.999964e-03 5.000000e-01 5.000000e-01 1.515012e+00 -0.993261 0.002101 0.009946 0.969167 0.009946 0.002101 0.993261 -0.002109 -0.009974 -0.969094 -0.009974 -0.002109 0.000000 
5.000000e-01 5.000000e-01 4.999964e-03 5.000000e-01 5.000000e-01 1.515012e+00 -0.993261 0.002101 0.009946 0.969167 0.009946 0.002101 0.993261 -0.002109 -0.009974 -0.969094 -0.009974 -0.002109 0.000000 
5.000000e-01 5.000000e-01 4.999964e-03 5.000000e-01 5.000000e-01 1.515012e+00 -0.993261 0.002101 0.009946 0.969167 0.009946 0.002101 0.993261 -0.002109 -0.009974 -0.969094 -0.009974 -0.002109 0.000000 
5.000000e-01 5.000000e-01 4.999964e-03 5.000000e-01 5.000000e-01 1.515012e+00 -0.993261 0.002101 0.009946 0.969167 0.009946 0.002101 0.993261 -0.002109 -0.009974 -0.969094 -0.009974 -0.002109 0.000000 
5.000000e-01 5.000000e-01 4.999964e-03 5.000000e-01 5.000000e-01 1.515012e+00 -0.993261 0.002101 0.009946 0.969167 0.009946 0.002101 0.993261 -0.002109 -0.009974 -0.969094 -0.009974 -0.002109 0.000000 
5.000000e-01 5.000000e-01 4.999964e-03 5.000000e-01 5.000000e-01 1.515012e+00 -0.993261 0.002101 0.009946 0.969167 0.009946 0.002101 0.993261 -0.002109 -0.009974 -0.969094 -0.009974 -0.002109 0.000000 
5.000000e-01 5.000000e-01 4.999964e-03 5.000000e-01 5.000000e-01 1.515012e+00 -0.993261 0.002101 0.009946 0.969167 0.009946 0.002101 0.993261 -0.002109 -0.009974 -0.969094 -0.009974 -0.002109 0.000000 
5.000000e-01 5.000000e-01 4.999964e-03 5.000000e-01 5.000000e-01 1.515012e+00 -0.993261 0.002101 0.009946 0.969167 0.009946 0.002101 0.993261 -0.002109 -0.009974 -0.969094 -0.009974 -0.002109 0.000000 
5.000000e-01 5.000000e-01 4.999964e-03 5.000000e-01 5.000000e-01 1.515012e+00 -0.993261 0.002101 0.009946 0.969167 0.009946 0.002101 0.993261 -0.002109 -0.009974 -0.969094 -0.009974 -0.002109 0.000000 
5.000000e-01 5.000000e-01 4.999964e-03 5.000000e-01 5.000000e-01 1.515012e+00 -0.993261 0.002101 0.009946 0.969167 0.009946 0.002101 0.993261 -0.002109 -0.009974 -0.969094 -0.009974 -0.002109 0.000000 
5.000000e-01 5.000000e-01 4.999964e-03 5.000000e-01 5.000000e-01 1.515012e+00 -0.993261 0.002101 0.009946 0.969167 0.009946 0.002101 0.993261 -0.002109 -0.009974 -0.969094 -0.009974 -0.002109 0.000000 
5.000000e-01 5.000000e-01 4.999964e-03 5.000000e-01 5.000000e-01 1.515012e+00 -0.993261 0.002101 0.009946 0.969167 0.009946 0.002101 0.993261 -0.002109 -0.009974 -0.969094 -0.009974 -0.002109 0.000000 
