# TeX TeY TeZ ThX ThY THZ P1 P2
5.000000e-01 5.000000e-01 5.000000e-01 5.000000e-01 5.000000e-01 5.000000e-01 0.000000 0.000000 0.000000 0.000000 0.000000 0.000000 0.000000 0.000000 0.000000 0.000000 0.000000 0.000000 0.000000 
5.000000e-01 5.000000e-01 4.876572e-01 5.000000e-01 5.000000e-01 5.087638e-01 -0.013854 0.002466 0.002953 0.003016 0.002953 0.002466 0.013854 -0.000946 -0.003324 -0.005313 -0.003324 -0.000946 0.000000 
5.000000e-01 5.000000e-01 4.752780e-01 5.000000e-01 5.000000e-01 5.175169e-01 -0.027725 0.004936 0.005909 0.006035 0.005909 0.004936 0.027725 -0.001853 -0.006658 -0.010702 -0.006658 -0.001853 0.000000 
5.000000e-01 5.000000e-01 4.628628e-01 5.000000e-01 5.000000e-01 5.262592e-01 -0.041612 0.007410 0.008869 0.009056 0.008869 0.007410 0.041612 -0.002714 -0.010001 -0.016182 -0.010001 -0.002714 0.000000 
5.000000e-01 5.000000e-01 4.504118e-01 5.000000e-01 5.000000e-01 5.349906e-01 -0.055516 0.009887 0.011831 0.012080 0.011831 0.009887 0.055516 -0.003522 -0.013352 -0.021769 -0.013352 -0.003522 0.000000 
5.000000e-01 5.000000e-01 4.379253e-01 5.000000e-01 5.000000e-01 5.437111e-01 -0.069436 0.012367 0.014797 0.015107 0.014797 0.012367 0.069436 -0.004255 -0.016712 -0.027503 -0.016712 -0.004255 0.000000 
5.000000e-01 5.000000e-01 4.254036e-01 5.000000e-01 5.000000e-01 5.524205e-01 -0.083371 0.014851 0.017767 0.018136 0.017767 0.014851 0.083371 -0.004914 -0.020078 -0.033389 -0.020078 -0.004914 0.000000 
5.000000e-01 5.000000e-01 4.128471e-01 5.000000e-01 5.000000e-01 5.611187e-01 -0.097322 0.017337 0.020739 0.021170 0.020739 0.017337 0.097322 -0.005492 -0.023448 -0.039442 -0.023448 -0.005492 0.000000 
5.000000e-01 5.000000e-01 4.002560e-01 5.000000e-01 5.000000e-01 5.698057e-01 -0.111288 0.019825 0.023715 0.024207 0.023715 0.019825 0.111288 -0.005982 -0.026820 -0.045684 -0.026820 -0.005982 0.000000 
5.000000e-01 5.000000e-01 3.876306e-01 5.000000e-01 5.000000e-01 5.784812e-01 -0.125269 0.022316 0.026695 0.027249 0.026695 0.022316 0.125269 -0.006357 -0.030190 -0.052176 -0.030190 -0.006357 0.000000 
5.000000e-01 5.000000e-01 3.749711e-01 5.000000e-01 5.000000e-01 5.871454e-01 -0.139265 0.024808 0.029677 0.030294 0.029677 0.024808 0.139265 -0.006619 -0.033553 -0.058921 -0.033553 -0.006619 0.000000 
5.000000e-01 5.000000e-01 3.622780e-01 5.000000e-01 5.000000e-01 5.957979e-01 -0.153275 0.027302 0.032663 0.033344 0.032663 0.027302 0.153275 -0.006760 -0.036905 -0.065946 -0.036905 -0.006760 0.000000 
5.000000e-01 5.000000e-01 3.495513e-01 5.000000e-01 5.000000e-01 6.044388e-01 -0.167299 0.029797 0.035653 0.036399 0.035653 0.029797 0.167299 -0.006764 -0.040238 -0.073295 -0.040238 -0.006764 0.000000 
5.000000e-01 5.000000e-01 3.367915e-01 5.000000e-01 5.000000e-01 6.130679e-01 -0.181338 0.032294 0.038645 0.039459 0.038645 0.032294 0.181338 -0.006601 -0.043539 -0.081058 -0.043539 -0.006601 0.000000 
5.000000e-01 5.000000e-01 3.239988e-01 5.000000e-01 5.000000e-01 6.216851e-01 -0.195390 0.034791 0.041642 0.042523 0.041642 0.034791 0.195389 -0.006280 -0.046801 -0.089227 -0.046801 -0.006280 0.000000 
5.000000e-01 5.000000e-01 3.111735e-01 5.000000e-01 5.000000e-01 6.302903e-01 -0.209455 0.037290 0.044641 0.045593 0.044641 0.037290 0.209455 -0.005791 -0.050009 -0.097853 -0.050009 -0.005791 0.000000 
5.000000e-01 5.000000e-01 2.983157e-01 5.000000e-01 5.000000e-01 6.388835e-01 -0.223533 0.039788 0.047644 0.048669 0.047644 0.039788 0.223533 -0.005102 -0.053139 -0.107050 -0.053139 -0.005102 0.000000 
5.000000e-01 5.000000e-01 2.854259e-01 5.000000e-01 5.000000e-01 6.474644e-01 -0.237624 0.042286 0.050651 0.051752 0.050651 0.042286 0.237624 -0.004204 -0.056168 -0.116882 -0.056168 -0.004204 0.000000 
5.000000e-01 5.000000e-01 2.725041e-01 5.000000e-01 5.000000e-01 6.560330e-01 -0.251729 0.044784 0.053661 0.054840 0.053661 0.044784 0.251728 -0.003097 -0.059076 -0.127384 -0.059076 -0.003097 0.000000 
5.000000e-01 5.000000e-01 2.595507e-01 5.000000e-01 5.000000e-01 6.645891e-01 -0.265845 0.047281 0.056674 0.057935 0.056674 0.047281 0.265845 -0.001763 -0.061827 -0.138666 -0.061827 -0.001763 0.000000 
5.000000e-01 5.000000e-01 2.465659e-01 5.000000e-01 5.000000e-01 6.731327e-01 -0.279974 0.049778 0.059691 0.061036 0.059691 0.049778 0.279974 -0.000157 -0.064352 -0.150956 -0.064352 -0.000157 0.000000 
5.000000e-01 5.000000e-01 2.335498e-01 5.000000e-01 5.000000e-01 6.816637e-01 -0.294115 0.052274 0.062711 0.064144 0.062711 0.052274 0.294115 0.001695 -0.066628 -0.164249 -0.066628 0.001695 0.000000 
5.000000e-01 5.000000e-01 2.205028e-01 5.000000e-01 5.000000e-01 6.901819e-01 -0.308268 0.054769 0.065735 0.067259 0.065735 0.054769 0.308268 0.003805 -0.068599 -0.178680 -0.068599 0.003805 0.000000 
5.000000e-01 5.000000e-01 2.074249e-01 5.000000e-01 5.000000e-01 6.986871e-01 -0.322433 0.057262 0.068763 0.070383 0.068763 0.057262 0.322433 0.006226 -0.070125 -0.194635 -0.070125 0.006226 0.000000 
5.000000e-01 5.000000e-01 1.943162e-01 5.000000e-01 5.000000e-01 7.071794e-01 -0.336611 0.059753 0.071795 0.073515 0.071795 0.059753 0.336611 0.008934 -0.071154 -0.212170 -0.071154 0.008934 0.000000 
5.000000e-01 5.000000e-01 1.811769e-01 5.000000e-01 5.000000e-01 7.156584e-01 -0.350801 0.062242 0.074830 0.076656 0.074830 0.062242 0.350801 0.011929 -0.071596 -0.231466 -0.071596 0.011929 0.000000 
5.000000e-01 5.000000e-01 1.680068e-01 5.000000e-01 5.000000e-01 7.241243e-01 -0.365003 0.064729 0.077870 0.079805 0.077870 0.064729 0.365003 0.015253 -0.071224 -0.253061 -0.071224 0.015253 0.000000 
5.000000e-01 5.000000e-01 1.548060e-01 5.000000e-01 5.000000e-01 7.325767e-01 -0.379220 0.067214 0.080914 0.082964 0.080914 0.067214 0.379220 0.018896 -0.069891 -0.277230 -0.069891 0.018896 0.000000 
5.000000e-01 5.000000e-01 1.415740e-01 5.000000e-01 5.000000e-01 7.410156e-01 -0.393452 0.069697 0.083962 0.086132 0.083962 0.069697 0.393452 0.022838 -0.067470 -0.304189 -0.067470 0.022838 0.000000 
5.000000e-01 5.000000e-01 1.283103e-01 5.000000e-01 5.000000e-01 7.494408e-01 -0.407701 0.072178 0.087016 0.089313 0.087016 0.072178 0.407700 0.027108 -0.063593 -0.334730 -0.063593 0.027108 0.000000 
5.000000e-01 5.000000e-01 1.150142e-01 5.000000e-01 5.000000e-01 7.578523e-01 -0.421970 0.074655 0.090076 0.092506 0.090076 0.074655 0.421970 0.031698 -0.057964 -0.369437 -0.057964 0.031698 0.000000 
5.000000e-01 5.000000e-01 1.016843e-01 5.000000e-01 5.000000e-01 7.662498e-01 -0.436262 0.077132 0.093143 0.095713 0.093143 0.077132 0.436262 0.036576 -0.050432 -0.408551 -0.050432 0.036576 0.000000 
5.000000e-01 5.000000e-01 8.831919e-02 5.000000e-01 5.000000e-01 7.746333e-01 -0.450585 0.079607 0.096218 0.098935 0.096218 0.079607 0.450585 0.041757 -0.040443 -0.453213 -0.040443 0.041757 0.000000 
5.000000e-01 5.000000e-01 7.491670e-02 5.000000e-01 5.000000e-01 7.830026e-01 -0.464945 0.082083 0.099302 0.102174 0.099302 0.082083 0.464945 0.047227 -0.027618 -0.504164 -0.027618 0.047227 0.000000 
5.000000e-01 5.000000e-01 6.147445e-02 5.000000e-01 5.000000e-01 7.913575e-01 -0.479349 0.084561 0.102398 0.105431 0.102398 0.084561 0.479349 0.052945 -0.011920 -0.561398 -0.011920 0.052945 0.000000 
5.000000e-01 5.000000e-01 4.799028e-02 5.000000e-01 5.000000e-01 7.996980e-01 -0.493806 0.087040 0.105507 0.108711 0.105507 0.087040 0.493806 0.058912 0.007182 -0.625995 0.007182 0.058912 0.000000 
5.000000e-01 5.000000e-01 3.446303e-02 5.000000e-01 5.000000e-01 8.080239e-01 -0.508323 0.089521 0.108632 0.112016 0.108632 0.089521 0.508323 0.065091 0.029558 -0.697620 0.029558 0.065091 0.000000 
5.000000e-01 5.000000e-01 2.089371e-02 5.000000e-01 5.000000e-01 8.163350e-01 -0.522893 0.092004 0.111770 0.115344 0.111770 0.092004 0.522893 0.071430 0.054606 -0.774965 0.054606 0.071430 0.000000 
5.000000e-01 5.000000e-01 7.288444e-03 5.000000e-01 5.000000e-01 8.246312e-01 -0.537509 0.094487 0.114920 0.118694 0.114920 0.094487 0.537509 0.077892 0.081816 -0.856925 0.081816 0.077892 0.000000 
5.000000e-01 5.000000e-01 4.999985e-03 5.000000e-01 5.000000e-01 8.329124e-01 -0.544489 0.095573 0.116455 0.120434 0.116455 0.095573 0.544489 0.078225 0.085532 -0.872003 0.085532 0.078225 0.000000 
5.000000e-01 5.000000e-01 4.999985e-03 5.000000e-01 5.000000e-01 8.411784e-01 -0.549915 0.096366 0.117662 0.121858 0.117662 0.096366 0.549915 0.077311 0.084359 -0.873256 0.084359 0.077311 0.000000 
5.000000e-01 5.000000e-01 4.999985e-03 5.000000e-01 5.000000e-01 8.494290e-01 -0.555331 0.097148 0.118871 0.123294 0.118871 0.097148 0.555331 0.076394 0.083190 -0.874500 0.083190 0.076394 0.000000 
5.000000e-01 5.000000e-01 4.999985e-03 5.000000e-01 5.000000e-01 8.576640e-01 -0.560737 0.097915 0.120080 0.124746 0.120080 0.097915 0.560737 0.075476 0.082024 -0.875737 0.082024 0.075476 0.000000 
5.000000e-01 5.000000e-01 4.999985e-03 5.000000e-01 5.000000e-01 8.658835e-01 -0.566133 0.098670 0.121291 0.126211 0.121291 0.098670 0.566133 0.074555 0.080862 -0.876967 0.080862 0.074555 0.000000 
5.000000e-01 5.000000e-01 4.999985e-03 5.000000e-01 5.000000e-01 8.740870e-01 -0.571518 0.099412 0.122502 0.127690 0.122502 0.099412 0.571518 0.073634 0.079702 -0.878190 0.079702 0.073634 0.000000 
5.000000e-01 5.000000e-01 4.999985e-03 5.000000e-01 5.000000e-01 8.822746e-01 -0.576893 0.100141 0.123713 0.129183 0.123713 0.100141 0.576893 0.072711 0.078546 -0.879407 0.078546 0.072711 0.000000 
5.000000e-01 5.000000e-01 4.999985e-03 5.000000e-01 5.000000e-01 8.904461e-01 -0.582257 0.100856 0.124926 0.130692 0.124926 0.100856 0.582257 0.071787 0.077393 -0.880618 0.077393 0.071787 0.000000 
5.000000e-01 5.000000e-01 4.999985e-03 5.000000e-01 5.000000e-01 8.986012e-01 -0.587610 0.101553 0.126140 0.132222 0.126140 0.101553 0.587610 0.070863 0.076243 -0.881822 0.076243 0.070863 0.000000 
5.000000e-01 5.000000e-01 4.999985e-03 5.000000e-01 5.000000e-01 9.067398e-01 -0.592952 0.102235 0.127356 0.133770 0.127356 0.102235 0.592952 0.069937 0.075096 -0.883020 0.075096 0.069937 0.000000 
5.000000e-01 5.000000e-01 4.999985e-03 5.000000e-01 5.000000e-01 9.148618e-01 -0.598284 0.102900 0.128573 0.135337 0.128573 0.102900 0.598284 0.069011 0.073953 -0.884212 0.073953 0.069011 0.000000 
5.000000e-01 5.000000e-01 4.999985e-03 5.000000e-01 5.000000e-01 9.229669e-01 -0.603604 0.103550 0.129791 0.136923 0.129791 0.103550 0.603604 0.068085 0.072812 -0.885399 0.072812 0.068085 0.000000 
5.000000e-01 5.000000e-01 4.999985e-03 5.000000e-01 5.000000e-01 9.310550e-01 -0.608914 0.104182 0.131010 0.138529 0.131010 0.104182 0.608913 0.067159 0.071675 -0.886581 0.071675 0.067159 0.000000 
5.000000e-01 5.000000e-01 4.999985e-03 5.000000e-01 5.000000e-01 9.391259e-01 -0.614211 0.104795 0.132231 0.140160 0.132231 0.104795 0.614211 0.066232 0.070540 -0.887757 0.070540 0.066232 0.000000 
5.000000e-01 5.000000e-01 4.999985e-03 5.000000e-01 5.000000e-01 9.471794e-01 -0.619498 0.105386 0.133454 0.141819 0.133454 0.105386 0.619498 0.065306 0.069409 -0.888927 0.069409 0.065306 0.000000 
5.000000e-01 5.000000e-01 4.999985e-03 5.000000e-01 5.000000e-01 9.552153e-01 -0.624773 0.105958 0.134678 0.143501 0.134678 0.105958 0.624773 0.064379 0.068281 -0.890093 0.068281 0.064379 0.000000 
5.000000e-01 5.000000e-01 4.999985e-03 5.000000e-01 5.000000e-01 9.632335e-01 -0.630036 0.106510 0.135904 0.145209 0.135904 0.106510 0.630036 0.063453 0.067155 -0.891254 0.067155 0.063453 0.000000 
5.000000e-01 5.000000e-01 4.999985e-03 5.000000e-01 5.000000e-01 9.712338e-01 -0.635288 0.107041 0.137131 0.146942 0.137131 0.107041 0.635288 0.062528 0.066033 -0.892410 0.066033 0.062528 0.000000 
5.000000e-01 5.000000e-01 4.999985e-03 5.000000e-01 5.000000e-01 9.792159e-01 -0.640527 0.107549 0.138360 0.148708 0.138360 0.107549 0.640527 0.061603 0.064914 -0.893561 0.064914 0.061603 0.000000 
5.000000e-01 5.000000e-01 4.999985e-03 5.000000e-01 5.000000e-01 9.871797e-01 -0.645755 0.108030 0.139592 0.150510 0.139592 0.108030 0.645755 0.060679 0.063798 -0.894708 0.063798 0.060679 0.000000 
5.000000e-01 5.000000e-01 4.999985e-03 5.000000e-01 5.000000e-01 9.951249e-01 -0.650970 0.108488 0.140825 0.152343 0.140825 0.108488 0.650970 0.059755 0.062685 -0.895850 0.062685 0.059755 0.000000 
5.000000e-01 5.000000e-01 4.999985e-03 5.000000e-01 5.000000e-01 1.003051e+00 -0.656173 0.108921 0.142060 0.154209 0.142060 0.108921 0.656173 0.058832 0.061575 -0.896987 0.061575 0.058832 0.000000 
5.000000e-01 5.000000e-01 4.999985e-03 5.000000e-01 5.000000e-01 1.010959e+00 -0.661363 0.109331 0.143296 0.156110 0.143296 0.109331 0.661363 0.057911 0.060468 -0.898120 0.060468 0.057911 0.000000 
5.000000e-01 5.000000e-01 4.999985e-03 5.000000e-01 5.000000e-01 1.018847e+00 -0.666541 0.109709 0.144534 0.158054 0.144534 0.109709 0.666541 0.056990 0.059364 -0.899249 0.059364 0.056990 0.000000 
5.000000e-01 5.000000e-01 4.999985e-03 5.000000e-01 5.000000e-01 1.026716e+00 -0.671706 0.110057 0.145775 0.160043 0.145775 0.110057 0.671706 0.056071 0.058263 -0.900373 0.058263 0.056071 0.000000 
5.000000e-01 5.000000e-01 4.999985e-03 5.000000e-01 5.000000e-01 1.034566e+00 -0.676859 0.110376 0.147016 0.162073 0.147016 0.110376 0.676858 0.055152 0.057165 -0.901493 0.057165 0.055152 0.000000 
5.000000e-01 5.000000e-01 4.999985e-03 5.000000e-01 5.000000e-01 1.042396e+00 -0.681998 0.110667 0.148259 0.164146 0.148259 0.110667 0.681998 0.054235 0.056070 -0.902609 0.056070 0.054235 0.000000 
5.000000e-01 5.000000e-01 4.999985e-03 5.000000e-01 5.000000e-01 1.050205e+00 -0.687124 0.110928 0.149502 0.166262 0.149502 0.110928 0.687124 0.053320 0.054979 -0.903721 0.054979 0.053320 0.000000 
5.000000e-01 5.000000e-01 4.999985e-03 5.000000e-01 5.000000e-01 1.057995e+00 -0.692237 0.111149 0.150748 0.168443 0.150748 0.111149 0.692236 0.052406 0.053890 -0.904829 0.053890 0.052406 0.000000 
5.000000e-01 5.000000e-01 4.999985e-03 5.000000e-01 5.000000e-01 1.065764e+00 -0.697336 0.111335 0.151994 0.170677 0.151994 0.111335 0.697336 0.051493 0.052805 -0.905932 0.052805 0.051493 0.000000 
5.000000e-01 5.000000e-01 4.999985e-03 5.000000e-01 5.000000e-01 1.073512e+00 -0.702421 0.111489 0.153240 0.172963 0.153240 0.111489 0.702421 0.050582 0.051723 -0.907032 0.051723 0.050582 0.000000 
5.000000e-01 5.000000e-01 4.999985e-03 5.000000e-01 5.000000e-01 1.081239e+00 -0.707493 0.111609 0.154486 0.175302 0.154486 0.111609 0.707493 0.049673 0.050644 -0.908127 0.050644 0.049673 0.000000 
5.000000e-01 5.000000e-01 4.999985e-03 5.000000e-01 5.000000e-01 1.088945e+00 -0.712551 0.111688 0.155732 0.177711 0.155732 0.111688 0.712551 0.048766 0.049568 -0.909219 0.049568 0.048766 0.000000 
5.000000e-01 5.000000e-01 4.999985e-03 5.000000e-01 5.000000e-01 1.096630e+00 -0.717595 0.111721 0.156977 0.180197 0.156977 0.111721 0.717595 0.047861 0.048495 -0.910306 0.048495 0.047861 0.000000 
5.000000e-01 5.000000e-01 4.999985e-03 5.000000e-01 5.000000e-01 1.104293e+00 -0.722624 0.111717 0.158221 0.182748 0.158221 0.111717 0.722624 0.046957 0.047426 -0.911390 0.047426 0.046957 0.000000 
5.000000e-01 5.000000e-01 4.999985e-03 5.000000e-01 5.000000e-01 1.111934e+00 -0.727639 0.111675 0.159462 0.185365 0.159462 0.111675 0.727639 0.046055 0.046360 -0.912470 0.046360 0.046055 0.000000 
5.000000e-01 5.000000e-01 4.999985e-03 5.000000e-01 5.000000e-01 1.119553e+00 -0.732640 0.111590 0.160701 0.188058 0.160701 0.111590 0.732640 0.045156 0.045297 -0.913545 0.045297 0.045156 0.000000 
5.000000e-01 5.000000e-01 4.999985e-03 5.000000e-01 5.000000e-01 1.127149e+00 -0.737625 0.111449 0.161935 0.190857 0.161935 0.111449 0.737625 0.044258 0.044237 -0.914617 0.044237 0.044258 0.000000 
5.000000e-01 5.000000e-01 4.999985e-03 5.000000e-01 5.000000e-01 1.134723e+00 -0.742596 0.111265 0.163165 0.193736 0.163165 0.111265 0.742596 0.043363 0.043181 -0.915685 0.043181 0.043363 0.000000 
5.000000e-01 5.000000e-01 4.999985e-03 5.000000e-01 5.000000e-01 1.142274e+00 -0.747552 0.111038 0.164389 0.196697 0.164389 0.111038 0.747552 0.042470 0.042129 -0.916749 0.042129 0.042470 0.000000 
5.000000e-01 5.000000e-01 4.999985e-03 5.000000e-01 5.000000e-01 1.149801e+00 -0.752492 0.110765 0.165607 0.199748 0.165607 0.110765 0.752492 0.041579 0.041079 -0.917809 0.041079 0.041579 0.000000 
5.000000e-01 5.000000e-01 4.999985e-03 5.000000e-01 5.000000e-01 1.157305e+00 -0.757417 0.110426 0.166815 0.202936 0.166815 0.110426 0.757417 0.040691 0.040033 -0.918865 0.040033 0.040691 0.000000 
5.000000e-01 5.000000e-01 4.999985e-03 5.000000e-01 5.000000e-01 1.164785e+00 -0.762326 0.110039 0.168012 0.206224 0.168012 0.110039 0.762326 0.039805 0.038991 -0.919917 0.038991 0.039805 0.000000 
5.000000e-01 5.000000e-01 4.999985e-03 5.000000e-01 5.000000e-01 1.172241e+00 -0.767219 0.109604 0.169199 0.209613 0.169199 0.109604 0.767219 0.038921 0.037952 -0.920966 0.037952 0.038921 0.000000 
5.000000e-01 5.000000e-01 4.999985e-03 5.000000e-01 5.000000e-01 1.179673e+00 -0.772096 0.109117 0.170373 0.213115 0.170373 0.109117 0.772096 0.038040 0.036916 -0.922010 0.036916 0.038040 0.000000 
5.000000e-01 5.000000e-01 4.999985e-03 5.000000e-01 5.000000e-01 1.187080e+00 -0.776957 0.108557 0.171527 0.216790 0.171527 0.108557 0.776957 0.037162 0.035884 -0.923050 0.035884 0.037162 0.000000 
5.000000e-01 5.000000e-01 4.999985e-03 5.000000e-01 5.000000e-01 1.194462e+00 -0.781802 0.107944 0.172664 0.220587 0.172664 0.107944 0.781801 0.036286 0.034856 -0.924087 0.034856 0.036286 0.000000 
5.000000e-01 5.000000e-01 4.999985e-03 5.000000e-01 5.000000e-01 1.201819e+00 -0.786629 0.107279 0.173781 0.224509 0.173781 0.107279 0.786629 0.035413 0.033832 -0.925119 0.033832 0.035413 0.000000 
5.000000e-01 5.000000e-01 4.999985e-03 5.000000e-01 5.000000e-01 1.209150e+00 -0.791440 0.106551 0.174874 0.228589 0.174874 0.106551 0.791440 0.034543 0.032811 -0.926147 0.032811 0.034543 0.000000 
5.000000e-01 5.000000e-01 4.999985e-03 5.000000e-01 5.000000e-01 1.216455e+00 -0.796234 0.105747 0.175934 0.232872 0.175934 0.105747 0.796234 0.033675 0.031793 -0.927172 0.031793 0.033675 0.000000 
5.000000e-01 5.000000e-01 4.999985e-03 5.000000e-01 5.000000e-01 1.223734e+00 -0.801011 0.104887 0.176965 0.237306 0.176965 0.104887 0.801011 0.032811 0.030780 -0.928192 0.030780 0.032811 0.000000 
5.000000e-01 5.000000e-01 4.999985e-03 5.000000e-01 5.000000e-01 1.230987e+00 -0.805770 0.103971 0.177966 0.241895 0.177966 0.103971 0.805770 0.031949 0.029770 -0.929208 0.029770 0.031949 0.000000 
5.000000e-01 5.000000e-01 4.999985e-03 5.000000e-01 5.000000e-01 1.238212e+00 -0.810511 0.102975 0.178920 0.246720 0.178920 0.102975 0.810511 0.031090 0.028764 -0.930220 0.028764 0.031090 0.000000 
5.000000e-01 5.000000e-01 4.999985e-03 5.000000e-01 5.000000e-01 1.245411e+00 -0.815235 0.101908 0.179826 0.251767 0.179826 0.101908 0.815235 0.030234 0.027762 -0.931228 0.027762 0.030234 0.000000 
5.000000e-01 5.000000e-01 4.999985e-03 5.000000e-01 5.000000e-01 1.252582e+00 -0.819941 0.100783 0.180687 0.257001 0.180687 0.100783 0.819940 0.029382 0.026764 -0.932232 0.026764 0.029382 0.000000 
5.000000e-01 5.000000e-01 4.999985e-03 5.000000e-01 5.000000e-01 1.259725e+00 -0.824628 0.099595 0.181499 0.262438 0.181499 0.099595 0.824628 0.028532 0.025770 -0.933232 0.025770 0.028532 0.000000 
5.000000e-01 5.000000e-01 4.999985e-03 5.000000e-01 5.000000e-01 1.266839e+00 -0.829296 0.098310 0.182226 0.268223 0.182226 0.098310 0.829296 0.027686 0.024780 -0.934227 0.024780 0.027686 0.000000 
5.000000e-01 5.000000e-01 4.999985e-03 5.000000e-01 5.000000e-01 1.273925e+00 -0.833946 0.096966 0.182890 0.274234 0.182890 0.096966 0.833946 0.026843 0.023794 -0.935218 0.023794 0.026843 0.000000 
5.000000e-01 5.000000e-01 4.999985e-03 5.000000e-01 5.000000e-01 1.280983e+00 -0.838577 0.095562 0.183490 0.280472 0.183490 0.095562 0.838577 0.026003 0.022811 -0.936205 0.022811 0.026003 0.000000 
5.000000e-01 5.000000e-01 4.999985e-03 5.000000e-01 5.000000e-01 1.288010e+00 -0.843188 0.094068 0.183985 0.287083 0.183985 0.094068 0.843188 0.025166 0.021834 -0.937188 0.021834 0.025166 0.000000 
5.000000e-01 5.000000e-01 4.999985e-03 5.000000e-01 5.000000e-01 1.295008e+00 -0.847781 0.092497 0.184377 0.294032 0.184377 0.092497 0.847780 0.024333 0.020860 -0.938166 0.020860 0.024333 0.000000 
5.000000e-01 5.000000e-01 4.999985e-03 5.000000e-01 5.000000e-01 1.301976e+00 -0.852353 0.090868 0.184680 0.301257 0.184680 0.090868 0.852353 0.023503 0.019890 -0.939140 0.019890 0.023503 0.000000 
5.000000e-01 5.000000e-01 4.999985e-03 5.000000e-01 5.000000e-01 1.308914e+00 -0.856906 0.089163 0.184864 0.308852 0.184864 0.089163 0.856906 0.022677 0.018925 -0.940109 0.018925 0.022677 0.000000 
5.000000e-01 5.000000e-01 4.999985e-03 5.000000e-01 5.000000e-01 1.315821e+00 -0.861438 0.087365 0.184884 0.316939 0.184884 0.087365 0.861438 0.021854 0.017964 -0.941074 0.017964 0.021854 0.000000 
5.000000e-01 5.000000e-01 4.999985e-03 5.000000e-01 5.000000e-01 1.322696e+00 -0.865950 0.085509 0.184786 0.325359 0.184786 0.085509 0.865950 0.021035 0.017007 -0.942035 0.017007 0.021035 0.000000 
5.000000e-01 5.000000e-01 4.999985e-03 5.000000e-01 5.000000e-01 1.329540e+00 -0.870442 0.083590 0.184552 0.334158 0.184552 0.083590 0.870442 0.020219 0.016055 -0.942991 0.016055 0.020219 0.000000 
5.000000e-01 5.000000e-01 4.999985e-03 5.000000e-01 5.000000e-01 1.336352e+00 -0.874913 0.081567 0.184075 0.343628 0.184075 0.081567 0.874913 0.019407 0.015107 -0.943942 0.015107 0.019407 0.000000 
5.000000e-01 5.000000e-01 4.999985e-03 5.000000e-01 5.000000e-01 1.343132e+00 -0.879363 0.079489 0.183443 0.353499 0.183443 0.079489 0.879363 0.018599 0.014164 -0.944889 0.014164 0.018599 0.000000 
5.000000e-01 5.000000e-01 4.999985e-03 5.000000e-01 5.000000e-01 1.349879e+00 -0.883792 0.077357 0.182651 0.363777 0.182651 0.077357 0.883792 0.017794 0.013225 -0.945831 0.013225 0.017794 0.000000 
5.000000e-01 5.000000e-01 4.999985e-03 5.000000e-01 5.000000e-01 1.356592e+00 -0.888200 0.075116 0.181518 0.374931 0.181518 0.075116 0.888200 0.016993 0.012291 -0.946769 0.012291 0.016993 0.000000 
5.000000e-01 5.000000e-01 4.999985e-03 5.000000e-01 5.000000e-01 1.363272e+00 -0.892586 0.072826 0.180187 0.386561 0.180187 0.072826 0.892586 0.016197 0.011361 -0.947702 0.011361 0.016197 0.000000 
5.000000e-01 5.000000e-01 4.999985e-03 5.000000e-01 5.000000e-01 1.369919e+00 -0.896951 0.070486 0.178656 0.398666 0.178656 0.070486 0.896951 0.015403 0.010436 -0.948630 0.010436 0.015403 0.000000 
5.000000e-01 5.000000e-01 4.999985e-03 5.000000e-01 5.000000e-01 1.376530e+00 -0.901295 0.068042 0.176675 0.411860 0.176675 0.068042 0.901295 0.014614 0.009515 -0.949553 0.009515 0.014614 0.000000 
5.000000e-01 5.000000e-01 4.999985e-03 5.000000e-01 5.000000e-01 1.383107e+00 -0.905617 0.065554 0.174447 0.425614 0.174447 0.065554 0.905617 0.013829 0.008599 -0.950472 0.008599 0.013829 0.000000 
5.000000e-01 5.000000e-01 4.999985e-03 5.000000e-01 5.000000e-01 1.389649e+00 -0.909916 0.063019 0.171952 0.439976 0.171952 0.063019 0.909916 0.013047 0.007688 -0.951386 0.007688 0.013047 0.000000 
5.000000e-01 5.000000e-01 4.999985e-03 5.000000e-01 5.000000e-01 1.396156e+00 -0.914196 0.060390 0.168897 0.455622 0.168897 0.060390 0.914196 0.012269 0.006781 -0.952296 0.006781 0.012269 0.000000 
5.000000e-01 5.000000e-01 4.999985e-03 5.000000e-01 5.000000e-01 1.402627e+00 -0.918453 0.057725 0.165548 0.471906 0.165548 0.057725 0.918453 0.011495 0.005879 -0.953201 0.005879 0.011495 0.000000 
5.000000e-01 5.000000e-01 4.999985e-03 5.000000e-01 5.000000e-01 1.409061e+00 -0.922688 0.055010 0.161813 0.489043 0.161813 0.055010 0.922688 0.010725 0.004981 -0.954101 0.004981 0.010725 0.000000 
5.000000e-01 5.000000e-01 4.999985e-03 5.000000e-01 5.000000e-01 1.415460e+00 -0.926904 0.052220 0.157442 0.507579 0.157442 0.052220 0.926904 0.009959 0.004088 -0.954997 0.004088 0.009959 0.000000 
5.000000e-01 5.000000e-01 4.999985e-03 5.000000e-01 5.000000e-01 1.421821e+00 -0.931097 0.049402 0.152739 0.526814 0.152739 0.049402 0.931097 0.009196 0.003199 -0.955888 0.003199 0.009196 0.000000 
5.000000e-01 5.000000e-01 4.999985e-03 5.000000e-01 5.000000e-01 1.428146e+00 -0.935271 0.046529 0.147456 0.547301 0.147456 0.046529 0.935271 0.008438 0.002315 -0.956775 0.002315 0.008438 0.000000 
5.000000e-01 5.000000e-01 4.999985e-03 5.000000e-01 5.000000e-01 1.434434e+00 -0.939425 0.043606 0.141541 0.569130 0.141541 0.043606 0.939425 0.007682 0.001434 -0.957658 0.001434 0.007682 0.000000 
5.000000e-01 5.000000e-01 4.999985e-03 5.000000e-01 5.000000e-01 1.440684e+00 -0.943557 0.040663 0.135276 0.591679 0.135276 0.040663 0.943557 0.006931 0.000559 -0.958536 0.000559 0.006931 0.000000 
5.000000e-01 5.000000e-01 4.999985e-03 5.000000e-01 5.000000e-01 1.446896e+00 -0.947672 0.037659 0.128150 0.616055 0.128150 0.037659 0.947672 0.006182 -0.000314 -0.959410 -0.000314 0.006182 0.000000 
5.000000e-01 5.000000e-01 4.999985e-03 5.000000e-01 5.000000e-01 1.453071e+00 -0.951768 0.034632 0.120537 0.641432 0.120537 0.034632 0.951768 0.005438 -0.001181 -0.960280 -0.001181 0.005438 0.000000 
5.000000e-01 5.000000e-01 4.999985e-03 5.000000e-01 5.000000e-01 1.459208e+00 -0.955844 0.031582 0.112437 0.667805 0.112437 0.031582 0.955844 0.004696 -0.002045 -0.961146 -0.002045 0.004696 0.000000 
5.000000e-01 5.000000e-01 4.999985e-03 5.000000e-01 5.000000e-01 1.465307e+00 -0.959904 0.028488 0.103441 0.696046 0.103441 0.028488 0.959904 0.003958 -0.002906 -0.962009 -0.002906 0.003958 0.000000 
5.000000e-01 5.000000e-01 4.999985e-03 5.000000e-01 5.000000e-01 1.471368e+00 -0.963944 0.025388 0.094121 0.724926 0.094121 0.025388 0.963944 0.003223 -0.003762 -0.962867 -0.003762 0.003223 0.000000 
5.000000e-01 5.000000e-01 4.999985e-03 5.000000e-01 5.000000e-01 1.477390e+00 -0.967967 0.022258 0.084037 0.755377 0.084037 0.022258 0.967967 0.002491 -0.004614 -0.963722 -0.004614 0.002491 0.000000 
5.000000e-01 5.000000e-01 4.999985e-03 5.000000e-01 5.000000e-01 1.483372e+00 -0.971972 0.019117 0.073465 0.786810 0.073465 0.019117 0.971972 0.001763 -0.005463 -0.964572 -0.005463 0.001763 0.000000 
5.000000e-01 5.000000e-01 4.999985e-03 5.000000e-01 5.000000e-01 1.489315e+00 -0.975956 0.015972 0.062536 0.818941 0.062536 0.015972 0.975956 0.001038 -0.006307 -0.965419 -0.006307 0.001038 0.000000 
5.000000e-01 5.000000e-01 4.999985e-03 5.000000e-01 5.000000e-01 1.495218e+00 -0.979924 0.012811 0.050949 0.852405 0.050949 0.012811 0.979924 0.000317 -0.007148 -0.966261 -0.007148 0.000317 0.000000 
5.000000e-01 5.000000e-01 4.999985e-03 5.000000e-01 5.000000e-01 1.501080e+00 -0.983867 0.009661 0.039236 0.886073 0.039236 0.009661 0.983867 -0.000401 -0.007983 -0.967099 -0.007983 -0.000401 0.000000 
5.000000e-01 5.000000e-01 4.999985e-03 5.000000e-01 5.000000e-01 1.506899e+00 -0.987788 0.006509 0.027118 0.920534 0.027118 0.006509 0.987788 -0.001114 -0.008814 -0.967932 -0.008814 -0.001114 0.000000 
5.000000e-01 5.000000e-01 4.999985e-03 5.000000e-01 5.000000e-01 1.512687e+00 -0.991691 0.003367 0.014916 0.955125 0.014916 0.003367 0.991691 -0.001824 -0.009641 -0.968761 -0.009641 -0.001824 0.000000 
5.000000e-01 5.000000e-01 4.999985e-03 5.000000e-01 5.000000e-01 1.515038e+00 -0.993278 0.002087 0.009891 0.969321 0.009891 0.002087 0.993278 -0.002112 -0.009978 -0.969098 -0.009978 -0.002112 0.000000 
5.000000e-01 5.000000e-01 4.999985e-03 5.000000e-01 5.000000e-01 1.515038e+00 -0.993278 0.002087 0.009891 0.969321 0.009891 0.002087 0.993278 -0.002112 -0.009978 -0.969098 -0.009978 -0.002112 0.000000 
5.000000e-01 5.000000e-01 4.999985e-03 5.000000e-01 5.000000e-01 1.515038e+00 -0.993278 0.002087 0.009891 0.969321 0.009891 0.002087 0.993278 -0.002112 -0.009978 -0.969098 -0.009978 -0.002112 0.000000 
5.000000e-01 5.000000e-01 4.999985e-03 5.000000e-01 5.000000e-01 1.515038e+00 -0.993278 0.002087 0.009891 0.969321 0.009891 0.002087 0.993278 -0.002112 -0.009978 -0.969098 -0.009978 -0.002112 0.000000 
5.000000e-01 5.000000e-01 4.999985e-03 5.000000e-01 5.000000e-01 1.515038e+00 -0.993278 0.002087 0.009891 0.969321 0.009891 0.002087 0.993278 -0.002112 -0.009978 -0.969098 -0.009978 -0.002112 0.000000 
5.000000e-01 5.000000e-01 4.999985e-03 5.000000e-01 5.000000e-01 1.515038e+00 -0.993278 0.002087 0.009891 0.969321 0.009891 0.002087 0.993278 -0.002112 -0.009978 -0.969098 -0.009978 -0.002112 0.000000 
5.000000e-01 5.000000e-01 4.999985e-03 5.000000e-01 5.000000e-01 1.515038e+00 -0.993278 0.002087 0.009891 0.969321 0.009891 0.002087 0.993278 -0.002112 -0.009978 -0.969098 -0.009978 -0.002112 0.000000 
5.000000e-01 5.000000e-01 4.999985e-03 5.000000e-01 5.000000e-01 1.515038e+00 -0.993278 0.002087 0.009891 0.969321 0.009891 0.002087 0.993278 -0.002112 -0.009978 -0.969098 -0.009978 -0.002112 0.000000 
5.000000e-01 5.000000e-01 4.999985e-03 5.000000e-01 5.000000e-01 1.515038e+00 -0.993278 0.002087 0.009891 0.969321 0.009891 0.002087 0.993278 -0.002112 -0.009978 -0.969098 -0.009978 -0.002112 0.000000 
5.000000e-01 5.000000e-01 4.999985e-03 5.000000e-01 5.000000e-01 1.515038e+00 -0.993278 0.002087 0.009891 0.969321 0.009891 0.002087 0.993278 -0.002112 -0.009978 -0.969098 -0.009978 -0.002112 0.000000 
5.000000e-01 5.000000e-01 4.999985e-03 5.000000e-01 5.000000e-01 1.515038e+00 -0.993278 0.002087 0.009891 0.969321 0.009891 0.002087 0.993278 -0.002112 -0.009978 -0.969098 -0.009978 -0.002112 0.000000 
5.000000e-01 5.000000e-01 4.999985e-03 5.000000e-01 5.000000e-01 1.515038e+00 -0.993278 0.002087 0.009891 0.969321 0.009891 0.002087 0.993278 -0.002112 -0.009978 -0.969098 -0.009978 -0.002112 0.000000 
5.000000e-01 5.000000e-01 4.999985e-03 5.000000e-01 5.000000e-01 1.515038e+00 -0.993278 0.002087 0.009891 0.969321 0.009891 0.002087 0.993278 -0.002112 -0.009978 -0.969098 -0.009978 -0.002112 0.000000 
5.000000e-01 5.000000e-01 4.999985e-03 5.000000e-01 5.000000e-01 1.515038e+00 -0.993278 0.002087 0.009891 0.969321 0.009891 0.002087 0.993278 -0.002112 -0.009978 -0.969098 -0.009978 -0.002112 0.000000 
5.000000e-01 5.000000e-01 4.999985e-03 5.000000e-01 5.000000e-01 1.515038e+00 -0.993278 0.002087 0.009891 0.969321 0.009891 0.002087 0.993278 -0.002112 -0.009978 -0.969098 -0.009978 -0.002112 0.000000 
5.000000e-01 5.000000e-01 4.999985e-03 5.000000e-01 5.000000e-01 1.515038e+00 -0.993278 0.002087 0.009891 0.969321 0.009891 0.002087 0.993278 -0.002112 -0.009978 -0.969098 -0.009978 -0.002112 0.000000 
5.000000e-01 5.000000e-01 4.999985e-03 5.000000e-01 5.000000e-01 1.515038e+00 -0.993278 0.002087 0.009891 0.969321 0.009891 0.002087 0.993278 -0.002112 -0.009978 -0.969098 -0.009978 -0.002112 0.000000 
5.000000e-01 5.000000e-01 4.999985e-03 5.000000e-01 5.000000e-01 1.515038e+00 -0.993278 0.002087 0.009891 0.969321 0.009891 0.002087 0.993278 -0.002112 -0.009978 -0.969098 -0.009978 -0.002112 0.000000 
5.000000e-01 5.000000e-01 4.999985e-03 5.000000e-01 5.000000e-01 1.515038e+00 -0.993278 0.002087 0.009891 0.969321 0.009891 0.002087 0.993278 -0.002112 -0.009978 -0.969098 -0.009978 -0.002112 0.000000 
5.000000e-01 5.000000e-01 4.999985e-03 5.000000e-01 5.000000e-01 1.515038e+00 -0.993278 0.002087 0.009891 0.969321 0.009891 0.002087 0.993278 -0.002112 -0.009978 -0.969098 -0.009978 -0.002112 0.000000 
5.000000e-01 5.000000e-01 4.999985e-03 5.000000e-01 5.000000e-01 1.515038e+00 -0.993278 0.002087 0.009891 0.969321 0.009891 0.002087 0.993278 -0.002112 -0.009978 -0.969098 -0.009978 -0.002112 0.000000 
5.000000e-01 5.000000e-01 4.999985e-03 5.000000e-01 5.000000e-01 1.515038e+00 -0.993278 0.002087 0.009891 0.969321 0.009891 0.002087 0.993278 -0.002112 -0.009978 -0.969098 -0.009978 -0.002112 0.000000 
5.000000e-01 5.000000e-01 4.999985e-03 5.000000e-01 5.000000e-01 1.515038e+00 -0.993278 0.002087 0.009891 0.969321 0.009891 0.002087 0.993278 -0.002112 -0.009978 -0.969098 -0.009978 -0.002112 0.000000 
5.000000e-01 5.000000e-01 4.999985e-03 5.000000e-01 5.000000e-01 1.515038e+00 -0.993278 0.002087 0.009891 0.969321 0.009891 0.002087 0.993278 -0.002112 -0.009978 -0.969098 -0.009978 -0.002112 0.000000 
5.000000e-01 5.000000e-01 4.999985e-03 5.000000e-01 5.000000e-01 1.515038e+00 -0.993278 0.002087 0.009891 0.969321 0.009891 0.002087 0.993278 -0.002112 -0.009978 -0.969098 -0.009978 -0.002112 0.000000 
5.000000e-01 5.000000e-01 4.999985e-03 5.000000e-01 5.000000e-01 1.515038e+00 -0.993278 0.002087 0.009891 0.969321 0.009891 0.002087 0.993278 -0.002112 -0.009978 -0.969098 -0.009978 -0.002112 0.000000 
5.000000e-01 5.000000e-01 4.999985e-03 5.000000e-01 5.000000e-01 1.515038e+00 -0.993278 0.002087 0.009891 0.969321 0.009891 0.002087 0.993278 -0.002112 -0.009978 -0.969098 -0.009978 -0.002112 0.000000 
5.000000e-01 5.000000e-01 4.999985e-03 5.000000e-01 5.000000e-01 1.515038e+00 -0.993278 0.002087 0.009891 0.969321 0.009891 0.002087 0.993278 -0.002112 -0.009978 -0.969098 -0.009978 -0.002112 0.000000 
5.000000e-01 5.000000e-01 4.999985e-03 5.000000e-01 5.000000e-01 1.515038e+00 -0.993278 0.002087 0.009891 0.969321 0.009891 0.002087 0.993278 -0.002112 -0.009978 -0.969098 -0.009978 -0.002112 0.000000 
5.000000e-01 5.000000e-01 4.999985e-03 5.000000e-01 5.000000e-01 1.515038e+00 -0.993278 0.002087 0.009891 0.969321 0.009891 0.002087 0.993278 -0.002112 -0.009978 -0.969098 -0.009978 -0.002112 0.000000 
5.000000e-01 5.000000e-01 4.999985e-03 5.000000e-01 5.000000e-01 1.515038e+00 -0.993278 0.002087 0.009891 0.969321 0.009891 0.002087 0.993278 -0.002112 -0.009978 -0.969098 -0.009978 -0.002112 0.000000 
5.000000e-01 5.000000e-01 4.999985e-03 5.000000e-01 5.000000e-01 1.515038e+00 -0.993278 0.002087 0.009891 0.969321 0.009891 0.002087 0.993278 -0.002112 -0.009978 -0.969098 -0.009978 -0.002112 0.000000 
5.000000e-01 5.000000e-01 4.999985e-03 5.000000e-01 5.000000e-01 1.515038e+00 -0.993278 0.002087 0.009891 0.969321 0.009891 0.002087 0.993278 -0.002112 -0.009978 -0.969098 -0.009978 -0.002112 0.000000 
5.000000e-01 5.000000e-01 4.999985e-03 5.000000e-01 5.000000e-01 1.515038e+00 -0.993278 0.002087 0.009891 0.969321 0.009891 0.002087 0.993278 -0.002112 -0.009978 -0.969098 -0.009978 -0.002112 0.000000 
5.000000e-01 5.000000e-01 4.999985e-03 5.000000e-01 5.000000e-01 1.515038e+00 -0.993278 0.002087 0.009891 0.969321 0.009891 0.002087 0.993278 -0.002112 -0.009978 -0.969098 -0.009978 -0.002112 0.000000 
5.000000e-01 5.000000e-01 4.999985e-03 5.000000e-01 5.000000e-01 1.515038e+00 -0.993278 0.002087 0.009891 0.969321 0.009891 0.002087 0.993278 -0.002112 -0.009978 -0.969098 -0.009978 -0.002112 0.000000 
5.000000e-01 5.000000e-01 4.999985e-03 5.000000e-01 5.000000e-01 1.515038e+00 -0.993278 0.002087 0.009891 0.969321 0.009891 0.002087 0.993278 -0.002112 -0.009978 -0.969098 -0.009978 -0.002112 0.000000 
5.000000e-01 5.000000e-01 4.999985e-03 5.000000e-01 5.000000e-01 1.515038e+00 -0.993278 0.002087 0.009891 0.969321 0.009891 0.002087 0.993278 -0.002112 -0.009978 -0.969098 -0.009978 -0.002112 0.000000 
5.000000e-01 5.000000e-01 4.999985e-03 5.000000e-01 5.000000e-01 1.515038e+00 -0.993278 0.002087 0.009891 0.969321 0.009891 0.002087 0.993278 -0.002112 -0.009978 -0.969098 -0.009978 -0.002112 0.000000 
5.000000e-01 5.000000e-01 4.999985e-03 5.000000e-01 5.000000e-01 1.515038e+00 -0.993278 0.002087 0.009891 0.969321 0.009891 0.002087 0.993278 -0.002112 -0.009978 -0.969098 -0.009978 -0.002112 0.000000 
5.000000e-01 5.000000e-01 4.999985e-03 5.000000e-01 5.000000e-01 1.515038e+00 -0.993278 0.002087 0.009891 0.969321 0.009891 0.002087 0.993278 -0.002112 -0.009978 -0.969098 -0.009978 -0.002112 0.000000 
5.000000e-01 5.000000e-01 4.999985e-03 5.000000e-01 5.000000e-01 1.515038e+00 -0.993278 0.002087 0.009891 0.969321 0.009891 0.002087 0.993278 -0.002112 -0.009978 -0.969098 -0.009978 -0.002112 0.000000 
5.000000e-01 5.000000e-01 4.999985e-03 5.000000e-01 5.000000e-01 1.515038e+00 -0.993278 0.002087 0.009891 0.969321 0.009891 0.002087 0.993278 -0.002112 -0.009978 -0.969098 -0.009978 -0.002112 0.000000 
5.000000e-01 5.000000e-01 4.999985e-03 5.000000e-01 5.000000e-01 1.515038e+00 -0.993278 0.002087 0.009891 0.969321 0.009891 0.002087 0.993278 -0.002112 -0.009978 -0.969098 -0.009978 -0.002112 0.000000 
5.000000e-01 5.000000e-01 4.999985e-03 5.000000e-01 5.000000e-01 1.515038e+00 -0.993278 0.002087 0.009891 0.969321 0.009891 0.002087 0.993278 -0.002112 -0.009978 -0.969098 -0.009978 -0.002112 0.000000 
5.000000e-01 5.000000e-01 4.999985e-03 5.000000e-01 5.000000e-01 1.515038e+00 -0.993278 0.002087 0.009891 0.969321 0.009891 0.002087 0.993278 -0.002112 -0.009978 -0.969098 -0.009978 -0.002112 0.000000 
5.000000e-01 5.000000e-01 4.999985e-03 5.000000e-01 5.000000e-01 1.515038e+00 -0.993278 0.002087 0.009891 0.969321 0.009891 0.002087 0.993278 -0.002112 -0.009978 -0.969098 -0.009978 -0.002112 0.000000 
5.000000e-01 5.000000e-01 4.999985e-03 5.000000e-01 5.000000e-01 1.515038e+00 -0.993278 0.002087 0.009891 0.969321 0.009891 0.002087 0.993278 -0.002112 -0.009978 -0.969098 -0.009978 -0.002112 0.000000 
5.000000e-01 5.000000e-01 4.999985e-03 5.000000e-01 5.000000e-01 1.515038e+00 -0.993278 0.002087 0.009891 0.969321 0.009891 0.002087 0.993278 -0.002112 -0.009978 -0.969098 -0.009978 -0.002112 0.000000 
5.000000e-01 5.000000e-01 4.999985e-03 5.000000e-01 5.000000e-01 1.515038e+00 -0.993278 0.002087 0.009891 0.969321 0.009891 0.002087 0.993278 -0.002112 -0.009978 -0.969098 -0.009978 -0.002112 0.000000 
5.000000e-01 5.000000e-01 4.999985e-03 5.000000e-01 5.000000e-01 1.515038e+00 -0.993278 0.002087 0.009891 0.969321 0.009891 0.002087 0.993278 -0.002112 -0.009978 -0.969098 -0.009978 -0.002112 0.000000 
5.000000e-01 5.000000e-01 4.999985e-03 5.000000e-01 5.000000e-01 1.515038e+00 -0.993278 0.002087 0.009891 0.969321 0.009891 0.002087 0.993278 -0.002112 -0.009978 -0.969098 -0.009978 -0.002112 0.000000 
5.000000e-01 5.000000e-01 4.999985e-03 5.000000e-01 5.000000e-01 1.515038e+00 -0.993278 0.002087 0.009891 0.969321 0.009891 0.002087 0.993278 -0.002112 -0.009978 -0.969098 -0.009978 -0.002112 0.000000 
5.000000e-01 5.000000e-01 4.999985e-03 5.000000e-01 5.000000e-01 1.515038e+00 -0.993278 0.002087 0.009891 0.969321 0.009891 0.002087 0.993278 -0.002112 -0.009978 -0.969098 -0.009978 -0.002112 0.000000 
5.000000e-01 5.000000e-01 4.999985e-03 5.000000e-01 5.000000e-01 1.515038e+00 -0.993278 0.002087 0.009891 0.969321 0.009891 0.002087 0.993278 -0.002112 -0.009978 -0.969098 -0.009978 -0.002112 0.000000 
5.000000e-01 5.000000e-01 4.999985e-03 5.000000e-01 5.000000e-01 1.515038e+00 -0.993278 0.002087 0.009891 0.969321 0.009891 0.002087 0.993278 -0.002112 -0.009978 -0.969098 -0.009978 -0.002112 0.000000 
5.000000e-01 5.000000e-01 4.999985e-03 5.000000e-01 5.000000e-01 1.515038e+00 -0.993278 0.002087 0.009891 0.969321 0.009891 0.002087 0.993278 -0.002112 -0.009978 -0.969098 -0.009978 -0.002112 0.000000 
5.000000e-01 5.000000e-01 4.999985e-03 5.000000e-01 5.000000e-01 1.515038e+00 -0.993278 0.002087 0.009891 0.969321 0.009891 0.002087 0.993278 -0.002112 -0.009978 -0.969098 -0.009978 -0.002112 0.000000 
5.000000e-01 5.000000e-01 4.999985e-03 5.000000e-01 5.000000e-01 1.515038e+00 -0.993278 0.002087 0.009891 0.969321 0.009891 0.002087 0.993278 -0.002112 -0.009978 -0.969098 -0.009978 -0.002112 0.000000 
5.000000e-01 5.000000e-01 4.999985e-03 5.000000e-01 5.000000e-01 1.515038e+00 -0.993278 0.002087 0.009891 0.969321 0.009891 0.002087 0.993278 -0.002112 -0.009978 -0.969098 -0.009978 -0.002112 0.000000 
5.000000e-01 5.000000e-01 4.999985e-03 5.000000e-01 5.000000e-01 1.515038e+00 -0.993278 0.002087 0.009891 0.969321 0.009891 0.002087 0.993278 -0.002112 -0.009978 -0.969098 -0.009978 -0.002112 0.000000 
5.000000e-01 5.000000e-01 4.999985e-03 5.000000e-01 5.000000e-01 1.515038e+00 -0.993278 0.002087 0.009891 0.969321 0.009891 0.002087 0.993278 -0.002112 -0.009978 -0.969098 -0.009978 -0.002112 0.000000 
5.000000e-01 5.000000e-01 4.999985e-03 5.000000e-01 5.000000e-01 1.515038e+00 -0.993278 0.002087 0.009891 0.969321 0.009891 0.002087 0.993278 -0.002112 -0.009978 -0.969098 -0.009978 -0.002112 0.000000 
5.000000e-01 5.000000e-01 4.999985e-03 5.000000e-01 5.000000e-01 1.515038e+00 -0.993278 0.002087 0.009891 0.969321 0.009891 0.002087 0.993278 -0.002112 -0.009978 -0.969098 -0.009978 -0.002112 0.000000 
5.000000e-01 5.000000e-01 4.999985e-03 5.000000e-01 5.000000e-01 1.515038e+00 -0.993278 0.002087 0.009891 0.969321 0.009891 0.002087 0.993278 -0.002112 -0.009978 -0.969098 -0.009978 -0.002112 0.000000 
5.000000e-01 5.000000e-01 4.999985e-03 5.000000e-01 5.000000e-01 1.515038e+00 -0.993278 0.002087 0.009891 0.969321 0.009891 0.002087 0.993278 -0.002112 -0.009978 -0.969098 -0.009978 -0.002112 0.000000 
5.000000e-01 5.000000e-01 4.999985e-03 5.000000e-01 5.000000e-01 1.515038e+00 -0.993278 0.002087 0.009891 0.969321 0.009891 0.002087 0.993278 -0.002112 -0.009978 -0.969098 -0.009978 -0.002112 0.000000 
5.000000e-01 5.000000e-01 4.999985e-03 5.000000e-01 5.000000e-01 1.515038e+00 -0.993278 0.002087 0.009891 0.969321 0.009891 0.002087 0.993278 -0.002112 -0.009978 -0.969098 -0.009978 -0.002112 0.000000 
5.000000e-01 5.000000e-01 4.999985e-03 5.000000e-01 5.000000e-01 1.515038e+00 -0.993278 0.002087 0.009891 0.969321 0.009891 0.002087 0.993278 -0.002112 -0.009978 -0.969098 -0.009978 -0.002112 0.000000 
5.000000e-01 5.000000e-01 4.999985e-03 5.000000e-01 5.000000e-01 1.515038e+00 -0.993278 0.002087 0.009891 0.969321 0.009891 0.002087 0.993278 -0.002112 -0.009978 -0.969098 -0.009978 -0.002112 0.000000 
5.000000e-01 5.000000e-01 4.999985e-03 5.000000e-01 5.000000e-01 1.515038e+00 -0.993278 0.002087 0.009891 0.969321 0.009891 0.002087 0.993278 -0.002112 -0.009978 -0.969098 -0.009978 -0.002112 0.000000 
5.000000e-01 5.000000e-01 4.999985e-03 5.000000e-01 5.000000e-01 1.515038e+00 -0.993278 0.002087 0.009891 0.969321 0.009891 0.002087 0.993278 -0.002112 -0.009978 -0.969098 -0.009978 -0.002112 0.000000 
5.000000e-01 5.000000e-01 4.999985e-03 5.000000e-01 5.000000e-01 1.515038e+00 -0.993278 0.002087 0.009891 0.969321 0.009891 0.002087 0.993278 -0.002112 -0.009978 -0.969098 -0.009978 -0.002112 0.000000 
5.000000e-01 5.000000e-01 4.999985e-03 5.000000e-01 5.000000e-01 1.515038e+00 -0.993278 0.002087 0.009891 0.969321 0.009891 0.002087 0.993278 -0.002112 -0.009978 -0.969098 -0.009978 -0.002112 0.000000 
5.000000e-01 5.000000e-01 4.999985e-03 5.000000e-01 5.000000e-01 1.515038e+00 -0.993278 0.002087 0.009891 0.969321 0.009891 0.002087 0.993278 -0.002112 -0.009978 -0.969098 -0.009978 -0.002112 0.000000 
5.000000e-01 5.000000e-01 4.999985e-03 5.000000e-01 5.000000e-01 1.515038e+00 -0.993278 0.002087 0.009891 0.969321 0.009891 0.002087 0.993278 -0.002112 -0.009978 -0.969098 -0.009978 -0.002112 0.000000 
5.000000e-01 5.000000e-01 4.999985e-03 5.000000e-01 5.000000e-01 1.515038e+00 -0.993278 0.002087 0.009891 0.969321 0.009891 0.002087 0.993278 -0.002112 -0.009978 -0.969098 -0.009978 -0.002112 0.000000 
5.000000e-01 5.000000e-01 4.999985e-03 5.000000e-01 5.000000e-01 1.515038e+00 -0.993278 0.002087 0.009891 0.969321 0.009891 0.002087 0.993278 -0.002112 -0.009978 -0.969098 -0.009978 -0.002112 0.000000 
5.000000e-01 5.000000e-01 4.999985e-03 5.000000e-01 5.000000e-01 1.515038e+00 -0.993278 0.002087 0.009891 0.969321 0.009891 0.002087 0.993278 -0.002112 -0.009978 -0.969098 -0.009978 -0.002112 0.000000 
5.000000e-01 5.000000e-01 4.999985e-03 5.000000e-01 5.000000e-01 1.515038e+00 -0.993278 0.002087 0.009891 0.969321 0.009891 0.002087 0.993278 -0.002112 -0.009978 -0.969098 -0.009978 -0.002112 0.000000 
5.000000e-01 5.000000e-01 4.999985e-03 5.000000e-01 5.000000e-01 1.515038e+00 -0.993278 0.002087 0.009891 0.969321 0.009891 0.002087 0.993278 -0.002112 -0.009978 -0.969098 -0.009978 -0.002112 0.000000 
5.000000e-01 5.000000e-01 4.999985e-03 5.000000e-01 5.000000e-01 1.515038e+00 -0.993278 0.002087 0.009891 0.969321 0.009891 0.002087 0.993278 -0.002112 -0.009978 -0.969098 -0.009978 -0.002112 0.000000 
5.000000e-01 5.000000e-01 4.999985e-03 5.000000e-01 5.000000e-01 1.515038e+00 -0.993278 0.002087 0.009891 0.969321 0.009891 0.002087 0.993278 -0.002112 -0.009978 -0.969098 -0.009978 -0.002112 0.000000 
5.000000e-01 5.000000e-01 4.999985e-03 5.000000e-01 5.000000e-01 1.515038e+00 -0.993278 0.002087 0.009891 0.969321 0.009891 0.002087 0.993278 -0.002112 -0.009978 -0.969098 -0.009978 -0.002112 0.000000 
5.000000e-01 5.000000e-01 4.999985e-03 5.000000e-01 5.000000e-01 1.515038e+00 -0.993278 0.002087 0.009891 0.969321 0.009891 0.002087 0.993278 -0.002112 -0.009978 -0.969098 -0.009978 -0.002112 0.000000 
5.000000e-01 5.000000e-01 4.999985e-03 5.000000e-01 5.000000e-01 1.515038e+00 -0.993278 0.002087 0.009891 0.969321 0.009891 0.002087 0.993278 -0.002112 -0.009978 -0.969098 -0.009978 -0.002112 0.000000 
5.000000e-01 5.000000e-01 4.999985e-03 5.000000e-01 5.000000e-01 1.515038e+00 -0.993278 0.002087 0.009891 0.969321 0.009891 0.002087 0.993278 -0.002112 -0.009978 -0.969098 -0.009978 -0.002112 0.000000 
5.000000e-01 5.000000e-01 4.999985e-03 5.000000e-01 5.000000e-01 1.515038e+00 -0.993278 0.002087 0.009891 0.969321 0.009891 0.002087 0.993278 -0.002112 -0.009978 -0.969098 -0.009978 -0.002112 0.000000 
5.000000e-01 5.000000e-01 4.999985e-03 5.000000e-01 5.000000e-01 1.515038e+00 -0.993278 0.002087 0.009891 0.969321 0.009891 0.002087 0.993278 -0.002112 -0.009978 -0.969098 -0.009978 -0.002112 0.000000 
5.000000e-01 5.000000e-01 4.999985e-03 5.000000e-01 5.000000e-01 1.515038e+00 -0.993278 0.002087 0.009891 0.969321 0.009891 0.002087 0.993278 -0.002112 -0.009978 -0.969098 -0.009978 -0.002112 0.000000 
5.000000e-01 5.000000e-01 4.999985e-03 5.000000e-01 5.000000e-01 1.515038e+00 -0.993278 0.002087 0.009891 0.969321 0.009891 0.002087 0.993278 -0.002112 -0.009978 -0.969098 -0.009978 -0.002112 0.000000 
5.000000e-01 5.000000e-01 4.999985e-03 5.000000e-01 5.000000e-01 1.515038e+00 -0.993278 0.002087 0.009891 0.969321 0.009891 0.002087 0.993278 -0.002112 -0.009978 -0.969098 -0.009978 -0.002112 0.000000 
5.000000e-01 5.000000e-01 4.999985e-03 5.000000e-01 5.000000e-01 1.515038e+00 -0.993278 0.002087 0.009891 0.969321 0.009891 0.002087 0.993278 -0.002112 -0.009978 -0.969098 -0.009978 -0.002112 0.000000 
5.000000e-01 5.000000e-01 4.999985e-03 5.000000e-01 5.000000e-01 1.515038e+00 -0.993278 0.002087 0.009891 0.969321 0.009891 0.002087 0.993278 -0.002112 -0.009978 -0.969098 -0.009978 -0.002112 0.000000 
5.000000e-01 5.000000e-01 4.999985e-03 5.000000e-01 5.000000e-01 1.515038e+00 -0.993278 0.002087 0.009891 0.969321 0.009891 0.002087 0.993278 -0.002112 -0.009978 -0.969098 -0.009978 -0.002112 0.000000 
5.000000e-01 5.000000e-01 4.999985e-03 5.000000e-01 5.000000e-01 1.515038e+00 -0.993278 0.002087 0.009891 0.969321 0.009891 0.002087 0.993278 -0.002112 -0.009978 -0.969098 -0.009978 -0.002112 0.000000 
5.000000e-01 5.000000e-01 4.999985e-03 5.000000e-01 5.000000e-01 1.515038e+00 -0.993278 0.002087 0.009891 0.969321 0.009891 0.002087 0.993278 -0.002112 -0.009978 -0.969098 -0.009978 -0.002112 0.000000 
5.000000e-01 5.000000e-01 4.999985e-03 5.000000e-01 5.000000e-01 1.515038e+00 -0.993278 0.002087 0.009891 0.969321 0.009891 0.002087 0.993278 -0.002112 -0.009978 -0.969098 -0.009978 -0.002112 0.000000 
5.000000e-01 5.000000e-01 4.999985e-03 5.000000e-01 5.000000e-01 1.515038e+00 -0.993278 0.002087 0.009891 0.969321 0.009891 0.002087 0.993278 -0.002112 -0.009978 -0.969098 -0.009978 -0.002112 0.000000 
5.000000e-01 5.000000e-01 4.999985e-03 5.000000e-01 5.000000e-01 1.515038e+00 -0.993278 0.002087 0.009891 0.969321 0.009891 0.002087 0.993278 -0.002112 -0.009978 -0.969098 -0.009978 -0.002112 0.000000 
5.000000e-01 5.000000e-01 4.999985e-03 5.000000e-01 5.000000e-01 1.515038e+00 -0.993278 0.002087 0.009891 0.969321 0.009891 0.002087 0.993278 -0.002112 -0.009978 -0.969098 -0.009978 -0.002112 0.000000 
5.000000e-01 5.000000e-01 4.999985e-03 5.000000e-01 5.000000e-01 1.515038e+00 -0.993278 0.002087 0.009891 0.969321 0.009891 0.002087 0.993278 -0.002112 -0.009978 -0.969098 -0.009978 -0.002112 0.000000 
5.000000e-01 5.000000e-01 4.999985e-03 5.000000e-01 5.000000e-01 1.515038e+00 -0.993278 0.002087 0.009891 0.969321 0.009891 0.002087 0.993278 -0.002112 -0.009978 -0.969098 -0.009978 -0.002112 0.000000 
5.000000e-01 5.000000e-01 4.999985e-03 5.000000e-01 5.000000e-01 1.515038e+00 -0.993278 0.002087 0.009891 0.969321 0.009891 0.002087 0.993278 -0.002112 -0.009978 -0.969098 -0.009978 -0.002112 0.000000 
5.000000e-01 5.000000e-01 4.999985e-03 5.000000e-01 5.000000e-01 1.515038e+00 -0.993278 0.002087 0.009891 0.969321 0.009891 0.002087 0.993278 -0.002112 -0.009978 -0.969098 -0.009978 -0.002112 0.000000 
5.000000e-01 5.000000e-01 4.999985e-03 5.000000e-01 5.000000e-01 1.515038e+00 -0.993278 0.002087 0.009891 0.969321 0.009891 0.002087 0.993278 -0.002112 -0.009978 -0.969098 -0.009978 -0.002112 0.000000 
5.000000e-01 5.000000e-01 4.999985e-03 5.000000e-01 5.000000e-01 1.515038e+00 -0.993278 0.002087 0.009891 0.969321 0.009891 0.002087 0.993278 -0.002112 -0.009978 -0.969098 -0.009978 -0.002112 0.000000 
5.000000e-01 5.000000e-01 4.999985e-03 5.000000e-01 5.000000e-01 1.515038e+00 -0.993278 0.002087 0.009891 0.969321 0.009891 0.002087 0.993278 -0.002112 -0.009978 -0.969098 -0.009978 -0.002112 0.000000 
5.000000e-01 5.000000e-01 4.999985e-03 5.000000e-01 5.000000e-01 1.515038e+00 -0.993278 0.002087 0.009891 0.969321 0.009891 0.002087 0.993278 -0.002112 -0.009978 -0.969098 -0.009978 -0.002112 0.000000 
5.000000e-01 5.000000e-01 4.999985e-03 5.000000e-01 5.000000e-01 1.515038e+00 -0.993278 0.002087 0.009891 0.969321 0.009891 0.002087 0.993278 -0.002112 -0.009978 -0.969098 -0.009978 -0.002112 0.000000 
5.000000e-01 5.000000e-01 4.999985e-03 5.000000e-01 5.000000e-01 1.515038e+00 -0.993278 0.002087 0.009891 0.969321 0.009891 0.002087 0.993278 -0.002112 -0.009978 -0.969098 -0.009978 -0.002112 0.000000 
5.000000e-01 5.000000e-01 4.999985e-03 5.000000e-01 5.000000e-01 1.515038e+00 -0.993278 0.002087 0.009891 0.969321 0.009891 0.002087 0.993278 -0.002112 -0.009978 -0.969098 -0.009978 -0.002112 0.000000 
5.000000e-01 5.000000e-01 4.999985e-03 5.000000e-01 5.000000e-01 1.515038e+00 -0.993278 0.002087 0.009891 0.969321 0.009891 0.002087 0.993278 -0.002112 -0.009978 -0.969098 -0.009978 -0.002112 0.000000 
5.000000e-01 5.000000e-01 4.999985e-03 5.000000e-01 5.000000e-01 1.515038e+00 -0.993278 0.002087 0.009891 0.969321 0.009891 0.002087 0.993278 -0.002112 -0.009978 -0.969098 -0.009978 -0.002112 0.000000 
5.000000e-01 5.000000e-01 4.999985e-03 5.000000e-01 5.000000e-01 1.515038e+00 -0.993278 0.002087 0.009891 0.969321 0.009891 0.002087 0.993278 -0.002112 -0.009978 -0.969098 -0.009978 -0.002112 0.000000 
5.000000e-01 5.000000e-01 4.999985e-03 5.000000e-01 5.000000e-01 1.515038e+00 -0.993278 0.002087 0.009891 0.969321 0.009891 0.002087 0.993278 -0.002112 -0.009978 -0.969098 -0.009978 -0.002112 0.000000 
5.000000e-01 5.000000e-01 4.999985e-03 5.000000e-01 5.000000e-01 1.515038e+00 -0.993278 0.002087 0.009891 0.969321 0.009891 0.002087 0.993278 -0.002112 -0.009978 -0.969098 -0.009978 -0.002112 0.000000 
5.000000e-01 5.000000e-01 4.999985e-03 5.000000e-01 5.000000e-01 1.515038e+00 -0.993278 0.002087 0.009891 0.969321 0.009891 0.002087 0.993278 -0.002112 -0.009978 -0.969098 -0.009978 -0.002112 0.000000 
5.000000e-01 5.000000e-01 4.999985e-03 5.000000e-01 5.000000e-01 1.515038e+00 -0.993278 0.002087 0.009891 0.969321 0.009891 0.002087 0.993278 -0.002112 -0.009978 -0.969098 -0.009978 -0.002112 0.000000 
5.000000e-01 5.000000e-01 4.999985e-03 5.000000e-01 5.000000e-01 1.515038e+00 -0.993278 0.002087 0.009891 0.969321 0.009891 0.002087 0.993278 -0.002112 -0.009978 -0.969098 -0.009978 -0.002112 0.000000 
5.000000e-01 5.000000e-01 4.999985e-03 5.000000e-01 5.000000e-01 1.515038e+00 -0.993278 0.002087 0.009891 0.969321 0.009891 0.002087 0.993278 -0.002112 -0.009978 -0.969098 -0.009978 -0.002112 0.000000 
5.000000e-01 5.000000e-01 4.999985e-03 5.000000e-01 5.000000e-01 1.515038e+00 -0.993278 0.002087 0.009891 0.969321 0.009891 0.002087 0.993278 -0.002112 -0.009978 -0.969098 -0.009978 -0.002112 0.000000 
5.000000e-01 5.000000e-01 4.999985e-03 5.000000e-01 5.000000e-01 1.515038e+00 -0.993278 0.002087 0.009891 0.969321 0.009891 0.002087 0.993278 -0.002112 -0.009978 -0.969098 -0.009978 -0.002112 0.000000 
5.000000e-01 5.000000e-01 4.999985e-03 5.000000e-01 5.000000e-01 1.515038e+00 -0.993278 0.002087 0.009891 0.969321 0.009891 0.002087 0.993278 -0.002112 -0.009978 -0.969098 -0.009978 -0.002112 0.000000 
5.000000e-01 5.000000e-01 4.999985e-03 5.000000e-01 5.000000e-01 1.515038e+00 -0.993278 0.002087 0.009891 0.969321 0.009891 0.002087 0.993278 -0.002112 -0.009978 -0.969098 -0.009978 -0.002112 0.000000 
5.000000e-01 5.000000e-01 4.999985e-03 5.000000e-01 5.000000e-01 1.515038e+00 -0.993278 0.002087 0.009891 0.969321 0.009891 0.002087 0.993278 -0.002112 -0.009978 -0.969098 -0.009978 -0.002112 0.000000 
5.000000e-01 5.000000e-01 4.999985e-03 5.000000e-01 5.000000e-01 1.515038e+00 -0.993278 0.002087 0.009891 0.969321 0.009891 0.002087 0.993278 -0.002112 -0.009978 -0.969098 -0.009978 -0.002112 0.000000 
5.000000e-01 5.000000e-01 4.999985e-03 5.000000e-01 5.000000e-01 1.515038e+00 -0.993278 0.002087 0.009891 0.969321 0.009891 0.002087 0.993278 -0.002112 -0.009978 -0.969098 -0.009978 -0.002112 0.000000 
5.000000e-01 5.000000e-01 4.999985e-03 5.000000e-01 5.000000e-01 1.515038e+00 -0.993278 0.002087 0.009891 0.969321 0.009891 0.002087 0.993278 -0.002112 -0.009978 -0.969098 -0.009978 -0.002112 0.000000 
5.000000e-01 5.000000e-01 4.999985e-03 5.000000e-01 5.000000e-01 1.515038e+00 -0.993278 0.002087 0.009891 0.969321 0.009891 0.002087 0.993278 -0.002112 -0.009978 -0.969098 -0.009978 -0.002112 0.000000 
5.000000e-01 5.000000e-01 4.999985e-03 5.000000e-01 5.000000e-01 1.515038e+00 -0.993278 0.002087 0.009891 0.969321 0.009891 0.002087 0.993278 -0.002112 -0.009978 -0.969098 -0.009978 -0.002112 0.000000 
5.000000e-01 5.000000e-01 4.999985e-03 5.000000e-01 5.000000e-01 1.515038e+00 -0.993278 0.002087 0.009891 0.969321 0.009891 0.002087 0.993278 -0.002112 -0.009978 -0.969098 -0.009978 -0.002112 0.000000 
5.000000e-01 5.000000e-01 4.999985e-03 5.000000e-01 5.000000e-01 1.515038e+00 -0.993278 0.002087 0.009891 0.969321 0.009891 0.002087 0.993278 -0.002112 -0.009978 -0.969098 -0.009978 -0.002112 0.000000 
5.000000e-01 5.000000e-01 4.999985e-03 5.000000e-01 5.000000e-01 1.515038e+00 -0.993278 0.002087 0.009891 0.969321 0.009891 0.002087 0.993278 -0.002112 -0.009978 -0.969098 -0.009978 -0.002112 0.000000 
5.000000e-01 5.000000e-01 4.999985e-03 5.000000e-01 5.000000e-01 1.515038e+00 -0.993278 0.002087 0.009891 0.969321 0.009891 0.002087 0.993278 -0.002112 -0.009978 -0.969098 -0.009978 -0.002112 0.000000 
5.000000e-01 5.000000e-01 4.999985e-03 5.000000e-01 5.000000e-01 1.515038e+00 -0.993278 0.002087 0.009891 0.969321 0.009891 0.002087 0.993278 -0.002112 -0.009978 -0.969098 -0.009978 -0.002112 0.000000 
5.000000e-01 5.000000e-01 4.999985e-03 5.000000e-01 5.000000e-01 1.515038e+00 -0.993278 0.002087 0.009891 0.969321 0.009891 0.002087 0.993278 -0.002112 -0.009978 -0.969098 -0.009978 -0.002112 0.000000 
5.000000e-01 5.000000e-01 4.999985e-03 5.000000e-01 5.000000e-01 1.515038e+00 -0.993278 0.002087 0.009891 0.969321 0.009891 0.002087 0.993278 -0.002112 -0.009978 -0.969098 -0.009978 -0.002112 0.000000 
5.000000e-01 5.000000e-01 4.999985e-03 5.000000e-01 5.000000e-01 1.515038e+00 -0.993278 0.002087 0.009891 0.969321 0.009891 0.002087 0.993278 -0.002112 -0.009978 -0.969098 -0.009978 -0.002112 0.000000 
5.000000e-01 5.000000e-01 4.999985e-03 5.000000e-01 5.000000e-01 1.515038e+00 -0.993278 0.002087 0.009891 0.969321 0.009891 0.002087 0.993278 -0.002112 -0.009978 -0.969098 -0.009978 -0.002112 0.000000 
5.000000e-01 5.000000e-01 4.999985e-03 5.000000e-01 5.000000e-01 1.515038e+00 -0.993278 0.002087 0.009891 0.969321 0.009891 0.002087 0.993278 -0.002112 -0.009978 -0.969098 -0.009978 -0.002112 0.000000 
5.000000e-01 5.000000e-01 4.999985e-03 5.000000e-01 5.000000e-01 1.515038e+00 -0.993278 0.002087 0.009891 0.969321 0.009891 0.002087 0.993278 -0.002112 -0.009978 -0.969098 -0.009978 -0.002112 0.000000 
5.000000e-01 5.000000e-01 4.999985e-03 5.000000e-01 5.000000e-01 1.515038e+00 -0.993278 0.002087 0.009891 0.969321 0.009891 0.002087 0.993278 -0.002112 -0.009978 -0.969098 -0.009978 -0.002112 0.000000 
5.000000e-01 5.000000e-01 4.999985e-03 5.000000e-01 5.000000e-01 1.515038e+00 -0.993278 0.002087 0.009891 0.969321 0.009891 0.002087 0.993278 -0.002112 -0.009978 -0.969098 -0.009978 -0.002112 0.000000 
5.000000e-01 5.000000e-01 4.999985e-03 5.000000e-01 5.000000e-01 1.515038e+00 -0.993278 0.002087 0.009891 0.969321 0.009891 0.002087 0.993278 -0.002112 -0.009978 -0.969098 -0.009978 -0.002112 0.000000 
5.000000e-01 5.000000e-01 4.999985e-03 5.000000e-01 5.000000e-01 1.515038e+00 -0.993278 0.002087 0.009891 0.969321 0.009891 0.002087 0.993278 -0.002112 -0.009978 -0.969098 -0.009978 -0.002112 0.000000 
5.000000e-01 5.000000e-01 4.999985e-03 5.000000e-01 5.000000e-01 1.515038e+00 -0.993278 0.002087 0.009891 0.969321 0.009891 0.002087 0.993278 -0.002112 -0.009978 -0.969098 -0.009978 -0.002112 0.000000 
5.000000e-01 5.000000e-01 4.999985e-03 5.000000e-01 5.000000e-01 1.515038e+00 -0.993278 0.002087 0.009891 0.969321 0.009891 0.002087 0.993278 -0.002112 -0.009978 -0.969098 -0.009978 -0.002112 0.000000 
5.000000e-01 5.000000e-01 4.999985e-03 5.000000e-01 5.000000e-01 1.515038e+00 -0.993278 0.002087 0.009891 0.969321 0.009891 0.002087 0.993278 -0.002112 -0.009978 -0.969098 -0.009978 -0.002112 0.000000 
5.000000e-01 5.000000e-01 4.999985e-03 5.000000e-01 5.000000e-01 1.515038e+00 -0.993278 0.002087 0.009891 0.969321 0.009891 0.002087 0.993278 -0.002112 -0.009978 -0.969098 -0.009978 -0.002112 0.000000 
5.000000e-01 5.000000e-01 4.999985e-03 5.000000e-01 5.000000e-01 1.515038e+00 -0.993278 0.002087 0.009891 0.969321 0.009891 0.002087 0.993278 -0.002112 -0.009978 -0.969098 -0.009978 -0.002112 0.000000 
5.000000e-01 5.000000e-01 4.999985e-03 5.000000e-01 5.000000e-01 1.515038e+00 -0.993278 0.002087 0.009891 0.969321 0.009891 0.002087 0.993278 -0.002112 -0.009978 -0.969098 -0.009978 -0.002112 0.000000 
5.000000e-01 5.000000e-01 4.999985e-03 5.000000e-01 5.000000e-01 1.515038e+00 -0.993278 0.002087 0.009891 0.969321 0.009891 0.002087 0.993278 -0.002112 -0.009978 -0.969098 -0.009978 -0.002112 0.000000 
5.000000e-01 5.000000e-01 4.999985e-03 5.000000e-01 5.000000e-01 1.515038e+00 -0.993278 0.002087 0.009891 0.969321 0.009891 0.002087 0.993278 -0.002112 -0.009978 -0.969098 -0.009978 -0.002112 0.000000 
5.000000e-01 5.000000e-01 4.999985e-03 5.000000e-01 5.000000e-01 1.515038e+00 -0.993278 0.002087 0.009891 0.969321 0.009891 0.002087 0.993278 -0.002112 -0.009978 -0.969098 -0.009978 -0.002112 0.000000 
5.000000e-01 5.000000e-01 4.999985e-03 5.000000e-01 5.000000e-01 1.515038e+00 -0.993278 0.002087 0.009891 0.969321 0.009891 0.002087 0.993278 -0.002112 -0.009978 -0.969098 -0.009978 -0.002112 0.000000 
5.000000e-01 5.000000e-01 4.999985e-03 5.000000e-01 5.000000e-01 1.515038e+00 -0.993278 0.002087 0.009891 0.969321 0.009891 0.002087 0.993278 -0.002112 -0.009978 -0.969098 -0.009978 -0.002112 0.000000 
5.000000e-01 5.000000e-01 4.999985e-03 5.000000e-01 5.000000e-01 1.515038e+00 -0.993278 0.002087 0.009891 0.969321 0.009891 0.002087 0.993278 -0.002112 -0.009978 -0.969098 -0.009978 -0.002112 0.000000 
5.000000e-01 5.000000e-01 4.999985e-03 5.000000e-01 5.000000e-01 1.515038e+00 -0.993278 0.002087 0.009891 0.969321 0.009891 0.002087 0.993278 -0.002112 -0.009978 -0.969098 -0.009978 -0.002112 0.000000 
5.000000e-01 5.000000e-01 4.999985e-03 5.000000e-01 5.000000e-01 1.515038e+00 -0.993278 0.002087 0.009891 0.969321 0.009891 0.002087 0.993278 -0.002112 -0.009978 -0.969098 -0.009978 -0.002112 0.000000 
5.000000e-01 5.000000e-01 4.999985e-03 5.000000e-01 5.000000e-01 1.515038e+00 -0.993278 0.002087 0.009891 0.969321 0.009891 0.002087 0.993278 -0.002112 -0.009978 -0.969098 -0.009978 -0.002112 0.000000 
5.000000e-01 5.000000e-01 4.999985e-03 5.000000e-01 5.000000e-01 1.515038e+00 -0.993278 0.002087 0.009891 0.969321 0.009891 0.002087 0.993278 -0.002112 -0.009978 -0.969098 -0.009978 -0.002112 0.000000 
5.000000e-01 5.000000e-01 4.999985e-03 5.000000e-01 5.000000e-01 1.515038e+00 -0.993278 0.002087 0.009891 0.969321 0.009891 0.002087 0.993278 -0.002112 -0.009978 -0.969098 -0.009978 -0.002112 0.000000 
5.000000e-01 5.000000e-01 4.999985e-03 5.000000e-01 5.000000e-01 1.515038e+00 -0.993278 0.002087 0.009891 0.969321 0.009891 0.002087 0.993278 -0.002112 -0.009978 -0.969098 -0.009978 -0.002112 0.000000 
5.000000e-01 5.000000e-01 4.999985e-03 5.000000e-01 5.000000e-01 1.515038e+00 -0.993278 0.002087 0.009891 0.969321 0.009891 0.002087 0.993278 -0.002112 -0.009978 -0.969098 -0.009978 -0.002112 0.000000 
5.000000e-01 5.000000e-01 4.999985e-03 5.000000e-01 5.000000e-01 1.515038e+00 -0.993278 0.002087 0.009891 0.969321 0.009891 0.002087 0.993278 -0.002112 -0.009978 -0.969098 -0.009978 -0.002112 0.000000 
5.000000e-01 5.000000e-01 4.999985e-03 5.000000e-01 5.000000e-01 1.515038e+00 -0.993278 0.002087 0.009891 0.969321 0.009891 0.002087 0.993278 -0.002112 -0.009978 -0.969098 -0.009978 -0.002112 0.000000 
