# TeX TeY TeZ ThX ThY THZ P1 P2
5.000000e-01 5.000000e-01 8.200000e-01 5.000000e-01 5.000000e-01 8.200000e-01 0.000000 0.000000 0.000000 0.000000 0.000000 0.000000 0.000000 0.000000 0.000000 0.000000 0.000000 0.000000 0.000000 
5.000000e-01 5.000000e-01 8.087757e-01 5.000000e-01 5.000000e-01 8.282896e-01 -0.012810 0.001922 0.002838 0.003291 0.002838 0.001922 0.012810 -0.002137 -0.002775 -0.002986 -0.002775 -0.002137 0.000000 
5.000000e-01 5.000000e-01 7.975053e-01 5.000000e-01 5.000000e-01 8.365641e-01 -0.025640 0.003853 0.005678 0.006577 0.005678 0.003853 0.025640 -0.004274 -0.005555 -0.005983 -0.005555 -0.004274 0.000000 
5.000000e-01 5.000000e-01 7.861892e-01 5.000000e-01 5.000000e-01 8.448233e-01 -0.038490 0.005793 0.008521 0.009863 0.008521 0.005793 0.038490 -0.006408 -0.008341 -0.008992 -0.008341 -0.006408 0.000000 
5.000000e-01 5.000000e-01 7.748278e-01 5.000000e-01 5.000000e-01 8.530670e-01 -0.051360 0.007739 0.011367 0.013148 0.011367 0.007739 0.051360 -0.008538 -0.011134 -0.012016 -0.011134 -0.008538 0.000000 
5.000000e-01 5.000000e-01 7.634216e-01 5.000000e-01 5.000000e-01 8.612952e-01 -0.064249 0.009690 0.014217 0.016434 0.014217 0.009690 0.064249 -0.010665 -0.013933 -0.015054 -0.013933 -0.010665 0.000000 
5.000000e-01 5.000000e-01 7.519708e-01 5.000000e-01 5.000000e-01 8.695077e-01 -0.077156 0.011645 0.017070 0.019725 0.017070 0.011645 0.077157 -0.012786 -0.016738 -0.018109 -0.016738 -0.012786 0.000000 
5.000000e-01 5.000000e-01 7.404760e-01 5.000000e-01 5.000000e-01 8.777042e-01 -0.090083 0.013601 0.019928 0.023025 0.019928 0.013601 0.090083 -0.014901 -0.019550 -0.021181 -0.019550 -0.014901 0.000000 
5.000000e-01 5.000000e-01 7.289374e-01 5.000000e-01 5.000000e-01 8.858847e-01 -0.103027 0.015559 0.022789 0.026331 0.022789 0.015559 0.103027 -0.017006 -0.022370 -0.024275 -0.022370 -0.017006 0.000000 
5.000000e-01 5.000000e-01 7.173555e-01 5.000000e-01 5.000000e-01 8.940489e-01 -0.115989 0.017518 0.025655 0.029645 0.025655 0.017518 0.115989 -0.019102 -0.025197 -0.027392 -0.025197 -0.019102 0.000000 
5.000000e-01 5.000000e-01 7.057307e-01 5.000000e-01 5.000000e-01 9.021968e-01 -0.128969 0.019475 0.028524 0.032970 0.028524 0.019475 0.128969 -0.021187 -0.028032 -0.030532 -0.028032 -0.021187 0.000000 
5.000000e-01 5.000000e-01 6.940632e-01 5.000000e-01 5.000000e-01 9.103281e-01 -0.141966 0.021431 0.031398 0.036306 0.031398 0.021431 0.141966 -0.023259 -0.030874 -0.033699 -0.030874 -0.023259 0.000000 
5.000000e-01 5.000000e-01 6.823536e-01 5.000000e-01 5.000000e-01 9.184426e-01 -0.154979 0.023381 0.034278 0.039662 0.034278 0.023381 0.154979 -0.025318 -0.033725 -0.036893 -0.033725 -0.025318 0.000000 
5.000000e-01 5.000000e-01 6.706022e-01 5.000000e-01 5.000000e-01 9.265402e-01 -0.168009 0.025325 0.037163 0.043034 0.037163 0.025325 0.168009 -0.027361 -0.036585 -0.040118 -0.036585 -0.027361 0.000000 
5.000000e-01 5.000000e-01 6.588093e-01 5.000000e-01 5.000000e-01 9.346207e-01 -0.181054 0.027264 0.040052 0.046423 0.040052 0.027264 0.181054 -0.029384 -0.039454 -0.043379 -0.039454 -0.029384 0.000000 
5.000000e-01 5.000000e-01 6.469753e-01 5.000000e-01 5.000000e-01 9.426840e-01 -0.194115 0.029196 0.042946 0.049831 0.042946 0.029196 0.194115 -0.031386 -0.042332 -0.046679 -0.042332 -0.031386 0.000000 
5.000000e-01 5.000000e-01 6.351005e-01 5.000000e-01 5.000000e-01 9.507298e-01 -0.207192 0.031121 0.045846 0.053258 0.045846 0.031121 0.207192 -0.033366 -0.045220 -0.050018 -0.045220 -0.033366 0.000000 
5.000000e-01 5.000000e-01 6.231853e-01 5.000000e-01 5.000000e-01 9.587579e-01 -0.220283 0.033033 0.048752 0.056714 0.048752 0.033033 0.220283 -0.035322 -0.048119 -0.053401 -0.048119 -0.035322 0.000000 
5.000000e-01 5.000000e-01 6.112301e-01 5.000000e-01 5.000000e-01 9.667682e-01 -0.233389 0.034933 0.051663 0.060198 0.051663 0.034933 0.233389 -0.037252 -0.051028 -0.056830 -0.051028 -0.037252 0.000000 
5.000000e-01 5.000000e-01 5.992352e-01 5.000000e-01 5.000000e-01 9.747605e-01 -0.246509 0.036821 0.054580 0.063707 0.054580 0.036821 0.246509 -0.039150 -0.053948 -0.060313 -0.053948 -0.039150 0.000000 
5.000000e-01 5.000000e-01 5.872010e-01 5.000000e-01 5.000000e-01 9.827345e-01 -0.259643 0.038697 0.057503 0.067244 0.057503 0.038697 0.259643 -0.041012 -0.056881 -0.063857 -0.056881 -0.041012 0.000000 
5.000000e-01 5.000000e-01 5.751277e-01 5.000000e-01 5.000000e-01 9.906901e-01 -0.272790 0.040559 0.060431 0.070810 0.060431 0.040559 0.272790 -0.042839 -0.059825 -0.067463 -0.059825 -0.042839 0.000000 
5.000000e-01 5.000000e-01 5.630158e-01 5.000000e-01 5.000000e-01 9.986272e-01 -0.285950 0.042402 0.063365 0.074416 0.063365 0.042402 0.285950 -0.044626 -0.062782 -0.071134 -0.062782 -0.044626 0.000000 
5.000000e-01 5.000000e-01 5.508655e-01 5.000000e-01 5.000000e-01 1.006545e+00 -0.299124 0.044225 0.066306 0.078061 0.066306 0.044225 0.299124 -0.046372 -0.065751 -0.074878 -0.065751 -0.046372 0.000000 
5.000000e-01 5.000000e-01 5.386771e-01 5.000000e-01 5.000000e-01 1.014444e+00 -0.312309 0.046031 0.069253 0.081741 0.069253 0.046031 0.312309 -0.048067 -0.068734 -0.078708 -0.068734 -0.048067 0.000000 
5.000000e-01 5.000000e-01 5.264511e-01 5.000000e-01 5.000000e-01 1.022324e+00 -0.325506 0.047819 0.072205 0.085459 0.072205 0.047819 0.325507 -0.049707 -0.071731 -0.082630 -0.071731 -0.049707 0.000000 
5.000000e-01 5.000000e-01 5.141877e-01 5.000000e-01 5.000000e-01 1.030185e+00 -0.338716 0.049588 0.075162 0.089216 0.075162 0.049588 0.338716 -0.051293 -0.074742 -0.086647 -0.074742 -0.051293 0.000000 
5.000000e-01 5.000000e-01 5.018873e-01 5.000000e-01 5.000000e-01 1.038026e+00 -0.351936 0.051326 0.078126 0.093031 0.078126 0.051326 0.351936 -0.052819 -0.077766 -0.090767 -0.077766 -0.052819 0.000000 
5.000000e-01 5.000000e-01 4.895501e-01 5.000000e-01 5.000000e-01 1.045846e+00 -0.365167 0.053041 0.081096 0.096894 0.081096 0.053041 0.365167 -0.054278 -0.080804 -0.095003 -0.080804 -0.054278 0.000000 
5.000000e-01 5.000000e-01 4.771765e-01 5.000000e-01 5.000000e-01 1.053647e+00 -0.378409 0.054733 0.084070 0.100803 0.084070 0.054733 0.378409 -0.055657 -0.083857 -0.099380 -0.083857 -0.055657 0.000000 
5.000000e-01 5.000000e-01 4.647667e-01 5.000000e-01 5.000000e-01 1.061428e+00 -0.391662 0.056400 0.087050 0.104763 0.087050 0.056400 0.391662 -0.056960 -0.086924 -0.103894 -0.086924 -0.056960 0.000000 
5.000000e-01 5.000000e-01 4.523212e-01 5.000000e-01 5.000000e-01 1.069187e+00 -0.404924 0.058036 0.090034 0.108782 0.090034 0.058036 0.404924 -0.058180 -0.090003 -0.108558 -0.090003 -0.058180 0.000000 
5.000000e-01 5.000000e-01 4.398401e-01 5.000000e-01 5.000000e-01 1.076926e+00 -0.418195 0.059637 0.093024 0.112872 0.093024 0.059637 0.418195 -0.059309 -0.093094 -0.113389 -0.093094 -0.059309 0.000000 
5.000000e-01 5.000000e-01 4.273238e-01 5.000000e-01 5.000000e-01 1.084644e+00 -0.431476 0.061210 0.096018 0.117022 0.096018 0.061210 0.431476 -0.060327 -0.096196 -0.118429 -0.096196 -0.060327 0.000000 
5.000000e-01 5.000000e-01 4.147726e-01 5.000000e-01 5.000000e-01 1.092341e+00 -0.444765 0.062752 0.099014 0.121232 0.099014 0.062752 0.444765 -0.061240 -0.099307 -0.123672 -0.099307 -0.061240 0.000000 
5.000000e-01 5.000000e-01 4.021867e-01 5.000000e-01 5.000000e-01 1.100016e+00 -0.458063 0.064264 0.102015 0.125506 0.102015 0.064264 0.458063 -0.062040 -0.102423 -0.129136 -0.102423 -0.062040 0.000000 
5.000000e-01 5.000000e-01 3.895666e-01 5.000000e-01 5.000000e-01 1.107669e+00 -0.471369 0.065727 0.105018 0.129880 0.105018 0.065727 0.471369 -0.062716 -0.105542 -0.134853 -0.105542 -0.062716 0.000000 
5.000000e-01 5.000000e-01 3.769123e-01 5.000000e-01 5.000000e-01 1.115301e+00 -0.484683 0.067156 0.108022 0.134326 0.108022 0.067156 0.484683 -0.063243 -0.108659 -0.140880 -0.108659 -0.063243 0.000000 
5.000000e-01 5.000000e-01 3.642243e-01 5.000000e-01 5.000000e-01 1.122910e+00 -0.498004 0.068550 0.111028 0.138849 0.111028 0.068550 0.498004 -0.063628 -0.111768 -0.147212 -0.111768 -0.063628 0.000000 
5.000000e-01 5.000000e-01 3.515028e-01 5.000000e-01 5.000000e-01 1.130496e+00 -0.511332 0.069908 0.114034 0.143449 0.114034 0.069908 0.511332 -0.063863 -0.114862 -0.153881 -0.114862 -0.063863 0.000000 
5.000000e-01 5.000000e-01 3.387481e-01 5.000000e-01 5.000000e-01 1.138060e+00 -0.524666 0.071212 0.117038 0.148165 0.117038 0.071212 0.524666 -0.063924 -0.117931 -0.160955 -0.117931 -0.063924 0.000000 
5.000000e-01 5.000000e-01 3.259604e-01 5.000000e-01 5.000000e-01 1.145600e+00 -0.538007 0.072473 0.120040 0.152980 0.120040 0.072473 0.538007 -0.063797 -0.120962 -0.168490 -0.120962 -0.063797 0.000000 
5.000000e-01 5.000000e-01 3.131400e-01 5.000000e-01 5.000000e-01 1.153117e+00 -0.551354 0.073693 0.123039 0.157888 0.123039 0.073693 0.551354 -0.063484 -0.123944 -0.176498 -0.123944 -0.063484 0.000000 
5.000000e-01 5.000000e-01 3.002872e-01 5.000000e-01 5.000000e-01 1.160611e+00 -0.564706 0.074873 0.126034 0.162892 0.126034 0.074873 0.564706 -0.062976 -0.126861 -0.185032 -0.126861 -0.062976 0.000000 
5.000000e-01 5.000000e-01 2.874022e-01 5.000000e-01 5.000000e-01 1.168081e+00 -0.578063 0.075991 0.129021 0.168039 0.129021 0.075991 0.578063 -0.062227 -0.129675 -0.194259 -0.129675 -0.062227 0.000000 
5.000000e-01 5.000000e-01 2.744853e-01 5.000000e-01 5.000000e-01 1.175526e+00 -0.591425 0.077059 0.131998 0.173311 0.131998 0.077059 0.591425 -0.061252 -0.132372 -0.204176 -0.132372 -0.061252 0.000000 
5.000000e-01 5.000000e-01 2.615368e-01 5.000000e-01 5.000000e-01 1.182947e+00 -0.604792 0.078082 0.134966 0.178697 0.134966 0.078082 0.604792 -0.060045 -0.134923 -0.214856 -0.134923 -0.060045 0.000000 
5.000000e-01 5.000000e-01 2.485567e-01 5.000000e-01 5.000000e-01 1.190343e+00 -0.618163 0.079058 0.137923 0.184201 0.137923 0.079058 0.618163 -0.058571 -0.137271 -0.226479 -0.137271 -0.058571 0.000000 
5.000000e-01 5.000000e-01 2.355455e-01 5.000000e-01 5.000000e-01 1.197714e+00 -0.631538 0.079962 0.140860 0.189894 0.140860 0.079962 0.631538 -0.056815 -0.139359 -0.239189 -0.139359 -0.056815 0.000000 
5.000000e-01 5.000000e-01 2.225031e-01 5.000000e-01 5.000000e-01 1.205059e+00 -0.644917 0.080813 0.143779 0.195734 0.143779 0.080813 0.644917 -0.054791 -0.141149 -0.253036 -0.141149 -0.054791 0.000000 
5.000000e-01 5.000000e-01 2.094299e-01 5.000000e-01 5.000000e-01 1.212379e+00 -0.658299 0.081614 0.146678 0.201714 0.146678 0.081614 0.658299 -0.052479 -0.142559 -0.268225 -0.142559 -0.052479 0.000000 
5.000000e-01 5.000000e-01 1.963260e-01 5.000000e-01 5.000000e-01 1.219673e+00 -0.671685 0.082362 0.149556 0.207849 0.149556 0.082362 0.671685 -0.049834 -0.143435 -0.285146 -0.143435 -0.049834 0.000000 
5.000000e-01 5.000000e-01 1.831914e-01 5.000000e-01 5.000000e-01 1.226940e+00 -0.685075 0.083027 0.152395 0.214230 0.152395 0.083027 0.685074 -0.046893 -0.143737 -0.303815 -0.143737 -0.046893 0.000000 
5.000000e-01 5.000000e-01 1.700260e-01 5.000000e-01 5.000000e-01 1.234181e+00 -0.698468 0.083640 0.155204 0.220779 0.155204 0.083640 0.698468 -0.043649 -0.143342 -0.324485 -0.143342 -0.043649 0.000000 
5.000000e-01 5.000000e-01 1.568299e-01 5.000000e-01 5.000000e-01 1.241394e+00 -0.711866 0.084201 0.157981 0.227501 0.157981 0.084201 0.711866 -0.040042 -0.141917 -0.347948 -0.141917 -0.040042 0.000000 
5.000000e-01 5.000000e-01 1.436027e-01 5.000000e-01 5.000000e-01 1.248580e+00 -0.725270 0.084689 0.160712 0.234467 0.160712 0.084689 0.725270 -0.036126 -0.139422 -0.374174 -0.139422 -0.036126 0.000000 
5.000000e-01 5.000000e-01 1.303439e-01 5.000000e-01 5.000000e-01 1.255739e+00 -0.738681 0.085104 0.163387 0.241699 0.163387 0.085104 0.738681 -0.031902 -0.135652 -0.403572 -0.135652 -0.031902 0.000000 
5.000000e-01 5.000000e-01 1.170528e-01 5.000000e-01 5.000000e-01 1.262870e+00 -0.752103 0.085465 0.166016 0.249141 0.166016 0.085465 0.752103 -0.027324 -0.130058 -0.437339 -0.130058 -0.027324 0.000000 
5.000000e-01 5.000000e-01 1.037283e-01 5.000000e-01 5.000000e-01 1.269972e+00 -0.765538 0.085773 0.168598 0.256795 0.168598 0.085773 0.765538 -0.022443 -0.122558 -0.475537 -0.122558 -0.022443 0.000000 
5.000000e-01 5.000000e-01 9.036866e-02 5.000000e-01 5.000000e-01 1.277045e+00 -0.778992 0.085985 0.171084 0.264854 0.171084 0.085985 0.778992 -0.017275 -0.112883 -0.518675 -0.112883 -0.017275 0.000000 
5.000000e-01 5.000000e-01 7.697202e-02 5.000000e-01 5.000000e-01 1.284089e+00 -0.792473 0.086145 0.173507 0.273168 0.173507 0.086145 0.792473 -0.011789 -0.100236 -0.568424 -0.100236 -0.011789 0.000000 
5.000000e-01 5.000000e-01 6.353603e-02 5.000000e-01 5.000000e-01 1.291104e+00 -0.805987 0.086256 0.175867 0.281741 0.175867 0.086256 0.805987 -0.006040 -0.084684 -0.624539 -0.084684 -0.006040 0.000000 
5.000000e-01 5.000000e-01 5.005840e-02 5.000000e-01 5.000000e-01 1.298089e+00 -0.819541 0.086288 0.178119 0.290727 0.178119 0.086288 0.819541 -0.000055 -0.066095 -0.687240 -0.066095 -0.000055 0.000000 
5.000000e-01 5.000000e-01 3.653776e-02 5.000000e-01 5.000000e-01 1.305044e+00 -0.833146 0.086255 0.180265 0.300107 0.180265 0.086255 0.833146 0.006177 -0.043864 -0.757772 -0.043864 0.006177 0.000000 
5.000000e-01 5.000000e-01 2.297466e-02 5.000000e-01 5.000000e-01 1.311968e+00 -0.846796 0.086175 0.182323 0.309800 0.182323 0.086175 0.846796 0.012579 -0.018899 -0.834156 -0.018899 0.012579 0.000000 
5.000000e-01 5.000000e-01 9.373144e-03 5.000000e-01 5.000000e-01 1.318861e+00 -0.860482 0.086029 0.184255 0.319915 0.184255 0.086029 0.860482 0.019111 0.008194 -0.915093 0.008194 0.019111 0.000000 
5.000000e-01 5.000000e-01 4.999970e-03 5.000000e-01 5.000000e-01 1.325722e+00 -0.867936 0.084661 0.184683 0.329249 0.184683 0.084661 0.867936 0.020674 0.016586 -0.942457 0.016586 0.020674 0.000000 
5.000000e-01 5.000000e-01 4.999970e-03 5.000000e-01 5.000000e-01 1.332552e+00 -0.872419 0.082700 0.184351 0.338316 0.184351 0.082700 0.872419 0.019860 0.015636 -0.943411 0.015636 0.019860 0.000000 
5.000000e-01 5.000000e-01 4.999970e-03 5.000000e-01 5.000000e-01 1.339350e+00 -0.876880 0.080673 0.183858 0.347819 0.183858 0.080673 0.876880 0.019050 0.014690 -0.944361 0.014690 0.019050 0.000000 
5.000000e-01 5.000000e-01 4.999970e-03 5.000000e-01 5.000000e-01 1.346115e+00 -0.881321 0.078546 0.183093 0.358043 0.183093 0.078546 0.881321 0.018243 0.013749 -0.945306 0.013749 0.018243 0.000000 
5.000000e-01 5.000000e-01 4.999970e-03 5.000000e-01 5.000000e-01 1.352847e+00 -0.885741 0.076367 0.182154 0.368699 0.182154 0.076367 0.885741 0.017440 0.012812 -0.946246 0.012812 0.017440 0.000000 
5.000000e-01 5.000000e-01 4.999970e-03 5.000000e-01 5.000000e-01 1.359546e+00 -0.890139 0.074129 0.181017 0.379845 0.181017 0.074129 0.890139 0.016641 0.011880 -0.947181 0.011880 0.016641 0.000000 
5.000000e-01 5.000000e-01 4.999970e-03 5.000000e-01 5.000000e-01 1.366211e+00 -0.894516 0.071791 0.179510 0.391913 0.179510 0.071791 0.894516 0.015846 0.010952 -0.948112 0.010952 0.015846 0.000000 
5.000000e-01 5.000000e-01 4.999970e-03 5.000000e-01 5.000000e-01 1.372842e+00 -0.898872 0.069406 0.177784 0.404492 0.177784 0.069406 0.898872 0.015054 0.010029 -0.949038 0.010029 0.015054 0.000000 
5.000000e-01 5.000000e-01 4.999970e-03 5.000000e-01 5.000000e-01 1.379439e+00 -0.903205 0.066966 0.175801 0.417670 0.175801 0.066966 0.903205 0.014267 0.009110 -0.949960 0.009110 0.014267 0.000000 
5.000000e-01 5.000000e-01 4.999970e-03 5.000000e-01 5.000000e-01 1.386000e+00 -0.907518 0.064433 0.173344 0.431965 0.173344 0.064433 0.907518 0.013483 0.008196 -0.950877 0.008196 0.013483 0.000000 
5.000000e-01 5.000000e-01 4.999970e-03 5.000000e-01 5.000000e-01 1.392527e+00 -0.911809 0.061859 0.170619 0.446851 0.170619 0.061859 0.911809 0.012703 0.007287 -0.951789 0.007287 0.012703 0.000000 
5.000000e-01 5.000000e-01 4.999970e-03 5.000000e-01 5.000000e-01 1.399018e+00 -0.916078 0.059231 0.167540 0.462537 0.167540 0.059231 0.916078 0.011927 0.006382 -0.952696 0.006382 0.011927 0.000000 
5.000000e-01 5.000000e-01 4.999970e-03 5.000000e-01 5.000000e-01 1.405472e+00 -0.920326 0.056524 0.163896 0.479485 0.163896 0.056524 0.920326 0.011155 0.005482 -0.953599 0.005482 0.011155 0.000000 
5.000000e-01 5.000000e-01 4.999970e-03 5.000000e-01 5.000000e-01 1.411891e+00 -0.924552 0.053785 0.159943 0.497097 0.159943 0.053785 0.924552 0.010386 0.004586 -0.954497 0.004586 0.010386 0.000000 
5.000000e-01 5.000000e-01 4.999970e-03 5.000000e-01 5.000000e-01 1.418273e+00 -0.928758 0.050987 0.155471 0.515842 0.155471 0.050987 0.928758 0.009622 0.003695 -0.955391 0.003695 0.009622 0.000000 
5.000000e-01 5.000000e-01 4.999970e-03 5.000000e-01 5.000000e-01 1.424619e+00 -0.932943 0.048132 0.150403 0.535875 0.150403 0.048132 0.932943 0.008861 0.002808 -0.956281 0.002808 0.008861 0.000000 
5.000000e-01 5.000000e-01 4.999970e-03 5.000000e-01 5.000000e-01 1.430927e+00 -0.937107 0.045252 0.144994 0.556615 0.144994 0.045252 0.937107 0.008104 0.001925 -0.957165 0.001925 0.008104 0.000000 
5.000000e-01 5.000000e-01 4.999970e-03 5.000000e-01 5.000000e-01 1.437198e+00 -0.941252 0.042309 0.138819 0.578996 0.138819 0.042309 0.941252 0.007350 0.001047 -0.958046 0.001047 0.007350 0.000000 
5.000000e-01 5.000000e-01 4.999970e-03 5.000000e-01 5.000000e-01 1.443432e+00 -0.945377 0.039334 0.132124 0.602461 0.132124 0.039334 0.945377 0.006600 0.000173 -0.958923 0.000173 0.006600 0.000000 
5.000000e-01 5.000000e-01 4.999970e-03 5.000000e-01 5.000000e-01 1.449628e+00 -0.949482 0.036338 0.125017 0.626771 0.125017 0.036338 0.949482 0.005853 -0.000697 -0.959795 -0.000697 0.005853 0.000000 
5.000000e-01 5.000000e-01 4.999970e-03 5.000000e-01 5.000000e-01 1.455786e+00 -0.953571 0.033283 0.116954 0.653097 0.116954 0.033283 0.953571 0.005110 -0.001563 -0.960663 -0.001563 0.005110 0.000000 
5.000000e-01 5.000000e-01 4.999970e-03 5.000000e-01 5.000000e-01 1.461906e+00 -0.957639 0.030219 0.108537 0.680127 0.108537 0.030219 0.957639 0.004370 -0.002426 -0.961528 -0.002426 0.004370 0.000000 
5.000000e-01 5.000000e-01 4.999970e-03 5.000000e-01 5.000000e-01 1.467988e+00 -0.961690 0.027123 0.099425 0.708593 0.099425 0.027123 0.961690 0.003633 -0.003284 -0.962388 -0.003284 0.003633 0.000000 
5.000000e-01 5.000000e-01 4.999970e-03 5.000000e-01 5.000000e-01 1.474031e+00 -0.965724 0.024003 0.089661 0.738396 0.089661 0.024003 0.965724 0.002899 -0.004139 -0.963245 -0.004139 0.002899 0.000000 
5.000000e-01 5.000000e-01 4.999970e-03 5.000000e-01 5.000000e-01 1.480036e+00 -0.969736 0.020882 0.079600 0.768773 0.079600 0.020882 0.969736 0.002170 -0.004989 -0.964097 -0.004989 0.002170 0.000000 
5.000000e-01 5.000000e-01 4.999970e-03 5.000000e-01 5.000000e-01 1.486001e+00 -0.973735 0.017726 0.068630 0.801024 0.068630 0.017726 0.973735 0.001442 -0.005836 -0.964947 -0.005836 0.001442 0.000000 
5.000000e-01 5.000000e-01 4.999970e-03 5.000000e-01 5.000000e-01 1.491927e+00 -0.977711 0.014576 0.057463 0.833632 0.057463 0.014576 0.977711 0.000719 -0.006679 -0.965791 -0.006679 0.000719 0.000000 
5.000000e-01 5.000000e-01 4.999970e-03 5.000000e-01 5.000000e-01 1.497811e+00 -0.981667 0.011420 0.045816 0.867196 0.045816 0.011420 0.981667 -0.000001 -0.007517 -0.966632 -0.007517 -0.000001 0.000000 
5.000000e-01 5.000000e-01 4.999970e-03 5.000000e-01 5.000000e-01 1.503654e+00 -0.985602 0.008266 0.033874 0.901320 0.033874 0.008266 0.985602 -0.000716 -0.008351 -0.967467 -0.008351 -0.000716 0.000000 
5.000000e-01 5.000000e-01 4.999970e-03 5.000000e-01 5.000000e-01 1.509454e+00 -0.989510 0.005125 0.021797 0.935665 0.021797 0.005125 0.989510 -0.001427 -0.009179 -0.968298 -0.009179 -0.001427 0.000000 
5.000000e-01 5.000000e-01 4.999970e-03 5.000000e-01 5.000000e-01 1.515015e+00 -0.993262 0.002100 0.009941 0.969181 0.009941 0.002100 0.993262 -0.002110 -0.009974 -0.969095 -0.009974 -0.002110 0.000000 
5.000000e-01 5.000000e-01 4.999970e-03 5.000000e-01 5.000000e-01 1.515015e+00 -0.993262 0.002100 0.009941 0.969181 0.009941 0.002100 0.993262 -0.002110 -0.009974 -0.969095 -0.009974 -0.002110 0.000000 
5.000000e-01 5.000000e-01 4.999970e-03 5.000000e-01 5.000000e-01 1.515015e+00 -0.993262 0.002100 0.009941 0.969181 0.009941 0.002100 0.993262 -0.002110 -0.009974 -0.969095 -0.009974 -0.002110 0.000000 
5.000000e-01 5.000000e-01 4.999970e-03 5.000000e-01 5.000000e-01 1.515015e+00 -0.993262 0.002100 0.009941 0.969181 0.009941 0.002100 0.993262 -0.002110 -0.009974 -0.969095 -0.009974 -0.002110 0.000000 
5.000000e-01 5.000000e-01 4.999970e-03 5.000000e-01 5.000000e-01 1.515015e+00 -0.993262 0.002100 0.009941 0.969181 0.009941 0.002100 0.993262 -0.002110 -0.009974 -0.969095 -0.009974 -0.002110 0.000000 
5.000000e-01 5.000000e-01 4.999970e-03 5.000000e-01 5.000000e-01 1.515015e+00 -0.993262 0.002100 0.009941 0.969181 0.009941 0.002100 0.993262 -0.002110 -0.009974 -0.969095 -0.009974 -0.002110 0.000000 
5.000000e-01 5.000000e-01 4.999970e-03 5.000000e-01 5.000000e-01 1.515015e+00 -0.993262 0.002100 0.009941 0.969181 0.009941 0.002100 0.993262 -0.002110 -0.009974 -0.969095 -0.009974 -0.002110 0.000000 
5.000000e-01 5.000000e-01 4.999970e-03 5.000000e-01 5.000000e-01 1.515015e+00 -0.993262 0.002100 0.009941 0.969181 0.009941 0.002100 0.993262 -0.002110 -0.009974 -0.969095 -0.009974 -0.002110 0.000000 
5.000000e-01 5.000000e-01 4.999970e-03 5.000000e-01 5.000000e-01 1.515015e+00 -0.993262 0.002100 0.009941 0.969181 0.009941 0.002100 0.993262 -0.002110 -0.009974 -0.969095 -0.009974 -0.002110 0.000000 
5.000000e-01 5.000000e-01 4.999970e-03 5.000000e-01 5.000000e-01 1.515015e+00 -0.993262 0.002100 0.009941 0.969181 0.009941 0.002100 0.993262 -0.002110 -0.009974 -0.969095 -0.009974 -0.002110 0.000000 
5.000000e-01 5.000000e-01 4.999970e-03 5.000000e-01 5.000000e-01 1.515015e+00 -0.993262 0.002100 0.009941 0.969181 0.009941 0.002100 0.993262 -0.002110 -0.009974 -0.969095 -0.009974 -0.002110 0.000000 
5.000000e-01 5.000000e-01 4.999970e-03 5.000000e-01 5.000000e-01 1.515015e+00 -0.993262 0.002100 0.009941 0.969181 0.009941 0.002100 0.993262 -0.002110 -0.009974 -0.969095 -0.009974 -0.002110 0.000000 
5.000000e-01 5.000000e-01 4.999970e-03 5.000000e-01 5.000000e-01 1.515015e+00 -0.993262 0.002100 0.009941 0.969181 0.009941 0.002100 0.993262 -0.002110 -0.009974 -0.969095 -0.009974 -0.002110 0.000000 
5.000000e-01 5.000000e-01 4.999970e-03 5.000000e-01 5.000000e-01 1.515015e+00 -0.993262 0.002100 0.009941 0.969181 0.009941 0.002100 0.993262 -0.002110 -0.009974 -0.969095 -0.009974 -0.002110 0.000000 
5.000000e-01 5.000000e-01 4.999970e-03 5.000000e-01 5.000000e-01 1.515015e+00 -0.993262 0.002100 0.009941 0.969181 0.009941 0.002100 0.993262 -0.002110 -0.009974 -0.969095 -0.009974 -0.002110 0.000000 
5.000000e-01 5.000000e-01 4.999970e-03 5.000000e-01 5.000000e-01 1.515015e+00 -0.993262 0.002100 0.009941 0.969181 0.009941 0.002100 0.993262 -0.002110 -0.009974 -0.969095 -0.009974 -0.002110 0.000000 
5.000000e-01 5.000000e-01 4.999970e-03 5.000000e-01 5.000000e-01 1.515015e+00 -0.993262 0.002100 0.009941 0.969181 0.009941 0.002100 0.993262 -0.002110 -0.009974 -0.969095 -0.009974 -0.002110 0.000000 
5.000000e-01 5.000000e-01 4.999970e-03 5.000000e-01 5.000000e-01 1.515015e+00 -0.993262 0.002100 0.009941 0.969181 0.009941 0.002100 0.993262 -0.002110 -0.009974 -0.969095 -0.009974 -0.002110 0.000000 
5.000000e-01 5.000000e-01 4.999970e-03 5.000000e-01 5.000000e-01 1.515015e+00 -0.993262 0.002100 0.009941 0.969181 0.009941 0.002100 0.993262 -0.002110 -0.009974 -0.969095 -0.009974 -0.002110 0.000000 
5.000000e-01 5.000000e-01 4.999970e-03 5.000000e-01 5.000000e-01 1.515015e+00 -0.993262 0.002100 0.009941 0.969181 0.009941 0.002100 0.993262 -0.002110 -0.009974 -0.969095 -0.009974 -0.002110 0.000000 
5.000000e-01 5.000000e-01 4.999970e-03 5.000000e-01 5.000000e-01 1.515015e+00 -0.993262 0.002100 0.009941 0.969181 0.009941 0.002100 0.993262 -0.002110 -0.009974 -0.969095 -0.009974 -0.002110 0.000000 
5.000000e-01 5.000000e-01 4.999970e-03 5.000000e-01 5.000000e-01 1.515015e+00 -0.993262 0.002100 0.009941 0.969181 0.009941 0.002100 0.993262 -0.002110 -0.009974 -0.969095 -0.009974 -0.002110 0.000000 
5.000000e-01 5.000000e-01 4.999970e-03 5.000000e-01 5.000000e-01 1.515015e+00 -0.993262 0.002100 0.009941 0.969181 0.009941 0.002100 0.993262 -0.002110 -0.009974 -0.969095 -0.009974 -0.002110 0.000000 
5.000000e-01 5.000000e-01 4.999970e-03 5.000000e-01 5.000000e-01 1.515015e+00 -0.993262 0.002100 0.009941 0.969181 0.009941 0.002100 0.993262 -0.002110 -0.009974 -0.969095 -0.009974 -0.002110 0.000000 
5.000000e-01 5.000000e-01 4.999970e-03 5.000000e-01 5.000000e-01 1.515015e+00 -0.993262 0.002100 0.009941 0.969181 0.009941 0.002100 0.993262 -0.002110 -0.009974 -0.969095 -0.009974 -0.002110 0.000000 
5.000000e-01 5.000000e-01 4.999970e-03 5.000000e-01 5.000000e-01 1.515015e+00 -0.993262 0.002100 0.009941 0.969181 0.009941 0.002100 0.993262 -0.002110 -0.009974 -0.969095 -0.009974 -0.002110 0.000000 
5.000000e-01 5.000000e-01 4.999970e-03 5.000000e-01 5.000000e-01 1.515015e+00 -0.993262 0.002100 0.009941 0.969181 0.009941 0.002100 0.993262 -0.002110 -0.009974 -0.969095 -0.009974 -0.002110 0.000000 
5.000000e-01 5.000000e-01 4.999970e-03 5.000000e-01 5.000000e-01 1.515015e+00 -0.993262 0.002100 0.009941 0.969181 0.009941 0.002100 0.993262 -0.002110 -0.009974 -0.969095 -0.009974 -0.002110 0.000000 
5.000000e-01 5.000000e-01 4.999970e-03 5.000000e-01 5.000000e-01 1.515015e+00 -0.993262 0.002100 0.009941 0.969181 0.009941 0.002100 0.993262 -0.002110 -0.009974 -0.969095 -0.009974 -0.002110 0.000000 
5.000000e-01 5.000000e-01 4.999970e-03 5.000000e-01 5.000000e-01 1.515015e+00 -0.993262 0.002100 0.009941 0.969181 0.009941 0.002100 0.993262 -0.002110 -0.009974 -0.969095 -0.009974 -0.002110 0.000000 
5.000000e-01 5.000000e-01 4.999970e-03 5.000000e-01 5.000000e-01 1.515015e+00 -0.993262 0.002100 0.009941 0.969181 0.009941 0.002100 0.993262 -0.002110 -0.009974 -0.969095 -0.009974 -0.002110 0.000000 
5.000000e-01 5.000000e-01 4.999970e-03 5.000000e-01 5.000000e-01 1.515015e+00 -0.993262 0.002100 0.009941 0.969181 0.009941 0.002100 0.993262 -0.002110 -0.009974 -0.969095 -0.009974 -0.002110 0.000000 
5.000000e-01 5.000000e-01 4.999970e-03 5.000000e-01 5.000000e-01 1.515015e+00 -0.993262 0.002100 0.009941 0.969181 0.009941 0.002100 0.993262 -0.002110 -0.009974 -0.969095 -0.009974 -0.002110 0.000000 
5.000000e-01 5.000000e-01 4.999970e-03 5.000000e-01 5.000000e-01 1.515015e+00 -0.993262 0.002100 0.009941 0.969181 0.009941 0.002100 0.993262 -0.002110 -0.009974 -0.969095 -0.009974 -0.002110 0.000000 
5.000000e-01 5.000000e-01 4.999970e-03 5.000000e-01 5.000000e-01 1.515015e+00 -0.993262 0.002100 0.009941 0.969181 0.009941 0.002100 0.993262 -0.002110 -0.009974 -0.969095 -0.009974 -0.002110 0.000000 
5.000000e-01 5.000000e-01 4.999970e-03 5.000000e-01 5.000000e-01 1.515015e+00 -0.993262 0.002100 0.009941 0.969181 0.009941 0.002100 0.993262 -0.002110 -0.009974 -0.969095 -0.009974 -0.002110 0.000000 
5.000000e-01 5.000000e-01 4.999970e-03 5.000000e-01 5.000000e-01 1.515015e+00 -0.993262 0.002100 0.009941 0.969181 0.009941 0.002100 0.993262 -0.002110 -0.009974 -0.969095 -0.009974 -0.002110 0.000000 
5.000000e-01 5.000000e-01 4.999970e-03 5.000000e-01 5.000000e-01 1.515015e+00 -0.993262 0.002100 0.009941 0.969181 0.009941 0.002100 0.993262 -0.002110 -0.009974 -0.969095 -0.009974 -0.002110 0.000000 
5.000000e-01 5.000000e-01 4.999970e-03 5.000000e-01 5.000000e-01 1.515015e+00 -0.993262 0.002100 0.009941 0.969181 0.009941 0.002100 0.993262 -0.002110 -0.009974 -0.969095 -0.009974 -0.002110 0.000000 
5.000000e-01 5.000000e-01 4.999970e-03 5.000000e-01 5.000000e-01 1.515015e+00 -0.993262 0.002100 0.009941 0.969181 0.009941 0.002100 0.993262 -0.002110 -0.009974 -0.969095 -0.009974 -0.002110 0.000000 
5.000000e-01 5.000000e-01 4.999970e-03 5.000000e-01 5.000000e-01 1.515015e+00 -0.993262 0.002100 0.009941 0.969181 0.009941 0.002100 0.993262 -0.002110 -0.009974 -0.969095 -0.009974 -0.002110 0.000000 
5.000000e-01 5.000000e-01 4.999970e-03 5.000000e-01 5.000000e-01 1.515015e+00 -0.993262 0.002100 0.009941 0.969181 0.009941 0.002100 0.993262 -0.002110 -0.009974 -0.969095 -0.009974 -0.002110 0.000000 
5.000000e-01 5.000000e-01 4.999970e-03 5.000000e-01 5.000000e-01 1.515015e+00 -0.993262 0.002100 0.009941 0.969181 0.009941 0.002100 0.993262 -0.002110 -0.009974 -0.969095 -0.009974 -0.002110 0.000000 
5.000000e-01 5.000000e-01 4.999970e-03 5.000000e-01 5.000000e-01 1.515015e+00 -0.993262 0.002100 0.009941 0.969181 0.009941 0.002100 0.993262 -0.002110 -0.009974 -0.969095 -0.009974 -0.002110 0.000000 
5.000000e-01 5.000000e-01 4.999970e-03 5.000000e-01 5.000000e-01 1.515015e+00 -0.993262 0.002100 0.009941 0.969181 0.009941 0.002100 0.993262 -0.002110 -0.009974 -0.969095 -0.009974 -0.002110 0.000000 
5.000000e-01 5.000000e-01 4.999970e-03 5.000000e-01 5.000000e-01 1.515015e+00 -0.993262 0.002100 0.009941 0.969181 0.009941 0.002100 0.993262 -0.002110 -0.009974 -0.969095 -0.009974 -0.002110 0.000000 
5.000000e-01 5.000000e-01 4.999970e-03 5.000000e-01 5.000000e-01 1.515015e+00 -0.993262 0.002100 0.009941 0.969181 0.009941 0.002100 0.993262 -0.002110 -0.009974 -0.969095 -0.009974 -0.002110 0.000000 
5.000000e-01 5.000000e-01 4.999970e-03 5.000000e-01 5.000000e-01 1.515015e+00 -0.993262 0.002100 0.009941 0.969181 0.009941 0.002100 0.993262 -0.002110 -0.009974 -0.969095 -0.009974 -0.002110 0.000000 
5.000000e-01 5.000000e-01 4.999970e-03 5.000000e-01 5.000000e-01 1.515015e+00 -0.993262 0.002100 0.009941 0.969181 0.009941 0.002100 0.993262 -0.002110 -0.009974 -0.969095 -0.009974 -0.002110 0.000000 
5.000000e-01 5.000000e-01 4.999970e-03 5.000000e-01 5.000000e-01 1.515015e+00 -0.993262 0.002100 0.009941 0.969181 0.009941 0.002100 0.993262 -0.002110 -0.009974 -0.969095 -0.009974 -0.002110 0.000000 
5.000000e-01 5.000000e-01 4.999970e-03 5.000000e-01 5.000000e-01 1.515015e+00 -0.993262 0.002100 0.009941 0.969181 0.009941 0.002100 0.993262 -0.002110 -0.009974 -0.969095 -0.009974 -0.002110 0.000000 
5.000000e-01 5.000000e-01 4.999970e-03 5.000000e-01 5.000000e-01 1.515015e+00 -0.993262 0.002100 0.009941 0.969181 0.009941 0.002100 0.993262 -0.002110 -0.009974 -0.969095 -0.009974 -0.002110 0.000000 
5.000000e-01 5.000000e-01 4.999970e-03 5.000000e-01 5.000000e-01 1.515015e+00 -0.993262 0.002100 0.009941 0.969181 0.009941 0.002100 0.993262 -0.002110 -0.009974 -0.969095 -0.009974 -0.002110 0.000000 
5.000000e-01 5.000000e-01 4.999970e-03 5.000000e-01 5.000000e-01 1.515015e+00 -0.993262 0.002100 0.009941 0.969181 0.009941 0.002100 0.993262 -0.002110 -0.009974 -0.969095 -0.009974 -0.002110 0.000000 
5.000000e-01 5.000000e-01 4.999970e-03 5.000000e-01 5.000000e-01 1.515015e+00 -0.993262 0.002100 0.009941 0.969181 0.009941 0.002100 0.993262 -0.002110 -0.009974 -0.969095 -0.009974 -0.002110 0.000000 
5.000000e-01 5.000000e-01 4.999970e-03 5.000000e-01 5.000000e-01 1.515015e+00 -0.993262 0.002100 0.009941 0.969181 0.009941 0.002100 0.993262 -0.002110 -0.009974 -0.969095 -0.009974 -0.002110 0.000000 
5.000000e-01 5.000000e-01 4.999970e-03 5.000000e-01 5.000000e-01 1.515015e+00 -0.993262 0.002100 0.009941 0.969181 0.009941 0.002100 0.993262 -0.002110 -0.009974 -0.969095 -0.009974 -0.002110 0.000000 
5.000000e-01 5.000000e-01 4.999970e-03 5.000000e-01 5.000000e-01 1.515015e+00 -0.993262 0.002100 0.009941 0.969181 0.009941 0.002100 0.993262 -0.002110 -0.009974 -0.969095 -0.009974 -0.002110 0.000000 
5.000000e-01 5.000000e-01 4.999970e-03 5.000000e-01 5.000000e-01 1.515015e+00 -0.993262 0.002100 0.009941 0.969181 0.009941 0.002100 0.993262 -0.002110 -0.009974 -0.969095 -0.009974 -0.002110 0.000000 
5.000000e-01 5.000000e-01 4.999970e-03 5.000000e-01 5.000000e-01 1.515015e+00 -0.993262 0.002100 0.009941 0.969181 0.009941 0.002100 0.993262 -0.002110 -0.009974 -0.969095 -0.009974 -0.002110 0.000000 
5.000000e-01 5.000000e-01 4.999970e-03 5.000000e-01 5.000000e-01 1.515015e+00 -0.993262 0.002100 0.009941 0.969181 0.009941 0.002100 0.993262 -0.002110 -0.009974 -0.969095 -0.009974 -0.002110 0.000000 
5.000000e-01 5.000000e-01 4.999970e-03 5.000000e-01 5.000000e-01 1.515015e+00 -0.993262 0.002100 0.009941 0.969181 0.009941 0.002100 0.993262 -0.002110 -0.009974 -0.969095 -0.009974 -0.002110 0.000000 
5.000000e-01 5.000000e-01 4.999970e-03 5.000000e-01 5.000000e-01 1.515015e+00 -0.993262 0.002100 0.009941 0.969181 0.009941 0.002100 0.993262 -0.002110 -0.009974 -0.969095 -0.009974 -0.002110 0.000000 
5.000000e-01 5.000000e-01 4.999970e-03 5.000000e-01 5.000000e-01 1.515015e+00 -0.993262 0.002100 0.009941 0.969181 0.009941 0.002100 0.993262 -0.002110 -0.009974 -0.969095 -0.009974 -0.002110 0.000000 
5.000000e-01 5.000000e-01 4.999970e-03 5.000000e-01 5.000000e-01 1.515015e+00 -0.993262 0.002100 0.009941 0.969181 0.009941 0.002100 0.993262 -0.002110 -0.009974 -0.969095 -0.009974 -0.002110 0.000000 
5.000000e-01 5.000000e-01 4.999970e-03 5.000000e-01 5.000000e-01 1.515015e+00 -0.993262 0.002100 0.009941 0.969181 0.009941 0.002100 0.993262 -0.002110 -0.009974 -0.969095 -0.009974 -0.002110 0.000000 
5.000000e-01 5.000000e-01 4.999970e-03 5.000000e-01 5.000000e-01 1.515015e+00 -0.993262 0.002100 0.009941 0.969181 0.009941 0.002100 0.993262 -0.002110 -0.009974 -0.969095 -0.009974 -0.002110 0.000000 
5.000000e-01 5.000000e-01 4.999970e-03 5.000000e-01 5.000000e-01 1.515015e+00 -0.993262 0.002100 0.009941 0.969181 0.009941 0.002100 0.993262 -0.002110 -0.009974 -0.969095 -0.009974 -0.002110 0.000000 
5.000000e-01 5.000000e-01 4.999970e-03 5.000000e-01 5.000000e-01 1.515015e+00 -0.993262 0.002100 0.009941 0.969181 0.009941 0.002100 0.993262 -0.002110 -0.009974 -0.969095 -0.009974 -0.002110 0.000000 
5.000000e-01 5.000000e-01 4.999970e-03 5.000000e-01 5.000000e-01 1.515015e+00 -0.993262 0.002100 0.009941 0.969181 0.009941 0.002100 0.993262 -0.002110 -0.009974 -0.969095 -0.009974 -0.002110 0.000000 
5.000000e-01 5.000000e-01 4.999970e-03 5.000000e-01 5.000000e-01 1.515015e+00 -0.993262 0.002100 0.009941 0.969181 0.009941 0.002100 0.993262 -0.002110 -0.009974 -0.969095 -0.009974 -0.002110 0.000000 
5.000000e-01 5.000000e-01 4.999970e-03 5.000000e-01 5.000000e-01 1.515015e+00 -0.993262 0.002100 0.009941 0.969181 0.009941 0.002100 0.993262 -0.002110 -0.009974 -0.969095 -0.009974 -0.002110 0.000000 
5.000000e-01 5.000000e-01 4.999970e-03 5.000000e-01 5.000000e-01 1.515015e+00 -0.993262 0.002100 0.009941 0.969181 0.009941 0.002100 0.993262 -0.002110 -0.009974 -0.969095 -0.009974 -0.002110 0.000000 
5.000000e-01 5.000000e-01 4.999970e-03 5.000000e-01 5.000000e-01 1.515015e+00 -0.993262 0.002100 0.009941 0.969181 0.009941 0.002100 0.993262 -0.002110 -0.009974 -0.969095 -0.009974 -0.002110 0.000000 
5.000000e-01 5.000000e-01 4.999970e-03 5.000000e-01 5.000000e-01 1.515015e+00 -0.993262 0.002100 0.009941 0.969181 0.009941 0.002100 0.993262 -0.002110 -0.009974 -0.969095 -0.009974 -0.002110 0.000000 
5.000000e-01 5.000000e-01 4.999970e-03 5.000000e-01 5.000000e-01 1.515015e+00 -0.993262 0.002100 0.009941 0.969181 0.009941 0.002100 0.993262 -0.002110 -0.009974 -0.969095 -0.009974 -0.002110 0.000000 
5.000000e-01 5.000000e-01 4.999970e-03 5.000000e-01 5.000000e-01 1.515015e+00 -0.993262 0.002100 0.009941 0.969181 0.009941 0.002100 0.993262 -0.002110 -0.009974 -0.969095 -0.009974 -0.002110 0.000000 
5.000000e-01 5.000000e-01 4.999970e-03 5.000000e-01 5.000000e-01 1.515015e+00 -0.993262 0.002100 0.009941 0.969181 0.009941 0.002100 0.993262 -0.002110 -0.009974 -0.969095 -0.009974 -0.002110 0.000000 
5.000000e-01 5.000000e-01 4.999970e-03 5.000000e-01 5.000000e-01 1.515015e+00 -0.993262 0.002100 0.009941 0.969181 0.009941 0.002100 0.993262 -0.002110 -0.009974 -0.969095 -0.009974 -0.002110 0.000000 
5.000000e-01 5.000000e-01 4.999970e-03 5.000000e-01 5.000000e-01 1.515015e+00 -0.993262 0.002100 0.009941 0.969181 0.009941 0.002100 0.993262 -0.002110 -0.009974 -0.969095 -0.009974 -0.002110 0.000000 
5.000000e-01 5.000000e-01 4.999970e-03 5.000000e-01 5.000000e-01 1.515015e+00 -0.993262 0.002100 0.009941 0.969181 0.009941 0.002100 0.993262 -0.002110 -0.009974 -0.969095 -0.009974 -0.002110 0.000000 
5.000000e-01 5.000000e-01 4.999970e-03 5.000000e-01 5.000000e-01 1.515015e+00 -0.993262 0.002100 0.009941 0.969181 0.009941 0.002100 0.993262 -0.002110 -0.009974 -0.969095 -0.009974 -0.002110 0.000000 
5.000000e-01 5.000000e-01 4.999970e-03 5.000000e-01 5.000000e-01 1.515015e+00 -0.993262 0.002100 0.009941 0.969181 0.009941 0.002100 0.993262 -0.002110 -0.009974 -0.969095 -0.009974 -0.002110 0.000000 
5.000000e-01 5.000000e-01 4.999970e-03 5.000000e-01 5.000000e-01 1.515015e+00 -0.993262 0.002100 0.009941 0.969181 0.009941 0.002100 0.993262 -0.002110 -0.009974 -0.969095 -0.009974 -0.002110 0.000000 
5.000000e-01 5.000000e-01 4.999970e-03 5.000000e-01 5.000000e-01 1.515015e+00 -0.993262 0.002100 0.009941 0.969181 0.009941 0.002100 0.993262 -0.002110 -0.009974 -0.969095 -0.009974 -0.002110 0.000000 
5.000000e-01 5.000000e-01 4.999970e-03 5.000000e-01 5.000000e-01 1.515015e+00 -0.993262 0.002100 0.009941 0.969181 0.009941 0.002100 0.993262 -0.002110 -0.009974 -0.969095 -0.009974 -0.002110 0.000000 
5.000000e-01 5.000000e-01 4.999970e-03 5.000000e-01 5.000000e-01 1.515015e+00 -0.993262 0.002100 0.009941 0.969181 0.009941 0.002100 0.993262 -0.002110 -0.009974 -0.969095 -0.009974 -0.002110 0.000000 
5.000000e-01 5.000000e-01 4.999970e-03 5.000000e-01 5.000000e-01 1.515015e+00 -0.993262 0.002100 0.009941 0.969181 0.009941 0.002100 0.993262 -0.002110 -0.009974 -0.969095 -0.009974 -0.002110 0.000000 
5.000000e-01 5.000000e-01 4.999970e-03 5.000000e-01 5.000000e-01 1.515015e+00 -0.993262 0.002100 0.009941 0.969181 0.009941 0.002100 0.993262 -0.002110 -0.009974 -0.969095 -0.009974 -0.002110 0.000000 
5.000000e-01 5.000000e-01 4.999970e-03 5.000000e-01 5.000000e-01 1.515015e+00 -0.993262 0.002100 0.009941 0.969181 0.009941 0.002100 0.993262 -0.002110 -0.009974 -0.969095 -0.009974 -0.002110 0.000000 
5.000000e-01 5.000000e-01 4.999970e-03 5.000000e-01 5.000000e-01 1.515015e+00 -0.993262 0.002100 0.009941 0.969181 0.009941 0.002100 0.993262 -0.002110 -0.009974 -0.969095 -0.009974 -0.002110 0.000000 
5.000000e-01 5.000000e-01 4.999970e-03 5.000000e-01 5.000000e-01 1.515015e+00 -0.993262 0.002100 0.009941 0.969181 0.009941 0.002100 0.993262 -0.002110 -0.009974 -0.969095 -0.009974 -0.002110 0.000000 
5.000000e-01 5.000000e-01 4.999970e-03 5.000000e-01 5.000000e-01 1.515015e+00 -0.993262 0.002100 0.009941 0.969181 0.009941 0.002100 0.993262 -0.002110 -0.009974 -0.969095 -0.009974 -0.002110 0.000000 
5.000000e-01 5.000000e-01 4.999970e-03 5.000000e-01 5.000000e-01 1.515015e+00 -0.993262 0.002100 0.009941 0.969181 0.009941 0.002100 0.993262 -0.002110 -0.009974 -0.969095 -0.009974 -0.002110 0.000000 
5.000000e-01 5.000000e-01 4.999970e-03 5.000000e-01 5.000000e-01 1.515015e+00 -0.993262 0.002100 0.009941 0.969181 0.009941 0.002100 0.993262 -0.002110 -0.009974 -0.969095 -0.009974 -0.002110 0.000000 
5.000000e-01 5.000000e-01 4.999970e-03 5.000000e-01 5.000000e-01 1.515015e+00 -0.993262 0.002100 0.009941 0.969181 0.009941 0.002100 0.993262 -0.002110 -0.009974 -0.969095 -0.009974 -0.002110 0.000000 
5.000000e-01 5.000000e-01 4.999970e-03 5.000000e-01 5.000000e-01 1.515015e+00 -0.993262 0.002100 0.009941 0.969181 0.009941 0.002100 0.993262 -0.002110 -0.009974 -0.969095 -0.009974 -0.002110 0.000000 
5.000000e-01 5.000000e-01 4.999970e-03 5.000000e-01 5.000000e-01 1.515015e+00 -0.993262 0.002100 0.009941 0.969181 0.009941 0.002100 0.993262 -0.002110 -0.009974 -0.969095 -0.009974 -0.002110 0.000000 
5.000000e-01 5.000000e-01 4.999970e-03 5.000000e-01 5.000000e-01 1.515015e+00 -0.993262 0.002100 0.009941 0.969181 0.009941 0.002100 0.993262 -0.002110 -0.009974 -0.969095 -0.009974 -0.002110 0.000000 
5.000000e-01 5.000000e-01 4.999970e-03 5.000000e-01 5.000000e-01 1.515015e+00 -0.993262 0.002100 0.009941 0.969181 0.009941 0.002100 0.993262 -0.002110 -0.009974 -0.969095 -0.009974 -0.002110 0.000000 
5.000000e-01 5.000000e-01 4.999970e-03 5.000000e-01 5.000000e-01 1.515015e+00 -0.993262 0.002100 0.009941 0.969181 0.009941 0.002100 0.993262 -0.002110 -0.009974 -0.969095 -0.009974 -0.002110 0.000000 
5.000000e-01 5.000000e-01 4.999970e-03 5.000000e-01 5.000000e-01 1.515015e+00 -0.993262 0.002100 0.009941 0.969181 0.009941 0.002100 0.993262 -0.002110 -0.009974 -0.969095 -0.009974 -0.002110 0.000000 
5.000000e-01 5.000000e-01 4.999970e-03 5.000000e-01 5.000000e-01 1.515015e+00 -0.993262 0.002100 0.009941 0.969181 0.009941 0.002100 0.993262 -0.002110 -0.009974 -0.969095 -0.009974 -0.002110 0.000000 
5.000000e-01 5.000000e-01 4.999970e-03 5.000000e-01 5.000000e-01 1.515015e+00 -0.993262 0.002100 0.009941 0.969181 0.009941 0.002100 0.993262 -0.002110 -0.009974 -0.969095 -0.009974 -0.002110 0.000000 
5.000000e-01 5.000000e-01 4.999970e-03 5.000000e-01 5.000000e-01 1.515015e+00 -0.993262 0.002100 0.009941 0.969181 0.009941 0.002100 0.993262 -0.002110 -0.009974 -0.969095 -0.009974 -0.002110 0.000000 
5.000000e-01 5.000000e-01 4.999970e-03 5.000000e-01 5.000000e-01 1.515015e+00 -0.993262 0.002100 0.009941 0.969181 0.009941 0.002100 0.993262 -0.002110 -0.009974 -0.969095 -0.009974 -0.002110 0.000000 
5.000000e-01 5.000000e-01 4.999970e-03 5.000000e-01 5.000000e-01 1.515015e+00 -0.993262 0.002100 0.009941 0.969181 0.009941 0.002100 0.993262 -0.002110 -0.009974 -0.969095 -0.009974 -0.002110 0.000000 
5.000000e-01 5.000000e-01 4.999970e-03 5.000000e-01 5.000000e-01 1.515015e+00 -0.993262 0.002100 0.009941 0.969181 0.009941 0.002100 0.993262 -0.002110 -0.009974 -0.969095 -0.009974 -0.002110 0.000000 
5.000000e-01 5.000000e-01 4.999970e-03 5.000000e-01 5.000000e-01 1.515015e+00 -0.993262 0.002100 0.009941 0.969181 0.009941 0.002100 0.993262 -0.002110 -0.009974 -0.969095 -0.009974 -0.002110 0.000000 
5.000000e-01 5.000000e-01 4.999970e-03 5.000000e-01 5.000000e-01 1.515015e+00 -0.993262 0.002100 0.009941 0.969181 0.009941 0.002100 0.993262 -0.002110 -0.009974 -0.969095 -0.009974 -0.002110 0.000000 
5.000000e-01 5.000000e-01 4.999970e-03 5.000000e-01 5.000000e-01 1.515015e+00 -0.993262 0.002100 0.009941 0.969181 0.009941 0.002100 0.993262 -0.002110 -0.009974 -0.969095 -0.009974 -0.002110 0.000000 
5.000000e-01 5.000000e-01 4.999970e-03 5.000000e-01 5.000000e-01 1.515015e+00 -0.993262 0.002100 0.009941 0.969181 0.009941 0.002100 0.993262 -0.002110 -0.009974 -0.969095 -0.009974 -0.002110 0.000000 
5.000000e-01 5.000000e-01 4.999970e-03 5.000000e-01 5.000000e-01 1.515015e+00 -0.993262 0.002100 0.009941 0.969181 0.009941 0.002100 0.993262 -0.002110 -0.009974 -0.969095 -0.009974 -0.002110 0.000000 
5.000000e-01 5.000000e-01 4.999970e-03 5.000000e-01 5.000000e-01 1.515015e+00 -0.993262 0.002100 0.009941 0.969181 0.009941 0.002100 0.993262 -0.002110 -0.009974 -0.969095 -0.009974 -0.002110 0.000000 
5.000000e-01 5.000000e-01 4.999970e-03 5.000000e-01 5.000000e-01 1.515015e+00 -0.993262 0.002100 0.009941 0.969181 0.009941 0.002100 0.993262 -0.002110 -0.009974 -0.969095 -0.009974 -0.002110 0.000000 
5.000000e-01 5.000000e-01 4.999970e-03 5.000000e-01 5.000000e-01 1.515015e+00 -0.993262 0.002100 0.009941 0.969181 0.009941 0.002100 0.993262 -0.002110 -0.009974 -0.969095 -0.009974 -0.002110 0.000000 
5.000000e-01 5.000000e-01 4.999970e-03 5.000000e-01 5.000000e-01 1.515015e+00 -0.993262 0.002100 0.009941 0.969181 0.009941 0.002100 0.993262 -0.002110 -0.009974 -0.969095 -0.009974 -0.002110 0.000000 
5.000000e-01 5.000000e-01 4.999970e-03 5.000000e-01 5.000000e-01 1.515015e+00 -0.993262 0.002100 0.009941 0.969181 0.009941 0.002100 0.993262 -0.002110 -0.009974 -0.969095 -0.009974 -0.002110 0.000000 
5.000000e-01 5.000000e-01 4.999970e-03 5.000000e-01 5.000000e-01 1.515015e+00 -0.993262 0.002100 0.009941 0.969181 0.009941 0.002100 0.993262 -0.002110 -0.009974 -0.969095 -0.009974 -0.002110 0.000000 
5.000000e-01 5.000000e-01 4.999970e-03 5.000000e-01 5.000000e-01 1.515015e+00 -0.993262 0.002100 0.009941 0.969181 0.009941 0.002100 0.993262 -0.002110 -0.009974 -0.969095 -0.009974 -0.002110 0.000000 
5.000000e-01 5.000000e-01 4.999970e-03 5.000000e-01 5.000000e-01 1.515015e+00 -0.993262 0.002100 0.009941 0.969181 0.009941 0.002100 0.993262 -0.002110 -0.009974 -0.969095 -0.009974 -0.002110 0.000000 
5.000000e-01 5.000000e-01 4.999970e-03 5.000000e-01 5.000000e-01 1.515015e+00 -0.993262 0.002100 0.009941 0.969181 0.009941 0.002100 0.993262 -0.002110 -0.009974 -0.969095 -0.009974 -0.002110 0.000000 
5.000000e-01 5.000000e-01 4.999970e-03 5.000000e-01 5.000000e-01 1.515015e+00 -0.993262 0.002100 0.009941 0.969181 0.009941 0.002100 0.993262 -0.002110 -0.009974 -0.969095 -0.009974 -0.002110 0.000000 
5.000000e-01 5.000000e-01 4.999970e-03 5.000000e-01 5.000000e-01 1.515015e+00 -0.993262 0.002100 0.009941 0.969181 0.009941 0.002100 0.993262 -0.002110 -0.009974 -0.969095 -0.009974 -0.002110 0.000000 
5.000000e-01 5.000000e-01 4.999970e-03 5.000000e-01 5.000000e-01 1.515015e+00 -0.993262 0.002100 0.009941 0.969181 0.009941 0.002100 0.993262 -0.002110 -0.009974 -0.969095 -0.009974 -0.002110 0.000000 
5.000000e-01 5.000000e-01 4.999970e-03 5.000000e-01 5.000000e-01 1.515015e+00 -0.993262 0.002100 0.009941 0.969181 0.009941 0.002100 0.993262 -0.002110 -0.009974 -0.969095 -0.009974 -0.002110 0.000000 
5.000000e-01 5.000000e-01 4.999970e-03 5.000000e-01 5.000000e-01 1.515015e+00 -0.993262 0.002100 0.009941 0.969181 0.009941 0.002100 0.993262 -0.002110 -0.009974 -0.969095 -0.009974 -0.002110 0.000000 
5.000000e-01 5.000000e-01 4.999970e-03 5.000000e-01 5.000000e-01 1.515015e+00 -0.993262 0.002100 0.009941 0.969181 0.009941 0.002100 0.993262 -0.002110 -0.009974 -0.969095 -0.009974 -0.002110 0.000000 
5.000000e-01 5.000000e-01 4.999970e-03 5.000000e-01 5.000000e-01 1.515015e+00 -0.993262 0.002100 0.009941 0.969181 0.009941 0.002100 0.993262 -0.002110 -0.009974 -0.969095 -0.009974 -0.002110 0.000000 
5.000000e-01 5.000000e-01 4.999970e-03 5.000000e-01 5.000000e-01 1.515015e+00 -0.993262 0.002100 0.009941 0.969181 0.009941 0.002100 0.993262 -0.002110 -0.009974 -0.969095 -0.009974 -0.002110 0.000000 
5.000000e-01 5.000000e-01 4.999970e-03 5.000000e-01 5.000000e-01 1.515015e+00 -0.993262 0.002100 0.009941 0.969181 0.009941 0.002100 0.993262 -0.002110 -0.009974 -0.969095 -0.009974 -0.002110 0.000000 
5.000000e-01 5.000000e-01 4.999970e-03 5.000000e-01 5.000000e-01 1.515015e+00 -0.993262 0.002100 0.009941 0.969181 0.009941 0.002100 0.993262 -0.002110 -0.009974 -0.969095 -0.009974 -0.002110 0.000000 
5.000000e-01 5.000000e-01 4.999970e-03 5.000000e-01 5.000000e-01 1.515015e+00 -0.993262 0.002100 0.009941 0.969181 0.009941 0.002100 0.993262 -0.002110 -0.009974 -0.969095 -0.009974 -0.002110 0.000000 
5.000000e-01 5.000000e-01 4.999970e-03 5.000000e-01 5.000000e-01 1.515015e+00 -0.993262 0.002100 0.009941 0.969181 0.009941 0.002100 0.993262 -0.002110 -0.009974 -0.969095 -0.009974 -0.002110 0.000000 
5.000000e-01 5.000000e-01 4.999970e-03 5.000000e-01 5.000000e-01 1.515015e+00 -0.993262 0.002100 0.009941 0.969181 0.009941 0.002100 0.993262 -0.002110 -0.009974 -0.969095 -0.009974 -0.002110 0.000000 
5.000000e-01 5.000000e-01 4.999970e-03 5.000000e-01 5.000000e-01 1.515015e+00 -0.993262 0.002100 0.009941 0.969181 0.009941 0.002100 0.993262 -0.002110 -0.009974 -0.969095 -0.009974 -0.002110 0.000000 
5.000000e-01 5.000000e-01 4.999970e-03 5.000000e-01 5.000000e-01 1.515015e+00 -0.993262 0.002100 0.009941 0.969181 0.009941 0.002100 0.993262 -0.002110 -0.009974 -0.969095 -0.009974 -0.002110 0.000000 
5.000000e-01 5.000000e-01 4.999970e-03 5.000000e-01 5.000000e-01 1.515015e+00 -0.993262 0.002100 0.009941 0.969181 0.009941 0.002100 0.993262 -0.002110 -0.009974 -0.969095 -0.009974 -0.002110 0.000000 
5.000000e-01 5.000000e-01 4.999970e-03 5.000000e-01 5.000000e-01 1.515015e+00 -0.993262 0.002100 0.009941 0.969181 0.009941 0.002100 0.993262 -0.002110 -0.009974 -0.969095 -0.009974 -0.002110 0.000000 
5.000000e-01 5.000000e-01 4.999970e-03 5.000000e-01 5.000000e-01 1.515015e+00 -0.993262 0.002100 0.009941 0.969181 0.009941 0.002100 0.993262 -0.002110 -0.009974 -0.969095 -0.009974 -0.002110 0.000000 
5.000000e-01 5.000000e-01 4.999970e-03 5.000000e-01 5.000000e-01 1.515015e+00 -0.993262 0.002100 0.009941 0.969181 0.009941 0.002100 0.993262 -0.002110 -0.009974 -0.969095 -0.009974 -0.002110 0.000000 
5.000000e-01 5.000000e-01 4.999970e-03 5.000000e-01 5.000000e-01 1.515015e+00 -0.993262 0.002100 0.009941 0.969181 0.009941 0.002100 0.993262 -0.002110 -0.009974 -0.969095 -0.009974 -0.002110 0.000000 
5.000000e-01 5.000000e-01 4.999970e-03 5.000000e-01 5.000000e-01 1.515015e+00 -0.993262 0.002100 0.009941 0.969181 0.009941 0.002100 0.993262 -0.002110 -0.009974 -0.969095 -0.009974 -0.002110 0.000000 
5.000000e-01 5.000000e-01 4.999970e-03 5.000000e-01 5.000000e-01 1.515015e+00 -0.993262 0.002100 0.009941 0.969181 0.009941 0.002100 0.993262 -0.002110 -0.009974 -0.969095 -0.009974 -0.002110 0.000000 
5.000000e-01 5.000000e-01 4.999970e-03 5.000000e-01 5.000000e-01 1.515015e+00 -0.993262 0.002100 0.009941 0.969181 0.009941 0.002100 0.993262 -0.002110 -0.009974 -0.969095 -0.009974 -0.002110 0.000000 
5.000000e-01 5.000000e-01 4.999970e-03 5.000000e-01 5.000000e-01 1.515015e+00 -0.993262 0.002100 0.009941 0.969181 0.009941 0.002100 0.993262 -0.002110 -0.009974 -0.969095 -0.009974 -0.002110 0.000000 
5.000000e-01 5.000000e-01 4.999970e-03 5.000000e-01 5.000000e-01 1.515015e+00 -0.993262 0.002100 0.009941 0.969181 0.009941 0.002100 0.993262 -0.002110 -0.009974 -0.969095 -0.009974 -0.002110 0.000000 
5.000000e-01 5.000000e-01 4.999970e-03 5.000000e-01 5.000000e-01 1.515015e+00 -0.993262 0.002100 0.009941 0.969181 0.009941 0.002100 0.993262 -0.002110 -0.009974 -0.969095 -0.009974 -0.002110 0.000000 
5.000000e-01 5.000000e-01 4.999970e-03 5.000000e-01 5.000000e-01 1.515015e+00 -0.993262 0.002100 0.009941 0.969181 0.009941 0.002100 0.993262 -0.002110 -0.009974 -0.969095 -0.009974 -0.002110 0.000000 
5.000000e-01 5.000000e-01 4.999970e-03 5.000000e-01 5.000000e-01 1.515015e+00 -0.993262 0.002100 0.009941 0.969181 0.009941 0.002100 0.993262 -0.002110 -0.009974 -0.969095 -0.009974 -0.002110 0.000000 
5.000000e-01 5.000000e-01 4.999970e-03 5.000000e-01 5.000000e-01 1.515015e+00 -0.993262 0.002100 0.009941 0.969181 0.009941 0.002100 0.993262 -0.002110 -0.009974 -0.969095 -0.009974 -0.002110 0.000000 
5.000000e-01 5.000000e-01 4.999970e-03 5.000000e-01 5.000000e-01 1.515015e+00 -0.993262 0.002100 0.009941 0.969181 0.009941 0.002100 0.993262 -0.002110 -0.009974 -0.969095 -0.009974 -0.002110 0.000000 
5.000000e-01 5.000000e-01 4.999970e-03 5.000000e-01 5.000000e-01 1.515015e+00 -0.993262 0.002100 0.009941 0.969181 0.009941 0.002100 0.993262 -0.002110 -0.009974 -0.969095 -0.009974 -0.002110 0.000000 
5.000000e-01 5.000000e-01 4.999970e-03 5.000000e-01 5.000000e-01 1.515015e+00 -0.993262 0.002100 0.009941 0.969181 0.009941 0.002100 0.993262 -0.002110 -0.009974 -0.969095 -0.009974 -0.002110 0.000000 
5.000000e-01 5.000000e-01 4.999970e-03 5.000000e-01 5.000000e-01 1.515015e+00 -0.993262 0.002100 0.009941 0.969181 0.009941 0.002100 0.993262 -0.002110 -0.009974 -0.969095 -0.009974 -0.002110 0.000000 
5.000000e-01 5.000000e-01 4.999970e-03 5.000000e-01 5.000000e-01 1.515015e+00 -0.993262 0.002100 0.009941 0.969181 0.009941 0.002100 0.993262 -0.002110 -0.009974 -0.969095 -0.009974 -0.002110 0.000000 
5.000000e-01 5.000000e-01 4.999970e-03 5.000000e-01 5.000000e-01 1.515015e+00 -0.993262 0.002100 0.009941 0.969181 0.009941 0.002100 0.993262 -0.002110 -0.009974 -0.969095 -0.009974 -0.002110 0.000000 
5.000000e-01 5.000000e-01 4.999970e-03 5.000000e-01 5.000000e-01 1.515015e+00 -0.993262 0.002100 0.009941 0.969181 0.009941 0.002100 0.993262 -0.002110 -0.009974 -0.969095 -0.009974 -0.002110 0.000000 
5.000000e-01 5.000000e-01 4.999970e-03 5.000000e-01 5.000000e-01 1.515015e+00 -0.993262 0.002100 0.009941 0.969181 0.009941 0.002100 0.993262 -0.002110 -0.009974 -0.969095 -0.009974 -0.002110 0.000000 
5.000000e-01 5.000000e-01 4.999970e-03 5.000000e-01 5.000000e-01 1.515015e+00 -0.993262 0.002100 0.009941 0.969181 0.009941 0.002100 0.993262 -0.002110 -0.009974 -0.969095 -0.009974 -0.002110 0.000000 
5.000000e-01 5.000000e-01 4.999970e-03 5.000000e-01 5.000000e-01 1.515015e+00 -0.993262 0.002100 0.009941 0.969181 0.009941 0.002100 0.993262 -0.002110 -0.009974 -0.969095 -0.009974 -0.002110 0.000000 
5.000000e-01 5.000000e-01 4.999970e-03 5.000000e-01 5.000000e-01 1.515015e+00 -0.993262 0.002100 0.009941 0.969181 0.009941 0.002100 0.993262 -0.002110 -0.009974 -0.969095 -0.009974 -0.002110 0.000000 
5.000000e-01 5.000000e-01 4.999970e-03 5.000000e-01 5.000000e-01 1.515015e+00 -0.993262 0.002100 0.009941 0.969181 0.009941 0.002100 0.993262 -0.002110 -0.009974 -0.969095 -0.009974 -0.002110 0.000000 
5.000000e-01 5.000000e-01 4.999970e-03 5.000000e-01 5.000000e-01 1.515015e+00 -0.993262 0.002100 0.009941 0.969181 0.009941 0.002100 0.993262 -0.002110 -0.009974 -0.969095 -0.009974 -0.002110 0.000000 
5.000000e-01 5.000000e-01 4.999970e-03 5.000000e-01 5.000000e-01 1.515015e+00 -0.993262 0.002100 0.009941 0.969181 0.009941 0.002100 0.993262 -0.002110 -0.009974 -0.969095 -0.009974 -0.002110 0.000000 
5.000000e-01 5.000000e-01 4.999970e-03 5.000000e-01 5.000000e-01 1.515015e+00 -0.993262 0.002100 0.009941 0.969181 0.009941 0.002100 0.993262 -0.002110 -0.009974 -0.969095 -0.009974 -0.002110 0.000000 
5.000000e-01 5.000000e-01 4.999970e-03 5.000000e-01 5.000000e-01 1.515015e+00 -0.993262 0.002100 0.009941 0.969181 0.009941 0.002100 0.993262 -0.002110 -0.009974 -0.969095 -0.009974 -0.002110 0.000000 
5.000000e-01 5.000000e-01 4.999970e-03 5.000000e-01 5.000000e-01 1.515015e+00 -0.993262 0.002100 0.009941 0.969181 0.009941 0.002100 0.993262 -0.002110 -0.009974 -0.969095 -0.009974 -0.002110 0.000000 
5.000000e-01 5.000000e-01 4.999970e-03 5.000000e-01 5.000000e-01 1.515015e+00 -0.993262 0.002100 0.009941 0.969181 0.009941 0.002100 0.993262 -0.002110 -0.009974 -0.969095 -0.009974 -0.002110 0.000000 
5.000000e-01 5.000000e-01 4.999970e-03 5.000000e-01 5.000000e-01 1.515015e+00 -0.993262 0.002100 0.009941 0.969181 0.009941 0.002100 0.993262 -0.002110 -0.009974 -0.969095 -0.009974 -0.002110 0.000000 
5.000000e-01 5.000000e-01 4.999970e-03 5.000000e-01 5.000000e-01 1.515015e+00 -0.993262 0.002100 0.009941 0.969181 0.009941 0.002100 0.993262 -0.002110 -0.009974 -0.969095 -0.009974 -0.002110 0.000000 
5.000000e-01 5.000000e-01 4.999970e-03 5.000000e-01 5.000000e-01 1.515015e+00 -0.993262 0.002100 0.009941 0.969181 0.009941 0.002100 0.993262 -0.002110 -0.009974 -0.969095 -0.009974 -0.002110 0.000000 
5.000000e-01 5.000000e-01 4.999970e-03 5.000000e-01 5.000000e-01 1.515015e+00 -0.993262 0.002100 0.009941 0.969181 0.009941 0.002100 0.993262 -0.002110 -0.009974 -0.969095 -0.009974 -0.002110 0.000000 
5.000000e-01 5.000000e-01 4.999970e-03 5.000000e-01 5.000000e-01 1.515015e+00 -0.993262 0.002100 0.009941 0.969181 0.009941 0.002100 0.993262 -0.002110 -0.009974 -0.969095 -0.009974 -0.002110 0.000000 
5.000000e-01 5.000000e-01 4.999970e-03 5.000000e-01 5.000000e-01 1.515015e+00 -0.993262 0.002100 0.009941 0.969181 0.009941 0.002100 0.993262 -0.002110 -0.009974 -0.969095 -0.009974 -0.002110 0.000000 
5.000000e-01 5.000000e-01 4.999970e-03 5.000000e-01 5.000000e-01 1.515015e+00 -0.993262 0.002100 0.009941 0.969181 0.009941 0.002100 0.993262 -0.002110 -0.009974 -0.969095 -0.009974 -0.002110 0.000000 
5.000000e-01 5.000000e-01 4.999970e-03 5.000000e-01 5.000000e-01 1.515015e+00 -0.993262 0.002100 0.009941 0.969181 0.009941 0.002100 0.993262 -0.002110 -0.009974 -0.969095 -0.009974 -0.002110 0.000000 
5.000000e-01 5.000000e-01 4.999970e-03 5.000000e-01 5.000000e-01 1.515015e+00 -0.993262 0.002100 0.009941 0.969181 0.009941 0.002100 0.993262 -0.002110 -0.009974 -0.969095 -0.009974 -0.002110 0.000000 
5.000000e-01 5.000000e-01 4.999970e-03 5.000000e-01 5.000000e-01 1.515015e+00 -0.993262 0.002100 0.009941 0.969181 0.009941 0.002100 0.993262 -0.002110 -0.009974 -0.969095 -0.009974 -0.002110 0.000000 
5.000000e-01 5.000000e-01 4.999970e-03 5.000000e-01 5.000000e-01 1.515015e+00 -0.993262 0.002100 0.009941 0.969181 0.009941 0.002100 0.993262 -0.002110 -0.009974 -0.969095 -0.009974 -0.002110 0.000000 
5.000000e-01 5.000000e-01 4.999970e-03 5.000000e-01 5.000000e-01 1.515015e+00 -0.993262 0.002100 0.009941 0.969181 0.009941 0.002100 0.993262 -0.002110 -0.009974 -0.969095 -0.009974 -0.002110 0.000000 
5.000000e-01 5.000000e-01 4.999970e-03 5.000000e-01 5.000000e-01 1.515015e+00 -0.993262 0.002100 0.009941 0.969181 0.009941 0.002100 0.993262 -0.002110 -0.009974 -0.969095 -0.009974 -0.002110 0.000000 
5.000000e-01 5.000000e-01 4.999970e-03 5.000000e-01 5.000000e-01 1.515015e+00 -0.993262 0.002100 0.009941 0.969181 0.009941 0.002100 0.993262 -0.002110 -0.009974 -0.969095 -0.009974 -0.002110 0.000000 
5.000000e-01 5.000000e-01 4.999970e-03 5.000000e-01 5.000000e-01 1.515015e+00 -0.993262 0.002100 0.009941 0.969181 0.009941 0.002100 0.993262 -0.002110 -0.009974 -0.969095 -0.009974 -0.002110 0.000000 
5.000000e-01 5.000000e-01 4.999970e-03 5.000000e-01 5.000000e-01 1.515015e+00 -0.993262 0.002100 0.009941 0.969181 0.009941 0.002100 0.993262 -0.002110 -0.009974 -0.969095 -0.009974 -0.002110 0.000000 
5.000000e-01 5.000000e-01 4.999970e-03 5.000000e-01 5.000000e-01 1.515015e+00 -0.993262 0.002100 0.009941 0.969181 0.009941 0.002100 0.993262 -0.002110 -0.009974 -0.969095 -0.009974 -0.002110 0.000000 
5.000000e-01 5.000000e-01 4.999970e-03 5.000000e-01 5.000000e-01 1.515015e+00 -0.993262 0.002100 0.009941 0.969181 0.009941 0.002100 0.993262 -0.002110 -0.009974 -0.969095 -0.009974 -0.002110 0.000000 
5.000000e-01 5.000000e-01 4.999970e-03 5.000000e-01 5.000000e-01 1.515015e+00 -0.993262 0.002100 0.009941 0.969181 0.009941 0.002100 0.993262 -0.002110 -0.009974 -0.969095 -0.009974 -0.002110 0.000000 
5.000000e-01 5.000000e-01 4.999970e-03 5.000000e-01 5.000000e-01 1.515015e+00 -0.993262 0.002100 0.009941 0.969181 0.009941 0.002100 0.993262 -0.002110 -0.009974 -0.969095 -0.009974 -0.002110 0.000000 
5.000000e-01 5.000000e-01 4.999970e-03 5.000000e-01 5.000000e-01 1.515015e+00 -0.993262 0.002100 0.009941 0.969181 0.009941 0.002100 0.993262 -0.002110 -0.009974 -0.969095 -0.009974 -0.002110 0.000000 
5.000000e-01 5.000000e-01 4.999970e-03 5.000000e-01 5.000000e-01 1.515015e+00 -0.993262 0.002100 0.009941 0.969181 0.009941 0.002100 0.993262 -0.002110 -0.009974 -0.969095 -0.009974 -0.002110 0.000000 
5.000000e-01 5.000000e-01 4.999970e-03 5.000000e-01 5.000000e-01 1.515015e+00 -0.993262 0.002100 0.009941 0.969181 0.009941 0.002100 0.993262 -0.002110 -0.009974 -0.969095 -0.009974 -0.002110 0.000000 
5.000000e-01 5.000000e-01 4.999970e-03 5.000000e-01 5.000000e-01 1.515015e+00 -0.993262 0.002100 0.009941 0.969181 0.009941 0.002100 0.993262 -0.002110 -0.009974 -0.969095 -0.009974 -0.002110 0.000000 
5.000000e-01 5.000000e-01 4.999970e-03 5.000000e-01 5.000000e-01 1.515015e+00 -0.993262 0.002100 0.009941 0.969181 0.009941 0.002100 0.993262 -0.002110 -0.009974 -0.969095 -0.009974 -0.002110 0.000000 
5.000000e-01 5.000000e-01 4.999970e-03 5.000000e-01 5.000000e-01 1.515015e+00 -0.993262 0.002100 0.009941 0.969181 0.009941 0.002100 0.993262 -0.002110 -0.009974 -0.969095 -0.009974 -0.002110 0.000000 
5.000000e-01 5.000000e-01 4.999970e-03 5.000000e-01 5.000000e-01 1.515015e+00 -0.993262 0.002100 0.009941 0.969181 0.009941 0.002100 0.993262 -0.002110 -0.009974 -0.969095 -0.009974 -0.002110 0.000000 
5.000000e-01 5.000000e-01 4.999970e-03 5.000000e-01 5.000000e-01 1.515015e+00 -0.993262 0.002100 0.009941 0.969181 0.009941 0.002100 0.993262 -0.002110 -0.009974 -0.969095 -0.009974 -0.002110 0.000000 
5.000000e-01 5.000000e-01 4.999970e-03 5.000000e-01 5.000000e-01 1.515015e+00 -0.993262 0.002100 0.009941 0.969181 0.009941 0.002100 0.993262 -0.002110 -0.009974 -0.969095 -0.009974 -0.002110 0.000000 
5.000000e-01 5.000000e-01 4.999970e-03 5.000000e-01 5.000000e-01 1.515015e+00 -0.993262 0.002100 0.009941 0.969181 0.009941 0.002100 0.993262 -0.002110 -0.009974 -0.969095 -0.009974 -0.002110 0.000000 
5.000000e-01 5.000000e-01 4.999970e-03 5.000000e-01 5.000000e-01 1.515015e+00 -0.993262 0.002100 0.009941 0.969181 0.009941 0.002100 0.993262 -0.002110 -0.009974 -0.969095 -0.009974 -0.002110 0.000000 
5.000000e-01 5.000000e-01 4.999970e-03 5.000000e-01 5.000000e-01 1.515015e+00 -0.993262 0.002100 0.009941 0.969181 0.009941 0.002100 0.993262 -0.002110 -0.009974 -0.969095 -0.009974 -0.002110 0.000000 
5.000000e-01 5.000000e-01 4.999970e-03 5.000000e-01 5.000000e-01 1.515015e+00 -0.993262 0.002100 0.009941 0.969181 0.009941 0.002100 0.993262 -0.002110 -0.009974 -0.969095 -0.009974 -0.002110 0.000000 
5.000000e-01 5.000000e-01 4.999970e-03 5.000000e-01 5.000000e-01 1.515015e+00 -0.993262 0.002100 0.009941 0.969181 0.009941 0.002100 0.993262 -0.002110 -0.009974 -0.969095 -0.009974 -0.002110 0.000000 
5.000000e-01 5.000000e-01 4.999970e-03 5.000000e-01 5.000000e-01 1.515015e+00 -0.993262 0.002100 0.009941 0.969181 0.009941 0.002100 0.993262 -0.002110 -0.009974 -0.969095 -0.009974 -0.002110 0.000000 
5.000000e-01 5.000000e-01 4.999970e-03 5.000000e-01 5.000000e-01 1.515015e+00 -0.993262 0.002100 0.009941 0.969181 0.009941 0.002100 0.993262 -0.002110 -0.009974 -0.969095 -0.009974 -0.002110 0.000000 
