# TeX TeY TeZ ThX ThY THZ P1 P2
5.000000e-01 5.000000e-01 7.600000e-01 5.000000e-01 5.000000e-01 7.600000e-01 0.000000 0.000000 0.000000 0.000000 0.000000 0.000000 0.000000 0.000000 0.000000 0.000000 0.000000 0.000000 0.000000 
5.000000e-01 5.000000e-01 7.485360e-01 5.000000e-01 5.000000e-01 7.683940e-01 -0.013036 0.002088 0.002850 0.003160 0.002850 0.002088 0.013036 -0.002083 -0.002851 -0.003168 -0.002851 -0.002083 0.000000 
5.000000e-01 5.000000e-01 7.370280e-01 5.000000e-01 5.000000e-01 7.767738e-01 -0.026091 0.004184 0.005702 0.006319 0.005702 0.004184 0.026091 -0.004161 -0.005709 -0.006351 -0.005709 -0.004161 0.000000 
5.000000e-01 5.000000e-01 7.254765e-01 5.000000e-01 5.000000e-01 7.851395e-01 -0.039166 0.006286 0.008558 0.009478 0.008558 0.006286 0.039166 -0.006234 -0.008573 -0.009551 -0.008573 -0.006234 0.000000 
5.000000e-01 5.000000e-01 7.138817e-01 5.000000e-01 5.000000e-01 7.934907e-01 -0.052259 0.008394 0.011416 0.012638 0.011416 0.008394 0.052259 -0.008301 -0.011444 -0.012770 -0.011444 -0.008301 0.000000 
5.000000e-01 5.000000e-01 7.022441e-01 5.000000e-01 5.000000e-01 8.018275e-01 -0.065371 0.010507 0.014279 0.015800 0.014279 0.010507 0.065371 -0.010359 -0.014322 -0.016010 -0.014322 -0.010359 0.000000 
5.000000e-01 5.000000e-01 6.905640e-01 5.000000e-01 5.000000e-01 8.101496e-01 -0.078502 0.012624 0.017144 0.018965 0.017144 0.012624 0.078502 -0.012406 -0.017208 -0.019273 -0.017208 -0.012406 0.000000 
5.000000e-01 5.000000e-01 6.788418e-01 5.000000e-01 5.000000e-01 8.184570e-01 -0.091650 0.014742 0.020014 0.022137 0.020014 0.014742 0.091650 -0.014441 -0.020102 -0.022563 -0.020102 -0.014441 0.000000 
5.000000e-01 5.000000e-01 6.670779e-01 5.000000e-01 5.000000e-01 8.267493e-01 -0.104816 0.016862 0.022888 0.025314 0.022888 0.016862 0.104816 -0.016461 -0.023005 -0.025883 -0.023005 -0.016461 0.000000 
5.000000e-01 5.000000e-01 6.552727e-01 5.000000e-01 5.000000e-01 8.350266e-01 -0.117999 0.018983 0.025766 0.028500 0.025766 0.018983 0.117999 -0.018465 -0.025916 -0.029236 -0.025916 -0.018465 0.000000 
5.000000e-01 5.000000e-01 6.434264e-01 5.000000e-01 5.000000e-01 8.432887e-01 -0.131199 0.021104 0.028648 0.031693 0.028648 0.021104 0.131199 -0.020451 -0.028837 -0.032623 -0.028837 -0.020451 0.000000 
5.000000e-01 5.000000e-01 6.315395e-01 5.000000e-01 5.000000e-01 8.515353e-01 -0.144415 0.023225 0.031535 0.034896 0.031535 0.023225 0.144415 -0.022415 -0.031767 -0.036049 -0.031767 -0.022415 0.000000 
5.000000e-01 5.000000e-01 6.196124e-01 5.000000e-01 5.000000e-01 8.597664e-01 -0.157648 0.025343 0.034426 0.038110 0.034426 0.025343 0.157648 -0.024357 -0.034708 -0.039518 -0.034708 -0.024357 0.000000 
5.000000e-01 5.000000e-01 6.076453e-01 5.000000e-01 5.000000e-01 8.679818e-01 -0.170896 0.027457 0.037322 0.041339 0.037322 0.027457 0.170896 -0.026270 -0.037660 -0.043038 -0.037660 -0.026270 0.000000 
5.000000e-01 5.000000e-01 5.956385e-01 5.000000e-01 5.000000e-01 8.761813e-01 -0.184160 0.029567 0.040223 0.044581 0.040223 0.029567 0.184160 -0.028154 -0.040622 -0.046609 -0.040622 -0.028154 0.000000 
5.000000e-01 5.000000e-01 5.835926e-01 5.000000e-01 5.000000e-01 8.843648e-01 -0.197439 0.031672 0.043129 0.047837 0.043129 0.031672 0.197439 -0.030006 -0.043596 -0.050235 -0.043596 -0.030006 0.000000 
5.000000e-01 5.000000e-01 5.715077e-01 5.000000e-01 5.000000e-01 8.925321e-01 -0.210733 0.033772 0.046040 0.051109 0.046040 0.033772 0.210733 -0.031823 -0.046582 -0.053923 -0.046582 -0.031823 0.000000 
5.000000e-01 5.000000e-01 5.593842e-01 5.000000e-01 5.000000e-01 9.006830e-01 -0.224042 0.035866 0.048956 0.054398 0.048956 0.035866 0.224042 -0.033600 -0.049581 -0.057680 -0.049581 -0.033600 0.000000 
5.000000e-01 5.000000e-01 5.472225e-01 5.000000e-01 5.000000e-01 9.088174e-01 -0.237365 0.037951 0.051878 0.057707 0.051878 0.037951 0.237365 -0.035331 -0.052593 -0.061517 -0.052593 -0.035331 0.000000 
5.000000e-01 5.000000e-01 5.350229e-01 5.000000e-01 5.000000e-01 9.169350e-01 -0.250701 0.040026 0.054805 0.061038 0.054805 0.040026 0.250701 -0.037015 -0.055618 -0.065434 -0.055618 -0.037015 0.000000 
5.000000e-01 5.000000e-01 5.227856e-01 5.000000e-01 5.000000e-01 9.250358e-01 -0.264051 0.042092 0.057738 0.064390 0.057738 0.042092 0.264051 -0.038649 -0.058657 -0.069439 -0.058657 -0.038649 0.000000 
5.000000e-01 5.000000e-01 5.105111e-01 5.000000e-01 5.000000e-01 9.331195e-01 -0.277415 0.044149 0.060677 0.067764 0.060677 0.044149 0.277415 -0.040228 -0.061709 -0.073540 -0.061709 -0.040228 0.000000 
5.000000e-01 5.000000e-01 4.981997e-01 5.000000e-01 5.000000e-01 9.411860e-01 -0.290791 0.046195 0.063621 0.071160 0.063621 0.046195 0.290791 -0.041740 -0.064777 -0.077759 -0.064777 -0.041740 0.000000 
5.000000e-01 5.000000e-01 4.858515e-01 5.000000e-01 5.000000e-01 9.492350e-01 -0.304180 0.048227 0.066571 0.074584 0.066571 0.048227 0.304180 -0.043183 -0.067858 -0.082098 -0.067858 -0.043183 0.000000 
5.000000e-01 5.000000e-01 4.734671e-01 5.000000e-01 5.000000e-01 9.572665e-01 -0.317580 0.050243 0.069527 0.078040 0.069527 0.050243 0.317580 -0.044556 -0.070953 -0.086564 -0.070953 -0.044556 0.000000 
5.000000e-01 5.000000e-01 4.610466e-01 5.000000e-01 5.000000e-01 9.652801e-01 -0.330993 0.052246 0.072489 0.081523 0.072489 0.052246 0.330993 -0.045851 -0.074061 -0.091169 -0.074061 -0.045851 0.000000 
5.000000e-01 5.000000e-01 4.485904e-01 5.000000e-01 5.000000e-01 9.732757e-01 -0.344417 0.054234 0.075457 0.085035 0.075457 0.054234 0.344417 -0.047055 -0.077183 -0.095942 -0.077183 -0.047055 0.000000 
5.000000e-01 5.000000e-01 4.360987e-01 5.000000e-01 5.000000e-01 9.812532e-01 -0.357853 0.056206 0.078431 0.088578 0.078431 0.056206 0.357853 -0.048162 -0.080316 -0.100897 -0.080316 -0.048162 0.000000 
5.000000e-01 5.000000e-01 4.235720e-01 5.000000e-01 5.000000e-01 9.892123e-01 -0.371299 0.058160 0.081411 0.092156 0.081411 0.058160 0.371299 -0.049170 -0.083460 -0.106039 -0.083460 -0.049170 0.000000 
5.000000e-01 5.000000e-01 4.110103e-01 5.000000e-01 5.000000e-01 9.971527e-01 -0.384756 0.060091 0.084398 0.095777 0.084398 0.060091 0.384756 -0.050073 -0.086611 -0.111387 -0.086611 -0.050073 0.000000 
5.000000e-01 5.000000e-01 3.984142e-01 5.000000e-01 5.000000e-01 1.005074e+00 -0.398223 0.062004 0.087391 0.099434 0.087391 0.062004 0.398223 -0.050850 -0.089768 -0.116987 -0.089768 -0.050850 0.000000 
5.000000e-01 5.000000e-01 3.857838e-01 5.000000e-01 5.000000e-01 1.012977e+00 -0.411699 0.063897 0.090389 0.103128 0.090389 0.063897 0.411699 -0.051496 -0.092926 -0.122857 -0.092926 -0.051496 0.000000 
5.000000e-01 5.000000e-01 3.731194e-01 5.000000e-01 5.000000e-01 1.020861e+00 -0.425186 0.065769 0.093393 0.106862 0.093393 0.065769 0.425186 -0.052008 -0.096081 -0.129009 -0.096081 -0.052008 0.000000 
5.000000e-01 5.000000e-01 3.604214e-01 5.000000e-01 5.000000e-01 1.028725e+00 -0.438681 0.067614 0.096403 0.110646 0.096403 0.067614 0.438681 -0.052378 -0.099226 -0.135471 -0.099226 -0.052378 0.000000 
5.000000e-01 5.000000e-01 3.476899e-01 5.000000e-01 5.000000e-01 1.036569e+00 -0.452185 0.069432 0.099420 0.114481 0.099420 0.069432 0.452185 -0.052574 -0.102353 -0.142332 -0.102353 -0.052574 0.000000 
5.000000e-01 5.000000e-01 3.349253e-01 5.000000e-01 5.000000e-01 1.044394e+00 -0.465698 0.071226 0.102441 0.118363 0.102441 0.071226 0.465698 -0.052600 -0.105452 -0.149594 -0.105452 -0.052600 0.000000 
5.000000e-01 5.000000e-01 3.221278e-01 5.000000e-01 5.000000e-01 1.052198e+00 -0.479219 0.072995 0.105468 0.122293 0.105468 0.072995 0.479219 -0.052452 -0.108512 -0.157291 -0.108512 -0.052452 0.000000 
5.000000e-01 5.000000e-01 3.092977e-01 5.000000e-01 5.000000e-01 1.059982e+00 -0.492748 0.074738 0.108499 0.126273 0.108499 0.074738 0.492748 -0.052108 -0.111518 -0.165495 -0.111518 -0.052108 0.000000 
5.000000e-01 5.000000e-01 2.964352e-01 5.000000e-01 5.000000e-01 1.067746e+00 -0.506284 0.076441 0.111537 0.130328 0.111537 0.076441 0.506284 -0.051540 -0.114442 -0.174321 -0.114442 -0.051540 0.000000 
5.000000e-01 5.000000e-01 2.835407e-01 5.000000e-01 5.000000e-01 1.075489e+00 -0.519828 0.078115 0.114578 0.134440 0.114578 0.078115 0.519828 -0.050759 -0.117270 -0.183769 -0.117270 -0.050759 0.000000 
5.000000e-01 5.000000e-01 2.706143e-01 5.000000e-01 5.000000e-01 1.083211e+00 -0.533378 0.079760 0.117624 0.138611 0.117624 0.079760 0.533378 -0.049756 -0.119977 -0.193913 -0.119977 -0.049756 0.000000 
5.000000e-01 5.000000e-01 2.576563e-01 5.000000e-01 5.000000e-01 1.090911e+00 -0.546936 0.081373 0.120673 0.142843 0.120673 0.081373 0.546936 -0.048483 -0.122503 -0.204964 -0.122503 -0.048483 0.000000 
5.000000e-01 5.000000e-01 2.446669e-01 5.000000e-01 5.000000e-01 1.098591e+00 -0.560499 0.082945 0.123725 0.147158 0.123725 0.082945 0.560499 -0.046951 -0.124820 -0.216957 -0.124820 -0.046951 0.000000 
5.000000e-01 5.000000e-01 2.316463e-01 5.000000e-01 5.000000e-01 1.106248e+00 -0.574069 0.084477 0.126780 0.151554 0.126780 0.084477 0.574069 -0.045160 -0.126884 -0.229980 -0.126884 -0.045160 0.000000 
5.000000e-01 5.000000e-01 2.185947e-01 5.000000e-01 5.000000e-01 1.113883e+00 -0.587645 0.085974 0.129837 0.156022 0.129837 0.085974 0.587645 -0.043076 -0.128605 -0.244284 -0.128605 -0.043076 0.000000 
5.000000e-01 5.000000e-01 2.055123e-01 5.000000e-01 5.000000e-01 1.121497e+00 -0.601227 0.087436 0.132895 0.160565 0.132895 0.087436 0.601227 -0.040682 -0.129888 -0.260087 -0.129888 -0.040682 0.000000 
5.000000e-01 5.000000e-01 1.923992e-01 5.000000e-01 5.000000e-01 1.129087e+00 -0.614814 0.088854 0.135953 0.165200 0.135953 0.088854 0.614814 -0.037997 -0.130679 -0.277462 -0.130679 -0.037997 0.000000 
5.000000e-01 5.000000e-01 1.792553e-01 5.000000e-01 5.000000e-01 1.136655e+00 -0.628408 0.090221 0.139010 0.169946 0.139010 0.090221 0.628408 -0.035001 -0.130839 -0.296727 -0.130839 -0.035001 0.000000 
5.000000e-01 5.000000e-01 1.660808e-01 5.000000e-01 5.000000e-01 1.144200e+00 -0.642008 0.091548 0.142066 0.174781 0.142066 0.091548 0.642008 -0.031659 -0.130140 -0.318411 -0.130140 -0.031659 0.000000 
5.000000e-01 5.000000e-01 1.528754e-01 5.000000e-01 5.000000e-01 1.151721e+00 -0.655616 0.092835 0.145119 0.179708 0.145119 0.092835 0.655616 -0.028010 -0.128516 -0.342564 -0.128516 -0.028010 0.000000 
5.000000e-01 5.000000e-01 1.396388e-01 5.000000e-01 5.000000e-01 1.159219e+00 -0.669232 0.094074 0.148169 0.184747 0.148169 0.094074 0.669232 -0.024047 -0.125756 -0.369627 -0.125756 -0.024047 0.000000 
5.000000e-01 5.000000e-01 1.263705e-01 5.000000e-01 5.000000e-01 1.166693e+00 -0.682860 0.095254 0.151212 0.189928 0.151212 0.095254 0.682860 -0.019726 -0.121399 -0.400610 -0.121399 -0.019726 0.000000 
5.000000e-01 5.000000e-01 1.130695e-01 5.000000e-01 5.000000e-01 1.174143e+00 -0.696501 0.096391 0.154249 0.195220 0.154249 0.096391 0.696501 -0.015105 -0.115391 -0.435509 -0.115391 -0.015105 0.000000 
5.000000e-01 5.000000e-01 9.973466e-02 5.000000e-01 5.000000e-01 1.181569e+00 -0.710159 0.097486 0.157280 0.200627 0.157280 0.097486 0.710159 -0.010185 -0.107415 -0.474958 -0.107415 -0.010185 0.000000 
5.000000e-01 5.000000e-01 8.636422e-02 5.000000e-01 5.000000e-01 1.188969e+00 -0.723842 0.098527 0.160303 0.206182 0.160303 0.098527 0.723842 -0.004935 -0.096733 -0.520506 -0.096733 -0.004935 0.000000 
5.000000e-01 5.000000e-01 7.295606e-02 5.000000e-01 5.000000e-01 1.196345e+00 -0.737555 0.099507 0.163313 0.211915 0.163313 0.099507 0.737555 0.000583 -0.083415 -0.571892 -0.083415 0.000583 0.000000 
5.000000e-01 5.000000e-01 5.950781e-02 5.000000e-01 5.000000e-01 1.203695e+00 -0.751306 0.100444 0.166315 0.217788 0.166315 0.100444 0.751305 0.006360 -0.067112 -0.629800 -0.067112 0.006360 0.000000 
5.000000e-01 5.000000e-01 4.601741e-02 5.000000e-01 5.000000e-01 1.211020e+00 -0.765106 0.101340 0.169308 0.223809 0.169308 0.101340 0.765106 0.012400 -0.047220 -0.695466 -0.047220 0.012400 0.000000 
5.000000e-01 5.000000e-01 3.248389e-02 5.000000e-01 5.000000e-01 1.218318e+00 -0.778955 0.102174 0.172283 0.230041 0.172283 0.102174 0.778955 0.018638 -0.024338 -0.767554 -0.024338 0.018638 0.000000 
5.000000e-01 5.000000e-01 1.890869e-02 5.000000e-01 5.000000e-01 1.225591e+00 -0.792851 0.102950 0.175236 0.236478 0.175236 0.102950 0.792851 0.025044 0.001282 -0.845502 0.001282 0.025044 0.000000 
5.000000e-01 5.000000e-01 5.298795e-03 5.000000e-01 5.000000e-01 1.232836e+00 -0.806782 0.103680 0.178168 0.243087 0.178168 0.103680 0.806782 0.031567 0.028874 -0.927663 0.028874 0.031567 0.000000 
5.000000e-01 5.000000e-01 4.999635e-03 5.000000e-01 5.000000e-01 1.240055e+00 -0.811721 0.102721 0.179163 0.247952 0.179163 0.102721 0.811721 0.030871 0.028508 -0.930481 0.028508 0.030871 0.000000 
5.000000e-01 5.000000e-01 4.999635e-03 5.000000e-01 5.000000e-01 1.247246e+00 -0.816440 0.101630 0.180053 0.253074 0.180053 0.101630 0.816440 0.030016 0.027507 -0.931487 0.027507 0.030016 0.000000 
5.000000e-01 5.000000e-01 4.999635e-03 5.000000e-01 5.000000e-01 1.254410e+00 -0.821141 0.100479 0.180895 0.258393 0.180895 0.100479 0.821140 0.029164 0.026510 -0.932490 0.026510 0.029164 0.000000 
5.000000e-01 5.000000e-01 4.999635e-03 5.000000e-01 5.000000e-01 1.261546e+00 -0.825823 0.099269 0.181688 0.263908 0.181688 0.099269 0.825823 0.028316 0.025517 -0.933489 0.025517 0.028316 0.000000 
5.000000e-01 5.000000e-01 4.999635e-03 5.000000e-01 5.000000e-01 1.268653e+00 -0.830487 0.097982 0.182411 0.269702 0.182411 0.097982 0.830487 0.027470 0.024528 -0.934483 0.024528 0.027470 0.000000 
5.000000e-01 5.000000e-01 4.999635e-03 5.000000e-01 5.000000e-01 1.275732e+00 -0.835132 0.096610 0.183048 0.275814 0.183048 0.096610 0.835132 0.026628 0.023543 -0.935473 0.023543 0.026628 0.000000 
5.000000e-01 5.000000e-01 4.999635e-03 5.000000e-01 5.000000e-01 1.282782e+00 -0.839758 0.095179 0.183617 0.282165 0.183617 0.095179 0.839758 0.025789 0.022562 -0.936459 0.022562 0.025789 0.000000 
5.000000e-01 5.000000e-01 4.999635e-03 5.000000e-01 5.000000e-01 1.289802e+00 -0.844364 0.093687 0.184111 0.288769 0.184111 0.093687 0.844364 0.024953 0.021585 -0.937440 0.021585 0.024953 0.000000 
5.000000e-01 5.000000e-01 4.999635e-03 5.000000e-01 5.000000e-01 1.296792e+00 -0.848951 0.092089 0.184466 0.295841 0.184466 0.092089 0.848951 0.024121 0.020612 -0.938417 0.020612 0.024121 0.000000 
5.000000e-01 5.000000e-01 4.999635e-03 5.000000e-01 5.000000e-01 1.303753e+00 -0.853519 0.090432 0.184727 0.303201 0.184727 0.090432 0.853519 0.023292 0.019644 -0.939390 0.019644 0.023292 0.000000 
5.000000e-01 5.000000e-01 4.999635e-03 5.000000e-01 5.000000e-01 1.310682e+00 -0.858066 0.088716 0.184892 0.310850 0.184892 0.088716 0.858066 0.022466 0.018680 -0.940358 0.018680 0.022466 0.000000 
5.000000e-01 5.000000e-01 4.999635e-03 5.000000e-01 5.000000e-01 1.317581e+00 -0.862594 0.086902 0.184882 0.319026 0.184882 0.086902 0.862594 0.021644 0.017720 -0.941322 0.017720 0.021644 0.000000 
5.000000e-01 5.000000e-01 4.999635e-03 5.000000e-01 5.000000e-01 1.324449e+00 -0.867101 0.085018 0.184726 0.327612 0.184726 0.085018 0.867101 0.020826 0.016764 -0.942282 0.016764 0.020826 0.000000 
5.000000e-01 5.000000e-01 4.999635e-03 5.000000e-01 5.000000e-01 1.331285e+00 -0.871587 0.083078 0.184443 0.336544 0.184443 0.083078 0.871587 0.020011 0.015813 -0.943236 0.015813 0.020011 0.000000 
5.000000e-01 5.000000e-01 4.999635e-03 5.000000e-01 5.000000e-01 1.338088e+00 -0.876053 0.081049 0.183949 0.346055 0.183949 0.081049 0.876053 0.019200 0.014867 -0.944187 0.014867 0.019200 0.000000 
5.000000e-01 5.000000e-01 4.999635e-03 5.000000e-01 5.000000e-01 1.344860e+00 -0.880497 0.078943 0.183240 0.356131 0.183240 0.078943 0.880497 0.018393 0.013924 -0.945132 0.013924 0.018393 0.000000 
5.000000e-01 5.000000e-01 4.999635e-03 5.000000e-01 5.000000e-01 1.351598e+00 -0.884921 0.076785 0.182366 0.366620 0.182366 0.076785 0.884921 0.017589 0.012987 -0.946073 0.012987 0.017589 0.000000 
5.000000e-01 5.000000e-01 4.999635e-03 5.000000e-01 5.000000e-01 1.358303e+00 -0.889323 0.074545 0.181228 0.377777 0.181228 0.074545 0.889323 0.016790 0.012054 -0.947010 0.012054 0.016790 0.000000 
5.000000e-01 5.000000e-01 4.999635e-03 5.000000e-01 5.000000e-01 1.364974e+00 -0.893704 0.072227 0.179795 0.389661 0.179795 0.072227 0.893704 0.015994 0.011125 -0.947941 0.011125 0.015994 0.000000 
5.000000e-01 5.000000e-01 4.999635e-03 5.000000e-01 5.000000e-01 1.371612e+00 -0.898064 0.069861 0.178153 0.402034 0.178153 0.069861 0.898064 0.015201 0.010201 -0.948868 0.010201 0.015201 0.000000 
5.000000e-01 5.000000e-01 4.999635e-03 5.000000e-01 5.000000e-01 1.378215e+00 -0.902402 0.067419 0.176169 0.415225 0.176169 0.067419 0.902401 0.014413 0.009281 -0.949791 0.009281 0.014413 0.000000 
5.000000e-01 5.000000e-01 4.999635e-03 5.000000e-01 5.000000e-01 1.384783e+00 -0.906718 0.064905 0.173808 0.429292 0.173808 0.064905 0.906718 0.013629 0.008367 -0.950709 0.008367 0.013629 0.000000 
5.000000e-01 5.000000e-01 4.999635e-03 5.000000e-01 5.000000e-01 1.391316e+00 -0.911013 0.062350 0.171194 0.443925 0.171194 0.062350 0.911013 0.012848 0.007456 -0.951621 0.007456 0.012848 0.000000 
5.000000e-01 5.000000e-01 4.999635e-03 5.000000e-01 5.000000e-01 1.397813e+00 -0.915286 0.059719 0.168111 0.459627 0.168111 0.059719 0.915286 0.012071 0.006551 -0.952530 0.006551 0.012071 0.000000 
5.000000e-01 5.000000e-01 4.999635e-03 5.000000e-01 5.000000e-01 1.404275e+00 -0.919538 0.057029 0.164592 0.476296 0.164592 0.057029 0.919538 0.011298 0.005650 -0.953434 0.005650 0.011298 0.000000 
5.000000e-01 5.000000e-01 4.999635e-03 5.000000e-01 5.000000e-01 1.410700e+00 -0.923768 0.054307 0.160777 0.493600 0.160777 0.054307 0.923768 0.010529 0.004753 -0.954333 0.004753 0.010529 0.000000 
5.000000e-01 5.000000e-01 4.999635e-03 5.000000e-01 5.000000e-01 1.417089e+00 -0.927978 0.051506 0.156301 0.512365 0.156301 0.051506 0.927978 0.009764 0.003861 -0.955227 0.003861 0.009764 0.000000 
5.000000e-01 5.000000e-01 4.999635e-03 5.000000e-01 5.000000e-01 1.423442e+00 -0.932167 0.048666 0.151386 0.532062 0.151386 0.048666 0.932167 0.009002 0.002973 -0.956118 0.002973 0.009002 0.000000 
5.000000e-01 5.000000e-01 4.999635e-03 5.000000e-01 5.000000e-01 1.429757e+00 -0.936334 0.045798 0.146110 0.552519 0.146110 0.045798 0.936334 0.008245 0.002090 -0.957003 0.002090 0.008245 0.000000 
5.000000e-01 5.000000e-01 4.999635e-03 5.000000e-01 5.000000e-01 1.436035e+00 -0.940483 0.042855 0.139965 0.574844 0.139965 0.042855 0.940483 0.007490 0.001211 -0.957885 0.001211 0.007490 0.000000 
5.000000e-01 5.000000e-01 4.999635e-03 5.000000e-01 5.000000e-01 1.442275e+00 -0.944612 0.039893 0.133451 0.597924 0.133451 0.039893 0.944612 0.006739 0.000336 -0.958762 0.000336 0.006739 0.000000 
5.000000e-01 5.000000e-01 4.999635e-03 5.000000e-01 5.000000e-01 1.448478e+00 -0.948721 0.036894 0.126336 0.622262 0.126336 0.036894 0.948720 0.005992 -0.000535 -0.959635 -0.000535 0.005992 0.000000 
5.000000e-01 5.000000e-01 4.999635e-03 5.000000e-01 5.000000e-01 1.454644e+00 -0.952812 0.033850 0.118462 0.648188 0.118462 0.033850 0.952812 0.005248 -0.001402 -0.960504 -0.001402 0.005248 0.000000 
5.000000e-01 5.000000e-01 4.999635e-03 5.000000e-01 5.000000e-01 1.460771e+00 -0.956883 0.030797 0.110237 0.674815 0.110237 0.030797 0.956883 0.004508 -0.002265 -0.961369 -0.002265 0.004508 0.000000 
5.000000e-01 5.000000e-01 4.999635e-03 5.000000e-01 5.000000e-01 1.466860e+00 -0.960939 0.027697 0.101115 0.703313 0.101115 0.027697 0.960939 0.003770 -0.003124 -0.962231 -0.003124 0.003770 0.000000 
5.000000e-01 5.000000e-01 4.999635e-03 5.000000e-01 5.000000e-01 1.472911e+00 -0.964975 0.024586 0.091537 0.732728 0.091537 0.024586 0.964975 0.003036 -0.003979 -0.963088 -0.003979 0.003036 0.000000 
5.000000e-01 5.000000e-01 4.999635e-03 5.000000e-01 5.000000e-01 1.478923e+00 -0.968992 0.021461 0.081470 0.763129 0.081470 0.021461 0.968992 0.002305 -0.004831 -0.963941 -0.004831 0.002305 0.000000 
5.000000e-01 5.000000e-01 4.999635e-03 5.000000e-01 5.000000e-01 1.484895e+00 -0.972994 0.018311 0.070664 0.795043 0.070664 0.018311 0.972993 0.001577 -0.005678 -0.964791 -0.005678 0.001577 0.000000 
5.000000e-01 5.000000e-01 4.999635e-03 5.000000e-01 5.000000e-01 1.490828e+00 -0.976972 0.015166 0.059638 0.827365 0.059638 0.015166 0.976972 0.000854 -0.006522 -0.965636 -0.006522 0.000854 0.000000 
5.000000e-01 5.000000e-01 4.999635e-03 5.000000e-01 5.000000e-01 1.496720e+00 -0.980934 0.012005 0.047976 0.860973 0.047976 0.012005 0.980934 0.000133 -0.007361 -0.966478 -0.007361 0.000133 0.000000 
5.000000e-01 5.000000e-01 4.999635e-03 5.000000e-01 5.000000e-01 1.502571e+00 -0.984872 0.008853 0.036130 0.894905 0.036130 0.008853 0.984872 -0.000583 -0.008196 -0.967314 -0.008196 -0.000583 0.000000 
5.000000e-01 5.000000e-01 4.999635e-03 5.000000e-01 5.000000e-01 1.508379e+00 -0.988786 0.005708 0.024036 0.929299 0.024036 0.005708 0.988786 -0.001295 -0.009025 -0.968146 -0.009025 -0.001295 0.000000 
5.000000e-01 5.000000e-01 4.999635e-03 5.000000e-01 5.000000e-01 1.514165e+00 -0.992689 0.002562 0.011757 0.964050 0.011757 0.002562 0.992689 -0.002005 -0.009852 -0.968975 -0.009852 -0.002005 0.000000 
5.000000e-01 5.000000e-01 4.999635e-03 5.000000e-01 5.000000e-01 1.515005e+00 -0.993256 0.002105 0.009961 0.969125 0.009961 0.002105 0.993256 -0.002108 -0.009972 -0.969095 -0.009972 -0.002108 0.000000 
5.000000e-01 5.000000e-01 4.999635e-03 5.000000e-01 5.000000e-01 1.515005e+00 -0.993256 0.002105 0.009961 0.969125 0.009961 0.002105 0.993256 -0.002108 -0.009972 -0.969095 -0.009972 -0.002108 0.000000 
5.000000e-01 5.000000e-01 4.999635e-03 5.000000e-01 5.000000e-01 1.515005e+00 -0.993256 0.002105 0.009961 0.969125 0.009961 0.002105 0.993256 -0.002108 -0.009972 -0.969095 -0.009972 -0.002108 0.000000 
5.000000e-01 5.000000e-01 4.999635e-03 5.000000e-01 5.000000e-01 1.515005e+00 -0.993256 0.002105 0.009961 0.969125 0.009961 0.002105 0.993256 -0.002108 -0.009972 -0.969095 -0.009972 -0.002108 0.000000 
5.000000e-01 5.000000e-01 4.999635e-03 5.000000e-01 5.000000e-01 1.515005e+00 -0.993256 0.002105 0.009961 0.969125 0.009961 0.002105 0.993256 -0.002108 -0.009972 -0.969095 -0.009972 -0.002108 0.000000 
5.000000e-01 5.000000e-01 4.999635e-03 5.000000e-01 5.000000e-01 1.515005e+00 -0.993256 0.002105 0.009961 0.969125 0.009961 0.002105 0.993256 -0.002108 -0.009972 -0.969095 -0.009972 -0.002108 0.000000 
5.000000e-01 5.000000e-01 4.999635e-03 5.000000e-01 5.000000e-01 1.515005e+00 -0.993256 0.002105 0.009961 0.969125 0.009961 0.002105 0.993256 -0.002108 -0.009972 -0.969095 -0.009972 -0.002108 0.000000 
5.000000e-01 5.000000e-01 4.999635e-03 5.000000e-01 5.000000e-01 1.515005e+00 -0.993256 0.002105 0.009961 0.969125 0.009961 0.002105 0.993256 -0.002108 -0.009972 -0.969095 -0.009972 -0.002108 0.000000 
5.000000e-01 5.000000e-01 4.999635e-03 5.000000e-01 5.000000e-01 1.515005e+00 -0.993256 0.002105 0.009961 0.969125 0.009961 0.002105 0.993256 -0.002108 -0.009972 -0.969095 -0.009972 -0.002108 0.000000 
5.000000e-01 5.000000e-01 4.999635e-03 5.000000e-01 5.000000e-01 1.515005e+00 -0.993256 0.002105 0.009961 0.969125 0.009961 0.002105 0.993256 -0.002108 -0.009972 -0.969095 -0.009972 -0.002108 0.000000 
5.000000e-01 5.000000e-01 4.999635e-03 5.000000e-01 5.000000e-01 1.515005e+00 -0.993256 0.002105 0.009961 0.969125 0.009961 0.002105 0.993256 -0.002108 -0.009972 -0.969095 -0.009972 -0.002108 0.000000 
5.000000e-01 5.000000e-01 4.999635e-03 5.000000e-01 5.000000e-01 1.515005e+00 -0.993256 0.002105 0.009961 0.969125 0.009961 0.002105 0.993256 -0.002108 -0.009972 -0.969095 -0.009972 -0.002108 0.000000 
5.000000e-01 5.000000e-01 4.999635e-03 5.000000e-01 5.000000e-01 1.515005e+00 -0.993256 0.002105 0.009961 0.969125 0.009961 0.002105 0.993256 -0.002108 -0.009972 -0.969095 -0.009972 -0.002108 0.000000 
5.000000e-01 5.000000e-01 4.999635e-03 5.000000e-01 5.000000e-01 1.515005e+00 -0.993256 0.002105 0.009961 0.969125 0.009961 0.002105 0.993256 -0.002108 -0.009972 -0.969095 -0.009972 -0.002108 0.000000 
5.000000e-01 5.000000e-01 4.999635e-03 5.000000e-01 5.000000e-01 1.515005e+00 -0.993256 0.002105 0.009961 0.969125 0.009961 0.002105 0.993256 -0.002108 -0.009972 -0.969095 -0.009972 -0.002108 0.000000 
5.000000e-01 5.000000e-01 4.999635e-03 5.000000e-01 5.000000e-01 1.515005e+00 -0.993256 0.002105 0.009961 0.969125 0.009961 0.002105 0.993256 -0.002108 -0.009972 -0.969095 -0.009972 -0.002108 0.000000 
5.000000e-01 5.000000e-01 4.999635e-03 5.000000e-01 5.000000e-01 1.515005e+00 -0.993256 0.002105 0.009961 0.969125 0.009961 0.002105 0.993256 -0.002108 -0.009972 -0.969095 -0.009972 -0.002108 0.000000 
5.000000e-01 5.000000e-01 4.999635e-03 5.000000e-01 5.000000e-01 1.515005e+00 -0.993256 0.002105 0.009961 0.969125 0.009961 0.002105 0.993256 -0.002108 -0.009972 -0.969095 -0.009972 -0.002108 0.000000 
5.000000e-01 5.000000e-01 4.999635e-03 5.000000e-01 5.000000e-01 1.515005e+00 -0.993256 0.002105 0.009961 0.969125 0.009961 0.002105 0.993256 -0.002108 -0.009972 -0.969095 -0.009972 -0.002108 0.000000 
5.000000e-01 5.000000e-01 4.999635e-03 5.000000e-01 5.000000e-01 1.515005e+00 -0.993256 0.002105 0.009961 0.969125 0.009961 0.002105 0.993256 -0.002108 -0.009972 -0.969095 -0.009972 -0.002108 0.000000 
5.000000e-01 5.000000e-01 4.999635e-03 5.000000e-01 5.000000e-01 1.515005e+00 -0.993256 0.002105 0.009961 0.969125 0.009961 0.002105 0.993256 -0.002108 -0.009972 -0.969095 -0.009972 -0.002108 0.000000 
5.000000e-01 5.000000e-01 4.999635e-03 5.000000e-01 5.000000e-01 1.515005e+00 -0.993256 0.002105 0.009961 0.969125 0.009961 0.002105 0.993256 -0.002108 -0.009972 -0.969095 -0.009972 -0.002108 0.000000 
5.000000e-01 5.000000e-01 4.999635e-03 5.000000e-01 5.000000e-01 1.515005e+00 -0.993256 0.002105 0.009961 0.969125 0.009961 0.002105 0.993256 -0.002108 -0.009972 -0.969095 -0.009972 -0.002108 0.000000 
5.000000e-01 5.000000e-01 4.999635e-03 5.000000e-01 5.000000e-01 1.515005e+00 -0.993256 0.002105 0.009961 0.969125 0.009961 0.002105 0.993256 -0.002108 -0.009972 -0.969095 -0.009972 -0.002108 0.000000 
5.000000e-01 5.000000e-01 4.999635e-03 5.000000e-01 5.000000e-01 1.515005e+00 -0.993256 0.002105 0.009961 0.969125 0.009961 0.002105 0.993256 -0.002108 -0.009972 -0.969095 -0.009972 -0.002108 0.000000 
5.000000e-01 5.000000e-01 4.999635e-03 5.000000e-01 5.000000e-01 1.515005e+00 -0.993256 0.002105 0.009961 0.969125 0.009961 0.002105 0.993256 -0.002108 -0.009972 -0.969095 -0.009972 -0.002108 0.000000 
5.000000e-01 5.000000e-01 4.999635e-03 5.000000e-01 5.000000e-01 1.515005e+00 -0.993256 0.002105 0.009961 0.969125 0.009961 0.002105 0.993256 -0.002108 -0.009972 -0.969095 -0.009972 -0.002108 0.000000 
5.000000e-01 5.000000e-01 4.999635e-03 5.000000e-01 5.000000e-01 1.515005e+00 -0.993256 0.002105 0.009961 0.969125 0.009961 0.002105 0.993256 -0.002108 -0.009972 -0.969095 -0.009972 -0.002108 0.000000 
5.000000e-01 5.000000e-01 4.999635e-03 5.000000e-01 5.000000e-01 1.515005e+00 -0.993256 0.002105 0.009961 0.969125 0.009961 0.002105 0.993256 -0.002108 -0.009972 -0.969095 -0.009972 -0.002108 0.000000 
5.000000e-01 5.000000e-01 4.999635e-03 5.000000e-01 5.000000e-01 1.515005e+00 -0.993256 0.002105 0.009961 0.969125 0.009961 0.002105 0.993256 -0.002108 -0.009972 -0.969095 -0.009972 -0.002108 0.000000 
5.000000e-01 5.000000e-01 4.999635e-03 5.000000e-01 5.000000e-01 1.515005e+00 -0.993256 0.002105 0.009961 0.969125 0.009961 0.002105 0.993256 -0.002108 -0.009972 -0.969095 -0.009972 -0.002108 0.000000 
5.000000e-01 5.000000e-01 4.999635e-03 5.000000e-01 5.000000e-01 1.515005e+00 -0.993256 0.002105 0.009961 0.969125 0.009961 0.002105 0.993256 -0.002108 -0.009972 -0.969095 -0.009972 -0.002108 0.000000 
5.000000e-01 5.000000e-01 4.999635e-03 5.000000e-01 5.000000e-01 1.515005e+00 -0.993256 0.002105 0.009961 0.969125 0.009961 0.002105 0.993256 -0.002108 -0.009972 -0.969095 -0.009972 -0.002108 0.000000 
5.000000e-01 5.000000e-01 4.999635e-03 5.000000e-01 5.000000e-01 1.515005e+00 -0.993256 0.002105 0.009961 0.969125 0.009961 0.002105 0.993256 -0.002108 -0.009972 -0.969095 -0.009972 -0.002108 0.000000 
5.000000e-01 5.000000e-01 4.999635e-03 5.000000e-01 5.000000e-01 1.515005e+00 -0.993256 0.002105 0.009961 0.969125 0.009961 0.002105 0.993256 -0.002108 -0.009972 -0.969095 -0.009972 -0.002108 0.000000 
5.000000e-01 5.000000e-01 4.999635e-03 5.000000e-01 5.000000e-01 1.515005e+00 -0.993256 0.002105 0.009961 0.969125 0.009961 0.002105 0.993256 -0.002108 -0.009972 -0.969095 -0.009972 -0.002108 0.000000 
5.000000e-01 5.000000e-01 4.999635e-03 5.000000e-01 5.000000e-01 1.515005e+00 -0.993256 0.002105 0.009961 0.969125 0.009961 0.002105 0.993256 -0.002108 -0.009972 -0.969095 -0.009972 -0.002108 0.000000 
5.000000e-01 5.000000e-01 4.999635e-03 5.000000e-01 5.000000e-01 1.515005e+00 -0.993256 0.002105 0.009961 0.969125 0.009961 0.002105 0.993256 -0.002108 -0.009972 -0.969095 -0.009972 -0.002108 0.000000 
5.000000e-01 5.000000e-01 4.999635e-03 5.000000e-01 5.000000e-01 1.515005e+00 -0.993256 0.002105 0.009961 0.969125 0.009961 0.002105 0.993256 -0.002108 -0.009972 -0.969095 -0.009972 -0.002108 0.000000 
5.000000e-01 5.000000e-01 4.999635e-03 5.000000e-01 5.000000e-01 1.515005e+00 -0.993256 0.002105 0.009961 0.969125 0.009961 0.002105 0.993256 -0.002108 -0.009972 -0.969095 -0.009972 -0.002108 0.000000 
5.000000e-01 5.000000e-01 4.999635e-03 5.000000e-01 5.000000e-01 1.515005e+00 -0.993256 0.002105 0.009961 0.969125 0.009961 0.002105 0.993256 -0.002108 -0.009972 -0.969095 -0.009972 -0.002108 0.000000 
5.000000e-01 5.000000e-01 4.999635e-03 5.000000e-01 5.000000e-01 1.515005e+00 -0.993256 0.002105 0.009961 0.969125 0.009961 0.002105 0.993256 -0.002108 -0.009972 -0.969095 -0.009972 -0.002108 0.000000 
5.000000e-01 5.000000e-01 4.999635e-03 5.000000e-01 5.000000e-01 1.515005e+00 -0.993256 0.002105 0.009961 0.969125 0.009961 0.002105 0.993256 -0.002108 -0.009972 -0.969095 -0.009972 -0.002108 0.000000 
5.000000e-01 5.000000e-01 4.999635e-03 5.000000e-01 5.000000e-01 1.515005e+00 -0.993256 0.002105 0.009961 0.969125 0.009961 0.002105 0.993256 -0.002108 -0.009972 -0.969095 -0.009972 -0.002108 0.000000 
5.000000e-01 5.000000e-01 4.999635e-03 5.000000e-01 5.000000e-01 1.515005e+00 -0.993256 0.002105 0.009961 0.969125 0.009961 0.002105 0.993256 -0.002108 -0.009972 -0.969095 -0.009972 -0.002108 0.000000 
5.000000e-01 5.000000e-01 4.999635e-03 5.000000e-01 5.000000e-01 1.515005e+00 -0.993256 0.002105 0.009961 0.969125 0.009961 0.002105 0.993256 -0.002108 -0.009972 -0.969095 -0.009972 -0.002108 0.000000 
5.000000e-01 5.000000e-01 4.999635e-03 5.000000e-01 5.000000e-01 1.515005e+00 -0.993256 0.002105 0.009961 0.969125 0.009961 0.002105 0.993256 -0.002108 -0.009972 -0.969095 -0.009972 -0.002108 0.000000 
5.000000e-01 5.000000e-01 4.999635e-03 5.000000e-01 5.000000e-01 1.515005e+00 -0.993256 0.002105 0.009961 0.969125 0.009961 0.002105 0.993256 -0.002108 -0.009972 -0.969095 -0.009972 -0.002108 0.000000 
5.000000e-01 5.000000e-01 4.999635e-03 5.000000e-01 5.000000e-01 1.515005e+00 -0.993256 0.002105 0.009961 0.969125 0.009961 0.002105 0.993256 -0.002108 -0.009972 -0.969095 -0.009972 -0.002108 0.000000 
5.000000e-01 5.000000e-01 4.999635e-03 5.000000e-01 5.000000e-01 1.515005e+00 -0.993256 0.002105 0.009961 0.969125 0.009961 0.002105 0.993256 -0.002108 -0.009972 -0.969095 -0.009972 -0.002108 0.000000 
5.000000e-01 5.000000e-01 4.999635e-03 5.000000e-01 5.000000e-01 1.515005e+00 -0.993256 0.002105 0.009961 0.969125 0.009961 0.002105 0.993256 -0.002108 -0.009972 -0.969095 -0.009972 -0.002108 0.000000 
5.000000e-01 5.000000e-01 4.999635e-03 5.000000e-01 5.000000e-01 1.515005e+00 -0.993256 0.002105 0.009961 0.969125 0.009961 0.002105 0.993256 -0.002108 -0.009972 -0.969095 -0.009972 -0.002108 0.000000 
5.000000e-01 5.000000e-01 4.999635e-03 5.000000e-01 5.000000e-01 1.515005e+00 -0.993256 0.002105 0.009961 0.969125 0.009961 0.002105 0.993256 -0.002108 -0.009972 -0.969095 -0.009972 -0.002108 0.000000 
5.000000e-01 5.000000e-01 4.999635e-03 5.000000e-01 5.000000e-01 1.515005e+00 -0.993256 0.002105 0.009961 0.969125 0.009961 0.002105 0.993256 -0.002108 -0.009972 -0.969095 -0.009972 -0.002108 0.000000 
5.000000e-01 5.000000e-01 4.999635e-03 5.000000e-01 5.000000e-01 1.515005e+00 -0.993256 0.002105 0.009961 0.969125 0.009961 0.002105 0.993256 -0.002108 -0.009972 -0.969095 -0.009972 -0.002108 0.000000 
5.000000e-01 5.000000e-01 4.999635e-03 5.000000e-01 5.000000e-01 1.515005e+00 -0.993256 0.002105 0.009961 0.969125 0.009961 0.002105 0.993256 -0.002108 -0.009972 -0.969095 -0.009972 -0.002108 0.000000 
5.000000e-01 5.000000e-01 4.999635e-03 5.000000e-01 5.000000e-01 1.515005e+00 -0.993256 0.002105 0.009961 0.969125 0.009961 0.002105 0.993256 -0.002108 -0.009972 -0.969095 -0.009972 -0.002108 0.000000 
5.000000e-01 5.000000e-01 4.999635e-03 5.000000e-01 5.000000e-01 1.515005e+00 -0.993256 0.002105 0.009961 0.969125 0.009961 0.002105 0.993256 -0.002108 -0.009972 -0.969095 -0.009972 -0.002108 0.000000 
5.000000e-01 5.000000e-01 4.999635e-03 5.000000e-01 5.000000e-01 1.515005e+00 -0.993256 0.002105 0.009961 0.969125 0.009961 0.002105 0.993256 -0.002108 -0.009972 -0.969095 -0.009972 -0.002108 0.000000 
5.000000e-01 5.000000e-01 4.999635e-03 5.000000e-01 5.000000e-01 1.515005e+00 -0.993256 0.002105 0.009961 0.969125 0.009961 0.002105 0.993256 -0.002108 -0.009972 -0.969095 -0.009972 -0.002108 0.000000 
5.000000e-01 5.000000e-01 4.999635e-03 5.000000e-01 5.000000e-01 1.515005e+00 -0.993256 0.002105 0.009961 0.969125 0.009961 0.002105 0.993256 -0.002108 -0.009972 -0.969095 -0.009972 -0.002108 0.000000 
5.000000e-01 5.000000e-01 4.999635e-03 5.000000e-01 5.000000e-01 1.515005e+00 -0.993256 0.002105 0.009961 0.969125 0.009961 0.002105 0.993256 -0.002108 -0.009972 -0.969095 -0.009972 -0.002108 0.000000 
5.000000e-01 5.000000e-01 4.999635e-03 5.000000e-01 5.000000e-01 1.515005e+00 -0.993256 0.002105 0.009961 0.969125 0.009961 0.002105 0.993256 -0.002108 -0.009972 -0.969095 -0.009972 -0.002108 0.000000 
5.000000e-01 5.000000e-01 4.999635e-03 5.000000e-01 5.000000e-01 1.515005e+00 -0.993256 0.002105 0.009961 0.969125 0.009961 0.002105 0.993256 -0.002108 -0.009972 -0.969095 -0.009972 -0.002108 0.000000 
5.000000e-01 5.000000e-01 4.999635e-03 5.000000e-01 5.000000e-01 1.515005e+00 -0.993256 0.002105 0.009961 0.969125 0.009961 0.002105 0.993256 -0.002108 -0.009972 -0.969095 -0.009972 -0.002108 0.000000 
5.000000e-01 5.000000e-01 4.999635e-03 5.000000e-01 5.000000e-01 1.515005e+00 -0.993256 0.002105 0.009961 0.969125 0.009961 0.002105 0.993256 -0.002108 -0.009972 -0.969095 -0.009972 -0.002108 0.000000 
5.000000e-01 5.000000e-01 4.999635e-03 5.000000e-01 5.000000e-01 1.515005e+00 -0.993256 0.002105 0.009961 0.969125 0.009961 0.002105 0.993256 -0.002108 -0.009972 -0.969095 -0.009972 -0.002108 0.000000 
5.000000e-01 5.000000e-01 4.999635e-03 5.000000e-01 5.000000e-01 1.515005e+00 -0.993256 0.002105 0.009961 0.969125 0.009961 0.002105 0.993256 -0.002108 -0.009972 -0.969095 -0.009972 -0.002108 0.000000 
5.000000e-01 5.000000e-01 4.999635e-03 5.000000e-01 5.000000e-01 1.515005e+00 -0.993256 0.002105 0.009961 0.969125 0.009961 0.002105 0.993256 -0.002108 -0.009972 -0.969095 -0.009972 -0.002108 0.000000 
5.000000e-01 5.000000e-01 4.999635e-03 5.000000e-01 5.000000e-01 1.515005e+00 -0.993256 0.002105 0.009961 0.969125 0.009961 0.002105 0.993256 -0.002108 -0.009972 -0.969095 -0.009972 -0.002108 0.000000 
5.000000e-01 5.000000e-01 4.999635e-03 5.000000e-01 5.000000e-01 1.515005e+00 -0.993256 0.002105 0.009961 0.969125 0.009961 0.002105 0.993256 -0.002108 -0.009972 -0.969095 -0.009972 -0.002108 0.000000 
5.000000e-01 5.000000e-01 4.999635e-03 5.000000e-01 5.000000e-01 1.515005e+00 -0.993256 0.002105 0.009961 0.969125 0.009961 0.002105 0.993256 -0.002108 -0.009972 -0.969095 -0.009972 -0.002108 0.000000 
5.000000e-01 5.000000e-01 4.999635e-03 5.000000e-01 5.000000e-01 1.515005e+00 -0.993256 0.002105 0.009961 0.969125 0.009961 0.002105 0.993256 -0.002108 -0.009972 -0.969095 -0.009972 -0.002108 0.000000 
5.000000e-01 5.000000e-01 4.999635e-03 5.000000e-01 5.000000e-01 1.515005e+00 -0.993256 0.002105 0.009961 0.969125 0.009961 0.002105 0.993256 -0.002108 -0.009972 -0.969095 -0.009972 -0.002108 0.000000 
5.000000e-01 5.000000e-01 4.999635e-03 5.000000e-01 5.000000e-01 1.515005e+00 -0.993256 0.002105 0.009961 0.969125 0.009961 0.002105 0.993256 -0.002108 -0.009972 -0.969095 -0.009972 -0.002108 0.000000 
5.000000e-01 5.000000e-01 4.999635e-03 5.000000e-01 5.000000e-01 1.515005e+00 -0.993256 0.002105 0.009961 0.969125 0.009961 0.002105 0.993256 -0.002108 -0.009972 -0.969095 -0.009972 -0.002108 0.000000 
5.000000e-01 5.000000e-01 4.999635e-03 5.000000e-01 5.000000e-01 1.515005e+00 -0.993256 0.002105 0.009961 0.969125 0.009961 0.002105 0.993256 -0.002108 -0.009972 -0.969095 -0.009972 -0.002108 0.000000 
5.000000e-01 5.000000e-01 4.999635e-03 5.000000e-01 5.000000e-01 1.515005e+00 -0.993256 0.002105 0.009961 0.969125 0.009961 0.002105 0.993256 -0.002108 -0.009972 -0.969095 -0.009972 -0.002108 0.000000 
5.000000e-01 5.000000e-01 4.999635e-03 5.000000e-01 5.000000e-01 1.515005e+00 -0.993256 0.002105 0.009961 0.969125 0.009961 0.002105 0.993256 -0.002108 -0.009972 -0.969095 -0.009972 -0.002108 0.000000 
5.000000e-01 5.000000e-01 4.999635e-03 5.000000e-01 5.000000e-01 1.515005e+00 -0.993256 0.002105 0.009961 0.969125 0.009961 0.002105 0.993256 -0.002108 -0.009972 -0.969095 -0.009972 -0.002108 0.000000 
5.000000e-01 5.000000e-01 4.999635e-03 5.000000e-01 5.000000e-01 1.515005e+00 -0.993256 0.002105 0.009961 0.969125 0.009961 0.002105 0.993256 -0.002108 -0.009972 -0.969095 -0.009972 -0.002108 0.000000 
5.000000e-01 5.000000e-01 4.999635e-03 5.000000e-01 5.000000e-01 1.515005e+00 -0.993256 0.002105 0.009961 0.969125 0.009961 0.002105 0.993256 -0.002108 -0.009972 -0.969095 -0.009972 -0.002108 0.000000 
5.000000e-01 5.000000e-01 4.999635e-03 5.000000e-01 5.000000e-01 1.515005e+00 -0.993256 0.002105 0.009961 0.969125 0.009961 0.002105 0.993256 -0.002108 -0.009972 -0.969095 -0.009972 -0.002108 0.000000 
5.000000e-01 5.000000e-01 4.999635e-03 5.000000e-01 5.000000e-01 1.515005e+00 -0.993256 0.002105 0.009961 0.969125 0.009961 0.002105 0.993256 -0.002108 -0.009972 -0.969095 -0.009972 -0.002108 0.000000 
5.000000e-01 5.000000e-01 4.999635e-03 5.000000e-01 5.000000e-01 1.515005e+00 -0.993256 0.002105 0.009961 0.969125 0.009961 0.002105 0.993256 -0.002108 -0.009972 -0.969095 -0.009972 -0.002108 0.000000 
5.000000e-01 5.000000e-01 4.999635e-03 5.000000e-01 5.000000e-01 1.515005e+00 -0.993256 0.002105 0.009961 0.969125 0.009961 0.002105 0.993256 -0.002108 -0.009972 -0.969095 -0.009972 -0.002108 0.000000 
5.000000e-01 5.000000e-01 4.999635e-03 5.000000e-01 5.000000e-01 1.515005e+00 -0.993256 0.002105 0.009961 0.969125 0.009961 0.002105 0.993256 -0.002108 -0.009972 -0.969095 -0.009972 -0.002108 0.000000 
5.000000e-01 5.000000e-01 4.999635e-03 5.000000e-01 5.000000e-01 1.515005e+00 -0.993256 0.002105 0.009961 0.969125 0.009961 0.002105 0.993256 -0.002108 -0.009972 -0.969095 -0.009972 -0.002108 0.000000 
5.000000e-01 5.000000e-01 4.999635e-03 5.000000e-01 5.000000e-01 1.515005e+00 -0.993256 0.002105 0.009961 0.969125 0.009961 0.002105 0.993256 -0.002108 -0.009972 -0.969095 -0.009972 -0.002108 0.000000 
5.000000e-01 5.000000e-01 4.999635e-03 5.000000e-01 5.000000e-01 1.515005e+00 -0.993256 0.002105 0.009961 0.969125 0.009961 0.002105 0.993256 -0.002108 -0.009972 -0.969095 -0.009972 -0.002108 0.000000 
5.000000e-01 5.000000e-01 4.999635e-03 5.000000e-01 5.000000e-01 1.515005e+00 -0.993256 0.002105 0.009961 0.969125 0.009961 0.002105 0.993256 -0.002108 -0.009972 -0.969095 -0.009972 -0.002108 0.000000 
5.000000e-01 5.000000e-01 4.999635e-03 5.000000e-01 5.000000e-01 1.515005e+00 -0.993256 0.002105 0.009961 0.969125 0.009961 0.002105 0.993256 -0.002108 -0.009972 -0.969095 -0.009972 -0.002108 0.000000 
5.000000e-01 5.000000e-01 4.999635e-03 5.000000e-01 5.000000e-01 1.515005e+00 -0.993256 0.002105 0.009961 0.969125 0.009961 0.002105 0.993256 -0.002108 -0.009972 -0.969095 -0.009972 -0.002108 0.000000 
5.000000e-01 5.000000e-01 4.999635e-03 5.000000e-01 5.000000e-01 1.515005e+00 -0.993256 0.002105 0.009961 0.969125 0.009961 0.002105 0.993256 -0.002108 -0.009972 -0.969095 -0.009972 -0.002108 0.000000 
5.000000e-01 5.000000e-01 4.999635e-03 5.000000e-01 5.000000e-01 1.515005e+00 -0.993256 0.002105 0.009961 0.969125 0.009961 0.002105 0.993256 -0.002108 -0.009972 -0.969095 -0.009972 -0.002108 0.000000 
5.000000e-01 5.000000e-01 4.999635e-03 5.000000e-01 5.000000e-01 1.515005e+00 -0.993256 0.002105 0.009961 0.969125 0.009961 0.002105 0.993256 -0.002108 -0.009972 -0.969095 -0.009972 -0.002108 0.000000 
5.000000e-01 5.000000e-01 4.999635e-03 5.000000e-01 5.000000e-01 1.515005e+00 -0.993256 0.002105 0.009961 0.969125 0.009961 0.002105 0.993256 -0.002108 -0.009972 -0.969095 -0.009972 -0.002108 0.000000 
5.000000e-01 5.000000e-01 4.999635e-03 5.000000e-01 5.000000e-01 1.515005e+00 -0.993256 0.002105 0.009961 0.969125 0.009961 0.002105 0.993256 -0.002108 -0.009972 -0.969095 -0.009972 -0.002108 0.000000 
5.000000e-01 5.000000e-01 4.999635e-03 5.000000e-01 5.000000e-01 1.515005e+00 -0.993256 0.002105 0.009961 0.969125 0.009961 0.002105 0.993256 -0.002108 -0.009972 -0.969095 -0.009972 -0.002108 0.000000 
5.000000e-01 5.000000e-01 4.999635e-03 5.000000e-01 5.000000e-01 1.515005e+00 -0.993256 0.002105 0.009961 0.969125 0.009961 0.002105 0.993256 -0.002108 -0.009972 -0.969095 -0.009972 -0.002108 0.000000 
5.000000e-01 5.000000e-01 4.999635e-03 5.000000e-01 5.000000e-01 1.515005e+00 -0.993256 0.002105 0.009961 0.969125 0.009961 0.002105 0.993256 -0.002108 -0.009972 -0.969095 -0.009972 -0.002108 0.000000 
5.000000e-01 5.000000e-01 4.999635e-03 5.000000e-01 5.000000e-01 1.515005e+00 -0.993256 0.002105 0.009961 0.969125 0.009961 0.002105 0.993256 -0.002108 -0.009972 -0.969095 -0.009972 -0.002108 0.000000 
5.000000e-01 5.000000e-01 4.999635e-03 5.000000e-01 5.000000e-01 1.515005e+00 -0.993256 0.002105 0.009961 0.969125 0.009961 0.002105 0.993256 -0.002108 -0.009972 -0.969095 -0.009972 -0.002108 0.000000 
5.000000e-01 5.000000e-01 4.999635e-03 5.000000e-01 5.000000e-01 1.515005e+00 -0.993256 0.002105 0.009961 0.969125 0.009961 0.002105 0.993256 -0.002108 -0.009972 -0.969095 -0.009972 -0.002108 0.000000 
5.000000e-01 5.000000e-01 4.999635e-03 5.000000e-01 5.000000e-01 1.515005e+00 -0.993256 0.002105 0.009961 0.969125 0.009961 0.002105 0.993256 -0.002108 -0.009972 -0.969095 -0.009972 -0.002108 0.000000 
5.000000e-01 5.000000e-01 4.999635e-03 5.000000e-01 5.000000e-01 1.515005e+00 -0.993256 0.002105 0.009961 0.969125 0.009961 0.002105 0.993256 -0.002108 -0.009972 -0.969095 -0.009972 -0.002108 0.000000 
5.000000e-01 5.000000e-01 4.999635e-03 5.000000e-01 5.000000e-01 1.515005e+00 -0.993256 0.002105 0.009961 0.969125 0.009961 0.002105 0.993256 -0.002108 -0.009972 -0.969095 -0.009972 -0.002108 0.000000 
5.000000e-01 5.000000e-01 4.999635e-03 5.000000e-01 5.000000e-01 1.515005e+00 -0.993256 0.002105 0.009961 0.969125 0.009961 0.002105 0.993256 -0.002108 -0.009972 -0.969095 -0.009972 -0.002108 0.000000 
5.000000e-01 5.000000e-01 4.999635e-03 5.000000e-01 5.000000e-01 1.515005e+00 -0.993256 0.002105 0.009961 0.969125 0.009961 0.002105 0.993256 -0.002108 -0.009972 -0.969095 -0.009972 -0.002108 0.000000 
5.000000e-01 5.000000e-01 4.999635e-03 5.000000e-01 5.000000e-01 1.515005e+00 -0.993256 0.002105 0.009961 0.969125 0.009961 0.002105 0.993256 -0.002108 -0.009972 -0.969095 -0.009972 -0.002108 0.000000 
5.000000e-01 5.000000e-01 4.999635e-03 5.000000e-01 5.000000e-01 1.515005e+00 -0.993256 0.002105 0.009961 0.969125 0.009961 0.002105 0.993256 -0.002108 -0.009972 -0.969095 -0.009972 -0.002108 0.000000 
5.000000e-01 5.000000e-01 4.999635e-03 5.000000e-01 5.000000e-01 1.515005e+00 -0.993256 0.002105 0.009961 0.969125 0.009961 0.002105 0.993256 -0.002108 -0.009972 -0.969095 -0.009972 -0.002108 0.000000 
5.000000e-01 5.000000e-01 4.999635e-03 5.000000e-01 5.000000e-01 1.515005e+00 -0.993256 0.002105 0.009961 0.969125 0.009961 0.002105 0.993256 -0.002108 -0.009972 -0.969095 -0.009972 -0.002108 0.000000 
5.000000e-01 5.000000e-01 4.999635e-03 5.000000e-01 5.000000e-01 1.515005e+00 -0.993256 0.002105 0.009961 0.969125 0.009961 0.002105 0.993256 -0.002108 -0.009972 -0.969095 -0.009972 -0.002108 0.000000 
5.000000e-01 5.000000e-01 4.999635e-03 5.000000e-01 5.000000e-01 1.515005e+00 -0.993256 0.002105 0.009961 0.969125 0.009961 0.002105 0.993256 -0.002108 -0.009972 -0.969095 -0.009972 -0.002108 0.000000 
5.000000e-01 5.000000e-01 4.999635e-03 5.000000e-01 5.000000e-01 1.515005e+00 -0.993256 0.002105 0.009961 0.969125 0.009961 0.002105 0.993256 -0.002108 -0.009972 -0.969095 -0.009972 -0.002108 0.000000 
5.000000e-01 5.000000e-01 4.999635e-03 5.000000e-01 5.000000e-01 1.515005e+00 -0.993256 0.002105 0.009961 0.969125 0.009961 0.002105 0.993256 -0.002108 -0.009972 -0.969095 -0.009972 -0.002108 0.000000 
5.000000e-01 5.000000e-01 4.999635e-03 5.000000e-01 5.000000e-01 1.515005e+00 -0.993256 0.002105 0.009961 0.969125 0.009961 0.002105 0.993256 -0.002108 -0.009972 -0.969095 -0.009972 -0.002108 0.000000 
5.000000e-01 5.000000e-01 4.999635e-03 5.000000e-01 5.000000e-01 1.515005e+00 -0.993256 0.002105 0.009961 0.969125 0.009961 0.002105 0.993256 -0.002108 -0.009972 -0.969095 -0.009972 -0.002108 0.000000 
5.000000e-01 5.000000e-01 4.999635e-03 5.000000e-01 5.000000e-01 1.515005e+00 -0.993256 0.002105 0.009961 0.969125 0.009961 0.002105 0.993256 -0.002108 -0.009972 -0.969095 -0.009972 -0.002108 0.000000 
5.000000e-01 5.000000e-01 4.999635e-03 5.000000e-01 5.000000e-01 1.515005e+00 -0.993256 0.002105 0.009961 0.969125 0.009961 0.002105 0.993256 -0.002108 -0.009972 -0.969095 -0.009972 -0.002108 0.000000 
5.000000e-01 5.000000e-01 4.999635e-03 5.000000e-01 5.000000e-01 1.515005e+00 -0.993256 0.002105 0.009961 0.969125 0.009961 0.002105 0.993256 -0.002108 -0.009972 -0.969095 -0.009972 -0.002108 0.000000 
5.000000e-01 5.000000e-01 4.999635e-03 5.000000e-01 5.000000e-01 1.515005e+00 -0.993256 0.002105 0.009961 0.969125 0.009961 0.002105 0.993256 -0.002108 -0.009972 -0.969095 -0.009972 -0.002108 0.000000 
5.000000e-01 5.000000e-01 4.999635e-03 5.000000e-01 5.000000e-01 1.515005e+00 -0.993256 0.002105 0.009961 0.969125 0.009961 0.002105 0.993256 -0.002108 -0.009972 -0.969095 -0.009972 -0.002108 0.000000 
5.000000e-01 5.000000e-01 4.999635e-03 5.000000e-01 5.000000e-01 1.515005e+00 -0.993256 0.002105 0.009961 0.969125 0.009961 0.002105 0.993256 -0.002108 -0.009972 -0.969095 -0.009972 -0.002108 0.000000 
5.000000e-01 5.000000e-01 4.999635e-03 5.000000e-01 5.000000e-01 1.515005e+00 -0.993256 0.002105 0.009961 0.969125 0.009961 0.002105 0.993256 -0.002108 -0.009972 -0.969095 -0.009972 -0.002108 0.000000 
5.000000e-01 5.000000e-01 4.999635e-03 5.000000e-01 5.000000e-01 1.515005e+00 -0.993256 0.002105 0.009961 0.969125 0.009961 0.002105 0.993256 -0.002108 -0.009972 -0.969095 -0.009972 -0.002108 0.000000 
5.000000e-01 5.000000e-01 4.999635e-03 5.000000e-01 5.000000e-01 1.515005e+00 -0.993256 0.002105 0.009961 0.969125 0.009961 0.002105 0.993256 -0.002108 -0.009972 -0.969095 -0.009972 -0.002108 0.000000 
5.000000e-01 5.000000e-01 4.999635e-03 5.000000e-01 5.000000e-01 1.515005e+00 -0.993256 0.002105 0.009961 0.969125 0.009961 0.002105 0.993256 -0.002108 -0.009972 -0.969095 -0.009972 -0.002108 0.000000 
5.000000e-01 5.000000e-01 4.999635e-03 5.000000e-01 5.000000e-01 1.515005e+00 -0.993256 0.002105 0.009961 0.969125 0.009961 0.002105 0.993256 -0.002108 -0.009972 -0.969095 -0.009972 -0.002108 0.000000 
5.000000e-01 5.000000e-01 4.999635e-03 5.000000e-01 5.000000e-01 1.515005e+00 -0.993256 0.002105 0.009961 0.969125 0.009961 0.002105 0.993256 -0.002108 -0.009972 -0.969095 -0.009972 -0.002108 0.000000 
5.000000e-01 5.000000e-01 4.999635e-03 5.000000e-01 5.000000e-01 1.515005e+00 -0.993256 0.002105 0.009961 0.969125 0.009961 0.002105 0.993256 -0.002108 -0.009972 -0.969095 -0.009972 -0.002108 0.000000 
5.000000e-01 5.000000e-01 4.999635e-03 5.000000e-01 5.000000e-01 1.515005e+00 -0.993256 0.002105 0.009961 0.969125 0.009961 0.002105 0.993256 -0.002108 -0.009972 -0.969095 -0.009972 -0.002108 0.000000 
5.000000e-01 5.000000e-01 4.999635e-03 5.000000e-01 5.000000e-01 1.515005e+00 -0.993256 0.002105 0.009961 0.969125 0.009961 0.002105 0.993256 -0.002108 -0.009972 -0.969095 -0.009972 -0.002108 0.000000 
5.000000e-01 5.000000e-01 4.999635e-03 5.000000e-01 5.000000e-01 1.515005e+00 -0.993256 0.002105 0.009961 0.969125 0.009961 0.002105 0.993256 -0.002108 -0.009972 -0.969095 -0.009972 -0.002108 0.000000 
5.000000e-01 5.000000e-01 4.999635e-03 5.000000e-01 5.000000e-01 1.515005e+00 -0.993256 0.002105 0.009961 0.969125 0.009961 0.002105 0.993256 -0.002108 -0.009972 -0.969095 -0.009972 -0.002108 0.000000 
5.000000e-01 5.000000e-01 4.999635e-03 5.000000e-01 5.000000e-01 1.515005e+00 -0.993256 0.002105 0.009961 0.969125 0.009961 0.002105 0.993256 -0.002108 -0.009972 -0.969095 -0.009972 -0.002108 0.000000 
5.000000e-01 5.000000e-01 4.999635e-03 5.000000e-01 5.000000e-01 1.515005e+00 -0.993256 0.002105 0.009961 0.969125 0.009961 0.002105 0.993256 -0.002108 -0.009972 -0.969095 -0.009972 -0.002108 0.000000 
5.000000e-01 5.000000e-01 4.999635e-03 5.000000e-01 5.000000e-01 1.515005e+00 -0.993256 0.002105 0.009961 0.969125 0.009961 0.002105 0.993256 -0.002108 -0.009972 -0.969095 -0.009972 -0.002108 0.000000 
5.000000e-01 5.000000e-01 4.999635e-03 5.000000e-01 5.000000e-01 1.515005e+00 -0.993256 0.002105 0.009961 0.969125 0.009961 0.002105 0.993256 -0.002108 -0.009972 -0.969095 -0.009972 -0.002108 0.000000 
5.000000e-01 5.000000e-01 4.999635e-03 5.000000e-01 5.000000e-01 1.515005e+00 -0.993256 0.002105 0.009961 0.969125 0.009961 0.002105 0.993256 -0.002108 -0.009972 -0.969095 -0.009972 -0.002108 0.000000 
5.000000e-01 5.000000e-01 4.999635e-03 5.000000e-01 5.000000e-01 1.515005e+00 -0.993256 0.002105 0.009961 0.969125 0.009961 0.002105 0.993256 -0.002108 -0.009972 -0.969095 -0.009972 -0.002108 0.000000 
5.000000e-01 5.000000e-01 4.999635e-03 5.000000e-01 5.000000e-01 1.515005e+00 -0.993256 0.002105 0.009961 0.969125 0.009961 0.002105 0.993256 -0.002108 -0.009972 -0.969095 -0.009972 -0.002108 0.000000 
5.000000e-01 5.000000e-01 4.999635e-03 5.000000e-01 5.000000e-01 1.515005e+00 -0.993256 0.002105 0.009961 0.969125 0.009961 0.002105 0.993256 -0.002108 -0.009972 -0.969095 -0.009972 -0.002108 0.000000 
5.000000e-01 5.000000e-01 4.999635e-03 5.000000e-01 5.000000e-01 1.515005e+00 -0.993256 0.002105 0.009961 0.969125 0.009961 0.002105 0.993256 -0.002108 -0.009972 -0.969095 -0.009972 -0.002108 0.000000 
5.000000e-01 5.000000e-01 4.999635e-03 5.000000e-01 5.000000e-01 1.515005e+00 -0.993256 0.002105 0.009961 0.969125 0.009961 0.002105 0.993256 -0.002108 -0.009972 -0.969095 -0.009972 -0.002108 0.000000 
5.000000e-01 5.000000e-01 4.999635e-03 5.000000e-01 5.000000e-01 1.515005e+00 -0.993256 0.002105 0.009961 0.969125 0.009961 0.002105 0.993256 -0.002108 -0.009972 -0.969095 -0.009972 -0.002108 0.000000 
5.000000e-01 5.000000e-01 4.999635e-03 5.000000e-01 5.000000e-01 1.515005e+00 -0.993256 0.002105 0.009961 0.969125 0.009961 0.002105 0.993256 -0.002108 -0.009972 -0.969095 -0.009972 -0.002108 0.000000 
5.000000e-01 5.000000e-01 4.999635e-03 5.000000e-01 5.000000e-01 1.515005e+00 -0.993256 0.002105 0.009961 0.969125 0.009961 0.002105 0.993256 -0.002108 -0.009972 -0.969095 -0.009972 -0.002108 0.000000 
5.000000e-01 5.000000e-01 4.999635e-03 5.000000e-01 5.000000e-01 1.515005e+00 -0.993256 0.002105 0.009961 0.969125 0.009961 0.002105 0.993256 -0.002108 -0.009972 -0.969095 -0.009972 -0.002108 0.000000 
5.000000e-01 5.000000e-01 4.999635e-03 5.000000e-01 5.000000e-01 1.515005e+00 -0.993256 0.002105 0.009961 0.969125 0.009961 0.002105 0.993256 -0.002108 -0.009972 -0.969095 -0.009972 -0.002108 0.000000 
5.000000e-01 5.000000e-01 4.999635e-03 5.000000e-01 5.000000e-01 1.515005e+00 -0.993256 0.002105 0.009961 0.969125 0.009961 0.002105 0.993256 -0.002108 -0.009972 -0.969095 -0.009972 -0.002108 0.000000 
5.000000e-01 5.000000e-01 4.999635e-03 5.000000e-01 5.000000e-01 1.515005e+00 -0.993256 0.002105 0.009961 0.969125 0.009961 0.002105 0.993256 -0.002108 -0.009972 -0.969095 -0.009972 -0.002108 0.000000 
5.000000e-01 5.000000e-01 4.999635e-03 5.000000e-01 5.000000e-01 1.515005e+00 -0.993256 0.002105 0.009961 0.969125 0.009961 0.002105 0.993256 -0.002108 -0.009972 -0.969095 -0.009972 -0.002108 0.000000 
5.000000e-01 5.000000e-01 4.999635e-03 5.000000e-01 5.000000e-01 1.515005e+00 -0.993256 0.002105 0.009961 0.969125 0.009961 0.002105 0.993256 -0.002108 -0.009972 -0.969095 -0.009972 -0.002108 0.000000 
5.000000e-01 5.000000e-01 4.999635e-03 5.000000e-01 5.000000e-01 1.515005e+00 -0.993256 0.002105 0.009961 0.969125 0.009961 0.002105 0.993256 -0.002108 -0.009972 -0.969095 -0.009972 -0.002108 0.000000 
5.000000e-01 5.000000e-01 4.999635e-03 5.000000e-01 5.000000e-01 1.515005e+00 -0.993256 0.002105 0.009961 0.969125 0.009961 0.002105 0.993256 -0.002108 -0.009972 -0.969095 -0.009972 -0.002108 0.000000 
5.000000e-01 5.000000e-01 4.999635e-03 5.000000e-01 5.000000e-01 1.515005e+00 -0.993256 0.002105 0.009961 0.969125 0.009961 0.002105 0.993256 -0.002108 -0.009972 -0.969095 -0.009972 -0.002108 0.000000 
5.000000e-01 5.000000e-01 4.999635e-03 5.000000e-01 5.000000e-01 1.515005e+00 -0.993256 0.002105 0.009961 0.969125 0.009961 0.002105 0.993256 -0.002108 -0.009972 -0.969095 -0.009972 -0.002108 0.000000 
5.000000e-01 5.000000e-01 4.999635e-03 5.000000e-01 5.000000e-01 1.515005e+00 -0.993256 0.002105 0.009961 0.969125 0.009961 0.002105 0.993256 -0.002108 -0.009972 -0.969095 -0.009972 -0.002108 0.000000 
5.000000e-01 5.000000e-01 4.999635e-03 5.000000e-01 5.000000e-01 1.515005e+00 -0.993256 0.002105 0.009961 0.969125 0.009961 0.002105 0.993256 -0.002108 -0.009972 -0.969095 -0.009972 -0.002108 0.000000 
5.000000e-01 5.000000e-01 4.999635e-03 5.000000e-01 5.000000e-01 1.515005e+00 -0.993256 0.002105 0.009961 0.969125 0.009961 0.002105 0.993256 -0.002108 -0.009972 -0.969095 -0.009972 -0.002108 0.000000 
5.000000e-01 5.000000e-01 4.999635e-03 5.000000e-01 5.000000e-01 1.515005e+00 -0.993256 0.002105 0.009961 0.969125 0.009961 0.002105 0.993256 -0.002108 -0.009972 -0.969095 -0.009972 -0.002108 0.000000 
5.000000e-01 5.000000e-01 4.999635e-03 5.000000e-01 5.000000e-01 1.515005e+00 -0.993256 0.002105 0.009961 0.969125 0.009961 0.002105 0.993256 -0.002108 -0.009972 -0.969095 -0.009972 -0.002108 0.000000 
5.000000e-01 5.000000e-01 4.999635e-03 5.000000e-01 5.000000e-01 1.515005e+00 -0.993256 0.002105 0.009961 0.969125 0.009961 0.002105 0.993256 -0.002108 -0.009972 -0.969095 -0.009972 -0.002108 0.000000 
5.000000e-01 5.000000e-01 4.999635e-03 5.000000e-01 5.000000e-01 1.515005e+00 -0.993256 0.002105 0.009961 0.969125 0.009961 0.002105 0.993256 -0.002108 -0.009972 -0.969095 -0.009972 -0.002108 0.000000 
5.000000e-01 5.000000e-01 4.999635e-03 5.000000e-01 5.000000e-01 1.515005e+00 -0.993256 0.002105 0.009961 0.969125 0.009961 0.002105 0.993256 -0.002108 -0.009972 -0.969095 -0.009972 -0.002108 0.000000 
5.000000e-01 5.000000e-01 4.999635e-03 5.000000e-01 5.000000e-01 1.515005e+00 -0.993256 0.002105 0.009961 0.969125 0.009961 0.002105 0.993256 -0.002108 -0.009972 -0.969095 -0.009972 -0.002108 0.000000 
5.000000e-01 5.000000e-01 4.999635e-03 5.000000e-01 5.000000e-01 1.515005e+00 -0.993256 0.002105 0.009961 0.969125 0.009961 0.002105 0.993256 -0.002108 -0.009972 -0.969095 -0.009972 -0.002108 0.000000 
5.000000e-01 5.000000e-01 4.999635e-03 5.000000e-01 5.000000e-01 1.515005e+00 -0.993256 0.002105 0.009961 0.969125 0.009961 0.002105 0.993256 -0.002108 -0.009972 -0.969095 -0.009972 -0.002108 0.000000 
5.000000e-01 5.000000e-01 4.999635e-03 5.000000e-01 5.000000e-01 1.515005e+00 -0.993256 0.002105 0.009961 0.969125 0.009961 0.002105 0.993256 -0.002108 -0.009972 -0.969095 -0.009972 -0.002108 0.000000 
5.000000e-01 5.000000e-01 4.999635e-03 5.000000e-01 5.000000e-01 1.515005e+00 -0.993256 0.002105 0.009961 0.969125 0.009961 0.002105 0.993256 -0.002108 -0.009972 -0.969095 -0.009972 -0.002108 0.000000 
5.000000e-01 5.000000e-01 4.999635e-03 5.000000e-01 5.000000e-01 1.515005e+00 -0.993256 0.002105 0.009961 0.969125 0.009961 0.002105 0.993256 -0.002108 -0.009972 -0.969095 -0.009972 -0.002108 0.000000 
5.000000e-01 5.000000e-01 4.999635e-03 5.000000e-01 5.000000e-01 1.515005e+00 -0.993256 0.002105 0.009961 0.969125 0.009961 0.002105 0.993256 -0.002108 -0.009972 -0.969095 -0.009972 -0.002108 0.000000 
5.000000e-01 5.000000e-01 4.999635e-03 5.000000e-01 5.000000e-01 1.515005e+00 -0.993256 0.002105 0.009961 0.969125 0.009961 0.002105 0.993256 -0.002108 -0.009972 -0.969095 -0.009972 -0.002108 0.000000 
5.000000e-01 5.000000e-01 4.999635e-03 5.000000e-01 5.000000e-01 1.515005e+00 -0.993256 0.002105 0.009961 0.969125 0.009961 0.002105 0.993256 -0.002108 -0.009972 -0.969095 -0.009972 -0.002108 0.000000 
5.000000e-01 5.000000e-01 4.999635e-03 5.000000e-01 5.000000e-01 1.515005e+00 -0.993256 0.002105 0.009961 0.969125 0.009961 0.002105 0.993256 -0.002108 -0.009972 -0.969095 -0.009972 -0.002108 0.000000 
5.000000e-01 5.000000e-01 4.999635e-03 5.000000e-01 5.000000e-01 1.515005e+00 -0.993256 0.002105 0.009961 0.969125 0.009961 0.002105 0.993256 -0.002108 -0.009972 -0.969095 -0.009972 -0.002108 0.000000 
5.000000e-01 5.000000e-01 4.999635e-03 5.000000e-01 5.000000e-01 1.515005e+00 -0.993256 0.002105 0.009961 0.969125 0.009961 0.002105 0.993256 -0.002108 -0.009972 -0.969095 -0.009972 -0.002108 0.000000 
5.000000e-01 5.000000e-01 4.999635e-03 5.000000e-01 5.000000e-01 1.515005e+00 -0.993256 0.002105 0.009961 0.969125 0.009961 0.002105 0.993256 -0.002108 -0.009972 -0.969095 -0.009972 -0.002108 0.000000 
5.000000e-01 5.000000e-01 4.999635e-03 5.000000e-01 5.000000e-01 1.515005e+00 -0.993256 0.002105 0.009961 0.969125 0.009961 0.002105 0.993256 -0.002108 -0.009972 -0.969095 -0.009972 -0.002108 0.000000 
5.000000e-01 5.000000e-01 4.999635e-03 5.000000e-01 5.000000e-01 1.515005e+00 -0.993256 0.002105 0.009961 0.969125 0.009961 0.002105 0.993256 -0.002108 -0.009972 -0.969095 -0.009972 -0.002108 0.000000 
5.000000e-01 5.000000e-01 4.999635e-03 5.000000e-01 5.000000e-01 1.515005e+00 -0.993256 0.002105 0.009961 0.969125 0.009961 0.002105 0.993256 -0.002108 -0.009972 -0.969095 -0.009972 -0.002108 0.000000 
5.000000e-01 5.000000e-01 4.999635e-03 5.000000e-01 5.000000e-01 1.515005e+00 -0.993256 0.002105 0.009961 0.969125 0.009961 0.002105 0.993256 -0.002108 -0.009972 -0.969095 -0.009972 -0.002108 0.000000 
5.000000e-01 5.000000e-01 4.999635e-03 5.000000e-01 5.000000e-01 1.515005e+00 -0.993256 0.002105 0.009961 0.969125 0.009961 0.002105 0.993256 -0.002108 -0.009972 -0.969095 -0.009972 -0.002108 0.000000 
5.000000e-01 5.000000e-01 4.999635e-03 5.000000e-01 5.000000e-01 1.515005e+00 -0.993256 0.002105 0.009961 0.969125 0.009961 0.002105 0.993256 -0.002108 -0.009972 -0.969095 -0.009972 -0.002108 0.000000 
5.000000e-01 5.000000e-01 4.999635e-03 5.000000e-01 5.000000e-01 1.515005e+00 -0.993256 0.002105 0.009961 0.969125 0.009961 0.002105 0.993256 -0.002108 -0.009972 -0.969095 -0.009972 -0.002108 0.000000 
5.000000e-01 5.000000e-01 4.999635e-03 5.000000e-01 5.000000e-01 1.515005e+00 -0.993256 0.002105 0.009961 0.969125 0.009961 0.002105 0.993256 -0.002108 -0.009972 -0.969095 -0.009972 -0.002108 0.000000 
5.000000e-01 5.000000e-01 4.999635e-03 5.000000e-01 5.000000e-01 1.515005e+00 -0.993256 0.002105 0.009961 0.969125 0.009961 0.002105 0.993256 -0.002108 -0.009972 -0.969095 -0.009972 -0.002108 0.000000 
5.000000e-01 5.000000e-01 4.999635e-03 5.000000e-01 5.000000e-01 1.515005e+00 -0.993256 0.002105 0.009961 0.969125 0.009961 0.002105 0.993256 -0.002108 -0.009972 -0.969095 -0.009972 -0.002108 0.000000 
5.000000e-01 5.000000e-01 4.999635e-03 5.000000e-01 5.000000e-01 1.515005e+00 -0.993256 0.002105 0.009961 0.969125 0.009961 0.002105 0.993256 -0.002108 -0.009972 -0.969095 -0.009972 -0.002108 0.000000 
5.000000e-01 5.000000e-01 4.999635e-03 5.000000e-01 5.000000e-01 1.515005e+00 -0.993256 0.002105 0.009961 0.969125 0.009961 0.002105 0.993256 -0.002108 -0.009972 -0.969095 -0.009972 -0.002108 0.000000 
5.000000e-01 5.000000e-01 4.999635e-03 5.000000e-01 5.000000e-01 1.515005e+00 -0.993256 0.002105 0.009961 0.969125 0.009961 0.002105 0.993256 -0.002108 -0.009972 -0.969095 -0.009972 -0.002108 0.000000 
5.000000e-01 5.000000e-01 4.999635e-03 5.000000e-01 5.000000e-01 1.515005e+00 -0.993256 0.002105 0.009961 0.969125 0.009961 0.002105 0.993256 -0.002108 -0.009972 -0.969095 -0.009972 -0.002108 0.000000 
5.000000e-01 5.000000e-01 4.999635e-03 5.000000e-01 5.000000e-01 1.515005e+00 -0.993256 0.002105 0.009961 0.969125 0.009961 0.002105 0.993256 -0.002108 -0.009972 -0.969095 -0.009972 -0.002108 0.000000 
5.000000e-01 5.000000e-01 4.999635e-03 5.000000e-01 5.000000e-01 1.515005e+00 -0.993256 0.002105 0.009961 0.969125 0.009961 0.002105 0.993256 -0.002108 -0.009972 -0.969095 -0.009972 -0.002108 0.000000 
5.000000e-01 5.000000e-01 4.999635e-03 5.000000e-01 5.000000e-01 1.515005e+00 -0.993256 0.002105 0.009961 0.969125 0.009961 0.002105 0.993256 -0.002108 -0.009972 -0.969095 -0.009972 -0.002108 0.000000 
