# TeX TeY TeZ ThX ThY THZ P1 P2
5.000000e-01 5.000000e-01 1.290000e+00 5.000000e-01 5.000000e-01 1.290000e+00 0.000000 0.000000 0.000000 0.000000 0.000000 0.000000 0.000000 0.000000 0.000000 0.000000 0.000000 0.000000 0.000000 
5.000000e-01 5.000000e-01 1.281491e+00 5.000000e-01 5.000000e-01 1.296990e+00 -0.010170 -0.003410 0.000950 0.015090 0.000950 -0.003410 0.010170 -0.001845 -0.002157 -0.002167 -0.002157 -0.001845 0.000000 
5.000000e-01 5.000000e-01 1.272913e+00 5.000000e-01 5.000000e-01 1.303949e+00 -0.020365 -0.006781 0.001930 0.030068 0.001930 -0.006781 0.020365 -0.003695 -0.004319 -0.004339 -0.004319 -0.003695 0.000000 
5.000000e-01 5.000000e-01 1.264267e+00 5.000000e-01 5.000000e-01 1.310878e+00 -0.030586 -0.010111 0.002927 0.044955 0.002927 -0.010111 0.030586 -0.005549 -0.006486 -0.006516 -0.006486 -0.005549 0.000000 
5.000000e-01 5.000000e-01 1.255552e+00 5.000000e-01 5.000000e-01 1.317776e+00 -0.040831 -0.013438 0.003857 0.059994 0.003857 -0.013438 0.040831 -0.007407 -0.008658 -0.008699 -0.008658 -0.007407 0.000000 
5.000000e-01 5.000000e-01 1.246770e+00 5.000000e-01 5.000000e-01 1.324643e+00 -0.051100 -0.016738 0.004726 0.075125 0.004726 -0.016738 0.051100 -0.009270 -0.010836 -0.010888 -0.010836 -0.009270 0.000000 
5.000000e-01 5.000000e-01 1.237921e+00 5.000000e-01 5.000000e-01 1.331477e+00 -0.061393 -0.019995 0.005547 0.090289 0.005547 -0.019995 0.061393 -0.011137 -0.013019 -0.013082 -0.013019 -0.011137 0.000000 
5.000000e-01 5.000000e-01 1.229006e+00 5.000000e-01 5.000000e-01 1.338280e+00 -0.071708 -0.023239 0.006238 0.105711 0.006238 -0.023239 0.071708 -0.013007 -0.015207 -0.015281 -0.015207 -0.013007 0.000000 
5.000000e-01 5.000000e-01 1.220024e+00 5.000000e-01 5.000000e-01 1.345051e+00 -0.082046 -0.026466 0.006768 0.121443 0.006768 -0.026466 0.082046 -0.014882 -0.017399 -0.017485 -0.017399 -0.014882 0.000000 
5.000000e-01 5.000000e-01 1.210977e+00 5.000000e-01 5.000000e-01 1.351788e+00 -0.092406 -0.029637 0.007191 0.137299 0.007191 -0.029637 0.092406 -0.016759 -0.019597 -0.019694 -0.019597 -0.016759 0.000000 
5.000000e-01 5.000000e-01 1.201865e+00 5.000000e-01 5.000000e-01 1.358492e+00 -0.102788 -0.032793 0.007408 0.153557 0.007408 -0.032793 0.102788 -0.018641 -0.021799 -0.021908 -0.021799 -0.018641 0.000000 
5.000000e-01 5.000000e-01 1.192689e+00 5.000000e-01 5.000000e-01 1.365163e+00 -0.113190 -0.035938 0.007359 0.170349 0.007359 -0.035938 0.113190 -0.020526 -0.024005 -0.024128 -0.024005 -0.020526 0.000000 
5.000000e-01 5.000000e-01 1.183448e+00 5.000000e-01 5.000000e-01 1.371799e+00 -0.123613 -0.039041 0.007136 0.187424 0.007136 -0.039041 0.123613 -0.022414 -0.026216 -0.026352 -0.026216 -0.022414 0.000000 
5.000000e-01 5.000000e-01 1.174145e+00 5.000000e-01 5.000000e-01 1.378401e+00 -0.134056 -0.042129 0.006614 0.205087 0.006614 -0.042129 0.134056 -0.024305 -0.028432 -0.028582 -0.028432 -0.024305 0.000000 
5.000000e-01 5.000000e-01 1.164778e+00 5.000000e-01 5.000000e-01 1.384968e+00 -0.144519 -0.045206 0.005726 0.223478 0.005726 -0.045206 0.144519 -0.026200 -0.030652 -0.030816 -0.030652 -0.026200 0.000000 
5.000000e-01 5.000000e-01 1.155349e+00 5.000000e-01 5.000000e-01 1.391500e+00 -0.155001 -0.048239 0.004606 0.242267 0.004606 -0.048239 0.155001 -0.028097 -0.032876 -0.033055 -0.032876 -0.028097 0.000000 
5.000000e-01 5.000000e-01 1.145859e+00 5.000000e-01 5.000000e-01 1.397997e+00 -0.165502 -0.051264 0.003055 0.261919 0.003055 -0.051264 0.165502 -0.029997 -0.035104 -0.035299 -0.035104 -0.029997 0.000000 
5.000000e-01 5.000000e-01 1.136307e+00 5.000000e-01 5.000000e-01 1.404457e+00 -0.176022 -0.054269 0.001064 0.282433 0.001064 -0.054269 0.176022 -0.031900 -0.037337 -0.037549 -0.037337 -0.031900 0.000000 
5.000000e-01 5.000000e-01 1.126694e+00 5.000000e-01 5.000000e-01 1.410882e+00 -0.186560 -0.057230 -0.001211 0.303443 -0.001211 -0.057230 0.186560 -0.033805 -0.039574 -0.039803 -0.039574 -0.033805 0.000000 
5.000000e-01 5.000000e-01 1.117021e+00 5.000000e-01 5.000000e-01 1.417269e+00 -0.197118 -0.060192 -0.004115 0.325731 -0.004115 -0.060192 0.197118 -0.035713 -0.041815 -0.042063 -0.041815 -0.035713 0.000000 
5.000000e-01 5.000000e-01 1.107288e+00 5.000000e-01 5.000000e-01 1.423621e+00 -0.207694 -0.063122 -0.007471 0.348880 -0.007471 -0.063122 0.207694 -0.037623 -0.044060 -0.044327 -0.044060 -0.037623 0.000000 
5.000000e-01 5.000000e-01 1.097496e+00 5.000000e-01 5.000000e-01 1.429935e+00 -0.218288 -0.066008 -0.011157 0.372616 -0.011157 -0.066008 0.218288 -0.039535 -0.046310 -0.046597 -0.046310 -0.039535 0.000000 
5.000000e-01 5.000000e-01 1.087646e+00 5.000000e-01 5.000000e-01 1.436212e+00 -0.228902 -0.068903 -0.015732 0.398171 -0.015732 -0.068903 0.228902 -0.041451 -0.048564 -0.048873 -0.048564 -0.041451 0.000000 
5.000000e-01 5.000000e-01 1.077737e+00 5.000000e-01 5.000000e-01 1.442451e+00 -0.239533 -0.071751 -0.020672 0.424380 -0.020672 -0.071751 0.239533 -0.043368 -0.050822 -0.051154 -0.050822 -0.043368 0.000000 
5.000000e-01 5.000000e-01 1.067771e+00 5.000000e-01 5.000000e-01 1.448653e+00 -0.250183 -0.074572 -0.026181 0.451689 -0.026181 -0.074572 0.250183 -0.045287 -0.053085 -0.053440 -0.053085 -0.045287 0.000000 
5.000000e-01 5.000000e-01 1.057747e+00 5.000000e-01 5.000000e-01 1.454817e+00 -0.260854 -0.077377 -0.032476 0.480561 -0.032476 -0.077377 0.260854 -0.047208 -0.055352 -0.055733 -0.055352 -0.047208 0.000000 
5.000000e-01 5.000000e-01 1.047666e+00 5.000000e-01 5.000000e-01 1.460944e+00 -0.271540 -0.080135 -0.039120 0.510051 -0.039120 -0.080135 0.271540 -0.049131 -0.057623 -0.058032 -0.057623 -0.049131 0.000000 
5.000000e-01 5.000000e-01 1.037530e+00 5.000000e-01 5.000000e-01 1.467032e+00 -0.282249 -0.082881 -0.046628 0.541267 -0.046628 -0.082881 0.282249 -0.051056 -0.059899 -0.060337 -0.059899 -0.051056 0.000000 
5.000000e-01 5.000000e-01 1.027338e+00 5.000000e-01 5.000000e-01 1.473081e+00 -0.292975 -0.085586 -0.054621 0.573390 -0.054621 -0.085586 0.292975 -0.052983 -0.062180 -0.062648 -0.062180 -0.052983 0.000000 
5.000000e-01 5.000000e-01 1.017090e+00 5.000000e-01 5.000000e-01 1.479092e+00 -0.303717 -0.088252 -0.063072 0.606366 -0.063072 -0.088252 0.303717 -0.054911 -0.064465 -0.064966 -0.064465 -0.054911 0.000000 
5.000000e-01 5.000000e-01 1.006788e+00 5.000000e-01 5.000000e-01 1.485064e+00 -0.314481 -0.090895 -0.072289 0.640849 -0.072289 -0.090895 0.314481 -0.056840 -0.066755 -0.067291 -0.066755 -0.056840 0.000000 
5.000000e-01 5.000000e-01 9.964312e-01 5.000000e-01 5.000000e-01 1.490995e+00 -0.325257 -0.093485 -0.081722 0.675671 -0.081722 -0.093485 0.325257 -0.058770 -0.069048 -0.069621 -0.069048 -0.058770 0.000000 
5.000000e-01 5.000000e-01 9.860209e-01 5.000000e-01 5.000000e-01 1.496886e+00 -0.336052 -0.096045 -0.091766 0.711673 -0.091766 -0.096045 0.336052 -0.060701 -0.071346 -0.071959 -0.071346 -0.060701 0.000000 
5.000000e-01 5.000000e-01 9.755573e-01 5.000000e-01 5.000000e-01 1.502736e+00 -0.346857 -0.098553 -0.102010 0.747983 -0.102010 -0.098553 0.346857 -0.062631 -0.073647 -0.074302 -0.073647 -0.062631 0.000000 
5.000000e-01 5.000000e-01 9.650408e-01 5.000000e-01 5.000000e-01 1.508542e+00 -0.357673 -0.101012 -0.112486 0.784670 -0.112486 -0.101012 0.357673 -0.064560 -0.075951 -0.076652 -0.075951 -0.064560 0.000000 
5.000000e-01 5.000000e-01 9.544720e-01 5.000000e-01 5.000000e-01 1.514326e+00 -0.368512 -0.103431 -0.123152 0.821678 -0.123152 -0.103431 0.368513 -0.066490 -0.078261 -0.079010 -0.078261 -0.066490 0.000000 
5.000000e-01 5.000000e-01 9.438512e-01 5.000000e-01 5.000000e-01 1.515112e+00 -0.376014 -0.103096 -0.123214 0.828634 -0.123214 -0.103096 0.376014 -0.067810 -0.079864 -0.080665 -0.079864 -0.067810 0.000000 
5.000000e-01 5.000000e-01 9.331790e-01 5.000000e-01 5.000000e-01 1.515112e+00 -0.383020 -0.102296 -0.121597 0.830807 -0.121597 -0.102296 0.383020 -0.069036 -0.081364 -0.082218 -0.081364 -0.069036 0.000000 
5.000000e-01 5.000000e-01 9.224559e-01 5.000000e-01 5.000000e-01 1.515112e+00 -0.390059 -0.101463 -0.119980 0.832944 -0.119980 -0.101463 0.390059 -0.070265 -0.082872 -0.083784 -0.082872 -0.070265 0.000000 
5.000000e-01 5.000000e-01 9.116822e-01 5.000000e-01 5.000000e-01 1.515112e+00 -0.397131 -0.100596 -0.118362 0.835047 -0.118362 -0.100596 0.397131 -0.071496 -0.084388 -0.085362 -0.084388 -0.071496 0.000000 
5.000000e-01 5.000000e-01 9.008583e-01 5.000000e-01 5.000000e-01 1.515112e+00 -0.404236 -0.099698 -0.116743 0.837118 -0.116743 -0.099698 0.404236 -0.072728 -0.085913 -0.086954 -0.085913 -0.072728 0.000000 
5.000000e-01 5.000000e-01 8.899849e-01 5.000000e-01 5.000000e-01 1.515112e+00 -0.411374 -0.098769 -0.115124 0.839160 -0.115124 -0.098769 0.411374 -0.073961 -0.087446 -0.088559 -0.087446 -0.073961 0.000000 
5.000000e-01 5.000000e-01 8.790622e-01 5.000000e-01 5.000000e-01 1.515112e+00 -0.418544 -0.097811 -0.113504 0.841173 -0.113504 -0.097811 0.418544 -0.075195 -0.088988 -0.090178 -0.088988 -0.075195 0.000000 
5.000000e-01 5.000000e-01 8.680908e-01 5.000000e-01 5.000000e-01 1.515112e+00 -0.425746 -0.096825 -0.111882 0.843160 -0.111882 -0.096825 0.425746 -0.076429 -0.090538 -0.091812 -0.090538 -0.076429 0.000000 
5.000000e-01 5.000000e-01 8.570710e-01 5.000000e-01 5.000000e-01 1.515112e+00 -0.432979 -0.095813 -0.110260 0.845125 -0.110260 -0.095813 0.432980 -0.077663 -0.092096 -0.093460 -0.092096 -0.077663 0.000000 
5.000000e-01 5.000000e-01 8.460034e-01 5.000000e-01 5.000000e-01 1.515112e+00 -0.440245 -0.094776 -0.108635 0.847068 -0.108635 -0.094776 0.440245 -0.078896 -0.093663 -0.095125 -0.093663 -0.078896 0.000000 
5.000000e-01 5.000000e-01 8.348882e-01 5.000000e-01 5.000000e-01 1.515112e+00 -0.447541 -0.093716 -0.107010 0.848992 -0.107010 -0.093716 0.447541 -0.080128 -0.095239 -0.096805 -0.095239 -0.080128 0.000000 
5.000000e-01 5.000000e-01 8.237260e-01 5.000000e-01 5.000000e-01 1.515112e+00 -0.454869 -0.092633 -0.105382 0.850898 -0.105382 -0.092633 0.454869 -0.081358 -0.096824 -0.098503 -0.096824 -0.081358 0.000000 
5.000000e-01 5.000000e-01 8.125171e-01 5.000000e-01 5.000000e-01 1.515112e+00 -0.462227 -0.091528 -0.103752 0.852787 -0.103752 -0.091528 0.462227 -0.082586 -0.098418 -0.100218 -0.098418 -0.082586 0.000000 
5.000000e-01 5.000000e-01 8.012620e-01 5.000000e-01 5.000000e-01 1.515112e+00 -0.469615 -0.090403 -0.102120 0.854661 -0.102120 -0.090403 0.469615 -0.083810 -0.100021 -0.101952 -0.100021 -0.083810 0.000000 
5.000000e-01 5.000000e-01 7.899611e-01 5.000000e-01 5.000000e-01 1.515112e+00 -0.477033 -0.089258 -0.100486 0.856522 -0.100486 -0.089258 0.477034 -0.085031 -0.101633 -0.103705 -0.101633 -0.085031 0.000000 
5.000000e-01 5.000000e-01 7.786147e-01 5.000000e-01 5.000000e-01 1.515112e+00 -0.484482 -0.088094 -0.098849 0.858368 -0.098849 -0.088094 0.484482 -0.086246 -0.103255 -0.105481 -0.103255 -0.086246 0.000000 
5.000000e-01 5.000000e-01 7.672234e-01 5.000000e-01 5.000000e-01 1.515112e+00 -0.491960 -0.086911 -0.097210 0.860202 -0.097210 -0.086911 0.491960 -0.087455 -0.104886 -0.107278 -0.104886 -0.087455 0.000000 
5.000000e-01 5.000000e-01 7.557874e-01 5.000000e-01 5.000000e-01 1.515112e+00 -0.499467 -0.085711 -0.095568 0.862026 -0.095568 -0.085711 0.499467 -0.088657 -0.106527 -0.109098 -0.106527 -0.088657 0.000000 
5.000000e-01 5.000000e-01 7.443072e-01 5.000000e-01 5.000000e-01 1.515112e+00 -0.507003 -0.084496 -0.093923 0.863841 -0.093923 -0.084496 0.507003 -0.089852 -0.108178 -0.110943 -0.108178 -0.089852 0.000000 
5.000000e-01 5.000000e-01 7.327831e-01 5.000000e-01 5.000000e-01 1.515112e+00 -0.514568 -0.083264 -0.092276 0.865648 -0.092276 -0.083264 0.514568 -0.091038 -0.109839 -0.112813 -0.109839 -0.091038 0.000000 
5.000000e-01 5.000000e-01 7.212156e-01 5.000000e-01 5.000000e-01 1.515112e+00 -0.522161 -0.082018 -0.090625 0.867447 -0.090625 -0.082018 0.522161 -0.092214 -0.111511 -0.114711 -0.111511 -0.092214 0.000000 
5.000000e-01 5.000000e-01 7.096050e-01 5.000000e-01 5.000000e-01 1.515112e+00 -0.529783 -0.080757 -0.088970 0.869239 -0.088970 -0.080757 0.529783 -0.093379 -0.113193 -0.116638 -0.113193 -0.093379 0.000000 
5.000000e-01 5.000000e-01 6.979517e-01 5.000000e-01 5.000000e-01 1.515112e+00 -0.537433 -0.079482 -0.087313 0.871023 -0.087313 -0.079482 0.537433 -0.094530 -0.114887 -0.118599 -0.114887 -0.094530 0.000000 
5.000000e-01 5.000000e-01 6.862561e-01 5.000000e-01 5.000000e-01 1.515112e+00 -0.545110 -0.078194 -0.085652 0.872803 -0.085652 -0.078194 0.545110 -0.095666 -0.116592 -0.120593 -0.116592 -0.095666 0.000000 
5.000000e-01 5.000000e-01 6.745186e-01 5.000000e-01 5.000000e-01 1.515112e+00 -0.552815 -0.076894 -0.083988 0.874579 -0.083988 -0.076894 0.552815 -0.096787 -0.118309 -0.122623 -0.118309 -0.096787 0.000000 
5.000000e-01 5.000000e-01 6.627394e-01 5.000000e-01 5.000000e-01 1.515112e+00 -0.560548 -0.075581 -0.082320 0.876350 -0.082320 -0.075581 0.560548 -0.097891 -0.120037 -0.124691 -0.120037 -0.097891 0.000000 
5.000000e-01 5.000000e-01 6.509190e-01 5.000000e-01 5.000000e-01 1.515112e+00 -0.568307 -0.074258 -0.080648 0.878118 -0.080648 -0.074258 0.568307 -0.098976 -0.121778 -0.126799 -0.121778 -0.098976 0.000000 
5.000000e-01 5.000000e-01 6.390578e-01 5.000000e-01 5.000000e-01 1.515112e+00 -0.576093 -0.072922 -0.078973 0.879883 -0.078973 -0.072922 0.576093 -0.100038 -0.123532 -0.128954 -0.123532 -0.100038 0.000000 
5.000000e-01 5.000000e-01 6.271560e-01 5.000000e-01 5.000000e-01 1.515112e+00 -0.583906 -0.071576 -0.077293 0.881645 -0.077293 -0.071576 0.583906 -0.101075 -0.125299 -0.131158 -0.125299 -0.101075 0.000000 
5.000000e-01 5.000000e-01 6.152141e-01 5.000000e-01 5.000000e-01 1.515112e+00 -0.591745 -0.070220 -0.075610 0.883406 -0.075610 -0.070220 0.591745 -0.102086 -0.127080 -0.133413 -0.127080 -0.102086 0.000000 
5.000000e-01 5.000000e-01 6.032324e-01 5.000000e-01 5.000000e-01 1.515112e+00 -0.599610 -0.068854 -0.073923 0.885165 -0.073923 -0.068854 0.599610 -0.103069 -0.128875 -0.135723 -0.128875 -0.103069 0.000000 
5.000000e-01 5.000000e-01 5.912112e-01 5.000000e-01 5.000000e-01 1.515112e+00 -0.607501 -0.067479 -0.072232 0.886924 -0.072232 -0.067479 0.607501 -0.104021 -0.130684 -0.138092 -0.130684 -0.104021 0.000000 
5.000000e-01 5.000000e-01 5.791509e-01 5.000000e-01 5.000000e-01 1.515112e+00 -0.615418 -0.066095 -0.070537 0.888681 -0.070537 -0.066095 0.615418 -0.104937 -0.132508 -0.140528 -0.132508 -0.104937 0.000000 
5.000000e-01 5.000000e-01 5.670518e-01 5.000000e-01 5.000000e-01 1.515112e+00 -0.623360 -0.064702 -0.068837 0.890438 -0.068837 -0.064702 0.623360 -0.105812 -0.134348 -0.143039 -0.134348 -0.105812 0.000000 
5.000000e-01 5.000000e-01 5.549142e-01 5.000000e-01 5.000000e-01 1.515112e+00 -0.631327 -0.063300 -0.067134 0.892195 -0.067134 -0.063300 0.631327 -0.106648 -0.136204 -0.145624 -0.136204 -0.106648 0.000000 
5.000000e-01 5.000000e-01 5.427385e-01 5.000000e-01 5.000000e-01 1.515112e+00 -0.639319 -0.061890 -0.065426 0.893953 -0.065426 -0.061890 0.639320 -0.107438 -0.138075 -0.148292 -0.138075 -0.107438 0.000000 
5.000000e-01 5.000000e-01 5.305250e-01 5.000000e-01 5.000000e-01 1.515112e+00 -0.647336 -0.060473 -0.063715 0.895712 -0.063715 -0.060473 0.647337 -0.108182 -0.139963 -0.151047 -0.139963 -0.108182 0.000000 
5.000000e-01 5.000000e-01 5.182740e-01 5.000000e-01 5.000000e-01 1.515112e+00 -0.655378 -0.059048 -0.061999 0.897471 -0.061999 -0.059048 0.655378 -0.108866 -0.141869 -0.153908 -0.141869 -0.108866 0.000000 
5.000000e-01 5.000000e-01 5.059859e-01 5.000000e-01 5.000000e-01 1.515112e+00 -0.663444 -0.057615 -0.060278 0.899231 -0.060278 -0.057615 0.663444 -0.109491 -0.143792 -0.156878 -0.143792 -0.109491 0.000000 
5.000000e-01 5.000000e-01 4.936609e-01 5.000000e-01 5.000000e-01 1.515112e+00 -0.671534 -0.056175 -0.058554 0.900993 -0.058554 -0.056175 0.671534 -0.110054 -0.145731 -0.159963 -0.145731 -0.110054 0.000000 
5.000000e-01 5.000000e-01 4.812993e-01 5.000000e-01 5.000000e-01 1.515112e+00 -0.679648 -0.054729 -0.056825 0.902757 -0.056825 -0.054729 0.679648 -0.110550 -0.147688 -0.163173 -0.147688 -0.110550 0.000000 
5.000000e-01 5.000000e-01 4.689016e-01 5.000000e-01 5.000000e-01 1.515112e+00 -0.687785 -0.053276 -0.055092 0.904522 -0.055092 -0.053276 0.687785 -0.110967 -0.149661 -0.166528 -0.149661 -0.110967 0.000000 
5.000000e-01 5.000000e-01 4.564679e-01 5.000000e-01 5.000000e-01 1.515112e+00 -0.695946 -0.051816 -0.053355 0.906289 -0.053355 -0.051816 0.695946 -0.111299 -0.151652 -0.170045 -0.151652 -0.111299 0.000000 
5.000000e-01 5.000000e-01 4.439986e-01 5.000000e-01 5.000000e-01 1.515112e+00 -0.704131 -0.050350 -0.051613 0.908059 -0.051613 -0.050350 0.704131 -0.111544 -0.153657 -0.173728 -0.153657 -0.111544 0.000000 
5.000000e-01 5.000000e-01 4.314940e-01 5.000000e-01 5.000000e-01 1.515112e+00 -0.712338 -0.048879 -0.049868 0.909830 -0.049868 -0.048879 0.712338 -0.111697 -0.155677 -0.177590 -0.155677 -0.111697 0.000000 
5.000000e-01 5.000000e-01 4.189544e-01 5.000000e-01 5.000000e-01 1.515112e+00 -0.720568 -0.047401 -0.048117 0.911605 -0.048117 -0.047401 0.720568 -0.111743 -0.157709 -0.181663 -0.157709 -0.111743 0.000000 
5.000000e-01 5.000000e-01 4.063801e-01 5.000000e-01 5.000000e-01 1.515112e+00 -0.728821 -0.045917 -0.046363 0.913381 -0.046363 -0.045917 0.728821 -0.111670 -0.159752 -0.185977 -0.159752 -0.111670 0.000000 
5.000000e-01 5.000000e-01 3.937713e-01 5.000000e-01 5.000000e-01 1.515112e+00 -0.737096 -0.044428 -0.044604 0.915161 -0.044604 -0.044428 0.737097 -0.111480 -0.161802 -0.190533 -0.161802 -0.111480 0.000000 
5.000000e-01 5.000000e-01 3.811283e-01 5.000000e-01 5.000000e-01 1.515112e+00 -0.745394 -0.042933 -0.042841 0.916944 -0.042841 -0.042933 0.745394 -0.111165 -0.163854 -0.195356 -0.163854 -0.111165 0.000000 
5.000000e-01 5.000000e-01 3.684515e-01 5.000000e-01 5.000000e-01 1.515112e+00 -0.753714 -0.041433 -0.041074 0.918729 -0.041074 -0.041433 0.753714 -0.110701 -0.165904 -0.200503 -0.165904 -0.110701 0.000000 
5.000000e-01 5.000000e-01 3.557411e-01 5.000000e-01 5.000000e-01 1.515112e+00 -0.762055 -0.039928 -0.039303 0.920517 -0.039303 -0.039928 0.762056 -0.110081 -0.167944 -0.206004 -0.167944 -0.110081 0.000000 
5.000000e-01 5.000000e-01 3.429974e-01 5.000000e-01 5.000000e-01 1.515112e+00 -0.770419 -0.038418 -0.037527 0.922308 -0.037527 -0.038418 0.770419 -0.109306 -0.169967 -0.211873 -0.169967 -0.109306 0.000000 
5.000000e-01 5.000000e-01 3.302207e-01 5.000000e-01 5.000000e-01 1.515112e+00 -0.778804 -0.036903 -0.035747 0.924103 -0.035747 -0.036903 0.778804 -0.108365 -0.171963 -0.218148 -0.171963 -0.108365 0.000000 
5.000000e-01 5.000000e-01 3.174112e-01 5.000000e-01 5.000000e-01 1.515112e+00 -0.787210 -0.035383 -0.033963 0.925901 -0.033963 -0.035383 0.787210 -0.107216 -0.173912 -0.224954 -0.173912 -0.107216 0.000000 
5.000000e-01 5.000000e-01 3.045691e-01 5.000000e-01 5.000000e-01 1.515112e+00 -0.795637 -0.033858 -0.032174 0.927702 -0.032174 -0.033858 0.795637 -0.105875 -0.175802 -0.232283 -0.175802 -0.105875 0.000000 
5.000000e-01 5.000000e-01 2.916948e-01 5.000000e-01 5.000000e-01 1.515112e+00 -0.804085 -0.032328 -0.030382 0.929506 -0.030382 -0.032328 0.804086 -0.104332 -0.177616 -0.240189 -0.177616 -0.104332 0.000000 
5.000000e-01 5.000000e-01 2.787886e-01 5.000000e-01 5.000000e-01 1.515112e+00 -0.812555 -0.030794 -0.028585 0.931314 -0.028585 -0.030794 0.812555 -0.102559 -0.179322 -0.248792 -0.179322 -0.102559 0.000000 
5.000000e-01 5.000000e-01 2.658505e-01 5.000000e-01 5.000000e-01 1.515112e+00 -0.821045 -0.029256 -0.026784 0.933125 -0.026784 -0.029256 0.821045 -0.100536 -0.180881 -0.258210 -0.180881 -0.100536 0.000000 
5.000000e-01 5.000000e-01 2.528809e-01 5.000000e-01 5.000000e-01 1.515112e+00 -0.829555 -0.027713 -0.024979 0.934940 -0.024979 -0.027713 0.829555 -0.098273 -0.182270 -0.268468 -0.182270 -0.098273 0.000000 
5.000000e-01 5.000000e-01 2.398800e-01 5.000000e-01 5.000000e-01 1.515112e+00 -0.838086 -0.026166 -0.023170 0.936758 -0.023170 -0.026166 0.838086 -0.095759 -0.183446 -0.279677 -0.183446 -0.095759 0.000000 
5.000000e-01 5.000000e-01 2.268480e-01 5.000000e-01 5.000000e-01 1.515112e+00 -0.846638 -0.024615 -0.021357 0.938580 -0.021357 -0.024615 0.846638 -0.092936 -0.184299 -0.292166 -0.184299 -0.092936 0.000000 
5.000000e-01 5.000000e-01 2.137851e-01 5.000000e-01 5.000000e-01 1.515112e+00 -0.855210 -0.023059 -0.019539 0.940406 -0.019539 -0.023059 0.855210 -0.089840 -0.184808 -0.305913 -0.184808 -0.089840 0.000000 
5.000000e-01 5.000000e-01 2.006914e-01 5.000000e-01 5.000000e-01 1.515112e+00 -0.863802 -0.021499 -0.017717 0.942235 -0.017717 -0.021499 0.863802 -0.086461 -0.184895 -0.321089 -0.184895 -0.086461 0.000000 
5.000000e-01 5.000000e-01 1.875669e-01 5.000000e-01 5.000000e-01 1.515112e+00 -0.872416 -0.019935 -0.015891 0.944068 -0.015891 -0.019935 0.872416 -0.082749 -0.184376 -0.338166 -0.184376 -0.082749 0.000000 
5.000000e-01 5.000000e-01 1.744118e-01 5.000000e-01 5.000000e-01 1.515112e+00 -0.881051 -0.018367 -0.014061 0.945906 -0.014061 -0.018367 0.881051 -0.078726 -0.183171 -0.357257 -0.183171 -0.078726 0.000000 
5.000000e-01 5.000000e-01 1.612260e-01 5.000000e-01 5.000000e-01 1.515112e+00 -0.889707 -0.016794 -0.012226 0.947747 -0.012226 -0.016794 0.889707 -0.074401 -0.181164 -0.378577 -0.181164 -0.074401 0.000000 
5.000000e-01 5.000000e-01 1.480092e-01 5.000000e-01 5.000000e-01 1.515112e+00 -0.898388 -0.015217 -0.010386 0.949593 -0.010386 -0.015217 0.898388 -0.069735 -0.178055 -0.402807 -0.178055 -0.069735 0.000000 
5.000000e-01 5.000000e-01 1.347610e-01 5.000000e-01 5.000000e-01 1.515112e+00 -0.907093 -0.013635 -0.008541 0.951444 -0.008541 -0.013635 0.907093 -0.064742 -0.173650 -0.430309 -0.173650 -0.064742 0.000000 
5.000000e-01 5.000000e-01 1.214807e-01 5.000000e-01 5.000000e-01 1.515112e+00 -0.915825 -0.012047 -0.006690 0.953300 -0.006690 -0.012047 0.915825 -0.059446 -0.167792 -0.461349 -0.167792 -0.059446 0.000000 
5.000000e-01 5.000000e-01 1.081674e-01 5.000000e-01 5.000000e-01 1.515112e+00 -0.924589 -0.010454 -0.004833 0.955163 -0.004833 -0.010454 0.924589 -0.053824 -0.160000 -0.496941 -0.160000 -0.053824 0.000000 
5.000000e-01 5.000000e-01 9.481973e-02 5.000000e-01 5.000000e-01 1.515112e+00 -0.933389 -0.008854 -0.002968 0.957033 -0.002968 -0.008854 0.933389 -0.047890 -0.149949 -0.537710 -0.149949 -0.047890 0.000000 
5.000000e-01 5.000000e-01 8.143566e-02 5.000000e-01 5.000000e-01 1.515112e+00 -0.942230 -0.007246 -0.001094 0.958912 -0.001094 -0.007246 0.942230 -0.041681 -0.137490 -0.583888 -0.137490 -0.041681 0.000000 
5.000000e-01 5.000000e-01 6.801300e-02 5.000000e-01 5.000000e-01 1.515112e+00 -0.951123 -0.005629 0.000790 0.960801 0.000790 -0.005629 0.951123 -0.035184 -0.121984 -0.636787 -0.121984 -0.035184 0.000000 
5.000000e-01 5.000000e-01 5.454946e-02 5.000000e-01 5.000000e-01 1.515112e+00 -0.960075 -0.004001 0.002687 0.962703 0.002687 -0.004001 0.960075 -0.028428 -0.103243 -0.696733 -0.103243 -0.028428 0.000000 
5.000000e-01 5.000000e-01 4.104320e-02 5.000000e-01 5.000000e-01 1.515112e+00 -0.969090 -0.002362 0.004598 0.964618 0.004598 -0.002362 0.969090 -0.021457 -0.081429 -0.763318 -0.081429 -0.021457 0.000000 
5.000000e-01 5.000000e-01 2.749404e-02 5.000000e-01 5.000000e-01 1.515112e+00 -0.978176 -0.000709 0.006523 0.966548 0.006523 -0.000709 0.978176 -0.014279 -0.056333 -0.836951 -0.056333 -0.014279 0.000000 
5.000000e-01 5.000000e-01 1.390440e-02 5.000000e-01 5.000000e-01 1.515112e+00 -0.987322 0.000955 0.008461 0.968491 0.008461 0.000955 0.987322 -0.006958 -0.028806 -0.915795 -0.028806 -0.006958 0.000000 
5.000000e-01 5.000000e-01 4.999883e-03 5.000000e-01 5.000000e-01 1.515112e+00 -0.993328 0.002047 0.009734 0.969766 0.009734 0.002047 0.993328 -0.002121 -0.009988 -0.969109 -0.009988 -0.002121 0.000000 
5.000000e-01 5.000000e-01 4.999883e-03 5.000000e-01 5.000000e-01 1.515112e+00 -0.993328 0.002047 0.009734 0.969766 0.009734 0.002047 0.993328 -0.002121 -0.009988 -0.969109 -0.009988 -0.002121 0.000000 
5.000000e-01 5.000000e-01 4.999883e-03 5.000000e-01 5.000000e-01 1.515112e+00 -0.993328 0.002047 0.009734 0.969766 0.009734 0.002047 0.993328 -0.002121 -0.009988 -0.969109 -0.009988 -0.002121 0.000000 
5.000000e-01 5.000000e-01 4.999883e-03 5.000000e-01 5.000000e-01 1.515112e+00 -0.993328 0.002047 0.009734 0.969766 0.009734 0.002047 0.993328 -0.002121 -0.009988 -0.969109 -0.009988 -0.002121 0.000000 
5.000000e-01 5.000000e-01 4.999883e-03 5.000000e-01 5.000000e-01 1.515112e+00 -0.993328 0.002047 0.009734 0.969766 0.009734 0.002047 0.993328 -0.002121 -0.009988 -0.969109 -0.009988 -0.002121 0.000000 
5.000000e-01 5.000000e-01 4.999883e-03 5.000000e-01 5.000000e-01 1.515112e+00 -0.993328 0.002047 0.009734 0.969766 0.009734 0.002047 0.993328 -0.002121 -0.009988 -0.969109 -0.009988 -0.002121 0.000000 
5.000000e-01 5.000000e-01 4.999883e-03 5.000000e-01 5.000000e-01 1.515112e+00 -0.993328 0.002047 0.009734 0.969766 0.009734 0.002047 0.993328 -0.002121 -0.009988 -0.969109 -0.009988 -0.002121 0.000000 
5.000000e-01 5.000000e-01 4.999883e-03 5.000000e-01 5.000000e-01 1.515112e+00 -0.993328 0.002047 0.009734 0.969766 0.009734 0.002047 0.993328 -0.002121 -0.009988 -0.969109 -0.009988 -0.002121 0.000000 
5.000000e-01 5.000000e-01 4.999883e-03 5.000000e-01 5.000000e-01 1.515112e+00 -0.993328 0.002047 0.009734 0.969766 0.009734 0.002047 0.993328 -0.002121 -0.009988 -0.969109 -0.009988 -0.002121 0.000000 
5.000000e-01 5.000000e-01 4.999883e-03 5.000000e-01 5.000000e-01 1.515112e+00 -0.993328 0.002047 0.009734 0.969766 0.009734 0.002047 0.993328 -0.002121 -0.009988 -0.969109 -0.009988 -0.002121 0.000000 
5.000000e-01 5.000000e-01 4.999883e-03 5.000000e-01 5.000000e-01 1.515112e+00 -0.993328 0.002047 0.009734 0.969766 0.009734 0.002047 0.993328 -0.002121 -0.009988 -0.969109 -0.009988 -0.002121 0.000000 
5.000000e-01 5.000000e-01 4.999883e-03 5.000000e-01 5.000000e-01 1.515112e+00 -0.993328 0.002047 0.009734 0.969766 0.009734 0.002047 0.993328 -0.002121 -0.009988 -0.969109 -0.009988 -0.002121 0.000000 
5.000000e-01 5.000000e-01 4.999883e-03 5.000000e-01 5.000000e-01 1.515112e+00 -0.993328 0.002047 0.009734 0.969766 0.009734 0.002047 0.993328 -0.002121 -0.009988 -0.969109 -0.009988 -0.002121 0.000000 
5.000000e-01 5.000000e-01 4.999883e-03 5.000000e-01 5.000000e-01 1.515112e+00 -0.993328 0.002047 0.009734 0.969766 0.009734 0.002047 0.993328 -0.002121 -0.009988 -0.969109 -0.009988 -0.002121 0.000000 
5.000000e-01 5.000000e-01 4.999883e-03 5.000000e-01 5.000000e-01 1.515112e+00 -0.993328 0.002047 0.009734 0.969766 0.009734 0.002047 0.993328 -0.002121 -0.009988 -0.969109 -0.009988 -0.002121 0.000000 
5.000000e-01 5.000000e-01 4.999883e-03 5.000000e-01 5.000000e-01 1.515112e+00 -0.993328 0.002047 0.009734 0.969766 0.009734 0.002047 0.993328 -0.002121 -0.009988 -0.969109 -0.009988 -0.002121 0.000000 
5.000000e-01 5.000000e-01 4.999883e-03 5.000000e-01 5.000000e-01 1.515112e+00 -0.993328 0.002047 0.009734 0.969766 0.009734 0.002047 0.993328 -0.002121 -0.009988 -0.969109 -0.009988 -0.002121 0.000000 
5.000000e-01 5.000000e-01 4.999883e-03 5.000000e-01 5.000000e-01 1.515112e+00 -0.993328 0.002047 0.009734 0.969766 0.009734 0.002047 0.993328 -0.002121 -0.009988 -0.969109 -0.009988 -0.002121 0.000000 
5.000000e-01 5.000000e-01 4.999883e-03 5.000000e-01 5.000000e-01 1.515112e+00 -0.993328 0.002047 0.009734 0.969766 0.009734 0.002047 0.993328 -0.002121 -0.009988 -0.969109 -0.009988 -0.002121 0.000000 
5.000000e-01 5.000000e-01 4.999883e-03 5.000000e-01 5.000000e-01 1.515112e+00 -0.993328 0.002047 0.009734 0.969766 0.009734 0.002047 0.993328 -0.002121 -0.009988 -0.969109 -0.009988 -0.002121 0.000000 
5.000000e-01 5.000000e-01 4.999883e-03 5.000000e-01 5.000000e-01 1.515112e+00 -0.993328 0.002047 0.009734 0.969766 0.009734 0.002047 0.993328 -0.002121 -0.009988 -0.969109 -0.009988 -0.002121 0.000000 
5.000000e-01 5.000000e-01 4.999883e-03 5.000000e-01 5.000000e-01 1.515112e+00 -0.993328 0.002047 0.009734 0.969766 0.009734 0.002047 0.993328 -0.002121 -0.009988 -0.969109 -0.009988 -0.002121 0.000000 
5.000000e-01 5.000000e-01 4.999883e-03 5.000000e-01 5.000000e-01 1.515112e+00 -0.993328 0.002047 0.009734 0.969766 0.009734 0.002047 0.993328 -0.002121 -0.009988 -0.969109 -0.009988 -0.002121 0.000000 
5.000000e-01 5.000000e-01 4.999883e-03 5.000000e-01 5.000000e-01 1.515112e+00 -0.993328 0.002047 0.009734 0.969766 0.009734 0.002047 0.993328 -0.002121 -0.009988 -0.969109 -0.009988 -0.002121 0.000000 
5.000000e-01 5.000000e-01 4.999883e-03 5.000000e-01 5.000000e-01 1.515112e+00 -0.993328 0.002047 0.009734 0.969766 0.009734 0.002047 0.993328 -0.002121 -0.009988 -0.969109 -0.009988 -0.002121 0.000000 
5.000000e-01 5.000000e-01 4.999883e-03 5.000000e-01 5.000000e-01 1.515112e+00 -0.993328 0.002047 0.009734 0.969766 0.009734 0.002047 0.993328 -0.002121 -0.009988 -0.969109 -0.009988 -0.002121 0.000000 
5.000000e-01 5.000000e-01 4.999883e-03 5.000000e-01 5.000000e-01 1.515112e+00 -0.993328 0.002047 0.009734 0.969766 0.009734 0.002047 0.993328 -0.002121 -0.009988 -0.969109 -0.009988 -0.002121 0.000000 
5.000000e-01 5.000000e-01 4.999883e-03 5.000000e-01 5.000000e-01 1.515112e+00 -0.993328 0.002047 0.009734 0.969766 0.009734 0.002047 0.993328 -0.002121 -0.009988 -0.969109 -0.009988 -0.002121 0.000000 
5.000000e-01 5.000000e-01 4.999883e-03 5.000000e-01 5.000000e-01 1.515112e+00 -0.993328 0.002047 0.009734 0.969766 0.009734 0.002047 0.993328 -0.002121 -0.009988 -0.969109 -0.009988 -0.002121 0.000000 
5.000000e-01 5.000000e-01 4.999883e-03 5.000000e-01 5.000000e-01 1.515112e+00 -0.993328 0.002047 0.009734 0.969766 0.009734 0.002047 0.993328 -0.002121 -0.009988 -0.969109 -0.009988 -0.002121 0.000000 
5.000000e-01 5.000000e-01 4.999883e-03 5.000000e-01 5.000000e-01 1.515112e+00 -0.993328 0.002047 0.009734 0.969766 0.009734 0.002047 0.993328 -0.002121 -0.009988 -0.969109 -0.009988 -0.002121 0.000000 
5.000000e-01 5.000000e-01 4.999883e-03 5.000000e-01 5.000000e-01 1.515112e+00 -0.993328 0.002047 0.009734 0.969766 0.009734 0.002047 0.993328 -0.002121 -0.009988 -0.969109 -0.009988 -0.002121 0.000000 
5.000000e-01 5.000000e-01 4.999883e-03 5.000000e-01 5.000000e-01 1.515112e+00 -0.993328 0.002047 0.009734 0.969766 0.009734 0.002047 0.993328 -0.002121 -0.009988 -0.969109 -0.009988 -0.002121 0.000000 
5.000000e-01 5.000000e-01 4.999883e-03 5.000000e-01 5.000000e-01 1.515112e+00 -0.993328 0.002047 0.009734 0.969766 0.009734 0.002047 0.993328 -0.002121 -0.009988 -0.969109 -0.009988 -0.002121 0.000000 
5.000000e-01 5.000000e-01 4.999883e-03 5.000000e-01 5.000000e-01 1.515112e+00 -0.993328 0.002047 0.009734 0.969766 0.009734 0.002047 0.993328 -0.002121 -0.009988 -0.969109 -0.009988 -0.002121 0.000000 
5.000000e-01 5.000000e-01 4.999883e-03 5.000000e-01 5.000000e-01 1.515112e+00 -0.993328 0.002047 0.009734 0.969766 0.009734 0.002047 0.993328 -0.002121 -0.009988 -0.969109 -0.009988 -0.002121 0.000000 
5.000000e-01 5.000000e-01 4.999883e-03 5.000000e-01 5.000000e-01 1.515112e+00 -0.993328 0.002047 0.009734 0.969766 0.009734 0.002047 0.993328 -0.002121 -0.009988 -0.969109 -0.009988 -0.002121 0.000000 
5.000000e-01 5.000000e-01 4.999883e-03 5.000000e-01 5.000000e-01 1.515112e+00 -0.993328 0.002047 0.009734 0.969766 0.009734 0.002047 0.993328 -0.002121 -0.009988 -0.969109 -0.009988 -0.002121 0.000000 
5.000000e-01 5.000000e-01 4.999883e-03 5.000000e-01 5.000000e-01 1.515112e+00 -0.993328 0.002047 0.009734 0.969766 0.009734 0.002047 0.993328 -0.002121 -0.009988 -0.969109 -0.009988 -0.002121 0.000000 
5.000000e-01 5.000000e-01 4.999883e-03 5.000000e-01 5.000000e-01 1.515112e+00 -0.993328 0.002047 0.009734 0.969766 0.009734 0.002047 0.993328 -0.002121 -0.009988 -0.969109 -0.009988 -0.002121 0.000000 
5.000000e-01 5.000000e-01 4.999883e-03 5.000000e-01 5.000000e-01 1.515112e+00 -0.993328 0.002047 0.009734 0.969766 0.009734 0.002047 0.993328 -0.002121 -0.009988 -0.969109 -0.009988 -0.002121 0.000000 
5.000000e-01 5.000000e-01 4.999883e-03 5.000000e-01 5.000000e-01 1.515112e+00 -0.993328 0.002047 0.009734 0.969766 0.009734 0.002047 0.993328 -0.002121 -0.009988 -0.969109 -0.009988 -0.002121 0.000000 
5.000000e-01 5.000000e-01 4.999883e-03 5.000000e-01 5.000000e-01 1.515112e+00 -0.993328 0.002047 0.009734 0.969766 0.009734 0.002047 0.993328 -0.002121 -0.009988 -0.969109 -0.009988 -0.002121 0.000000 
5.000000e-01 5.000000e-01 4.999883e-03 5.000000e-01 5.000000e-01 1.515112e+00 -0.993328 0.002047 0.009734 0.969766 0.009734 0.002047 0.993328 -0.002121 -0.009988 -0.969109 -0.009988 -0.002121 0.000000 
5.000000e-01 5.000000e-01 4.999883e-03 5.000000e-01 5.000000e-01 1.515112e+00 -0.993328 0.002047 0.009734 0.969766 0.009734 0.002047 0.993328 -0.002121 -0.009988 -0.969109 -0.009988 -0.002121 0.000000 
5.000000e-01 5.000000e-01 4.999883e-03 5.000000e-01 5.000000e-01 1.515112e+00 -0.993328 0.002047 0.009734 0.969766 0.009734 0.002047 0.993328 -0.002121 -0.009988 -0.969109 -0.009988 -0.002121 0.000000 
5.000000e-01 5.000000e-01 4.999883e-03 5.000000e-01 5.000000e-01 1.515112e+00 -0.993328 0.002047 0.009734 0.969766 0.009734 0.002047 0.993328 -0.002121 -0.009988 -0.969109 -0.009988 -0.002121 0.000000 
5.000000e-01 5.000000e-01 4.999883e-03 5.000000e-01 5.000000e-01 1.515112e+00 -0.993328 0.002047 0.009734 0.969766 0.009734 0.002047 0.993328 -0.002121 -0.009988 -0.969109 -0.009988 -0.002121 0.000000 
5.000000e-01 5.000000e-01 4.999883e-03 5.000000e-01 5.000000e-01 1.515112e+00 -0.993328 0.002047 0.009734 0.969766 0.009734 0.002047 0.993328 -0.002121 -0.009988 -0.969109 -0.009988 -0.002121 0.000000 
5.000000e-01 5.000000e-01 4.999883e-03 5.000000e-01 5.000000e-01 1.515112e+00 -0.993328 0.002047 0.009734 0.969766 0.009734 0.002047 0.993328 -0.002121 -0.009988 -0.969109 -0.009988 -0.002121 0.000000 
5.000000e-01 5.000000e-01 4.999883e-03 5.000000e-01 5.000000e-01 1.515112e+00 -0.993328 0.002047 0.009734 0.969766 0.009734 0.002047 0.993328 -0.002121 -0.009988 -0.969109 -0.009988 -0.002121 0.000000 
5.000000e-01 5.000000e-01 4.999883e-03 5.000000e-01 5.000000e-01 1.515112e+00 -0.993328 0.002047 0.009734 0.969766 0.009734 0.002047 0.993328 -0.002121 -0.009988 -0.969109 -0.009988 -0.002121 0.000000 
5.000000e-01 5.000000e-01 4.999883e-03 5.000000e-01 5.000000e-01 1.515112e+00 -0.993328 0.002047 0.009734 0.969766 0.009734 0.002047 0.993328 -0.002121 -0.009988 -0.969109 -0.009988 -0.002121 0.000000 
5.000000e-01 5.000000e-01 4.999883e-03 5.000000e-01 5.000000e-01 1.515112e+00 -0.993328 0.002047 0.009734 0.969766 0.009734 0.002047 0.993328 -0.002121 -0.009988 -0.969109 -0.009988 -0.002121 0.000000 
5.000000e-01 5.000000e-01 4.999883e-03 5.000000e-01 5.000000e-01 1.515112e+00 -0.993328 0.002047 0.009734 0.969766 0.009734 0.002047 0.993328 -0.002121 -0.009988 -0.969109 -0.009988 -0.002121 0.000000 
5.000000e-01 5.000000e-01 4.999883e-03 5.000000e-01 5.000000e-01 1.515112e+00 -0.993328 0.002047 0.009734 0.969766 0.009734 0.002047 0.993328 -0.002121 -0.009988 -0.969109 -0.009988 -0.002121 0.000000 
5.000000e-01 5.000000e-01 4.999883e-03 5.000000e-01 5.000000e-01 1.515112e+00 -0.993328 0.002047 0.009734 0.969766 0.009734 0.002047 0.993328 -0.002121 -0.009988 -0.969109 -0.009988 -0.002121 0.000000 
5.000000e-01 5.000000e-01 4.999883e-03 5.000000e-01 5.000000e-01 1.515112e+00 -0.993328 0.002047 0.009734 0.969766 0.009734 0.002047 0.993328 -0.002121 -0.009988 -0.969109 -0.009988 -0.002121 0.000000 
5.000000e-01 5.000000e-01 4.999883e-03 5.000000e-01 5.000000e-01 1.515112e+00 -0.993328 0.002047 0.009734 0.969766 0.009734 0.002047 0.993328 -0.002121 -0.009988 -0.969109 -0.009988 -0.002121 0.000000 
5.000000e-01 5.000000e-01 4.999883e-03 5.000000e-01 5.000000e-01 1.515112e+00 -0.993328 0.002047 0.009734 0.969766 0.009734 0.002047 0.993328 -0.002121 -0.009988 -0.969109 -0.009988 -0.002121 0.000000 
5.000000e-01 5.000000e-01 4.999883e-03 5.000000e-01 5.000000e-01 1.515112e+00 -0.993328 0.002047 0.009734 0.969766 0.009734 0.002047 0.993328 -0.002121 -0.009988 -0.969109 -0.009988 -0.002121 0.000000 
5.000000e-01 5.000000e-01 4.999883e-03 5.000000e-01 5.000000e-01 1.515112e+00 -0.993328 0.002047 0.009734 0.969766 0.009734 0.002047 0.993328 -0.002121 -0.009988 -0.969109 -0.009988 -0.002121 0.000000 
5.000000e-01 5.000000e-01 4.999883e-03 5.000000e-01 5.000000e-01 1.515112e+00 -0.993328 0.002047 0.009734 0.969766 0.009734 0.002047 0.993328 -0.002121 -0.009988 -0.969109 -0.009988 -0.002121 0.000000 
5.000000e-01 5.000000e-01 4.999883e-03 5.000000e-01 5.000000e-01 1.515112e+00 -0.993328 0.002047 0.009734 0.969766 0.009734 0.002047 0.993328 -0.002121 -0.009988 -0.969109 -0.009988 -0.002121 0.000000 
5.000000e-01 5.000000e-01 4.999883e-03 5.000000e-01 5.000000e-01 1.515112e+00 -0.993328 0.002047 0.009734 0.969766 0.009734 0.002047 0.993328 -0.002121 -0.009988 -0.969109 -0.009988 -0.002121 0.000000 
5.000000e-01 5.000000e-01 4.999883e-03 5.000000e-01 5.000000e-01 1.515112e+00 -0.993328 0.002047 0.009734 0.969766 0.009734 0.002047 0.993328 -0.002121 -0.009988 -0.969109 -0.009988 -0.002121 0.000000 
5.000000e-01 5.000000e-01 4.999883e-03 5.000000e-01 5.000000e-01 1.515112e+00 -0.993328 0.002047 0.009734 0.969766 0.009734 0.002047 0.993328 -0.002121 -0.009988 -0.969109 -0.009988 -0.002121 0.000000 
5.000000e-01 5.000000e-01 4.999883e-03 5.000000e-01 5.000000e-01 1.515112e+00 -0.993328 0.002047 0.009734 0.969766 0.009734 0.002047 0.993328 -0.002121 -0.009988 -0.969109 -0.009988 -0.002121 0.000000 
5.000000e-01 5.000000e-01 4.999883e-03 5.000000e-01 5.000000e-01 1.515112e+00 -0.993328 0.002047 0.009734 0.969766 0.009734 0.002047 0.993328 -0.002121 -0.009988 -0.969109 -0.009988 -0.002121 0.000000 
5.000000e-01 5.000000e-01 4.999883e-03 5.000000e-01 5.000000e-01 1.515112e+00 -0.993328 0.002047 0.009734 0.969766 0.009734 0.002047 0.993328 -0.002121 -0.009988 -0.969109 -0.009988 -0.002121 0.000000 
5.000000e-01 5.000000e-01 4.999883e-03 5.000000e-01 5.000000e-01 1.515112e+00 -0.993328 0.002047 0.009734 0.969766 0.009734 0.002047 0.993328 -0.002121 -0.009988 -0.969109 -0.009988 -0.002121 0.000000 
5.000000e-01 5.000000e-01 4.999883e-03 5.000000e-01 5.000000e-01 1.515112e+00 -0.993328 0.002047 0.009734 0.969766 0.009734 0.002047 0.993328 -0.002121 -0.009988 -0.969109 -0.009988 -0.002121 0.000000 
5.000000e-01 5.000000e-01 4.999883e-03 5.000000e-01 5.000000e-01 1.515112e+00 -0.993328 0.002047 0.009734 0.969766 0.009734 0.002047 0.993328 -0.002121 -0.009988 -0.969109 -0.009988 -0.002121 0.000000 
5.000000e-01 5.000000e-01 4.999883e-03 5.000000e-01 5.000000e-01 1.515112e+00 -0.993328 0.002047 0.009734 0.969766 0.009734 0.002047 0.993328 -0.002121 -0.009988 -0.969109 -0.009988 -0.002121 0.000000 
5.000000e-01 5.000000e-01 4.999883e-03 5.000000e-01 5.000000e-01 1.515112e+00 -0.993328 0.002047 0.009734 0.969766 0.009734 0.002047 0.993328 -0.002121 -0.009988 -0.969109 -0.009988 -0.002121 0.000000 
5.000000e-01 5.000000e-01 4.999883e-03 5.000000e-01 5.000000e-01 1.515112e+00 -0.993328 0.002047 0.009734 0.969766 0.009734 0.002047 0.993328 -0.002121 -0.009988 -0.969109 -0.009988 -0.002121 0.000000 
5.000000e-01 5.000000e-01 4.999883e-03 5.000000e-01 5.000000e-01 1.515112e+00 -0.993328 0.002047 0.009734 0.969766 0.009734 0.002047 0.993328 -0.002121 -0.009988 -0.969109 -0.009988 -0.002121 0.000000 
5.000000e-01 5.000000e-01 4.999883e-03 5.000000e-01 5.000000e-01 1.515112e+00 -0.993328 0.002047 0.009734 0.969766 0.009734 0.002047 0.993328 -0.002121 -0.009988 -0.969109 -0.009988 -0.002121 0.000000 
5.000000e-01 5.000000e-01 4.999883e-03 5.000000e-01 5.000000e-01 1.515112e+00 -0.993328 0.002047 0.009734 0.969766 0.009734 0.002047 0.993328 -0.002121 -0.009988 -0.969109 -0.009988 -0.002121 0.000000 
5.000000e-01 5.000000e-01 4.999883e-03 5.000000e-01 5.000000e-01 1.515112e+00 -0.993328 0.002047 0.009734 0.969766 0.009734 0.002047 0.993328 -0.002121 -0.009988 -0.969109 -0.009988 -0.002121 0.000000 
5.000000e-01 5.000000e-01 4.999883e-03 5.000000e-01 5.000000e-01 1.515112e+00 -0.993328 0.002047 0.009734 0.969766 0.009734 0.002047 0.993328 -0.002121 -0.009988 -0.969109 -0.009988 -0.002121 0.000000 
5.000000e-01 5.000000e-01 4.999883e-03 5.000000e-01 5.000000e-01 1.515112e+00 -0.993328 0.002047 0.009734 0.969766 0.009734 0.002047 0.993328 -0.002121 -0.009988 -0.969109 -0.009988 -0.002121 0.000000 
5.000000e-01 5.000000e-01 4.999883e-03 5.000000e-01 5.000000e-01 1.515112e+00 -0.993328 0.002047 0.009734 0.969766 0.009734 0.002047 0.993328 -0.002121 -0.009988 -0.969109 -0.009988 -0.002121 0.000000 
5.000000e-01 5.000000e-01 4.999883e-03 5.000000e-01 5.000000e-01 1.515112e+00 -0.993328 0.002047 0.009734 0.969766 0.009734 0.002047 0.993328 -0.002121 -0.009988 -0.969109 -0.009988 -0.002121 0.000000 
5.000000e-01 5.000000e-01 4.999883e-03 5.000000e-01 5.000000e-01 1.515112e+00 -0.993328 0.002047 0.009734 0.969766 0.009734 0.002047 0.993328 -0.002121 -0.009988 -0.969109 -0.009988 -0.002121 0.000000 
5.000000e-01 5.000000e-01 4.999883e-03 5.000000e-01 5.000000e-01 1.515112e+00 -0.993328 0.002047 0.009734 0.969766 0.009734 0.002047 0.993328 -0.002121 -0.009988 -0.969109 -0.009988 -0.002121 0.000000 
5.000000e-01 5.000000e-01 4.999883e-03 5.000000e-01 5.000000e-01 1.515112e+00 -0.993328 0.002047 0.009734 0.969766 0.009734 0.002047 0.993328 -0.002121 -0.009988 -0.969109 -0.009988 -0.002121 0.000000 
5.000000e-01 5.000000e-01 4.999883e-03 5.000000e-01 5.000000e-01 1.515112e+00 -0.993328 0.002047 0.009734 0.969766 0.009734 0.002047 0.993328 -0.002121 -0.009988 -0.969109 -0.009988 -0.002121 0.000000 
5.000000e-01 5.000000e-01 4.999883e-03 5.000000e-01 5.000000e-01 1.515112e+00 -0.993328 0.002047 0.009734 0.969766 0.009734 0.002047 0.993328 -0.002121 -0.009988 -0.969109 -0.009988 -0.002121 0.000000 
5.000000e-01 5.000000e-01 4.999883e-03 5.000000e-01 5.000000e-01 1.515112e+00 -0.993328 0.002047 0.009734 0.969766 0.009734 0.002047 0.993328 -0.002121 -0.009988 -0.969109 -0.009988 -0.002121 0.000000 
5.000000e-01 5.000000e-01 4.999883e-03 5.000000e-01 5.000000e-01 1.515112e+00 -0.993328 0.002047 0.009734 0.969766 0.009734 0.002047 0.993328 -0.002121 -0.009988 -0.969109 -0.009988 -0.002121 0.000000 
5.000000e-01 5.000000e-01 4.999883e-03 5.000000e-01 5.000000e-01 1.515112e+00 -0.993328 0.002047 0.009734 0.969766 0.009734 0.002047 0.993328 -0.002121 -0.009988 -0.969109 -0.009988 -0.002121 0.000000 
5.000000e-01 5.000000e-01 4.999883e-03 5.000000e-01 5.000000e-01 1.515112e+00 -0.993328 0.002047 0.009734 0.969766 0.009734 0.002047 0.993328 -0.002121 -0.009988 -0.969109 -0.009988 -0.002121 0.000000 
5.000000e-01 5.000000e-01 4.999883e-03 5.000000e-01 5.000000e-01 1.515112e+00 -0.993328 0.002047 0.009734 0.969766 0.009734 0.002047 0.993328 -0.002121 -0.009988 -0.969109 -0.009988 -0.002121 0.000000 
5.000000e-01 5.000000e-01 4.999883e-03 5.000000e-01 5.000000e-01 1.515112e+00 -0.993328 0.002047 0.009734 0.969766 0.009734 0.002047 0.993328 -0.002121 -0.009988 -0.969109 -0.009988 -0.002121 0.000000 
5.000000e-01 5.000000e-01 4.999883e-03 5.000000e-01 5.000000e-01 1.515112e+00 -0.993328 0.002047 0.009734 0.969766 0.009734 0.002047 0.993328 -0.002121 -0.009988 -0.969109 -0.009988 -0.002121 0.000000 
5.000000e-01 5.000000e-01 4.999883e-03 5.000000e-01 5.000000e-01 1.515112e+00 -0.993328 0.002047 0.009734 0.969766 0.009734 0.002047 0.993328 -0.002121 -0.009988 -0.969109 -0.009988 -0.002121 0.000000 
5.000000e-01 5.000000e-01 4.999883e-03 5.000000e-01 5.000000e-01 1.515112e+00 -0.993328 0.002047 0.009734 0.969766 0.009734 0.002047 0.993328 -0.002121 -0.009988 -0.969109 -0.009988 -0.002121 0.000000 
5.000000e-01 5.000000e-01 4.999883e-03 5.000000e-01 5.000000e-01 1.515112e+00 -0.993328 0.002047 0.009734 0.969766 0.009734 0.002047 0.993328 -0.002121 -0.009988 -0.969109 -0.009988 -0.002121 0.000000 
5.000000e-01 5.000000e-01 4.999883e-03 5.000000e-01 5.000000e-01 1.515112e+00 -0.993328 0.002047 0.009734 0.969766 0.009734 0.002047 0.993328 -0.002121 -0.009988 -0.969109 -0.009988 -0.002121 0.000000 
5.000000e-01 5.000000e-01 4.999883e-03 5.000000e-01 5.000000e-01 1.515112e+00 -0.993328 0.002047 0.009734 0.969766 0.009734 0.002047 0.993328 -0.002121 -0.009988 -0.969109 -0.009988 -0.002121 0.000000 
5.000000e-01 5.000000e-01 4.999883e-03 5.000000e-01 5.000000e-01 1.515112e+00 -0.993328 0.002047 0.009734 0.969766 0.009734 0.002047 0.993328 -0.002121 -0.009988 -0.969109 -0.009988 -0.002121 0.000000 
5.000000e-01 5.000000e-01 4.999883e-03 5.000000e-01 5.000000e-01 1.515112e+00 -0.993328 0.002047 0.009734 0.969766 0.009734 0.002047 0.993328 -0.002121 -0.009988 -0.969109 -0.009988 -0.002121 0.000000 
5.000000e-01 5.000000e-01 4.999883e-03 5.000000e-01 5.000000e-01 1.515112e+00 -0.993328 0.002047 0.009734 0.969766 0.009734 0.002047 0.993328 -0.002121 -0.009988 -0.969109 -0.009988 -0.002121 0.000000 
5.000000e-01 5.000000e-01 4.999883e-03 5.000000e-01 5.000000e-01 1.515112e+00 -0.993328 0.002047 0.009734 0.969766 0.009734 0.002047 0.993328 -0.002121 -0.009988 -0.969109 -0.009988 -0.002121 0.000000 
5.000000e-01 5.000000e-01 4.999883e-03 5.000000e-01 5.000000e-01 1.515112e+00 -0.993328 0.002047 0.009734 0.969766 0.009734 0.002047 0.993328 -0.002121 -0.009988 -0.969109 -0.009988 -0.002121 0.000000 
5.000000e-01 5.000000e-01 4.999883e-03 5.000000e-01 5.000000e-01 1.515112e+00 -0.993328 0.002047 0.009734 0.969766 0.009734 0.002047 0.993328 -0.002121 -0.009988 -0.969109 -0.009988 -0.002121 0.000000 
5.000000e-01 5.000000e-01 4.999883e-03 5.000000e-01 5.000000e-01 1.515112e+00 -0.993328 0.002047 0.009734 0.969766 0.009734 0.002047 0.993328 -0.002121 -0.009988 -0.969109 -0.009988 -0.002121 0.000000 
5.000000e-01 5.000000e-01 4.999883e-03 5.000000e-01 5.000000e-01 1.515112e+00 -0.993328 0.002047 0.009734 0.969766 0.009734 0.002047 0.993328 -0.002121 -0.009988 -0.969109 -0.009988 -0.002121 0.000000 
5.000000e-01 5.000000e-01 4.999883e-03 5.000000e-01 5.000000e-01 1.515112e+00 -0.993328 0.002047 0.009734 0.969766 0.009734 0.002047 0.993328 -0.002121 -0.009988 -0.969109 -0.009988 -0.002121 0.000000 
5.000000e-01 5.000000e-01 4.999883e-03 5.000000e-01 5.000000e-01 1.515112e+00 -0.993328 0.002047 0.009734 0.969766 0.009734 0.002047 0.993328 -0.002121 -0.009988 -0.969109 -0.009988 -0.002121 0.000000 
5.000000e-01 5.000000e-01 4.999883e-03 5.000000e-01 5.000000e-01 1.515112e+00 -0.993328 0.002047 0.009734 0.969766 0.009734 0.002047 0.993328 -0.002121 -0.009988 -0.969109 -0.009988 -0.002121 0.000000 
5.000000e-01 5.000000e-01 4.999883e-03 5.000000e-01 5.000000e-01 1.515112e+00 -0.993328 0.002047 0.009734 0.969766 0.009734 0.002047 0.993328 -0.002121 -0.009988 -0.969109 -0.009988 -0.002121 0.000000 
5.000000e-01 5.000000e-01 4.999883e-03 5.000000e-01 5.000000e-01 1.515112e+00 -0.993328 0.002047 0.009734 0.969766 0.009734 0.002047 0.993328 -0.002121 -0.009988 -0.969109 -0.009988 -0.002121 0.000000 
5.000000e-01 5.000000e-01 4.999883e-03 5.000000e-01 5.000000e-01 1.515112e+00 -0.993328 0.002047 0.009734 0.969766 0.009734 0.002047 0.993328 -0.002121 -0.009988 -0.969109 -0.009988 -0.002121 0.000000 
5.000000e-01 5.000000e-01 4.999883e-03 5.000000e-01 5.000000e-01 1.515112e+00 -0.993328 0.002047 0.009734 0.969766 0.009734 0.002047 0.993328 -0.002121 -0.009988 -0.969109 -0.009988 -0.002121 0.000000 
5.000000e-01 5.000000e-01 4.999883e-03 5.000000e-01 5.000000e-01 1.515112e+00 -0.993328 0.002047 0.009734 0.969766 0.009734 0.002047 0.993328 -0.002121 -0.009988 -0.969109 -0.009988 -0.002121 0.000000 
5.000000e-01 5.000000e-01 4.999883e-03 5.000000e-01 5.000000e-01 1.515112e+00 -0.993328 0.002047 0.009734 0.969766 0.009734 0.002047 0.993328 -0.002121 -0.009988 -0.969109 -0.009988 -0.002121 0.000000 
5.000000e-01 5.000000e-01 4.999883e-03 5.000000e-01 5.000000e-01 1.515112e+00 -0.993328 0.002047 0.009734 0.969766 0.009734 0.002047 0.993328 -0.002121 -0.009988 -0.969109 -0.009988 -0.002121 0.000000 
5.000000e-01 5.000000e-01 4.999883e-03 5.000000e-01 5.000000e-01 1.515112e+00 -0.993328 0.002047 0.009734 0.969766 0.009734 0.002047 0.993328 -0.002121 -0.009988 -0.969109 -0.009988 -0.002121 0.000000 
5.000000e-01 5.000000e-01 4.999883e-03 5.000000e-01 5.000000e-01 1.515112e+00 -0.993328 0.002047 0.009734 0.969766 0.009734 0.002047 0.993328 -0.002121 -0.009988 -0.969109 -0.009988 -0.002121 0.000000 
5.000000e-01 5.000000e-01 4.999883e-03 5.000000e-01 5.000000e-01 1.515112e+00 -0.993328 0.002047 0.009734 0.969766 0.009734 0.002047 0.993328 -0.002121 -0.009988 -0.969109 -0.009988 -0.002121 0.000000 
5.000000e-01 5.000000e-01 4.999883e-03 5.000000e-01 5.000000e-01 1.515112e+00 -0.993328 0.002047 0.009734 0.969766 0.009734 0.002047 0.993328 -0.002121 -0.009988 -0.969109 -0.009988 -0.002121 0.000000 
5.000000e-01 5.000000e-01 4.999883e-03 5.000000e-01 5.000000e-01 1.515112e+00 -0.993328 0.002047 0.009734 0.969766 0.009734 0.002047 0.993328 -0.002121 -0.009988 -0.969109 -0.009988 -0.002121 0.000000 
5.000000e-01 5.000000e-01 4.999883e-03 5.000000e-01 5.000000e-01 1.515112e+00 -0.993328 0.002047 0.009734 0.969766 0.009734 0.002047 0.993328 -0.002121 -0.009988 -0.969109 -0.009988 -0.002121 0.000000 
5.000000e-01 5.000000e-01 4.999883e-03 5.000000e-01 5.000000e-01 1.515112e+00 -0.993328 0.002047 0.009734 0.969766 0.009734 0.002047 0.993328 -0.002121 -0.009988 -0.969109 -0.009988 -0.002121 0.000000 
5.000000e-01 5.000000e-01 4.999883e-03 5.000000e-01 5.000000e-01 1.515112e+00 -0.993328 0.002047 0.009734 0.969766 0.009734 0.002047 0.993328 -0.002121 -0.009988 -0.969109 -0.009988 -0.002121 0.000000 
5.000000e-01 5.000000e-01 4.999883e-03 5.000000e-01 5.000000e-01 1.515112e+00 -0.993328 0.002047 0.009734 0.969766 0.009734 0.002047 0.993328 -0.002121 -0.009988 -0.969109 -0.009988 -0.002121 0.000000 
5.000000e-01 5.000000e-01 4.999883e-03 5.000000e-01 5.000000e-01 1.515112e+00 -0.993328 0.002047 0.009734 0.969766 0.009734 0.002047 0.993328 -0.002121 -0.009988 -0.969109 -0.009988 -0.002121 0.000000 
5.000000e-01 5.000000e-01 4.999883e-03 5.000000e-01 5.000000e-01 1.515112e+00 -0.993328 0.002047 0.009734 0.969766 0.009734 0.002047 0.993328 -0.002121 -0.009988 -0.969109 -0.009988 -0.002121 0.000000 
5.000000e-01 5.000000e-01 4.999883e-03 5.000000e-01 5.000000e-01 1.515112e+00 -0.993328 0.002047 0.009734 0.969766 0.009734 0.002047 0.993328 -0.002121 -0.009988 -0.969109 -0.009988 -0.002121 0.000000 
5.000000e-01 5.000000e-01 4.999883e-03 5.000000e-01 5.000000e-01 1.515112e+00 -0.993328 0.002047 0.009734 0.969766 0.009734 0.002047 0.993328 -0.002121 -0.009988 -0.969109 -0.009988 -0.002121 0.000000 
5.000000e-01 5.000000e-01 4.999883e-03 5.000000e-01 5.000000e-01 1.515112e+00 -0.993328 0.002047 0.009734 0.969766 0.009734 0.002047 0.993328 -0.002121 -0.009988 -0.969109 -0.009988 -0.002121 0.000000 
5.000000e-01 5.000000e-01 4.999883e-03 5.000000e-01 5.000000e-01 1.515112e+00 -0.993328 0.002047 0.009734 0.969766 0.009734 0.002047 0.993328 -0.002121 -0.009988 -0.969109 -0.009988 -0.002121 0.000000 
5.000000e-01 5.000000e-01 4.999883e-03 5.000000e-01 5.000000e-01 1.515112e+00 -0.993328 0.002047 0.009734 0.969766 0.009734 0.002047 0.993328 -0.002121 -0.009988 -0.969109 -0.009988 -0.002121 0.000000 
5.000000e-01 5.000000e-01 4.999883e-03 5.000000e-01 5.000000e-01 1.515112e+00 -0.993328 0.002047 0.009734 0.969766 0.009734 0.002047 0.993328 -0.002121 -0.009988 -0.969109 -0.009988 -0.002121 0.000000 
5.000000e-01 5.000000e-01 4.999883e-03 5.000000e-01 5.000000e-01 1.515112e+00 -0.993328 0.002047 0.009734 0.969766 0.009734 0.002047 0.993328 -0.002121 -0.009988 -0.969109 -0.009988 -0.002121 0.000000 
5.000000e-01 5.000000e-01 4.999883e-03 5.000000e-01 5.000000e-01 1.515112e+00 -0.993328 0.002047 0.009734 0.969766 0.009734 0.002047 0.993328 -0.002121 -0.009988 -0.969109 -0.009988 -0.002121 0.000000 
5.000000e-01 5.000000e-01 4.999883e-03 5.000000e-01 5.000000e-01 1.515112e+00 -0.993328 0.002047 0.009734 0.969766 0.009734 0.002047 0.993328 -0.002121 -0.009988 -0.969109 -0.009988 -0.002121 0.000000 
5.000000e-01 5.000000e-01 4.999883e-03 5.000000e-01 5.000000e-01 1.515112e+00 -0.993328 0.002047 0.009734 0.969766 0.009734 0.002047 0.993328 -0.002121 -0.009988 -0.969109 -0.009988 -0.002121 0.000000 
5.000000e-01 5.000000e-01 4.999883e-03 5.000000e-01 5.000000e-01 1.515112e+00 -0.993328 0.002047 0.009734 0.969766 0.009734 0.002047 0.993328 -0.002121 -0.009988 -0.969109 -0.009988 -0.002121 0.000000 
5.000000e-01 5.000000e-01 4.999883e-03 5.000000e-01 5.000000e-01 1.515112e+00 -0.993328 0.002047 0.009734 0.969766 0.009734 0.002047 0.993328 -0.002121 -0.009988 -0.969109 -0.009988 -0.002121 0.000000 
5.000000e-01 5.000000e-01 4.999883e-03 5.000000e-01 5.000000e-01 1.515112e+00 -0.993328 0.002047 0.009734 0.969766 0.009734 0.002047 0.993328 -0.002121 -0.009988 -0.969109 -0.009988 -0.002121 0.000000 
5.000000e-01 5.000000e-01 4.999883e-03 5.000000e-01 5.000000e-01 1.515112e+00 -0.993328 0.002047 0.009734 0.969766 0.009734 0.002047 0.993328 -0.002121 -0.009988 -0.969109 -0.009988 -0.002121 0.000000 
5.000000e-01 5.000000e-01 4.999883e-03 5.000000e-01 5.000000e-01 1.515112e+00 -0.993328 0.002047 0.009734 0.969766 0.009734 0.002047 0.993328 -0.002121 -0.009988 -0.969109 -0.009988 -0.002121 0.000000 
5.000000e-01 5.000000e-01 4.999883e-03 5.000000e-01 5.000000e-01 1.515112e+00 -0.993328 0.002047 0.009734 0.969766 0.009734 0.002047 0.993328 -0.002121 -0.009988 -0.969109 -0.009988 -0.002121 0.000000 
5.000000e-01 5.000000e-01 4.999883e-03 5.000000e-01 5.000000e-01 1.515112e+00 -0.993328 0.002047 0.009734 0.969766 0.009734 0.002047 0.993328 -0.002121 -0.009988 -0.969109 -0.009988 -0.002121 0.000000 
5.000000e-01 5.000000e-01 4.999883e-03 5.000000e-01 5.000000e-01 1.515112e+00 -0.993328 0.002047 0.009734 0.969766 0.009734 0.002047 0.993328 -0.002121 -0.009988 -0.969109 -0.009988 -0.002121 0.000000 
5.000000e-01 5.000000e-01 4.999883e-03 5.000000e-01 5.000000e-01 1.515112e+00 -0.993328 0.002047 0.009734 0.969766 0.009734 0.002047 0.993328 -0.002121 -0.009988 -0.969109 -0.009988 -0.002121 0.000000 
5.000000e-01 5.000000e-01 4.999883e-03 5.000000e-01 5.000000e-01 1.515112e+00 -0.993328 0.002047 0.009734 0.969766 0.009734 0.002047 0.993328 -0.002121 -0.009988 -0.969109 -0.009988 -0.002121 0.000000 
5.000000e-01 5.000000e-01 4.999883e-03 5.000000e-01 5.000000e-01 1.515112e+00 -0.993328 0.002047 0.009734 0.969766 0.009734 0.002047 0.993328 -0.002121 -0.009988 -0.969109 -0.009988 -0.002121 0.000000 
5.000000e-01 5.000000e-01 4.999883e-03 5.000000e-01 5.000000e-01 1.515112e+00 -0.993328 0.002047 0.009734 0.969766 0.009734 0.002047 0.993328 -0.002121 -0.009988 -0.969109 -0.009988 -0.002121 0.000000 
5.000000e-01 5.000000e-01 4.999883e-03 5.000000e-01 5.000000e-01 1.515112e+00 -0.993328 0.002047 0.009734 0.969766 0.009734 0.002047 0.993328 -0.002121 -0.009988 -0.969109 -0.009988 -0.002121 0.000000 
5.000000e-01 5.000000e-01 4.999883e-03 5.000000e-01 5.000000e-01 1.515112e+00 -0.993328 0.002047 0.009734 0.969766 0.009734 0.002047 0.993328 -0.002121 -0.009988 -0.969109 -0.009988 -0.002121 0.000000 
5.000000e-01 5.000000e-01 4.999883e-03 5.000000e-01 5.000000e-01 1.515112e+00 -0.993328 0.002047 0.009734 0.969766 0.009734 0.002047 0.993328 -0.002121 -0.009988 -0.969109 -0.009988 -0.002121 0.000000 
5.000000e-01 5.000000e-01 4.999883e-03 5.000000e-01 5.000000e-01 1.515112e+00 -0.993328 0.002047 0.009734 0.969766 0.009734 0.002047 0.993328 -0.002121 -0.009988 -0.969109 -0.009988 -0.002121 0.000000 
5.000000e-01 5.000000e-01 4.999883e-03 5.000000e-01 5.000000e-01 1.515112e+00 -0.993328 0.002047 0.009734 0.969766 0.009734 0.002047 0.993328 -0.002121 -0.009988 -0.969109 -0.009988 -0.002121 0.000000 
5.000000e-01 5.000000e-01 4.999883e-03 5.000000e-01 5.000000e-01 1.515112e+00 -0.993328 0.002047 0.009734 0.969766 0.009734 0.002047 0.993328 -0.002121 -0.009988 -0.969109 -0.009988 -0.002121 0.000000 
5.000000e-01 5.000000e-01 4.999883e-03 5.000000e-01 5.000000e-01 1.515112e+00 -0.993328 0.002047 0.009734 0.969766 0.009734 0.002047 0.993328 -0.002121 -0.009988 -0.969109 -0.009988 -0.002121 0.000000 
5.000000e-01 5.000000e-01 4.999883e-03 5.000000e-01 5.000000e-01 1.515112e+00 -0.993328 0.002047 0.009734 0.969766 0.009734 0.002047 0.993328 -0.002121 -0.009988 -0.969109 -0.009988 -0.002121 0.000000 
5.000000e-01 5.000000e-01 4.999883e-03 5.000000e-01 5.000000e-01 1.515112e+00 -0.993328 0.002047 0.009734 0.969766 0.009734 0.002047 0.993328 -0.002121 -0.009988 -0.969109 -0.009988 -0.002121 0.000000 
5.000000e-01 5.000000e-01 4.999883e-03 5.000000e-01 5.000000e-01 1.515112e+00 -0.993328 0.002047 0.009734 0.969766 0.009734 0.002047 0.993328 -0.002121 -0.009988 -0.969109 -0.009988 -0.002121 0.000000 
5.000000e-01 5.000000e-01 4.999883e-03 5.000000e-01 5.000000e-01 1.515112e+00 -0.993328 0.002047 0.009734 0.969766 0.009734 0.002047 0.993328 -0.002121 -0.009988 -0.969109 -0.009988 -0.002121 0.000000 
5.000000e-01 5.000000e-01 4.999883e-03 5.000000e-01 5.000000e-01 1.515112e+00 -0.993328 0.002047 0.009734 0.969766 0.009734 0.002047 0.993328 -0.002121 -0.009988 -0.969109 -0.009988 -0.002121 0.000000 
5.000000e-01 5.000000e-01 4.999883e-03 5.000000e-01 5.000000e-01 1.515112e+00 -0.993328 0.002047 0.009734 0.969766 0.009734 0.002047 0.993328 -0.002121 -0.009988 -0.969109 -0.009988 -0.002121 0.000000 
5.000000e-01 5.000000e-01 4.999883e-03 5.000000e-01 5.000000e-01 1.515112e+00 -0.993328 0.002047 0.009734 0.969766 0.009734 0.002047 0.993328 -0.002121 -0.009988 -0.969109 -0.009988 -0.002121 0.000000 
5.000000e-01 5.000000e-01 4.999883e-03 5.000000e-01 5.000000e-01 1.515112e+00 -0.993328 0.002047 0.009734 0.969766 0.009734 0.002047 0.993328 -0.002121 -0.009988 -0.969109 -0.009988 -0.002121 0.000000 
5.000000e-01 5.000000e-01 4.999883e-03 5.000000e-01 5.000000e-01 1.515112e+00 -0.993328 0.002047 0.009734 0.969766 0.009734 0.002047 0.993328 -0.002121 -0.009988 -0.969109 -0.009988 -0.002121 0.000000 
5.000000e-01 5.000000e-01 4.999883e-03 5.000000e-01 5.000000e-01 1.515112e+00 -0.993328 0.002047 0.009734 0.969766 0.009734 0.002047 0.993328 -0.002121 -0.009988 -0.969109 -0.009988 -0.002121 0.000000 
5.000000e-01 5.000000e-01 4.999883e-03 5.000000e-01 5.000000e-01 1.515112e+00 -0.993328 0.002047 0.009734 0.969766 0.009734 0.002047 0.993328 -0.002121 -0.009988 -0.969109 -0.009988 -0.002121 0.000000 
5.000000e-01 5.000000e-01 4.999883e-03 5.000000e-01 5.000000e-01 1.515112e+00 -0.993328 0.002047 0.009734 0.969766 0.009734 0.002047 0.993328 -0.002121 -0.009988 -0.969109 -0.009988 -0.002121 0.000000 
5.000000e-01 5.000000e-01 4.999883e-03 5.000000e-01 5.000000e-01 1.515112e+00 -0.993328 0.002047 0.009734 0.969766 0.009734 0.002047 0.993328 -0.002121 -0.009988 -0.969109 -0.009988 -0.002121 0.000000 
5.000000e-01 5.000000e-01 4.999883e-03 5.000000e-01 5.000000e-01 1.515112e+00 -0.993328 0.002047 0.009734 0.969766 0.009734 0.002047 0.993328 -0.002121 -0.009988 -0.969109 -0.009988 -0.002121 0.000000 
5.000000e-01 5.000000e-01 4.999883e-03 5.000000e-01 5.000000e-01 1.515112e+00 -0.993328 0.002047 0.009734 0.969766 0.009734 0.002047 0.993328 -0.002121 -0.009988 -0.969109 -0.009988 -0.002121 0.000000 
5.000000e-01 5.000000e-01 4.999883e-03 5.000000e-01 5.000000e-01 1.515112e+00 -0.993328 0.002047 0.009734 0.969766 0.009734 0.002047 0.993328 -0.002121 -0.009988 -0.969109 -0.009988 -0.002121 0.000000 
5.000000e-01 5.000000e-01 4.999883e-03 5.000000e-01 5.000000e-01 1.515112e+00 -0.993328 0.002047 0.009734 0.969766 0.009734 0.002047 0.993328 -0.002121 -0.009988 -0.969109 -0.009988 -0.002121 0.000000 
5.000000e-01 5.000000e-01 4.999883e-03 5.000000e-01 5.000000e-01 1.515112e+00 -0.993328 0.002047 0.009734 0.969766 0.009734 0.002047 0.993328 -0.002121 -0.009988 -0.969109 -0.009988 -0.002121 0.000000 
5.000000e-01 5.000000e-01 4.999883e-03 5.000000e-01 5.000000e-01 1.515112e+00 -0.993328 0.002047 0.009734 0.969766 0.009734 0.002047 0.993328 -0.002121 -0.009988 -0.969109 -0.009988 -0.002121 0.000000 
5.000000e-01 5.000000e-01 4.999883e-03 5.000000e-01 5.000000e-01 1.515112e+00 -0.993328 0.002047 0.009734 0.969766 0.009734 0.002047 0.993328 -0.002121 -0.009988 -0.969109 -0.009988 -0.002121 0.000000 
5.000000e-01 5.000000e-01 4.999883e-03 5.000000e-01 5.000000e-01 1.515112e+00 -0.993328 0.002047 0.009734 0.969766 0.009734 0.002047 0.993328 -0.002121 -0.009988 -0.969109 -0.009988 -0.002121 0.000000 
5.000000e-01 5.000000e-01 4.999883e-03 5.000000e-01 5.000000e-01 1.515112e+00 -0.993328 0.002047 0.009734 0.969766 0.009734 0.002047 0.993328 -0.002121 -0.009988 -0.969109 -0.009988 -0.002121 0.000000 
5.000000e-01 5.000000e-01 4.999883e-03 5.000000e-01 5.000000e-01 1.515112e+00 -0.993328 0.002047 0.009734 0.969766 0.009734 0.002047 0.993328 -0.002121 -0.009988 -0.969109 -0.009988 -0.002121 0.000000 
5.000000e-01 5.000000e-01 4.999883e-03 5.000000e-01 5.000000e-01 1.515112e+00 -0.993328 0.002047 0.009734 0.969766 0.009734 0.002047 0.993328 -0.002121 -0.009988 -0.969109 -0.009988 -0.002121 0.000000 
5.000000e-01 5.000000e-01 4.999883e-03 5.000000e-01 5.000000e-01 1.515112e+00 -0.993328 0.002047 0.009734 0.969766 0.009734 0.002047 0.993328 -0.002121 -0.009988 -0.969109 -0.009988 -0.002121 0.000000 
5.000000e-01 5.000000e-01 4.999883e-03 5.000000e-01 5.000000e-01 1.515112e+00 -0.993328 0.002047 0.009734 0.969766 0.009734 0.002047 0.993328 -0.002121 -0.009988 -0.969109 -0.009988 -0.002121 0.000000 
5.000000e-01 5.000000e-01 4.999883e-03 5.000000e-01 5.000000e-01 1.515112e+00 -0.993328 0.002047 0.009734 0.969766 0.009734 0.002047 0.993328 -0.002121 -0.009988 -0.969109 -0.009988 -0.002121 0.000000 
5.000000e-01 5.000000e-01 4.999883e-03 5.000000e-01 5.000000e-01 1.515112e+00 -0.993328 0.002047 0.009734 0.969766 0.009734 0.002047 0.993328 -0.002121 -0.009988 -0.969109 -0.009988 -0.002121 0.000000 
5.000000e-01 5.000000e-01 4.999883e-03 5.000000e-01 5.000000e-01 1.515112e+00 -0.993328 0.002047 0.009734 0.969766 0.009734 0.002047 0.993328 -0.002121 -0.009988 -0.969109 -0.009988 -0.002121 0.000000 
