# TeX TeY TeZ ThX ThY THZ P1 P2
5.000000e-01 5.000000e-01 1.130000e+00 5.000000e-01 5.000000e-01 1.130000e+00 0.000000 0.000000 0.000000 0.000000 0.000000 0.000000 0.000000 0.000000 0.000000 0.000000 0.000000 0.000000 0.000000 
5.000000e-01 5.000000e-01 1.120348e+00 5.000000e-01 5.000000e-01 1.137565e+00 -0.011300 -0.000392 0.002797 0.006490 0.002797 -0.000392 0.011300 -0.002035 -0.002401 -0.002428 -0.002401 -0.002035 0.000000 
5.000000e-01 5.000000e-01 1.110635e+00 5.000000e-01 5.000000e-01 1.145107e+00 -0.022624 -0.000754 0.005597 0.012940 0.005597 -0.000754 0.022624 -0.004074 -0.004807 -0.004862 -0.004807 -0.004074 0.000000 
5.000000e-01 5.000000e-01 1.100864e+00 5.000000e-01 5.000000e-01 1.152626e+00 -0.033972 -0.001091 0.008398 0.019359 0.008398 -0.001091 0.033972 -0.006116 -0.007219 -0.007301 -0.007219 -0.006116 0.000000 
5.000000e-01 5.000000e-01 1.091033e+00 5.000000e-01 5.000000e-01 1.160121e+00 -0.045343 -0.001406 0.011197 0.025760 0.011197 -0.001406 0.045343 -0.008163 -0.009635 -0.009747 -0.009635 -0.008163 0.000000 
5.000000e-01 5.000000e-01 1.081145e+00 5.000000e-01 5.000000e-01 1.167592e+00 -0.056737 -0.001724 0.013990 0.032206 0.013990 -0.001724 0.056737 -0.010212 -0.012057 -0.012198 -0.012057 -0.010212 0.000000 
5.000000e-01 5.000000e-01 1.071198e+00 5.000000e-01 5.000000e-01 1.175039e+00 -0.068152 -0.002030 0.016774 0.038665 0.016774 -0.002030 0.068152 -0.012265 -0.014484 -0.014655 -0.014484 -0.012265 0.000000 
5.000000e-01 5.000000e-01 1.061194e+00 5.000000e-01 5.000000e-01 1.182461e+00 -0.079590 -0.002324 0.019547 0.045142 0.019547 -0.002324 0.079590 -0.014320 -0.016915 -0.017118 -0.016915 -0.014320 0.000000 
5.000000e-01 5.000000e-01 1.051133e+00 5.000000e-01 5.000000e-01 1.189859e+00 -0.091048 -0.002610 0.022309 0.051650 0.022309 -0.002610 0.091048 -0.016379 -0.019352 -0.019587 -0.019352 -0.016379 0.000000 
5.000000e-01 5.000000e-01 1.041015e+00 5.000000e-01 5.000000e-01 1.197232e+00 -0.102527 -0.002919 0.025047 0.058270 0.025047 -0.002919 0.102527 -0.018440 -0.021793 -0.022063 -0.021793 -0.018440 0.000000 
5.000000e-01 5.000000e-01 1.030842e+00 5.000000e-01 5.000000e-01 1.204579e+00 -0.114026 -0.003227 0.027766 0.064947 0.027766 -0.003227 0.114026 -0.020503 -0.024238 -0.024544 -0.024238 -0.020503 0.000000 
5.000000e-01 5.000000e-01 1.020613e+00 5.000000e-01 5.000000e-01 1.211900e+00 -0.125545 -0.003536 0.030464 0.071690 0.030464 -0.003536 0.125545 -0.022568 -0.026689 -0.027032 -0.026689 -0.022568 0.000000 
5.000000e-01 5.000000e-01 1.010330e+00 5.000000e-01 5.000000e-01 1.219196e+00 -0.137082 -0.003859 0.033133 0.078535 0.033133 -0.003859 0.137082 -0.024634 -0.029144 -0.029526 -0.029144 -0.024634 0.000000 
5.000000e-01 5.000000e-01 9.999919e-01 5.000000e-01 5.000000e-01 1.226465e+00 -0.148638 -0.004214 0.035763 0.085542 0.035763 -0.004214 0.148638 -0.026703 -0.031603 -0.032026 -0.031603 -0.026703 0.000000 
5.000000e-01 5.000000e-01 9.896000e-01 5.000000e-01 5.000000e-01 1.233707e+00 -0.160212 -0.004579 0.038359 0.092652 0.038359 -0.004579 0.160212 -0.028772 -0.034067 -0.034533 -0.034067 -0.028772 0.000000 
5.000000e-01 5.000000e-01 9.791546e-01 5.000000e-01 5.000000e-01 1.240923e+00 -0.171803 -0.004956 0.040920 0.099876 0.040920 -0.004956 0.171803 -0.030842 -0.036536 -0.037047 -0.036536 -0.030842 0.000000 
5.000000e-01 5.000000e-01 9.686562e-01 5.000000e-01 5.000000e-01 1.248111e+00 -0.183411 -0.005375 0.043425 0.107311 0.043425 -0.005375 0.183411 -0.032913 -0.039008 -0.039568 -0.039008 -0.032913 0.000000 
5.000000e-01 5.000000e-01 9.581053e-01 5.000000e-01 5.000000e-01 1.255271e+00 -0.195035 -0.005825 0.045874 0.114938 0.045874 -0.005825 0.195035 -0.034984 -0.041485 -0.042097 -0.041485 -0.034984 0.000000 
5.000000e-01 5.000000e-01 9.475023e-01 5.000000e-01 5.000000e-01 1.262403e+00 -0.206675 -0.006295 0.048272 0.122722 0.048272 -0.006295 0.206676 -0.037055 -0.043967 -0.044632 -0.043967 -0.037055 0.000000 
5.000000e-01 5.000000e-01 9.368477e-01 5.000000e-01 5.000000e-01 1.269507e+00 -0.218331 -0.006795 0.050611 0.130699 0.050611 -0.006795 0.218331 -0.039125 -0.046452 -0.047176 -0.046452 -0.039125 0.000000 
5.000000e-01 5.000000e-01 9.261420e-01 5.000000e-01 5.000000e-01 1.276583e+00 -0.230001 -0.007356 0.052854 0.139006 0.052854 -0.007356 0.230001 -0.041195 -0.048942 -0.049727 -0.048942 -0.041195 0.000000 
5.000000e-01 5.000000e-01 9.153856e-01 5.000000e-01 5.000000e-01 1.283629e+00 -0.241686 -0.007944 0.055025 0.147523 0.055025 -0.007944 0.241686 -0.043264 -0.051436 -0.052286 -0.051436 -0.043264 0.000000 
5.000000e-01 5.000000e-01 9.045789e-01 5.000000e-01 5.000000e-01 1.290645e+00 -0.253384 -0.008558 0.057124 0.156251 0.057124 -0.008558 0.253384 -0.045331 -0.053934 -0.054854 -0.053934 -0.045331 0.000000 
5.000000e-01 5.000000e-01 8.937225e-01 5.000000e-01 5.000000e-01 1.297632e+00 -0.265095 -0.009240 0.059095 0.165385 0.059095 -0.009240 0.265095 -0.047396 -0.056436 -0.057431 -0.056436 -0.047396 0.000000 
5.000000e-01 5.000000e-01 8.828166e-01 5.000000e-01 5.000000e-01 1.304589e+00 -0.276819 -0.009962 0.060955 0.174833 0.060955 -0.009962 0.276819 -0.049458 -0.058943 -0.060018 -0.058943 -0.049458 0.000000 
5.000000e-01 5.000000e-01 8.718619e-01 5.000000e-01 5.000000e-01 1.311515e+00 -0.288555 -0.010716 0.062718 0.184551 0.062718 -0.010716 0.288555 -0.051517 -0.061453 -0.062614 -0.061453 -0.051517 0.000000 
5.000000e-01 5.000000e-01 8.608587e-01 5.000000e-01 5.000000e-01 1.318410e+00 -0.300303 -0.011527 0.064331 0.194696 0.064331 -0.011527 0.300303 -0.053573 -0.063968 -0.065220 -0.063968 -0.053573 0.000000 
5.000000e-01 5.000000e-01 8.498074e-01 5.000000e-01 5.000000e-01 1.325274e+00 -0.312062 -0.012397 0.065772 0.205312 0.065772 -0.012397 0.312062 -0.055625 -0.066487 -0.067837 -0.066487 -0.055625 0.000000 
5.000000e-01 5.000000e-01 8.387085e-01 5.000000e-01 5.000000e-01 1.332106e+00 -0.323832 -0.013297 0.067083 0.216261 0.067083 -0.013297 0.323832 -0.057671 -0.069011 -0.070467 -0.069011 -0.057671 0.000000 
5.000000e-01 5.000000e-01 8.275624e-01 5.000000e-01 5.000000e-01 1.338906e+00 -0.335611 -0.014249 0.068216 0.227678 0.068216 -0.014249 0.335612 -0.059712 -0.071539 -0.073108 -0.071539 -0.059712 0.000000 
5.000000e-01 5.000000e-01 8.163695e-01 5.000000e-01 5.000000e-01 1.345673e+00 -0.347401 -0.015271 0.069099 0.239744 0.069099 -0.015271 0.347401 -0.061748 -0.074071 -0.075763 -0.074071 -0.061748 0.000000 
5.000000e-01 5.000000e-01 8.051302e-01 5.000000e-01 5.000000e-01 1.352407e+00 -0.359200 -0.016324 0.069814 0.252220 0.069814 -0.016324 0.359200 -0.063776 -0.076608 -0.078431 -0.076608 -0.063776 0.000000 
5.000000e-01 5.000000e-01 7.938449e-01 5.000000e-01 5.000000e-01 1.359108e+00 -0.371008 -0.017424 0.070311 0.265234 0.070311 -0.017424 0.371008 -0.065797 -0.079150 -0.081114 -0.079150 -0.065797 0.000000 
5.000000e-01 5.000000e-01 7.825141e-01 5.000000e-01 5.000000e-01 1.365776e+00 -0.382825 -0.018597 0.070465 0.279089 0.070465 -0.018597 0.382825 -0.067810 -0.081696 -0.083812 -0.081696 -0.067810 0.000000 
5.000000e-01 5.000000e-01 7.711382e-01 5.000000e-01 5.000000e-01 1.372409e+00 -0.394649 -0.019800 0.070407 0.293434 0.070407 -0.019800 0.394649 -0.069813 -0.084248 -0.086528 -0.084248 -0.069813 0.000000 
5.000000e-01 5.000000e-01 7.597175e-01 5.000000e-01 5.000000e-01 1.379008e+00 -0.406482 -0.021047 0.070065 0.308446 0.070065 -0.021047 0.406482 -0.071806 -0.086804 -0.089261 -0.086804 -0.071806 0.000000 
5.000000e-01 5.000000e-01 7.482524e-01 5.000000e-01 5.000000e-01 1.385572e+00 -0.418322 -0.022363 0.069285 0.324477 0.069285 -0.022363 0.418322 -0.073787 -0.089366 -0.092015 -0.089366 -0.073787 0.000000 
5.000000e-01 5.000000e-01 7.367433e-01 5.000000e-01 5.000000e-01 1.392100e+00 -0.430169 -0.023703 0.068246 0.341084 0.068246 -0.023703 0.430169 -0.075756 -0.091934 -0.094789 -0.091934 -0.075756 0.000000 
5.000000e-01 5.000000e-01 7.251907e-01 5.000000e-01 5.000000e-01 1.398593e+00 -0.442023 -0.025091 0.066815 0.358575 0.066815 -0.025091 0.442023 -0.077712 -0.094507 -0.097586 -0.094507 -0.077712 0.000000 
5.000000e-01 5.000000e-01 7.135948e-01 5.000000e-01 5.000000e-01 1.405051e+00 -0.453885 -0.026536 0.064869 0.377219 0.064869 -0.026536 0.453885 -0.079653 -0.097086 -0.100407 -0.097086 -0.079653 0.000000 
5.000000e-01 5.000000e-01 7.019562e-01 5.000000e-01 5.000000e-01 1.411472e+00 -0.465753 -0.028000 0.062621 0.396511 0.062621 -0.028000 0.465753 -0.081578 -0.099672 -0.103253 -0.099672 -0.081578 0.000000 
5.000000e-01 5.000000e-01 6.902751e-01 5.000000e-01 5.000000e-01 1.417856e+00 -0.477628 -0.029516 0.059807 0.417046 0.059807 -0.029516 0.477628 -0.083486 -0.102264 -0.106127 -0.102264 -0.083486 0.000000 
5.000000e-01 5.000000e-01 6.785518e-01 5.000000e-01 5.000000e-01 1.424204e+00 -0.489510 -0.031069 0.056456 0.438736 0.056456 -0.031069 0.489510 -0.085373 -0.104864 -0.109035 -0.104864 -0.085373 0.000000 
5.000000e-01 5.000000e-01 6.667869e-01 5.000000e-01 5.000000e-01 1.430515e+00 -0.501398 -0.032635 0.052773 0.461120 0.052773 -0.032635 0.501398 -0.087240 -0.107471 -0.111976 -0.107471 -0.087240 0.000000 
5.000000e-01 5.000000e-01 6.549807e-01 5.000000e-01 5.000000e-01 1.436788e+00 -0.513295 -0.034259 0.048267 0.485279 0.048267 -0.034259 0.513295 -0.089084 -0.110087 -0.114952 -0.110087 -0.089084 0.000000 
5.000000e-01 5.000000e-01 6.431334e-01 5.000000e-01 5.000000e-01 1.443024e+00 -0.525198 -0.035898 0.043310 0.510374 0.043310 -0.035898 0.525198 -0.090904 -0.112711 -0.117968 -0.112711 -0.090904 0.000000 
5.000000e-01 5.000000e-01 6.312455e-01 5.000000e-01 5.000000e-01 1.449223e+00 -0.537107 -0.037553 0.037878 0.536458 0.037878 -0.037553 0.537108 -0.092699 -0.115343 -0.121024 -0.115343 -0.092699 0.000000 
5.000000e-01 5.000000e-01 6.193174e-01 5.000000e-01 5.000000e-01 1.455384e+00 -0.549027 -0.039251 0.031563 0.564405 0.031563 -0.039251 0.549028 -0.094464 -0.117985 -0.124128 -0.117985 -0.094464 0.000000 
5.000000e-01 5.000000e-01 6.073493e-01 5.000000e-01 5.000000e-01 1.461506e+00 -0.560953 -0.040949 0.024899 0.593052 0.024899 -0.040949 0.560953 -0.096195 -0.120638 -0.127286 -0.120638 -0.096195 0.000000 
5.000000e-01 5.000000e-01 5.953416e-01 5.000000e-01 5.000000e-01 1.467591e+00 -0.572888 -0.042674 0.017474 0.623288 0.017474 -0.042674 0.572888 -0.097894 -0.123301 -0.130498 -0.123301 -0.097894 0.000000 
5.000000e-01 5.000000e-01 5.832946e-01 5.000000e-01 5.000000e-01 1.473637e+00 -0.584830 -0.044409 0.009469 0.654712 0.009469 -0.044409 0.584830 -0.099556 -0.125975 -0.133768 -0.125975 -0.099556 0.000000 
5.000000e-01 5.000000e-01 5.712088e-01 5.000000e-01 5.000000e-01 1.479644e+00 -0.596777 -0.046142 0.001108 0.686847 0.001108 -0.046142 0.596778 -0.101179 -0.128660 -0.137100 -0.128660 -0.101179 0.000000 
5.000000e-01 5.000000e-01 5.590844e-01 5.000000e-01 5.000000e-01 1.485612e+00 -0.608736 -0.047898 -0.008106 0.720744 -0.008106 -0.047898 0.608736 -0.102757 -0.131357 -0.140507 -0.131357 -0.102757 0.000000 
5.000000e-01 5.000000e-01 5.469217e-01 5.000000e-01 5.000000e-01 1.491540e+00 -0.620697 -0.049638 -0.017518 0.755009 -0.017518 -0.049638 0.620697 -0.104284 -0.134067 -0.143994 -0.134067 -0.104284 0.000000 
5.000000e-01 5.000000e-01 5.347212e-01 5.000000e-01 5.000000e-01 1.497427e+00 -0.632664 -0.051381 -0.027460 0.790347 -0.027460 -0.051381 0.632664 -0.105762 -0.136788 -0.147563 -0.136788 -0.105762 0.000000 
5.000000e-01 5.000000e-01 5.224830e-01 5.000000e-01 5.000000e-01 1.503273e+00 -0.644632 -0.053112 -0.037653 0.826162 -0.037653 -0.053112 0.644632 -0.107184 -0.139522 -0.151221 -0.139522 -0.107184 0.000000 
5.000000e-01 5.000000e-01 5.102076e-01 5.000000e-01 5.000000e-01 1.509075e+00 -0.656600 -0.054825 -0.048018 0.862285 -0.048018 -0.054825 0.656600 -0.108547 -0.142266 -0.154974 -0.142266 -0.108547 0.000000 
5.000000e-01 5.000000e-01 4.978952e-01 5.000000e-01 5.000000e-01 1.514851e+00 -0.668578 -0.056528 -0.058589 0.898813 -0.058589 -0.056528 0.668579 -0.109838 -0.145026 -0.158851 -0.145026 -0.109838 0.000000 
5.000000e-01 5.000000e-01 4.855462e-01 5.000000e-01 5.000000e-01 1.515117e+00 -0.676864 -0.055229 -0.057430 0.902182 -0.057430 -0.055229 0.676864 -0.110386 -0.147015 -0.162061 -0.147015 -0.110386 0.000000 
5.000000e-01 5.000000e-01 4.731608e-01 5.000000e-01 5.000000e-01 1.515117e+00 -0.684993 -0.053778 -0.055698 0.903947 -0.055698 -0.053778 0.684993 -0.110831 -0.148983 -0.165365 -0.148983 -0.110831 0.000000 
5.000000e-01 5.000000e-01 4.607394e-01 5.000000e-01 5.000000e-01 1.515117e+00 -0.693146 -0.052321 -0.053963 0.905713 -0.053963 -0.052321 0.693146 -0.111199 -0.150967 -0.168814 -0.150967 -0.111199 0.000000 
5.000000e-01 5.000000e-01 4.482824e-01 5.000000e-01 5.000000e-01 1.515117e+00 -0.701322 -0.050857 -0.052223 0.907482 -0.052223 -0.050857 0.701323 -0.111474 -0.152968 -0.172439 -0.152968 -0.111474 0.000000 
5.000000e-01 5.000000e-01 4.357898e-01 5.000000e-01 5.000000e-01 1.515117e+00 -0.709522 -0.049387 -0.050478 0.909253 -0.050478 -0.049387 0.709522 -0.111654 -0.154983 -0.176248 -0.154983 -0.111654 0.000000 
5.000000e-01 5.000000e-01 4.232622e-01 5.000000e-01 5.000000e-01 1.515117e+00 -0.717744 -0.047911 -0.048730 0.911026 -0.048730 -0.047911 0.717744 -0.111736 -0.157011 -0.180249 -0.157011 -0.111736 0.000000 
5.000000e-01 5.000000e-01 4.106997e-01 5.000000e-01 5.000000e-01 1.515117e+00 -0.725989 -0.046430 -0.046977 0.912802 -0.046977 -0.046430 0.725990 -0.111713 -0.159051 -0.184461 -0.159051 -0.111713 0.000000 
5.000000e-01 5.000000e-01 3.981027e-01 5.000000e-01 5.000000e-01 1.515117e+00 -0.734257 -0.044942 -0.045219 0.914581 -0.045219 -0.044942 0.734257 -0.111563 -0.161098 -0.188934 -0.161098 -0.111563 0.000000 
5.000000e-01 5.000000e-01 3.854715e-01 5.000000e-01 5.000000e-01 1.515117e+00 -0.742547 -0.043450 -0.043458 0.916362 -0.043458 -0.043450 0.742547 -0.111284 -0.163150 -0.193678 -0.163150 -0.111284 0.000000 
5.000000e-01 5.000000e-01 3.728063e-01 5.000000e-01 5.000000e-01 1.515117e+00 -0.750859 -0.041951 -0.041692 0.918147 -0.041692 -0.041951 0.750859 -0.110874 -0.165202 -0.198708 -0.165202 -0.110874 0.000000 
5.000000e-01 5.000000e-01 3.601074e-01 5.000000e-01 5.000000e-01 1.515117e+00 -0.759193 -0.040448 -0.039922 0.919934 -0.039922 -0.040448 0.759194 -0.110322 -0.167248 -0.204054 -0.167248 -0.110322 0.000000 
5.000000e-01 5.000000e-01 3.473751e-01 5.000000e-01 5.000000e-01 1.515117e+00 -0.767549 -0.038939 -0.038148 0.921724 -0.038148 -0.038939 0.767549 -0.109593 -0.169276 -0.209810 -0.169276 -0.109593 0.000000 
5.000000e-01 5.000000e-01 3.346097e-01 5.000000e-01 5.000000e-01 1.515117e+00 -0.775927 -0.037426 -0.036369 0.923518 -0.036369 -0.037426 0.775927 -0.108700 -0.171281 -0.215966 -0.171281 -0.108700 0.000000 
5.000000e-01 5.000000e-01 3.218114e-01 5.000000e-01 5.000000e-01 1.515117e+00 -0.784326 -0.035908 -0.034587 0.925314 -0.034587 -0.035908 0.784326 -0.107632 -0.173250 -0.222562 -0.173250 -0.107632 0.000000 
5.000000e-01 5.000000e-01 3.089805e-01 5.000000e-01 5.000000e-01 1.515117e+00 -0.792746 -0.034384 -0.032800 0.927114 -0.032800 -0.034384 0.792746 -0.106368 -0.175165 -0.229680 -0.175165 -0.106368 0.000000 
5.000000e-01 5.000000e-01 2.961172e-01 5.000000e-01 5.000000e-01 1.515117e+00 -0.801187 -0.032857 -0.031009 0.928917 -0.031009 -0.032857 0.801187 -0.104883 -0.177003 -0.237416 -0.177003 -0.104883 0.000000 
5.000000e-01 5.000000e-01 2.832219e-01 5.000000e-01 5.000000e-01 1.515117e+00 -0.809649 -0.031324 -0.029213 0.930724 -0.029213 -0.031324 0.809649 -0.103187 -0.178748 -0.245779 -0.178748 -0.103187 0.000000 
5.000000e-01 5.000000e-01 2.702947e-01 5.000000e-01 5.000000e-01 1.515117e+00 -0.818132 -0.029787 -0.027414 0.932534 -0.027414 -0.029787 0.818132 -0.101271 -0.180374 -0.254843 -0.180374 -0.101271 0.000000 
5.000000e-01 5.000000e-01 2.573359e-01 5.000000e-01 5.000000e-01 1.515117e+00 -0.826635 -0.028246 -0.025610 0.934348 -0.025610 -0.028246 0.826635 -0.099081 -0.181818 -0.264837 -0.181818 -0.099081 0.000000 
5.000000e-01 5.000000e-01 2.443457e-01 5.000000e-01 5.000000e-01 1.515117e+00 -0.835159 -0.026700 -0.023802 0.936165 -0.023802 -0.026700 0.835159 -0.096640 -0.183058 -0.275763 -0.183058 -0.096640 0.000000 
5.000000e-01 5.000000e-01 2.313244e-01 5.000000e-01 5.000000e-01 1.515117e+00 -0.843704 -0.025150 -0.021990 0.937985 -0.021990 -0.025150 0.843704 -0.093940 -0.184048 -0.287726 -0.184048 -0.093940 0.000000 
5.000000e-01 5.000000e-01 2.182721e-01 5.000000e-01 5.000000e-01 1.515117e+00 -0.852269 -0.023596 -0.020174 0.939810 -0.020174 -0.023596 0.852269 -0.090944 -0.184690 -0.301001 -0.184690 -0.090944 0.000000 
5.000000e-01 5.000000e-01 2.051889e-01 5.000000e-01 5.000000e-01 1.515117e+00 -0.860854 -0.022038 -0.018354 0.941638 -0.018354 -0.022038 0.860854 -0.087645 -0.184902 -0.315759 -0.184902 -0.087645 0.000000 
5.000000e-01 5.000000e-01 1.920750e-01 5.000000e-01 5.000000e-01 1.515117e+00 -0.869460 -0.020475 -0.016529 0.943470 -0.016529 -0.020475 0.869460 -0.084057 -0.184624 -0.332098 -0.184624 -0.084057 0.000000 
5.000000e-01 5.000000e-01 1.789304e-01 5.000000e-01 5.000000e-01 1.515117e+00 -0.878088 -0.018908 -0.014700 0.945305 -0.014700 -0.018908 0.878088 -0.080155 -0.183702 -0.350374 -0.183702 -0.080155 0.000000 
5.000000e-01 5.000000e-01 1.657551e-01 5.000000e-01 5.000000e-01 1.515117e+00 -0.886737 -0.017337 -0.012867 0.947145 -0.012867 -0.017337 0.886737 -0.075915 -0.181933 -0.371041 -0.181933 -0.075915 0.000000 
5.000000e-01 5.000000e-01 1.525490e-01 5.000000e-01 5.000000e-01 1.515117e+00 -0.895409 -0.015761 -0.011029 0.948990 -0.011029 -0.015761 0.895409 -0.071369 -0.179241 -0.394188 -0.179241 -0.071369 0.000000 
5.000000e-01 5.000000e-01 1.393116e-01 5.000000e-01 5.000000e-01 1.515117e+00 -0.904105 -0.014181 -0.009186 0.950839 -0.009186 -0.014181 0.904105 -0.066506 -0.175387 -0.420320 -0.175387 -0.066506 0.000000 
5.000000e-01 5.000000e-01 1.260425e-01 5.000000e-01 5.000000e-01 1.515117e+00 -0.912828 -0.012596 -0.007337 0.952693 -0.007337 -0.012596 0.912828 -0.061294 -0.169957 -0.450326 -0.169957 -0.061294 0.000000 
5.000000e-01 5.000000e-01 1.127407e-01 5.000000e-01 5.000000e-01 1.515117e+00 -0.921581 -0.011004 -0.005482 0.954554 -0.005482 -0.011004 0.921581 -0.055784 -0.162876 -0.484261 -0.162876 -0.055784 0.000000 
5.000000e-01 5.000000e-01 9.940495e-02 5.000000e-01 5.000000e-01 1.515117e+00 -0.930367 -0.009407 -0.003620 0.956421 -0.003620 -0.009407 0.930367 -0.049974 -0.153781 -0.522858 -0.153781 -0.049974 0.000000 
5.000000e-01 5.000000e-01 8.603362e-02 5.000000e-01 5.000000e-01 1.515117e+00 -0.939195 -0.007802 -0.001749 0.958297 -0.001749 -0.007802 0.939195 -0.043840 -0.142018 -0.567479 -0.142018 -0.043840 0.000000 
5.000000e-01 5.000000e-01 7.262450e-02 5.000000e-01 5.000000e-01 1.515117e+00 -0.948068 -0.006188 0.000131 0.960182 0.000131 -0.006188 0.948068 -0.037441 -0.127617 -0.617952 -0.127617 -0.037441 0.000000 
5.000000e-01 5.000000e-01 5.917522e-02 5.000000e-01 5.000000e-01 1.515117e+00 -0.956997 -0.004564 0.002024 0.962079 0.002024 -0.004564 0.956997 -0.030784 -0.110173 -0.675084 -0.110173 -0.030784 0.000000 
5.000000e-01 5.000000e-01 4.568376e-02 5.000000e-01 5.000000e-01 1.515117e+00 -0.965993 -0.002928 0.003930 0.963990 0.003930 -0.002928 0.965993 -0.023870 -0.089200 -0.739853 -0.089200 -0.023870 0.000000 
5.000000e-01 5.000000e-01 3.214919e-02 5.000000e-01 5.000000e-01 1.515117e+00 -0.975053 -0.001280 0.005850 0.965915 0.005850 -0.001280 0.975053 -0.016761 -0.065246 -0.811039 -0.065246 -0.016761 0.000000 
5.000000e-01 5.000000e-01 1.857301e-02 5.000000e-01 5.000000e-01 1.515117e+00 -0.984179 0.000380 0.007784 0.967853 0.007784 0.000380 0.984179 -0.009487 -0.038529 -0.888147 -0.038529 -0.009487 0.000000 
5.000000e-01 5.000000e-01 4.999948e-03 5.000000e-01 5.000000e-01 1.515117e+00 -0.993331 0.002044 0.009723 0.969797 0.009723 0.002044 0.993331 -0.002122 -0.009989 -0.969109 -0.009989 -0.002122 0.000000 
5.000000e-01 5.000000e-01 4.999948e-03 5.000000e-01 5.000000e-01 1.515117e+00 -0.993331 0.002044 0.009723 0.969797 0.009723 0.002044 0.993331 -0.002122 -0.009989 -0.969109 -0.009989 -0.002122 0.000000 
5.000000e-01 5.000000e-01 4.999948e-03 5.000000e-01 5.000000e-01 1.515117e+00 -0.993331 0.002044 0.009723 0.969797 0.009723 0.002044 0.993331 -0.002122 -0.009989 -0.969109 -0.009989 -0.002122 0.000000 
5.000000e-01 5.000000e-01 4.999948e-03 5.000000e-01 5.000000e-01 1.515117e+00 -0.993331 0.002044 0.009723 0.969797 0.009723 0.002044 0.993331 -0.002122 -0.009989 -0.969109 -0.009989 -0.002122 0.000000 
5.000000e-01 5.000000e-01 4.999948e-03 5.000000e-01 5.000000e-01 1.515117e+00 -0.993331 0.002044 0.009723 0.969797 0.009723 0.002044 0.993331 -0.002122 -0.009989 -0.969109 -0.009989 -0.002122 0.000000 
5.000000e-01 5.000000e-01 4.999948e-03 5.000000e-01 5.000000e-01 1.515117e+00 -0.993331 0.002044 0.009723 0.969797 0.009723 0.002044 0.993331 -0.002122 -0.009989 -0.969109 -0.009989 -0.002122 0.000000 
5.000000e-01 5.000000e-01 4.999948e-03 5.000000e-01 5.000000e-01 1.515117e+00 -0.993331 0.002044 0.009723 0.969797 0.009723 0.002044 0.993331 -0.002122 -0.009989 -0.969109 -0.009989 -0.002122 0.000000 
5.000000e-01 5.000000e-01 4.999948e-03 5.000000e-01 5.000000e-01 1.515117e+00 -0.993331 0.002044 0.009723 0.969797 0.009723 0.002044 0.993331 -0.002122 -0.009989 -0.969109 -0.009989 -0.002122 0.000000 
5.000000e-01 5.000000e-01 4.999948e-03 5.000000e-01 5.000000e-01 1.515117e+00 -0.993331 0.002044 0.009723 0.969797 0.009723 0.002044 0.993331 -0.002122 -0.009989 -0.969109 -0.009989 -0.002122 0.000000 
5.000000e-01 5.000000e-01 4.999948e-03 5.000000e-01 5.000000e-01 1.515117e+00 -0.993331 0.002044 0.009723 0.969797 0.009723 0.002044 0.993331 -0.002122 -0.009989 -0.969109 -0.009989 -0.002122 0.000000 
5.000000e-01 5.000000e-01 4.999948e-03 5.000000e-01 5.000000e-01 1.515117e+00 -0.993331 0.002044 0.009723 0.969797 0.009723 0.002044 0.993331 -0.002122 -0.009989 -0.969109 -0.009989 -0.002122 0.000000 
5.000000e-01 5.000000e-01 4.999948e-03 5.000000e-01 5.000000e-01 1.515117e+00 -0.993331 0.002044 0.009723 0.969797 0.009723 0.002044 0.993331 -0.002122 -0.009989 -0.969109 -0.009989 -0.002122 0.000000 
5.000000e-01 5.000000e-01 4.999948e-03 5.000000e-01 5.000000e-01 1.515117e+00 -0.993331 0.002044 0.009723 0.969797 0.009723 0.002044 0.993331 -0.002122 -0.009989 -0.969109 -0.009989 -0.002122 0.000000 
5.000000e-01 5.000000e-01 4.999948e-03 5.000000e-01 5.000000e-01 1.515117e+00 -0.993331 0.002044 0.009723 0.969797 0.009723 0.002044 0.993331 -0.002122 -0.009989 -0.969109 -0.009989 -0.002122 0.000000 
5.000000e-01 5.000000e-01 4.999948e-03 5.000000e-01 5.000000e-01 1.515117e+00 -0.993331 0.002044 0.009723 0.969797 0.009723 0.002044 0.993331 -0.002122 -0.009989 -0.969109 -0.009989 -0.002122 0.000000 
5.000000e-01 5.000000e-01 4.999948e-03 5.000000e-01 5.000000e-01 1.515117e+00 -0.993331 0.002044 0.009723 0.969797 0.009723 0.002044 0.993331 -0.002122 -0.009989 -0.969109 -0.009989 -0.002122 0.000000 
5.000000e-01 5.000000e-01 4.999948e-03 5.000000e-01 5.000000e-01 1.515117e+00 -0.993331 0.002044 0.009723 0.969797 0.009723 0.002044 0.993331 -0.002122 -0.009989 -0.969109 -0.009989 -0.002122 0.000000 
5.000000e-01 5.000000e-01 4.999948e-03 5.000000e-01 5.000000e-01 1.515117e+00 -0.993331 0.002044 0.009723 0.969797 0.009723 0.002044 0.993331 -0.002122 -0.009989 -0.969109 -0.009989 -0.002122 0.000000 
5.000000e-01 5.000000e-01 4.999948e-03 5.000000e-01 5.000000e-01 1.515117e+00 -0.993331 0.002044 0.009723 0.969797 0.009723 0.002044 0.993331 -0.002122 -0.009989 -0.969109 -0.009989 -0.002122 0.000000 
5.000000e-01 5.000000e-01 4.999948e-03 5.000000e-01 5.000000e-01 1.515117e+00 -0.993331 0.002044 0.009723 0.969797 0.009723 0.002044 0.993331 -0.002122 -0.009989 -0.969109 -0.009989 -0.002122 0.000000 
5.000000e-01 5.000000e-01 4.999948e-03 5.000000e-01 5.000000e-01 1.515117e+00 -0.993331 0.002044 0.009723 0.969797 0.009723 0.002044 0.993331 -0.002122 -0.009989 -0.969109 -0.009989 -0.002122 0.000000 
5.000000e-01 5.000000e-01 4.999948e-03 5.000000e-01 5.000000e-01 1.515117e+00 -0.993331 0.002044 0.009723 0.969797 0.009723 0.002044 0.993331 -0.002122 -0.009989 -0.969109 -0.009989 -0.002122 0.000000 
5.000000e-01 5.000000e-01 4.999948e-03 5.000000e-01 5.000000e-01 1.515117e+00 -0.993331 0.002044 0.009723 0.969797 0.009723 0.002044 0.993331 -0.002122 -0.009989 -0.969109 -0.009989 -0.002122 0.000000 
5.000000e-01 5.000000e-01 4.999948e-03 5.000000e-01 5.000000e-01 1.515117e+00 -0.993331 0.002044 0.009723 0.969797 0.009723 0.002044 0.993331 -0.002122 -0.009989 -0.969109 -0.009989 -0.002122 0.000000 
5.000000e-01 5.000000e-01 4.999948e-03 5.000000e-01 5.000000e-01 1.515117e+00 -0.993331 0.002044 0.009723 0.969797 0.009723 0.002044 0.993331 -0.002122 -0.009989 -0.969109 -0.009989 -0.002122 0.000000 
5.000000e-01 5.000000e-01 4.999948e-03 5.000000e-01 5.000000e-01 1.515117e+00 -0.993331 0.002044 0.009723 0.969797 0.009723 0.002044 0.993331 -0.002122 -0.009989 -0.969109 -0.009989 -0.002122 0.000000 
5.000000e-01 5.000000e-01 4.999948e-03 5.000000e-01 5.000000e-01 1.515117e+00 -0.993331 0.002044 0.009723 0.969797 0.009723 0.002044 0.993331 -0.002122 -0.009989 -0.969109 -0.009989 -0.002122 0.000000 
5.000000e-01 5.000000e-01 4.999948e-03 5.000000e-01 5.000000e-01 1.515117e+00 -0.993331 0.002044 0.009723 0.969797 0.009723 0.002044 0.993331 -0.002122 -0.009989 -0.969109 -0.009989 -0.002122 0.000000 
5.000000e-01 5.000000e-01 4.999948e-03 5.000000e-01 5.000000e-01 1.515117e+00 -0.993331 0.002044 0.009723 0.969797 0.009723 0.002044 0.993331 -0.002122 -0.009989 -0.969109 -0.009989 -0.002122 0.000000 
5.000000e-01 5.000000e-01 4.999948e-03 5.000000e-01 5.000000e-01 1.515117e+00 -0.993331 0.002044 0.009723 0.969797 0.009723 0.002044 0.993331 -0.002122 -0.009989 -0.969109 -0.009989 -0.002122 0.000000 
5.000000e-01 5.000000e-01 4.999948e-03 5.000000e-01 5.000000e-01 1.515117e+00 -0.993331 0.002044 0.009723 0.969797 0.009723 0.002044 0.993331 -0.002122 -0.009989 -0.969109 -0.009989 -0.002122 0.000000 
5.000000e-01 5.000000e-01 4.999948e-03 5.000000e-01 5.000000e-01 1.515117e+00 -0.993331 0.002044 0.009723 0.969797 0.009723 0.002044 0.993331 -0.002122 -0.009989 -0.969109 -0.009989 -0.002122 0.000000 
5.000000e-01 5.000000e-01 4.999948e-03 5.000000e-01 5.000000e-01 1.515117e+00 -0.993331 0.002044 0.009723 0.969797 0.009723 0.002044 0.993331 -0.002122 -0.009989 -0.969109 -0.009989 -0.002122 0.000000 
5.000000e-01 5.000000e-01 4.999948e-03 5.000000e-01 5.000000e-01 1.515117e+00 -0.993331 0.002044 0.009723 0.969797 0.009723 0.002044 0.993331 -0.002122 -0.009989 -0.969109 -0.009989 -0.002122 0.000000 
5.000000e-01 5.000000e-01 4.999948e-03 5.000000e-01 5.000000e-01 1.515117e+00 -0.993331 0.002044 0.009723 0.969797 0.009723 0.002044 0.993331 -0.002122 -0.009989 -0.969109 -0.009989 -0.002122 0.000000 
5.000000e-01 5.000000e-01 4.999948e-03 5.000000e-01 5.000000e-01 1.515117e+00 -0.993331 0.002044 0.009723 0.969797 0.009723 0.002044 0.993331 -0.002122 -0.009989 -0.969109 -0.009989 -0.002122 0.000000 
5.000000e-01 5.000000e-01 4.999948e-03 5.000000e-01 5.000000e-01 1.515117e+00 -0.993331 0.002044 0.009723 0.969797 0.009723 0.002044 0.993331 -0.002122 -0.009989 -0.969109 -0.009989 -0.002122 0.000000 
5.000000e-01 5.000000e-01 4.999948e-03 5.000000e-01 5.000000e-01 1.515117e+00 -0.993331 0.002044 0.009723 0.969797 0.009723 0.002044 0.993331 -0.002122 -0.009989 -0.969109 -0.009989 -0.002122 0.000000 
5.000000e-01 5.000000e-01 4.999948e-03 5.000000e-01 5.000000e-01 1.515117e+00 -0.993331 0.002044 0.009723 0.969797 0.009723 0.002044 0.993331 -0.002122 -0.009989 -0.969109 -0.009989 -0.002122 0.000000 
5.000000e-01 5.000000e-01 4.999948e-03 5.000000e-01 5.000000e-01 1.515117e+00 -0.993331 0.002044 0.009723 0.969797 0.009723 0.002044 0.993331 -0.002122 -0.009989 -0.969109 -0.009989 -0.002122 0.000000 
5.000000e-01 5.000000e-01 4.999948e-03 5.000000e-01 5.000000e-01 1.515117e+00 -0.993331 0.002044 0.009723 0.969797 0.009723 0.002044 0.993331 -0.002122 -0.009989 -0.969109 -0.009989 -0.002122 0.000000 
5.000000e-01 5.000000e-01 4.999948e-03 5.000000e-01 5.000000e-01 1.515117e+00 -0.993331 0.002044 0.009723 0.969797 0.009723 0.002044 0.993331 -0.002122 -0.009989 -0.969109 -0.009989 -0.002122 0.000000 
5.000000e-01 5.000000e-01 4.999948e-03 5.000000e-01 5.000000e-01 1.515117e+00 -0.993331 0.002044 0.009723 0.969797 0.009723 0.002044 0.993331 -0.002122 -0.009989 -0.969109 -0.009989 -0.002122 0.000000 
5.000000e-01 5.000000e-01 4.999948e-03 5.000000e-01 5.000000e-01 1.515117e+00 -0.993331 0.002044 0.009723 0.969797 0.009723 0.002044 0.993331 -0.002122 -0.009989 -0.969109 -0.009989 -0.002122 0.000000 
5.000000e-01 5.000000e-01 4.999948e-03 5.000000e-01 5.000000e-01 1.515117e+00 -0.993331 0.002044 0.009723 0.969797 0.009723 0.002044 0.993331 -0.002122 -0.009989 -0.969109 -0.009989 -0.002122 0.000000 
5.000000e-01 5.000000e-01 4.999948e-03 5.000000e-01 5.000000e-01 1.515117e+00 -0.993331 0.002044 0.009723 0.969797 0.009723 0.002044 0.993331 -0.002122 -0.009989 -0.969109 -0.009989 -0.002122 0.000000 
5.000000e-01 5.000000e-01 4.999948e-03 5.000000e-01 5.000000e-01 1.515117e+00 -0.993331 0.002044 0.009723 0.969797 0.009723 0.002044 0.993331 -0.002122 -0.009989 -0.969109 -0.009989 -0.002122 0.000000 
5.000000e-01 5.000000e-01 4.999948e-03 5.000000e-01 5.000000e-01 1.515117e+00 -0.993331 0.002044 0.009723 0.969797 0.009723 0.002044 0.993331 -0.002122 -0.009989 -0.969109 -0.009989 -0.002122 0.000000 
5.000000e-01 5.000000e-01 4.999948e-03 5.000000e-01 5.000000e-01 1.515117e+00 -0.993331 0.002044 0.009723 0.969797 0.009723 0.002044 0.993331 -0.002122 -0.009989 -0.969109 -0.009989 -0.002122 0.000000 
5.000000e-01 5.000000e-01 4.999948e-03 5.000000e-01 5.000000e-01 1.515117e+00 -0.993331 0.002044 0.009723 0.969797 0.009723 0.002044 0.993331 -0.002122 -0.009989 -0.969109 -0.009989 -0.002122 0.000000 
5.000000e-01 5.000000e-01 4.999948e-03 5.000000e-01 5.000000e-01 1.515117e+00 -0.993331 0.002044 0.009723 0.969797 0.009723 0.002044 0.993331 -0.002122 -0.009989 -0.969109 -0.009989 -0.002122 0.000000 
5.000000e-01 5.000000e-01 4.999948e-03 5.000000e-01 5.000000e-01 1.515117e+00 -0.993331 0.002044 0.009723 0.969797 0.009723 0.002044 0.993331 -0.002122 -0.009989 -0.969109 -0.009989 -0.002122 0.000000 
5.000000e-01 5.000000e-01 4.999948e-03 5.000000e-01 5.000000e-01 1.515117e+00 -0.993331 0.002044 0.009723 0.969797 0.009723 0.002044 0.993331 -0.002122 -0.009989 -0.969109 -0.009989 -0.002122 0.000000 
5.000000e-01 5.000000e-01 4.999948e-03 5.000000e-01 5.000000e-01 1.515117e+00 -0.993331 0.002044 0.009723 0.969797 0.009723 0.002044 0.993331 -0.002122 -0.009989 -0.969109 -0.009989 -0.002122 0.000000 
5.000000e-01 5.000000e-01 4.999948e-03 5.000000e-01 5.000000e-01 1.515117e+00 -0.993331 0.002044 0.009723 0.969797 0.009723 0.002044 0.993331 -0.002122 -0.009989 -0.969109 -0.009989 -0.002122 0.000000 
5.000000e-01 5.000000e-01 4.999948e-03 5.000000e-01 5.000000e-01 1.515117e+00 -0.993331 0.002044 0.009723 0.969797 0.009723 0.002044 0.993331 -0.002122 -0.009989 -0.969109 -0.009989 -0.002122 0.000000 
5.000000e-01 5.000000e-01 4.999948e-03 5.000000e-01 5.000000e-01 1.515117e+00 -0.993331 0.002044 0.009723 0.969797 0.009723 0.002044 0.993331 -0.002122 -0.009989 -0.969109 -0.009989 -0.002122 0.000000 
5.000000e-01 5.000000e-01 4.999948e-03 5.000000e-01 5.000000e-01 1.515117e+00 -0.993331 0.002044 0.009723 0.969797 0.009723 0.002044 0.993331 -0.002122 -0.009989 -0.969109 -0.009989 -0.002122 0.000000 
5.000000e-01 5.000000e-01 4.999948e-03 5.000000e-01 5.000000e-01 1.515117e+00 -0.993331 0.002044 0.009723 0.969797 0.009723 0.002044 0.993331 -0.002122 -0.009989 -0.969109 -0.009989 -0.002122 0.000000 
5.000000e-01 5.000000e-01 4.999948e-03 5.000000e-01 5.000000e-01 1.515117e+00 -0.993331 0.002044 0.009723 0.969797 0.009723 0.002044 0.993331 -0.002122 -0.009989 -0.969109 -0.009989 -0.002122 0.000000 
5.000000e-01 5.000000e-01 4.999948e-03 5.000000e-01 5.000000e-01 1.515117e+00 -0.993331 0.002044 0.009723 0.969797 0.009723 0.002044 0.993331 -0.002122 -0.009989 -0.969109 -0.009989 -0.002122 0.000000 
5.000000e-01 5.000000e-01 4.999948e-03 5.000000e-01 5.000000e-01 1.515117e+00 -0.993331 0.002044 0.009723 0.969797 0.009723 0.002044 0.993331 -0.002122 -0.009989 -0.969109 -0.009989 -0.002122 0.000000 
5.000000e-01 5.000000e-01 4.999948e-03 5.000000e-01 5.000000e-01 1.515117e+00 -0.993331 0.002044 0.009723 0.969797 0.009723 0.002044 0.993331 -0.002122 -0.009989 -0.969109 -0.009989 -0.002122 0.000000 
5.000000e-01 5.000000e-01 4.999948e-03 5.000000e-01 5.000000e-01 1.515117e+00 -0.993331 0.002044 0.009723 0.969797 0.009723 0.002044 0.993331 -0.002122 -0.009989 -0.969109 -0.009989 -0.002122 0.000000 
5.000000e-01 5.000000e-01 4.999948e-03 5.000000e-01 5.000000e-01 1.515117e+00 -0.993331 0.002044 0.009723 0.969797 0.009723 0.002044 0.993331 -0.002122 -0.009989 -0.969109 -0.009989 -0.002122 0.000000 
5.000000e-01 5.000000e-01 4.999948e-03 5.000000e-01 5.000000e-01 1.515117e+00 -0.993331 0.002044 0.009723 0.969797 0.009723 0.002044 0.993331 -0.002122 -0.009989 -0.969109 -0.009989 -0.002122 0.000000 
5.000000e-01 5.000000e-01 4.999948e-03 5.000000e-01 5.000000e-01 1.515117e+00 -0.993331 0.002044 0.009723 0.969797 0.009723 0.002044 0.993331 -0.002122 -0.009989 -0.969109 -0.009989 -0.002122 0.000000 
5.000000e-01 5.000000e-01 4.999948e-03 5.000000e-01 5.000000e-01 1.515117e+00 -0.993331 0.002044 0.009723 0.969797 0.009723 0.002044 0.993331 -0.002122 -0.009989 -0.969109 -0.009989 -0.002122 0.000000 
5.000000e-01 5.000000e-01 4.999948e-03 5.000000e-01 5.000000e-01 1.515117e+00 -0.993331 0.002044 0.009723 0.969797 0.009723 0.002044 0.993331 -0.002122 -0.009989 -0.969109 -0.009989 -0.002122 0.000000 
5.000000e-01 5.000000e-01 4.999948e-03 5.000000e-01 5.000000e-01 1.515117e+00 -0.993331 0.002044 0.009723 0.969797 0.009723 0.002044 0.993331 -0.002122 -0.009989 -0.969109 -0.009989 -0.002122 0.000000 
5.000000e-01 5.000000e-01 4.999948e-03 5.000000e-01 5.000000e-01 1.515117e+00 -0.993331 0.002044 0.009723 0.969797 0.009723 0.002044 0.993331 -0.002122 -0.009989 -0.969109 -0.009989 -0.002122 0.000000 
5.000000e-01 5.000000e-01 4.999948e-03 5.000000e-01 5.000000e-01 1.515117e+00 -0.993331 0.002044 0.009723 0.969797 0.009723 0.002044 0.993331 -0.002122 -0.009989 -0.969109 -0.009989 -0.002122 0.000000 
5.000000e-01 5.000000e-01 4.999948e-03 5.000000e-01 5.000000e-01 1.515117e+00 -0.993331 0.002044 0.009723 0.969797 0.009723 0.002044 0.993331 -0.002122 -0.009989 -0.969109 -0.009989 -0.002122 0.000000 
5.000000e-01 5.000000e-01 4.999948e-03 5.000000e-01 5.000000e-01 1.515117e+00 -0.993331 0.002044 0.009723 0.969797 0.009723 0.002044 0.993331 -0.002122 -0.009989 -0.969109 -0.009989 -0.002122 0.000000 
5.000000e-01 5.000000e-01 4.999948e-03 5.000000e-01 5.000000e-01 1.515117e+00 -0.993331 0.002044 0.009723 0.969797 0.009723 0.002044 0.993331 -0.002122 -0.009989 -0.969109 -0.009989 -0.002122 0.000000 
5.000000e-01 5.000000e-01 4.999948e-03 5.000000e-01 5.000000e-01 1.515117e+00 -0.993331 0.002044 0.009723 0.969797 0.009723 0.002044 0.993331 -0.002122 -0.009989 -0.969109 -0.009989 -0.002122 0.000000 
5.000000e-01 5.000000e-01 4.999948e-03 5.000000e-01 5.000000e-01 1.515117e+00 -0.993331 0.002044 0.009723 0.969797 0.009723 0.002044 0.993331 -0.002122 -0.009989 -0.969109 -0.009989 -0.002122 0.000000 
5.000000e-01 5.000000e-01 4.999948e-03 5.000000e-01 5.000000e-01 1.515117e+00 -0.993331 0.002044 0.009723 0.969797 0.009723 0.002044 0.993331 -0.002122 -0.009989 -0.969109 -0.009989 -0.002122 0.000000 
5.000000e-01 5.000000e-01 4.999948e-03 5.000000e-01 5.000000e-01 1.515117e+00 -0.993331 0.002044 0.009723 0.969797 0.009723 0.002044 0.993331 -0.002122 -0.009989 -0.969109 -0.009989 -0.002122 0.000000 
5.000000e-01 5.000000e-01 4.999948e-03 5.000000e-01 5.000000e-01 1.515117e+00 -0.993331 0.002044 0.009723 0.969797 0.009723 0.002044 0.993331 -0.002122 -0.009989 -0.969109 -0.009989 -0.002122 0.000000 
5.000000e-01 5.000000e-01 4.999948e-03 5.000000e-01 5.000000e-01 1.515117e+00 -0.993331 0.002044 0.009723 0.969797 0.009723 0.002044 0.993331 -0.002122 -0.009989 -0.969109 -0.009989 -0.002122 0.000000 
5.000000e-01 5.000000e-01 4.999948e-03 5.000000e-01 5.000000e-01 1.515117e+00 -0.993331 0.002044 0.009723 0.969797 0.009723 0.002044 0.993331 -0.002122 -0.009989 -0.969109 -0.009989 -0.002122 0.000000 
5.000000e-01 5.000000e-01 4.999948e-03 5.000000e-01 5.000000e-01 1.515117e+00 -0.993331 0.002044 0.009723 0.969797 0.009723 0.002044 0.993331 -0.002122 -0.009989 -0.969109 -0.009989 -0.002122 0.000000 
5.000000e-01 5.000000e-01 4.999948e-03 5.000000e-01 5.000000e-01 1.515117e+00 -0.993331 0.002044 0.009723 0.969797 0.009723 0.002044 0.993331 -0.002122 -0.009989 -0.969109 -0.009989 -0.002122 0.000000 
5.000000e-01 5.000000e-01 4.999948e-03 5.000000e-01 5.000000e-01 1.515117e+00 -0.993331 0.002044 0.009723 0.969797 0.009723 0.002044 0.993331 -0.002122 -0.009989 -0.969109 -0.009989 -0.002122 0.000000 
5.000000e-01 5.000000e-01 4.999948e-03 5.000000e-01 5.000000e-01 1.515117e+00 -0.993331 0.002044 0.009723 0.969797 0.009723 0.002044 0.993331 -0.002122 -0.009989 -0.969109 -0.009989 -0.002122 0.000000 
5.000000e-01 5.000000e-01 4.999948e-03 5.000000e-01 5.000000e-01 1.515117e+00 -0.993331 0.002044 0.009723 0.969797 0.009723 0.002044 0.993331 -0.002122 -0.009989 -0.969109 -0.009989 -0.002122 0.000000 
5.000000e-01 5.000000e-01 4.999948e-03 5.000000e-01 5.000000e-01 1.515117e+00 -0.993331 0.002044 0.009723 0.969797 0.009723 0.002044 0.993331 -0.002122 -0.009989 -0.969109 -0.009989 -0.002122 0.000000 
5.000000e-01 5.000000e-01 4.999948e-03 5.000000e-01 5.000000e-01 1.515117e+00 -0.993331 0.002044 0.009723 0.969797 0.009723 0.002044 0.993331 -0.002122 -0.009989 -0.969109 -0.009989 -0.002122 0.000000 
5.000000e-01 5.000000e-01 4.999948e-03 5.000000e-01 5.000000e-01 1.515117e+00 -0.993331 0.002044 0.009723 0.969797 0.009723 0.002044 0.993331 -0.002122 -0.009989 -0.969109 -0.009989 -0.002122 0.000000 
5.000000e-01 5.000000e-01 4.999948e-03 5.000000e-01 5.000000e-01 1.515117e+00 -0.993331 0.002044 0.009723 0.969797 0.009723 0.002044 0.993331 -0.002122 -0.009989 -0.969109 -0.009989 -0.002122 0.000000 
5.000000e-01 5.000000e-01 4.999948e-03 5.000000e-01 5.000000e-01 1.515117e+00 -0.993331 0.002044 0.009723 0.969797 0.009723 0.002044 0.993331 -0.002122 -0.009989 -0.969109 -0.009989 -0.002122 0.000000 
5.000000e-01 5.000000e-01 4.999948e-03 5.000000e-01 5.000000e-01 1.515117e+00 -0.993331 0.002044 0.009723 0.969797 0.009723 0.002044 0.993331 -0.002122 -0.009989 -0.969109 -0.009989 -0.002122 0.000000 
5.000000e-01 5.000000e-01 4.999948e-03 5.000000e-01 5.000000e-01 1.515117e+00 -0.993331 0.002044 0.009723 0.969797 0.009723 0.002044 0.993331 -0.002122 -0.009989 -0.969109 -0.009989 -0.002122 0.000000 
5.000000e-01 5.000000e-01 4.999948e-03 5.000000e-01 5.000000e-01 1.515117e+00 -0.993331 0.002044 0.009723 0.969797 0.009723 0.002044 0.993331 -0.002122 -0.009989 -0.969109 -0.009989 -0.002122 0.000000 
5.000000e-01 5.000000e-01 4.999948e-03 5.000000e-01 5.000000e-01 1.515117e+00 -0.993331 0.002044 0.009723 0.969797 0.009723 0.002044 0.993331 -0.002122 -0.009989 -0.969109 -0.009989 -0.002122 0.000000 
5.000000e-01 5.000000e-01 4.999948e-03 5.000000e-01 5.000000e-01 1.515117e+00 -0.993331 0.002044 0.009723 0.969797 0.009723 0.002044 0.993331 -0.002122 -0.009989 -0.969109 -0.009989 -0.002122 0.000000 
5.000000e-01 5.000000e-01 4.999948e-03 5.000000e-01 5.000000e-01 1.515117e+00 -0.993331 0.002044 0.009723 0.969797 0.009723 0.002044 0.993331 -0.002122 -0.009989 -0.969109 -0.009989 -0.002122 0.000000 
5.000000e-01 5.000000e-01 4.999948e-03 5.000000e-01 5.000000e-01 1.515117e+00 -0.993331 0.002044 0.009723 0.969797 0.009723 0.002044 0.993331 -0.002122 -0.009989 -0.969109 -0.009989 -0.002122 0.000000 
5.000000e-01 5.000000e-01 4.999948e-03 5.000000e-01 5.000000e-01 1.515117e+00 -0.993331 0.002044 0.009723 0.969797 0.009723 0.002044 0.993331 -0.002122 -0.009989 -0.969109 -0.009989 -0.002122 0.000000 
5.000000e-01 5.000000e-01 4.999948e-03 5.000000e-01 5.000000e-01 1.515117e+00 -0.993331 0.002044 0.009723 0.969797 0.009723 0.002044 0.993331 -0.002122 -0.009989 -0.969109 -0.009989 -0.002122 0.000000 
5.000000e-01 5.000000e-01 4.999948e-03 5.000000e-01 5.000000e-01 1.515117e+00 -0.993331 0.002044 0.009723 0.969797 0.009723 0.002044 0.993331 -0.002122 -0.009989 -0.969109 -0.009989 -0.002122 0.000000 
5.000000e-01 5.000000e-01 4.999948e-03 5.000000e-01 5.000000e-01 1.515117e+00 -0.993331 0.002044 0.009723 0.969797 0.009723 0.002044 0.993331 -0.002122 -0.009989 -0.969109 -0.009989 -0.002122 0.000000 
5.000000e-01 5.000000e-01 4.999948e-03 5.000000e-01 5.000000e-01 1.515117e+00 -0.993331 0.002044 0.009723 0.969797 0.009723 0.002044 0.993331 -0.002122 -0.009989 -0.969109 -0.009989 -0.002122 0.000000 
5.000000e-01 5.000000e-01 4.999948e-03 5.000000e-01 5.000000e-01 1.515117e+00 -0.993331 0.002044 0.009723 0.969797 0.009723 0.002044 0.993331 -0.002122 -0.009989 -0.969109 -0.009989 -0.002122 0.000000 
5.000000e-01 5.000000e-01 4.999948e-03 5.000000e-01 5.000000e-01 1.515117e+00 -0.993331 0.002044 0.009723 0.969797 0.009723 0.002044 0.993331 -0.002122 -0.009989 -0.969109 -0.009989 -0.002122 0.000000 
5.000000e-01 5.000000e-01 4.999948e-03 5.000000e-01 5.000000e-01 1.515117e+00 -0.993331 0.002044 0.009723 0.969797 0.009723 0.002044 0.993331 -0.002122 -0.009989 -0.969109 -0.009989 -0.002122 0.000000 
5.000000e-01 5.000000e-01 4.999948e-03 5.000000e-01 5.000000e-01 1.515117e+00 -0.993331 0.002044 0.009723 0.969797 0.009723 0.002044 0.993331 -0.002122 -0.009989 -0.969109 -0.009989 -0.002122 0.000000 
5.000000e-01 5.000000e-01 4.999948e-03 5.000000e-01 5.000000e-01 1.515117e+00 -0.993331 0.002044 0.009723 0.969797 0.009723 0.002044 0.993331 -0.002122 -0.009989 -0.969109 -0.009989 -0.002122 0.000000 
5.000000e-01 5.000000e-01 4.999948e-03 5.000000e-01 5.000000e-01 1.515117e+00 -0.993331 0.002044 0.009723 0.969797 0.009723 0.002044 0.993331 -0.002122 -0.009989 -0.969109 -0.009989 -0.002122 0.000000 
5.000000e-01 5.000000e-01 4.999948e-03 5.000000e-01 5.000000e-01 1.515117e+00 -0.993331 0.002044 0.009723 0.969797 0.009723 0.002044 0.993331 -0.002122 -0.009989 -0.969109 -0.009989 -0.002122 0.000000 
5.000000e-01 5.000000e-01 4.999948e-03 5.000000e-01 5.000000e-01 1.515117e+00 -0.993331 0.002044 0.009723 0.969797 0.009723 0.002044 0.993331 -0.002122 -0.009989 -0.969109 -0.009989 -0.002122 0.000000 
5.000000e-01 5.000000e-01 4.999948e-03 5.000000e-01 5.000000e-01 1.515117e+00 -0.993331 0.002044 0.009723 0.969797 0.009723 0.002044 0.993331 -0.002122 -0.009989 -0.969109 -0.009989 -0.002122 0.000000 
5.000000e-01 5.000000e-01 4.999948e-03 5.000000e-01 5.000000e-01 1.515117e+00 -0.993331 0.002044 0.009723 0.969797 0.009723 0.002044 0.993331 -0.002122 -0.009989 -0.969109 -0.009989 -0.002122 0.000000 
5.000000e-01 5.000000e-01 4.999948e-03 5.000000e-01 5.000000e-01 1.515117e+00 -0.993331 0.002044 0.009723 0.969797 0.009723 0.002044 0.993331 -0.002122 -0.009989 -0.969109 -0.009989 -0.002122 0.000000 
5.000000e-01 5.000000e-01 4.999948e-03 5.000000e-01 5.000000e-01 1.515117e+00 -0.993331 0.002044 0.009723 0.969797 0.009723 0.002044 0.993331 -0.002122 -0.009989 -0.969109 -0.009989 -0.002122 0.000000 
5.000000e-01 5.000000e-01 4.999948e-03 5.000000e-01 5.000000e-01 1.515117e+00 -0.993331 0.002044 0.009723 0.969797 0.009723 0.002044 0.993331 -0.002122 -0.009989 -0.969109 -0.009989 -0.002122 0.000000 
5.000000e-01 5.000000e-01 4.999948e-03 5.000000e-01 5.000000e-01 1.515117e+00 -0.993331 0.002044 0.009723 0.969797 0.009723 0.002044 0.993331 -0.002122 -0.009989 -0.969109 -0.009989 -0.002122 0.000000 
5.000000e-01 5.000000e-01 4.999948e-03 5.000000e-01 5.000000e-01 1.515117e+00 -0.993331 0.002044 0.009723 0.969797 0.009723 0.002044 0.993331 -0.002122 -0.009989 -0.969109 -0.009989 -0.002122 0.000000 
5.000000e-01 5.000000e-01 4.999948e-03 5.000000e-01 5.000000e-01 1.515117e+00 -0.993331 0.002044 0.009723 0.969797 0.009723 0.002044 0.993331 -0.002122 -0.009989 -0.969109 -0.009989 -0.002122 0.000000 
5.000000e-01 5.000000e-01 4.999948e-03 5.000000e-01 5.000000e-01 1.515117e+00 -0.993331 0.002044 0.009723 0.969797 0.009723 0.002044 0.993331 -0.002122 -0.009989 -0.969109 -0.009989 -0.002122 0.000000 
5.000000e-01 5.000000e-01 4.999948e-03 5.000000e-01 5.000000e-01 1.515117e+00 -0.993331 0.002044 0.009723 0.969797 0.009723 0.002044 0.993331 -0.002122 -0.009989 -0.969109 -0.009989 -0.002122 0.000000 
5.000000e-01 5.000000e-01 4.999948e-03 5.000000e-01 5.000000e-01 1.515117e+00 -0.993331 0.002044 0.009723 0.969797 0.009723 0.002044 0.993331 -0.002122 -0.009989 -0.969109 -0.009989 -0.002122 0.000000 
5.000000e-01 5.000000e-01 4.999948e-03 5.000000e-01 5.000000e-01 1.515117e+00 -0.993331 0.002044 0.009723 0.969797 0.009723 0.002044 0.993331 -0.002122 -0.009989 -0.969109 -0.009989 -0.002122 0.000000 
5.000000e-01 5.000000e-01 4.999948e-03 5.000000e-01 5.000000e-01 1.515117e+00 -0.993331 0.002044 0.009723 0.969797 0.009723 0.002044 0.993331 -0.002122 -0.009989 -0.969109 -0.009989 -0.002122 0.000000 
5.000000e-01 5.000000e-01 4.999948e-03 5.000000e-01 5.000000e-01 1.515117e+00 -0.993331 0.002044 0.009723 0.969797 0.009723 0.002044 0.993331 -0.002122 -0.009989 -0.969109 -0.009989 -0.002122 0.000000 
5.000000e-01 5.000000e-01 4.999948e-03 5.000000e-01 5.000000e-01 1.515117e+00 -0.993331 0.002044 0.009723 0.969797 0.009723 0.002044 0.993331 -0.002122 -0.009989 -0.969109 -0.009989 -0.002122 0.000000 
5.000000e-01 5.000000e-01 4.999948e-03 5.000000e-01 5.000000e-01 1.515117e+00 -0.993331 0.002044 0.009723 0.969797 0.009723 0.002044 0.993331 -0.002122 -0.009989 -0.969109 -0.009989 -0.002122 0.000000 
5.000000e-01 5.000000e-01 4.999948e-03 5.000000e-01 5.000000e-01 1.515117e+00 -0.993331 0.002044 0.009723 0.969797 0.009723 0.002044 0.993331 -0.002122 -0.009989 -0.969109 -0.009989 -0.002122 0.000000 
5.000000e-01 5.000000e-01 4.999948e-03 5.000000e-01 5.000000e-01 1.515117e+00 -0.993331 0.002044 0.009723 0.969797 0.009723 0.002044 0.993331 -0.002122 -0.009989 -0.969109 -0.009989 -0.002122 0.000000 
5.000000e-01 5.000000e-01 4.999948e-03 5.000000e-01 5.000000e-01 1.515117e+00 -0.993331 0.002044 0.009723 0.969797 0.009723 0.002044 0.993331 -0.002122 -0.009989 -0.969109 -0.009989 -0.002122 0.000000 
5.000000e-01 5.000000e-01 4.999948e-03 5.000000e-01 5.000000e-01 1.515117e+00 -0.993331 0.002044 0.009723 0.969797 0.009723 0.002044 0.993331 -0.002122 -0.009989 -0.969109 -0.009989 -0.002122 0.000000 
5.000000e-01 5.000000e-01 4.999948e-03 5.000000e-01 5.000000e-01 1.515117e+00 -0.993331 0.002044 0.009723 0.969797 0.009723 0.002044 0.993331 -0.002122 -0.009989 -0.969109 -0.009989 -0.002122 0.000000 
5.000000e-01 5.000000e-01 4.999948e-03 5.000000e-01 5.000000e-01 1.515117e+00 -0.993331 0.002044 0.009723 0.969797 0.009723 0.002044 0.993331 -0.002122 -0.009989 -0.969109 -0.009989 -0.002122 0.000000 
5.000000e-01 5.000000e-01 4.999948e-03 5.000000e-01 5.000000e-01 1.515117e+00 -0.993331 0.002044 0.009723 0.969797 0.009723 0.002044 0.993331 -0.002122 -0.009989 -0.969109 -0.009989 -0.002122 0.000000 
5.000000e-01 5.000000e-01 4.999948e-03 5.000000e-01 5.000000e-01 1.515117e+00 -0.993331 0.002044 0.009723 0.969797 0.009723 0.002044 0.993331 -0.002122 -0.009989 -0.969109 -0.009989 -0.002122 0.000000 
5.000000e-01 5.000000e-01 4.999948e-03 5.000000e-01 5.000000e-01 1.515117e+00 -0.993331 0.002044 0.009723 0.969797 0.009723 0.002044 0.993331 -0.002122 -0.009989 -0.969109 -0.009989 -0.002122 0.000000 
5.000000e-01 5.000000e-01 4.999948e-03 5.000000e-01 5.000000e-01 1.515117e+00 -0.993331 0.002044 0.009723 0.969797 0.009723 0.002044 0.993331 -0.002122 -0.009989 -0.969109 -0.009989 -0.002122 0.000000 
5.000000e-01 5.000000e-01 4.999948e-03 5.000000e-01 5.000000e-01 1.515117e+00 -0.993331 0.002044 0.009723 0.969797 0.009723 0.002044 0.993331 -0.002122 -0.009989 -0.969109 -0.009989 -0.002122 0.000000 
5.000000e-01 5.000000e-01 4.999948e-03 5.000000e-01 5.000000e-01 1.515117e+00 -0.993331 0.002044 0.009723 0.969797 0.009723 0.002044 0.993331 -0.002122 -0.009989 -0.969109 -0.009989 -0.002122 0.000000 
5.000000e-01 5.000000e-01 4.999948e-03 5.000000e-01 5.000000e-01 1.515117e+00 -0.993331 0.002044 0.009723 0.969797 0.009723 0.002044 0.993331 -0.002122 -0.009989 -0.969109 -0.009989 -0.002122 0.000000 
5.000000e-01 5.000000e-01 4.999948e-03 5.000000e-01 5.000000e-01 1.515117e+00 -0.993331 0.002044 0.009723 0.969797 0.009723 0.002044 0.993331 -0.002122 -0.009989 -0.969109 -0.009989 -0.002122 0.000000 
5.000000e-01 5.000000e-01 4.999948e-03 5.000000e-01 5.000000e-01 1.515117e+00 -0.993331 0.002044 0.009723 0.969797 0.009723 0.002044 0.993331 -0.002122 -0.009989 -0.969109 -0.009989 -0.002122 0.000000 
5.000000e-01 5.000000e-01 4.999948e-03 5.000000e-01 5.000000e-01 1.515117e+00 -0.993331 0.002044 0.009723 0.969797 0.009723 0.002044 0.993331 -0.002122 -0.009989 -0.969109 -0.009989 -0.002122 0.000000 
5.000000e-01 5.000000e-01 4.999948e-03 5.000000e-01 5.000000e-01 1.515117e+00 -0.993331 0.002044 0.009723 0.969797 0.009723 0.002044 0.993331 -0.002122 -0.009989 -0.969109 -0.009989 -0.002122 0.000000 
5.000000e-01 5.000000e-01 4.999948e-03 5.000000e-01 5.000000e-01 1.515117e+00 -0.993331 0.002044 0.009723 0.969797 0.009723 0.002044 0.993331 -0.002122 -0.009989 -0.969109 -0.009989 -0.002122 0.000000 
5.000000e-01 5.000000e-01 4.999948e-03 5.000000e-01 5.000000e-01 1.515117e+00 -0.993331 0.002044 0.009723 0.969797 0.009723 0.002044 0.993331 -0.002122 -0.009989 -0.969109 -0.009989 -0.002122 0.000000 
5.000000e-01 5.000000e-01 4.999948e-03 5.000000e-01 5.000000e-01 1.515117e+00 -0.993331 0.002044 0.009723 0.969797 0.009723 0.002044 0.993331 -0.002122 -0.009989 -0.969109 -0.009989 -0.002122 0.000000 
5.000000e-01 5.000000e-01 4.999948e-03 5.000000e-01 5.000000e-01 1.515117e+00 -0.993331 0.002044 0.009723 0.969797 0.009723 0.002044 0.993331 -0.002122 -0.009989 -0.969109 -0.009989 -0.002122 0.000000 
5.000000e-01 5.000000e-01 4.999948e-03 5.000000e-01 5.000000e-01 1.515117e+00 -0.993331 0.002044 0.009723 0.969797 0.009723 0.002044 0.993331 -0.002122 -0.009989 -0.969109 -0.009989 -0.002122 0.000000 
5.000000e-01 5.000000e-01 4.999948e-03 5.000000e-01 5.000000e-01 1.515117e+00 -0.993331 0.002044 0.009723 0.969797 0.009723 0.002044 0.993331 -0.002122 -0.009989 -0.969109 -0.009989 -0.002122 0.000000 
5.000000e-01 5.000000e-01 4.999948e-03 5.000000e-01 5.000000e-01 1.515117e+00 -0.993331 0.002044 0.009723 0.969797 0.009723 0.002044 0.993331 -0.002122 -0.009989 -0.969109 -0.009989 -0.002122 0.000000 
5.000000e-01 5.000000e-01 4.999948e-03 5.000000e-01 5.000000e-01 1.515117e+00 -0.993331 0.002044 0.009723 0.969797 0.009723 0.002044 0.993331 -0.002122 -0.009989 -0.969109 -0.009989 -0.002122 0.000000 
5.000000e-01 5.000000e-01 4.999948e-03 5.000000e-01 5.000000e-01 1.515117e+00 -0.993331 0.002044 0.009723 0.969797 0.009723 0.002044 0.993331 -0.002122 -0.009989 -0.969109 -0.009989 -0.002122 0.000000 
5.000000e-01 5.000000e-01 4.999948e-03 5.000000e-01 5.000000e-01 1.515117e+00 -0.993331 0.002044 0.009723 0.969797 0.009723 0.002044 0.993331 -0.002122 -0.009989 -0.969109 -0.009989 -0.002122 0.000000 
5.000000e-01 5.000000e-01 4.999948e-03 5.000000e-01 5.000000e-01 1.515117e+00 -0.993331 0.002044 0.009723 0.969797 0.009723 0.002044 0.993331 -0.002122 -0.009989 -0.969109 -0.009989 -0.002122 0.000000 
5.000000e-01 5.000000e-01 4.999948e-03 5.000000e-01 5.000000e-01 1.515117e+00 -0.993331 0.002044 0.009723 0.969797 0.009723 0.002044 0.993331 -0.002122 -0.009989 -0.969109 -0.009989 -0.002122 0.000000 
5.000000e-01 5.000000e-01 4.999948e-03 5.000000e-01 5.000000e-01 1.515117e+00 -0.993331 0.002044 0.009723 0.969797 0.009723 0.002044 0.993331 -0.002122 -0.009989 -0.969109 -0.009989 -0.002122 0.000000 
5.000000e-01 5.000000e-01 4.999948e-03 5.000000e-01 5.000000e-01 1.515117e+00 -0.993331 0.002044 0.009723 0.969797 0.009723 0.002044 0.993331 -0.002122 -0.009989 -0.969109 -0.009989 -0.002122 0.000000 
5.000000e-01 5.000000e-01 4.999948e-03 5.000000e-01 5.000000e-01 1.515117e+00 -0.993331 0.002044 0.009723 0.969797 0.009723 0.002044 0.993331 -0.002122 -0.009989 -0.969109 -0.009989 -0.002122 0.000000 
5.000000e-01 5.000000e-01 4.999948e-03 5.000000e-01 5.000000e-01 1.515117e+00 -0.993331 0.002044 0.009723 0.969797 0.009723 0.002044 0.993331 -0.002122 -0.009989 -0.969109 -0.009989 -0.002122 0.000000 
5.000000e-01 5.000000e-01 4.999948e-03 5.000000e-01 5.000000e-01 1.515117e+00 -0.993331 0.002044 0.009723 0.969797 0.009723 0.002044 0.993331 -0.002122 -0.009989 -0.969109 -0.009989 -0.002122 0.000000 
5.000000e-01 5.000000e-01 4.999948e-03 5.000000e-01 5.000000e-01 1.515117e+00 -0.993331 0.002044 0.009723 0.969797 0.009723 0.002044 0.993331 -0.002122 -0.009989 -0.969109 -0.009989 -0.002122 0.000000 
5.000000e-01 5.000000e-01 4.999948e-03 5.000000e-01 5.000000e-01 1.515117e+00 -0.993331 0.002044 0.009723 0.969797 0.009723 0.002044 0.993331 -0.002122 -0.009989 -0.969109 -0.009989 -0.002122 0.000000 
5.000000e-01 5.000000e-01 4.999948e-03 5.000000e-01 5.000000e-01 1.515117e+00 -0.993331 0.002044 0.009723 0.969797 0.009723 0.002044 0.993331 -0.002122 -0.009989 -0.969109 -0.009989 -0.002122 0.000000 
5.000000e-01 5.000000e-01 4.999948e-03 5.000000e-01 5.000000e-01 1.515117e+00 -0.993331 0.002044 0.009723 0.969797 0.009723 0.002044 0.993331 -0.002122 -0.009989 -0.969109 -0.009989 -0.002122 0.000000 
5.000000e-01 5.000000e-01 4.999948e-03 5.000000e-01 5.000000e-01 1.515117e+00 -0.993331 0.002044 0.009723 0.969797 0.009723 0.002044 0.993331 -0.002122 -0.009989 -0.969109 -0.009989 -0.002122 0.000000 
5.000000e-01 5.000000e-01 4.999948e-03 5.000000e-01 5.000000e-01 1.515117e+00 -0.993331 0.002044 0.009723 0.969797 0.009723 0.002044 0.993331 -0.002122 -0.009989 -0.969109 -0.009989 -0.002122 0.000000 
5.000000e-01 5.000000e-01 4.999948e-03 5.000000e-01 5.000000e-01 1.515117e+00 -0.993331 0.002044 0.009723 0.969797 0.009723 0.002044 0.993331 -0.002122 -0.009989 -0.969109 -0.009989 -0.002122 0.000000 
5.000000e-01 5.000000e-01 4.999948e-03 5.000000e-01 5.000000e-01 1.515117e+00 -0.993331 0.002044 0.009723 0.969797 0.009723 0.002044 0.993331 -0.002122 -0.009989 -0.969109 -0.009989 -0.002122 0.000000 
5.000000e-01 5.000000e-01 4.999948e-03 5.000000e-01 5.000000e-01 1.515117e+00 -0.993331 0.002044 0.009723 0.969797 0.009723 0.002044 0.993331 -0.002122 -0.009989 -0.969109 -0.009989 -0.002122 0.000000 
5.000000e-01 5.000000e-01 4.999948e-03 5.000000e-01 5.000000e-01 1.515117e+00 -0.993331 0.002044 0.009723 0.969797 0.009723 0.002044 0.993331 -0.002122 -0.009989 -0.969109 -0.009989 -0.002122 0.000000 
5.000000e-01 5.000000e-01 4.999948e-03 5.000000e-01 5.000000e-01 1.515117e+00 -0.993331 0.002044 0.009723 0.969797 0.009723 0.002044 0.993331 -0.002122 -0.009989 -0.969109 -0.009989 -0.002122 0.000000 
5.000000e-01 5.000000e-01 4.999948e-03 5.000000e-01 5.000000e-01 1.515117e+00 -0.993331 0.002044 0.009723 0.969797 0.009723 0.002044 0.993331 -0.002122 -0.009989 -0.969109 -0.009989 -0.002122 0.000000 
5.000000e-01 5.000000e-01 4.999948e-03 5.000000e-01 5.000000e-01 1.515117e+00 -0.993331 0.002044 0.009723 0.969797 0.009723 0.002044 0.993331 -0.002122 -0.009989 -0.969109 -0.009989 -0.002122 0.000000 
5.000000e-01 5.000000e-01 4.999948e-03 5.000000e-01 5.000000e-01 1.515117e+00 -0.993331 0.002044 0.009723 0.969797 0.009723 0.002044 0.993331 -0.002122 -0.009989 -0.969109 -0.009989 -0.002122 0.000000 
5.000000e-01 5.000000e-01 4.999948e-03 5.000000e-01 5.000000e-01 1.515117e+00 -0.993331 0.002044 0.009723 0.969797 0.009723 0.002044 0.993331 -0.002122 -0.009989 -0.969109 -0.009989 -0.002122 0.000000 
5.000000e-01 5.000000e-01 4.999948e-03 5.000000e-01 5.000000e-01 1.515117e+00 -0.993331 0.002044 0.009723 0.969797 0.009723 0.002044 0.993331 -0.002122 -0.009989 -0.969109 -0.009989 -0.002122 0.000000 
5.000000e-01 5.000000e-01 4.999948e-03 5.000000e-01 5.000000e-01 1.515117e+00 -0.993331 0.002044 0.009723 0.969797 0.009723 0.002044 0.993331 -0.002122 -0.009989 -0.969109 -0.009989 -0.002122 0.000000 
5.000000e-01 5.000000e-01 4.999948e-03 5.000000e-01 5.000000e-01 1.515117e+00 -0.993331 0.002044 0.009723 0.969797 0.009723 0.002044 0.993331 -0.002122 -0.009989 -0.969109 -0.009989 -0.002122 0.000000 
5.000000e-01 5.000000e-01 4.999948e-03 5.000000e-01 5.000000e-01 1.515117e+00 -0.993331 0.002044 0.009723 0.969797 0.009723 0.002044 0.993331 -0.002122 -0.009989 -0.969109 -0.009989 -0.002122 0.000000 
5.000000e-01 5.000000e-01 4.999948e-03 5.000000e-01 5.000000e-01 1.515117e+00 -0.993331 0.002044 0.009723 0.969797 0.009723 0.002044 0.993331 -0.002122 -0.009989 -0.969109 -0.009989 -0.002122 0.000000 
5.000000e-01 5.000000e-01 4.999948e-03 5.000000e-01 5.000000e-01 1.515117e+00 -0.993331 0.002044 0.009723 0.969797 0.009723 0.002044 0.993331 -0.002122 -0.009989 -0.969109 -0.009989 -0.002122 0.000000 
5.000000e-01 5.000000e-01 4.999948e-03 5.000000e-01 5.000000e-01 1.515117e+00 -0.993331 0.002044 0.009723 0.969797 0.009723 0.002044 0.993331 -0.002122 -0.009989 -0.969109 -0.009989 -0.002122 0.000000 
5.000000e-01 5.000000e-01 4.999948e-03 5.000000e-01 5.000000e-01 1.515117e+00 -0.993331 0.002044 0.009723 0.969797 0.009723 0.002044 0.993331 -0.002122 -0.009989 -0.969109 -0.009989 -0.002122 0.000000 
5.000000e-01 5.000000e-01 4.999948e-03 5.000000e-01 5.000000e-01 1.515117e+00 -0.993331 0.002044 0.009723 0.969797 0.009723 0.002044 0.993331 -0.002122 -0.009989 -0.969109 -0.009989 -0.002122 0.000000 
5.000000e-01 5.000000e-01 4.999948e-03 5.000000e-01 5.000000e-01 1.515117e+00 -0.993331 0.002044 0.009723 0.969797 0.009723 0.002044 0.993331 -0.002122 -0.009989 -0.969109 -0.009989 -0.002122 0.000000 
5.000000e-01 5.000000e-01 4.999948e-03 5.000000e-01 5.000000e-01 1.515117e+00 -0.993331 0.002044 0.009723 0.969797 0.009723 0.002044 0.993331 -0.002122 -0.009989 -0.969109 -0.009989 -0.002122 0.000000 
5.000000e-01 5.000000e-01 4.999948e-03 5.000000e-01 5.000000e-01 1.515117e+00 -0.993331 0.002044 0.009723 0.969797 0.009723 0.002044 0.993331 -0.002122 -0.009989 -0.969109 -0.009989 -0.002122 0.000000 
5.000000e-01 5.000000e-01 4.999948e-03 5.000000e-01 5.000000e-01 1.515117e+00 -0.993331 0.002044 0.009723 0.969797 0.009723 0.002044 0.993331 -0.002122 -0.009989 -0.969109 -0.009989 -0.002122 0.000000 
5.000000e-01 5.000000e-01 4.999948e-03 5.000000e-01 5.000000e-01 1.515117e+00 -0.993331 0.002044 0.009723 0.969797 0.009723 0.002044 0.993331 -0.002122 -0.009989 -0.969109 -0.009989 -0.002122 0.000000 
5.000000e-01 5.000000e-01 4.999948e-03 5.000000e-01 5.000000e-01 1.515117e+00 -0.993331 0.002044 0.009723 0.969797 0.009723 0.002044 0.993331 -0.002122 -0.009989 -0.969109 -0.009989 -0.002122 0.000000 
5.000000e-01 5.000000e-01 4.999948e-03 5.000000e-01 5.000000e-01 1.515117e+00 -0.993331 0.002044 0.009723 0.969797 0.009723 0.002044 0.993331 -0.002122 -0.009989 -0.969109 -0.009989 -0.002122 0.000000 
5.000000e-01 5.000000e-01 4.999948e-03 5.000000e-01 5.000000e-01 1.515117e+00 -0.993331 0.002044 0.009723 0.969797 0.009723 0.002044 0.993331 -0.002122 -0.009989 -0.969109 -0.009989 -0.002122 0.000000 
5.000000e-01 5.000000e-01 4.999948e-03 5.000000e-01 5.000000e-01 1.515117e+00 -0.993331 0.002044 0.009723 0.969797 0.009723 0.002044 0.993331 -0.002122 -0.009989 -0.969109 -0.009989 -0.002122 0.000000 
5.000000e-01 5.000000e-01 4.999948e-03 5.000000e-01 5.000000e-01 1.515117e+00 -0.993331 0.002044 0.009723 0.969797 0.009723 0.002044 0.993331 -0.002122 -0.009989 -0.969109 -0.009989 -0.002122 0.000000 
5.000000e-01 5.000000e-01 4.999948e-03 5.000000e-01 5.000000e-01 1.515117e+00 -0.993331 0.002044 0.009723 0.969797 0.009723 0.002044 0.993331 -0.002122 -0.009989 -0.969109 -0.009989 -0.002122 0.000000 
5.000000e-01 5.000000e-01 4.999948e-03 5.000000e-01 5.000000e-01 1.515117e+00 -0.993331 0.002044 0.009723 0.969797 0.009723 0.002044 0.993331 -0.002122 -0.009989 -0.969109 -0.009989 -0.002122 0.000000 
5.000000e-01 5.000000e-01 4.999948e-03 5.000000e-01 5.000000e-01 1.515117e+00 -0.993331 0.002044 0.009723 0.969797 0.009723 0.002044 0.993331 -0.002122 -0.009989 -0.969109 -0.009989 -0.002122 0.000000 
5.000000e-01 5.000000e-01 4.999948e-03 5.000000e-01 5.000000e-01 1.515117e+00 -0.993331 0.002044 0.009723 0.969797 0.009723 0.002044 0.993331 -0.002122 -0.009989 -0.969109 -0.009989 -0.002122 0.000000 
5.000000e-01 5.000000e-01 4.999948e-03 5.000000e-01 5.000000e-01 1.515117e+00 -0.993331 0.002044 0.009723 0.969797 0.009723 0.002044 0.993331 -0.002122 -0.009989 -0.969109 -0.009989 -0.002122 0.000000 
5.000000e-01 5.000000e-01 4.999948e-03 5.000000e-01 5.000000e-01 1.515117e+00 -0.993331 0.002044 0.009723 0.969797 0.009723 0.002044 0.993331 -0.002122 -0.009989 -0.969109 -0.009989 -0.002122 0.000000 
5.000000e-01 5.000000e-01 4.999948e-03 5.000000e-01 5.000000e-01 1.515117e+00 -0.993331 0.002044 0.009723 0.969797 0.009723 0.002044 0.993331 -0.002122 -0.009989 -0.969109 -0.009989 -0.002122 0.000000 
5.000000e-01 5.000000e-01 4.999948e-03 5.000000e-01 5.000000e-01 1.515117e+00 -0.993331 0.002044 0.009723 0.969797 0.009723 0.002044 0.993331 -0.002122 -0.009989 -0.969109 -0.009989 -0.002122 0.000000 
5.000000e-01 5.000000e-01 4.999948e-03 5.000000e-01 5.000000e-01 1.515117e+00 -0.993331 0.002044 0.009723 0.969797 0.009723 0.002044 0.993331 -0.002122 -0.009989 -0.969109 -0.009989 -0.002122 0.000000 
5.000000e-01 5.000000e-01 4.999948e-03 5.000000e-01 5.000000e-01 1.515117e+00 -0.993331 0.002044 0.009723 0.969797 0.009723 0.002044 0.993331 -0.002122 -0.009989 -0.969109 -0.009989 -0.002122 0.000000 
