# TeX TeY TeZ ThX ThY THZ P1 P2
5.000000e-01 5.000000e-01 2.000000e-02 5.000000e-01 5.000000e-01 2.000000e-02 0.000000 0.000000 0.000000 0.000000 0.000000 0.000000 0.000000 0.000000 0.000000 0.000000 0.000000 0.000000 0.000000 
5.000000e-01 5.000000e-01 6.392339e-03 5.000000e-01 5.000000e-01 2.925915e-02 -0.015399 0.002801 0.003263 0.003271 0.003263 0.002801 0.015399 0.012347 0.046862 -0.133817 0.046862 0.012347 0.000000 
5.000000e-01 5.000000e-01 4.999973e-03 5.000000e-01 5.000000e-01 3.850777e-02 -0.022540 0.004100 0.004776 0.004788 0.004776 0.004100 0.022540 0.018003 0.066950 -0.192447 0.066950 0.018003 0.000000 
5.000000e-01 5.000000e-01 4.999973e-03 5.000000e-01 5.000000e-01 4.774539e-02 -0.028716 0.005223 0.006085 0.006100 0.006085 0.005223 0.028716 0.022819 0.082664 -0.239682 0.082664 0.022819 0.000000 
5.000000e-01 5.000000e-01 4.999973e-03 5.000000e-01 5.000000e-01 5.697187e-02 -0.034866 0.006342 0.007388 0.007406 0.007388 0.006342 0.034866 0.027540 0.096884 -0.283713 0.096884 0.027540 0.000000 
5.000000e-01 5.000000e-01 4.999973e-03 5.000000e-01 5.000000e-01 6.618735e-02 -0.040992 0.007456 0.008686 0.008708 0.008686 0.007456 0.040992 0.032156 0.109586 -0.324475 0.109586 0.032156 0.000000 
5.000000e-01 5.000000e-01 4.999973e-03 5.000000e-01 5.000000e-01 7.539215e-02 -0.047096 0.008566 0.009980 0.010004 0.009980 0.008566 0.047096 0.036658 0.120803 -0.362017 0.120803 0.036658 0.000000 
5.000000e-01 5.000000e-01 4.999973e-03 5.000000e-01 5.000000e-01 8.458664e-02 -0.053180 0.009672 0.011269 0.011297 0.011269 0.009672 0.053180 0.041039 0.130604 -0.396466 0.130604 0.041039 0.000000 
5.000000e-01 5.000000e-01 4.999973e-03 5.000000e-01 5.000000e-01 9.377122e-02 -0.059247 0.010775 0.012555 0.012586 0.012555 0.010775 0.059247 0.045292 0.139085 -0.428002 0.139085 0.045292 0.000000 
5.000000e-01 5.000000e-01 4.999973e-03 5.000000e-01 5.000000e-01 1.029463e-01 -0.065298 0.011876 0.013837 0.013872 0.013837 0.011876 0.065298 0.049413 0.146353 -0.456832 0.146353 0.049413 0.000000 
5.000000e-01 5.000000e-01 4.999973e-03 5.000000e-01 5.000000e-01 1.121121e-01 -0.071336 0.012974 0.015117 0.015155 0.015117 0.012974 0.071336 0.053397 0.152522 -0.483175 0.152522 0.053397 0.000000 
5.000000e-01 5.000000e-01 4.999973e-03 5.000000e-01 5.000000e-01 1.212690e-01 -0.077363 0.014069 0.016394 0.016436 0.016394 0.014069 0.077363 0.057239 0.157703 -0.507248 0.157703 0.057239 0.000000 
5.000000e-01 5.000000e-01 4.999973e-03 5.000000e-01 5.000000e-01 1.304173e-01 -0.083380 0.015163 0.017669 0.017715 0.017669 0.015163 0.083380 0.060937 0.162005 -0.529263 0.162005 0.060937 0.000000 
5.000000e-01 5.000000e-01 4.999973e-03 5.000000e-01 5.000000e-01 1.395570e-01 -0.089387 0.016255 0.018943 0.018992 0.018943 0.016255 0.089387 0.064479 0.165492 -0.549328 0.165492 0.064479 0.000000 
5.000000e-01 5.000000e-01 4.999973e-03 5.000000e-01 5.000000e-01 1.486883e-01 -0.095386 0.017345 0.020214 0.020268 0.020214 0.017345 0.095386 0.067865 0.168271 -0.567658 0.168271 0.067865 0.000000 
5.000000e-01 5.000000e-01 4.999973e-03 5.000000e-01 5.000000e-01 1.578113e-01 -0.101378 0.018434 0.021484 0.021542 0.021484 0.018434 0.101378 0.071100 0.170464 -0.584505 0.170464 0.071100 0.000000 
5.000000e-01 5.000000e-01 4.999973e-03 5.000000e-01 5.000000e-01 1.669261e-01 -0.107363 0.019521 0.022753 0.022815 0.022753 0.019521 0.107363 0.074184 0.172143 -0.600016 0.172143 0.074184 0.000000 
5.000000e-01 5.000000e-01 4.999973e-03 5.000000e-01 5.000000e-01 1.760327e-01 -0.113341 0.020607 0.024020 0.024087 0.024020 0.020607 0.113341 0.077117 0.173373 -0.614321 0.173373 0.077117 0.000000 
5.000000e-01 5.000000e-01 4.999973e-03 5.000000e-01 5.000000e-01 1.851310e-01 -0.119313 0.021692 0.025286 0.025357 0.025286 0.021692 0.119313 0.079901 0.174211 -0.627538 0.174211 0.079901 0.000000 
5.000000e-01 5.000000e-01 4.999973e-03 5.000000e-01 5.000000e-01 1.942212e-01 -0.125279 0.022775 0.026551 0.026627 0.026551 0.022775 0.125279 0.082537 0.174709 -0.639771 0.174709 0.082537 0.000000 
5.000000e-01 5.000000e-01 4.999973e-03 5.000000e-01 5.000000e-01 2.033032e-01 -0.131239 0.023857 0.027814 0.027896 0.027814 0.023857 0.131239 0.085027 0.174911 -0.651115 0.174911 0.085027 0.000000 
5.000000e-01 5.000000e-01 4.999973e-03 5.000000e-01 5.000000e-01 2.123769e-01 -0.137194 0.024938 0.029077 0.029163 0.029077 0.024938 0.137194 0.087372 0.174857 -0.661654 0.174857 0.087372 0.000000 
5.000000e-01 5.000000e-01 4.999973e-03 5.000000e-01 5.000000e-01 2.214424e-01 -0.143143 0.026018 0.030338 0.030430 0.030338 0.026018 0.143143 0.089577 0.174583 -0.671462 0.174583 0.089577 0.000000 
5.000000e-01 5.000000e-01 4.999973e-03 5.000000e-01 5.000000e-01 2.304996e-01 -0.149086 0.027096 0.031598 0.031696 0.031598 0.027096 0.149086 0.091643 0.174118 -0.680607 0.174118 0.091643 0.000000 
5.000000e-01 5.000000e-01 4.999973e-03 5.000000e-01 5.000000e-01 2.395484e-01 -0.155024 0.028174 0.032857 0.032961 0.032857 0.028174 0.155024 0.093567 0.173481 -0.689120 0.173481 0.093567 0.000000 
5.000000e-01 5.000000e-01 4.999973e-03 5.000000e-01 5.000000e-01 2.485887e-01 -0.160956 0.029250 0.034116 0.034226 0.034116 0.029250 0.160956 0.095352 0.172699 -0.697058 0.172699 0.095352 0.000000 
5.000000e-01 5.000000e-01 4.999973e-03 5.000000e-01 5.000000e-01 2.576207e-01 -0.166883 0.030324 0.035372 0.035489 0.035372 0.030324 0.166883 0.097011 0.171800 -0.704505 0.171800 0.097011 0.000000 
5.000000e-01 5.000000e-01 4.999973e-03 5.000000e-01 5.000000e-01 2.666441e-01 -0.172804 0.031397 0.036628 0.036752 0.036628 0.031397 0.172804 0.098546 0.170803 -0.711502 0.170803 0.098546 0.000000 
5.000000e-01 5.000000e-01 4.999973e-03 5.000000e-01 5.000000e-01 2.756589e-01 -0.178719 0.032469 0.037883 0.038014 0.037883 0.032469 0.178719 0.099963 0.169721 -0.718087 0.169721 0.099963 0.000000 
5.000000e-01 5.000000e-01 4.999973e-03 5.000000e-01 5.000000e-01 2.846650e-01 -0.184629 0.033540 0.039137 0.039275 0.039137 0.033540 0.184629 0.101264 0.168568 -0.724294 0.168568 0.101264 0.000000 
5.000000e-01 5.000000e-01 4.999973e-03 5.000000e-01 5.000000e-01 2.936625e-01 -0.190533 0.034609 0.040389 0.040536 0.040389 0.034609 0.190533 0.102455 0.167355 -0.730154 0.167355 0.102455 0.000000 
5.000000e-01 5.000000e-01 4.999973e-03 5.000000e-01 5.000000e-01 3.026512e-01 -0.196432 0.035677 0.041641 0.041795 0.041641 0.035677 0.196432 0.103539 0.166091 -0.735693 0.166091 0.103539 0.000000 
5.000000e-01 5.000000e-01 4.999973e-03 5.000000e-01 5.000000e-01 3.116310e-01 -0.202325 0.036743 0.042891 0.043054 0.042891 0.036743 0.202324 0.104521 0.164786 -0.740938 0.164786 0.104521 0.000000 
5.000000e-01 5.000000e-01 4.999973e-03 5.000000e-01 5.000000e-01 3.206019e-01 -0.208212 0.037808 0.044141 0.044313 0.044141 0.037808 0.208212 0.105404 0.163446 -0.745912 0.163446 0.105404 0.000000 
5.000000e-01 5.000000e-01 4.999973e-03 5.000000e-01 5.000000e-01 3.295639e-01 -0.214093 0.038872 0.045389 0.045571 0.045389 0.038872 0.214093 0.106188 0.162076 -0.750622 0.162076 0.106188 0.000000 
5.000000e-01 5.000000e-01 4.999973e-03 5.000000e-01 5.000000e-01 3.385168e-01 -0.219968 0.039934 0.046636 0.046828 0.046636 0.039934 0.219968 0.106875 0.160683 -0.755086 0.160683 0.106875 0.000000 
5.000000e-01 5.000000e-01 4.999973e-03 5.000000e-01 5.000000e-01 3.474606e-01 -0.225838 0.040994 0.047882 0.048085 0.047882 0.040994 0.225838 0.107477 0.159274 -0.759339 0.159274 0.107477 0.000000 
5.000000e-01 5.000000e-01 4.999973e-03 5.000000e-01 5.000000e-01 3.563951e-01 -0.231701 0.042053 0.049127 0.049341 0.049127 0.042053 0.231701 0.107996 0.157852 -0.763397 0.157852 0.107996 0.000000 
5.000000e-01 5.000000e-01 4.999973e-03 5.000000e-01 5.000000e-01 3.653204e-01 -0.237559 0.043110 0.050371 0.050597 0.050371 0.043110 0.237559 0.108437 0.156420 -0.767273 0.156420 0.108437 0.000000 
5.000000e-01 5.000000e-01 4.999973e-03 5.000000e-01 5.000000e-01 3.742364e-01 -0.243410 0.044165 0.051614 0.051852 0.051614 0.044165 0.243410 0.108804 0.154982 -0.770981 0.154982 0.108804 0.000000 
5.000000e-01 5.000000e-01 4.999973e-03 5.000000e-01 5.000000e-01 3.831430e-01 -0.249256 0.045218 0.052856 0.053107 0.052856 0.045218 0.249255 0.109098 0.153539 -0.774531 0.153539 0.109098 0.000000 
5.000000e-01 5.000000e-01 4.999973e-03 5.000000e-01 5.000000e-01 3.920400e-01 -0.255095 0.046270 0.054096 0.054361 0.054096 0.046270 0.255095 0.109325 0.152095 -0.777936 0.152095 0.109325 0.000000 
5.000000e-01 5.000000e-01 4.999973e-03 5.000000e-01 5.000000e-01 4.009275e-01 -0.260928 0.047320 0.055336 0.055615 0.055336 0.047320 0.260928 0.109488 0.150650 -0.781204 0.150650 0.109488 0.000000 
5.000000e-01 5.000000e-01 4.999973e-03 5.000000e-01 5.000000e-01 4.098053e-01 -0.266754 0.048368 0.056574 0.056868 0.056574 0.048368 0.266754 0.109587 0.149207 -0.784342 0.149207 0.109587 0.000000 
5.000000e-01 5.000000e-01 4.999973e-03 5.000000e-01 5.000000e-01 4.186734e-01 -0.272575 0.049415 0.057812 0.058122 0.057812 0.049415 0.272575 0.109620 0.147767 -0.787350 0.147767 0.109620 0.000000 
5.000000e-01 5.000000e-01 4.999973e-03 5.000000e-01 5.000000e-01 4.275317e-01 -0.278389 0.050459 0.059048 0.059375 0.059048 0.050459 0.278389 0.109599 0.146331 -0.790249 0.146331 0.109599 0.000000 
5.000000e-01 5.000000e-01 4.999973e-03 5.000000e-01 5.000000e-01 4.363801e-01 -0.284196 0.051501 0.060283 0.060628 0.060283 0.051501 0.284196 0.109526 0.144899 -0.793046 0.144899 0.109526 0.000000 
5.000000e-01 5.000000e-01 4.999973e-03 5.000000e-01 5.000000e-01 4.452185e-01 -0.289998 0.052541 0.061517 0.061881 0.061517 0.052541 0.289997 0.109402 0.143473 -0.795748 0.143473 0.109402 0.000000 
5.000000e-01 5.000000e-01 4.999973e-03 5.000000e-01 5.000000e-01 4.540468e-01 -0.295792 0.053579 0.062750 0.063133 0.062750 0.053579 0.295792 0.109232 0.142052 -0.798361 0.142052 0.109232 0.000000 
5.000000e-01 5.000000e-01 4.999973e-03 5.000000e-01 5.000000e-01 4.628650e-01 -0.301580 0.054615 0.063982 0.064386 0.063982 0.054615 0.301580 0.109016 0.140638 -0.800890 0.140638 0.109016 0.000000 
5.000000e-01 5.000000e-01 4.999973e-03 5.000000e-01 5.000000e-01 4.716730e-01 -0.307361 0.055648 0.065213 0.065639 0.065213 0.055648 0.307361 0.108759 0.139231 -0.803341 0.139231 0.108759 0.000000 
5.000000e-01 5.000000e-01 4.999973e-03 5.000000e-01 5.000000e-01 4.804707e-01 -0.313136 0.056679 0.066443 0.066891 0.066443 0.056679 0.313136 0.108460 0.137831 -0.805719 0.137831 0.108460 0.000000 
5.000000e-01 5.000000e-01 4.999973e-03 5.000000e-01 5.000000e-01 4.892579e-01 -0.318904 0.057708 0.067672 0.068144 0.067672 0.057708 0.318904 0.108120 0.136438 -0.808021 0.136438 0.108120 0.000000 
5.000000e-01 5.000000e-01 4.999973e-03 5.000000e-01 5.000000e-01 4.980347e-01 -0.324665 0.058734 0.068899 0.069398 0.068899 0.058734 0.324664 0.107742 0.135053 -0.810256 0.135053 0.107742 0.000000 
5.000000e-01 5.000000e-01 4.999973e-03 5.000000e-01 5.000000e-01 5.068008e-01 -0.330419 0.059757 0.070126 0.070652 0.070126 0.059757 0.330418 0.107330 0.133676 -0.812431 0.133676 0.107330 0.000000 
5.000000e-01 5.000000e-01 4.999973e-03 5.000000e-01 5.000000e-01 5.155564e-01 -0.336166 0.060778 0.071352 0.071906 0.071352 0.060778 0.336166 0.106886 0.132305 -0.814550 0.132305 0.106886 0.000000 
5.000000e-01 5.000000e-01 4.999973e-03 5.000000e-01 5.000000e-01 5.243011e-01 -0.341906 0.061796 0.072576 0.073160 0.072576 0.061796 0.341906 0.106412 0.130942 -0.816615 0.130942 0.106412 0.000000 
5.000000e-01 5.000000e-01 4.999973e-03 5.000000e-01 5.000000e-01 5.330350e-01 -0.347639 0.062811 0.073800 0.074416 0.073800 0.062811 0.347638 0.105909 0.129587 -0.818631 0.129587 0.105909 0.000000 
5.000000e-01 5.000000e-01 4.999973e-03 5.000000e-01 5.000000e-01 5.417579e-01 -0.353364 0.063824 0.075023 0.075671 0.075023 0.063824 0.353364 0.105379 0.128238 -0.820600 0.128238 0.105379 0.000000 
5.000000e-01 5.000000e-01 4.999973e-03 5.000000e-01 5.000000e-01 5.504698e-01 -0.359083 0.064833 0.076244 0.076928 0.076244 0.064833 0.359083 0.104824 0.126897 -0.822524 0.126897 0.104824 0.000000 
5.000000e-01 5.000000e-01 4.999973e-03 5.000000e-01 5.000000e-01 5.591705e-01 -0.364794 0.065839 0.077465 0.078186 0.077465 0.065839 0.364794 0.104241 0.125563 -0.824403 0.125563 0.104241 0.000000 
5.000000e-01 5.000000e-01 4.999973e-03 5.000000e-01 5.000000e-01 5.678600e-01 -0.370498 0.066842 0.078684 0.079445 0.078684 0.066842 0.370498 0.103634 0.124237 -0.826240 0.124237 0.103634 0.000000 
5.000000e-01 5.000000e-01 4.999973e-03 5.000000e-01 5.000000e-01 5.765381e-01 -0.376195 0.067841 0.079903 0.080705 0.079903 0.067841 0.376194 0.103006 0.122917 -0.828041 0.122917 0.103006 0.000000 
5.000000e-01 5.000000e-01 4.999973e-03 5.000000e-01 5.000000e-01 5.852048e-01 -0.381884 0.068837 0.081121 0.081967 0.081121 0.068837 0.381883 0.102358 0.121603 -0.829807 0.121603 0.102358 0.000000 
5.000000e-01 5.000000e-01 4.999973e-03 5.000000e-01 5.000000e-01 5.938600e-01 -0.387565 0.069830 0.082338 0.083230 0.082338 0.069830 0.387565 0.101691 0.120297 -0.831541 0.120297 0.101691 0.000000 
5.000000e-01 5.000000e-01 4.999973e-03 5.000000e-01 5.000000e-01 6.025035e-01 -0.393239 0.070818 0.083554 0.084494 0.083554 0.070818 0.393239 0.101006 0.118996 -0.833243 0.118996 0.101006 0.000000 
5.000000e-01 5.000000e-01 4.999973e-03 5.000000e-01 5.000000e-01 6.111352e-01 -0.398905 0.071803 0.084769 0.085760 0.084769 0.071803 0.398905 0.100304 0.117702 -0.834917 0.117702 0.100304 0.000000 
5.000000e-01 5.000000e-01 4.999973e-03 5.000000e-01 5.000000e-01 6.197551e-01 -0.404563 0.072784 0.085983 0.087028 0.085983 0.072784 0.404563 0.099586 0.116413 -0.836562 0.116413 0.099586 0.000000 
5.000000e-01 5.000000e-01 4.999973e-03 5.000000e-01 5.000000e-01 6.283630e-01 -0.410214 0.073760 0.087197 0.088299 0.087197 0.073760 0.410214 0.098850 0.115131 -0.838177 0.115131 0.098850 0.000000 
5.000000e-01 5.000000e-01 4.999973e-03 5.000000e-01 5.000000e-01 6.369589e-01 -0.415857 0.074732 0.088410 0.089572 0.088410 0.074732 0.415856 0.098100 0.113855 -0.839768 0.113855 0.098100 0.000000 
5.000000e-01 5.000000e-01 4.999973e-03 5.000000e-01 5.000000e-01 6.455426e-01 -0.421491 0.075700 0.089622 0.090847 0.089622 0.075700 0.421491 0.097338 0.112584 -0.841335 0.112584 0.097338 0.000000 
5.000000e-01 5.000000e-01 4.999973e-03 5.000000e-01 5.000000e-01 6.541139e-01 -0.427118 0.076663 0.090833 0.092125 0.090833 0.076663 0.427118 0.096563 0.111319 -0.842881 0.111319 0.096563 0.000000 
5.000000e-01 5.000000e-01 4.999973e-03 5.000000e-01 5.000000e-01 6.626729e-01 -0.432736 0.077621 0.092044 0.093406 0.092044 0.077621 0.432736 0.095776 0.110059 -0.844406 0.110059 0.095776 0.000000 
5.000000e-01 5.000000e-01 4.999973e-03 5.000000e-01 5.000000e-01 6.712193e-01 -0.438346 0.078574 0.093254 0.094690 0.093254 0.078574 0.438346 0.094978 0.108804 -0.845911 0.108804 0.094978 0.000000 
5.000000e-01 5.000000e-01 4.999973e-03 5.000000e-01 5.000000e-01 6.797531e-01 -0.443948 0.079522 0.094463 0.095977 0.094463 0.079522 0.443948 0.094170 0.107554 -0.847397 0.107554 0.094170 0.000000 
5.000000e-01 5.000000e-01 4.999973e-03 5.000000e-01 5.000000e-01 6.882741e-01 -0.449542 0.080464 0.095672 0.097269 0.095672 0.080464 0.449542 0.093351 0.106309 -0.848862 0.106309 0.093351 0.000000 
5.000000e-01 5.000000e-01 4.999973e-03 5.000000e-01 5.000000e-01 6.967823e-01 -0.455127 0.081401 0.096881 0.098564 0.096881 0.081401 0.455127 0.092522 0.105069 -0.850311 0.105069 0.092522 0.000000 
5.000000e-01 5.000000e-01 4.999973e-03 5.000000e-01 5.000000e-01 7.052775e-01 -0.460704 0.082331 0.098088 0.099864 0.098088 0.082331 0.460704 0.091686 0.103834 -0.851743 0.103834 0.091686 0.000000 
5.000000e-01 5.000000e-01 4.999973e-03 5.000000e-01 5.000000e-01 7.137595e-01 -0.466272 0.083256 0.099296 0.101168 0.099296 0.083256 0.466272 0.090842 0.102603 -0.853161 0.102603 0.090842 0.000000 
5.000000e-01 5.000000e-01 4.999973e-03 5.000000e-01 5.000000e-01 7.222283e-01 -0.471831 0.084174 0.100503 0.102477 0.100503 0.084174 0.471831 0.089990 0.101376 -0.854564 0.101376 0.089990 0.000000 
5.000000e-01 5.000000e-01 4.999973e-03 5.000000e-01 5.000000e-01 7.306837e-01 -0.477382 0.085086 0.101709 0.103790 0.101709 0.085086 0.477381 0.089132 0.100154 -0.855953 0.100154 0.089132 0.000000 
5.000000e-01 5.000000e-01 4.999973e-03 5.000000e-01 5.000000e-01 7.391257e-01 -0.482923 0.085991 0.102916 0.105110 0.102916 0.085991 0.482923 0.088266 0.098936 -0.857328 0.098936 0.088266 0.000000 
5.000000e-01 5.000000e-01 4.999973e-03 5.000000e-01 5.000000e-01 7.475540e-01 -0.488456 0.086888 0.104122 0.106436 0.104122 0.086888 0.488456 0.087394 0.097723 -0.858689 0.097723 0.087394 0.000000 
5.000000e-01 5.000000e-01 4.999973e-03 5.000000e-01 5.000000e-01 7.559686e-01 -0.493980 0.087778 0.105328 0.107769 0.105328 0.087778 0.493980 0.086517 0.096513 -0.860039 0.096513 0.086517 0.000000 
5.000000e-01 5.000000e-01 4.999973e-03 5.000000e-01 5.000000e-01 7.643692e-01 -0.499494 0.088660 0.106534 0.109107 0.106534 0.088660 0.499494 0.085634 0.095307 -0.861377 0.095307 0.085634 0.000000 
5.000000e-01 5.000000e-01 4.999973e-03 5.000000e-01 5.000000e-01 7.727559e-01 -0.505000 0.089534 0.107739 0.110453 0.107739 0.089534 0.505000 0.084747 0.094105 -0.862705 0.094105 0.084747 0.000000 
5.000000e-01 5.000000e-01 4.999973e-03 5.000000e-01 5.000000e-01 7.811283e-01 -0.510496 0.090400 0.108945 0.111806 0.108945 0.090400 0.510496 0.083856 0.092907 -0.864022 0.092907 0.083856 0.000000 
5.000000e-01 5.000000e-01 4.999973e-03 5.000000e-01 5.000000e-01 7.894865e-01 -0.515983 0.091257 0.110151 0.113167 0.110151 0.091257 0.515982 0.082960 0.091713 -0.865329 0.091713 0.082960 0.000000 
5.000000e-01 5.000000e-01 4.999973e-03 5.000000e-01 5.000000e-01 7.978303e-01 -0.521460 0.092104 0.111357 0.114538 0.111357 0.092104 0.521460 0.082060 0.090522 -0.866625 0.090522 0.082060 0.000000 
5.000000e-01 5.000000e-01 4.999973e-03 5.000000e-01 5.000000e-01 8.061594e-01 -0.526927 0.092941 0.112563 0.115918 0.112563 0.092941 0.526927 0.081157 0.089335 -0.867912 0.089335 0.081157 0.000000 
5.000000e-01 5.000000e-01 4.999973e-03 5.000000e-01 5.000000e-01 8.144739e-01 -0.532385 0.093769 0.113770 0.117307 0.113770 0.093769 0.532385 0.080251 0.088152 -0.869190 0.088152 0.080251 0.000000 
5.000000e-01 5.000000e-01 4.999973e-03 5.000000e-01 5.000000e-01 8.227734e-01 -0.537834 0.094587 0.114977 0.118706 0.114977 0.094587 0.537833 0.079342 0.086972 -0.870460 0.086972 0.079342 0.000000 
5.000000e-01 5.000000e-01 4.999973e-03 5.000000e-01 5.000000e-01 8.310580e-01 -0.543272 0.095394 0.116184 0.120116 0.116184 0.095394 0.543272 0.078430 0.085795 -0.871722 0.085795 0.078430 0.000000 
5.000000e-01 5.000000e-01 4.999973e-03 5.000000e-01 5.000000e-01 8.393274e-01 -0.548700 0.096190 0.117392 0.121537 0.117392 0.096190 0.548700 0.077516 0.084622 -0.872976 0.084622 0.077516 0.000000 
5.000000e-01 5.000000e-01 4.999973e-03 5.000000e-01 5.000000e-01 8.475814e-01 -0.554119 0.096973 0.118600 0.122973 0.118600 0.096973 0.554119 0.076600 0.083452 -0.874222 0.083452 0.076600 0.000000 
5.000000e-01 5.000000e-01 4.999973e-03 5.000000e-01 5.000000e-01 8.558200e-01 -0.559527 0.097743 0.119810 0.124421 0.119810 0.097743 0.559527 0.075681 0.082285 -0.875460 0.082285 0.075681 0.000000 
5.000000e-01 5.000000e-01 4.999973e-03 5.000000e-01 5.000000e-01 8.640429e-01 -0.564925 0.098502 0.121019 0.125882 0.121019 0.098502 0.564925 0.074762 0.081122 -0.876692 0.081122 0.074762 0.000000 
5.000000e-01 5.000000e-01 4.999973e-03 5.000000e-01 5.000000e-01 8.722501e-01 -0.570312 0.099248 0.122230 0.127356 0.122230 0.099248 0.570312 0.073840 0.079962 -0.877917 0.079962 0.073840 0.000000 
5.000000e-01 5.000000e-01 4.999973e-03 5.000000e-01 5.000000e-01 8.804413e-01 -0.575689 0.099980 0.123441 0.128845 0.123441 0.099980 0.575689 0.072918 0.078805 -0.879135 0.078805 0.072918 0.000000 
5.000000e-01 5.000000e-01 4.999973e-03 5.000000e-01 5.000000e-01 8.886164e-01 -0.581056 0.100697 0.124654 0.130353 0.124654 0.100697 0.581055 0.071994 0.077651 -0.880347 0.077651 0.071994 0.000000 
5.000000e-01 5.000000e-01 4.999973e-03 5.000000e-01 5.000000e-01 8.967751e-01 -0.586411 0.101397 0.125869 0.131879 0.125869 0.101397 0.586411 0.071070 0.076501 -0.881552 0.076501 0.071070 0.000000 
5.000000e-01 5.000000e-01 4.999973e-03 5.000000e-01 5.000000e-01 9.049175e-01 -0.591756 0.102083 0.127084 0.133422 0.127084 0.102083 0.591756 0.070144 0.075353 -0.882752 0.075353 0.070144 0.000000 
5.000000e-01 5.000000e-01 4.999973e-03 5.000000e-01 5.000000e-01 9.130432e-01 -0.597090 0.102753 0.128300 0.134984 0.128300 0.102753 0.597090 0.069219 0.074209 -0.883946 0.074209 0.069219 0.000000 
5.000000e-01 5.000000e-01 4.999973e-03 5.000000e-01 5.000000e-01 9.211521e-01 -0.602413 0.103407 0.129517 0.136564 0.129517 0.103407 0.602413 0.068293 0.073067 -0.885134 0.073067 0.068293 0.000000 
5.000000e-01 5.000000e-01 4.999973e-03 5.000000e-01 5.000000e-01 9.292440e-01 -0.607725 0.104043 0.130736 0.138166 0.130736 0.104043 0.607725 0.067366 0.071929 -0.886317 0.071929 0.067366 0.000000 
5.000000e-01 5.000000e-01 4.999973e-03 5.000000e-01 5.000000e-01 9.373188e-01 -0.613025 0.104658 0.131957 0.139795 0.131957 0.104658 0.613025 0.066440 0.070794 -0.887493 0.070794 0.066440 0.000000 
5.000000e-01 5.000000e-01 4.999973e-03 5.000000e-01 5.000000e-01 9.453762e-01 -0.618314 0.105254 0.133180 0.141446 0.133180 0.105254 0.618314 0.065513 0.069662 -0.888665 0.069662 0.065513 0.000000 
5.000000e-01 5.000000e-01 4.999973e-03 5.000000e-01 5.000000e-01 9.534161e-01 -0.623592 0.105832 0.134403 0.143121 0.134403 0.105832 0.623592 0.064587 0.068533 -0.889832 0.068533 0.064587 0.000000 
5.000000e-01 5.000000e-01 4.999973e-03 5.000000e-01 5.000000e-01 9.614383e-01 -0.628858 0.106390 0.135629 0.144821 0.135629 0.106390 0.628858 0.063661 0.067407 -0.890994 0.067407 0.063661 0.000000 
5.000000e-01 5.000000e-01 4.999973e-03 5.000000e-01 5.000000e-01 9.694426e-01 -0.634112 0.106926 0.136856 0.146549 0.136856 0.106926 0.634112 0.062735 0.066284 -0.892152 0.066284 0.062735 0.000000 
5.000000e-01 5.000000e-01 4.999973e-03 5.000000e-01 5.000000e-01 9.774288e-01 -0.639354 0.107435 0.138085 0.148313 0.138085 0.107435 0.639354 0.061810 0.065164 -0.893304 0.065164 0.061810 0.000000 
5.000000e-01 5.000000e-01 4.999973e-03 5.000000e-01 5.000000e-01 9.853967e-01 -0.644584 0.107923 0.139316 0.150105 0.139316 0.107923 0.644584 0.060886 0.064048 -0.894451 0.064048 0.060886 0.000000 
5.000000e-01 5.000000e-01 4.999973e-03 5.000000e-01 5.000000e-01 9.933461e-01 -0.649802 0.108388 0.140549 0.151929 0.140549 0.108388 0.649802 0.059962 0.062934 -0.895594 0.062934 0.059962 0.000000 
5.000000e-01 5.000000e-01 4.999973e-03 5.000000e-01 5.000000e-01 1.001277e+00 -0.655008 0.108829 0.141783 0.153785 0.141783 0.108829 0.655008 0.059039 0.061823 -0.896733 0.061823 0.059039 0.000000 
5.000000e-01 5.000000e-01 4.999973e-03 5.000000e-01 5.000000e-01 1.009189e+00 -0.660201 0.109242 0.143019 0.155679 0.143019 0.109242 0.660201 0.058117 0.060715 -0.897867 0.060715 0.058117 0.000000 
5.000000e-01 5.000000e-01 4.999973e-03 5.000000e-01 5.000000e-01 1.017081e+00 -0.665382 0.109624 0.144257 0.157618 0.144257 0.109624 0.665382 0.057196 0.059611 -0.898996 0.059611 0.057196 0.000000 
5.000000e-01 5.000000e-01 4.999973e-03 5.000000e-01 5.000000e-01 1.024955e+00 -0.670550 0.109980 0.145497 0.159596 0.145497 0.109980 0.670550 0.056277 0.058509 -0.900122 0.058509 0.056277 0.000000 
5.000000e-01 5.000000e-01 4.999973e-03 5.000000e-01 5.000000e-01 1.032809e+00 -0.675705 0.110308 0.146738 0.161613 0.146738 0.110308 0.675705 0.055358 0.057411 -0.901243 0.057411 0.055358 0.000000 
5.000000e-01 5.000000e-01 4.999973e-03 5.000000e-01 5.000000e-01 1.040643e+00 -0.680847 0.110608 0.147980 0.163671 0.147980 0.110608 0.680847 0.054441 0.056315 -0.902360 0.056315 0.054441 0.000000 
5.000000e-01 5.000000e-01 4.999973e-03 5.000000e-01 5.000000e-01 1.048457e+00 -0.685976 0.110871 0.149224 0.165787 0.149224 0.110871 0.685976 0.053525 0.055223 -0.903472 0.055223 0.053525 0.000000 
5.000000e-01 5.000000e-01 4.999973e-03 5.000000e-01 5.000000e-01 1.056251e+00 -0.691092 0.111099 0.150469 0.167955 0.150469 0.111099 0.691092 0.052611 0.054134 -0.904581 0.054134 0.052611 0.000000 
5.000000e-01 5.000000e-01 4.999973e-03 5.000000e-01 5.000000e-01 1.064024e+00 -0.696194 0.111296 0.151715 0.170172 0.151715 0.111296 0.696194 0.051698 0.053048 -0.905685 0.053048 0.051698 0.000000 
5.000000e-01 5.000000e-01 4.999973e-03 5.000000e-01 5.000000e-01 1.071777e+00 -0.701283 0.111460 0.152961 0.172441 0.152961 0.111460 0.701283 0.050787 0.051965 -0.906786 0.051965 0.050787 0.000000 
5.000000e-01 5.000000e-01 4.999973e-03 5.000000e-01 5.000000e-01 1.079509e+00 -0.706358 0.111588 0.154207 0.174767 0.154207 0.111588 0.706358 0.049877 0.050885 -0.907882 0.050885 0.049877 0.000000 
5.000000e-01 5.000000e-01 4.999973e-03 5.000000e-01 5.000000e-01 1.087220e+00 -0.711419 0.111670 0.155453 0.177172 0.155453 0.111670 0.711419 0.048969 0.049809 -0.908975 0.049809 0.048969 0.000000 
5.000000e-01 5.000000e-01 4.999973e-03 5.000000e-01 5.000000e-01 1.094910e+00 -0.716466 0.111715 0.156698 0.179638 0.156698 0.111715 0.716466 0.048063 0.048735 -0.910063 0.048735 0.048063 0.000000 
5.000000e-01 5.000000e-01 4.999973e-03 5.000000e-01 5.000000e-01 1.102578e+00 -0.721499 0.111724 0.157942 0.182167 0.157942 0.111724 0.721498 0.047159 0.047665 -0.911148 0.047665 0.047159 0.000000 
5.000000e-01 5.000000e-01 4.999973e-03 5.000000e-01 5.000000e-01 1.110224e+00 -0.726517 0.111694 0.159184 0.184760 0.159184 0.111694 0.726517 0.046257 0.046598 -0.912228 0.046598 0.046257 0.000000 
5.000000e-01 5.000000e-01 4.999973e-03 5.000000e-01 5.000000e-01 1.117847e+00 -0.731521 0.111609 0.160423 0.187455 0.160423 0.111609 0.731520 0.045357 0.045535 -0.913305 0.045535 0.045357 0.000000 
5.000000e-01 5.000000e-01 4.999973e-03 5.000000e-01 5.000000e-01 1.125449e+00 -0.736510 0.111481 0.161659 0.190229 0.161659 0.111481 0.736509 0.044459 0.044475 -0.914377 0.044475 0.044459 0.000000 
5.000000e-01 5.000000e-01 4.999973e-03 5.000000e-01 5.000000e-01 1.133028e+00 -0.741484 0.111311 0.162890 0.193081 0.162890 0.111311 0.741484 0.043563 0.043418 -0.915446 0.043418 0.043563 0.000000 
5.000000e-01 5.000000e-01 4.999973e-03 5.000000e-01 5.000000e-01 1.140584e+00 -0.746443 0.111099 0.164116 0.196013 0.164116 0.111099 0.746442 0.042670 0.042364 -0.916511 0.042364 0.042670 0.000000 
5.000000e-01 5.000000e-01 4.999973e-03 5.000000e-01 5.000000e-01 1.148116e+00 -0.751386 0.110826 0.165334 0.199065 0.165334 0.110826 0.751386 0.041779 0.041314 -0.917572 0.041314 0.041779 0.000000 
5.000000e-01 5.000000e-01 4.999973e-03 5.000000e-01 5.000000e-01 1.155626e+00 -0.756315 0.110502 0.166544 0.202222 0.166544 0.110502 0.756314 0.040890 0.040267 -0.918629 0.040267 0.040890 0.000000 
5.000000e-01 5.000000e-01 4.999973e-03 5.000000e-01 5.000000e-01 1.163111e+00 -0.761227 0.110131 0.167745 0.205475 0.167745 0.110131 0.761227 0.040003 0.039224 -0.919682 0.039224 0.040003 0.000000 
5.000000e-01 5.000000e-01 4.999973e-03 5.000000e-01 5.000000e-01 1.170573e+00 -0.766124 0.109713 0.168935 0.208827 0.168935 0.109713 0.766124 0.039119 0.038184 -0.920731 0.038184 0.039119 0.000000 
5.000000e-01 5.000000e-01 4.999973e-03 5.000000e-01 5.000000e-01 1.178010e+00 -0.771005 0.109226 0.170110 0.212331 0.170110 0.109226 0.771005 0.038238 0.037148 -0.921776 0.037148 0.038238 0.000000 
5.000000e-01 5.000000e-01 4.999973e-03 5.000000e-01 5.000000e-01 1.185422e+00 -0.775869 0.108683 0.171269 0.215965 0.171269 0.108683 0.775869 0.037359 0.036115 -0.922818 0.036115 0.037359 0.000000 
5.000000e-01 5.000000e-01 4.999973e-03 5.000000e-01 5.000000e-01 1.192810e+00 -0.780717 0.108088 0.172411 0.219718 0.172411 0.108088 0.780717 0.036482 0.035086 -0.923855 0.035086 0.036482 0.000000 
5.000000e-01 5.000000e-01 4.999973e-03 5.000000e-01 5.000000e-01 1.200173e+00 -0.785549 0.107442 0.173535 0.223593 0.173535 0.107442 0.785549 0.035609 0.034061 -0.924888 0.034061 0.035609 0.000000 
5.000000e-01 5.000000e-01 4.999973e-03 5.000000e-01 5.000000e-01 1.207509e+00 -0.790364 0.106714 0.174630 0.227676 0.174630 0.106714 0.790364 0.034738 0.033039 -0.925917 0.033039 0.034738 0.000000 
5.000000e-01 5.000000e-01 4.999973e-03 5.000000e-01 5.000000e-01 1.214821e+00 -0.795161 0.105929 0.175698 0.231907 0.175698 0.105929 0.795161 0.033870 0.032021 -0.926943 0.032021 0.033870 0.000000 
5.000000e-01 5.000000e-01 4.999973e-03 5.000000e-01 5.000000e-01 1.222105e+00 -0.799942 0.105089 0.176739 0.236284 0.176739 0.105089 0.799942 0.033004 0.031007 -0.927964 0.031007 0.033004 0.000000 
5.000000e-01 5.000000e-01 4.999973e-03 5.000000e-01 5.000000e-01 1.229364e+00 -0.804705 0.104186 0.177748 0.240837 0.177748 0.104186 0.804705 0.032142 0.029996 -0.928981 0.029996 0.032142 0.000000 
5.000000e-01 5.000000e-01 4.999973e-03 5.000000e-01 5.000000e-01 1.236596e+00 -0.809450 0.103198 0.178707 0.245640 0.178707 0.103198 0.809450 0.031282 0.028989 -0.929994 0.028989 0.031282 0.000000 
5.000000e-01 5.000000e-01 4.999973e-03 5.000000e-01 5.000000e-01 1.243800e+00 -0.814178 0.102152 0.179627 0.250620 0.179627 0.102152 0.814178 0.030426 0.027986 -0.931003 0.027986 0.030426 0.000000 
5.000000e-01 5.000000e-01 4.999973e-03 5.000000e-01 5.000000e-01 1.250977e+00 -0.818888 0.101049 0.180505 0.255780 0.180505 0.101049 0.818888 0.029573 0.026987 -0.932008 0.026987 0.029573 0.000000 
5.000000e-01 5.000000e-01 4.999973e-03 5.000000e-01 5.000000e-01 1.258126e+00 -0.823579 0.099861 0.181318 0.261222 0.181318 0.099861 0.823579 0.028722 0.025992 -0.933008 0.025992 0.028722 0.000000 
5.000000e-01 5.000000e-01 4.999973e-03 5.000000e-01 5.000000e-01 1.265247e+00 -0.828252 0.098599 0.182064 0.266926 0.182064 0.098599 0.828252 0.027875 0.025001 -0.934005 0.025001 0.027875 0.000000 
5.000000e-01 5.000000e-01 4.999973e-03 5.000000e-01 5.000000e-01 1.272340e+00 -0.832906 0.097277 0.182752 0.272847 0.182752 0.097277 0.832906 0.027031 0.024014 -0.934997 0.024014 0.027031 0.000000 
5.000000e-01 5.000000e-01 4.999973e-03 5.000000e-01 5.000000e-01 1.279404e+00 -0.837541 0.095888 0.183369 0.279026 0.183369 0.095888 0.837541 0.026191 0.023031 -0.935985 0.023031 0.026191 0.000000 
5.000000e-01 5.000000e-01 4.999973e-03 5.000000e-01 5.000000e-01 1.286438e+00 -0.842157 0.094402 0.183874 0.285604 0.183874 0.094402 0.842157 0.025353 0.022052 -0.936968 0.022052 0.025353 0.000000 
5.000000e-01 5.000000e-01 4.999973e-03 5.000000e-01 5.000000e-01 1.293443e+00 -0.846753 0.092856 0.184298 0.292445 0.184298 0.092856 0.846753 0.024519 0.021078 -0.937947 0.021078 0.024519 0.000000 
5.000000e-01 5.000000e-01 4.999973e-03 5.000000e-01 5.000000e-01 1.300418e+00 -0.851330 0.091252 0.184639 0.299550 0.184639 0.091252 0.851330 0.023689 0.020107 -0.938922 0.020107 0.023689 0.000000 
5.000000e-01 5.000000e-01 4.999973e-03 5.000000e-01 5.000000e-01 1.307362e+00 -0.855887 0.089544 0.184823 0.307153 0.184823 0.089544 0.855887 0.022862 0.019141 -0.939892 0.019141 0.022862 0.000000 
5.000000e-01 5.000000e-01 4.999973e-03 5.000000e-01 5.000000e-01 1.314276e+00 -0.860424 0.087771 0.184887 0.315108 0.184887 0.087771 0.860424 0.022038 0.018179 -0.940858 0.018179 0.022038 0.000000 
5.000000e-01 5.000000e-01 4.999973e-03 5.000000e-01 5.000000e-01 1.321158e+00 -0.864941 0.085941 0.184839 0.323381 0.184839 0.085941 0.864941 0.021218 0.017221 -0.941820 0.017221 0.021218 0.000000 
5.000000e-01 5.000000e-01 4.999973e-03 5.000000e-01 5.000000e-01 1.328010e+00 -0.869437 0.084019 0.184605 0.332189 0.184605 0.084019 0.869437 0.020402 0.016268 -0.942777 0.016268 0.020402 0.000000 
5.000000e-01 5.000000e-01 4.999973e-03 5.000000e-01 5.000000e-01 1.334829e+00 -0.873913 0.082021 0.184186 0.341499 0.184186 0.082021 0.873913 0.019589 0.015319 -0.943729 0.015319 0.019589 0.000000 
5.000000e-01 5.000000e-01 4.999973e-03 5.000000e-01 5.000000e-01 1.341616e+00 -0.878368 0.079968 0.183621 0.351189 0.183621 0.079968 0.878368 0.018780 0.014375 -0.944677 0.014375 0.018780 0.000000 
5.000000e-01 5.000000e-01 4.999973e-03 5.000000e-01 5.000000e-01 1.348370e+00 -0.882801 0.077834 0.182828 0.361478 0.182828 0.077834 0.882801 0.017974 0.013435 -0.945620 0.013435 0.017974 0.000000 
5.000000e-01 5.000000e-01 4.999973e-03 5.000000e-01 5.000000e-01 1.355091e+00 -0.887214 0.075618 0.181773 0.372432 0.181773 0.075618 0.887214 0.017173 0.012500 -0.946559 0.012500 0.017173 0.000000 
5.000000e-01 5.000000e-01 4.999973e-03 5.000000e-01 5.000000e-01 1.361778e+00 -0.891605 0.073352 0.180531 0.383840 0.180531 0.073352 0.891605 0.016375 0.011569 -0.947493 0.011569 0.016375 0.000000 
5.000000e-01 5.000000e-01 4.999973e-03 5.000000e-01 5.000000e-01 1.368432e+00 -0.895975 0.071009 0.178999 0.395958 0.178999 0.071009 0.895975 0.015581 0.010643 -0.948422 0.010643 0.015581 0.000000 
5.000000e-01 5.000000e-01 4.999973e-03 5.000000e-01 5.000000e-01 1.375052e+00 -0.900323 0.068589 0.177120 0.408906 0.177120 0.068589 0.900323 0.014791 0.009721 -0.949347 0.009721 0.014791 0.000000 
5.000000e-01 5.000000e-01 4.999973e-03 5.000000e-01 5.000000e-01 1.381637e+00 -0.904650 0.066124 0.175008 0.422384 0.175008 0.066124 0.904650 0.014004 0.008804 -0.950267 0.008804 0.014004 0.000000 
5.000000e-01 5.000000e-01 4.999973e-03 5.000000e-01 5.000000e-01 1.388186e+00 -0.908955 0.063586 0.172510 0.436764 0.172510 0.063586 0.908955 0.013222 0.007892 -0.951182 0.007892 0.013222 0.000000 
5.000000e-01 5.000000e-01 4.999973e-03 5.000000e-01 5.000000e-01 1.394701e+00 -0.913239 0.060979 0.169588 0.452106 0.169588 0.060979 0.913239 0.012443 0.006984 -0.952093 0.006984 0.012443 0.000000 
5.000000e-01 5.000000e-01 4.999973e-03 5.000000e-01 5.000000e-01 1.401180e+00 -0.917500 0.058335 0.166388 0.468053 0.166388 0.058335 0.917500 0.011668 0.006081 -0.952999 0.006081 0.011668 0.000000 
5.000000e-01 5.000000e-01 4.999973e-03 5.000000e-01 5.000000e-01 1.407623e+00 -0.921741 0.055617 0.162648 0.485211 0.162648 0.055617 0.921741 0.010897 0.005182 -0.953900 0.005182 0.010897 0.000000 
5.000000e-01 5.000000e-01 4.999973e-03 5.000000e-01 5.000000e-01 1.414029e+00 -0.925961 0.052847 0.158445 0.503377 0.158445 0.052847 0.925961 0.010130 0.004288 -0.954797 0.004288 0.010130 0.000000 
5.000000e-01 5.000000e-01 4.999973e-03 5.000000e-01 5.000000e-01 1.420399e+00 -0.930159 0.050048 0.153928 0.522207 0.153928 0.050048 0.930159 0.009367 0.003398 -0.955689 0.003398 0.009367 0.000000 
5.000000e-01 5.000000e-01 4.999973e-03 5.000000e-01 5.000000e-01 1.426732e+00 -0.934338 0.047172 0.148637 0.542721 0.148637 0.047172 0.934338 0.008607 0.002512 -0.956577 0.002512 0.008607 0.000000 
5.000000e-01 5.000000e-01 4.999973e-03 5.000000e-01 5.000000e-01 1.433028e+00 -0.938496 0.044266 0.142925 0.564113 0.142925 0.044266 0.938496 0.007851 0.001631 -0.957460 0.001631 0.007851 0.000000 
5.000000e-01 5.000000e-01 4.999973e-03 5.000000e-01 5.000000e-01 1.439286e+00 -0.942632 0.041329 0.136763 0.586450 0.136763 0.041329 0.942632 0.007099 0.000755 -0.958339 0.000755 0.007099 0.000000 
5.000000e-01 5.000000e-01 4.999973e-03 5.000000e-01 5.000000e-01 1.445508e+00 -0.946752 0.038330 0.129743 0.610606 0.129743 0.038330 0.946752 0.006350 -0.000119 -0.959215 -0.000119 0.006350 0.000000 
5.000000e-01 5.000000e-01 4.999973e-03 5.000000e-01 5.000000e-01 1.451691e+00 -0.950851 0.035318 0.122358 0.635499 0.122358 0.035318 0.950851 0.005604 -0.000987 -0.960086 -0.000987 0.005604 0.000000 
5.000000e-01 5.000000e-01 4.999973e-03 5.000000e-01 5.000000e-01 1.457836e+00 -0.954932 0.032264 0.114248 0.661909 0.114248 0.032264 0.954932 0.004862 -0.001852 -0.960953 -0.001852 0.004862 0.000000 
5.000000e-01 5.000000e-01 4.999973e-03 5.000000e-01 5.000000e-01 1.463944e+00 -0.958996 0.029182 0.105484 0.689665 0.105484 0.029182 0.958996 0.004123 -0.002713 -0.961816 -0.002713 0.004123 0.000000 
5.000000e-01 5.000000e-01 4.999973e-03 5.000000e-01 5.000000e-01 1.470013e+00 -0.963039 0.026092 0.096389 0.718075 0.096389 0.026092 0.963039 0.003388 -0.003570 -0.962675 -0.003570 0.003388 0.000000 
5.000000e-01 5.000000e-01 4.999973e-03 5.000000e-01 5.000000e-01 1.476044e+00 -0.967068 0.022957 0.086291 0.748571 0.086291 0.022957 0.967068 0.002655 -0.004424 -0.963531 -0.004424 0.002655 0.000000 
5.000000e-01 5.000000e-01 4.999973e-03 5.000000e-01 5.000000e-01 1.482035e+00 -0.971076 0.019824 0.075924 0.779580 0.075924 0.019824 0.971076 0.001926 -0.005273 -0.964382 -0.005273 0.001926 0.000000 
5.000000e-01 5.000000e-01 4.999973e-03 5.000000e-01 5.000000e-01 1.487987e+00 -0.975066 0.016675 0.064978 0.811759 0.064978 0.016675 0.975066 0.001200 -0.006118 -0.965230 -0.006118 0.001200 0.000000 
5.000000e-01 5.000000e-01 4.999973e-03 5.000000e-01 5.000000e-01 1.493899e+00 -0.979037 0.013518 0.053560 0.844881 0.053560 0.013518 0.979037 0.000478 -0.006960 -0.966073 -0.006960 0.000478 0.000000 
5.000000e-01 5.000000e-01 4.999973e-03 5.000000e-01 5.000000e-01 1.499770e+00 -0.982984 0.010369 0.041940 0.878366 0.041940 0.010369 0.982984 -0.000240 -0.007796 -0.966911 -0.007796 -0.000240 0.000000 
5.000000e-01 5.000000e-01 4.999973e-03 5.000000e-01 5.000000e-01 1.505598e+00 -0.986912 0.007213 0.029825 0.912834 0.029825 0.007213 0.986912 -0.000955 -0.008629 -0.967746 -0.008629 -0.000955 0.000000 
5.000000e-01 5.000000e-01 4.999973e-03 5.000000e-01 5.000000e-01 1.511392e+00 -0.990818 0.004071 0.017683 0.947309 0.017683 0.004071 0.990818 -0.001665 -0.009456 -0.968575 -0.009456 -0.001665 0.000000 
5.000000e-01 5.000000e-01 4.999973e-03 5.000000e-01 5.000000e-01 1.515114e+00 -0.993329 0.002046 0.009728 0.969782 0.009728 0.002046 0.993329 -0.002122 -0.009988 -0.969109 -0.009988 -0.002122 0.000000 
5.000000e-01 5.000000e-01 4.999973e-03 5.000000e-01 5.000000e-01 1.515114e+00 -0.993329 0.002046 0.009728 0.969782 0.009728 0.002046 0.993329 -0.002122 -0.009988 -0.969109 -0.009988 -0.002122 0.000000 
5.000000e-01 5.000000e-01 4.999973e-03 5.000000e-01 5.000000e-01 1.515114e+00 -0.993329 0.002046 0.009728 0.969782 0.009728 0.002046 0.993329 -0.002122 -0.009988 -0.969109 -0.009988 -0.002122 0.000000 
5.000000e-01 5.000000e-01 4.999973e-03 5.000000e-01 5.000000e-01 1.515114e+00 -0.993329 0.002046 0.009728 0.969782 0.009728 0.002046 0.993329 -0.002122 -0.009988 -0.969109 -0.009988 -0.002122 0.000000 
5.000000e-01 5.000000e-01 4.999973e-03 5.000000e-01 5.000000e-01 1.515114e+00 -0.993329 0.002046 0.009728 0.969782 0.009728 0.002046 0.993329 -0.002122 -0.009988 -0.969109 -0.009988 -0.002122 0.000000 
5.000000e-01 5.000000e-01 4.999973e-03 5.000000e-01 5.000000e-01 1.515114e+00 -0.993329 0.002046 0.009728 0.969782 0.009728 0.002046 0.993329 -0.002122 -0.009988 -0.969109 -0.009988 -0.002122 0.000000 
5.000000e-01 5.000000e-01 4.999973e-03 5.000000e-01 5.000000e-01 1.515114e+00 -0.993329 0.002046 0.009728 0.969782 0.009728 0.002046 0.993329 -0.002122 -0.009988 -0.969109 -0.009988 -0.002122 0.000000 
5.000000e-01 5.000000e-01 4.999973e-03 5.000000e-01 5.000000e-01 1.515114e+00 -0.993329 0.002046 0.009728 0.969782 0.009728 0.002046 0.993329 -0.002122 -0.009988 -0.969109 -0.009988 -0.002122 0.000000 
5.000000e-01 5.000000e-01 4.999973e-03 5.000000e-01 5.000000e-01 1.515114e+00 -0.993329 0.002046 0.009728 0.969782 0.009728 0.002046 0.993329 -0.002122 -0.009988 -0.969109 -0.009988 -0.002122 0.000000 
5.000000e-01 5.000000e-01 4.999973e-03 5.000000e-01 5.000000e-01 1.515114e+00 -0.993329 0.002046 0.009728 0.969782 0.009728 0.002046 0.993329 -0.002122 -0.009988 -0.969109 -0.009988 -0.002122 0.000000 
5.000000e-01 5.000000e-01 4.999973e-03 5.000000e-01 5.000000e-01 1.515114e+00 -0.993329 0.002046 0.009728 0.969782 0.009728 0.002046 0.993329 -0.002122 -0.009988 -0.969109 -0.009988 -0.002122 0.000000 
5.000000e-01 5.000000e-01 4.999973e-03 5.000000e-01 5.000000e-01 1.515114e+00 -0.993329 0.002046 0.009728 0.969782 0.009728 0.002046 0.993329 -0.002122 -0.009988 -0.969109 -0.009988 -0.002122 0.000000 
5.000000e-01 5.000000e-01 4.999973e-03 5.000000e-01 5.000000e-01 1.515114e+00 -0.993329 0.002046 0.009728 0.969782 0.009728 0.002046 0.993329 -0.002122 -0.009988 -0.969109 -0.009988 -0.002122 0.000000 
5.000000e-01 5.000000e-01 4.999973e-03 5.000000e-01 5.000000e-01 1.515114e+00 -0.993329 0.002046 0.009728 0.969782 0.009728 0.002046 0.993329 -0.002122 -0.009988 -0.969109 -0.009988 -0.002122 0.000000 
5.000000e-01 5.000000e-01 4.999973e-03 5.000000e-01 5.000000e-01 1.515114e+00 -0.993329 0.002046 0.009728 0.969782 0.009728 0.002046 0.993329 -0.002122 -0.009988 -0.969109 -0.009988 -0.002122 0.000000 
5.000000e-01 5.000000e-01 4.999973e-03 5.000000e-01 5.000000e-01 1.515114e+00 -0.993329 0.002046 0.009728 0.969782 0.009728 0.002046 0.993329 -0.002122 -0.009988 -0.969109 -0.009988 -0.002122 0.000000 
5.000000e-01 5.000000e-01 4.999973e-03 5.000000e-01 5.000000e-01 1.515114e+00 -0.993329 0.002046 0.009728 0.969782 0.009728 0.002046 0.993329 -0.002122 -0.009988 -0.969109 -0.009988 -0.002122 0.000000 
5.000000e-01 5.000000e-01 4.999973e-03 5.000000e-01 5.000000e-01 1.515114e+00 -0.993329 0.002046 0.009728 0.969782 0.009728 0.002046 0.993329 -0.002122 -0.009988 -0.969109 -0.009988 -0.002122 0.000000 
5.000000e-01 5.000000e-01 4.999973e-03 5.000000e-01 5.000000e-01 1.515114e+00 -0.993329 0.002046 0.009728 0.969782 0.009728 0.002046 0.993329 -0.002122 -0.009988 -0.969109 -0.009988 -0.002122 0.000000 
5.000000e-01 5.000000e-01 4.999973e-03 5.000000e-01 5.000000e-01 1.515114e+00 -0.993329 0.002046 0.009728 0.969782 0.009728 0.002046 0.993329 -0.002122 -0.009988 -0.969109 -0.009988 -0.002122 0.000000 
5.000000e-01 5.000000e-01 4.999973e-03 5.000000e-01 5.000000e-01 1.515114e+00 -0.993329 0.002046 0.009728 0.969782 0.009728 0.002046 0.993329 -0.002122 -0.009988 -0.969109 -0.009988 -0.002122 0.000000 
5.000000e-01 5.000000e-01 4.999973e-03 5.000000e-01 5.000000e-01 1.515114e+00 -0.993329 0.002046 0.009728 0.969782 0.009728 0.002046 0.993329 -0.002122 -0.009988 -0.969109 -0.009988 -0.002122 0.000000 
5.000000e-01 5.000000e-01 4.999973e-03 5.000000e-01 5.000000e-01 1.515114e+00 -0.993329 0.002046 0.009728 0.969782 0.009728 0.002046 0.993329 -0.002122 -0.009988 -0.969109 -0.009988 -0.002122 0.000000 
5.000000e-01 5.000000e-01 4.999973e-03 5.000000e-01 5.000000e-01 1.515114e+00 -0.993329 0.002046 0.009728 0.969782 0.009728 0.002046 0.993329 -0.002122 -0.009988 -0.969109 -0.009988 -0.002122 0.000000 
5.000000e-01 5.000000e-01 4.999973e-03 5.000000e-01 5.000000e-01 1.515114e+00 -0.993329 0.002046 0.009728 0.969782 0.009728 0.002046 0.993329 -0.002122 -0.009988 -0.969109 -0.009988 -0.002122 0.000000 
5.000000e-01 5.000000e-01 4.999973e-03 5.000000e-01 5.000000e-01 1.515114e+00 -0.993329 0.002046 0.009728 0.969782 0.009728 0.002046 0.993329 -0.002122 -0.009988 -0.969109 -0.009988 -0.002122 0.000000 
5.000000e-01 5.000000e-01 4.999973e-03 5.000000e-01 5.000000e-01 1.515114e+00 -0.993329 0.002046 0.009728 0.969782 0.009728 0.002046 0.993329 -0.002122 -0.009988 -0.969109 -0.009988 -0.002122 0.000000 
5.000000e-01 5.000000e-01 4.999973e-03 5.000000e-01 5.000000e-01 1.515114e+00 -0.993329 0.002046 0.009728 0.969782 0.009728 0.002046 0.993329 -0.002122 -0.009988 -0.969109 -0.009988 -0.002122 0.000000 
5.000000e-01 5.000000e-01 4.999973e-03 5.000000e-01 5.000000e-01 1.515114e+00 -0.993329 0.002046 0.009728 0.969782 0.009728 0.002046 0.993329 -0.002122 -0.009988 -0.969109 -0.009988 -0.002122 0.000000 
5.000000e-01 5.000000e-01 4.999973e-03 5.000000e-01 5.000000e-01 1.515114e+00 -0.993329 0.002046 0.009728 0.969782 0.009728 0.002046 0.993329 -0.002122 -0.009988 -0.969109 -0.009988 -0.002122 0.000000 
5.000000e-01 5.000000e-01 4.999973e-03 5.000000e-01 5.000000e-01 1.515114e+00 -0.993329 0.002046 0.009728 0.969782 0.009728 0.002046 0.993329 -0.002122 -0.009988 -0.969109 -0.009988 -0.002122 0.000000 
5.000000e-01 5.000000e-01 4.999973e-03 5.000000e-01 5.000000e-01 1.515114e+00 -0.993329 0.002046 0.009728 0.969782 0.009728 0.002046 0.993329 -0.002122 -0.009988 -0.969109 -0.009988 -0.002122 0.000000 
5.000000e-01 5.000000e-01 4.999973e-03 5.000000e-01 5.000000e-01 1.515114e+00 -0.993329 0.002046 0.009728 0.969782 0.009728 0.002046 0.993329 -0.002122 -0.009988 -0.969109 -0.009988 -0.002122 0.000000 
5.000000e-01 5.000000e-01 4.999973e-03 5.000000e-01 5.000000e-01 1.515114e+00 -0.993329 0.002046 0.009728 0.969782 0.009728 0.002046 0.993329 -0.002122 -0.009988 -0.969109 -0.009988 -0.002122 0.000000 
5.000000e-01 5.000000e-01 4.999973e-03 5.000000e-01 5.000000e-01 1.515114e+00 -0.993329 0.002046 0.009728 0.969782 0.009728 0.002046 0.993329 -0.002122 -0.009988 -0.969109 -0.009988 -0.002122 0.000000 
5.000000e-01 5.000000e-01 4.999973e-03 5.000000e-01 5.000000e-01 1.515114e+00 -0.993329 0.002046 0.009728 0.969782 0.009728 0.002046 0.993329 -0.002122 -0.009988 -0.969109 -0.009988 -0.002122 0.000000 
5.000000e-01 5.000000e-01 4.999973e-03 5.000000e-01 5.000000e-01 1.515114e+00 -0.993329 0.002046 0.009728 0.969782 0.009728 0.002046 0.993329 -0.002122 -0.009988 -0.969109 -0.009988 -0.002122 0.000000 
5.000000e-01 5.000000e-01 4.999973e-03 5.000000e-01 5.000000e-01 1.515114e+00 -0.993329 0.002046 0.009728 0.969782 0.009728 0.002046 0.993329 -0.002122 -0.009988 -0.969109 -0.009988 -0.002122 0.000000 
5.000000e-01 5.000000e-01 4.999973e-03 5.000000e-01 5.000000e-01 1.515114e+00 -0.993329 0.002046 0.009728 0.969782 0.009728 0.002046 0.993329 -0.002122 -0.009988 -0.969109 -0.009988 -0.002122 0.000000 
5.000000e-01 5.000000e-01 4.999973e-03 5.000000e-01 5.000000e-01 1.515114e+00 -0.993329 0.002046 0.009728 0.969782 0.009728 0.002046 0.993329 -0.002122 -0.009988 -0.969109 -0.009988 -0.002122 0.000000 
5.000000e-01 5.000000e-01 4.999973e-03 5.000000e-01 5.000000e-01 1.515114e+00 -0.993329 0.002046 0.009728 0.969782 0.009728 0.002046 0.993329 -0.002122 -0.009988 -0.969109 -0.009988 -0.002122 0.000000 
5.000000e-01 5.000000e-01 4.999973e-03 5.000000e-01 5.000000e-01 1.515114e+00 -0.993329 0.002046 0.009728 0.969782 0.009728 0.002046 0.993329 -0.002122 -0.009988 -0.969109 -0.009988 -0.002122 0.000000 
5.000000e-01 5.000000e-01 4.999973e-03 5.000000e-01 5.000000e-01 1.515114e+00 -0.993329 0.002046 0.009728 0.969782 0.009728 0.002046 0.993329 -0.002122 -0.009988 -0.969109 -0.009988 -0.002122 0.000000 
5.000000e-01 5.000000e-01 4.999973e-03 5.000000e-01 5.000000e-01 1.515114e+00 -0.993329 0.002046 0.009728 0.969782 0.009728 0.002046 0.993329 -0.002122 -0.009988 -0.969109 -0.009988 -0.002122 0.000000 
5.000000e-01 5.000000e-01 4.999973e-03 5.000000e-01 5.000000e-01 1.515114e+00 -0.993329 0.002046 0.009728 0.969782 0.009728 0.002046 0.993329 -0.002122 -0.009988 -0.969109 -0.009988 -0.002122 0.000000 
5.000000e-01 5.000000e-01 4.999973e-03 5.000000e-01 5.000000e-01 1.515114e+00 -0.993329 0.002046 0.009728 0.969782 0.009728 0.002046 0.993329 -0.002122 -0.009988 -0.969109 -0.009988 -0.002122 0.000000 
5.000000e-01 5.000000e-01 4.999973e-03 5.000000e-01 5.000000e-01 1.515114e+00 -0.993329 0.002046 0.009728 0.969782 0.009728 0.002046 0.993329 -0.002122 -0.009988 -0.969109 -0.009988 -0.002122 0.000000 
5.000000e-01 5.000000e-01 4.999973e-03 5.000000e-01 5.000000e-01 1.515114e+00 -0.993329 0.002046 0.009728 0.969782 0.009728 0.002046 0.993329 -0.002122 -0.009988 -0.969109 -0.009988 -0.002122 0.000000 
5.000000e-01 5.000000e-01 4.999973e-03 5.000000e-01 5.000000e-01 1.515114e+00 -0.993329 0.002046 0.009728 0.969782 0.009728 0.002046 0.993329 -0.002122 -0.009988 -0.969109 -0.009988 -0.002122 0.000000 
5.000000e-01 5.000000e-01 4.999973e-03 5.000000e-01 5.000000e-01 1.515114e+00 -0.993329 0.002046 0.009728 0.969782 0.009728 0.002046 0.993329 -0.002122 -0.009988 -0.969109 -0.009988 -0.002122 0.000000 
5.000000e-01 5.000000e-01 4.999973e-03 5.000000e-01 5.000000e-01 1.515114e+00 -0.993329 0.002046 0.009728 0.969782 0.009728 0.002046 0.993329 -0.002122 -0.009988 -0.969109 -0.009988 -0.002122 0.000000 
5.000000e-01 5.000000e-01 4.999973e-03 5.000000e-01 5.000000e-01 1.515114e+00 -0.993329 0.002046 0.009728 0.969782 0.009728 0.002046 0.993329 -0.002122 -0.009988 -0.969109 -0.009988 -0.002122 0.000000 
5.000000e-01 5.000000e-01 4.999973e-03 5.000000e-01 5.000000e-01 1.515114e+00 -0.993329 0.002046 0.009728 0.969782 0.009728 0.002046 0.993329 -0.002122 -0.009988 -0.969109 -0.009988 -0.002122 0.000000 
5.000000e-01 5.000000e-01 4.999973e-03 5.000000e-01 5.000000e-01 1.515114e+00 -0.993329 0.002046 0.009728 0.969782 0.009728 0.002046 0.993329 -0.002122 -0.009988 -0.969109 -0.009988 -0.002122 0.000000 
5.000000e-01 5.000000e-01 4.999973e-03 5.000000e-01 5.000000e-01 1.515114e+00 -0.993329 0.002046 0.009728 0.969782 0.009728 0.002046 0.993329 -0.002122 -0.009988 -0.969109 -0.009988 -0.002122 0.000000 
5.000000e-01 5.000000e-01 4.999973e-03 5.000000e-01 5.000000e-01 1.515114e+00 -0.993329 0.002046 0.009728 0.969782 0.009728 0.002046 0.993329 -0.002122 -0.009988 -0.969109 -0.009988 -0.002122 0.000000 
5.000000e-01 5.000000e-01 4.999973e-03 5.000000e-01 5.000000e-01 1.515114e+00 -0.993329 0.002046 0.009728 0.969782 0.009728 0.002046 0.993329 -0.002122 -0.009988 -0.969109 -0.009988 -0.002122 0.000000 
5.000000e-01 5.000000e-01 4.999973e-03 5.000000e-01 5.000000e-01 1.515114e+00 -0.993329 0.002046 0.009728 0.969782 0.009728 0.002046 0.993329 -0.002122 -0.009988 -0.969109 -0.009988 -0.002122 0.000000 
5.000000e-01 5.000000e-01 4.999973e-03 5.000000e-01 5.000000e-01 1.515114e+00 -0.993329 0.002046 0.009728 0.969782 0.009728 0.002046 0.993329 -0.002122 -0.009988 -0.969109 -0.009988 -0.002122 0.000000 
5.000000e-01 5.000000e-01 4.999973e-03 5.000000e-01 5.000000e-01 1.515114e+00 -0.993329 0.002046 0.009728 0.969782 0.009728 0.002046 0.993329 -0.002122 -0.009988 -0.969109 -0.009988 -0.002122 0.000000 
5.000000e-01 5.000000e-01 4.999973e-03 5.000000e-01 5.000000e-01 1.515114e+00 -0.993329 0.002046 0.009728 0.969782 0.009728 0.002046 0.993329 -0.002122 -0.009988 -0.969109 -0.009988 -0.002122 0.000000 
5.000000e-01 5.000000e-01 4.999973e-03 5.000000e-01 5.000000e-01 1.515114e+00 -0.993329 0.002046 0.009728 0.969782 0.009728 0.002046 0.993329 -0.002122 -0.009988 -0.969109 -0.009988 -0.002122 0.000000 
5.000000e-01 5.000000e-01 4.999973e-03 5.000000e-01 5.000000e-01 1.515114e+00 -0.993329 0.002046 0.009728 0.969782 0.009728 0.002046 0.993329 -0.002122 -0.009988 -0.969109 -0.009988 -0.002122 0.000000 
5.000000e-01 5.000000e-01 4.999973e-03 5.000000e-01 5.000000e-01 1.515114e+00 -0.993329 0.002046 0.009728 0.969782 0.009728 0.002046 0.993329 -0.002122 -0.009988 -0.969109 -0.009988 -0.002122 0.000000 
5.000000e-01 5.000000e-01 4.999973e-03 5.000000e-01 5.000000e-01 1.515114e+00 -0.993329 0.002046 0.009728 0.969782 0.009728 0.002046 0.993329 -0.002122 -0.009988 -0.969109 -0.009988 -0.002122 0.000000 
5.000000e-01 5.000000e-01 4.999973e-03 5.000000e-01 5.000000e-01 1.515114e+00 -0.993329 0.002046 0.009728 0.969782 0.009728 0.002046 0.993329 -0.002122 -0.009988 -0.969109 -0.009988 -0.002122 0.000000 
5.000000e-01 5.000000e-01 4.999973e-03 5.000000e-01 5.000000e-01 1.515114e+00 -0.993329 0.002046 0.009728 0.969782 0.009728 0.002046 0.993329 -0.002122 -0.009988 -0.969109 -0.009988 -0.002122 0.000000 
5.000000e-01 5.000000e-01 4.999973e-03 5.000000e-01 5.000000e-01 1.515114e+00 -0.993329 0.002046 0.009728 0.969782 0.009728 0.002046 0.993329 -0.002122 -0.009988 -0.969109 -0.009988 -0.002122 0.000000 
5.000000e-01 5.000000e-01 4.999973e-03 5.000000e-01 5.000000e-01 1.515114e+00 -0.993329 0.002046 0.009728 0.969782 0.009728 0.002046 0.993329 -0.002122 -0.009988 -0.969109 -0.009988 -0.002122 0.000000 
5.000000e-01 5.000000e-01 4.999973e-03 5.000000e-01 5.000000e-01 1.515114e+00 -0.993329 0.002046 0.009728 0.969782 0.009728 0.002046 0.993329 -0.002122 -0.009988 -0.969109 -0.009988 -0.002122 0.000000 
5.000000e-01 5.000000e-01 4.999973e-03 5.000000e-01 5.000000e-01 1.515114e+00 -0.993329 0.002046 0.009728 0.969782 0.009728 0.002046 0.993329 -0.002122 -0.009988 -0.969109 -0.009988 -0.002122 0.000000 
5.000000e-01 5.000000e-01 4.999973e-03 5.000000e-01 5.000000e-01 1.515114e+00 -0.993329 0.002046 0.009728 0.969782 0.009728 0.002046 0.993329 -0.002122 -0.009988 -0.969109 -0.009988 -0.002122 0.000000 
5.000000e-01 5.000000e-01 4.999973e-03 5.000000e-01 5.000000e-01 1.515114e+00 -0.993329 0.002046 0.009728 0.969782 0.009728 0.002046 0.993329 -0.002122 -0.009988 -0.969109 -0.009988 -0.002122 0.000000 
5.000000e-01 5.000000e-01 4.999973e-03 5.000000e-01 5.000000e-01 1.515114e+00 -0.993329 0.002046 0.009728 0.969782 0.009728 0.002046 0.993329 -0.002122 -0.009988 -0.969109 -0.009988 -0.002122 0.000000 
5.000000e-01 5.000000e-01 4.999973e-03 5.000000e-01 5.000000e-01 1.515114e+00 -0.993329 0.002046 0.009728 0.969782 0.009728 0.002046 0.993329 -0.002122 -0.009988 -0.969109 -0.009988 -0.002122 0.000000 
5.000000e-01 5.000000e-01 4.999973e-03 5.000000e-01 5.000000e-01 1.515114e+00 -0.993329 0.002046 0.009728 0.969782 0.009728 0.002046 0.993329 -0.002122 -0.009988 -0.969109 -0.009988 -0.002122 0.000000 
5.000000e-01 5.000000e-01 4.999973e-03 5.000000e-01 5.000000e-01 1.515114e+00 -0.993329 0.002046 0.009728 0.969782 0.009728 0.002046 0.993329 -0.002122 -0.009988 -0.969109 -0.009988 -0.002122 0.000000 
5.000000e-01 5.000000e-01 4.999973e-03 5.000000e-01 5.000000e-01 1.515114e+00 -0.993329 0.002046 0.009728 0.969782 0.009728 0.002046 0.993329 -0.002122 -0.009988 -0.969109 -0.009988 -0.002122 0.000000 
5.000000e-01 5.000000e-01 4.999973e-03 5.000000e-01 5.000000e-01 1.515114e+00 -0.993329 0.002046 0.009728 0.969782 0.009728 0.002046 0.993329 -0.002122 -0.009988 -0.969109 -0.009988 -0.002122 0.000000 
5.000000e-01 5.000000e-01 4.999973e-03 5.000000e-01 5.000000e-01 1.515114e+00 -0.993329 0.002046 0.009728 0.969782 0.009728 0.002046 0.993329 -0.002122 -0.009988 -0.969109 -0.009988 -0.002122 0.000000 
5.000000e-01 5.000000e-01 4.999973e-03 5.000000e-01 5.000000e-01 1.515114e+00 -0.993329 0.002046 0.009728 0.969782 0.009728 0.002046 0.993329 -0.002122 -0.009988 -0.969109 -0.009988 -0.002122 0.000000 
5.000000e-01 5.000000e-01 4.999973e-03 5.000000e-01 5.000000e-01 1.515114e+00 -0.993329 0.002046 0.009728 0.969782 0.009728 0.002046 0.993329 -0.002122 -0.009988 -0.969109 -0.009988 -0.002122 0.000000 
5.000000e-01 5.000000e-01 4.999973e-03 5.000000e-01 5.000000e-01 1.515114e+00 -0.993329 0.002046 0.009728 0.969782 0.009728 0.002046 0.993329 -0.002122 -0.009988 -0.969109 -0.009988 -0.002122 0.000000 
5.000000e-01 5.000000e-01 4.999973e-03 5.000000e-01 5.000000e-01 1.515114e+00 -0.993329 0.002046 0.009728 0.969782 0.009728 0.002046 0.993329 -0.002122 -0.009988 -0.969109 -0.009988 -0.002122 0.000000 
5.000000e-01 5.000000e-01 4.999973e-03 5.000000e-01 5.000000e-01 1.515114e+00 -0.993329 0.002046 0.009728 0.969782 0.009728 0.002046 0.993329 -0.002122 -0.009988 -0.969109 -0.009988 -0.002122 0.000000 
5.000000e-01 5.000000e-01 4.999973e-03 5.000000e-01 5.000000e-01 1.515114e+00 -0.993329 0.002046 0.009728 0.969782 0.009728 0.002046 0.993329 -0.002122 -0.009988 -0.969109 -0.009988 -0.002122 0.000000 
5.000000e-01 5.000000e-01 4.999973e-03 5.000000e-01 5.000000e-01 1.515114e+00 -0.993329 0.002046 0.009728 0.969782 0.009728 0.002046 0.993329 -0.002122 -0.009988 -0.969109 -0.009988 -0.002122 0.000000 
5.000000e-01 5.000000e-01 4.999973e-03 5.000000e-01 5.000000e-01 1.515114e+00 -0.993329 0.002046 0.009728 0.969782 0.009728 0.002046 0.993329 -0.002122 -0.009988 -0.969109 -0.009988 -0.002122 0.000000 
5.000000e-01 5.000000e-01 4.999973e-03 5.000000e-01 5.000000e-01 1.515114e+00 -0.993329 0.002046 0.009728 0.969782 0.009728 0.002046 0.993329 -0.002122 -0.009988 -0.969109 -0.009988 -0.002122 0.000000 
5.000000e-01 5.000000e-01 4.999973e-03 5.000000e-01 5.000000e-01 1.515114e+00 -0.993329 0.002046 0.009728 0.969782 0.009728 0.002046 0.993329 -0.002122 -0.009988 -0.969109 -0.009988 -0.002122 0.000000 
5.000000e-01 5.000000e-01 4.999973e-03 5.000000e-01 5.000000e-01 1.515114e+00 -0.993329 0.002046 0.009728 0.969782 0.009728 0.002046 0.993329 -0.002122 -0.009988 -0.969109 -0.009988 -0.002122 0.000000 
5.000000e-01 5.000000e-01 4.999973e-03 5.000000e-01 5.000000e-01 1.515114e+00 -0.993329 0.002046 0.009728 0.969782 0.009728 0.002046 0.993329 -0.002122 -0.009988 -0.969109 -0.009988 -0.002122 0.000000 
5.000000e-01 5.000000e-01 4.999973e-03 5.000000e-01 5.000000e-01 1.515114e+00 -0.993329 0.002046 0.009728 0.969782 0.009728 0.002046 0.993329 -0.002122 -0.009988 -0.969109 -0.009988 -0.002122 0.000000 
5.000000e-01 5.000000e-01 4.999973e-03 5.000000e-01 5.000000e-01 1.515114e+00 -0.993329 0.002046 0.009728 0.969782 0.009728 0.002046 0.993329 -0.002122 -0.009988 -0.969109 -0.009988 -0.002122 0.000000 
5.000000e-01 5.000000e-01 4.999973e-03 5.000000e-01 5.000000e-01 1.515114e+00 -0.993329 0.002046 0.009728 0.969782 0.009728 0.002046 0.993329 -0.002122 -0.009988 -0.969109 -0.009988 -0.002122 0.000000 
5.000000e-01 5.000000e-01 4.999973e-03 5.000000e-01 5.000000e-01 1.515114e+00 -0.993329 0.002046 0.009728 0.969782 0.009728 0.002046 0.993329 -0.002122 -0.009988 -0.969109 -0.009988 -0.002122 0.000000 
5.000000e-01 5.000000e-01 4.999973e-03 5.000000e-01 5.000000e-01 1.515114e+00 -0.993329 0.002046 0.009728 0.969782 0.009728 0.002046 0.993329 -0.002122 -0.009988 -0.969109 -0.009988 -0.002122 0.000000 
5.000000e-01 5.000000e-01 4.999973e-03 5.000000e-01 5.000000e-01 1.515114e+00 -0.993329 0.002046 0.009728 0.969782 0.009728 0.002046 0.993329 -0.002122 -0.009988 -0.969109 -0.009988 -0.002122 0.000000 
5.000000e-01 5.000000e-01 4.999973e-03 5.000000e-01 5.000000e-01 1.515114e+00 -0.993329 0.002046 0.009728 0.969782 0.009728 0.002046 0.993329 -0.002122 -0.009988 -0.969109 -0.009988 -0.002122 0.000000 
5.000000e-01 5.000000e-01 4.999973e-03 5.000000e-01 5.000000e-01 1.515114e+00 -0.993329 0.002046 0.009728 0.969782 0.009728 0.002046 0.993329 -0.002122 -0.009988 -0.969109 -0.009988 -0.002122 0.000000 
5.000000e-01 5.000000e-01 4.999973e-03 5.000000e-01 5.000000e-01 1.515114e+00 -0.993329 0.002046 0.009728 0.969782 0.009728 0.002046 0.993329 -0.002122 -0.009988 -0.969109 -0.009988 -0.002122 0.000000 
5.000000e-01 5.000000e-01 4.999973e-03 5.000000e-01 5.000000e-01 1.515114e+00 -0.993329 0.002046 0.009728 0.969782 0.009728 0.002046 0.993329 -0.002122 -0.009988 -0.969109 -0.009988 -0.002122 0.000000 
5.000000e-01 5.000000e-01 4.999973e-03 5.000000e-01 5.000000e-01 1.515114e+00 -0.993329 0.002046 0.009728 0.969782 0.009728 0.002046 0.993329 -0.002122 -0.009988 -0.969109 -0.009988 -0.002122 0.000000 
5.000000e-01 5.000000e-01 4.999973e-03 5.000000e-01 5.000000e-01 1.515114e+00 -0.993329 0.002046 0.009728 0.969782 0.009728 0.002046 0.993329 -0.002122 -0.009988 -0.969109 -0.009988 -0.002122 0.000000 
5.000000e-01 5.000000e-01 4.999973e-03 5.000000e-01 5.000000e-01 1.515114e+00 -0.993329 0.002046 0.009728 0.969782 0.009728 0.002046 0.993329 -0.002122 -0.009988 -0.969109 -0.009988 -0.002122 0.000000 
5.000000e-01 5.000000e-01 4.999973e-03 5.000000e-01 5.000000e-01 1.515114e+00 -0.993329 0.002046 0.009728 0.969782 0.009728 0.002046 0.993329 -0.002122 -0.009988 -0.969109 -0.009988 -0.002122 0.000000 
5.000000e-01 5.000000e-01 4.999973e-03 5.000000e-01 5.000000e-01 1.515114e+00 -0.993329 0.002046 0.009728 0.969782 0.009728 0.002046 0.993329 -0.002122 -0.009988 -0.969109 -0.009988 -0.002122 0.000000 
5.000000e-01 5.000000e-01 4.999973e-03 5.000000e-01 5.000000e-01 1.515114e+00 -0.993329 0.002046 0.009728 0.969782 0.009728 0.002046 0.993329 -0.002122 -0.009988 -0.969109 -0.009988 -0.002122 0.000000 
5.000000e-01 5.000000e-01 4.999973e-03 5.000000e-01 5.000000e-01 1.515114e+00 -0.993329 0.002046 0.009728 0.969782 0.009728 0.002046 0.993329 -0.002122 -0.009988 -0.969109 -0.009988 -0.002122 0.000000 
5.000000e-01 5.000000e-01 4.999973e-03 5.000000e-01 5.000000e-01 1.515114e+00 -0.993329 0.002046 0.009728 0.969782 0.009728 0.002046 0.993329 -0.002122 -0.009988 -0.969109 -0.009988 -0.002122 0.000000 
5.000000e-01 5.000000e-01 4.999973e-03 5.000000e-01 5.000000e-01 1.515114e+00 -0.993329 0.002046 0.009728 0.969782 0.009728 0.002046 0.993329 -0.002122 -0.009988 -0.969109 -0.009988 -0.002122 0.000000 
5.000000e-01 5.000000e-01 4.999973e-03 5.000000e-01 5.000000e-01 1.515114e+00 -0.993329 0.002046 0.009728 0.969782 0.009728 0.002046 0.993329 -0.002122 -0.009988 -0.969109 -0.009988 -0.002122 0.000000 
5.000000e-01 5.000000e-01 4.999973e-03 5.000000e-01 5.000000e-01 1.515114e+00 -0.993329 0.002046 0.009728 0.969782 0.009728 0.002046 0.993329 -0.002122 -0.009988 -0.969109 -0.009988 -0.002122 0.000000 
5.000000e-01 5.000000e-01 4.999973e-03 5.000000e-01 5.000000e-01 1.515114e+00 -0.993329 0.002046 0.009728 0.969782 0.009728 0.002046 0.993329 -0.002122 -0.009988 -0.969109 -0.009988 -0.002122 0.000000 
