# TeX TeY TeZ ThX ThY THZ P1 P2
5.000000e-01 5.000000e-01 8.000000e-02 5.000000e-01 5.000000e-01 8.000000e-02 0.000000 0.000000 0.000000 0.000000 0.000000 0.000000 0.000000 0.000000 0.000000 0.000000 0.000000 0.000000 0.000000 
5.000000e-01 5.000000e-01 6.657309e-02 5.000000e-01 5.000000e-01 8.918947e-02 -0.014974 0.002723 0.003173 0.003182 0.003173 0.002723 0.014974 0.010852 0.025041 -0.086760 0.025041 0.010852 0.000000 
5.000000e-01 5.000000e-01 5.310504e-02 5.000000e-01 5.000000e-01 9.836923e-02 -0.029990 0.005454 0.006355 0.006372 0.006355 0.005454 0.029990 0.021809 0.051836 -0.177280 0.051836 0.021809 0.000000 
5.000000e-01 5.000000e-01 3.959416e-02 5.000000e-01 5.000000e-01 1.075396e-01 -0.045056 0.008194 0.009548 0.009573 0.009548 0.008194 0.045056 0.032849 0.080624 -0.272003 0.080624 0.032849 0.000000 
5.000000e-01 5.000000e-01 2.604046e-02 5.000000e-01 5.000000e-01 1.167010e-01 -0.060182 0.010944 0.012753 0.012787 0.012753 0.010944 0.060182 0.043955 0.111718 -0.371529 0.111718 0.043955 0.000000 
5.000000e-01 5.000000e-01 1.244681e-02 5.000000e-01 5.000000e-01 1.258535e-01 -0.075355 0.013704 0.015969 0.016010 0.015969 0.013704 0.075355 0.055049 0.144096 -0.473645 0.144096 0.055049 0.000000 
5.000000e-01 5.000000e-01 4.999883e-03 5.000000e-01 5.000000e-01 1.349975e-01 -0.086390 0.015710 0.018307 0.018355 0.018307 0.015710 0.086390 0.062712 0.163752 -0.539319 0.163752 0.062712 0.000000 
5.000000e-01 5.000000e-01 4.999883e-03 5.000000e-01 5.000000e-01 1.441330e-01 -0.092393 0.016801 0.019580 0.019632 0.019580 0.016801 0.092393 0.066180 0.166903 -0.558558 0.166903 0.066180 0.000000 
5.000000e-01 5.000000e-01 4.999883e-03 5.000000e-01 5.000000e-01 1.532601e-01 -0.098389 0.017891 0.020851 0.020907 0.020851 0.017891 0.098389 0.069497 0.169416 -0.576217 0.169416 0.069497 0.000000 
5.000000e-01 5.000000e-01 4.999883e-03 5.000000e-01 5.000000e-01 1.623790e-01 -0.104377 0.018979 0.022120 0.022180 0.022120 0.018979 0.104377 0.072665 0.171372 -0.592451 0.171372 0.072665 0.000000 
5.000000e-01 5.000000e-01 4.999883e-03 5.000000e-01 5.000000e-01 1.714896e-01 -0.110359 0.020065 0.023388 0.023452 0.023388 0.020065 0.110359 0.075681 0.172840 -0.607401 0.172840 0.075681 0.000000 
5.000000e-01 5.000000e-01 4.999883e-03 5.000000e-01 5.000000e-01 1.805921e-01 -0.116334 0.021151 0.024654 0.024724 0.024654 0.021151 0.116334 0.078548 0.173882 -0.621193 0.173882 0.078548 0.000000 
5.000000e-01 5.000000e-01 4.999883e-03 5.000000e-01 5.000000e-01 1.896864e-01 -0.122303 0.022235 0.025920 0.025994 0.025920 0.022235 0.122303 0.081260 0.174542 -0.633906 0.174542 0.081260 0.000000 
5.000000e-01 5.000000e-01 4.999883e-03 5.000000e-01 5.000000e-01 1.987725e-01 -0.128266 0.023318 0.027184 0.027263 0.027184 0.023318 0.128266 0.083814 0.174865 -0.645623 0.174865 0.083814 0.000000 
5.000000e-01 5.000000e-01 4.999883e-03 5.000000e-01 5.000000e-01 2.078503e-01 -0.134223 0.024399 0.028447 0.028531 0.028447 0.024399 0.134223 0.086223 0.174918 -0.656504 0.174918 0.086223 0.000000 
5.000000e-01 5.000000e-01 4.999883e-03 5.000000e-01 5.000000e-01 2.169199e-01 -0.140175 0.025479 0.029709 0.029798 0.029709 0.025479 0.140175 0.088489 0.174737 -0.666628 0.174737 0.088489 0.000000 
5.000000e-01 5.000000e-01 4.999883e-03 5.000000e-01 5.000000e-01 2.259812e-01 -0.146121 0.026558 0.030970 0.031065 0.030970 0.026558 0.146121 0.090616 0.174355 -0.676064 0.174355 0.090616 0.000000 
5.000000e-01 5.000000e-01 4.999883e-03 5.000000e-01 5.000000e-01 2.350342e-01 -0.152062 0.027636 0.032229 0.032330 0.032229 0.027636 0.152062 0.092607 0.173799 -0.684874 0.173799 0.092607 0.000000 
5.000000e-01 5.000000e-01 4.999883e-03 5.000000e-01 5.000000e-01 2.440788e-01 -0.157997 0.028713 0.033488 0.033595 0.033488 0.028713 0.157997 0.094465 0.173093 -0.693113 0.173093 0.094465 0.000000 
5.000000e-01 5.000000e-01 4.999883e-03 5.000000e-01 5.000000e-01 2.531149e-01 -0.163926 0.029788 0.034745 0.034859 0.034745 0.029788 0.163926 0.096194 0.172259 -0.700832 0.172259 0.096194 0.000000 
5.000000e-01 5.000000e-01 4.999883e-03 5.000000e-01 5.000000e-01 2.621426e-01 -0.169850 0.030862 0.036002 0.036122 0.036002 0.030862 0.169850 0.097798 0.171315 -0.708076 0.171315 0.097798 0.000000 
5.000000e-01 5.000000e-01 4.999883e-03 5.000000e-01 5.000000e-01 2.711617e-01 -0.175768 0.031935 0.037257 0.037384 0.037257 0.031935 0.175768 0.099280 0.170278 -0.714885 0.170278 0.099280 0.000000 
5.000000e-01 5.000000e-01 4.999883e-03 5.000000e-01 5.000000e-01 2.801722e-01 -0.181681 0.033006 0.038511 0.038646 0.038511 0.033006 0.181681 0.100645 0.169162 -0.721295 0.169162 0.100645 0.000000 
5.000000e-01 5.000000e-01 4.999883e-03 5.000000e-01 5.000000e-01 2.891740e-01 -0.187588 0.034076 0.039765 0.039907 0.039765 0.034076 0.187588 0.101886 0.167973 -0.727306 0.167973 0.101886 0.000000 
5.000000e-01 5.000000e-01 4.999883e-03 5.000000e-01 5.000000e-01 2.981671e-01 -0.193489 0.035144 0.041017 0.041167 0.041017 0.035144 0.193489 0.103016 0.166729 -0.732980 0.166729 0.103016 0.000000 
5.000000e-01 5.000000e-01 4.999883e-03 5.000000e-01 5.000000e-01 3.071513e-01 -0.199385 0.036212 0.042268 0.042426 0.042268 0.036212 0.199385 0.104042 0.165441 -0.738350 0.165441 0.104042 0.000000 
5.000000e-01 5.000000e-01 4.999883e-03 5.000000e-01 5.000000e-01 3.161267e-01 -0.205275 0.037277 0.043518 0.043685 0.043518 0.037277 0.205275 0.104967 0.164115 -0.743441 0.164115 0.104967 0.000000 
5.000000e-01 5.000000e-01 4.999883e-03 5.000000e-01 5.000000e-01 3.250931e-01 -0.211159 0.038341 0.044766 0.044943 0.044766 0.038341 0.211159 0.105797 0.162760 -0.748273 0.162760 0.105797 0.000000 
5.000000e-01 5.000000e-01 4.999883e-03 5.000000e-01 5.000000e-01 3.340506e-01 -0.217037 0.039404 0.046014 0.046201 0.046014 0.039404 0.217037 0.106535 0.161379 -0.752865 0.161379 0.106535 0.000000 
5.000000e-01 5.000000e-01 4.999883e-03 5.000000e-01 5.000000e-01 3.429989e-01 -0.222910 0.040465 0.047261 0.047458 0.047261 0.040465 0.222910 0.107185 0.159979 -0.757237 0.159979 0.107185 0.000000 
5.000000e-01 5.000000e-01 4.999883e-03 5.000000e-01 5.000000e-01 3.519381e-01 -0.228776 0.041525 0.048506 0.048714 0.048506 0.041525 0.228776 0.107750 0.158564 -0.761403 0.158564 0.107750 0.000000 
5.000000e-01 5.000000e-01 4.999883e-03 5.000000e-01 5.000000e-01 3.608680e-01 -0.234637 0.042582 0.049751 0.049970 0.049751 0.042582 0.234637 0.108235 0.157137 -0.765380 0.157137 0.108235 0.000000 
5.000000e-01 5.000000e-01 4.999883e-03 5.000000e-01 5.000000e-01 3.697887e-01 -0.240491 0.043639 0.050994 0.051225 0.050994 0.043639 0.240491 0.108640 0.155701 -0.769175 0.155701 0.108640 0.000000 
5.000000e-01 5.000000e-01 4.999883e-03 5.000000e-01 5.000000e-01 3.786999e-01 -0.246340 0.044693 0.052236 0.052480 0.052236 0.044693 0.246340 0.108965 0.154260 -0.772790 0.154260 0.108965 0.000000 
5.000000e-01 5.000000e-01 4.999883e-03 5.000000e-01 5.000000e-01 3.876017e-01 -0.252182 0.045746 0.053478 0.053735 0.053478 0.045746 0.252182 0.109221 0.152816 -0.776256 0.152816 0.109221 0.000000 
5.000000e-01 5.000000e-01 4.999883e-03 5.000000e-01 5.000000e-01 3.964940e-01 -0.258018 0.046797 0.054718 0.054989 0.054718 0.046797 0.258018 0.109410 0.151371 -0.779582 0.151371 0.109410 0.000000 
5.000000e-01 5.000000e-01 4.999883e-03 5.000000e-01 5.000000e-01 4.053766e-01 -0.263848 0.047846 0.055957 0.056243 0.055957 0.047846 0.263848 0.109537 0.149927 -0.782777 0.149927 0.109537 0.000000 
5.000000e-01 5.000000e-01 4.999883e-03 5.000000e-01 5.000000e-01 4.142496e-01 -0.269671 0.048893 0.057195 0.057496 0.057195 0.048893 0.269671 0.109604 0.148486 -0.785851 0.148486 0.109604 0.000000 
5.000000e-01 5.000000e-01 4.999883e-03 5.000000e-01 5.000000e-01 4.231128e-01 -0.275489 0.049938 0.058431 0.058750 0.058431 0.049938 0.275488 0.109615 0.147047 -0.788812 0.147047 0.109615 0.000000 
5.000000e-01 5.000000e-01 4.999883e-03 5.000000e-01 5.000000e-01 4.319661e-01 -0.281299 0.050981 0.059667 0.060003 0.059667 0.050981 0.281299 0.109571 0.145613 -0.791666 0.145613 0.109571 0.000000 
5.000000e-01 5.000000e-01 4.999883e-03 5.000000e-01 5.000000e-01 4.408095e-01 -0.287104 0.052022 0.060902 0.061255 0.060902 0.052022 0.287104 0.109475 0.144183 -0.794421 0.144183 0.109475 0.000000 
5.000000e-01 5.000000e-01 4.999883e-03 5.000000e-01 5.000000e-01 4.496429e-01 -0.292902 0.053061 0.062135 0.062508 0.062135 0.053061 0.292901 0.109329 0.142760 -0.797080 0.142760 0.109329 0.000000 
5.000000e-01 5.000000e-01 4.999883e-03 5.000000e-01 5.000000e-01 4.584662e-01 -0.298693 0.054098 0.063368 0.063761 0.063368 0.054098 0.298693 0.109132 0.141343 -0.799643 0.141343 0.109132 0.000000 
5.000000e-01 5.000000e-01 4.999883e-03 5.000000e-01 5.000000e-01 4.672792e-01 -0.304477 0.055133 0.064599 0.065014 0.064599 0.055133 0.304477 0.108892 0.139933 -0.802127 0.139933 0.108892 0.000000 
5.000000e-01 5.000000e-01 4.999883e-03 5.000000e-01 5.000000e-01 4.760821e-01 -0.310255 0.056165 0.065830 0.066266 0.065830 0.056165 0.310255 0.108610 0.138529 -0.804535 0.138529 0.108610 0.000000 
5.000000e-01 5.000000e-01 4.999883e-03 5.000000e-01 5.000000e-01 4.848745e-01 -0.316027 0.057195 0.067059 0.067519 0.067059 0.057195 0.316026 0.108290 0.137133 -0.806873 0.137133 0.108290 0.000000 
5.000000e-01 5.000000e-01 4.999883e-03 5.000000e-01 5.000000e-01 4.936565e-01 -0.321791 0.058222 0.068287 0.068772 0.068287 0.058222 0.321791 0.107933 0.135744 -0.809145 0.135744 0.107933 0.000000 
5.000000e-01 5.000000e-01 4.999883e-03 5.000000e-01 5.000000e-01 5.024280e-01 -0.327548 0.059247 0.069514 0.070026 0.069514 0.059247 0.327548 0.107540 0.134362 -0.811354 0.134362 0.107540 0.000000 
5.000000e-01 5.000000e-01 4.999883e-03 5.000000e-01 5.000000e-01 5.111888e-01 -0.333299 0.060269 0.070740 0.071280 0.070740 0.060269 0.333299 0.107115 0.132988 -0.813504 0.132988 0.107115 0.000000 
5.000000e-01 5.000000e-01 4.999883e-03 5.000000e-01 5.000000e-01 5.199390e-01 -0.339042 0.061289 0.071965 0.072534 0.071965 0.061289 0.339042 0.106657 0.131621 -0.815599 0.131621 0.106657 0.000000 
5.000000e-01 5.000000e-01 4.999883e-03 5.000000e-01 5.000000e-01 5.286783e-01 -0.344779 0.062305 0.073189 0.073789 0.073189 0.062305 0.344779 0.106166 0.130262 -0.817635 0.130262 0.106166 0.000000 
5.000000e-01 5.000000e-01 4.999883e-03 5.000000e-01 5.000000e-01 5.374067e-01 -0.350508 0.063319 0.074413 0.075045 0.074413 0.063319 0.350508 0.105647 0.128911 -0.819623 0.128911 0.105647 0.000000 
5.000000e-01 5.000000e-01 4.999883e-03 5.000000e-01 5.000000e-01 5.461241e-01 -0.356230 0.064330 0.075635 0.076301 0.075635 0.064330 0.356230 0.105102 0.127566 -0.821566 0.127566 0.105102 0.000000 
5.000000e-01 5.000000e-01 4.999883e-03 5.000000e-01 5.000000e-01 5.548304e-01 -0.361945 0.065337 0.076856 0.077559 0.076856 0.065337 0.361945 0.104532 0.126229 -0.823466 0.126229 0.104532 0.000000 
5.000000e-01 5.000000e-01 4.999883e-03 5.000000e-01 5.000000e-01 5.635255e-01 -0.367653 0.066342 0.078076 0.078817 0.078076 0.066342 0.367653 0.103938 0.124898 -0.825326 0.124898 0.103938 0.000000 
5.000000e-01 5.000000e-01 4.999883e-03 5.000000e-01 5.000000e-01 5.722093e-01 -0.373353 0.067343 0.079295 0.080076 0.079295 0.067343 0.373353 0.103323 0.123575 -0.827148 0.123575 0.103323 0.000000 
5.000000e-01 5.000000e-01 4.999883e-03 5.000000e-01 5.000000e-01 5.808817e-01 -0.379046 0.068341 0.080513 0.081337 0.080513 0.068341 0.379046 0.102686 0.122258 -0.828934 0.122258 0.102686 0.000000 
5.000000e-01 5.000000e-01 4.999883e-03 5.000000e-01 5.000000e-01 5.895426e-01 -0.384731 0.069335 0.081731 0.082599 0.081731 0.069335 0.384731 0.102029 0.120947 -0.830684 0.120947 0.102029 0.000000 
5.000000e-01 5.000000e-01 4.999883e-03 5.000000e-01 5.000000e-01 5.981920e-01 -0.390409 0.070326 0.082947 0.083863 0.082947 0.070326 0.390409 0.101351 0.119644 -0.832399 0.119644 0.101351 0.000000 
5.000000e-01 5.000000e-01 4.999883e-03 5.000000e-01 5.000000e-01 6.068296e-01 -0.396079 0.071312 0.084163 0.085128 0.084163 0.071312 0.396079 0.100656 0.118347 -0.834085 0.118347 0.100656 0.000000 
5.000000e-01 5.000000e-01 4.999883e-03 5.000000e-01 5.000000e-01 6.154554e-01 -0.401741 0.072295 0.085378 0.086396 0.085378 0.072295 0.401741 0.099944 0.117056 -0.835742 0.117056 0.099944 0.000000 
5.000000e-01 5.000000e-01 4.999883e-03 5.000000e-01 5.000000e-01 6.240693e-01 -0.407395 0.073273 0.086592 0.087665 0.086592 0.073273 0.407395 0.099217 0.115771 -0.837372 0.115771 0.099217 0.000000 
5.000000e-01 5.000000e-01 4.999883e-03 5.000000e-01 5.000000e-01 6.326712e-01 -0.413042 0.074248 0.087805 0.088936 0.087805 0.074248 0.413042 0.098476 0.114491 -0.838977 0.114491 0.098476 0.000000 
5.000000e-01 5.000000e-01 4.999883e-03 5.000000e-01 5.000000e-01 6.412610e-01 -0.418681 0.075218 0.089017 0.090210 0.089017 0.075218 0.418681 0.097721 0.113218 -0.840558 0.113218 0.097721 0.000000 
5.000000e-01 5.000000e-01 4.999883e-03 5.000000e-01 5.000000e-01 6.498385e-01 -0.424311 0.076183 0.090229 0.091486 0.090229 0.076183 0.424311 0.096953 0.111949 -0.842116 0.111949 0.096953 0.000000 
5.000000e-01 5.000000e-01 4.999883e-03 5.000000e-01 5.000000e-01 6.584037e-01 -0.429934 0.077144 0.091440 0.092766 0.091440 0.077144 0.429934 0.096171 0.110687 -0.843649 0.110687 0.096171 0.000000 
5.000000e-01 5.000000e-01 4.999883e-03 5.000000e-01 5.000000e-01 6.669564e-01 -0.435548 0.078099 0.092650 0.094049 0.092650 0.078099 0.435548 0.095377 0.109430 -0.845162 0.109430 0.095377 0.000000 
5.000000e-01 5.000000e-01 4.999883e-03 5.000000e-01 5.000000e-01 6.754965e-01 -0.441154 0.079049 0.093860 0.095335 0.093860 0.079049 0.441154 0.094573 0.108177 -0.846656 0.108177 0.094573 0.000000 
5.000000e-01 5.000000e-01 4.999883e-03 5.000000e-01 5.000000e-01 6.840239e-01 -0.446752 0.079994 0.095069 0.096624 0.095069 0.079994 0.446752 0.093760 0.106930 -0.848132 0.106930 0.093760 0.000000 
5.000000e-01 5.000000e-01 4.999883e-03 5.000000e-01 5.000000e-01 6.925385e-01 -0.452341 0.080934 0.096278 0.097917 0.096278 0.080934 0.452341 0.092937 0.105688 -0.849590 0.105688 0.092937 0.000000 
5.000000e-01 5.000000e-01 4.999883e-03 5.000000e-01 5.000000e-01 7.010402e-01 -0.457922 0.081868 0.097486 0.099214 0.097486 0.081868 0.457922 0.092105 0.104450 -0.851032 0.104450 0.092105 0.000000 
5.000000e-01 5.000000e-01 4.999883e-03 5.000000e-01 5.000000e-01 7.095288e-01 -0.463494 0.082796 0.098693 0.100516 0.098693 0.082796 0.463494 0.091265 0.103216 -0.852458 0.103216 0.091265 0.000000 
5.000000e-01 5.000000e-01 4.999883e-03 5.000000e-01 5.000000e-01 7.180042e-01 -0.469058 0.083717 0.099900 0.101823 0.099900 0.083717 0.469058 0.090416 0.101988 -0.853866 0.101988 0.090416 0.000000 
5.000000e-01 5.000000e-01 4.999883e-03 5.000000e-01 5.000000e-01 7.264663e-01 -0.474613 0.084632 0.101107 0.103135 0.101107 0.084632 0.474613 0.089560 0.100764 -0.855261 0.100764 0.089560 0.000000 
5.000000e-01 5.000000e-01 4.999883e-03 5.000000e-01 5.000000e-01 7.349150e-01 -0.480159 0.085540 0.102314 0.104452 0.102314 0.085540 0.480159 0.088698 0.099544 -0.856643 0.099544 0.088698 0.000000 
5.000000e-01 5.000000e-01 4.999883e-03 5.000000e-01 5.000000e-01 7.433501e-01 -0.485696 0.086441 0.103520 0.105774 0.103520 0.086441 0.485696 0.087829 0.098328 -0.858012 0.098328 0.087829 0.000000 
5.000000e-01 5.000000e-01 4.999883e-03 5.000000e-01 5.000000e-01 7.517716e-01 -0.491225 0.087335 0.104726 0.107103 0.104726 0.087335 0.491225 0.086955 0.097116 -0.859368 0.097116 0.086955 0.000000 
5.000000e-01 5.000000e-01 4.999883e-03 5.000000e-01 5.000000e-01 7.601792e-01 -0.496744 0.088222 0.105932 0.108437 0.105932 0.088222 0.496744 0.086076 0.095908 -0.860713 0.095908 0.086076 0.000000 
5.000000e-01 5.000000e-01 4.999883e-03 5.000000e-01 5.000000e-01 7.685728e-01 -0.502254 0.089099 0.107138 0.109780 0.107138 0.089099 0.502254 0.085191 0.094705 -0.862045 0.094705 0.085191 0.000000 
5.000000e-01 5.000000e-01 4.999883e-03 5.000000e-01 5.000000e-01 7.769524e-01 -0.507755 0.089969 0.108343 0.111130 0.108343 0.089969 0.507754 0.084301 0.093505 -0.863366 0.093505 0.084301 0.000000 
5.000000e-01 5.000000e-01 4.999883e-03 5.000000e-01 5.000000e-01 7.853177e-01 -0.513246 0.090829 0.109549 0.112488 0.109549 0.090829 0.513246 0.083407 0.092309 -0.864678 0.092309 0.083407 0.000000 
5.000000e-01 5.000000e-01 4.999883e-03 5.000000e-01 5.000000e-01 7.936687e-01 -0.518728 0.091682 0.110755 0.113854 0.110755 0.091682 0.518728 0.082509 0.091116 -0.865979 0.091116 0.082509 0.000000 
5.000000e-01 5.000000e-01 4.999883e-03 5.000000e-01 5.000000e-01 8.020051e-01 -0.524200 0.092525 0.111961 0.115228 0.111961 0.092525 0.524200 0.081608 0.089927 -0.867272 0.089927 0.081608 0.000000 
5.000000e-01 5.000000e-01 4.999883e-03 5.000000e-01 5.000000e-01 8.103270e-01 -0.529663 0.093359 0.113167 0.116611 0.113167 0.093359 0.529663 0.080704 0.088742 -0.868555 0.088742 0.080704 0.000000 
5.000000e-01 5.000000e-01 4.999883e-03 5.000000e-01 5.000000e-01 8.186340e-01 -0.535116 0.094181 0.114374 0.118006 0.114374 0.094181 0.535116 0.079796 0.087560 -0.869829 0.087560 0.079796 0.000000 
5.000000e-01 5.000000e-01 4.999883e-03 5.000000e-01 5.000000e-01 8.269260e-01 -0.540560 0.094992 0.115581 0.119412 0.115581 0.094992 0.540559 0.078885 0.086382 -0.871094 0.086382 0.078885 0.000000 
5.000000e-01 5.000000e-01 4.999883e-03 5.000000e-01 5.000000e-01 8.352030e-01 -0.545993 0.095793 0.116789 0.120828 0.116789 0.095793 0.545993 0.077972 0.085207 -0.872351 0.085207 0.077972 0.000000 
5.000000e-01 5.000000e-01 4.999883e-03 5.000000e-01 5.000000e-01 8.434647e-01 -0.551416 0.096583 0.117997 0.122256 0.117997 0.096583 0.551416 0.077057 0.084035 -0.873601 0.084035 0.077057 0.000000 
5.000000e-01 5.000000e-01 4.999883e-03 5.000000e-01 5.000000e-01 8.517110e-01 -0.556830 0.097361 0.119206 0.123696 0.119206 0.097361 0.556829 0.076140 0.082867 -0.874844 0.082867 0.076140 0.000000 
5.000000e-01 5.000000e-01 4.999883e-03 5.000000e-01 5.000000e-01 8.599418e-01 -0.562233 0.098127 0.120415 0.125148 0.120415 0.098127 0.562232 0.075221 0.081702 -0.876079 0.081702 0.075221 0.000000 
5.000000e-01 5.000000e-01 4.999883e-03 5.000000e-01 5.000000e-01 8.681568e-01 -0.567625 0.098878 0.121626 0.126618 0.121626 0.098878 0.567625 0.074300 0.080540 -0.877307 0.080540 0.074300 0.000000 
5.000000e-01 5.000000e-01 4.999883e-03 5.000000e-01 5.000000e-01 8.763560e-01 -0.573007 0.099615 0.122837 0.128102 0.122837 0.099615 0.573007 0.073378 0.079382 -0.878528 0.079382 0.073378 0.000000 
5.000000e-01 5.000000e-01 4.999883e-03 5.000000e-01 5.000000e-01 8.845392e-01 -0.578379 0.100339 0.124049 0.129601 0.124049 0.100339 0.578379 0.072455 0.078227 -0.879743 0.078227 0.072455 0.000000 
5.000000e-01 5.000000e-01 4.999883e-03 5.000000e-01 5.000000e-01 8.927061e-01 -0.583740 0.101049 0.125263 0.131116 0.125263 0.101049 0.583740 0.071531 0.077074 -0.880952 0.077074 0.071531 0.000000 
5.000000e-01 5.000000e-01 4.999883e-03 5.000000e-01 5.000000e-01 9.008566e-01 -0.589091 0.101745 0.126477 0.132648 0.126477 0.101745 0.589090 0.070607 0.075925 -0.882155 0.075925 0.070607 0.000000 
5.000000e-01 5.000000e-01 4.999883e-03 5.000000e-01 5.000000e-01 9.089907e-01 -0.594430 0.102423 0.127692 0.134200 0.127692 0.102423 0.594430 0.069681 0.074780 -0.883351 0.074780 0.069681 0.000000 
5.000000e-01 5.000000e-01 4.999883e-03 5.000000e-01 5.000000e-01 9.171080e-01 -0.599758 0.103082 0.128910 0.135774 0.128910 0.103082 0.599758 0.068755 0.073637 -0.884542 0.073637 0.068755 0.000000 
5.000000e-01 5.000000e-01 4.999883e-03 5.000000e-01 5.000000e-01 9.252084e-01 -0.605076 0.103726 0.130128 0.137367 0.130128 0.103726 0.605076 0.067829 0.072497 -0.885727 0.072497 0.067829 0.000000 
5.000000e-01 5.000000e-01 4.999883e-03 5.000000e-01 5.000000e-01 9.332917e-01 -0.610382 0.104352 0.131348 0.138981 0.131348 0.104352 0.610382 0.066902 0.071360 -0.886907 0.071360 0.066902 0.000000 
5.000000e-01 5.000000e-01 4.999883e-03 5.000000e-01 5.000000e-01 9.413578e-01 -0.615677 0.104960 0.132569 0.140617 0.132569 0.104960 0.615677 0.065976 0.070227 -0.888082 0.070227 0.065976 0.000000 
5.000000e-01 5.000000e-01 4.999883e-03 5.000000e-01 5.000000e-01 9.494065e-01 -0.620960 0.105549 0.133792 0.142278 0.133792 0.105549 0.620960 0.065049 0.069096 -0.889252 0.069096 0.065049 0.000000 
5.000000e-01 5.000000e-01 4.999883e-03 5.000000e-01 5.000000e-01 9.574376e-01 -0.626232 0.106114 0.135017 0.143970 0.135017 0.106114 0.626232 0.064123 0.067969 -0.890416 0.067969 0.064123 0.000000 
5.000000e-01 5.000000e-01 4.999883e-03 5.000000e-01 5.000000e-01 9.654508e-01 -0.631492 0.106658 0.136244 0.145687 0.136244 0.106658 0.631492 0.063197 0.066844 -0.891575 0.066844 0.063197 0.000000 
5.000000e-01 5.000000e-01 4.999883e-03 5.000000e-01 5.000000e-01 9.734461e-01 -0.636740 0.107182 0.137472 0.147432 0.137472 0.107182 0.636740 0.062272 0.065723 -0.892730 0.065723 0.062272 0.000000 
5.000000e-01 5.000000e-01 4.999883e-03 5.000000e-01 5.000000e-01 9.814231e-01 -0.641976 0.107684 0.138701 0.149204 0.138701 0.107684 0.641976 0.061347 0.064605 -0.893880 0.064605 0.061347 0.000000 
5.000000e-01 5.000000e-01 4.999883e-03 5.000000e-01 5.000000e-01 9.893818e-01 -0.647200 0.108162 0.139933 0.151009 0.139933 0.108162 0.647200 0.060423 0.063489 -0.895025 0.063489 0.060423 0.000000 
5.000000e-01 5.000000e-01 4.999883e-03 5.000000e-01 5.000000e-01 9.973219e-01 -0.652412 0.108611 0.141167 0.152855 0.141167 0.108611 0.652412 0.059500 0.062377 -0.896166 0.062377 0.059500 0.000000 
5.000000e-01 5.000000e-01 4.999883e-03 5.000000e-01 5.000000e-01 1.005243e+00 -0.657612 0.109036 0.142402 0.154734 0.142402 0.109036 0.657611 0.058577 0.061268 -0.897302 0.061268 0.058577 0.000000 
5.000000e-01 5.000000e-01 4.999883e-03 5.000000e-01 5.000000e-01 1.013145e+00 -0.662799 0.109436 0.143639 0.156648 0.143639 0.109436 0.662798 0.057656 0.060162 -0.898434 0.060162 0.057656 0.000000 
5.000000e-01 5.000000e-01 4.999883e-03 5.000000e-01 5.000000e-01 1.021029e+00 -0.667973 0.109809 0.144878 0.158599 0.144878 0.109809 0.667973 0.056736 0.059059 -0.899561 0.059059 0.056736 0.000000 
5.000000e-01 5.000000e-01 4.999883e-03 5.000000e-01 5.000000e-01 1.028892e+00 -0.673135 0.110151 0.146118 0.160596 0.146118 0.110151 0.673134 0.055816 0.057959 -0.900685 0.057959 0.055816 0.000000 
5.000000e-01 5.000000e-01 4.999883e-03 5.000000e-01 5.000000e-01 1.036736e+00 -0.678283 0.110460 0.147360 0.162642 0.147360 0.110460 0.678283 0.054898 0.056862 -0.901803 0.056862 0.054898 0.000000 
5.000000e-01 5.000000e-01 4.999883e-03 5.000000e-01 5.000000e-01 1.044560e+00 -0.683419 0.110740 0.148604 0.164732 0.148604 0.110740 0.683419 0.053982 0.055768 -0.902918 0.055768 0.053982 0.000000 
5.000000e-01 5.000000e-01 4.999883e-03 5.000000e-01 5.000000e-01 1.052364e+00 -0.688541 0.110989 0.149848 0.166866 0.149848 0.110989 0.688541 0.053067 0.054677 -0.904029 0.054677 0.053067 0.000000 
5.000000e-01 5.000000e-01 4.999883e-03 5.000000e-01 5.000000e-01 1.060148e+00 -0.693650 0.111209 0.151092 0.169048 0.151092 0.111209 0.693650 0.052153 0.053589 -0.905135 0.053589 0.052153 0.000000 
5.000000e-01 5.000000e-01 4.999883e-03 5.000000e-01 5.000000e-01 1.067911e+00 -0.698746 0.111384 0.152339 0.171300 0.152339 0.111384 0.698745 0.051241 0.052505 -0.906238 0.052505 0.051241 0.000000 
5.000000e-01 5.000000e-01 4.999883e-03 5.000000e-01 5.000000e-01 1.075654e+00 -0.703827 0.111525 0.153585 0.173607 0.153585 0.111525 0.703827 0.050331 0.051424 -0.907336 0.051424 0.050331 0.000000 
5.000000e-01 5.000000e-01 4.999883e-03 5.000000e-01 5.000000e-01 1.083375e+00 -0.708895 0.111631 0.154832 0.175970 0.154832 0.111631 0.708895 0.049422 0.050346 -0.908431 0.050346 0.049422 0.000000 
5.000000e-01 5.000000e-01 4.999883e-03 5.000000e-01 5.000000e-01 1.091075e+00 -0.713949 0.111702 0.156077 0.178391 0.156077 0.111702 0.713949 0.048515 0.049271 -0.909521 0.049271 0.048515 0.000000 
5.000000e-01 5.000000e-01 4.999883e-03 5.000000e-01 5.000000e-01 1.098754e+00 -0.718989 0.111729 0.157322 0.180888 0.157322 0.111729 0.718989 0.047610 0.048199 -0.910608 0.048199 0.047610 0.000000 
5.000000e-01 5.000000e-01 4.999883e-03 5.000000e-01 5.000000e-01 1.106411e+00 -0.724015 0.111710 0.158565 0.183465 0.158565 0.111710 0.724015 0.046707 0.047130 -0.911690 0.047130 0.046707 0.000000 
5.000000e-01 5.000000e-01 4.999883e-03 5.000000e-01 5.000000e-01 1.114046e+00 -0.729026 0.111651 0.159805 0.186112 0.159805 0.111651 0.729026 0.045806 0.046065 -0.912769 0.046065 0.045806 0.000000 
5.000000e-01 5.000000e-01 4.999883e-03 5.000000e-01 5.000000e-01 1.121659e+00 -0.734022 0.111553 0.161043 0.188829 0.161043 0.111553 0.734022 0.044907 0.045003 -0.913843 0.045003 0.044907 0.000000 
5.000000e-01 5.000000e-01 4.999883e-03 5.000000e-01 5.000000e-01 1.129249e+00 -0.739004 0.111409 0.162277 0.191633 0.162277 0.111409 0.739003 0.044010 0.043945 -0.914914 0.043945 0.044010 0.000000 
5.000000e-01 5.000000e-01 4.999883e-03 5.000000e-01 5.000000e-01 1.136816e+00 -0.743970 0.111207 0.163505 0.194545 0.163505 0.111207 0.743970 0.043116 0.042890 -0.915981 0.042890 0.043116 0.000000 
5.000000e-01 5.000000e-01 4.999883e-03 5.000000e-01 5.000000e-01 1.144361e+00 -0.748921 0.110962 0.164727 0.197543 0.164727 0.110962 0.748921 0.042223 0.041838 -0.917044 0.041838 0.042223 0.000000 
5.000000e-01 5.000000e-01 4.999883e-03 5.000000e-01 5.000000e-01 1.151882e+00 -0.753857 0.110672 0.165942 0.200629 0.165942 0.110672 0.753857 0.041333 0.040789 -0.918103 0.040789 0.041333 0.000000 
5.000000e-01 5.000000e-01 4.999883e-03 5.000000e-01 5.000000e-01 1.159379e+00 -0.758778 0.110331 0.167148 0.203819 0.167148 0.110331 0.758778 0.040445 0.039744 -0.919158 0.039744 0.040445 0.000000 
5.000000e-01 5.000000e-01 4.999883e-03 5.000000e-01 5.000000e-01 1.166853e+00 -0.763683 0.109925 0.168342 0.207148 0.168342 0.109925 0.763682 0.039560 0.038703 -0.920209 0.038703 0.039560 0.000000 
5.000000e-01 5.000000e-01 4.999883e-03 5.000000e-01 5.000000e-01 1.174302e+00 -0.768571 0.109469 0.169524 0.210584 0.169524 0.109469 0.768571 0.038677 0.037665 -0.921256 0.037665 0.038677 0.000000 
5.000000e-01 5.000000e-01 4.999883e-03 5.000000e-01 5.000000e-01 1.181727e+00 -0.773444 0.108965 0.170693 0.214128 0.170693 0.108965 0.773444 0.037797 0.036630 -0.922299 0.036630 0.037797 0.000000 
5.000000e-01 5.000000e-01 4.999883e-03 5.000000e-01 5.000000e-01 1.189127e+00 -0.778300 0.108401 0.171846 0.217807 0.171846 0.108401 0.778300 0.036919 0.035600 -0.923338 0.035600 0.036919 0.000000 
5.000000e-01 5.000000e-01 4.999883e-03 5.000000e-01 5.000000e-01 1.196502e+00 -0.783140 0.107765 0.172975 0.221659 0.172975 0.107765 0.783140 0.036044 0.034572 -0.924374 0.034572 0.036044 0.000000 
5.000000e-01 5.000000e-01 4.999883e-03 5.000000e-01 5.000000e-01 1.203852e+00 -0.787963 0.107077 0.174084 0.225640 0.174084 0.107077 0.787963 0.035172 0.033549 -0.925405 0.033549 0.035172 0.000000 
5.000000e-01 5.000000e-01 4.999883e-03 5.000000e-01 5.000000e-01 1.211176e+00 -0.792770 0.106336 0.175171 0.229755 0.175171 0.106336 0.792770 0.034302 0.032529 -0.926432 0.032529 0.034302 0.000000 
5.000000e-01 5.000000e-01 4.999883e-03 5.000000e-01 5.000000e-01 1.218474e+00 -0.797559 0.105522 0.176226 0.234063 0.176226 0.105522 0.797559 0.033436 0.031512 -0.927455 0.031512 0.033436 0.000000 
5.000000e-01 5.000000e-01 4.999883e-03 5.000000e-01 5.000000e-01 1.225745e+00 -0.802331 0.104637 0.177245 0.238567 0.177245 0.104637 0.802331 0.032572 0.030500 -0.928474 0.030500 0.032572 0.000000 
5.000000e-01 5.000000e-01 4.999883e-03 5.000000e-01 5.000000e-01 1.232990e+00 -0.807085 0.103695 0.178231 0.243233 0.178231 0.103695 0.807085 0.031711 0.029491 -0.929489 0.029491 0.031711 0.000000 
5.000000e-01 5.000000e-01 4.999883e-03 5.000000e-01 5.000000e-01 1.240209e+00 -0.811821 0.102697 0.179182 0.248062 0.179182 0.102697 0.811821 0.030853 0.028486 -0.930501 0.028486 0.030853 0.000000 
5.000000e-01 5.000000e-01 4.999883e-03 5.000000e-01 5.000000e-01 1.247399e+00 -0.816540 0.101606 0.180072 0.253183 0.180072 0.101606 0.816540 0.029998 0.027486 -0.931507 0.027486 0.029998 0.000000 
5.000000e-01 5.000000e-01 4.999883e-03 5.000000e-01 5.000000e-01 1.254563e+00 -0.821240 0.100453 0.180912 0.258509 0.180912 0.100453 0.821240 0.029146 0.026489 -0.932510 0.026489 0.029146 0.000000 
5.000000e-01 5.000000e-01 4.999883e-03 5.000000e-01 5.000000e-01 1.261698e+00 -0.825922 0.099242 0.181703 0.264032 0.181703 0.099242 0.825922 0.028297 0.025495 -0.933508 0.025495 0.028297 0.000000 
5.000000e-01 5.000000e-01 4.999883e-03 5.000000e-01 5.000000e-01 1.268804e+00 -0.830586 0.097954 0.182426 0.269826 0.182426 0.097954 0.830586 0.027452 0.024506 -0.934503 0.024506 0.027452 0.000000 
5.000000e-01 5.000000e-01 4.999883e-03 5.000000e-01 5.000000e-01 1.275883e+00 -0.835230 0.096581 0.183061 0.275946 0.183061 0.096581 0.835230 0.026610 0.023521 -0.935493 0.023521 0.026610 0.000000 
5.000000e-01 5.000000e-01 4.999883e-03 5.000000e-01 5.000000e-01 1.282932e+00 -0.839856 0.095147 0.183627 0.282306 0.183627 0.095147 0.839856 0.025771 0.022540 -0.936478 0.022540 0.025771 0.000000 
5.000000e-01 5.000000e-01 4.999883e-03 5.000000e-01 5.000000e-01 1.289951e+00 -0.844462 0.093655 0.184121 0.288909 0.184121 0.093655 0.844462 0.024935 0.021564 -0.937460 0.021564 0.024935 0.000000 
5.000000e-01 5.000000e-01 4.999883e-03 5.000000e-01 5.000000e-01 1.296941e+00 -0.849049 0.092055 0.184474 0.295992 0.184474 0.092055 0.849049 0.024103 0.020591 -0.938437 0.020591 0.024103 0.000000 
5.000000e-01 5.000000e-01 4.999883e-03 5.000000e-01 5.000000e-01 1.303901e+00 -0.853616 0.090395 0.184731 0.303363 0.184731 0.090395 0.853616 0.023274 0.019623 -0.939409 0.019623 0.023274 0.000000 
5.000000e-01 5.000000e-01 4.999883e-03 5.000000e-01 5.000000e-01 1.310830e+00 -0.858163 0.088678 0.184891 0.311025 0.184891 0.088678 0.858163 0.022449 0.018659 -0.940378 0.018659 0.022449 0.000000 
5.000000e-01 5.000000e-01 4.999883e-03 5.000000e-01 5.000000e-01 1.317728e+00 -0.862690 0.086863 0.184882 0.319200 0.184882 0.086863 0.862690 0.021627 0.017699 -0.941341 0.017699 0.021627 0.000000 
5.000000e-01 5.000000e-01 4.999883e-03 5.000000e-01 5.000000e-01 1.324595e+00 -0.867196 0.084977 0.184721 0.327799 0.184721 0.084977 0.867196 0.020809 0.016744 -0.942300 0.016744 0.020809 0.000000 
5.000000e-01 5.000000e-01 4.999883e-03 5.000000e-01 5.000000e-01 1.331430e+00 -0.871682 0.083035 0.184433 0.336748 0.184433 0.083035 0.871682 0.019994 0.015793 -0.943255 0.015793 0.019994 0.000000 
5.000000e-01 5.000000e-01 4.999883e-03 5.000000e-01 5.000000e-01 1.338233e+00 -0.876147 0.081006 0.183939 0.346258 0.183939 0.081006 0.876147 0.019183 0.014846 -0.944205 0.014846 0.019183 0.000000 
5.000000e-01 5.000000e-01 4.999883e-03 5.000000e-01 5.000000e-01 1.345004e+00 -0.880592 0.078898 0.183223 0.356350 0.183223 0.078898 0.880592 0.018376 0.013904 -0.945151 0.013904 0.018376 0.000000 
5.000000e-01 5.000000e-01 4.999883e-03 5.000000e-01 5.000000e-01 1.351741e+00 -0.885015 0.076737 0.182341 0.366859 0.182341 0.076737 0.885015 0.017572 0.012966 -0.946092 0.012966 0.017572 0.000000 
5.000000e-01 5.000000e-01 4.999883e-03 5.000000e-01 5.000000e-01 1.358446e+00 -0.889417 0.074497 0.181204 0.378014 0.181204 0.074497 0.889417 0.016772 0.012033 -0.947028 0.012033 0.016772 0.000000 
5.000000e-01 5.000000e-01 4.999883e-03 5.000000e-01 5.000000e-01 1.365116e+00 -0.893797 0.072177 0.179762 0.389919 0.179762 0.072177 0.893797 0.015977 0.011105 -0.947960 0.011105 0.015977 0.000000 
5.000000e-01 5.000000e-01 4.999883e-03 5.000000e-01 5.000000e-01 1.371753e+00 -0.898156 0.069809 0.178111 0.402316 0.178111 0.069809 0.898156 0.015184 0.010181 -0.948887 0.010181 0.015184 0.000000 
5.000000e-01 5.000000e-01 4.999883e-03 5.000000e-01 5.000000e-01 1.378355e+00 -0.902494 0.067367 0.176127 0.415506 0.176127 0.067367 0.902494 0.014396 0.009261 -0.949809 0.009261 0.014396 0.000000 
5.000000e-01 5.000000e-01 4.999883e-03 5.000000e-01 5.000000e-01 1.384923e+00 -0.906810 0.064851 0.173755 0.429599 0.173755 0.064851 0.906810 0.013612 0.008347 -0.950727 0.008347 0.013612 0.000000 
5.000000e-01 5.000000e-01 4.999883e-03 5.000000e-01 5.000000e-01 1.391455e+00 -0.911104 0.062294 0.171128 0.444261 0.171128 0.062294 0.911104 0.012831 0.007437 -0.951639 0.007437 0.012831 0.000000 
5.000000e-01 5.000000e-01 4.999883e-03 5.000000e-01 5.000000e-01 1.397951e+00 -0.915377 0.059663 0.168045 0.459961 0.168045 0.059663 0.915377 0.012055 0.006531 -0.952548 0.006531 0.012055 0.000000 
5.000000e-01 5.000000e-01 4.999883e-03 5.000000e-01 5.000000e-01 1.404412e+00 -0.919628 0.056971 0.164512 0.476662 0.164512 0.056971 0.919628 0.011282 0.005630 -0.953451 0.005630 0.011282 0.000000 
5.000000e-01 5.000000e-01 4.999883e-03 5.000000e-01 5.000000e-01 1.410837e+00 -0.923858 0.054247 0.160682 0.494001 0.160682 0.054247 0.923858 0.010513 0.004733 -0.954350 0.004733 0.010513 0.000000 
5.000000e-01 5.000000e-01 4.999883e-03 5.000000e-01 5.000000e-01 1.417225e+00 -0.928067 0.051446 0.156205 0.512764 0.156205 0.051446 0.928067 0.009747 0.003841 -0.955245 0.003841 0.009747 0.000000 
5.000000e-01 5.000000e-01 4.999883e-03 5.000000e-01 5.000000e-01 1.423577e+00 -0.932256 0.048605 0.151273 0.532500 0.151273 0.048605 0.932256 0.008986 0.002954 -0.956135 0.002954 0.008986 0.000000 
5.000000e-01 5.000000e-01 4.999883e-03 5.000000e-01 5.000000e-01 1.429891e+00 -0.936422 0.045737 0.145998 0.552953 0.145998 0.045737 0.936422 0.008228 0.002071 -0.957020 0.002071 0.008228 0.000000 
5.000000e-01 5.000000e-01 4.999883e-03 5.000000e-01 5.000000e-01 1.436168e+00 -0.940571 0.042792 0.139833 0.575321 0.139833 0.042792 0.940571 0.007474 0.001191 -0.957902 0.001191 0.007474 0.000000 
5.000000e-01 5.000000e-01 4.999883e-03 5.000000e-01 5.000000e-01 1.442408e+00 -0.944699 0.039829 0.133298 0.598444 0.133298 0.039829 0.944699 0.006723 0.000317 -0.958779 0.000317 0.006723 0.000000 
5.000000e-01 5.000000e-01 4.999883e-03 5.000000e-01 5.000000e-01 1.448610e+00 -0.948808 0.036830 0.126184 0.622780 0.126184 0.036830 0.948808 0.005976 -0.000554 -0.959652 -0.000554 0.005976 0.000000 
5.000000e-01 5.000000e-01 4.999883e-03 5.000000e-01 5.000000e-01 1.454775e+00 -0.952899 0.033785 0.118289 0.648751 0.118289 0.033785 0.952899 0.005232 -0.001421 -0.960521 -0.001421 0.005232 0.000000 
5.000000e-01 5.000000e-01 4.999883e-03 5.000000e-01 5.000000e-01 1.460901e+00 -0.956970 0.030730 0.110042 0.675425 0.110042 0.030730 0.956970 0.004492 -0.002283 -0.961386 -0.002283 0.004492 0.000000 
5.000000e-01 5.000000e-01 4.999883e-03 5.000000e-01 5.000000e-01 1.466989e+00 -0.961025 0.027631 0.100921 0.703919 0.100921 0.027631 0.961025 0.003754 -0.003143 -0.962247 -0.003143 0.003754 0.000000 
5.000000e-01 5.000000e-01 4.999883e-03 5.000000e-01 5.000000e-01 1.473039e+00 -0.965061 0.024519 0.091322 0.733379 0.091322 0.024519 0.965061 0.003020 -0.003998 -0.963105 -0.003998 0.003020 0.000000 
5.000000e-01 5.000000e-01 4.999883e-03 5.000000e-01 5.000000e-01 1.479050e+00 -0.969077 0.021394 0.081256 0.763775 0.081256 0.021394 0.969077 0.002290 -0.004849 -0.963958 -0.004849 0.002290 0.000000 
5.000000e-01 5.000000e-01 4.999883e-03 5.000000e-01 5.000000e-01 1.485022e+00 -0.973078 0.018244 0.070431 0.795730 0.070431 0.018244 0.973078 0.001562 -0.005697 -0.964808 -0.005697 0.001562 0.000000 
5.000000e-01 5.000000e-01 4.999883e-03 5.000000e-01 5.000000e-01 1.490954e+00 -0.977057 0.015098 0.059388 0.828084 0.059388 0.015098 0.977057 0.000838 -0.006540 -0.965653 -0.006540 0.000838 0.000000 
5.000000e-01 5.000000e-01 4.999883e-03 5.000000e-01 5.000000e-01 1.496846e+00 -0.981018 0.011938 0.047728 0.861687 0.047728 0.011938 0.981018 0.000118 -0.007379 -0.966494 -0.007379 0.000118 0.000000 
5.000000e-01 5.000000e-01 4.999883e-03 5.000000e-01 5.000000e-01 1.502695e+00 -0.984955 0.008786 0.035871 0.895642 0.035871 0.008786 0.984955 -0.000599 -0.008214 -0.967331 -0.008214 -0.000599 0.000000 
5.000000e-01 5.000000e-01 4.999883e-03 5.000000e-01 5.000000e-01 1.508502e+00 -0.988869 0.005641 0.023779 0.930030 0.023779 0.005641 0.988869 -0.001310 -0.009043 -0.968162 -0.009043 -0.001310 0.000000 
5.000000e-01 5.000000e-01 4.999883e-03 5.000000e-01 5.000000e-01 1.514286e+00 -0.992771 0.002496 0.011497 0.964783 0.011497 0.002496 0.992771 -0.002020 -0.009870 -0.968991 -0.009870 -0.002020 0.000000 
5.000000e-01 5.000000e-01 4.999883e-03 5.000000e-01 5.000000e-01 1.515104e+00 -0.993323 0.002051 0.009750 0.969721 0.009750 0.002051 0.993323 -0.002121 -0.009987 -0.969108 -0.009987 -0.002121 0.000000 
5.000000e-01 5.000000e-01 4.999883e-03 5.000000e-01 5.000000e-01 1.515104e+00 -0.993323 0.002051 0.009750 0.969721 0.009750 0.002051 0.993323 -0.002121 -0.009987 -0.969108 -0.009987 -0.002121 0.000000 
5.000000e-01 5.000000e-01 4.999883e-03 5.000000e-01 5.000000e-01 1.515104e+00 -0.993323 0.002051 0.009750 0.969721 0.009750 0.002051 0.993323 -0.002121 -0.009987 -0.969108 -0.009987 -0.002121 0.000000 
5.000000e-01 5.000000e-01 4.999883e-03 5.000000e-01 5.000000e-01 1.515104e+00 -0.993323 0.002051 0.009750 0.969721 0.009750 0.002051 0.993323 -0.002121 -0.009987 -0.969108 -0.009987 -0.002121 0.000000 
5.000000e-01 5.000000e-01 4.999883e-03 5.000000e-01 5.000000e-01 1.515104e+00 -0.993323 0.002051 0.009750 0.969721 0.009750 0.002051 0.993323 -0.002121 -0.009987 -0.969108 -0.009987 -0.002121 0.000000 
5.000000e-01 5.000000e-01 4.999883e-03 5.000000e-01 5.000000e-01 1.515104e+00 -0.993323 0.002051 0.009750 0.969721 0.009750 0.002051 0.993323 -0.002121 -0.009987 -0.969108 -0.009987 -0.002121 0.000000 
5.000000e-01 5.000000e-01 4.999883e-03 5.000000e-01 5.000000e-01 1.515104e+00 -0.993323 0.002051 0.009750 0.969721 0.009750 0.002051 0.993323 -0.002121 -0.009987 -0.969108 -0.009987 -0.002121 0.000000 
5.000000e-01 5.000000e-01 4.999883e-03 5.000000e-01 5.000000e-01 1.515104e+00 -0.993323 0.002051 0.009750 0.969721 0.009750 0.002051 0.993323 -0.002121 -0.009987 -0.969108 -0.009987 -0.002121 0.000000 
5.000000e-01 5.000000e-01 4.999883e-03 5.000000e-01 5.000000e-01 1.515104e+00 -0.993323 0.002051 0.009750 0.969721 0.009750 0.002051 0.993323 -0.002121 -0.009987 -0.969108 -0.009987 -0.002121 0.000000 
5.000000e-01 5.000000e-01 4.999883e-03 5.000000e-01 5.000000e-01 1.515104e+00 -0.993323 0.002051 0.009750 0.969721 0.009750 0.002051 0.993323 -0.002121 -0.009987 -0.969108 -0.009987 -0.002121 0.000000 
5.000000e-01 5.000000e-01 4.999883e-03 5.000000e-01 5.000000e-01 1.515104e+00 -0.993323 0.002051 0.009750 0.969721 0.009750 0.002051 0.993323 -0.002121 -0.009987 -0.969108 -0.009987 -0.002121 0.000000 
5.000000e-01 5.000000e-01 4.999883e-03 5.000000e-01 5.000000e-01 1.515104e+00 -0.993323 0.002051 0.009750 0.969721 0.009750 0.002051 0.993323 -0.002121 -0.009987 -0.969108 -0.009987 -0.002121 0.000000 
5.000000e-01 5.000000e-01 4.999883e-03 5.000000e-01 5.000000e-01 1.515104e+00 -0.993323 0.002051 0.009750 0.969721 0.009750 0.002051 0.993323 -0.002121 -0.009987 -0.969108 -0.009987 -0.002121 0.000000 
5.000000e-01 5.000000e-01 4.999883e-03 5.000000e-01 5.000000e-01 1.515104e+00 -0.993323 0.002051 0.009750 0.969721 0.009750 0.002051 0.993323 -0.002121 -0.009987 -0.969108 -0.009987 -0.002121 0.000000 
5.000000e-01 5.000000e-01 4.999883e-03 5.000000e-01 5.000000e-01 1.515104e+00 -0.993323 0.002051 0.009750 0.969721 0.009750 0.002051 0.993323 -0.002121 -0.009987 -0.969108 -0.009987 -0.002121 0.000000 
5.000000e-01 5.000000e-01 4.999883e-03 5.000000e-01 5.000000e-01 1.515104e+00 -0.993323 0.002051 0.009750 0.969721 0.009750 0.002051 0.993323 -0.002121 -0.009987 -0.969108 -0.009987 -0.002121 0.000000 
5.000000e-01 5.000000e-01 4.999883e-03 5.000000e-01 5.000000e-01 1.515104e+00 -0.993323 0.002051 0.009750 0.969721 0.009750 0.002051 0.993323 -0.002121 -0.009987 -0.969108 -0.009987 -0.002121 0.000000 
5.000000e-01 5.000000e-01 4.999883e-03 5.000000e-01 5.000000e-01 1.515104e+00 -0.993323 0.002051 0.009750 0.969721 0.009750 0.002051 0.993323 -0.002121 -0.009987 -0.969108 -0.009987 -0.002121 0.000000 
5.000000e-01 5.000000e-01 4.999883e-03 5.000000e-01 5.000000e-01 1.515104e+00 -0.993323 0.002051 0.009750 0.969721 0.009750 0.002051 0.993323 -0.002121 -0.009987 -0.969108 -0.009987 -0.002121 0.000000 
5.000000e-01 5.000000e-01 4.999883e-03 5.000000e-01 5.000000e-01 1.515104e+00 -0.993323 0.002051 0.009750 0.969721 0.009750 0.002051 0.993323 -0.002121 -0.009987 -0.969108 -0.009987 -0.002121 0.000000 
5.000000e-01 5.000000e-01 4.999883e-03 5.000000e-01 5.000000e-01 1.515104e+00 -0.993323 0.002051 0.009750 0.969721 0.009750 0.002051 0.993323 -0.002121 -0.009987 -0.969108 -0.009987 -0.002121 0.000000 
5.000000e-01 5.000000e-01 4.999883e-03 5.000000e-01 5.000000e-01 1.515104e+00 -0.993323 0.002051 0.009750 0.969721 0.009750 0.002051 0.993323 -0.002121 -0.009987 -0.969108 -0.009987 -0.002121 0.000000 
5.000000e-01 5.000000e-01 4.999883e-03 5.000000e-01 5.000000e-01 1.515104e+00 -0.993323 0.002051 0.009750 0.969721 0.009750 0.002051 0.993323 -0.002121 -0.009987 -0.969108 -0.009987 -0.002121 0.000000 
5.000000e-01 5.000000e-01 4.999883e-03 5.000000e-01 5.000000e-01 1.515104e+00 -0.993323 0.002051 0.009750 0.969721 0.009750 0.002051 0.993323 -0.002121 -0.009987 -0.969108 -0.009987 -0.002121 0.000000 
5.000000e-01 5.000000e-01 4.999883e-03 5.000000e-01 5.000000e-01 1.515104e+00 -0.993323 0.002051 0.009750 0.969721 0.009750 0.002051 0.993323 -0.002121 -0.009987 -0.969108 -0.009987 -0.002121 0.000000 
5.000000e-01 5.000000e-01 4.999883e-03 5.000000e-01 5.000000e-01 1.515104e+00 -0.993323 0.002051 0.009750 0.969721 0.009750 0.002051 0.993323 -0.002121 -0.009987 -0.969108 -0.009987 -0.002121 0.000000 
5.000000e-01 5.000000e-01 4.999883e-03 5.000000e-01 5.000000e-01 1.515104e+00 -0.993323 0.002051 0.009750 0.969721 0.009750 0.002051 0.993323 -0.002121 -0.009987 -0.969108 -0.009987 -0.002121 0.000000 
5.000000e-01 5.000000e-01 4.999883e-03 5.000000e-01 5.000000e-01 1.515104e+00 -0.993323 0.002051 0.009750 0.969721 0.009750 0.002051 0.993323 -0.002121 -0.009987 -0.969108 -0.009987 -0.002121 0.000000 
5.000000e-01 5.000000e-01 4.999883e-03 5.000000e-01 5.000000e-01 1.515104e+00 -0.993323 0.002051 0.009750 0.969721 0.009750 0.002051 0.993323 -0.002121 -0.009987 -0.969108 -0.009987 -0.002121 0.000000 
5.000000e-01 5.000000e-01 4.999883e-03 5.000000e-01 5.000000e-01 1.515104e+00 -0.993323 0.002051 0.009750 0.969721 0.009750 0.002051 0.993323 -0.002121 -0.009987 -0.969108 -0.009987 -0.002121 0.000000 
5.000000e-01 5.000000e-01 4.999883e-03 5.000000e-01 5.000000e-01 1.515104e+00 -0.993323 0.002051 0.009750 0.969721 0.009750 0.002051 0.993323 -0.002121 -0.009987 -0.969108 -0.009987 -0.002121 0.000000 
5.000000e-01 5.000000e-01 4.999883e-03 5.000000e-01 5.000000e-01 1.515104e+00 -0.993323 0.002051 0.009750 0.969721 0.009750 0.002051 0.993323 -0.002121 -0.009987 -0.969108 -0.009987 -0.002121 0.000000 
5.000000e-01 5.000000e-01 4.999883e-03 5.000000e-01 5.000000e-01 1.515104e+00 -0.993323 0.002051 0.009750 0.969721 0.009750 0.002051 0.993323 -0.002121 -0.009987 -0.969108 -0.009987 -0.002121 0.000000 
5.000000e-01 5.000000e-01 4.999883e-03 5.000000e-01 5.000000e-01 1.515104e+00 -0.993323 0.002051 0.009750 0.969721 0.009750 0.002051 0.993323 -0.002121 -0.009987 -0.969108 -0.009987 -0.002121 0.000000 
5.000000e-01 5.000000e-01 4.999883e-03 5.000000e-01 5.000000e-01 1.515104e+00 -0.993323 0.002051 0.009750 0.969721 0.009750 0.002051 0.993323 -0.002121 -0.009987 -0.969108 -0.009987 -0.002121 0.000000 
5.000000e-01 5.000000e-01 4.999883e-03 5.000000e-01 5.000000e-01 1.515104e+00 -0.993323 0.002051 0.009750 0.969721 0.009750 0.002051 0.993323 -0.002121 -0.009987 -0.969108 -0.009987 -0.002121 0.000000 
5.000000e-01 5.000000e-01 4.999883e-03 5.000000e-01 5.000000e-01 1.515104e+00 -0.993323 0.002051 0.009750 0.969721 0.009750 0.002051 0.993323 -0.002121 -0.009987 -0.969108 -0.009987 -0.002121 0.000000 
5.000000e-01 5.000000e-01 4.999883e-03 5.000000e-01 5.000000e-01 1.515104e+00 -0.993323 0.002051 0.009750 0.969721 0.009750 0.002051 0.993323 -0.002121 -0.009987 -0.969108 -0.009987 -0.002121 0.000000 
5.000000e-01 5.000000e-01 4.999883e-03 5.000000e-01 5.000000e-01 1.515104e+00 -0.993323 0.002051 0.009750 0.969721 0.009750 0.002051 0.993323 -0.002121 -0.009987 -0.969108 -0.009987 -0.002121 0.000000 
5.000000e-01 5.000000e-01 4.999883e-03 5.000000e-01 5.000000e-01 1.515104e+00 -0.993323 0.002051 0.009750 0.969721 0.009750 0.002051 0.993323 -0.002121 -0.009987 -0.969108 -0.009987 -0.002121 0.000000 
5.000000e-01 5.000000e-01 4.999883e-03 5.000000e-01 5.000000e-01 1.515104e+00 -0.993323 0.002051 0.009750 0.969721 0.009750 0.002051 0.993323 -0.002121 -0.009987 -0.969108 -0.009987 -0.002121 0.000000 
5.000000e-01 5.000000e-01 4.999883e-03 5.000000e-01 5.000000e-01 1.515104e+00 -0.993323 0.002051 0.009750 0.969721 0.009750 0.002051 0.993323 -0.002121 -0.009987 -0.969108 -0.009987 -0.002121 0.000000 
5.000000e-01 5.000000e-01 4.999883e-03 5.000000e-01 5.000000e-01 1.515104e+00 -0.993323 0.002051 0.009750 0.969721 0.009750 0.002051 0.993323 -0.002121 -0.009987 -0.969108 -0.009987 -0.002121 0.000000 
5.000000e-01 5.000000e-01 4.999883e-03 5.000000e-01 5.000000e-01 1.515104e+00 -0.993323 0.002051 0.009750 0.969721 0.009750 0.002051 0.993323 -0.002121 -0.009987 -0.969108 -0.009987 -0.002121 0.000000 
5.000000e-01 5.000000e-01 4.999883e-03 5.000000e-01 5.000000e-01 1.515104e+00 -0.993323 0.002051 0.009750 0.969721 0.009750 0.002051 0.993323 -0.002121 -0.009987 -0.969108 -0.009987 -0.002121 0.000000 
5.000000e-01 5.000000e-01 4.999883e-03 5.000000e-01 5.000000e-01 1.515104e+00 -0.993323 0.002051 0.009750 0.969721 0.009750 0.002051 0.993323 -0.002121 -0.009987 -0.969108 -0.009987 -0.002121 0.000000 
5.000000e-01 5.000000e-01 4.999883e-03 5.000000e-01 5.000000e-01 1.515104e+00 -0.993323 0.002051 0.009750 0.969721 0.009750 0.002051 0.993323 -0.002121 -0.009987 -0.969108 -0.009987 -0.002121 0.000000 
5.000000e-01 5.000000e-01 4.999883e-03 5.000000e-01 5.000000e-01 1.515104e+00 -0.993323 0.002051 0.009750 0.969721 0.009750 0.002051 0.993323 -0.002121 -0.009987 -0.969108 -0.009987 -0.002121 0.000000 
5.000000e-01 5.000000e-01 4.999883e-03 5.000000e-01 5.000000e-01 1.515104e+00 -0.993323 0.002051 0.009750 0.969721 0.009750 0.002051 0.993323 -0.002121 -0.009987 -0.969108 -0.009987 -0.002121 0.000000 
5.000000e-01 5.000000e-01 4.999883e-03 5.000000e-01 5.000000e-01 1.515104e+00 -0.993323 0.002051 0.009750 0.969721 0.009750 0.002051 0.993323 -0.002121 -0.009987 -0.969108 -0.009987 -0.002121 0.000000 
5.000000e-01 5.000000e-01 4.999883e-03 5.000000e-01 5.000000e-01 1.515104e+00 -0.993323 0.002051 0.009750 0.969721 0.009750 0.002051 0.993323 -0.002121 -0.009987 -0.969108 -0.009987 -0.002121 0.000000 
5.000000e-01 5.000000e-01 4.999883e-03 5.000000e-01 5.000000e-01 1.515104e+00 -0.993323 0.002051 0.009750 0.969721 0.009750 0.002051 0.993323 -0.002121 -0.009987 -0.969108 -0.009987 -0.002121 0.000000 
5.000000e-01 5.000000e-01 4.999883e-03 5.000000e-01 5.000000e-01 1.515104e+00 -0.993323 0.002051 0.009750 0.969721 0.009750 0.002051 0.993323 -0.002121 -0.009987 -0.969108 -0.009987 -0.002121 0.000000 
5.000000e-01 5.000000e-01 4.999883e-03 5.000000e-01 5.000000e-01 1.515104e+00 -0.993323 0.002051 0.009750 0.969721 0.009750 0.002051 0.993323 -0.002121 -0.009987 -0.969108 -0.009987 -0.002121 0.000000 
5.000000e-01 5.000000e-01 4.999883e-03 5.000000e-01 5.000000e-01 1.515104e+00 -0.993323 0.002051 0.009750 0.969721 0.009750 0.002051 0.993323 -0.002121 -0.009987 -0.969108 -0.009987 -0.002121 0.000000 
5.000000e-01 5.000000e-01 4.999883e-03 5.000000e-01 5.000000e-01 1.515104e+00 -0.993323 0.002051 0.009750 0.969721 0.009750 0.002051 0.993323 -0.002121 -0.009987 -0.969108 -0.009987 -0.002121 0.000000 
5.000000e-01 5.000000e-01 4.999883e-03 5.000000e-01 5.000000e-01 1.515104e+00 -0.993323 0.002051 0.009750 0.969721 0.009750 0.002051 0.993323 -0.002121 -0.009987 -0.969108 -0.009987 -0.002121 0.000000 
5.000000e-01 5.000000e-01 4.999883e-03 5.000000e-01 5.000000e-01 1.515104e+00 -0.993323 0.002051 0.009750 0.969721 0.009750 0.002051 0.993323 -0.002121 -0.009987 -0.969108 -0.009987 -0.002121 0.000000 
5.000000e-01 5.000000e-01 4.999883e-03 5.000000e-01 5.000000e-01 1.515104e+00 -0.993323 0.002051 0.009750 0.969721 0.009750 0.002051 0.993323 -0.002121 -0.009987 -0.969108 -0.009987 -0.002121 0.000000 
5.000000e-01 5.000000e-01 4.999883e-03 5.000000e-01 5.000000e-01 1.515104e+00 -0.993323 0.002051 0.009750 0.969721 0.009750 0.002051 0.993323 -0.002121 -0.009987 -0.969108 -0.009987 -0.002121 0.000000 
5.000000e-01 5.000000e-01 4.999883e-03 5.000000e-01 5.000000e-01 1.515104e+00 -0.993323 0.002051 0.009750 0.969721 0.009750 0.002051 0.993323 -0.002121 -0.009987 -0.969108 -0.009987 -0.002121 0.000000 
5.000000e-01 5.000000e-01 4.999883e-03 5.000000e-01 5.000000e-01 1.515104e+00 -0.993323 0.002051 0.009750 0.969721 0.009750 0.002051 0.993323 -0.002121 -0.009987 -0.969108 -0.009987 -0.002121 0.000000 
5.000000e-01 5.000000e-01 4.999883e-03 5.000000e-01 5.000000e-01 1.515104e+00 -0.993323 0.002051 0.009750 0.969721 0.009750 0.002051 0.993323 -0.002121 -0.009987 -0.969108 -0.009987 -0.002121 0.000000 
5.000000e-01 5.000000e-01 4.999883e-03 5.000000e-01 5.000000e-01 1.515104e+00 -0.993323 0.002051 0.009750 0.969721 0.009750 0.002051 0.993323 -0.002121 -0.009987 -0.969108 -0.009987 -0.002121 0.000000 
5.000000e-01 5.000000e-01 4.999883e-03 5.000000e-01 5.000000e-01 1.515104e+00 -0.993323 0.002051 0.009750 0.969721 0.009750 0.002051 0.993323 -0.002121 -0.009987 -0.969108 -0.009987 -0.002121 0.000000 
5.000000e-01 5.000000e-01 4.999883e-03 5.000000e-01 5.000000e-01 1.515104e+00 -0.993323 0.002051 0.009750 0.969721 0.009750 0.002051 0.993323 -0.002121 -0.009987 -0.969108 -0.009987 -0.002121 0.000000 
5.000000e-01 5.000000e-01 4.999883e-03 5.000000e-01 5.000000e-01 1.515104e+00 -0.993323 0.002051 0.009750 0.969721 0.009750 0.002051 0.993323 -0.002121 -0.009987 -0.969108 -0.009987 -0.002121 0.000000 
5.000000e-01 5.000000e-01 4.999883e-03 5.000000e-01 5.000000e-01 1.515104e+00 -0.993323 0.002051 0.009750 0.969721 0.009750 0.002051 0.993323 -0.002121 -0.009987 -0.969108 -0.009987 -0.002121 0.000000 
5.000000e-01 5.000000e-01 4.999883e-03 5.000000e-01 5.000000e-01 1.515104e+00 -0.993323 0.002051 0.009750 0.969721 0.009750 0.002051 0.993323 -0.002121 -0.009987 -0.969108 -0.009987 -0.002121 0.000000 
5.000000e-01 5.000000e-01 4.999883e-03 5.000000e-01 5.000000e-01 1.515104e+00 -0.993323 0.002051 0.009750 0.969721 0.009750 0.002051 0.993323 -0.002121 -0.009987 -0.969108 -0.009987 -0.002121 0.000000 
5.000000e-01 5.000000e-01 4.999883e-03 5.000000e-01 5.000000e-01 1.515104e+00 -0.993323 0.002051 0.009750 0.969721 0.009750 0.002051 0.993323 -0.002121 -0.009987 -0.969108 -0.009987 -0.002121 0.000000 
5.000000e-01 5.000000e-01 4.999883e-03 5.000000e-01 5.000000e-01 1.515104e+00 -0.993323 0.002051 0.009750 0.969721 0.009750 0.002051 0.993323 -0.002121 -0.009987 -0.969108 -0.009987 -0.002121 0.000000 
5.000000e-01 5.000000e-01 4.999883e-03 5.000000e-01 5.000000e-01 1.515104e+00 -0.993323 0.002051 0.009750 0.969721 0.009750 0.002051 0.993323 -0.002121 -0.009987 -0.969108 -0.009987 -0.002121 0.000000 
5.000000e-01 5.000000e-01 4.999883e-03 5.000000e-01 5.000000e-01 1.515104e+00 -0.993323 0.002051 0.009750 0.969721 0.009750 0.002051 0.993323 -0.002121 -0.009987 -0.969108 -0.009987 -0.002121 0.000000 
5.000000e-01 5.000000e-01 4.999883e-03 5.000000e-01 5.000000e-01 1.515104e+00 -0.993323 0.002051 0.009750 0.969721 0.009750 0.002051 0.993323 -0.002121 -0.009987 -0.969108 -0.009987 -0.002121 0.000000 
5.000000e-01 5.000000e-01 4.999883e-03 5.000000e-01 5.000000e-01 1.515104e+00 -0.993323 0.002051 0.009750 0.969721 0.009750 0.002051 0.993323 -0.002121 -0.009987 -0.969108 -0.009987 -0.002121 0.000000 
5.000000e-01 5.000000e-01 4.999883e-03 5.000000e-01 5.000000e-01 1.515104e+00 -0.993323 0.002051 0.009750 0.969721 0.009750 0.002051 0.993323 -0.002121 -0.009987 -0.969108 -0.009987 -0.002121 0.000000 
5.000000e-01 5.000000e-01 4.999883e-03 5.000000e-01 5.000000e-01 1.515104e+00 -0.993323 0.002051 0.009750 0.969721 0.009750 0.002051 0.993323 -0.002121 -0.009987 -0.969108 -0.009987 -0.002121 0.000000 
5.000000e-01 5.000000e-01 4.999883e-03 5.000000e-01 5.000000e-01 1.515104e+00 -0.993323 0.002051 0.009750 0.969721 0.009750 0.002051 0.993323 -0.002121 -0.009987 -0.969108 -0.009987 -0.002121 0.000000 
5.000000e-01 5.000000e-01 4.999883e-03 5.000000e-01 5.000000e-01 1.515104e+00 -0.993323 0.002051 0.009750 0.969721 0.009750 0.002051 0.993323 -0.002121 -0.009987 -0.969108 -0.009987 -0.002121 0.000000 
5.000000e-01 5.000000e-01 4.999883e-03 5.000000e-01 5.000000e-01 1.515104e+00 -0.993323 0.002051 0.009750 0.969721 0.009750 0.002051 0.993323 -0.002121 -0.009987 -0.969108 -0.009987 -0.002121 0.000000 
5.000000e-01 5.000000e-01 4.999883e-03 5.000000e-01 5.000000e-01 1.515104e+00 -0.993323 0.002051 0.009750 0.969721 0.009750 0.002051 0.993323 -0.002121 -0.009987 -0.969108 -0.009987 -0.002121 0.000000 
5.000000e-01 5.000000e-01 4.999883e-03 5.000000e-01 5.000000e-01 1.515104e+00 -0.993323 0.002051 0.009750 0.969721 0.009750 0.002051 0.993323 -0.002121 -0.009987 -0.969108 -0.009987 -0.002121 0.000000 
5.000000e-01 5.000000e-01 4.999883e-03 5.000000e-01 5.000000e-01 1.515104e+00 -0.993323 0.002051 0.009750 0.969721 0.009750 0.002051 0.993323 -0.002121 -0.009987 -0.969108 -0.009987 -0.002121 0.000000 
5.000000e-01 5.000000e-01 4.999883e-03 5.000000e-01 5.000000e-01 1.515104e+00 -0.993323 0.002051 0.009750 0.969721 0.009750 0.002051 0.993323 -0.002121 -0.009987 -0.969108 -0.009987 -0.002121 0.000000 
5.000000e-01 5.000000e-01 4.999883e-03 5.000000e-01 5.000000e-01 1.515104e+00 -0.993323 0.002051 0.009750 0.969721 0.009750 0.002051 0.993323 -0.002121 -0.009987 -0.969108 -0.009987 -0.002121 0.000000 
5.000000e-01 5.000000e-01 4.999883e-03 5.000000e-01 5.000000e-01 1.515104e+00 -0.993323 0.002051 0.009750 0.969721 0.009750 0.002051 0.993323 -0.002121 -0.009987 -0.969108 -0.009987 -0.002121 0.000000 
5.000000e-01 5.000000e-01 4.999883e-03 5.000000e-01 5.000000e-01 1.515104e+00 -0.993323 0.002051 0.009750 0.969721 0.009750 0.002051 0.993323 -0.002121 -0.009987 -0.969108 -0.009987 -0.002121 0.000000 
5.000000e-01 5.000000e-01 4.999883e-03 5.000000e-01 5.000000e-01 1.515104e+00 -0.993323 0.002051 0.009750 0.969721 0.009750 0.002051 0.993323 -0.002121 -0.009987 -0.969108 -0.009987 -0.002121 0.000000 
5.000000e-01 5.000000e-01 4.999883e-03 5.000000e-01 5.000000e-01 1.515104e+00 -0.993323 0.002051 0.009750 0.969721 0.009750 0.002051 0.993323 -0.002121 -0.009987 -0.969108 -0.009987 -0.002121 0.000000 
5.000000e-01 5.000000e-01 4.999883e-03 5.000000e-01 5.000000e-01 1.515104e+00 -0.993323 0.002051 0.009750 0.969721 0.009750 0.002051 0.993323 -0.002121 -0.009987 -0.969108 -0.009987 -0.002121 0.000000 
5.000000e-01 5.000000e-01 4.999883e-03 5.000000e-01 5.000000e-01 1.515104e+00 -0.993323 0.002051 0.009750 0.969721 0.009750 0.002051 0.993323 -0.002121 -0.009987 -0.969108 -0.009987 -0.002121 0.000000 
5.000000e-01 5.000000e-01 4.999883e-03 5.000000e-01 5.000000e-01 1.515104e+00 -0.993323 0.002051 0.009750 0.969721 0.009750 0.002051 0.993323 -0.002121 -0.009987 -0.969108 -0.009987 -0.002121 0.000000 
5.000000e-01 5.000000e-01 4.999883e-03 5.000000e-01 5.000000e-01 1.515104e+00 -0.993323 0.002051 0.009750 0.969721 0.009750 0.002051 0.993323 -0.002121 -0.009987 -0.969108 -0.009987 -0.002121 0.000000 
5.000000e-01 5.000000e-01 4.999883e-03 5.000000e-01 5.000000e-01 1.515104e+00 -0.993323 0.002051 0.009750 0.969721 0.009750 0.002051 0.993323 -0.002121 -0.009987 -0.969108 -0.009987 -0.002121 0.000000 
5.000000e-01 5.000000e-01 4.999883e-03 5.000000e-01 5.000000e-01 1.515104e+00 -0.993323 0.002051 0.009750 0.969721 0.009750 0.002051 0.993323 -0.002121 -0.009987 -0.969108 -0.009987 -0.002121 0.000000 
5.000000e-01 5.000000e-01 4.999883e-03 5.000000e-01 5.000000e-01 1.515104e+00 -0.993323 0.002051 0.009750 0.969721 0.009750 0.002051 0.993323 -0.002121 -0.009987 -0.969108 -0.009987 -0.002121 0.000000 
5.000000e-01 5.000000e-01 4.999883e-03 5.000000e-01 5.000000e-01 1.515104e+00 -0.993323 0.002051 0.009750 0.969721 0.009750 0.002051 0.993323 -0.002121 -0.009987 -0.969108 -0.009987 -0.002121 0.000000 
5.000000e-01 5.000000e-01 4.999883e-03 5.000000e-01 5.000000e-01 1.515104e+00 -0.993323 0.002051 0.009750 0.969721 0.009750 0.002051 0.993323 -0.002121 -0.009987 -0.969108 -0.009987 -0.002121 0.000000 
5.000000e-01 5.000000e-01 4.999883e-03 5.000000e-01 5.000000e-01 1.515104e+00 -0.993323 0.002051 0.009750 0.969721 0.009750 0.002051 0.993323 -0.002121 -0.009987 -0.969108 -0.009987 -0.002121 0.000000 
5.000000e-01 5.000000e-01 4.999883e-03 5.000000e-01 5.000000e-01 1.515104e+00 -0.993323 0.002051 0.009750 0.969721 0.009750 0.002051 0.993323 -0.002121 -0.009987 -0.969108 -0.009987 -0.002121 0.000000 
5.000000e-01 5.000000e-01 4.999883e-03 5.000000e-01 5.000000e-01 1.515104e+00 -0.993323 0.002051 0.009750 0.969721 0.009750 0.002051 0.993323 -0.002121 -0.009987 -0.969108 -0.009987 -0.002121 0.000000 
5.000000e-01 5.000000e-01 4.999883e-03 5.000000e-01 5.000000e-01 1.515104e+00 -0.993323 0.002051 0.009750 0.969721 0.009750 0.002051 0.993323 -0.002121 -0.009987 -0.969108 -0.009987 -0.002121 0.000000 
5.000000e-01 5.000000e-01 4.999883e-03 5.000000e-01 5.000000e-01 1.515104e+00 -0.993323 0.002051 0.009750 0.969721 0.009750 0.002051 0.993323 -0.002121 -0.009987 -0.969108 -0.009987 -0.002121 0.000000 
5.000000e-01 5.000000e-01 4.999883e-03 5.000000e-01 5.000000e-01 1.515104e+00 -0.993323 0.002051 0.009750 0.969721 0.009750 0.002051 0.993323 -0.002121 -0.009987 -0.969108 -0.009987 -0.002121 0.000000 
5.000000e-01 5.000000e-01 4.999883e-03 5.000000e-01 5.000000e-01 1.515104e+00 -0.993323 0.002051 0.009750 0.969721 0.009750 0.002051 0.993323 -0.002121 -0.009987 -0.969108 -0.009987 -0.002121 0.000000 
5.000000e-01 5.000000e-01 4.999883e-03 5.000000e-01 5.000000e-01 1.515104e+00 -0.993323 0.002051 0.009750 0.969721 0.009750 0.002051 0.993323 -0.002121 -0.009987 -0.969108 -0.009987 -0.002121 0.000000 
5.000000e-01 5.000000e-01 4.999883e-03 5.000000e-01 5.000000e-01 1.515104e+00 -0.993323 0.002051 0.009750 0.969721 0.009750 0.002051 0.993323 -0.002121 -0.009987 -0.969108 -0.009987 -0.002121 0.000000 
5.000000e-01 5.000000e-01 4.999883e-03 5.000000e-01 5.000000e-01 1.515104e+00 -0.993323 0.002051 0.009750 0.969721 0.009750 0.002051 0.993323 -0.002121 -0.009987 -0.969108 -0.009987 -0.002121 0.000000 
5.000000e-01 5.000000e-01 4.999883e-03 5.000000e-01 5.000000e-01 1.515104e+00 -0.993323 0.002051 0.009750 0.969721 0.009750 0.002051 0.993323 -0.002121 -0.009987 -0.969108 -0.009987 -0.002121 0.000000 
5.000000e-01 5.000000e-01 4.999883e-03 5.000000e-01 5.000000e-01 1.515104e+00 -0.993323 0.002051 0.009750 0.969721 0.009750 0.002051 0.993323 -0.002121 -0.009987 -0.969108 -0.009987 -0.002121 0.000000 
5.000000e-01 5.000000e-01 4.999883e-03 5.000000e-01 5.000000e-01 1.515104e+00 -0.993323 0.002051 0.009750 0.969721 0.009750 0.002051 0.993323 -0.002121 -0.009987 -0.969108 -0.009987 -0.002121 0.000000 
5.000000e-01 5.000000e-01 4.999883e-03 5.000000e-01 5.000000e-01 1.515104e+00 -0.993323 0.002051 0.009750 0.969721 0.009750 0.002051 0.993323 -0.002121 -0.009987 -0.969108 -0.009987 -0.002121 0.000000 
5.000000e-01 5.000000e-01 4.999883e-03 5.000000e-01 5.000000e-01 1.515104e+00 -0.993323 0.002051 0.009750 0.969721 0.009750 0.002051 0.993323 -0.002121 -0.009987 -0.969108 -0.009987 -0.002121 0.000000 
5.000000e-01 5.000000e-01 4.999883e-03 5.000000e-01 5.000000e-01 1.515104e+00 -0.993323 0.002051 0.009750 0.969721 0.009750 0.002051 0.993323 -0.002121 -0.009987 -0.969108 -0.009987 -0.002121 0.000000 
5.000000e-01 5.000000e-01 4.999883e-03 5.000000e-01 5.000000e-01 1.515104e+00 -0.993323 0.002051 0.009750 0.969721 0.009750 0.002051 0.993323 -0.002121 -0.009987 -0.969108 -0.009987 -0.002121 0.000000 
5.000000e-01 5.000000e-01 4.999883e-03 5.000000e-01 5.000000e-01 1.515104e+00 -0.993323 0.002051 0.009750 0.969721 0.009750 0.002051 0.993323 -0.002121 -0.009987 -0.969108 -0.009987 -0.002121 0.000000 
5.000000e-01 5.000000e-01 4.999883e-03 5.000000e-01 5.000000e-01 1.515104e+00 -0.993323 0.002051 0.009750 0.969721 0.009750 0.002051 0.993323 -0.002121 -0.009987 -0.969108 -0.009987 -0.002121 0.000000 
5.000000e-01 5.000000e-01 4.999883e-03 5.000000e-01 5.000000e-01 1.515104e+00 -0.993323 0.002051 0.009750 0.969721 0.009750 0.002051 0.993323 -0.002121 -0.009987 -0.969108 -0.009987 -0.002121 0.000000 
5.000000e-01 5.000000e-01 4.999883e-03 5.000000e-01 5.000000e-01 1.515104e+00 -0.993323 0.002051 0.009750 0.969721 0.009750 0.002051 0.993323 -0.002121 -0.009987 -0.969108 -0.009987 -0.002121 0.000000 
