# TeX TeY TeZ ThX ThY THZ P1 P2
5.000000e-01 5.000000e-01 1.500000e-01 5.000000e-01 5.000000e-01 1.500000e-01 0.000000 0.000000 0.000000 0.000000 0.000000 0.000000 0.000000 0.000000 0.000000 0.000000 0.000000 0.000000 0.000000 
5.000000e-01 5.000000e-01 1.367566e-01 5.000000e-01 5.000000e-01 1.591218e-01 -0.014692 0.002670 0.003114 0.003124 0.003114 0.002670 0.014692 0.008167 0.006343 -0.043712 0.006343 0.008167 0.000000 
5.000000e-01 5.000000e-01 1.234812e-01 5.000000e-01 5.000000e-01 1.682354e-01 -0.029404 0.005344 0.006232 0.006252 0.006232 0.005344 0.029404 0.016486 0.013612 -0.089601 0.013612 0.016486 0.000000 
5.000000e-01 5.000000e-01 1.101730e-01 5.000000e-01 5.000000e-01 1.773408e-01 -0.044140 0.008022 0.009356 0.009385 0.009356 0.008022 0.044140 0.024952 0.022130 -0.138304 0.022130 0.024952 0.000000 
5.000000e-01 5.000000e-01 9.683055e-02 5.000000e-01 5.000000e-01 1.864380e-01 -0.058906 0.010705 0.012485 0.012525 0.012485 0.010705 0.058906 0.033609 0.032665 -0.191453 0.032665 0.033609 0.000000 
5.000000e-01 5.000000e-01 8.345211e-02 5.000000e-01 5.000000e-01 1.955270e-01 -0.073706 0.013395 0.015622 0.015672 0.015622 0.013395 0.073706 0.042397 0.045266 -0.249033 0.045266 0.042397 0.000000 
5.000000e-01 5.000000e-01 7.003542e-02 5.000000e-01 5.000000e-01 2.046078e-01 -0.088548 0.016092 0.018768 0.018828 0.018768 0.016092 0.088548 0.051303 0.060254 -0.311662 0.060254 0.051303 0.000000 
5.000000e-01 5.000000e-01 5.657816e-02 5.000000e-01 5.000000e-01 2.136804e-01 -0.103445 0.018800 0.021926 0.021995 0.021926 0.018800 0.103445 0.060353 0.078529 -0.381210 0.078529 0.060353 0.000000 
5.000000e-01 5.000000e-01 4.307839e-02 5.000000e-01 5.000000e-01 2.227447e-01 -0.118400 0.021517 0.025095 0.025175 0.025095 0.021517 0.118400 0.069482 0.099669 -0.456701 0.099669 0.069482 0.000000 
5.000000e-01 5.000000e-01 2.953560e-02 5.000000e-01 5.000000e-01 2.318006e-01 -0.133415 0.024246 0.028278 0.028368 0.028278 0.024246 0.133415 0.078666 0.123641 -0.538030 0.123641 0.078666 0.000000 
5.000000e-01 5.000000e-01 1.595177e-02 5.000000e-01 5.000000e-01 2.408482e-01 -0.148492 0.026985 0.031473 0.031574 0.031473 0.026985 0.148492 0.087885 0.150293 -0.624848 0.150293 0.087885 0.000000 
5.000000e-01 5.000000e-01 4.999837e-03 5.000000e-01 5.000000e-01 2.498874e-01 -0.161808 0.029404 0.034296 0.034407 0.034296 0.029404 0.161808 0.095608 0.172585 -0.698195 0.172585 0.095608 0.000000 
5.000000e-01 5.000000e-01 4.999837e-03 5.000000e-01 5.000000e-01 2.589181e-01 -0.167734 0.030479 0.035553 0.035671 0.035553 0.030479 0.167734 0.097246 0.171669 -0.705563 0.171669 0.097246 0.000000 
5.000000e-01 5.000000e-01 4.999837e-03 5.000000e-01 5.000000e-01 2.679402e-01 -0.173654 0.031552 0.036809 0.036933 0.036809 0.031552 0.173654 0.098762 0.170656 -0.712490 0.170656 0.098762 0.000000 
5.000000e-01 5.000000e-01 4.999837e-03 5.000000e-01 5.000000e-01 2.769538e-01 -0.179569 0.032623 0.038063 0.038195 0.038063 0.032623 0.179569 0.100159 0.169562 -0.719010 0.169562 0.100159 0.000000 
5.000000e-01 5.000000e-01 4.999837e-03 5.000000e-01 5.000000e-01 2.859587e-01 -0.185478 0.033694 0.039317 0.039456 0.039317 0.033694 0.185478 0.101443 0.168398 -0.725159 0.168398 0.101443 0.000000 
5.000000e-01 5.000000e-01 4.999837e-03 5.000000e-01 5.000000e-01 2.949549e-01 -0.191381 0.034763 0.040569 0.040717 0.040569 0.034763 0.191381 0.102616 0.167176 -0.730965 0.167176 0.102616 0.000000 
5.000000e-01 5.000000e-01 4.999837e-03 5.000000e-01 5.000000e-01 3.039423e-01 -0.197279 0.035830 0.041821 0.041976 0.041821 0.035830 0.197279 0.103684 0.165905 -0.736456 0.165905 0.103684 0.000000 
5.000000e-01 5.000000e-01 4.999837e-03 5.000000e-01 5.000000e-01 3.129209e-01 -0.203171 0.036897 0.043071 0.043235 0.043071 0.036897 0.203171 0.104649 0.164594 -0.741657 0.164594 0.104649 0.000000 
5.000000e-01 5.000000e-01 4.999837e-03 5.000000e-01 5.000000e-01 3.218906e-01 -0.209057 0.037961 0.044320 0.044494 0.044320 0.037961 0.209057 0.105517 0.163249 -0.746590 0.163249 0.105517 0.000000 
5.000000e-01 5.000000e-01 4.999837e-03 5.000000e-01 5.000000e-01 3.308512e-01 -0.214938 0.039025 0.045568 0.045752 0.045568 0.039025 0.214938 0.106291 0.161877 -0.751275 0.161877 0.106291 0.000000 
5.000000e-01 5.000000e-01 4.999837e-03 5.000000e-01 5.000000e-01 3.398028e-01 -0.220812 0.040086 0.046815 0.047009 0.046815 0.040086 0.220812 0.106973 0.160483 -0.755726 0.160483 0.106973 0.000000 
5.000000e-01 5.000000e-01 4.999837e-03 5.000000e-01 5.000000e-01 3.487452e-01 -0.226681 0.041146 0.048061 0.048265 0.048061 0.041146 0.226681 0.107561 0.159071 -0.759945 0.159071 0.107561 0.000000 
5.000000e-01 5.000000e-01 4.999837e-03 5.000000e-01 5.000000e-01 3.576785e-01 -0.232544 0.042205 0.049306 0.049521 0.049306 0.042205 0.232543 0.108067 0.157647 -0.763972 0.157647 0.108067 0.000000 
5.000000e-01 5.000000e-01 4.999837e-03 5.000000e-01 5.000000e-01 3.666025e-01 -0.238400 0.043261 0.050550 0.050777 0.050550 0.043261 0.238400 0.108496 0.156214 -0.767820 0.156214 0.108496 0.000000 
5.000000e-01 5.000000e-01 4.999837e-03 5.000000e-01 5.000000e-01 3.755171e-01 -0.244251 0.044316 0.051793 0.052032 0.051793 0.044316 0.244251 0.108850 0.154775 -0.771501 0.154775 0.108850 0.000000 
5.000000e-01 5.000000e-01 4.999837e-03 5.000000e-01 5.000000e-01 3.844223e-01 -0.250095 0.045370 0.053034 0.053287 0.053034 0.045370 0.250095 0.109134 0.153332 -0.775027 0.153332 0.109134 0.000000 
5.000000e-01 5.000000e-01 4.999837e-03 5.000000e-01 5.000000e-01 3.933179e-01 -0.255934 0.046421 0.054275 0.054541 0.054275 0.046421 0.255933 0.109350 0.151888 -0.778409 0.151888 0.109350 0.000000 
5.000000e-01 5.000000e-01 4.999837e-03 5.000000e-01 5.000000e-01 4.022040e-01 -0.261766 0.047471 0.055514 0.055795 0.055514 0.047471 0.261766 0.109502 0.150443 -0.781656 0.150443 0.109502 0.000000 
5.000000e-01 5.000000e-01 4.999837e-03 5.000000e-01 5.000000e-01 4.110805e-01 -0.267591 0.048519 0.056752 0.057048 0.056752 0.048519 0.267591 0.109593 0.149000 -0.784778 0.149000 0.109593 0.000000 
5.000000e-01 5.000000e-01 4.999837e-03 5.000000e-01 5.000000e-01 4.199472e-01 -0.273411 0.049565 0.057990 0.058302 0.057990 0.049565 0.273411 0.109625 0.147560 -0.787782 0.147560 0.109625 0.000000 
5.000000e-01 5.000000e-01 4.999837e-03 5.000000e-01 5.000000e-01 4.288040e-01 -0.279224 0.050609 0.059226 0.059555 0.059226 0.050609 0.279224 0.109595 0.146125 -0.790663 0.146125 0.109595 0.000000 
5.000000e-01 5.000000e-01 4.999837e-03 5.000000e-01 5.000000e-01 4.376510e-01 -0.285031 0.051651 0.060461 0.060808 0.060461 0.051651 0.285031 0.109513 0.144694 -0.793444 0.144694 0.109513 0.000000 
5.000000e-01 5.000000e-01 4.999837e-03 5.000000e-01 5.000000e-01 4.464879e-01 -0.290831 0.052690 0.061695 0.062061 0.061695 0.052690 0.290831 0.109381 0.143268 -0.796131 0.143268 0.109381 0.000000 
5.000000e-01 5.000000e-01 4.999837e-03 5.000000e-01 5.000000e-01 4.553148e-01 -0.296624 0.053728 0.062928 0.063313 0.062928 0.053728 0.296624 0.109203 0.141849 -0.798729 0.141849 0.109203 0.000000 
5.000000e-01 5.000000e-01 4.999837e-03 5.000000e-01 5.000000e-01 4.641316e-01 -0.302411 0.054763 0.064159 0.064566 0.064159 0.054763 0.302411 0.108981 0.140436 -0.801246 0.140436 0.108981 0.000000 
5.000000e-01 5.000000e-01 4.999837e-03 5.000000e-01 5.000000e-01 4.729381e-01 -0.308192 0.055796 0.065390 0.065819 0.065390 0.055796 0.308192 0.108716 0.139030 -0.803684 0.139030 0.108716 0.000000 
5.000000e-01 5.000000e-01 4.999837e-03 5.000000e-01 5.000000e-01 4.817342e-01 -0.313965 0.056827 0.066620 0.067072 0.066620 0.056827 0.313965 0.108411 0.137631 -0.806050 0.137631 0.108411 0.000000 
5.000000e-01 5.000000e-01 4.999837e-03 5.000000e-01 5.000000e-01 4.905200e-01 -0.319732 0.057855 0.067848 0.068324 0.067848 0.057855 0.319732 0.108069 0.136239 -0.808348 0.136239 0.108069 0.000000 
5.000000e-01 5.000000e-01 4.999837e-03 5.000000e-01 5.000000e-01 4.992952e-01 -0.325492 0.058881 0.069076 0.069578 0.069076 0.058881 0.325492 0.107687 0.134855 -0.810577 0.134855 0.107687 0.000000 
5.000000e-01 5.000000e-01 4.999837e-03 5.000000e-01 5.000000e-01 5.080599e-01 -0.331245 0.059904 0.070302 0.070832 0.070302 0.059904 0.331245 0.107270 0.133478 -0.812742 0.133478 0.107270 0.000000 
5.000000e-01 5.000000e-01 4.999837e-03 5.000000e-01 5.000000e-01 5.168139e-01 -0.336991 0.060925 0.071528 0.072086 0.071528 0.060925 0.336991 0.106821 0.132109 -0.814851 0.132109 0.106821 0.000000 
5.000000e-01 5.000000e-01 4.999837e-03 5.000000e-01 5.000000e-01 5.255570e-01 -0.342730 0.061942 0.072752 0.073341 0.072752 0.061942 0.342730 0.106342 0.130747 -0.816909 0.130747 0.106342 0.000000 
5.000000e-01 5.000000e-01 4.999837e-03 5.000000e-01 5.000000e-01 5.342893e-01 -0.348462 0.062957 0.073976 0.074596 0.073976 0.062957 0.348462 0.105834 0.129393 -0.818917 0.129393 0.105834 0.000000 
5.000000e-01 5.000000e-01 4.999837e-03 5.000000e-01 5.000000e-01 5.430107e-01 -0.354187 0.063969 0.075198 0.075852 0.075198 0.063969 0.354187 0.105300 0.128046 -0.820878 0.128046 0.105300 0.000000 
5.000000e-01 5.000000e-01 4.999837e-03 5.000000e-01 5.000000e-01 5.517210e-01 -0.359904 0.064978 0.076420 0.077109 0.076420 0.064978 0.359904 0.104740 0.126705 -0.822795 0.126705 0.104740 0.000000 
5.000000e-01 5.000000e-01 4.999837e-03 5.000000e-01 5.000000e-01 5.604201e-01 -0.365615 0.065984 0.077640 0.078367 0.077640 0.065984 0.365614 0.104156 0.125372 -0.824671 0.125372 0.104156 0.000000 
5.000000e-01 5.000000e-01 4.999837e-03 5.000000e-01 5.000000e-01 5.691079e-01 -0.371317 0.066986 0.078860 0.079626 0.078860 0.066986 0.371317 0.103547 0.124046 -0.826504 0.124046 0.103547 0.000000 
5.000000e-01 5.000000e-01 4.999837e-03 5.000000e-01 5.000000e-01 5.777845e-01 -0.377013 0.067985 0.080078 0.080886 0.080078 0.067985 0.377013 0.102915 0.122728 -0.828299 0.122728 0.102915 0.000000 
5.000000e-01 5.000000e-01 4.999837e-03 5.000000e-01 5.000000e-01 5.864495e-01 -0.382701 0.068980 0.081296 0.082148 0.081296 0.068980 0.382701 0.102264 0.121415 -0.830060 0.121415 0.102264 0.000000 
5.000000e-01 5.000000e-01 4.999837e-03 5.000000e-01 5.000000e-01 5.951030e-01 -0.388381 0.069972 0.082513 0.083411 0.082513 0.069972 0.388381 0.101594 0.120110 -0.831788 0.120110 0.101594 0.000000 
5.000000e-01 5.000000e-01 4.999837e-03 5.000000e-01 5.000000e-01 6.037448e-01 -0.394054 0.070960 0.083729 0.084676 0.083729 0.070960 0.394054 0.100906 0.118810 -0.833485 0.118810 0.100906 0.000000 
5.000000e-01 5.000000e-01 4.999837e-03 5.000000e-01 5.000000e-01 6.123749e-01 -0.399719 0.071944 0.084944 0.085942 0.084944 0.071944 0.399719 0.100201 0.117517 -0.835154 0.117517 0.100201 0.000000 
5.000000e-01 5.000000e-01 4.999837e-03 5.000000e-01 5.000000e-01 6.209930e-01 -0.405376 0.072924 0.086158 0.087211 0.086158 0.072924 0.405376 0.099480 0.116229 -0.836795 0.116229 0.099480 0.000000 
5.000000e-01 5.000000e-01 4.999837e-03 5.000000e-01 5.000000e-01 6.295992e-01 -0.411025 0.073900 0.087371 0.088481 0.087371 0.073900 0.411025 0.098744 0.114948 -0.838409 0.114948 0.098744 0.000000 
5.000000e-01 5.000000e-01 4.999837e-03 5.000000e-01 5.000000e-01 6.381933e-01 -0.416667 0.074872 0.088584 0.089755 0.088584 0.074872 0.416667 0.097992 0.113672 -0.839996 0.113672 0.097992 0.000000 
5.000000e-01 5.000000e-01 4.999837e-03 5.000000e-01 5.000000e-01 6.467752e-01 -0.422300 0.075839 0.089796 0.091031 0.089796 0.075839 0.422300 0.097227 0.112402 -0.841560 0.112402 0.097227 0.000000 
5.000000e-01 5.000000e-01 4.999837e-03 5.000000e-01 5.000000e-01 6.553448e-01 -0.427926 0.076801 0.091007 0.092309 0.091007 0.076801 0.427926 0.096450 0.111138 -0.843102 0.111138 0.096450 0.000000 
5.000000e-01 5.000000e-01 4.999837e-03 5.000000e-01 5.000000e-01 6.639020e-01 -0.433543 0.077758 0.092218 0.093591 0.092218 0.077758 0.433543 0.095662 0.109879 -0.844624 0.109879 0.095662 0.000000 
5.000000e-01 5.000000e-01 4.999837e-03 5.000000e-01 5.000000e-01 6.724466e-01 -0.439152 0.078711 0.093428 0.094875 0.093428 0.078711 0.439152 0.094862 0.108624 -0.846125 0.108624 0.094862 0.000000 
5.000000e-01 5.000000e-01 4.999837e-03 5.000000e-01 5.000000e-01 6.809786e-01 -0.444753 0.079658 0.094637 0.096163 0.094637 0.079658 0.444753 0.094053 0.107375 -0.847609 0.107375 0.094053 0.000000 
5.000000e-01 5.000000e-01 4.999837e-03 5.000000e-01 5.000000e-01 6.894978e-01 -0.450345 0.080600 0.095846 0.097454 0.095846 0.080600 0.450345 0.093233 0.106131 -0.849073 0.106131 0.093233 0.000000 
5.000000e-01 5.000000e-01 4.999837e-03 5.000000e-01 5.000000e-01 6.980041e-01 -0.455929 0.081535 0.097054 0.098751 0.097054 0.081535 0.455929 0.092403 0.104892 -0.850519 0.104892 0.092403 0.000000 
5.000000e-01 5.000000e-01 4.999837e-03 5.000000e-01 5.000000e-01 7.064974e-01 -0.461505 0.082465 0.098262 0.100051 0.098262 0.082465 0.461504 0.091565 0.103657 -0.851949 0.103657 0.091565 0.000000 
5.000000e-01 5.000000e-01 4.999837e-03 5.000000e-01 5.000000e-01 7.149775e-01 -0.467071 0.083388 0.099469 0.101356 0.099469 0.083388 0.467071 0.090719 0.102427 -0.853364 0.102427 0.090719 0.000000 
5.000000e-01 5.000000e-01 4.999837e-03 5.000000e-01 5.000000e-01 7.234444e-01 -0.472629 0.084306 0.100676 0.102666 0.100676 0.084306 0.472629 0.089867 0.101201 -0.854765 0.101201 0.089867 0.000000 
5.000000e-01 5.000000e-01 4.999837e-03 5.000000e-01 5.000000e-01 7.318979e-01 -0.478179 0.085216 0.101883 0.103980 0.101883 0.085216 0.478179 0.089007 0.099979 -0.856152 0.099979 0.089007 0.000000 
5.000000e-01 5.000000e-01 4.999837e-03 5.000000e-01 5.000000e-01 7.403379e-01 -0.483719 0.086121 0.103089 0.105300 0.103089 0.086121 0.483719 0.088141 0.098762 -0.857526 0.098762 0.088141 0.000000 
5.000000e-01 5.000000e-01 4.999837e-03 5.000000e-01 5.000000e-01 7.487642e-01 -0.489251 0.087017 0.104295 0.106627 0.104295 0.087017 0.489250 0.087269 0.097549 -0.858886 0.097549 0.087269 0.000000 
5.000000e-01 5.000000e-01 4.999837e-03 5.000000e-01 5.000000e-01 7.571768e-01 -0.494773 0.087905 0.105501 0.107960 0.105501 0.087905 0.494773 0.086390 0.096340 -0.860233 0.096340 0.086390 0.000000 
5.000000e-01 5.000000e-01 4.999837e-03 5.000000e-01 5.000000e-01 7.655755e-01 -0.500286 0.088786 0.106707 0.109300 0.106707 0.088786 0.500286 0.085507 0.095135 -0.861570 0.095135 0.085507 0.000000 
5.000000e-01 5.000000e-01 4.999837e-03 5.000000e-01 5.000000e-01 7.739601e-01 -0.505790 0.089659 0.107913 0.110647 0.107913 0.089659 0.505790 0.084619 0.093933 -0.862895 0.093933 0.084619 0.000000 
5.000000e-01 5.000000e-01 4.999837e-03 5.000000e-01 5.000000e-01 7.823305e-01 -0.511285 0.090523 0.109118 0.112002 0.109118 0.090523 0.511285 0.083727 0.092736 -0.864211 0.092736 0.083727 0.000000 
5.000000e-01 5.000000e-01 4.999837e-03 5.000000e-01 5.000000e-01 7.906866e-01 -0.516770 0.091379 0.110324 0.113364 0.110324 0.091379 0.516770 0.082831 0.091542 -0.865516 0.091542 0.082831 0.000000 
5.000000e-01 5.000000e-01 4.999837e-03 5.000000e-01 5.000000e-01 7.990283e-01 -0.522246 0.092225 0.111530 0.114735 0.111530 0.092225 0.522246 0.081931 0.090352 -0.866812 0.090352 0.081931 0.000000 
5.000000e-01 5.000000e-01 4.999837e-03 5.000000e-01 5.000000e-01 8.073553e-01 -0.527713 0.093061 0.112737 0.116117 0.112737 0.093061 0.527712 0.081027 0.089165 -0.868097 0.089165 0.081027 0.000000 
5.000000e-01 5.000000e-01 4.999837e-03 5.000000e-01 5.000000e-01 8.156677e-01 -0.533169 0.093887 0.113943 0.117508 0.113943 0.093887 0.533169 0.080120 0.087982 -0.869374 0.087982 0.080120 0.000000 
5.000000e-01 5.000000e-01 4.999837e-03 5.000000e-01 5.000000e-01 8.239651e-01 -0.538616 0.094703 0.115150 0.118909 0.115150 0.094703 0.538616 0.079211 0.086803 -0.870643 0.086803 0.079211 0.000000 
5.000000e-01 5.000000e-01 4.999837e-03 5.000000e-01 5.000000e-01 8.322474e-01 -0.544053 0.095509 0.116357 0.120320 0.116357 0.095509 0.544053 0.078299 0.085626 -0.871903 0.085626 0.078299 0.000000 
5.000000e-01 5.000000e-01 4.999837e-03 5.000000e-01 5.000000e-01 8.405146e-01 -0.549480 0.096303 0.117565 0.121742 0.117565 0.096303 0.549480 0.077385 0.084453 -0.873157 0.084453 0.077385 0.000000 
5.000000e-01 5.000000e-01 4.999837e-03 5.000000e-01 5.000000e-01 8.487665e-01 -0.554897 0.097085 0.118774 0.123179 0.118774 0.097085 0.554897 0.076468 0.083284 -0.874401 0.083284 0.076468 0.000000 
5.000000e-01 5.000000e-01 4.999837e-03 5.000000e-01 5.000000e-01 8.570028e-01 -0.560303 0.097853 0.119983 0.124629 0.119983 0.097853 0.560303 0.075549 0.082118 -0.875639 0.082118 0.075549 0.000000 
5.000000e-01 5.000000e-01 4.999837e-03 5.000000e-01 5.000000e-01 8.652235e-01 -0.565700 0.098610 0.121193 0.126093 0.121193 0.098610 0.565700 0.074629 0.080955 -0.876869 0.080955 0.074629 0.000000 
5.000000e-01 5.000000e-01 4.999837e-03 5.000000e-01 5.000000e-01 8.734284e-01 -0.571086 0.099353 0.122404 0.127570 0.122404 0.099353 0.571086 0.073708 0.079796 -0.878093 0.079796 0.073708 0.000000 
5.000000e-01 5.000000e-01 4.999837e-03 5.000000e-01 5.000000e-01 8.816172e-01 -0.576461 0.100083 0.123616 0.129062 0.123616 0.100083 0.576461 0.072785 0.078639 -0.879310 0.078639 0.072785 0.000000 
5.000000e-01 5.000000e-01 4.999837e-03 5.000000e-01 5.000000e-01 8.897900e-01 -0.581826 0.100799 0.124829 0.130570 0.124829 0.100799 0.581826 0.071862 0.077486 -0.880522 0.077486 0.071862 0.000000 
5.000000e-01 5.000000e-01 4.999837e-03 5.000000e-01 5.000000e-01 8.979464e-01 -0.587180 0.101498 0.126043 0.132099 0.126043 0.101498 0.587180 0.070937 0.076336 -0.881726 0.076336 0.070937 0.000000 
5.000000e-01 5.000000e-01 4.999837e-03 5.000000e-01 5.000000e-01 9.060864e-01 -0.592524 0.102180 0.127258 0.133646 0.127258 0.102180 0.592523 0.070012 0.075189 -0.882924 0.075189 0.070012 0.000000 
5.000000e-01 5.000000e-01 4.999837e-03 5.000000e-01 5.000000e-01 9.142097e-01 -0.597856 0.102848 0.128475 0.135210 0.128475 0.102848 0.597856 0.069086 0.074045 -0.884117 0.074045 0.069086 0.000000 
5.000000e-01 5.000000e-01 4.999837e-03 5.000000e-01 5.000000e-01 9.223161e-01 -0.603177 0.103499 0.129693 0.136794 0.129693 0.103499 0.603177 0.068160 0.072904 -0.885305 0.072904 0.068160 0.000000 
5.000000e-01 5.000000e-01 4.999837e-03 5.000000e-01 5.000000e-01 9.304056e-01 -0.608487 0.104133 0.130912 0.138398 0.130912 0.104133 0.608487 0.067233 0.071766 -0.886487 0.071766 0.067233 0.000000 
5.000000e-01 5.000000e-01 4.999837e-03 5.000000e-01 5.000000e-01 9.384779e-01 -0.613786 0.104746 0.132133 0.140029 0.132133 0.104746 0.613786 0.066307 0.070632 -0.887663 0.070632 0.066307 0.000000 
5.000000e-01 5.000000e-01 4.999837e-03 5.000000e-01 5.000000e-01 9.465328e-01 -0.619074 0.105339 0.133355 0.141685 0.133355 0.105339 0.619074 0.065380 0.069500 -0.888834 0.069500 0.065380 0.000000 
5.000000e-01 5.000000e-01 4.999837e-03 5.000000e-01 5.000000e-01 9.545702e-01 -0.624349 0.105913 0.134580 0.143365 0.134580 0.105913 0.624349 0.064454 0.068372 -0.890000 0.068372 0.064454 0.000000 
5.000000e-01 5.000000e-01 4.999837e-03 5.000000e-01 5.000000e-01 9.625898e-01 -0.629614 0.106467 0.135805 0.145070 0.135805 0.106467 0.629614 0.063528 0.067246 -0.891162 0.067246 0.063528 0.000000 
5.000000e-01 5.000000e-01 4.999837e-03 5.000000e-01 5.000000e-01 9.705915e-01 -0.634866 0.107001 0.137032 0.146800 0.137032 0.107001 0.634866 0.062603 0.066123 -0.892318 0.066123 0.062603 0.000000 
5.000000e-01 5.000000e-01 4.999837e-03 5.000000e-01 5.000000e-01 9.785751e-01 -0.640107 0.107508 0.138262 0.148566 0.138262 0.107508 0.640107 0.061677 0.065004 -0.893470 0.065004 0.061677 0.000000 
5.000000e-01 5.000000e-01 4.999837e-03 5.000000e-01 5.000000e-01 9.865404e-01 -0.645335 0.107992 0.139493 0.150365 0.139493 0.107992 0.645335 0.060753 0.063888 -0.894617 0.063888 0.060753 0.000000 
5.000000e-01 5.000000e-01 4.999837e-03 5.000000e-01 5.000000e-01 9.944871e-01 -0.650551 0.108452 0.140726 0.152195 0.140726 0.108452 0.650551 0.059829 0.062774 -0.895759 0.062774 0.059829 0.000000 
5.000000e-01 5.000000e-01 4.999837e-03 5.000000e-01 5.000000e-01 1.002415e+00 -0.655755 0.108888 0.141961 0.154057 0.141961 0.108888 0.655755 0.058907 0.061664 -0.896897 0.061664 0.058907 0.000000 
5.000000e-01 5.000000e-01 4.999837e-03 5.000000e-01 5.000000e-01 1.010324e+00 -0.660947 0.109300 0.143197 0.155953 0.143197 0.109300 0.660947 0.057985 0.060557 -0.898030 0.060557 0.057985 0.000000 
5.000000e-01 5.000000e-01 4.999837e-03 5.000000e-01 5.000000e-01 1.018214e+00 -0.666126 0.109679 0.144435 0.157897 0.144435 0.109679 0.666126 0.057064 0.059452 -0.899159 0.059452 0.057064 0.000000 
5.000000e-01 5.000000e-01 4.999837e-03 5.000000e-01 5.000000e-01 1.026085e+00 -0.671292 0.110029 0.145675 0.159883 0.145675 0.110029 0.671292 0.056145 0.058351 -0.900284 0.058351 0.056145 0.000000 
5.000000e-01 5.000000e-01 4.999837e-03 5.000000e-01 5.000000e-01 1.033936e+00 -0.676445 0.110352 0.146917 0.161908 0.146917 0.110352 0.676445 0.055226 0.057253 -0.901404 0.057253 0.055226 0.000000 
5.000000e-01 5.000000e-01 4.999837e-03 5.000000e-01 5.000000e-01 1.041767e+00 -0.681585 0.110646 0.148159 0.163976 0.148159 0.110646 0.681585 0.054309 0.056158 -0.902521 0.056158 0.054309 0.000000 
5.000000e-01 5.000000e-01 4.999837e-03 5.000000e-01 5.000000e-01 1.049578e+00 -0.686712 0.110908 0.149403 0.166090 0.149403 0.110908 0.686712 0.053394 0.055066 -0.903633 0.055066 0.053394 0.000000 
5.000000e-01 5.000000e-01 4.999837e-03 5.000000e-01 5.000000e-01 1.057369e+00 -0.691826 0.111131 0.150648 0.168268 0.150648 0.111131 0.691826 0.052479 0.053978 -0.904741 0.053978 0.052479 0.000000 
5.000000e-01 5.000000e-01 4.999837e-03 5.000000e-01 5.000000e-01 1.065140e+00 -0.696927 0.111321 0.151894 0.170496 0.151894 0.111321 0.696927 0.051567 0.052892 -0.905845 0.052892 0.051567 0.000000 
5.000000e-01 5.000000e-01 4.999837e-03 5.000000e-01 5.000000e-01 1.072890e+00 -0.702013 0.111479 0.153140 0.172775 0.153140 0.111479 0.702013 0.050656 0.051810 -0.906944 0.051810 0.050656 0.000000 
5.000000e-01 5.000000e-01 4.999837e-03 5.000000e-01 5.000000e-01 1.080619e+00 -0.707086 0.111603 0.154386 0.175109 0.154386 0.111603 0.707086 0.049747 0.050730 -0.908040 0.050730 0.049747 0.000000 
5.000000e-01 5.000000e-01 4.999837e-03 5.000000e-01 5.000000e-01 1.088327e+00 -0.712145 0.111681 0.155632 0.177518 0.155632 0.111681 0.712145 0.048839 0.049654 -0.909132 0.049654 0.048839 0.000000 
5.000000e-01 5.000000e-01 4.999837e-03 5.000000e-01 5.000000e-01 1.096013e+00 -0.717190 0.111719 0.156877 0.179997 0.156877 0.111719 0.717190 0.047933 0.048582 -0.910220 0.048582 0.047933 0.000000 
5.000000e-01 5.000000e-01 4.999837e-03 5.000000e-01 5.000000e-01 1.103678e+00 -0.722221 0.111720 0.158121 0.182539 0.158121 0.111720 0.722221 0.047030 0.047512 -0.911304 0.047512 0.047030 0.000000 
5.000000e-01 5.000000e-01 4.999837e-03 5.000000e-01 5.000000e-01 1.111321e+00 -0.727237 0.111682 0.159362 0.185148 0.159362 0.111682 0.727237 0.046128 0.046446 -0.912384 0.046446 0.046128 0.000000 
5.000000e-01 5.000000e-01 4.999837e-03 5.000000e-01 5.000000e-01 1.118941e+00 -0.732239 0.111597 0.160601 0.187842 0.160601 0.111597 0.732239 0.045228 0.045383 -0.913460 0.045383 0.045228 0.000000 
5.000000e-01 5.000000e-01 4.999837e-03 5.000000e-01 5.000000e-01 1.126540e+00 -0.737225 0.111460 0.161836 0.190632 0.161836 0.111460 0.737225 0.044330 0.044323 -0.914532 0.044323 0.044330 0.000000 
5.000000e-01 5.000000e-01 4.999837e-03 5.000000e-01 5.000000e-01 1.134115e+00 -0.742197 0.111282 0.163067 0.193501 0.163067 0.111282 0.742197 0.043435 0.043266 -0.915600 0.043266 0.043435 0.000000 
5.000000e-01 5.000000e-01 4.999837e-03 5.000000e-01 5.000000e-01 1.141668e+00 -0.747154 0.111060 0.164291 0.196452 0.164291 0.111060 0.747154 0.042542 0.042213 -0.916665 0.042213 0.042542 0.000000 
5.000000e-01 5.000000e-01 4.999837e-03 5.000000e-01 5.000000e-01 1.149197e+00 -0.752096 0.110787 0.165509 0.199503 0.165509 0.110787 0.752096 0.041651 0.041164 -0.917725 0.041164 0.041651 0.000000 
5.000000e-01 5.000000e-01 4.999837e-03 5.000000e-01 5.000000e-01 1.156703e+00 -0.757022 0.110453 0.166718 0.202680 0.166718 0.110453 0.757022 0.040762 0.040117 -0.918781 0.040117 0.040762 0.000000 
5.000000e-01 5.000000e-01 4.999837e-03 5.000000e-01 5.000000e-01 1.164185e+00 -0.761932 0.110072 0.167916 0.205955 0.167916 0.110072 0.761932 0.039876 0.039075 -0.919834 0.039075 0.039876 0.000000 
5.000000e-01 5.000000e-01 4.999837e-03 5.000000e-01 5.000000e-01 1.171643e+00 -0.766826 0.109643 0.169104 0.209331 0.169104 0.109643 0.766826 0.038992 0.038035 -0.920882 0.038035 0.038992 0.000000 
5.000000e-01 5.000000e-01 4.999837e-03 5.000000e-01 5.000000e-01 1.179077e+00 -0.771705 0.109157 0.170279 0.212834 0.170279 0.109157 0.771705 0.038111 0.037000 -0.921927 0.037000 0.038111 0.000000 
5.000000e-01 5.000000e-01 4.999837e-03 5.000000e-01 5.000000e-01 1.186486e+00 -0.776567 0.108602 0.171434 0.216494 0.171434 0.108602 0.776567 0.037233 0.035968 -0.922968 0.035968 0.037233 0.000000 
5.000000e-01 5.000000e-01 4.999837e-03 5.000000e-01 5.000000e-01 1.193870e+00 -0.781413 0.107996 0.172573 0.220275 0.172573 0.107996 0.781413 0.036357 0.034939 -0.924004 0.034939 0.036357 0.000000 
5.000000e-01 5.000000e-01 4.999837e-03 5.000000e-01 5.000000e-01 1.201229e+00 -0.786242 0.107338 0.173693 0.224181 0.173693 0.107338 0.786242 0.035483 0.033914 -0.925037 0.033914 0.035483 0.000000 
5.000000e-01 5.000000e-01 4.999837e-03 5.000000e-01 5.000000e-01 1.208562e+00 -0.791054 0.106610 0.174787 0.228261 0.174787 0.106610 0.791054 0.034613 0.032893 -0.926066 0.032893 0.034613 0.000000 
5.000000e-01 5.000000e-01 4.999837e-03 5.000000e-01 5.000000e-01 1.215869e+00 -0.795850 0.105812 0.175850 0.232526 0.175850 0.105812 0.795850 0.033745 0.031875 -0.927090 0.031875 0.033745 0.000000 
5.000000e-01 5.000000e-01 4.999837e-03 5.000000e-01 5.000000e-01 1.223150e+00 -0.800628 0.104959 0.176884 0.236940 0.176884 0.104959 0.800628 0.032880 0.030861 -0.928111 0.030861 0.032880 0.000000 
5.000000e-01 5.000000e-01 4.999837e-03 5.000000e-01 5.000000e-01 1.230405e+00 -0.805388 0.104051 0.177889 0.241506 0.177889 0.104051 0.805388 0.032018 0.029851 -0.929128 0.029851 0.032018 0.000000 
5.000000e-01 5.000000e-01 4.999837e-03 5.000000e-01 5.000000e-01 1.237633e+00 -0.810131 0.103055 0.178844 0.246333 0.178844 0.103055 0.810131 0.031159 0.028845 -0.930140 0.028845 0.031159 0.000000 
5.000000e-01 5.000000e-01 4.999837e-03 5.000000e-01 5.000000e-01 1.244833e+00 -0.814856 0.101996 0.179754 0.251356 0.179754 0.101996 0.814856 0.030303 0.027843 -0.931148 0.027843 0.030303 0.000000 
5.000000e-01 5.000000e-01 4.999837e-03 5.000000e-01 5.000000e-01 1.252006e+00 -0.819563 0.100878 0.180622 0.256563 0.180622 0.100878 0.819563 0.029450 0.026844 -0.932152 0.026844 0.029450 0.000000 
5.000000e-01 5.000000e-01 4.999837e-03 5.000000e-01 5.000000e-01 1.259152e+00 -0.824252 0.099691 0.181434 0.262002 0.181434 0.099691 0.824252 0.028600 0.025850 -0.933152 0.025850 0.028600 0.000000 
5.000000e-01 5.000000e-01 4.999837e-03 5.000000e-01 5.000000e-01 1.266269e+00 -0.828922 0.098414 0.182168 0.267758 0.182168 0.098414 0.828922 0.027754 0.024859 -0.934148 0.024859 0.027754 0.000000 
5.000000e-01 5.000000e-01 4.999837e-03 5.000000e-01 5.000000e-01 1.273357e+00 -0.833573 0.097077 0.182841 0.273737 0.182841 0.097077 0.833573 0.026910 0.023873 -0.935140 0.023873 0.026910 0.000000 
5.000000e-01 5.000000e-01 4.999837e-03 5.000000e-01 5.000000e-01 1.280416e+00 -0.838205 0.095682 0.183450 0.279940 0.183450 0.095682 0.838205 0.026070 0.022891 -0.936127 0.022891 0.026070 0.000000 
5.000000e-01 5.000000e-01 4.999837e-03 5.000000e-01 5.000000e-01 1.287447e+00 -0.842819 0.094187 0.183945 0.286553 0.183945 0.094187 0.842819 0.025233 0.021912 -0.937110 0.021912 0.025233 0.000000 
5.000000e-01 5.000000e-01 4.999837e-03 5.000000e-01 5.000000e-01 1.294447e+00 -0.847412 0.092626 0.184348 0.293463 0.184348 0.092626 0.847412 0.024400 0.020938 -0.938088 0.020938 0.024400 0.000000 
5.000000e-01 5.000000e-01 4.999837e-03 5.000000e-01 5.000000e-01 1.301418e+00 -0.851986 0.091006 0.184665 0.300645 0.184665 0.091006 0.851986 0.023570 0.019968 -0.939063 0.019968 0.023570 0.000000 
5.000000e-01 5.000000e-01 4.999837e-03 5.000000e-01 5.000000e-01 1.308358e+00 -0.856541 0.089300 0.184849 0.308243 0.184849 0.089300 0.856541 0.022743 0.019003 -0.940032 0.019003 0.022743 0.000000 
5.000000e-01 5.000000e-01 4.999837e-03 5.000000e-01 5.000000e-01 1.315267e+00 -0.861075 0.087511 0.184885 0.316283 0.184885 0.087511 0.861075 0.021920 0.018041 -0.940998 0.018041 0.021920 0.000000 
5.000000e-01 5.000000e-01 4.999837e-03 5.000000e-01 5.000000e-01 1.322145e+00 -0.865589 0.085664 0.184805 0.324650 0.184805 0.085664 0.865588 0.021100 0.017084 -0.941959 0.017084 0.021100 0.000000 
5.000000e-01 5.000000e-01 4.999837e-03 5.000000e-01 5.000000e-01 1.328992e+00 -0.870082 0.083744 0.184571 0.333452 0.184571 0.083744 0.870082 0.020285 0.016132 -0.942915 0.016132 0.020285 0.000000 
5.000000e-01 5.000000e-01 4.999837e-03 5.000000e-01 5.000000e-01 1.335806e+00 -0.874554 0.081730 0.184115 0.342865 0.184115 0.081730 0.874554 0.019472 0.015184 -0.943867 0.015184 0.019472 0.000000 
5.000000e-01 5.000000e-01 4.999837e-03 5.000000e-01 5.000000e-01 1.342588e+00 -0.879006 0.079661 0.183507 0.352671 0.183507 0.079661 0.879006 0.018664 0.014240 -0.944814 0.014240 0.018664 0.000000 
5.000000e-01 5.000000e-01 4.999837e-03 5.000000e-01 5.000000e-01 1.349338e+00 -0.883437 0.077528 0.182714 0.362953 0.182714 0.077528 0.883437 0.017859 0.013301 -0.945756 0.013301 0.017859 0.000000 
5.000000e-01 5.000000e-01 4.999837e-03 5.000000e-01 5.000000e-01 1.356054e+00 -0.887846 0.075296 0.181610 0.374035 0.181610 0.075296 0.887846 0.017058 0.012366 -0.946694 0.012366 0.017058 0.000000 
5.000000e-01 5.000000e-01 4.999837e-03 5.000000e-01 5.000000e-01 1.362737e+00 -0.892235 0.073014 0.180310 0.385585 0.180310 0.073014 0.892235 0.016261 0.011436 -0.947628 0.011436 0.016261 0.000000 
5.000000e-01 5.000000e-01 4.999837e-03 5.000000e-01 5.000000e-01 1.369386e+00 -0.896601 0.070674 0.178779 0.397695 0.178779 0.070674 0.896601 0.015467 0.010510 -0.948556 0.010510 0.015467 0.000000 
5.000000e-01 5.000000e-01 4.999837e-03 5.000000e-01 5.000000e-01 1.376000e+00 -0.900947 0.068238 0.176835 0.410801 0.176835 0.068238 0.900947 0.014677 0.009589 -0.949480 0.009589 0.014677 0.000000 
5.000000e-01 5.000000e-01 4.999837e-03 5.000000e-01 5.000000e-01 1.382580e+00 -0.905270 0.065759 0.174648 0.424456 0.174648 0.065759 0.905270 0.013892 0.008673 -0.950399 0.008673 0.013892 0.000000 
5.000000e-01 5.000000e-01 4.999837e-03 5.000000e-01 5.000000e-01 1.389125e+00 -0.909572 0.063222 0.172152 0.438825 0.172152 0.063222 0.909572 0.013110 0.007761 -0.951314 0.007761 0.013110 0.000000 
5.000000e-01 5.000000e-01 4.999837e-03 5.000000e-01 5.000000e-01 1.395634e+00 -0.913853 0.060601 0.169145 0.454361 0.169145 0.060601 0.913853 0.012332 0.006854 -0.952224 0.006854 0.012332 0.000000 
5.000000e-01 5.000000e-01 4.999837e-03 5.000000e-01 5.000000e-01 1.402108e+00 -0.918112 0.057944 0.165850 0.470525 0.165850 0.057944 0.918111 0.011557 0.005951 -0.953129 0.005951 0.011557 0.000000 
5.000000e-01 5.000000e-01 4.999837e-03 5.000000e-01 5.000000e-01 1.408546e+00 -0.922349 0.055227 0.162112 0.487670 0.162112 0.055227 0.922349 0.010787 0.005053 -0.954030 0.005053 0.010787 0.000000 
5.000000e-01 5.000000e-01 4.999837e-03 5.000000e-01 5.000000e-01 1.414947e+00 -0.926566 0.052445 0.157802 0.506073 0.157802 0.052445 0.926566 0.010020 0.004160 -0.954926 0.004160 0.010020 0.000000 
5.000000e-01 5.000000e-01 4.999837e-03 5.000000e-01 5.000000e-01 1.421311e+00 -0.930761 0.049634 0.153165 0.525163 0.153165 0.049634 0.930761 0.009258 0.003271 -0.955818 0.003271 0.009258 0.000000 
5.000000e-01 5.000000e-01 4.999837e-03 5.000000e-01 5.000000e-01 1.427639e+00 -0.934936 0.046759 0.147879 0.545659 0.147879 0.046759 0.934936 0.008498 0.002386 -0.956705 0.002386 0.008498 0.000000 
5.000000e-01 5.000000e-01 4.999837e-03 5.000000e-01 5.000000e-01 1.433930e+00 -0.939092 0.043843 0.142037 0.567332 0.142037 0.043843 0.939092 0.007743 0.001505 -0.957588 0.001505 0.007743 0.000000 
5.000000e-01 5.000000e-01 4.999837e-03 5.000000e-01 5.000000e-01 1.440183e+00 -0.943225 0.040905 0.135851 0.589714 0.135851 0.040905 0.943225 0.006991 0.000629 -0.958466 0.000629 0.006991 0.000000 
5.000000e-01 5.000000e-01 4.999837e-03 5.000000e-01 5.000000e-01 1.446399e+00 -0.947343 0.037899 0.128721 0.614102 0.128721 0.037899 0.947343 0.006242 -0.000243 -0.959341 -0.000243 0.006242 0.000000 
5.000000e-01 5.000000e-01 4.999837e-03 5.000000e-01 5.000000e-01 1.452577e+00 -0.951439 0.034877 0.121190 0.639305 0.121190 0.034877 0.951439 0.005497 -0.001111 -0.960211 -0.001111 0.005497 0.000000 
5.000000e-01 5.000000e-01 4.999837e-03 5.000000e-01 5.000000e-01 1.458717e+00 -0.955517 0.031827 0.113086 0.665691 0.113086 0.031827 0.955517 0.004756 -0.001976 -0.961078 -0.001976 0.004756 0.000000 
5.000000e-01 5.000000e-01 4.999837e-03 5.000000e-01 5.000000e-01 1.464819e+00 -0.959579 0.028736 0.104174 0.693759 0.104174 0.028736 0.959579 0.004017 -0.002836 -0.961940 -0.002836 0.004017 0.000000 
5.000000e-01 5.000000e-01 4.999837e-03 5.000000e-01 5.000000e-01 1.470882e+00 -0.963619 0.025640 0.094934 0.722470 0.094934 0.025640 0.963619 0.003282 -0.003693 -0.962799 -0.003693 0.003282 0.000000 
5.000000e-01 5.000000e-01 4.999837e-03 5.000000e-01 5.000000e-01 1.476907e+00 -0.967645 0.022508 0.084845 0.752938 0.084845 0.022508 0.967645 0.002550 -0.004546 -0.963654 -0.004546 0.002550 0.000000 
5.000000e-01 5.000000e-01 4.999837e-03 5.000000e-01 5.000000e-01 1.482893e+00 -0.971651 0.019370 0.074346 0.784219 0.074346 0.019370 0.971651 0.001821 -0.005395 -0.964505 -0.005395 0.001821 0.000000 
5.000000e-01 5.000000e-01 4.999837e-03 5.000000e-01 5.000000e-01 1.488839e+00 -0.975637 0.016224 0.063411 0.816367 0.063411 0.016224 0.975637 0.001096 -0.006239 -0.965352 -0.006239 0.001096 0.000000 
5.000000e-01 5.000000e-01 4.999837e-03 5.000000e-01 5.000000e-01 1.494745e+00 -0.979606 0.013064 0.051885 0.849708 0.051885 0.013064 0.979606 0.000374 -0.007080 -0.966195 -0.007080 0.000374 0.000000 
5.000000e-01 5.000000e-01 4.999837e-03 5.000000e-01 5.000000e-01 1.500610e+00 -0.983550 0.009915 0.040214 0.883292 0.040214 0.009915 0.983550 -0.000343 -0.007916 -0.967032 -0.007916 -0.000343 0.000000 
5.000000e-01 5.000000e-01 4.999837e-03 5.000000e-01 5.000000e-01 1.506433e+00 -0.987474 0.006762 0.028088 0.917774 0.028088 0.006762 0.987474 -0.001057 -0.008747 -0.967866 -0.008747 -0.001057 0.000000 
5.000000e-01 5.000000e-01 4.999837e-03 5.000000e-01 5.000000e-01 1.512218e+00 -0.991375 0.003622 0.015919 0.952294 0.015919 0.003622 0.991375 -0.001766 -0.009574 -0.968694 -0.009574 -0.001766 0.000000 
5.000000e-01 5.000000e-01 4.999837e-03 5.000000e-01 5.000000e-01 1.515004e+00 -0.993255 0.002106 0.009964 0.969115 0.009964 0.002106 0.993255 -0.002108 -0.009972 -0.969094 -0.009972 -0.002108 0.000000 
5.000000e-01 5.000000e-01 4.999837e-03 5.000000e-01 5.000000e-01 1.515004e+00 -0.993255 0.002106 0.009964 0.969115 0.009964 0.002106 0.993255 -0.002108 -0.009972 -0.969094 -0.009972 -0.002108 0.000000 
5.000000e-01 5.000000e-01 4.999837e-03 5.000000e-01 5.000000e-01 1.515004e+00 -0.993255 0.002106 0.009964 0.969115 0.009964 0.002106 0.993255 -0.002108 -0.009972 -0.969094 -0.009972 -0.002108 0.000000 
5.000000e-01 5.000000e-01 4.999837e-03 5.000000e-01 5.000000e-01 1.515004e+00 -0.993255 0.002106 0.009964 0.969115 0.009964 0.002106 0.993255 -0.002108 -0.009972 -0.969094 -0.009972 -0.002108 0.000000 
5.000000e-01 5.000000e-01 4.999837e-03 5.000000e-01 5.000000e-01 1.515004e+00 -0.993255 0.002106 0.009964 0.969115 0.009964 0.002106 0.993255 -0.002108 -0.009972 -0.969094 -0.009972 -0.002108 0.000000 
5.000000e-01 5.000000e-01 4.999837e-03 5.000000e-01 5.000000e-01 1.515004e+00 -0.993255 0.002106 0.009964 0.969115 0.009964 0.002106 0.993255 -0.002108 -0.009972 -0.969094 -0.009972 -0.002108 0.000000 
5.000000e-01 5.000000e-01 4.999837e-03 5.000000e-01 5.000000e-01 1.515004e+00 -0.993255 0.002106 0.009964 0.969115 0.009964 0.002106 0.993255 -0.002108 -0.009972 -0.969094 -0.009972 -0.002108 0.000000 
5.000000e-01 5.000000e-01 4.999837e-03 5.000000e-01 5.000000e-01 1.515004e+00 -0.993255 0.002106 0.009964 0.969115 0.009964 0.002106 0.993255 -0.002108 -0.009972 -0.969094 -0.009972 -0.002108 0.000000 
5.000000e-01 5.000000e-01 4.999837e-03 5.000000e-01 5.000000e-01 1.515004e+00 -0.993255 0.002106 0.009964 0.969115 0.009964 0.002106 0.993255 -0.002108 -0.009972 -0.969094 -0.009972 -0.002108 0.000000 
5.000000e-01 5.000000e-01 4.999837e-03 5.000000e-01 5.000000e-01 1.515004e+00 -0.993255 0.002106 0.009964 0.969115 0.009964 0.002106 0.993255 -0.002108 -0.009972 -0.969094 -0.009972 -0.002108 0.000000 
5.000000e-01 5.000000e-01 4.999837e-03 5.000000e-01 5.000000e-01 1.515004e+00 -0.993255 0.002106 0.009964 0.969115 0.009964 0.002106 0.993255 -0.002108 -0.009972 -0.969094 -0.009972 -0.002108 0.000000 
5.000000e-01 5.000000e-01 4.999837e-03 5.000000e-01 5.000000e-01 1.515004e+00 -0.993255 0.002106 0.009964 0.969115 0.009964 0.002106 0.993255 -0.002108 -0.009972 -0.969094 -0.009972 -0.002108 0.000000 
5.000000e-01 5.000000e-01 4.999837e-03 5.000000e-01 5.000000e-01 1.515004e+00 -0.993255 0.002106 0.009964 0.969115 0.009964 0.002106 0.993255 -0.002108 -0.009972 -0.969094 -0.009972 -0.002108 0.000000 
5.000000e-01 5.000000e-01 4.999837e-03 5.000000e-01 5.000000e-01 1.515004e+00 -0.993255 0.002106 0.009964 0.969115 0.009964 0.002106 0.993255 -0.002108 -0.009972 -0.969094 -0.009972 -0.002108 0.000000 
5.000000e-01 5.000000e-01 4.999837e-03 5.000000e-01 5.000000e-01 1.515004e+00 -0.993255 0.002106 0.009964 0.969115 0.009964 0.002106 0.993255 -0.002108 -0.009972 -0.969094 -0.009972 -0.002108 0.000000 
5.000000e-01 5.000000e-01 4.999837e-03 5.000000e-01 5.000000e-01 1.515004e+00 -0.993255 0.002106 0.009964 0.969115 0.009964 0.002106 0.993255 -0.002108 -0.009972 -0.969094 -0.009972 -0.002108 0.000000 
5.000000e-01 5.000000e-01 4.999837e-03 5.000000e-01 5.000000e-01 1.515004e+00 -0.993255 0.002106 0.009964 0.969115 0.009964 0.002106 0.993255 -0.002108 -0.009972 -0.969094 -0.009972 -0.002108 0.000000 
5.000000e-01 5.000000e-01 4.999837e-03 5.000000e-01 5.000000e-01 1.515004e+00 -0.993255 0.002106 0.009964 0.969115 0.009964 0.002106 0.993255 -0.002108 -0.009972 -0.969094 -0.009972 -0.002108 0.000000 
5.000000e-01 5.000000e-01 4.999837e-03 5.000000e-01 5.000000e-01 1.515004e+00 -0.993255 0.002106 0.009964 0.969115 0.009964 0.002106 0.993255 -0.002108 -0.009972 -0.969094 -0.009972 -0.002108 0.000000 
5.000000e-01 5.000000e-01 4.999837e-03 5.000000e-01 5.000000e-01 1.515004e+00 -0.993255 0.002106 0.009964 0.969115 0.009964 0.002106 0.993255 -0.002108 -0.009972 -0.969094 -0.009972 -0.002108 0.000000 
5.000000e-01 5.000000e-01 4.999837e-03 5.000000e-01 5.000000e-01 1.515004e+00 -0.993255 0.002106 0.009964 0.969115 0.009964 0.002106 0.993255 -0.002108 -0.009972 -0.969094 -0.009972 -0.002108 0.000000 
5.000000e-01 5.000000e-01 4.999837e-03 5.000000e-01 5.000000e-01 1.515004e+00 -0.993255 0.002106 0.009964 0.969115 0.009964 0.002106 0.993255 -0.002108 -0.009972 -0.969094 -0.009972 -0.002108 0.000000 
5.000000e-01 5.000000e-01 4.999837e-03 5.000000e-01 5.000000e-01 1.515004e+00 -0.993255 0.002106 0.009964 0.969115 0.009964 0.002106 0.993255 -0.002108 -0.009972 -0.969094 -0.009972 -0.002108 0.000000 
5.000000e-01 5.000000e-01 4.999837e-03 5.000000e-01 5.000000e-01 1.515004e+00 -0.993255 0.002106 0.009964 0.969115 0.009964 0.002106 0.993255 -0.002108 -0.009972 -0.969094 -0.009972 -0.002108 0.000000 
5.000000e-01 5.000000e-01 4.999837e-03 5.000000e-01 5.000000e-01 1.515004e+00 -0.993255 0.002106 0.009964 0.969115 0.009964 0.002106 0.993255 -0.002108 -0.009972 -0.969094 -0.009972 -0.002108 0.000000 
5.000000e-01 5.000000e-01 4.999837e-03 5.000000e-01 5.000000e-01 1.515004e+00 -0.993255 0.002106 0.009964 0.969115 0.009964 0.002106 0.993255 -0.002108 -0.009972 -0.969094 -0.009972 -0.002108 0.000000 
5.000000e-01 5.000000e-01 4.999837e-03 5.000000e-01 5.000000e-01 1.515004e+00 -0.993255 0.002106 0.009964 0.969115 0.009964 0.002106 0.993255 -0.002108 -0.009972 -0.969094 -0.009972 -0.002108 0.000000 
5.000000e-01 5.000000e-01 4.999837e-03 5.000000e-01 5.000000e-01 1.515004e+00 -0.993255 0.002106 0.009964 0.969115 0.009964 0.002106 0.993255 -0.002108 -0.009972 -0.969094 -0.009972 -0.002108 0.000000 
5.000000e-01 5.000000e-01 4.999837e-03 5.000000e-01 5.000000e-01 1.515004e+00 -0.993255 0.002106 0.009964 0.969115 0.009964 0.002106 0.993255 -0.002108 -0.009972 -0.969094 -0.009972 -0.002108 0.000000 
5.000000e-01 5.000000e-01 4.999837e-03 5.000000e-01 5.000000e-01 1.515004e+00 -0.993255 0.002106 0.009964 0.969115 0.009964 0.002106 0.993255 -0.002108 -0.009972 -0.969094 -0.009972 -0.002108 0.000000 
5.000000e-01 5.000000e-01 4.999837e-03 5.000000e-01 5.000000e-01 1.515004e+00 -0.993255 0.002106 0.009964 0.969115 0.009964 0.002106 0.993255 -0.002108 -0.009972 -0.969094 -0.009972 -0.002108 0.000000 
5.000000e-01 5.000000e-01 4.999837e-03 5.000000e-01 5.000000e-01 1.515004e+00 -0.993255 0.002106 0.009964 0.969115 0.009964 0.002106 0.993255 -0.002108 -0.009972 -0.969094 -0.009972 -0.002108 0.000000 
5.000000e-01 5.000000e-01 4.999837e-03 5.000000e-01 5.000000e-01 1.515004e+00 -0.993255 0.002106 0.009964 0.969115 0.009964 0.002106 0.993255 -0.002108 -0.009972 -0.969094 -0.009972 -0.002108 0.000000 
5.000000e-01 5.000000e-01 4.999837e-03 5.000000e-01 5.000000e-01 1.515004e+00 -0.993255 0.002106 0.009964 0.969115 0.009964 0.002106 0.993255 -0.002108 -0.009972 -0.969094 -0.009972 -0.002108 0.000000 
5.000000e-01 5.000000e-01 4.999837e-03 5.000000e-01 5.000000e-01 1.515004e+00 -0.993255 0.002106 0.009964 0.969115 0.009964 0.002106 0.993255 -0.002108 -0.009972 -0.969094 -0.009972 -0.002108 0.000000 
5.000000e-01 5.000000e-01 4.999837e-03 5.000000e-01 5.000000e-01 1.515004e+00 -0.993255 0.002106 0.009964 0.969115 0.009964 0.002106 0.993255 -0.002108 -0.009972 -0.969094 -0.009972 -0.002108 0.000000 
5.000000e-01 5.000000e-01 4.999837e-03 5.000000e-01 5.000000e-01 1.515004e+00 -0.993255 0.002106 0.009964 0.969115 0.009964 0.002106 0.993255 -0.002108 -0.009972 -0.969094 -0.009972 -0.002108 0.000000 
5.000000e-01 5.000000e-01 4.999837e-03 5.000000e-01 5.000000e-01 1.515004e+00 -0.993255 0.002106 0.009964 0.969115 0.009964 0.002106 0.993255 -0.002108 -0.009972 -0.969094 -0.009972 -0.002108 0.000000 
5.000000e-01 5.000000e-01 4.999837e-03 5.000000e-01 5.000000e-01 1.515004e+00 -0.993255 0.002106 0.009964 0.969115 0.009964 0.002106 0.993255 -0.002108 -0.009972 -0.969094 -0.009972 -0.002108 0.000000 
5.000000e-01 5.000000e-01 4.999837e-03 5.000000e-01 5.000000e-01 1.515004e+00 -0.993255 0.002106 0.009964 0.969115 0.009964 0.002106 0.993255 -0.002108 -0.009972 -0.969094 -0.009972 -0.002108 0.000000 
5.000000e-01 5.000000e-01 4.999837e-03 5.000000e-01 5.000000e-01 1.515004e+00 -0.993255 0.002106 0.009964 0.969115 0.009964 0.002106 0.993255 -0.002108 -0.009972 -0.969094 -0.009972 -0.002108 0.000000 
5.000000e-01 5.000000e-01 4.999837e-03 5.000000e-01 5.000000e-01 1.515004e+00 -0.993255 0.002106 0.009964 0.969115 0.009964 0.002106 0.993255 -0.002108 -0.009972 -0.969094 -0.009972 -0.002108 0.000000 
5.000000e-01 5.000000e-01 4.999837e-03 5.000000e-01 5.000000e-01 1.515004e+00 -0.993255 0.002106 0.009964 0.969115 0.009964 0.002106 0.993255 -0.002108 -0.009972 -0.969094 -0.009972 -0.002108 0.000000 
5.000000e-01 5.000000e-01 4.999837e-03 5.000000e-01 5.000000e-01 1.515004e+00 -0.993255 0.002106 0.009964 0.969115 0.009964 0.002106 0.993255 -0.002108 -0.009972 -0.969094 -0.009972 -0.002108 0.000000 
5.000000e-01 5.000000e-01 4.999837e-03 5.000000e-01 5.000000e-01 1.515004e+00 -0.993255 0.002106 0.009964 0.969115 0.009964 0.002106 0.993255 -0.002108 -0.009972 -0.969094 -0.009972 -0.002108 0.000000 
5.000000e-01 5.000000e-01 4.999837e-03 5.000000e-01 5.000000e-01 1.515004e+00 -0.993255 0.002106 0.009964 0.969115 0.009964 0.002106 0.993255 -0.002108 -0.009972 -0.969094 -0.009972 -0.002108 0.000000 
5.000000e-01 5.000000e-01 4.999837e-03 5.000000e-01 5.000000e-01 1.515004e+00 -0.993255 0.002106 0.009964 0.969115 0.009964 0.002106 0.993255 -0.002108 -0.009972 -0.969094 -0.009972 -0.002108 0.000000 
5.000000e-01 5.000000e-01 4.999837e-03 5.000000e-01 5.000000e-01 1.515004e+00 -0.993255 0.002106 0.009964 0.969115 0.009964 0.002106 0.993255 -0.002108 -0.009972 -0.969094 -0.009972 -0.002108 0.000000 
5.000000e-01 5.000000e-01 4.999837e-03 5.000000e-01 5.000000e-01 1.515004e+00 -0.993255 0.002106 0.009964 0.969115 0.009964 0.002106 0.993255 -0.002108 -0.009972 -0.969094 -0.009972 -0.002108 0.000000 
5.000000e-01 5.000000e-01 4.999837e-03 5.000000e-01 5.000000e-01 1.515004e+00 -0.993255 0.002106 0.009964 0.969115 0.009964 0.002106 0.993255 -0.002108 -0.009972 -0.969094 -0.009972 -0.002108 0.000000 
5.000000e-01 5.000000e-01 4.999837e-03 5.000000e-01 5.000000e-01 1.515004e+00 -0.993255 0.002106 0.009964 0.969115 0.009964 0.002106 0.993255 -0.002108 -0.009972 -0.969094 -0.009972 -0.002108 0.000000 
5.000000e-01 5.000000e-01 4.999837e-03 5.000000e-01 5.000000e-01 1.515004e+00 -0.993255 0.002106 0.009964 0.969115 0.009964 0.002106 0.993255 -0.002108 -0.009972 -0.969094 -0.009972 -0.002108 0.000000 
5.000000e-01 5.000000e-01 4.999837e-03 5.000000e-01 5.000000e-01 1.515004e+00 -0.993255 0.002106 0.009964 0.969115 0.009964 0.002106 0.993255 -0.002108 -0.009972 -0.969094 -0.009972 -0.002108 0.000000 
5.000000e-01 5.000000e-01 4.999837e-03 5.000000e-01 5.000000e-01 1.515004e+00 -0.993255 0.002106 0.009964 0.969115 0.009964 0.002106 0.993255 -0.002108 -0.009972 -0.969094 -0.009972 -0.002108 0.000000 
5.000000e-01 5.000000e-01 4.999837e-03 5.000000e-01 5.000000e-01 1.515004e+00 -0.993255 0.002106 0.009964 0.969115 0.009964 0.002106 0.993255 -0.002108 -0.009972 -0.969094 -0.009972 -0.002108 0.000000 
5.000000e-01 5.000000e-01 4.999837e-03 5.000000e-01 5.000000e-01 1.515004e+00 -0.993255 0.002106 0.009964 0.969115 0.009964 0.002106 0.993255 -0.002108 -0.009972 -0.969094 -0.009972 -0.002108 0.000000 
5.000000e-01 5.000000e-01 4.999837e-03 5.000000e-01 5.000000e-01 1.515004e+00 -0.993255 0.002106 0.009964 0.969115 0.009964 0.002106 0.993255 -0.002108 -0.009972 -0.969094 -0.009972 -0.002108 0.000000 
5.000000e-01 5.000000e-01 4.999837e-03 5.000000e-01 5.000000e-01 1.515004e+00 -0.993255 0.002106 0.009964 0.969115 0.009964 0.002106 0.993255 -0.002108 -0.009972 -0.969094 -0.009972 -0.002108 0.000000 
5.000000e-01 5.000000e-01 4.999837e-03 5.000000e-01 5.000000e-01 1.515004e+00 -0.993255 0.002106 0.009964 0.969115 0.009964 0.002106 0.993255 -0.002108 -0.009972 -0.969094 -0.009972 -0.002108 0.000000 
5.000000e-01 5.000000e-01 4.999837e-03 5.000000e-01 5.000000e-01 1.515004e+00 -0.993255 0.002106 0.009964 0.969115 0.009964 0.002106 0.993255 -0.002108 -0.009972 -0.969094 -0.009972 -0.002108 0.000000 
5.000000e-01 5.000000e-01 4.999837e-03 5.000000e-01 5.000000e-01 1.515004e+00 -0.993255 0.002106 0.009964 0.969115 0.009964 0.002106 0.993255 -0.002108 -0.009972 -0.969094 -0.009972 -0.002108 0.000000 
5.000000e-01 5.000000e-01 4.999837e-03 5.000000e-01 5.000000e-01 1.515004e+00 -0.993255 0.002106 0.009964 0.969115 0.009964 0.002106 0.993255 -0.002108 -0.009972 -0.969094 -0.009972 -0.002108 0.000000 
5.000000e-01 5.000000e-01 4.999837e-03 5.000000e-01 5.000000e-01 1.515004e+00 -0.993255 0.002106 0.009964 0.969115 0.009964 0.002106 0.993255 -0.002108 -0.009972 -0.969094 -0.009972 -0.002108 0.000000 
5.000000e-01 5.000000e-01 4.999837e-03 5.000000e-01 5.000000e-01 1.515004e+00 -0.993255 0.002106 0.009964 0.969115 0.009964 0.002106 0.993255 -0.002108 -0.009972 -0.969094 -0.009972 -0.002108 0.000000 
5.000000e-01 5.000000e-01 4.999837e-03 5.000000e-01 5.000000e-01 1.515004e+00 -0.993255 0.002106 0.009964 0.969115 0.009964 0.002106 0.993255 -0.002108 -0.009972 -0.969094 -0.009972 -0.002108 0.000000 
5.000000e-01 5.000000e-01 4.999837e-03 5.000000e-01 5.000000e-01 1.515004e+00 -0.993255 0.002106 0.009964 0.969115 0.009964 0.002106 0.993255 -0.002108 -0.009972 -0.969094 -0.009972 -0.002108 0.000000 
5.000000e-01 5.000000e-01 4.999837e-03 5.000000e-01 5.000000e-01 1.515004e+00 -0.993255 0.002106 0.009964 0.969115 0.009964 0.002106 0.993255 -0.002108 -0.009972 -0.969094 -0.009972 -0.002108 0.000000 
5.000000e-01 5.000000e-01 4.999837e-03 5.000000e-01 5.000000e-01 1.515004e+00 -0.993255 0.002106 0.009964 0.969115 0.009964 0.002106 0.993255 -0.002108 -0.009972 -0.969094 -0.009972 -0.002108 0.000000 
5.000000e-01 5.000000e-01 4.999837e-03 5.000000e-01 5.000000e-01 1.515004e+00 -0.993255 0.002106 0.009964 0.969115 0.009964 0.002106 0.993255 -0.002108 -0.009972 -0.969094 -0.009972 -0.002108 0.000000 
5.000000e-01 5.000000e-01 4.999837e-03 5.000000e-01 5.000000e-01 1.515004e+00 -0.993255 0.002106 0.009964 0.969115 0.009964 0.002106 0.993255 -0.002108 -0.009972 -0.969094 -0.009972 -0.002108 0.000000 
5.000000e-01 5.000000e-01 4.999837e-03 5.000000e-01 5.000000e-01 1.515004e+00 -0.993255 0.002106 0.009964 0.969115 0.009964 0.002106 0.993255 -0.002108 -0.009972 -0.969094 -0.009972 -0.002108 0.000000 
5.000000e-01 5.000000e-01 4.999837e-03 5.000000e-01 5.000000e-01 1.515004e+00 -0.993255 0.002106 0.009964 0.969115 0.009964 0.002106 0.993255 -0.002108 -0.009972 -0.969094 -0.009972 -0.002108 0.000000 
5.000000e-01 5.000000e-01 4.999837e-03 5.000000e-01 5.000000e-01 1.515004e+00 -0.993255 0.002106 0.009964 0.969115 0.009964 0.002106 0.993255 -0.002108 -0.009972 -0.969094 -0.009972 -0.002108 0.000000 
5.000000e-01 5.000000e-01 4.999837e-03 5.000000e-01 5.000000e-01 1.515004e+00 -0.993255 0.002106 0.009964 0.969115 0.009964 0.002106 0.993255 -0.002108 -0.009972 -0.969094 -0.009972 -0.002108 0.000000 
5.000000e-01 5.000000e-01 4.999837e-03 5.000000e-01 5.000000e-01 1.515004e+00 -0.993255 0.002106 0.009964 0.969115 0.009964 0.002106 0.993255 -0.002108 -0.009972 -0.969094 -0.009972 -0.002108 0.000000 
5.000000e-01 5.000000e-01 4.999837e-03 5.000000e-01 5.000000e-01 1.515004e+00 -0.993255 0.002106 0.009964 0.969115 0.009964 0.002106 0.993255 -0.002108 -0.009972 -0.969094 -0.009972 -0.002108 0.000000 
5.000000e-01 5.000000e-01 4.999837e-03 5.000000e-01 5.000000e-01 1.515004e+00 -0.993255 0.002106 0.009964 0.969115 0.009964 0.002106 0.993255 -0.002108 -0.009972 -0.969094 -0.009972 -0.002108 0.000000 
5.000000e-01 5.000000e-01 4.999837e-03 5.000000e-01 5.000000e-01 1.515004e+00 -0.993255 0.002106 0.009964 0.969115 0.009964 0.002106 0.993255 -0.002108 -0.009972 -0.969094 -0.009972 -0.002108 0.000000 
5.000000e-01 5.000000e-01 4.999837e-03 5.000000e-01 5.000000e-01 1.515004e+00 -0.993255 0.002106 0.009964 0.969115 0.009964 0.002106 0.993255 -0.002108 -0.009972 -0.969094 -0.009972 -0.002108 0.000000 
5.000000e-01 5.000000e-01 4.999837e-03 5.000000e-01 5.000000e-01 1.515004e+00 -0.993255 0.002106 0.009964 0.969115 0.009964 0.002106 0.993255 -0.002108 -0.009972 -0.969094 -0.009972 -0.002108 0.000000 
5.000000e-01 5.000000e-01 4.999837e-03 5.000000e-01 5.000000e-01 1.515004e+00 -0.993255 0.002106 0.009964 0.969115 0.009964 0.002106 0.993255 -0.002108 -0.009972 -0.969094 -0.009972 -0.002108 0.000000 
5.000000e-01 5.000000e-01 4.999837e-03 5.000000e-01 5.000000e-01 1.515004e+00 -0.993255 0.002106 0.009964 0.969115 0.009964 0.002106 0.993255 -0.002108 -0.009972 -0.969094 -0.009972 -0.002108 0.000000 
5.000000e-01 5.000000e-01 4.999837e-03 5.000000e-01 5.000000e-01 1.515004e+00 -0.993255 0.002106 0.009964 0.969115 0.009964 0.002106 0.993255 -0.002108 -0.009972 -0.969094 -0.009972 -0.002108 0.000000 
5.000000e-01 5.000000e-01 4.999837e-03 5.000000e-01 5.000000e-01 1.515004e+00 -0.993255 0.002106 0.009964 0.969115 0.009964 0.002106 0.993255 -0.002108 -0.009972 -0.969094 -0.009972 -0.002108 0.000000 
5.000000e-01 5.000000e-01 4.999837e-03 5.000000e-01 5.000000e-01 1.515004e+00 -0.993255 0.002106 0.009964 0.969115 0.009964 0.002106 0.993255 -0.002108 -0.009972 -0.969094 -0.009972 -0.002108 0.000000 
5.000000e-01 5.000000e-01 4.999837e-03 5.000000e-01 5.000000e-01 1.515004e+00 -0.993255 0.002106 0.009964 0.969115 0.009964 0.002106 0.993255 -0.002108 -0.009972 -0.969094 -0.009972 -0.002108 0.000000 
5.000000e-01 5.000000e-01 4.999837e-03 5.000000e-01 5.000000e-01 1.515004e+00 -0.993255 0.002106 0.009964 0.969115 0.009964 0.002106 0.993255 -0.002108 -0.009972 -0.969094 -0.009972 -0.002108 0.000000 
5.000000e-01 5.000000e-01 4.999837e-03 5.000000e-01 5.000000e-01 1.515004e+00 -0.993255 0.002106 0.009964 0.969115 0.009964 0.002106 0.993255 -0.002108 -0.009972 -0.969094 -0.009972 -0.002108 0.000000 
5.000000e-01 5.000000e-01 4.999837e-03 5.000000e-01 5.000000e-01 1.515004e+00 -0.993255 0.002106 0.009964 0.969115 0.009964 0.002106 0.993255 -0.002108 -0.009972 -0.969094 -0.009972 -0.002108 0.000000 
5.000000e-01 5.000000e-01 4.999837e-03 5.000000e-01 5.000000e-01 1.515004e+00 -0.993255 0.002106 0.009964 0.969115 0.009964 0.002106 0.993255 -0.002108 -0.009972 -0.969094 -0.009972 -0.002108 0.000000 
5.000000e-01 5.000000e-01 4.999837e-03 5.000000e-01 5.000000e-01 1.515004e+00 -0.993255 0.002106 0.009964 0.969115 0.009964 0.002106 0.993255 -0.002108 -0.009972 -0.969094 -0.009972 -0.002108 0.000000 
5.000000e-01 5.000000e-01 4.999837e-03 5.000000e-01 5.000000e-01 1.515004e+00 -0.993255 0.002106 0.009964 0.969115 0.009964 0.002106 0.993255 -0.002108 -0.009972 -0.969094 -0.009972 -0.002108 0.000000 
5.000000e-01 5.000000e-01 4.999837e-03 5.000000e-01 5.000000e-01 1.515004e+00 -0.993255 0.002106 0.009964 0.969115 0.009964 0.002106 0.993255 -0.002108 -0.009972 -0.969094 -0.009972 -0.002108 0.000000 
5.000000e-01 5.000000e-01 4.999837e-03 5.000000e-01 5.000000e-01 1.515004e+00 -0.993255 0.002106 0.009964 0.969115 0.009964 0.002106 0.993255 -0.002108 -0.009972 -0.969094 -0.009972 -0.002108 0.000000 
5.000000e-01 5.000000e-01 4.999837e-03 5.000000e-01 5.000000e-01 1.515004e+00 -0.993255 0.002106 0.009964 0.969115 0.009964 0.002106 0.993255 -0.002108 -0.009972 -0.969094 -0.009972 -0.002108 0.000000 
5.000000e-01 5.000000e-01 4.999837e-03 5.000000e-01 5.000000e-01 1.515004e+00 -0.993255 0.002106 0.009964 0.969115 0.009964 0.002106 0.993255 -0.002108 -0.009972 -0.969094 -0.009972 -0.002108 0.000000 
5.000000e-01 5.000000e-01 4.999837e-03 5.000000e-01 5.000000e-01 1.515004e+00 -0.993255 0.002106 0.009964 0.969115 0.009964 0.002106 0.993255 -0.002108 -0.009972 -0.969094 -0.009972 -0.002108 0.000000 
5.000000e-01 5.000000e-01 4.999837e-03 5.000000e-01 5.000000e-01 1.515004e+00 -0.993255 0.002106 0.009964 0.969115 0.009964 0.002106 0.993255 -0.002108 -0.009972 -0.969094 -0.009972 -0.002108 0.000000 
5.000000e-01 5.000000e-01 4.999837e-03 5.000000e-01 5.000000e-01 1.515004e+00 -0.993255 0.002106 0.009964 0.969115 0.009964 0.002106 0.993255 -0.002108 -0.009972 -0.969094 -0.009972 -0.002108 0.000000 
5.000000e-01 5.000000e-01 4.999837e-03 5.000000e-01 5.000000e-01 1.515004e+00 -0.993255 0.002106 0.009964 0.969115 0.009964 0.002106 0.993255 -0.002108 -0.009972 -0.969094 -0.009972 -0.002108 0.000000 
5.000000e-01 5.000000e-01 4.999837e-03 5.000000e-01 5.000000e-01 1.515004e+00 -0.993255 0.002106 0.009964 0.969115 0.009964 0.002106 0.993255 -0.002108 -0.009972 -0.969094 -0.009972 -0.002108 0.000000 
5.000000e-01 5.000000e-01 4.999837e-03 5.000000e-01 5.000000e-01 1.515004e+00 -0.993255 0.002106 0.009964 0.969115 0.009964 0.002106 0.993255 -0.002108 -0.009972 -0.969094 -0.009972 -0.002108 0.000000 
5.000000e-01 5.000000e-01 4.999837e-03 5.000000e-01 5.000000e-01 1.515004e+00 -0.993255 0.002106 0.009964 0.969115 0.009964 0.002106 0.993255 -0.002108 -0.009972 -0.969094 -0.009972 -0.002108 0.000000 
5.000000e-01 5.000000e-01 4.999837e-03 5.000000e-01 5.000000e-01 1.515004e+00 -0.993255 0.002106 0.009964 0.969115 0.009964 0.002106 0.993255 -0.002108 -0.009972 -0.969094 -0.009972 -0.002108 0.000000 
5.000000e-01 5.000000e-01 4.999837e-03 5.000000e-01 5.000000e-01 1.515004e+00 -0.993255 0.002106 0.009964 0.969115 0.009964 0.002106 0.993255 -0.002108 -0.009972 -0.969094 -0.009972 -0.002108 0.000000 
5.000000e-01 5.000000e-01 4.999837e-03 5.000000e-01 5.000000e-01 1.515004e+00 -0.993255 0.002106 0.009964 0.969115 0.009964 0.002106 0.993255 -0.002108 -0.009972 -0.969094 -0.009972 -0.002108 0.000000 
5.000000e-01 5.000000e-01 4.999837e-03 5.000000e-01 5.000000e-01 1.515004e+00 -0.993255 0.002106 0.009964 0.969115 0.009964 0.002106 0.993255 -0.002108 -0.009972 -0.969094 -0.009972 -0.002108 0.000000 
5.000000e-01 5.000000e-01 4.999837e-03 5.000000e-01 5.000000e-01 1.515004e+00 -0.993255 0.002106 0.009964 0.969115 0.009964 0.002106 0.993255 -0.002108 -0.009972 -0.969094 -0.009972 -0.002108 0.000000 
5.000000e-01 5.000000e-01 4.999837e-03 5.000000e-01 5.000000e-01 1.515004e+00 -0.993255 0.002106 0.009964 0.969115 0.009964 0.002106 0.993255 -0.002108 -0.009972 -0.969094 -0.009972 -0.002108 0.000000 
5.000000e-01 5.000000e-01 4.999837e-03 5.000000e-01 5.000000e-01 1.515004e+00 -0.993255 0.002106 0.009964 0.969115 0.009964 0.002106 0.993255 -0.002108 -0.009972 -0.969094 -0.009972 -0.002108 0.000000 
5.000000e-01 5.000000e-01 4.999837e-03 5.000000e-01 5.000000e-01 1.515004e+00 -0.993255 0.002106 0.009964 0.969115 0.009964 0.002106 0.993255 -0.002108 -0.009972 -0.969094 -0.009972 -0.002108 0.000000 
5.000000e-01 5.000000e-01 4.999837e-03 5.000000e-01 5.000000e-01 1.515004e+00 -0.993255 0.002106 0.009964 0.969115 0.009964 0.002106 0.993255 -0.002108 -0.009972 -0.969094 -0.009972 -0.002108 0.000000 
5.000000e-01 5.000000e-01 4.999837e-03 5.000000e-01 5.000000e-01 1.515004e+00 -0.993255 0.002106 0.009964 0.969115 0.009964 0.002106 0.993255 -0.002108 -0.009972 -0.969094 -0.009972 -0.002108 0.000000 
5.000000e-01 5.000000e-01 4.999837e-03 5.000000e-01 5.000000e-01 1.515004e+00 -0.993255 0.002106 0.009964 0.969115 0.009964 0.002106 0.993255 -0.002108 -0.009972 -0.969094 -0.009972 -0.002108 0.000000 
5.000000e-01 5.000000e-01 4.999837e-03 5.000000e-01 5.000000e-01 1.515004e+00 -0.993255 0.002106 0.009964 0.969115 0.009964 0.002106 0.993255 -0.002108 -0.009972 -0.969094 -0.009972 -0.002108 0.000000 
5.000000e-01 5.000000e-01 4.999837e-03 5.000000e-01 5.000000e-01 1.515004e+00 -0.993255 0.002106 0.009964 0.969115 0.009964 0.002106 0.993255 -0.002108 -0.009972 -0.969094 -0.009972 -0.002108 0.000000 
5.000000e-01 5.000000e-01 4.999837e-03 5.000000e-01 5.000000e-01 1.515004e+00 -0.993255 0.002106 0.009964 0.969115 0.009964 0.002106 0.993255 -0.002108 -0.009972 -0.969094 -0.009972 -0.002108 0.000000 
5.000000e-01 5.000000e-01 4.999837e-03 5.000000e-01 5.000000e-01 1.515004e+00 -0.993255 0.002106 0.009964 0.969115 0.009964 0.002106 0.993255 -0.002108 -0.009972 -0.969094 -0.009972 -0.002108 0.000000 
5.000000e-01 5.000000e-01 4.999837e-03 5.000000e-01 5.000000e-01 1.515004e+00 -0.993255 0.002106 0.009964 0.969115 0.009964 0.002106 0.993255 -0.002108 -0.009972 -0.969094 -0.009972 -0.002108 0.000000 
5.000000e-01 5.000000e-01 4.999837e-03 5.000000e-01 5.000000e-01 1.515004e+00 -0.993255 0.002106 0.009964 0.969115 0.009964 0.002106 0.993255 -0.002108 -0.009972 -0.969094 -0.009972 -0.002108 0.000000 
5.000000e-01 5.000000e-01 4.999837e-03 5.000000e-01 5.000000e-01 1.515004e+00 -0.993255 0.002106 0.009964 0.969115 0.009964 0.002106 0.993255 -0.002108 -0.009972 -0.969094 -0.009972 -0.002108 0.000000 
5.000000e-01 5.000000e-01 4.999837e-03 5.000000e-01 5.000000e-01 1.515004e+00 -0.993255 0.002106 0.009964 0.969115 0.009964 0.002106 0.993255 -0.002108 -0.009972 -0.969094 -0.009972 -0.002108 0.000000 
5.000000e-01 5.000000e-01 4.999837e-03 5.000000e-01 5.000000e-01 1.515004e+00 -0.993255 0.002106 0.009964 0.969115 0.009964 0.002106 0.993255 -0.002108 -0.009972 -0.969094 -0.009972 -0.002108 0.000000 
5.000000e-01 5.000000e-01 4.999837e-03 5.000000e-01 5.000000e-01 1.515004e+00 -0.993255 0.002106 0.009964 0.969115 0.009964 0.002106 0.993255 -0.002108 -0.009972 -0.969094 -0.009972 -0.002108 0.000000 
5.000000e-01 5.000000e-01 4.999837e-03 5.000000e-01 5.000000e-01 1.515004e+00 -0.993255 0.002106 0.009964 0.969115 0.009964 0.002106 0.993255 -0.002108 -0.009972 -0.969094 -0.009972 -0.002108 0.000000 
5.000000e-01 5.000000e-01 4.999837e-03 5.000000e-01 5.000000e-01 1.515004e+00 -0.993255 0.002106 0.009964 0.969115 0.009964 0.002106 0.993255 -0.002108 -0.009972 -0.969094 -0.009972 -0.002108 0.000000 
5.000000e-01 5.000000e-01 4.999837e-03 5.000000e-01 5.000000e-01 1.515004e+00 -0.993255 0.002106 0.009964 0.969115 0.009964 0.002106 0.993255 -0.002108 -0.009972 -0.969094 -0.009972 -0.002108 0.000000 
5.000000e-01 5.000000e-01 4.999837e-03 5.000000e-01 5.000000e-01 1.515004e+00 -0.993255 0.002106 0.009964 0.969115 0.009964 0.002106 0.993255 -0.002108 -0.009972 -0.969094 -0.009972 -0.002108 0.000000 
