# TeX TeY TeZ ThX ThY THZ P1 P2
5.000000e-01 5.000000e-01 9.000000e-01 5.000000e-01 5.000000e-01 9.000000e-01 0.000000 0.000000 0.000000 0.000000 0.000000 0.000000 0.000000 0.000000 0.000000 0.000000 0.000000 0.000000 0.000000 
5.000000e-01 5.000000e-01 8.891226e-01 5.000000e-01 5.000000e-01 9.081358e-01 -0.012481 0.001610 0.002835 0.003590 0.002835 0.001610 0.012481 -0.002159 -0.002680 -0.002803 -0.002680 -0.002159 0.000000 
5.000000e-01 5.000000e-01 8.781961e-01 5.000000e-01 5.000000e-01 9.162548e-01 -0.024983 0.003233 0.005673 0.007172 0.005673 0.003233 0.024983 -0.004319 -0.005365 -0.005615 -0.005365 -0.004319 0.000000 
5.000000e-01 5.000000e-01 8.672208e-01 5.000000e-01 5.000000e-01 9.243570e-01 -0.037506 0.004867 0.008512 0.010748 0.008512 0.004867 0.037506 -0.006479 -0.008056 -0.008436 -0.008056 -0.006479 0.000000 
5.000000e-01 5.000000e-01 8.561973e-01 5.000000e-01 5.000000e-01 9.324422e-01 -0.050050 0.006509 0.011355 0.014322 0.011355 0.006509 0.050050 -0.008640 -0.010752 -0.011266 -0.010752 -0.008640 0.000000 
5.000000e-01 5.000000e-01 8.451258e-01 5.000000e-01 5.000000e-01 9.405101e-01 -0.062613 0.008158 0.014200 0.017897 0.014200 0.008158 0.062613 -0.010799 -0.013454 -0.014107 -0.013454 -0.010799 0.000000 
5.000000e-01 5.000000e-01 8.340069e-01 5.000000e-01 5.000000e-01 9.485606e-01 -0.075197 0.009809 0.017049 0.021481 0.017049 0.009809 0.075197 -0.012958 -0.016161 -0.016959 -0.016161 -0.012958 0.000000 
5.000000e-01 5.000000e-01 8.228410e-01 5.000000e-01 5.000000e-01 9.565936e-01 -0.087800 0.011461 0.019902 0.025074 0.019902 0.011461 0.087800 -0.015114 -0.018875 -0.019822 -0.018875 -0.015114 0.000000 
5.000000e-01 5.000000e-01 8.116285e-01 5.000000e-01 5.000000e-01 9.646087e-01 -0.100421 0.013115 0.022758 0.028676 0.022758 0.013115 0.100421 -0.017267 -0.021594 -0.022699 -0.021594 -0.017267 0.000000 
5.000000e-01 5.000000e-01 8.003697e-01 5.000000e-01 5.000000e-01 9.726058e-01 -0.113061 0.014768 0.025618 0.032289 0.025618 0.014768 0.113061 -0.019417 -0.024319 -0.025589 -0.024319 -0.019417 0.000000 
5.000000e-01 5.000000e-01 7.890652e-01 5.000000e-01 5.000000e-01 9.805848e-01 -0.125720 0.016420 0.028482 0.035916 0.028482 0.016420 0.125720 -0.021561 -0.027051 -0.028496 -0.027051 -0.021561 0.000000 
5.000000e-01 5.000000e-01 7.777153e-01 5.000000e-01 5.000000e-01 9.885454e-01 -0.138396 0.018065 0.031350 0.039566 0.031350 0.018065 0.138396 -0.023700 -0.029789 -0.031418 -0.029789 -0.023700 0.000000 
5.000000e-01 5.000000e-01 7.663203e-01 5.000000e-01 5.000000e-01 9.964875e-01 -0.151089 0.019701 0.034223 0.043241 0.034223 0.019701 0.151089 -0.025832 -0.032534 -0.034358 -0.032534 -0.025832 0.000000 
5.000000e-01 5.000000e-01 7.548808e-01 5.000000e-01 5.000000e-01 1.004411e+00 -0.163799 0.021330 0.037101 0.046939 0.037101 0.021330 0.163799 -0.027956 -0.035285 -0.037317 -0.035285 -0.027956 0.000000 
5.000000e-01 5.000000e-01 7.433971e-01 5.000000e-01 5.000000e-01 1.012315e+00 -0.176526 0.022950 0.039982 0.050662 0.039982 0.022950 0.176526 -0.030072 -0.038043 -0.040296 -0.038043 -0.030072 0.000000 
5.000000e-01 5.000000e-01 7.318696e-01 5.000000e-01 5.000000e-01 1.020200e+00 -0.189269 0.024560 0.042868 0.054413 0.042868 0.024560 0.189269 -0.032178 -0.040809 -0.043296 -0.040809 -0.032178 0.000000 
5.000000e-01 5.000000e-01 7.202987e-01 5.000000e-01 5.000000e-01 1.028066e+00 -0.202028 0.026149 0.045760 0.058209 0.045760 0.026149 0.202028 -0.034273 -0.043581 -0.046319 -0.043581 -0.034273 0.000000 
5.000000e-01 5.000000e-01 7.086847e-01 5.000000e-01 5.000000e-01 1.035912e+00 -0.214802 0.027724 0.048657 0.062040 0.048657 0.027724 0.214802 -0.036354 -0.046362 -0.049370 -0.046362 -0.036354 0.000000 
5.000000e-01 5.000000e-01 6.970281e-01 5.000000e-01 5.000000e-01 1.043738e+00 -0.227591 0.029284 0.051557 0.065907 0.051557 0.029284 0.227591 -0.038420 -0.049151 -0.052448 -0.049151 -0.038420 0.000000 
5.000000e-01 5.000000e-01 6.853291e-01 5.000000e-01 5.000000e-01 1.051544e+00 -0.240394 0.030828 0.054462 0.069814 0.054462 0.030828 0.240394 -0.040471 -0.051948 -0.055556 -0.051948 -0.040471 0.000000 
5.000000e-01 5.000000e-01 6.735883e-01 5.000000e-01 5.000000e-01 1.059330e+00 -0.253212 0.032349 0.057372 0.073770 0.057372 0.032349 0.253212 -0.042505 -0.054753 -0.058695 -0.054753 -0.042505 0.000000 
5.000000e-01 5.000000e-01 6.618059e-01 5.000000e-01 5.000000e-01 1.067096e+00 -0.266043 0.033841 0.060287 0.077787 0.060287 0.033841 0.266043 -0.044520 -0.057567 -0.061869 -0.057567 -0.044520 0.000000 
5.000000e-01 5.000000e-01 6.499822e-01 5.000000e-01 5.000000e-01 1.074840e+00 -0.278888 0.035312 0.063205 0.081855 0.063205 0.035312 0.278888 -0.046514 -0.060391 -0.065079 -0.060391 -0.046514 0.000000 
5.000000e-01 5.000000e-01 6.381178e-01 5.000000e-01 5.000000e-01 1.082564e+00 -0.291746 0.036759 0.066127 0.085973 0.066127 0.036759 0.291746 -0.048481 -0.063225 -0.068334 -0.063225 -0.048481 0.000000 
5.000000e-01 5.000000e-01 6.262128e-01 5.000000e-01 5.000000e-01 1.090266e+00 -0.304616 0.038183 0.069052 0.090146 0.069052 0.038183 0.304616 -0.050423 -0.066068 -0.071633 -0.066068 -0.050423 0.000000 
5.000000e-01 5.000000e-01 6.142678e-01 5.000000e-01 5.000000e-01 1.097947e+00 -0.317498 0.039566 0.071980 0.094405 0.071980 0.039566 0.317498 -0.052338 -0.068922 -0.074978 -0.068922 -0.052338 0.000000 
5.000000e-01 5.000000e-01 6.022829e-01 5.000000e-01 5.000000e-01 1.105607e+00 -0.330392 0.040920 0.074911 0.098731 0.074911 0.040920 0.330393 -0.054222 -0.071787 -0.078375 -0.071787 -0.054222 0.000000 
5.000000e-01 5.000000e-01 5.902586e-01 5.000000e-01 5.000000e-01 1.113244e+00 -0.343298 0.042243 0.077844 0.103125 0.077844 0.042243 0.343298 -0.056073 -0.074662 -0.081827 -0.074662 -0.056073 0.000000 
5.000000e-01 5.000000e-01 5.781952e-01 5.000000e-01 5.000000e-01 1.120859e+00 -0.356215 0.043537 0.080777 0.107588 0.080777 0.043537 0.356215 -0.057884 -0.077550 -0.085347 -0.077550 -0.057884 0.000000 
5.000000e-01 5.000000e-01 5.660930e-01 5.000000e-01 5.000000e-01 1.128452e+00 -0.369142 0.044786 0.083711 0.112149 0.083711 0.044786 0.369142 -0.059654 -0.080450 -0.088933 -0.080450 -0.059654 0.000000 
5.000000e-01 5.000000e-01 5.539524e-01 5.000000e-01 5.000000e-01 1.136021e+00 -0.382079 0.045993 0.086643 0.116806 0.086643 0.045993 0.382079 -0.061381 -0.083363 -0.092592 -0.083363 -0.061381 0.000000 
5.000000e-01 5.000000e-01 5.417737e-01 5.000000e-01 5.000000e-01 1.143568e+00 -0.395026 0.047165 0.089574 0.121548 0.089574 0.047165 0.395026 -0.063061 -0.086288 -0.096328 -0.086288 -0.063061 0.000000 
5.000000e-01 5.000000e-01 5.295572e-01 5.000000e-01 5.000000e-01 1.151092e+00 -0.407983 0.048301 0.092502 0.126377 0.092502 0.048301 0.407983 -0.064690 -0.089226 -0.100151 -0.089226 -0.064690 0.000000 
5.000000e-01 5.000000e-01 5.173033e-01 5.000000e-01 5.000000e-01 1.158591e+00 -0.420949 0.049385 0.095425 0.131327 0.095425 0.049385 0.420949 -0.066257 -0.092179 -0.104078 -0.092179 -0.066257 0.000000 
5.000000e-01 5.000000e-01 5.050122e-01 5.000000e-01 5.000000e-01 1.166068e+00 -0.433923 0.050419 0.098341 0.136402 0.098341 0.050419 0.433923 -0.067763 -0.095144 -0.108108 -0.095144 -0.067763 0.000000 
5.000000e-01 5.000000e-01 4.926843e-01 5.000000e-01 5.000000e-01 1.173519e+00 -0.446905 0.051412 0.101250 0.141582 0.101250 0.051412 0.446905 -0.069205 -0.098124 -0.112248 -0.098124 -0.069205 0.000000 
5.000000e-01 5.000000e-01 4.803199e-01 5.000000e-01 5.000000e-01 1.180947e+00 -0.459895 0.052362 0.104150 0.146870 0.104150 0.052362 0.459895 -0.070577 -0.101116 -0.116510 -0.101116 -0.070577 0.000000 
5.000000e-01 5.000000e-01 4.679193e-01 5.000000e-01 5.000000e-01 1.188350e+00 -0.472893 0.053252 0.107036 0.152316 0.107036 0.053252 0.472893 -0.071862 -0.104123 -0.120923 -0.104123 -0.071862 0.000000 
5.000000e-01 5.000000e-01 4.554828e-01 5.000000e-01 5.000000e-01 1.195727e+00 -0.485897 0.054086 0.109906 0.157914 0.109906 0.054086 0.485897 -0.073063 -0.107142 -0.125487 -0.107142 -0.073063 0.000000 
5.000000e-01 5.000000e-01 4.430107e-01 5.000000e-01 5.000000e-01 1.203080e+00 -0.498908 0.054873 0.112760 0.163643 0.112760 0.054873 0.498908 -0.074175 -0.110173 -0.130213 -0.110173 -0.074175 0.000000 
5.000000e-01 5.000000e-01 4.305034e-01 5.000000e-01 5.000000e-01 1.210406e+00 -0.511925 0.055613 0.115597 0.169506 0.115597 0.055613 0.511926 -0.075192 -0.113213 -0.135115 -0.113213 -0.075192 0.000000 
5.000000e-01 5.000000e-01 4.179610e-01 5.000000e-01 5.000000e-01 1.217707e+00 -0.524948 0.056277 0.118403 0.175590 0.118403 0.056277 0.524949 -0.076091 -0.116264 -0.140239 -0.116264 -0.076091 0.000000 
5.000000e-01 5.000000e-01 4.053839e-01 5.000000e-01 5.000000e-01 1.224982e+00 -0.537977 0.056885 0.121181 0.181844 0.121181 0.056885 0.537977 -0.076875 -0.119320 -0.145587 -0.119320 -0.076875 0.000000 
5.000000e-01 5.000000e-01 3.927724e-01 5.000000e-01 5.000000e-01 1.232230e+00 -0.551010 0.057443 0.123932 0.188261 0.123932 0.057443 0.551010 -0.077538 -0.122379 -0.151176 -0.122379 -0.077538 0.000000 
5.000000e-01 5.000000e-01 3.801268e-01 5.000000e-01 5.000000e-01 1.239451e+00 -0.564048 0.057943 0.126649 0.194865 0.126649 0.057943 0.564048 -0.078073 -0.125437 -0.157028 -0.125437 -0.078073 0.000000 
5.000000e-01 5.000000e-01 3.674473e-01 5.000000e-01 5.000000e-01 1.246644e+00 -0.577090 0.058359 0.129311 0.201750 0.129311 0.058359 0.577090 -0.078446 -0.128487 -0.163223 -0.128487 -0.078446 0.000000 
5.000000e-01 5.000000e-01 3.547343e-01 5.000000e-01 5.000000e-01 1.253810e+00 -0.590136 0.058723 0.131931 0.208829 0.131931 0.058723 0.590136 -0.078669 -0.131524 -0.169750 -0.131524 -0.078669 0.000000 
5.000000e-01 5.000000e-01 3.419879e-01 5.000000e-01 5.000000e-01 1.260948e+00 -0.603185 0.059032 0.134507 0.216105 0.134507 0.059032 0.603185 -0.078732 -0.134539 -0.176643 -0.134539 -0.078732 0.000000 
5.000000e-01 5.000000e-01 3.292086e-01 5.000000e-01 5.000000e-01 1.268058e+00 -0.616236 0.059260 0.137010 0.223696 0.137010 0.059260 0.616236 -0.078616 -0.137520 -0.183963 -0.137520 -0.078616 0.000000 
5.000000e-01 5.000000e-01 3.163965e-01 5.000000e-01 5.000000e-01 1.275139e+00 -0.629291 0.059418 0.139441 0.231573 0.139441 0.059418 0.629291 -0.078296 -0.140450 -0.191798 -0.140450 -0.078296 0.000000 
5.000000e-01 5.000000e-01 3.035519e-01 5.000000e-01 5.000000e-01 1.282191e+00 -0.642347 0.059521 0.141809 0.239688 0.141809 0.059521 0.642347 -0.077781 -0.143318 -0.200149 -0.143318 -0.077781 0.000000 
5.000000e-01 5.000000e-01 2.906751e-01 5.000000e-01 5.000000e-01 1.289214e+00 -0.655406 0.059557 0.144096 0.248099 0.144096 0.059557 0.655406 -0.077061 -0.146104 -0.209076 -0.146104 -0.077061 0.000000 
5.000000e-01 5.000000e-01 2.777662e-01 5.000000e-01 5.000000e-01 1.296207e+00 -0.668465 0.059503 0.146260 0.256939 0.146260 0.059503 0.668465 -0.076092 -0.148768 -0.218745 -0.148768 -0.076092 0.000000 
5.000000e-01 5.000000e-01 2.648257e-01 5.000000e-01 5.000000e-01 1.303170e+00 -0.681526 0.059394 0.148336 0.266066 0.148336 0.059394 0.681526 -0.074883 -0.151286 -0.229189 -0.151286 -0.074883 0.000000 
5.000000e-01 5.000000e-01 2.518536e-01 5.000000e-01 5.000000e-01 1.310102e+00 -0.694587 0.059231 0.150323 0.275480 0.150323 0.059231 0.694587 -0.073430 -0.153627 -0.240472 -0.153627 -0.073430 0.000000 
5.000000e-01 5.000000e-01 2.388503e-01 5.000000e-01 5.000000e-01 1.317004e+00 -0.707649 0.058963 0.152122 0.285478 0.152122 0.058963 0.707649 -0.071706 -0.155730 -0.252777 -0.155730 -0.071706 0.000000 
5.000000e-01 5.000000e-01 2.258158e-01 5.000000e-01 5.000000e-01 1.323874e+00 -0.720711 0.058640 0.153799 0.295831 0.153799 0.058640 0.720711 -0.069684 -0.157519 -0.266304 -0.157519 -0.069684 0.000000 
5.000000e-01 5.000000e-01 2.127504e-01 5.000000e-01 5.000000e-01 1.330712e+00 -0.733772 0.058266 0.155356 0.306529 0.155356 0.058266 0.733772 -0.067385 -0.158955 -0.281092 -0.158955 -0.067385 0.000000 
5.000000e-01 5.000000e-01 1.996543e-01 5.000000e-01 5.000000e-01 1.337519e+00 -0.746834 0.057796 0.156684 0.317873 0.156684 0.057796 0.746834 -0.064793 -0.159949 -0.297349 -0.159949 -0.064793 0.000000 
5.000000e-01 5.000000e-01 1.865274e-01 5.000000e-01 5.000000e-01 1.344293e+00 -0.759896 0.057264 0.157826 0.329715 0.157826 0.057264 0.759896 -0.061857 -0.160310 -0.315561 -0.160310 -0.061857 0.000000 
5.000000e-01 5.000000e-01 1.733699e-01 5.000000e-01 5.000000e-01 1.351034e+00 -0.772957 0.056683 0.158812 0.341967 0.158812 0.056683 0.772957 -0.058619 -0.159996 -0.335728 -0.159996 -0.058619 0.000000 
5.000000e-01 5.000000e-01 1.601816e-01 5.000000e-01 5.000000e-01 1.357742e+00 -0.786020 0.056016 0.159509 0.354970 0.159509 0.056016 0.786020 -0.055074 -0.158868 -0.358135 -0.158868 -0.055074 0.000000 
5.000000e-01 5.000000e-01 1.469623e-01 5.000000e-01 5.000000e-01 1.364416e+00 -0.799085 0.055284 0.159950 0.368617 0.159950 0.055284 0.799085 -0.051166 -0.156551 -0.383651 -0.156551 -0.051166 0.000000 
5.000000e-01 5.000000e-01 1.337116e-01 5.000000e-01 5.000000e-01 1.371056e+00 -0.812154 0.054510 0.160192 0.382749 0.160192 0.054510 0.812154 -0.046946 -0.152984 -0.412293 -0.152984 -0.046946 0.000000 
5.000000e-01 5.000000e-01 1.204288e-01 5.000000e-01 5.000000e-01 1.377662e+00 -0.825228 0.053655 0.160058 0.397802 0.160058 0.053655 0.825228 -0.042420 -0.147947 -0.444494 -0.147947 -0.042420 0.000000 
5.000000e-01 5.000000e-01 1.071129e-01 5.000000e-01 5.000000e-01 1.384233e+00 -0.838313 0.052743 0.159599 0.413630 0.159599 0.052743 0.838313 -0.037546 -0.140831 -0.481560 -0.140831 -0.037546 0.000000 
5.000000e-01 5.000000e-01 9.376234e-02 5.000000e-01 5.000000e-01 1.390769e+00 -0.851412 0.051797 0.158899 0.430020 0.158899 0.051797 0.851412 -0.032375 -0.131546 -0.523570 -0.131546 -0.032375 0.000000 
5.000000e-01 5.000000e-01 8.037530e-02 5.000000e-01 5.000000e-01 1.397270e+00 -0.864532 0.050773 0.157690 0.447608 0.157690 0.050773 0.864532 -0.026926 -0.119832 -0.571016 -0.119832 -0.026926 0.000000 
5.000000e-01 5.000000e-01 6.694950e-02 5.000000e-01 5.000000e-01 1.403734e+00 -0.877684 0.049709 0.156112 0.466041 0.156112 0.049709 0.877684 -0.021171 -0.104868 -0.625605 -0.104868 -0.021171 0.000000 
5.000000e-01 5.000000e-01 5.348264e-02 5.000000e-01 5.000000e-01 1.410163e+00 -0.890871 0.048623 0.154258 0.485109 0.154258 0.048623 0.890871 -0.015170 -0.086829 -0.686873 -0.086829 -0.015170 0.000000 
5.000000e-01 5.000000e-01 3.997296e-02 5.000000e-01 5.000000e-01 1.416555e+00 -0.904103 0.047461 0.151691 0.505799 0.151691 0.047461 0.904103 -0.008951 -0.065710 -0.754782 -0.065710 -0.008951 0.000000 
5.000000e-01 5.000000e-01 2.642045e-02 5.000000e-01 5.000000e-01 1.422910e+00 -0.917386 0.046283 0.148772 0.527276 0.148772 0.046283 0.917386 -0.002516 -0.041173 -0.830007 -0.041173 -0.002516 0.000000 
5.000000e-01 5.000000e-01 1.282783e-02 5.000000e-01 5.000000e-01 1.429228e+00 -0.930705 0.045077 0.145432 0.549686 0.145432 0.045077 0.930705 0.004055 -0.014413 -0.909989 -0.014413 0.004055 0.000000 
5.000000e-01 5.000000e-01 4.999879e-03 5.000000e-01 5.000000e-01 1.435510e+00 -0.940136 0.043101 0.140482 0.572970 0.140482 0.043101 0.940136 0.007553 0.001284 -0.957809 0.001284 0.007553 0.000000 
5.000000e-01 5.000000e-01 4.999879e-03 5.000000e-01 5.000000e-01 1.441753e+00 -0.944266 0.040146 0.134049 0.595876 0.134049 0.040146 0.944266 0.006802 0.000409 -0.958687 0.000409 0.006802 0.000000 
5.000000e-01 5.000000e-01 4.999879e-03 5.000000e-01 5.000000e-01 1.447960e+00 -0.948377 0.037144 0.126931 0.620227 0.126931 0.037144 0.948377 0.006054 -0.000463 -0.959560 -0.000463 0.006054 0.000000 
5.000000e-01 5.000000e-01 4.999879e-03 5.000000e-01 5.000000e-01 1.454128e+00 -0.952470 0.034107 0.119142 0.645972 0.119142 0.034107 0.952470 0.005310 -0.001330 -0.960430 -0.001330 0.005310 0.000000 
5.000000e-01 5.000000e-01 4.999879e-03 5.000000e-01 5.000000e-01 1.460258e+00 -0.956541 0.031057 0.111005 0.672417 0.111005 0.031057 0.956541 0.004569 -0.002193 -0.961295 -0.002193 0.004569 0.000000 
5.000000e-01 5.000000e-01 4.999879e-03 5.000000e-01 5.000000e-01 1.466351e+00 -0.960599 0.027956 0.101878 0.700930 0.101878 0.027956 0.960599 0.003831 -0.003053 -0.962157 -0.003053 0.003831 0.000000 
5.000000e-01 5.000000e-01 4.999879e-03 5.000000e-01 5.000000e-01 1.472405e+00 -0.964637 0.024849 0.092385 0.730169 0.092385 0.024849 0.964637 0.003097 -0.003908 -0.963015 -0.003908 0.003097 0.000000 
5.000000e-01 5.000000e-01 4.999879e-03 5.000000e-01 5.000000e-01 1.478420e+00 -0.968656 0.021722 0.082312 0.760587 0.082312 0.021722 0.968656 0.002366 -0.004760 -0.963868 -0.004760 0.002366 0.000000 
5.000000e-01 5.000000e-01 4.999879e-03 5.000000e-01 5.000000e-01 1.484396e+00 -0.972659 0.018575 0.071583 0.792343 0.071583 0.018575 0.972659 0.001638 -0.005608 -0.964719 -0.005608 0.001638 0.000000 
5.000000e-01 5.000000e-01 4.999879e-03 5.000000e-01 5.000000e-01 1.490332e+00 -0.976639 0.015432 0.060620 0.824535 0.060620 0.015432 0.976639 0.000914 -0.006451 -0.965564 -0.006451 0.000914 0.000000 
5.000000e-01 5.000000e-01 4.999879e-03 5.000000e-01 5.000000e-01 1.496228e+00 -0.980603 0.012269 0.048951 0.858163 0.048951 0.012269 0.980603 0.000193 -0.007291 -0.966406 -0.007291 0.000193 0.000000 
5.000000e-01 5.000000e-01 4.999879e-03 5.000000e-01 5.000000e-01 1.502082e+00 -0.984542 0.009118 0.037149 0.892009 0.037149 0.009118 0.984542 -0.000523 -0.008126 -0.967243 -0.008126 -0.000523 0.000000 
5.000000e-01 5.000000e-01 4.999879e-03 5.000000e-01 5.000000e-01 1.507893e+00 -0.988459 0.005970 0.025046 0.926425 0.025046 0.005970 0.988459 -0.001236 -0.008956 -0.968075 -0.008956 -0.001236 0.000000 
5.000000e-01 5.000000e-01 4.999879e-03 5.000000e-01 5.000000e-01 1.513670e+00 -0.992355 0.002832 0.012815 0.961060 0.012815 0.002832 0.992355 -0.001944 -0.009782 -0.968902 -0.009782 -0.001944 0.000000 
5.000000e-01 5.000000e-01 4.999879e-03 5.000000e-01 5.000000e-01 1.515101e+00 -0.993320 0.002053 0.009756 0.969702 0.009756 0.002053 0.993320 -0.002120 -0.009986 -0.969107 -0.009986 -0.002120 0.000000 
5.000000e-01 5.000000e-01 4.999879e-03 5.000000e-01 5.000000e-01 1.515101e+00 -0.993320 0.002053 0.009756 0.969702 0.009756 0.002053 0.993320 -0.002120 -0.009986 -0.969107 -0.009986 -0.002120 0.000000 
5.000000e-01 5.000000e-01 4.999879e-03 5.000000e-01 5.000000e-01 1.515101e+00 -0.993320 0.002053 0.009756 0.969702 0.009756 0.002053 0.993320 -0.002120 -0.009986 -0.969107 -0.009986 -0.002120 0.000000 
5.000000e-01 5.000000e-01 4.999879e-03 5.000000e-01 5.000000e-01 1.515101e+00 -0.993320 0.002053 0.009756 0.969702 0.009756 0.002053 0.993320 -0.002120 -0.009986 -0.969107 -0.009986 -0.002120 0.000000 
5.000000e-01 5.000000e-01 4.999879e-03 5.000000e-01 5.000000e-01 1.515101e+00 -0.993320 0.002053 0.009756 0.969702 0.009756 0.002053 0.993320 -0.002120 -0.009986 -0.969107 -0.009986 -0.002120 0.000000 
5.000000e-01 5.000000e-01 4.999879e-03 5.000000e-01 5.000000e-01 1.515101e+00 -0.993320 0.002053 0.009756 0.969702 0.009756 0.002053 0.993320 -0.002120 -0.009986 -0.969107 -0.009986 -0.002120 0.000000 
5.000000e-01 5.000000e-01 4.999879e-03 5.000000e-01 5.000000e-01 1.515101e+00 -0.993320 0.002053 0.009756 0.969702 0.009756 0.002053 0.993320 -0.002120 -0.009986 -0.969107 -0.009986 -0.002120 0.000000 
5.000000e-01 5.000000e-01 4.999879e-03 5.000000e-01 5.000000e-01 1.515101e+00 -0.993320 0.002053 0.009756 0.969702 0.009756 0.002053 0.993320 -0.002120 -0.009986 -0.969107 -0.009986 -0.002120 0.000000 
5.000000e-01 5.000000e-01 4.999879e-03 5.000000e-01 5.000000e-01 1.515101e+00 -0.993320 0.002053 0.009756 0.969702 0.009756 0.002053 0.993320 -0.002120 -0.009986 -0.969107 -0.009986 -0.002120 0.000000 
5.000000e-01 5.000000e-01 4.999879e-03 5.000000e-01 5.000000e-01 1.515101e+00 -0.993320 0.002053 0.009756 0.969702 0.009756 0.002053 0.993320 -0.002120 -0.009986 -0.969107 -0.009986 -0.002120 0.000000 
5.000000e-01 5.000000e-01 4.999879e-03 5.000000e-01 5.000000e-01 1.515101e+00 -0.993320 0.002053 0.009756 0.969702 0.009756 0.002053 0.993320 -0.002120 -0.009986 -0.969107 -0.009986 -0.002120 0.000000 
5.000000e-01 5.000000e-01 4.999879e-03 5.000000e-01 5.000000e-01 1.515101e+00 -0.993320 0.002053 0.009756 0.969702 0.009756 0.002053 0.993320 -0.002120 -0.009986 -0.969107 -0.009986 -0.002120 0.000000 
5.000000e-01 5.000000e-01 4.999879e-03 5.000000e-01 5.000000e-01 1.515101e+00 -0.993320 0.002053 0.009756 0.969702 0.009756 0.002053 0.993320 -0.002120 -0.009986 -0.969107 -0.009986 -0.002120 0.000000 
5.000000e-01 5.000000e-01 4.999879e-03 5.000000e-01 5.000000e-01 1.515101e+00 -0.993320 0.002053 0.009756 0.969702 0.009756 0.002053 0.993320 -0.002120 -0.009986 -0.969107 -0.009986 -0.002120 0.000000 
5.000000e-01 5.000000e-01 4.999879e-03 5.000000e-01 5.000000e-01 1.515101e+00 -0.993320 0.002053 0.009756 0.969702 0.009756 0.002053 0.993320 -0.002120 -0.009986 -0.969107 -0.009986 -0.002120 0.000000 
5.000000e-01 5.000000e-01 4.999879e-03 5.000000e-01 5.000000e-01 1.515101e+00 -0.993320 0.002053 0.009756 0.969702 0.009756 0.002053 0.993320 -0.002120 -0.009986 -0.969107 -0.009986 -0.002120 0.000000 
5.000000e-01 5.000000e-01 4.999879e-03 5.000000e-01 5.000000e-01 1.515101e+00 -0.993320 0.002053 0.009756 0.969702 0.009756 0.002053 0.993320 -0.002120 -0.009986 -0.969107 -0.009986 -0.002120 0.000000 
5.000000e-01 5.000000e-01 4.999879e-03 5.000000e-01 5.000000e-01 1.515101e+00 -0.993320 0.002053 0.009756 0.969702 0.009756 0.002053 0.993320 -0.002120 -0.009986 -0.969107 -0.009986 -0.002120 0.000000 
5.000000e-01 5.000000e-01 4.999879e-03 5.000000e-01 5.000000e-01 1.515101e+00 -0.993320 0.002053 0.009756 0.969702 0.009756 0.002053 0.993320 -0.002120 -0.009986 -0.969107 -0.009986 -0.002120 0.000000 
5.000000e-01 5.000000e-01 4.999879e-03 5.000000e-01 5.000000e-01 1.515101e+00 -0.993320 0.002053 0.009756 0.969702 0.009756 0.002053 0.993320 -0.002120 -0.009986 -0.969107 -0.009986 -0.002120 0.000000 
5.000000e-01 5.000000e-01 4.999879e-03 5.000000e-01 5.000000e-01 1.515101e+00 -0.993320 0.002053 0.009756 0.969702 0.009756 0.002053 0.993320 -0.002120 -0.009986 -0.969107 -0.009986 -0.002120 0.000000 
5.000000e-01 5.000000e-01 4.999879e-03 5.000000e-01 5.000000e-01 1.515101e+00 -0.993320 0.002053 0.009756 0.969702 0.009756 0.002053 0.993320 -0.002120 -0.009986 -0.969107 -0.009986 -0.002120 0.000000 
5.000000e-01 5.000000e-01 4.999879e-03 5.000000e-01 5.000000e-01 1.515101e+00 -0.993320 0.002053 0.009756 0.969702 0.009756 0.002053 0.993320 -0.002120 -0.009986 -0.969107 -0.009986 -0.002120 0.000000 
5.000000e-01 5.000000e-01 4.999879e-03 5.000000e-01 5.000000e-01 1.515101e+00 -0.993320 0.002053 0.009756 0.969702 0.009756 0.002053 0.993320 -0.002120 -0.009986 -0.969107 -0.009986 -0.002120 0.000000 
5.000000e-01 5.000000e-01 4.999879e-03 5.000000e-01 5.000000e-01 1.515101e+00 -0.993320 0.002053 0.009756 0.969702 0.009756 0.002053 0.993320 -0.002120 -0.009986 -0.969107 -0.009986 -0.002120 0.000000 
5.000000e-01 5.000000e-01 4.999879e-03 5.000000e-01 5.000000e-01 1.515101e+00 -0.993320 0.002053 0.009756 0.969702 0.009756 0.002053 0.993320 -0.002120 -0.009986 -0.969107 -0.009986 -0.002120 0.000000 
5.000000e-01 5.000000e-01 4.999879e-03 5.000000e-01 5.000000e-01 1.515101e+00 -0.993320 0.002053 0.009756 0.969702 0.009756 0.002053 0.993320 -0.002120 -0.009986 -0.969107 -0.009986 -0.002120 0.000000 
5.000000e-01 5.000000e-01 4.999879e-03 5.000000e-01 5.000000e-01 1.515101e+00 -0.993320 0.002053 0.009756 0.969702 0.009756 0.002053 0.993320 -0.002120 -0.009986 -0.969107 -0.009986 -0.002120 0.000000 
5.000000e-01 5.000000e-01 4.999879e-03 5.000000e-01 5.000000e-01 1.515101e+00 -0.993320 0.002053 0.009756 0.969702 0.009756 0.002053 0.993320 -0.002120 -0.009986 -0.969107 -0.009986 -0.002120 0.000000 
5.000000e-01 5.000000e-01 4.999879e-03 5.000000e-01 5.000000e-01 1.515101e+00 -0.993320 0.002053 0.009756 0.969702 0.009756 0.002053 0.993320 -0.002120 -0.009986 -0.969107 -0.009986 -0.002120 0.000000 
5.000000e-01 5.000000e-01 4.999879e-03 5.000000e-01 5.000000e-01 1.515101e+00 -0.993320 0.002053 0.009756 0.969702 0.009756 0.002053 0.993320 -0.002120 -0.009986 -0.969107 -0.009986 -0.002120 0.000000 
5.000000e-01 5.000000e-01 4.999879e-03 5.000000e-01 5.000000e-01 1.515101e+00 -0.993320 0.002053 0.009756 0.969702 0.009756 0.002053 0.993320 -0.002120 -0.009986 -0.969107 -0.009986 -0.002120 0.000000 
5.000000e-01 5.000000e-01 4.999879e-03 5.000000e-01 5.000000e-01 1.515101e+00 -0.993320 0.002053 0.009756 0.969702 0.009756 0.002053 0.993320 -0.002120 -0.009986 -0.969107 -0.009986 -0.002120 0.000000 
5.000000e-01 5.000000e-01 4.999879e-03 5.000000e-01 5.000000e-01 1.515101e+00 -0.993320 0.002053 0.009756 0.969702 0.009756 0.002053 0.993320 -0.002120 -0.009986 -0.969107 -0.009986 -0.002120 0.000000 
5.000000e-01 5.000000e-01 4.999879e-03 5.000000e-01 5.000000e-01 1.515101e+00 -0.993320 0.002053 0.009756 0.969702 0.009756 0.002053 0.993320 -0.002120 -0.009986 -0.969107 -0.009986 -0.002120 0.000000 
5.000000e-01 5.000000e-01 4.999879e-03 5.000000e-01 5.000000e-01 1.515101e+00 -0.993320 0.002053 0.009756 0.969702 0.009756 0.002053 0.993320 -0.002120 -0.009986 -0.969107 -0.009986 -0.002120 0.000000 
5.000000e-01 5.000000e-01 4.999879e-03 5.000000e-01 5.000000e-01 1.515101e+00 -0.993320 0.002053 0.009756 0.969702 0.009756 0.002053 0.993320 -0.002120 -0.009986 -0.969107 -0.009986 -0.002120 0.000000 
5.000000e-01 5.000000e-01 4.999879e-03 5.000000e-01 5.000000e-01 1.515101e+00 -0.993320 0.002053 0.009756 0.969702 0.009756 0.002053 0.993320 -0.002120 -0.009986 -0.969107 -0.009986 -0.002120 0.000000 
5.000000e-01 5.000000e-01 4.999879e-03 5.000000e-01 5.000000e-01 1.515101e+00 -0.993320 0.002053 0.009756 0.969702 0.009756 0.002053 0.993320 -0.002120 -0.009986 -0.969107 -0.009986 -0.002120 0.000000 
5.000000e-01 5.000000e-01 4.999879e-03 5.000000e-01 5.000000e-01 1.515101e+00 -0.993320 0.002053 0.009756 0.969702 0.009756 0.002053 0.993320 -0.002120 -0.009986 -0.969107 -0.009986 -0.002120 0.000000 
5.000000e-01 5.000000e-01 4.999879e-03 5.000000e-01 5.000000e-01 1.515101e+00 -0.993320 0.002053 0.009756 0.969702 0.009756 0.002053 0.993320 -0.002120 -0.009986 -0.969107 -0.009986 -0.002120 0.000000 
5.000000e-01 5.000000e-01 4.999879e-03 5.000000e-01 5.000000e-01 1.515101e+00 -0.993320 0.002053 0.009756 0.969702 0.009756 0.002053 0.993320 -0.002120 -0.009986 -0.969107 -0.009986 -0.002120 0.000000 
5.000000e-01 5.000000e-01 4.999879e-03 5.000000e-01 5.000000e-01 1.515101e+00 -0.993320 0.002053 0.009756 0.969702 0.009756 0.002053 0.993320 -0.002120 -0.009986 -0.969107 -0.009986 -0.002120 0.000000 
5.000000e-01 5.000000e-01 4.999879e-03 5.000000e-01 5.000000e-01 1.515101e+00 -0.993320 0.002053 0.009756 0.969702 0.009756 0.002053 0.993320 -0.002120 -0.009986 -0.969107 -0.009986 -0.002120 0.000000 
5.000000e-01 5.000000e-01 4.999879e-03 5.000000e-01 5.000000e-01 1.515101e+00 -0.993320 0.002053 0.009756 0.969702 0.009756 0.002053 0.993320 -0.002120 -0.009986 -0.969107 -0.009986 -0.002120 0.000000 
5.000000e-01 5.000000e-01 4.999879e-03 5.000000e-01 5.000000e-01 1.515101e+00 -0.993320 0.002053 0.009756 0.969702 0.009756 0.002053 0.993320 -0.002120 -0.009986 -0.969107 -0.009986 -0.002120 0.000000 
5.000000e-01 5.000000e-01 4.999879e-03 5.000000e-01 5.000000e-01 1.515101e+00 -0.993320 0.002053 0.009756 0.969702 0.009756 0.002053 0.993320 -0.002120 -0.009986 -0.969107 -0.009986 -0.002120 0.000000 
5.000000e-01 5.000000e-01 4.999879e-03 5.000000e-01 5.000000e-01 1.515101e+00 -0.993320 0.002053 0.009756 0.969702 0.009756 0.002053 0.993320 -0.002120 -0.009986 -0.969107 -0.009986 -0.002120 0.000000 
5.000000e-01 5.000000e-01 4.999879e-03 5.000000e-01 5.000000e-01 1.515101e+00 -0.993320 0.002053 0.009756 0.969702 0.009756 0.002053 0.993320 -0.002120 -0.009986 -0.969107 -0.009986 -0.002120 0.000000 
5.000000e-01 5.000000e-01 4.999879e-03 5.000000e-01 5.000000e-01 1.515101e+00 -0.993320 0.002053 0.009756 0.969702 0.009756 0.002053 0.993320 -0.002120 -0.009986 -0.969107 -0.009986 -0.002120 0.000000 
5.000000e-01 5.000000e-01 4.999879e-03 5.000000e-01 5.000000e-01 1.515101e+00 -0.993320 0.002053 0.009756 0.969702 0.009756 0.002053 0.993320 -0.002120 -0.009986 -0.969107 -0.009986 -0.002120 0.000000 
5.000000e-01 5.000000e-01 4.999879e-03 5.000000e-01 5.000000e-01 1.515101e+00 -0.993320 0.002053 0.009756 0.969702 0.009756 0.002053 0.993320 -0.002120 -0.009986 -0.969107 -0.009986 -0.002120 0.000000 
5.000000e-01 5.000000e-01 4.999879e-03 5.000000e-01 5.000000e-01 1.515101e+00 -0.993320 0.002053 0.009756 0.969702 0.009756 0.002053 0.993320 -0.002120 -0.009986 -0.969107 -0.009986 -0.002120 0.000000 
5.000000e-01 5.000000e-01 4.999879e-03 5.000000e-01 5.000000e-01 1.515101e+00 -0.993320 0.002053 0.009756 0.969702 0.009756 0.002053 0.993320 -0.002120 -0.009986 -0.969107 -0.009986 -0.002120 0.000000 
5.000000e-01 5.000000e-01 4.999879e-03 5.000000e-01 5.000000e-01 1.515101e+00 -0.993320 0.002053 0.009756 0.969702 0.009756 0.002053 0.993320 -0.002120 -0.009986 -0.969107 -0.009986 -0.002120 0.000000 
5.000000e-01 5.000000e-01 4.999879e-03 5.000000e-01 5.000000e-01 1.515101e+00 -0.993320 0.002053 0.009756 0.969702 0.009756 0.002053 0.993320 -0.002120 -0.009986 -0.969107 -0.009986 -0.002120 0.000000 
5.000000e-01 5.000000e-01 4.999879e-03 5.000000e-01 5.000000e-01 1.515101e+00 -0.993320 0.002053 0.009756 0.969702 0.009756 0.002053 0.993320 -0.002120 -0.009986 -0.969107 -0.009986 -0.002120 0.000000 
5.000000e-01 5.000000e-01 4.999879e-03 5.000000e-01 5.000000e-01 1.515101e+00 -0.993320 0.002053 0.009756 0.969702 0.009756 0.002053 0.993320 -0.002120 -0.009986 -0.969107 -0.009986 -0.002120 0.000000 
5.000000e-01 5.000000e-01 4.999879e-03 5.000000e-01 5.000000e-01 1.515101e+00 -0.993320 0.002053 0.009756 0.969702 0.009756 0.002053 0.993320 -0.002120 -0.009986 -0.969107 -0.009986 -0.002120 0.000000 
5.000000e-01 5.000000e-01 4.999879e-03 5.000000e-01 5.000000e-01 1.515101e+00 -0.993320 0.002053 0.009756 0.969702 0.009756 0.002053 0.993320 -0.002120 -0.009986 -0.969107 -0.009986 -0.002120 0.000000 
5.000000e-01 5.000000e-01 4.999879e-03 5.000000e-01 5.000000e-01 1.515101e+00 -0.993320 0.002053 0.009756 0.969702 0.009756 0.002053 0.993320 -0.002120 -0.009986 -0.969107 -0.009986 -0.002120 0.000000 
5.000000e-01 5.000000e-01 4.999879e-03 5.000000e-01 5.000000e-01 1.515101e+00 -0.993320 0.002053 0.009756 0.969702 0.009756 0.002053 0.993320 -0.002120 -0.009986 -0.969107 -0.009986 -0.002120 0.000000 
5.000000e-01 5.000000e-01 4.999879e-03 5.000000e-01 5.000000e-01 1.515101e+00 -0.993320 0.002053 0.009756 0.969702 0.009756 0.002053 0.993320 -0.002120 -0.009986 -0.969107 -0.009986 -0.002120 0.000000 
5.000000e-01 5.000000e-01 4.999879e-03 5.000000e-01 5.000000e-01 1.515101e+00 -0.993320 0.002053 0.009756 0.969702 0.009756 0.002053 0.993320 -0.002120 -0.009986 -0.969107 -0.009986 -0.002120 0.000000 
5.000000e-01 5.000000e-01 4.999879e-03 5.000000e-01 5.000000e-01 1.515101e+00 -0.993320 0.002053 0.009756 0.969702 0.009756 0.002053 0.993320 -0.002120 -0.009986 -0.969107 -0.009986 -0.002120 0.000000 
5.000000e-01 5.000000e-01 4.999879e-03 5.000000e-01 5.000000e-01 1.515101e+00 -0.993320 0.002053 0.009756 0.969702 0.009756 0.002053 0.993320 -0.002120 -0.009986 -0.969107 -0.009986 -0.002120 0.000000 
5.000000e-01 5.000000e-01 4.999879e-03 5.000000e-01 5.000000e-01 1.515101e+00 -0.993320 0.002053 0.009756 0.969702 0.009756 0.002053 0.993320 -0.002120 -0.009986 -0.969107 -0.009986 -0.002120 0.000000 
5.000000e-01 5.000000e-01 4.999879e-03 5.000000e-01 5.000000e-01 1.515101e+00 -0.993320 0.002053 0.009756 0.969702 0.009756 0.002053 0.993320 -0.002120 -0.009986 -0.969107 -0.009986 -0.002120 0.000000 
5.000000e-01 5.000000e-01 4.999879e-03 5.000000e-01 5.000000e-01 1.515101e+00 -0.993320 0.002053 0.009756 0.969702 0.009756 0.002053 0.993320 -0.002120 -0.009986 -0.969107 -0.009986 -0.002120 0.000000 
5.000000e-01 5.000000e-01 4.999879e-03 5.000000e-01 5.000000e-01 1.515101e+00 -0.993320 0.002053 0.009756 0.969702 0.009756 0.002053 0.993320 -0.002120 -0.009986 -0.969107 -0.009986 -0.002120 0.000000 
5.000000e-01 5.000000e-01 4.999879e-03 5.000000e-01 5.000000e-01 1.515101e+00 -0.993320 0.002053 0.009756 0.969702 0.009756 0.002053 0.993320 -0.002120 -0.009986 -0.969107 -0.009986 -0.002120 0.000000 
5.000000e-01 5.000000e-01 4.999879e-03 5.000000e-01 5.000000e-01 1.515101e+00 -0.993320 0.002053 0.009756 0.969702 0.009756 0.002053 0.993320 -0.002120 -0.009986 -0.969107 -0.009986 -0.002120 0.000000 
5.000000e-01 5.000000e-01 4.999879e-03 5.000000e-01 5.000000e-01 1.515101e+00 -0.993320 0.002053 0.009756 0.969702 0.009756 0.002053 0.993320 -0.002120 -0.009986 -0.969107 -0.009986 -0.002120 0.000000 
5.000000e-01 5.000000e-01 4.999879e-03 5.000000e-01 5.000000e-01 1.515101e+00 -0.993320 0.002053 0.009756 0.969702 0.009756 0.002053 0.993320 -0.002120 -0.009986 -0.969107 -0.009986 -0.002120 0.000000 
5.000000e-01 5.000000e-01 4.999879e-03 5.000000e-01 5.000000e-01 1.515101e+00 -0.993320 0.002053 0.009756 0.969702 0.009756 0.002053 0.993320 -0.002120 -0.009986 -0.969107 -0.009986 -0.002120 0.000000 
5.000000e-01 5.000000e-01 4.999879e-03 5.000000e-01 5.000000e-01 1.515101e+00 -0.993320 0.002053 0.009756 0.969702 0.009756 0.002053 0.993320 -0.002120 -0.009986 -0.969107 -0.009986 -0.002120 0.000000 
5.000000e-01 5.000000e-01 4.999879e-03 5.000000e-01 5.000000e-01 1.515101e+00 -0.993320 0.002053 0.009756 0.969702 0.009756 0.002053 0.993320 -0.002120 -0.009986 -0.969107 -0.009986 -0.002120 0.000000 
5.000000e-01 5.000000e-01 4.999879e-03 5.000000e-01 5.000000e-01 1.515101e+00 -0.993320 0.002053 0.009756 0.969702 0.009756 0.002053 0.993320 -0.002120 -0.009986 -0.969107 -0.009986 -0.002120 0.000000 
5.000000e-01 5.000000e-01 4.999879e-03 5.000000e-01 5.000000e-01 1.515101e+00 -0.993320 0.002053 0.009756 0.969702 0.009756 0.002053 0.993320 -0.002120 -0.009986 -0.969107 -0.009986 -0.002120 0.000000 
5.000000e-01 5.000000e-01 4.999879e-03 5.000000e-01 5.000000e-01 1.515101e+00 -0.993320 0.002053 0.009756 0.969702 0.009756 0.002053 0.993320 -0.002120 -0.009986 -0.969107 -0.009986 -0.002120 0.000000 
5.000000e-01 5.000000e-01 4.999879e-03 5.000000e-01 5.000000e-01 1.515101e+00 -0.993320 0.002053 0.009756 0.969702 0.009756 0.002053 0.993320 -0.002120 -0.009986 -0.969107 -0.009986 -0.002120 0.000000 
5.000000e-01 5.000000e-01 4.999879e-03 5.000000e-01 5.000000e-01 1.515101e+00 -0.993320 0.002053 0.009756 0.969702 0.009756 0.002053 0.993320 -0.002120 -0.009986 -0.969107 -0.009986 -0.002120 0.000000 
5.000000e-01 5.000000e-01 4.999879e-03 5.000000e-01 5.000000e-01 1.515101e+00 -0.993320 0.002053 0.009756 0.969702 0.009756 0.002053 0.993320 -0.002120 -0.009986 -0.969107 -0.009986 -0.002120 0.000000 
5.000000e-01 5.000000e-01 4.999879e-03 5.000000e-01 5.000000e-01 1.515101e+00 -0.993320 0.002053 0.009756 0.969702 0.009756 0.002053 0.993320 -0.002120 -0.009986 -0.969107 -0.009986 -0.002120 0.000000 
5.000000e-01 5.000000e-01 4.999879e-03 5.000000e-01 5.000000e-01 1.515101e+00 -0.993320 0.002053 0.009756 0.969702 0.009756 0.002053 0.993320 -0.002120 -0.009986 -0.969107 -0.009986 -0.002120 0.000000 
5.000000e-01 5.000000e-01 4.999879e-03 5.000000e-01 5.000000e-01 1.515101e+00 -0.993320 0.002053 0.009756 0.969702 0.009756 0.002053 0.993320 -0.002120 -0.009986 -0.969107 -0.009986 -0.002120 0.000000 
5.000000e-01 5.000000e-01 4.999879e-03 5.000000e-01 5.000000e-01 1.515101e+00 -0.993320 0.002053 0.009756 0.969702 0.009756 0.002053 0.993320 -0.002120 -0.009986 -0.969107 -0.009986 -0.002120 0.000000 
5.000000e-01 5.000000e-01 4.999879e-03 5.000000e-01 5.000000e-01 1.515101e+00 -0.993320 0.002053 0.009756 0.969702 0.009756 0.002053 0.993320 -0.002120 -0.009986 -0.969107 -0.009986 -0.002120 0.000000 
5.000000e-01 5.000000e-01 4.999879e-03 5.000000e-01 5.000000e-01 1.515101e+00 -0.993320 0.002053 0.009756 0.969702 0.009756 0.002053 0.993320 -0.002120 -0.009986 -0.969107 -0.009986 -0.002120 0.000000 
5.000000e-01 5.000000e-01 4.999879e-03 5.000000e-01 5.000000e-01 1.515101e+00 -0.993320 0.002053 0.009756 0.969702 0.009756 0.002053 0.993320 -0.002120 -0.009986 -0.969107 -0.009986 -0.002120 0.000000 
5.000000e-01 5.000000e-01 4.999879e-03 5.000000e-01 5.000000e-01 1.515101e+00 -0.993320 0.002053 0.009756 0.969702 0.009756 0.002053 0.993320 -0.002120 -0.009986 -0.969107 -0.009986 -0.002120 0.000000 
5.000000e-01 5.000000e-01 4.999879e-03 5.000000e-01 5.000000e-01 1.515101e+00 -0.993320 0.002053 0.009756 0.969702 0.009756 0.002053 0.993320 -0.002120 -0.009986 -0.969107 -0.009986 -0.002120 0.000000 
5.000000e-01 5.000000e-01 4.999879e-03 5.000000e-01 5.000000e-01 1.515101e+00 -0.993320 0.002053 0.009756 0.969702 0.009756 0.002053 0.993320 -0.002120 -0.009986 -0.969107 -0.009986 -0.002120 0.000000 
5.000000e-01 5.000000e-01 4.999879e-03 5.000000e-01 5.000000e-01 1.515101e+00 -0.993320 0.002053 0.009756 0.969702 0.009756 0.002053 0.993320 -0.002120 -0.009986 -0.969107 -0.009986 -0.002120 0.000000 
5.000000e-01 5.000000e-01 4.999879e-03 5.000000e-01 5.000000e-01 1.515101e+00 -0.993320 0.002053 0.009756 0.969702 0.009756 0.002053 0.993320 -0.002120 -0.009986 -0.969107 -0.009986 -0.002120 0.000000 
5.000000e-01 5.000000e-01 4.999879e-03 5.000000e-01 5.000000e-01 1.515101e+00 -0.993320 0.002053 0.009756 0.969702 0.009756 0.002053 0.993320 -0.002120 -0.009986 -0.969107 -0.009986 -0.002120 0.000000 
5.000000e-01 5.000000e-01 4.999879e-03 5.000000e-01 5.000000e-01 1.515101e+00 -0.993320 0.002053 0.009756 0.969702 0.009756 0.002053 0.993320 -0.002120 -0.009986 -0.969107 -0.009986 -0.002120 0.000000 
5.000000e-01 5.000000e-01 4.999879e-03 5.000000e-01 5.000000e-01 1.515101e+00 -0.993320 0.002053 0.009756 0.969702 0.009756 0.002053 0.993320 -0.002120 -0.009986 -0.969107 -0.009986 -0.002120 0.000000 
5.000000e-01 5.000000e-01 4.999879e-03 5.000000e-01 5.000000e-01 1.515101e+00 -0.993320 0.002053 0.009756 0.969702 0.009756 0.002053 0.993320 -0.002120 -0.009986 -0.969107 -0.009986 -0.002120 0.000000 
5.000000e-01 5.000000e-01 4.999879e-03 5.000000e-01 5.000000e-01 1.515101e+00 -0.993320 0.002053 0.009756 0.969702 0.009756 0.002053 0.993320 -0.002120 -0.009986 -0.969107 -0.009986 -0.002120 0.000000 
5.000000e-01 5.000000e-01 4.999879e-03 5.000000e-01 5.000000e-01 1.515101e+00 -0.993320 0.002053 0.009756 0.969702 0.009756 0.002053 0.993320 -0.002120 -0.009986 -0.969107 -0.009986 -0.002120 0.000000 
5.000000e-01 5.000000e-01 4.999879e-03 5.000000e-01 5.000000e-01 1.515101e+00 -0.993320 0.002053 0.009756 0.969702 0.009756 0.002053 0.993320 -0.002120 -0.009986 -0.969107 -0.009986 -0.002120 0.000000 
5.000000e-01 5.000000e-01 4.999879e-03 5.000000e-01 5.000000e-01 1.515101e+00 -0.993320 0.002053 0.009756 0.969702 0.009756 0.002053 0.993320 -0.002120 -0.009986 -0.969107 -0.009986 -0.002120 0.000000 
5.000000e-01 5.000000e-01 4.999879e-03 5.000000e-01 5.000000e-01 1.515101e+00 -0.993320 0.002053 0.009756 0.969702 0.009756 0.002053 0.993320 -0.002120 -0.009986 -0.969107 -0.009986 -0.002120 0.000000 
5.000000e-01 5.000000e-01 4.999879e-03 5.000000e-01 5.000000e-01 1.515101e+00 -0.993320 0.002053 0.009756 0.969702 0.009756 0.002053 0.993320 -0.002120 -0.009986 -0.969107 -0.009986 -0.002120 0.000000 
5.000000e-01 5.000000e-01 4.999879e-03 5.000000e-01 5.000000e-01 1.515101e+00 -0.993320 0.002053 0.009756 0.969702 0.009756 0.002053 0.993320 -0.002120 -0.009986 -0.969107 -0.009986 -0.002120 0.000000 
5.000000e-01 5.000000e-01 4.999879e-03 5.000000e-01 5.000000e-01 1.515101e+00 -0.993320 0.002053 0.009756 0.969702 0.009756 0.002053 0.993320 -0.002120 -0.009986 -0.969107 -0.009986 -0.002120 0.000000 
5.000000e-01 5.000000e-01 4.999879e-03 5.000000e-01 5.000000e-01 1.515101e+00 -0.993320 0.002053 0.009756 0.969702 0.009756 0.002053 0.993320 -0.002120 -0.009986 -0.969107 -0.009986 -0.002120 0.000000 
5.000000e-01 5.000000e-01 4.999879e-03 5.000000e-01 5.000000e-01 1.515101e+00 -0.993320 0.002053 0.009756 0.969702 0.009756 0.002053 0.993320 -0.002120 -0.009986 -0.969107 -0.009986 -0.002120 0.000000 
5.000000e-01 5.000000e-01 4.999879e-03 5.000000e-01 5.000000e-01 1.515101e+00 -0.993320 0.002053 0.009756 0.969702 0.009756 0.002053 0.993320 -0.002120 -0.009986 -0.969107 -0.009986 -0.002120 0.000000 
5.000000e-01 5.000000e-01 4.999879e-03 5.000000e-01 5.000000e-01 1.515101e+00 -0.993320 0.002053 0.009756 0.969702 0.009756 0.002053 0.993320 -0.002120 -0.009986 -0.969107 -0.009986 -0.002120 0.000000 
5.000000e-01 5.000000e-01 4.999879e-03 5.000000e-01 5.000000e-01 1.515101e+00 -0.993320 0.002053 0.009756 0.969702 0.009756 0.002053 0.993320 -0.002120 -0.009986 -0.969107 -0.009986 -0.002120 0.000000 
5.000000e-01 5.000000e-01 4.999879e-03 5.000000e-01 5.000000e-01 1.515101e+00 -0.993320 0.002053 0.009756 0.969702 0.009756 0.002053 0.993320 -0.002120 -0.009986 -0.969107 -0.009986 -0.002120 0.000000 
5.000000e-01 5.000000e-01 4.999879e-03 5.000000e-01 5.000000e-01 1.515101e+00 -0.993320 0.002053 0.009756 0.969702 0.009756 0.002053 0.993320 -0.002120 -0.009986 -0.969107 -0.009986 -0.002120 0.000000 
5.000000e-01 5.000000e-01 4.999879e-03 5.000000e-01 5.000000e-01 1.515101e+00 -0.993320 0.002053 0.009756 0.969702 0.009756 0.002053 0.993320 -0.002120 -0.009986 -0.969107 -0.009986 -0.002120 0.000000 
5.000000e-01 5.000000e-01 4.999879e-03 5.000000e-01 5.000000e-01 1.515101e+00 -0.993320 0.002053 0.009756 0.969702 0.009756 0.002053 0.993320 -0.002120 -0.009986 -0.969107 -0.009986 -0.002120 0.000000 
5.000000e-01 5.000000e-01 4.999879e-03 5.000000e-01 5.000000e-01 1.515101e+00 -0.993320 0.002053 0.009756 0.969702 0.009756 0.002053 0.993320 -0.002120 -0.009986 -0.969107 -0.009986 -0.002120 0.000000 
5.000000e-01 5.000000e-01 4.999879e-03 5.000000e-01 5.000000e-01 1.515101e+00 -0.993320 0.002053 0.009756 0.969702 0.009756 0.002053 0.993320 -0.002120 -0.009986 -0.969107 -0.009986 -0.002120 0.000000 
5.000000e-01 5.000000e-01 4.999879e-03 5.000000e-01 5.000000e-01 1.515101e+00 -0.993320 0.002053 0.009756 0.969702 0.009756 0.002053 0.993320 -0.002120 -0.009986 -0.969107 -0.009986 -0.002120 0.000000 
5.000000e-01 5.000000e-01 4.999879e-03 5.000000e-01 5.000000e-01 1.515101e+00 -0.993320 0.002053 0.009756 0.969702 0.009756 0.002053 0.993320 -0.002120 -0.009986 -0.969107 -0.009986 -0.002120 0.000000 
5.000000e-01 5.000000e-01 4.999879e-03 5.000000e-01 5.000000e-01 1.515101e+00 -0.993320 0.002053 0.009756 0.969702 0.009756 0.002053 0.993320 -0.002120 -0.009986 -0.969107 -0.009986 -0.002120 0.000000 
5.000000e-01 5.000000e-01 4.999879e-03 5.000000e-01 5.000000e-01 1.515101e+00 -0.993320 0.002053 0.009756 0.969702 0.009756 0.002053 0.993320 -0.002120 -0.009986 -0.969107 -0.009986 -0.002120 0.000000 
5.000000e-01 5.000000e-01 4.999879e-03 5.000000e-01 5.000000e-01 1.515101e+00 -0.993320 0.002053 0.009756 0.969702 0.009756 0.002053 0.993320 -0.002120 -0.009986 -0.969107 -0.009986 -0.002120 0.000000 
5.000000e-01 5.000000e-01 4.999879e-03 5.000000e-01 5.000000e-01 1.515101e+00 -0.993320 0.002053 0.009756 0.969702 0.009756 0.002053 0.993320 -0.002120 -0.009986 -0.969107 -0.009986 -0.002120 0.000000 
5.000000e-01 5.000000e-01 4.999879e-03 5.000000e-01 5.000000e-01 1.515101e+00 -0.993320 0.002053 0.009756 0.969702 0.009756 0.002053 0.993320 -0.002120 -0.009986 -0.969107 -0.009986 -0.002120 0.000000 
5.000000e-01 5.000000e-01 4.999879e-03 5.000000e-01 5.000000e-01 1.515101e+00 -0.993320 0.002053 0.009756 0.969702 0.009756 0.002053 0.993320 -0.002120 -0.009986 -0.969107 -0.009986 -0.002120 0.000000 
5.000000e-01 5.000000e-01 4.999879e-03 5.000000e-01 5.000000e-01 1.515101e+00 -0.993320 0.002053 0.009756 0.969702 0.009756 0.002053 0.993320 -0.002120 -0.009986 -0.969107 -0.009986 -0.002120 0.000000 
5.000000e-01 5.000000e-01 4.999879e-03 5.000000e-01 5.000000e-01 1.515101e+00 -0.993320 0.002053 0.009756 0.969702 0.009756 0.002053 0.993320 -0.002120 -0.009986 -0.969107 -0.009986 -0.002120 0.000000 
5.000000e-01 5.000000e-01 4.999879e-03 5.000000e-01 5.000000e-01 1.515101e+00 -0.993320 0.002053 0.009756 0.969702 0.009756 0.002053 0.993320 -0.002120 -0.009986 -0.969107 -0.009986 -0.002120 0.000000 
5.000000e-01 5.000000e-01 4.999879e-03 5.000000e-01 5.000000e-01 1.515101e+00 -0.993320 0.002053 0.009756 0.969702 0.009756 0.002053 0.993320 -0.002120 -0.009986 -0.969107 -0.009986 -0.002120 0.000000 
5.000000e-01 5.000000e-01 4.999879e-03 5.000000e-01 5.000000e-01 1.515101e+00 -0.993320 0.002053 0.009756 0.969702 0.009756 0.002053 0.993320 -0.002120 -0.009986 -0.969107 -0.009986 -0.002120 0.000000 
5.000000e-01 5.000000e-01 4.999879e-03 5.000000e-01 5.000000e-01 1.515101e+00 -0.993320 0.002053 0.009756 0.969702 0.009756 0.002053 0.993320 -0.002120 -0.009986 -0.969107 -0.009986 -0.002120 0.000000 
5.000000e-01 5.000000e-01 4.999879e-03 5.000000e-01 5.000000e-01 1.515101e+00 -0.993320 0.002053 0.009756 0.969702 0.009756 0.002053 0.993320 -0.002120 -0.009986 -0.969107 -0.009986 -0.002120 0.000000 
5.000000e-01 5.000000e-01 4.999879e-03 5.000000e-01 5.000000e-01 1.515101e+00 -0.993320 0.002053 0.009756 0.969702 0.009756 0.002053 0.993320 -0.002120 -0.009986 -0.969107 -0.009986 -0.002120 0.000000 
5.000000e-01 5.000000e-01 4.999879e-03 5.000000e-01 5.000000e-01 1.515101e+00 -0.993320 0.002053 0.009756 0.969702 0.009756 0.002053 0.993320 -0.002120 -0.009986 -0.969107 -0.009986 -0.002120 0.000000 
5.000000e-01 5.000000e-01 4.999879e-03 5.000000e-01 5.000000e-01 1.515101e+00 -0.993320 0.002053 0.009756 0.969702 0.009756 0.002053 0.993320 -0.002120 -0.009986 -0.969107 -0.009986 -0.002120 0.000000 
5.000000e-01 5.000000e-01 4.999879e-03 5.000000e-01 5.000000e-01 1.515101e+00 -0.993320 0.002053 0.009756 0.969702 0.009756 0.002053 0.993320 -0.002120 -0.009986 -0.969107 -0.009986 -0.002120 0.000000 
5.000000e-01 5.000000e-01 4.999879e-03 5.000000e-01 5.000000e-01 1.515101e+00 -0.993320 0.002053 0.009756 0.969702 0.009756 0.002053 0.993320 -0.002120 -0.009986 -0.969107 -0.009986 -0.002120 0.000000 
5.000000e-01 5.000000e-01 4.999879e-03 5.000000e-01 5.000000e-01 1.515101e+00 -0.993320 0.002053 0.009756 0.969702 0.009756 0.002053 0.993320 -0.002120 -0.009986 -0.969107 -0.009986 -0.002120 0.000000 
5.000000e-01 5.000000e-01 4.999879e-03 5.000000e-01 5.000000e-01 1.515101e+00 -0.993320 0.002053 0.009756 0.969702 0.009756 0.002053 0.993320 -0.002120 -0.009986 -0.969107 -0.009986 -0.002120 0.000000 
5.000000e-01 5.000000e-01 4.999879e-03 5.000000e-01 5.000000e-01 1.515101e+00 -0.993320 0.002053 0.009756 0.969702 0.009756 0.002053 0.993320 -0.002120 -0.009986 -0.969107 -0.009986 -0.002120 0.000000 
5.000000e-01 5.000000e-01 4.999879e-03 5.000000e-01 5.000000e-01 1.515101e+00 -0.993320 0.002053 0.009756 0.969702 0.009756 0.002053 0.993320 -0.002120 -0.009986 -0.969107 -0.009986 -0.002120 0.000000 
5.000000e-01 5.000000e-01 4.999879e-03 5.000000e-01 5.000000e-01 1.515101e+00 -0.993320 0.002053 0.009756 0.969702 0.009756 0.002053 0.993320 -0.002120 -0.009986 -0.969107 -0.009986 -0.002120 0.000000 
5.000000e-01 5.000000e-01 4.999879e-03 5.000000e-01 5.000000e-01 1.515101e+00 -0.993320 0.002053 0.009756 0.969702 0.009756 0.002053 0.993320 -0.002120 -0.009986 -0.969107 -0.009986 -0.002120 0.000000 
5.000000e-01 5.000000e-01 4.999879e-03 5.000000e-01 5.000000e-01 1.515101e+00 -0.993320 0.002053 0.009756 0.969702 0.009756 0.002053 0.993320 -0.002120 -0.009986 -0.969107 -0.009986 -0.002120 0.000000 
5.000000e-01 5.000000e-01 4.999879e-03 5.000000e-01 5.000000e-01 1.515101e+00 -0.993320 0.002053 0.009756 0.969702 0.009756 0.002053 0.993320 -0.002120 -0.009986 -0.969107 -0.009986 -0.002120 0.000000 
5.000000e-01 5.000000e-01 4.999879e-03 5.000000e-01 5.000000e-01 1.515101e+00 -0.993320 0.002053 0.009756 0.969702 0.009756 0.002053 0.993320 -0.002120 -0.009986 -0.969107 -0.009986 -0.002120 0.000000 
5.000000e-01 5.000000e-01 4.999879e-03 5.000000e-01 5.000000e-01 1.515101e+00 -0.993320 0.002053 0.009756 0.969702 0.009756 0.002053 0.993320 -0.002120 -0.009986 -0.969107 -0.009986 -0.002120 0.000000 
5.000000e-01 5.000000e-01 4.999879e-03 5.000000e-01 5.000000e-01 1.515101e+00 -0.993320 0.002053 0.009756 0.969702 0.009756 0.002053 0.993320 -0.002120 -0.009986 -0.969107 -0.009986 -0.002120 0.000000 
5.000000e-01 5.000000e-01 4.999879e-03 5.000000e-01 5.000000e-01 1.515101e+00 -0.993320 0.002053 0.009756 0.969702 0.009756 0.002053 0.993320 -0.002120 -0.009986 -0.969107 -0.009986 -0.002120 0.000000 
5.000000e-01 5.000000e-01 4.999879e-03 5.000000e-01 5.000000e-01 1.515101e+00 -0.993320 0.002053 0.009756 0.969702 0.009756 0.002053 0.993320 -0.002120 -0.009986 -0.969107 -0.009986 -0.002120 0.000000 
5.000000e-01 5.000000e-01 4.999879e-03 5.000000e-01 5.000000e-01 1.515101e+00 -0.993320 0.002053 0.009756 0.969702 0.009756 0.002053 0.993320 -0.002120 -0.009986 -0.969107 -0.009986 -0.002120 0.000000 
5.000000e-01 5.000000e-01 4.999879e-03 5.000000e-01 5.000000e-01 1.515101e+00 -0.993320 0.002053 0.009756 0.969702 0.009756 0.002053 0.993320 -0.002120 -0.009986 -0.969107 -0.009986 -0.002120 0.000000 
5.000000e-01 5.000000e-01 4.999879e-03 5.000000e-01 5.000000e-01 1.515101e+00 -0.993320 0.002053 0.009756 0.969702 0.009756 0.002053 0.993320 -0.002120 -0.009986 -0.969107 -0.009986 -0.002120 0.000000 
5.000000e-01 5.000000e-01 4.999879e-03 5.000000e-01 5.000000e-01 1.515101e+00 -0.993320 0.002053 0.009756 0.969702 0.009756 0.002053 0.993320 -0.002120 -0.009986 -0.969107 -0.009986 -0.002120 0.000000 
5.000000e-01 5.000000e-01 4.999879e-03 5.000000e-01 5.000000e-01 1.515101e+00 -0.993320 0.002053 0.009756 0.969702 0.009756 0.002053 0.993320 -0.002120 -0.009986 -0.969107 -0.009986 -0.002120 0.000000 
5.000000e-01 5.000000e-01 4.999879e-03 5.000000e-01 5.000000e-01 1.515101e+00 -0.993320 0.002053 0.009756 0.969702 0.009756 0.002053 0.993320 -0.002120 -0.009986 -0.969107 -0.009986 -0.002120 0.000000 
5.000000e-01 5.000000e-01 4.999879e-03 5.000000e-01 5.000000e-01 1.515101e+00 -0.993320 0.002053 0.009756 0.969702 0.009756 0.002053 0.993320 -0.002120 -0.009986 -0.969107 -0.009986 -0.002120 0.000000 
5.000000e-01 5.000000e-01 4.999879e-03 5.000000e-01 5.000000e-01 1.515101e+00 -0.993320 0.002053 0.009756 0.969702 0.009756 0.002053 0.993320 -0.002120 -0.009986 -0.969107 -0.009986 -0.002120 0.000000 
5.000000e-01 5.000000e-01 4.999879e-03 5.000000e-01 5.000000e-01 1.515101e+00 -0.993320 0.002053 0.009756 0.969702 0.009756 0.002053 0.993320 -0.002120 -0.009986 -0.969107 -0.009986 -0.002120 0.000000 
5.000000e-01 5.000000e-01 4.999879e-03 5.000000e-01 5.000000e-01 1.515101e+00 -0.993320 0.002053 0.009756 0.969702 0.009756 0.002053 0.993320 -0.002120 -0.009986 -0.969107 -0.009986 -0.002120 0.000000 
5.000000e-01 5.000000e-01 4.999879e-03 5.000000e-01 5.000000e-01 1.515101e+00 -0.993320 0.002053 0.009756 0.969702 0.009756 0.002053 0.993320 -0.002120 -0.009986 -0.969107 -0.009986 -0.002120 0.000000 
5.000000e-01 5.000000e-01 4.999879e-03 5.000000e-01 5.000000e-01 1.515101e+00 -0.993320 0.002053 0.009756 0.969702 0.009756 0.002053 0.993320 -0.002120 -0.009986 -0.969107 -0.009986 -0.002120 0.000000 
5.000000e-01 5.000000e-01 4.999879e-03 5.000000e-01 5.000000e-01 1.515101e+00 -0.993320 0.002053 0.009756 0.969702 0.009756 0.002053 0.993320 -0.002120 -0.009986 -0.969107 -0.009986 -0.002120 0.000000 
5.000000e-01 5.000000e-01 4.999879e-03 5.000000e-01 5.000000e-01 1.515101e+00 -0.993320 0.002053 0.009756 0.969702 0.009756 0.002053 0.993320 -0.002120 -0.009986 -0.969107 -0.009986 -0.002120 0.000000 
5.000000e-01 5.000000e-01 4.999879e-03 5.000000e-01 5.000000e-01 1.515101e+00 -0.993320 0.002053 0.009756 0.969702 0.009756 0.002053 0.993320 -0.002120 -0.009986 -0.969107 -0.009986 -0.002120 0.000000 
5.000000e-01 5.000000e-01 4.999879e-03 5.000000e-01 5.000000e-01 1.515101e+00 -0.993320 0.002053 0.009756 0.969702 0.009756 0.002053 0.993320 -0.002120 -0.009986 -0.969107 -0.009986 -0.002120 0.000000 
5.000000e-01 5.000000e-01 4.999879e-03 5.000000e-01 5.000000e-01 1.515101e+00 -0.993320 0.002053 0.009756 0.969702 0.009756 0.002053 0.993320 -0.002120 -0.009986 -0.969107 -0.009986 -0.002120 0.000000 
5.000000e-01 5.000000e-01 4.999879e-03 5.000000e-01 5.000000e-01 1.515101e+00 -0.993320 0.002053 0.009756 0.969702 0.009756 0.002053 0.993320 -0.002120 -0.009986 -0.969107 -0.009986 -0.002120 0.000000 
5.000000e-01 5.000000e-01 4.999879e-03 5.000000e-01 5.000000e-01 1.515101e+00 -0.993320 0.002053 0.009756 0.969702 0.009756 0.002053 0.993320 -0.002120 -0.009986 -0.969107 -0.009986 -0.002120 0.000000 
5.000000e-01 5.000000e-01 4.999879e-03 5.000000e-01 5.000000e-01 1.515101e+00 -0.993320 0.002053 0.009756 0.969702 0.009756 0.002053 0.993320 -0.002120 -0.009986 -0.969107 -0.009986 -0.002120 0.000000 
5.000000e-01 5.000000e-01 4.999879e-03 5.000000e-01 5.000000e-01 1.515101e+00 -0.993320 0.002053 0.009756 0.969702 0.009756 0.002053 0.993320 -0.002120 -0.009986 -0.969107 -0.009986 -0.002120 0.000000 
5.000000e-01 5.000000e-01 4.999879e-03 5.000000e-01 5.000000e-01 1.515101e+00 -0.993320 0.002053 0.009756 0.969702 0.009756 0.002053 0.993320 -0.002120 -0.009986 -0.969107 -0.009986 -0.002120 0.000000 
5.000000e-01 5.000000e-01 4.999879e-03 5.000000e-01 5.000000e-01 1.515101e+00 -0.993320 0.002053 0.009756 0.969702 0.009756 0.002053 0.993320 -0.002120 -0.009986 -0.969107 -0.009986 -0.002120 0.000000 
5.000000e-01 5.000000e-01 4.999879e-03 5.000000e-01 5.000000e-01 1.515101e+00 -0.993320 0.002053 0.009756 0.969702 0.009756 0.002053 0.993320 -0.002120 -0.009986 -0.969107 -0.009986 -0.002120 0.000000 
5.000000e-01 5.000000e-01 4.999879e-03 5.000000e-01 5.000000e-01 1.515101e+00 -0.993320 0.002053 0.009756 0.969702 0.009756 0.002053 0.993320 -0.002120 -0.009986 -0.969107 -0.009986 -0.002120 0.000000 
5.000000e-01 5.000000e-01 4.999879e-03 5.000000e-01 5.000000e-01 1.515101e+00 -0.993320 0.002053 0.009756 0.969702 0.009756 0.002053 0.993320 -0.002120 -0.009986 -0.969107 -0.009986 -0.002120 0.000000 
5.000000e-01 5.000000e-01 4.999879e-03 5.000000e-01 5.000000e-01 1.515101e+00 -0.993320 0.002053 0.009756 0.969702 0.009756 0.002053 0.993320 -0.002120 -0.009986 -0.969107 -0.009986 -0.002120 0.000000 
5.000000e-01 5.000000e-01 4.999879e-03 5.000000e-01 5.000000e-01 1.515101e+00 -0.993320 0.002053 0.009756 0.969702 0.009756 0.002053 0.993320 -0.002120 -0.009986 -0.969107 -0.009986 -0.002120 0.000000 
5.000000e-01 5.000000e-01 4.999879e-03 5.000000e-01 5.000000e-01 1.515101e+00 -0.993320 0.002053 0.009756 0.969702 0.009756 0.002053 0.993320 -0.002120 -0.009986 -0.969107 -0.009986 -0.002120 0.000000 
5.000000e-01 5.000000e-01 4.999879e-03 5.000000e-01 5.000000e-01 1.515101e+00 -0.993320 0.002053 0.009756 0.969702 0.009756 0.002053 0.993320 -0.002120 -0.009986 -0.969107 -0.009986 -0.002120 0.000000 
5.000000e-01 5.000000e-01 4.999879e-03 5.000000e-01 5.000000e-01 1.515101e+00 -0.993320 0.002053 0.009756 0.969702 0.009756 0.002053 0.993320 -0.002120 -0.009986 -0.969107 -0.009986 -0.002120 0.000000 
5.000000e-01 5.000000e-01 4.999879e-03 5.000000e-01 5.000000e-01 1.515101e+00 -0.993320 0.002053 0.009756 0.969702 0.009756 0.002053 0.993320 -0.002120 -0.009986 -0.969107 -0.009986 -0.002120 0.000000 
5.000000e-01 5.000000e-01 4.999879e-03 5.000000e-01 5.000000e-01 1.515101e+00 -0.993320 0.002053 0.009756 0.969702 0.009756 0.002053 0.993320 -0.002120 -0.009986 -0.969107 -0.009986 -0.002120 0.000000 
5.000000e-01 5.000000e-01 4.999879e-03 5.000000e-01 5.000000e-01 1.515101e+00 -0.993320 0.002053 0.009756 0.969702 0.009756 0.002053 0.993320 -0.002120 -0.009986 -0.969107 -0.009986 -0.002120 0.000000 
5.000000e-01 5.000000e-01 4.999879e-03 5.000000e-01 5.000000e-01 1.515101e+00 -0.993320 0.002053 0.009756 0.969702 0.009756 0.002053 0.993320 -0.002120 -0.009986 -0.969107 -0.009986 -0.002120 0.000000 
5.000000e-01 5.000000e-01 4.999879e-03 5.000000e-01 5.000000e-01 1.515101e+00 -0.993320 0.002053 0.009756 0.969702 0.009756 0.002053 0.993320 -0.002120 -0.009986 -0.969107 -0.009986 -0.002120 0.000000 
5.000000e-01 5.000000e-01 4.999879e-03 5.000000e-01 5.000000e-01 1.515101e+00 -0.993320 0.002053 0.009756 0.969702 0.009756 0.002053 0.993320 -0.002120 -0.009986 -0.969107 -0.009986 -0.002120 0.000000 
5.000000e-01 5.000000e-01 4.999879e-03 5.000000e-01 5.000000e-01 1.515101e+00 -0.993320 0.002053 0.009756 0.969702 0.009756 0.002053 0.993320 -0.002120 -0.009986 -0.969107 -0.009986 -0.002120 0.000000 
5.000000e-01 5.000000e-01 4.999879e-03 5.000000e-01 5.000000e-01 1.515101e+00 -0.993320 0.002053 0.009756 0.969702 0.009756 0.002053 0.993320 -0.002120 -0.009986 -0.969107 -0.009986 -0.002120 0.000000 
5.000000e-01 5.000000e-01 4.999879e-03 5.000000e-01 5.000000e-01 1.515101e+00 -0.993320 0.002053 0.009756 0.969702 0.009756 0.002053 0.993320 -0.002120 -0.009986 -0.969107 -0.009986 -0.002120 0.000000 
5.000000e-01 5.000000e-01 4.999879e-03 5.000000e-01 5.000000e-01 1.515101e+00 -0.993320 0.002053 0.009756 0.969702 0.009756 0.002053 0.993320 -0.002120 -0.009986 -0.969107 -0.009986 -0.002120 0.000000 
5.000000e-01 5.000000e-01 4.999879e-03 5.000000e-01 5.000000e-01 1.515101e+00 -0.993320 0.002053 0.009756 0.969702 0.009756 0.002053 0.993320 -0.002120 -0.009986 -0.969107 -0.009986 -0.002120 0.000000 
5.000000e-01 5.000000e-01 4.999879e-03 5.000000e-01 5.000000e-01 1.515101e+00 -0.993320 0.002053 0.009756 0.969702 0.009756 0.002053 0.993320 -0.002120 -0.009986 -0.969107 -0.009986 -0.002120 0.000000 
5.000000e-01 5.000000e-01 4.999879e-03 5.000000e-01 5.000000e-01 1.515101e+00 -0.993320 0.002053 0.009756 0.969702 0.009756 0.002053 0.993320 -0.002120 -0.009986 -0.969107 -0.009986 -0.002120 0.000000 
5.000000e-01 5.000000e-01 4.999879e-03 5.000000e-01 5.000000e-01 1.515101e+00 -0.993320 0.002053 0.009756 0.969702 0.009756 0.002053 0.993320 -0.002120 -0.009986 -0.969107 -0.009986 -0.002120 0.000000 
5.000000e-01 5.000000e-01 4.999879e-03 5.000000e-01 5.000000e-01 1.515101e+00 -0.993320 0.002053 0.009756 0.969702 0.009756 0.002053 0.993320 -0.002120 -0.009986 -0.969107 -0.009986 -0.002120 0.000000 
5.000000e-01 5.000000e-01 4.999879e-03 5.000000e-01 5.000000e-01 1.515101e+00 -0.993320 0.002053 0.009756 0.969702 0.009756 0.002053 0.993320 -0.002120 -0.009986 -0.969107 -0.009986 -0.002120 0.000000 
5.000000e-01 5.000000e-01 4.999879e-03 5.000000e-01 5.000000e-01 1.515101e+00 -0.993320 0.002053 0.009756 0.969702 0.009756 0.002053 0.993320 -0.002120 -0.009986 -0.969107 -0.009986 -0.002120 0.000000 
5.000000e-01 5.000000e-01 4.999879e-03 5.000000e-01 5.000000e-01 1.515101e+00 -0.993320 0.002053 0.009756 0.969702 0.009756 0.002053 0.993320 -0.002120 -0.009986 -0.969107 -0.009986 -0.002120 0.000000 
5.000000e-01 5.000000e-01 4.999879e-03 5.000000e-01 5.000000e-01 1.515101e+00 -0.993320 0.002053 0.009756 0.969702 0.009756 0.002053 0.993320 -0.002120 -0.009986 -0.969107 -0.009986 -0.002120 0.000000 
5.000000e-01 5.000000e-01 4.999879e-03 5.000000e-01 5.000000e-01 1.515101e+00 -0.993320 0.002053 0.009756 0.969702 0.009756 0.002053 0.993320 -0.002120 -0.009986 -0.969107 -0.009986 -0.002120 0.000000 
5.000000e-01 5.000000e-01 4.999879e-03 5.000000e-01 5.000000e-01 1.515101e+00 -0.993320 0.002053 0.009756 0.969702 0.009756 0.002053 0.993320 -0.002120 -0.009986 -0.969107 -0.009986 -0.002120 0.000000 
5.000000e-01 5.000000e-01 4.999879e-03 5.000000e-01 5.000000e-01 1.515101e+00 -0.993320 0.002053 0.009756 0.969702 0.009756 0.002053 0.993320 -0.002120 -0.009986 -0.969107 -0.009986 -0.002120 0.000000 
5.000000e-01 5.000000e-01 4.999879e-03 5.000000e-01 5.000000e-01 1.515101e+00 -0.993320 0.002053 0.009756 0.969702 0.009756 0.002053 0.993320 -0.002120 -0.009986 -0.969107 -0.009986 -0.002120 0.000000 
5.000000e-01 5.000000e-01 4.999879e-03 5.000000e-01 5.000000e-01 1.515101e+00 -0.993320 0.002053 0.009756 0.969702 0.009756 0.002053 0.993320 -0.002120 -0.009986 -0.969107 -0.009986 -0.002120 0.000000 
5.000000e-01 5.000000e-01 4.999879e-03 5.000000e-01 5.000000e-01 1.515101e+00 -0.993320 0.002053 0.009756 0.969702 0.009756 0.002053 0.993320 -0.002120 -0.009986 -0.969107 -0.009986 -0.002120 0.000000 
5.000000e-01 5.000000e-01 4.999879e-03 5.000000e-01 5.000000e-01 1.515101e+00 -0.993320 0.002053 0.009756 0.969702 0.009756 0.002053 0.993320 -0.002120 -0.009986 -0.969107 -0.009986 -0.002120 0.000000 
5.000000e-01 5.000000e-01 4.999879e-03 5.000000e-01 5.000000e-01 1.515101e+00 -0.993320 0.002053 0.009756 0.969702 0.009756 0.002053 0.993320 -0.002120 -0.009986 -0.969107 -0.009986 -0.002120 0.000000 
5.000000e-01 5.000000e-01 4.999879e-03 5.000000e-01 5.000000e-01 1.515101e+00 -0.993320 0.002053 0.009756 0.969702 0.009756 0.002053 0.993320 -0.002120 -0.009986 -0.969107 -0.009986 -0.002120 0.000000 
5.000000e-01 5.000000e-01 4.999879e-03 5.000000e-01 5.000000e-01 1.515101e+00 -0.993320 0.002053 0.009756 0.969702 0.009756 0.002053 0.993320 -0.002120 -0.009986 -0.969107 -0.009986 -0.002120 0.000000 
5.000000e-01 5.000000e-01 4.999879e-03 5.000000e-01 5.000000e-01 1.515101e+00 -0.993320 0.002053 0.009756 0.969702 0.009756 0.002053 0.993320 -0.002120 -0.009986 -0.969107 -0.009986 -0.002120 0.000000 
5.000000e-01 5.000000e-01 4.999879e-03 5.000000e-01 5.000000e-01 1.515101e+00 -0.993320 0.002053 0.009756 0.969702 0.009756 0.002053 0.993320 -0.002120 -0.009986 -0.969107 -0.009986 -0.002120 0.000000 
5.000000e-01 5.000000e-01 4.999879e-03 5.000000e-01 5.000000e-01 1.515101e+00 -0.993320 0.002053 0.009756 0.969702 0.009756 0.002053 0.993320 -0.002120 -0.009986 -0.969107 -0.009986 -0.002120 0.000000 
