# TeX TeY TeZ ThX ThY THZ P1 P2
5.000000e-01 5.000000e-01 5.800000e-01 5.000000e-01 5.000000e-01 5.800000e-01 0.000000 0.000000 0.000000 0.000000 0.000000 0.000000 0.000000 0.000000 0.000000 0.000000 0.000000 0.000000 0.000000 
5.000000e-01 5.000000e-01 5.679036e-01 5.000000e-01 5.000000e-01 5.886621e-01 -0.013626 0.002387 0.002916 0.003019 0.002916 0.002387 0.013626 -0.001535 -0.003150 -0.004256 -0.003150 -0.001535 0.000000 
5.000000e-01 5.000000e-01 5.557687e-01 5.000000e-01 5.000000e-01 5.973126e-01 -0.027270 0.004779 0.005836 0.006040 0.005836 0.004779 0.027270 -0.003049 -0.006308 -0.008556 -0.006308 -0.003049 0.000000 
5.000000e-01 5.000000e-01 5.435957e-01 5.000000e-01 5.000000e-01 6.059514e-01 -0.040932 0.007175 0.008759 0.009063 0.008759 0.007175 0.040932 -0.004536 -0.009477 -0.012907 -0.009477 -0.004536 0.000000 
5.000000e-01 5.000000e-01 5.313848e-01 5.000000e-01 5.000000e-01 6.145785e-01 -0.054610 0.009575 0.011686 0.012088 0.011686 0.009575 0.054610 -0.005991 -0.012655 -0.017317 -0.012655 -0.005991 0.000000 
5.000000e-01 5.000000e-01 5.191365e-01 5.000000e-01 5.000000e-01 6.231936e-01 -0.068305 0.011979 0.014615 0.015117 0.014615 0.011979 0.068305 -0.007407 -0.015845 -0.021800 -0.015845 -0.007407 0.000000 
5.000000e-01 5.000000e-01 5.068509e-01 5.000000e-01 5.000000e-01 6.317967e-01 -0.082016 0.014386 0.017548 0.018148 0.017548 0.014386 0.082016 -0.008775 -0.019047 -0.026372 -0.019047 -0.008775 0.000000 
5.000000e-01 5.000000e-01 4.945285e-01 5.000000e-01 5.000000e-01 6.403877e-01 -0.095744 0.016796 0.020485 0.021183 0.020485 0.016796 0.095744 -0.010095 -0.022260 -0.031034 -0.022260 -0.010095 0.000000 
5.000000e-01 5.000000e-01 4.821695e-01 5.000000e-01 5.000000e-01 6.489665e-01 -0.109488 0.019207 0.023425 0.024223 0.023425 0.019207 0.109488 -0.011364 -0.025484 -0.035793 -0.025484 -0.011364 0.000000 
5.000000e-01 5.000000e-01 4.697743e-01 5.000000e-01 5.000000e-01 6.575329e-01 -0.123247 0.021621 0.026369 0.027268 0.026369 0.021621 0.123247 -0.012571 -0.028719 -0.040668 -0.028719 -0.012571 0.000000 
5.000000e-01 5.000000e-01 4.573432e-01 5.000000e-01 5.000000e-01 6.660869e-01 -0.137022 0.024036 0.029316 0.030317 0.029316 0.024036 0.137022 -0.013699 -0.031966 -0.045691 -0.031966 -0.013699 0.000000 
5.000000e-01 5.000000e-01 4.448764e-01 5.000000e-01 5.000000e-01 6.746283e-01 -0.150811 0.026452 0.032267 0.033372 0.032267 0.026452 0.150811 -0.014752 -0.035223 -0.050860 -0.035223 -0.014752 0.000000 
5.000000e-01 5.000000e-01 4.323742e-01 5.000000e-01 5.000000e-01 6.831570e-01 -0.164616 0.028869 0.035222 0.036433 0.035222 0.028869 0.164616 -0.015723 -0.038490 -0.056189 -0.038490 -0.015723 0.000000 
5.000000e-01 5.000000e-01 4.198371e-01 5.000000e-01 5.000000e-01 6.916729e-01 -0.178434 0.031287 0.038180 0.039499 0.038180 0.031287 0.178434 -0.016603 -0.041764 -0.061699 -0.041764 -0.016603 0.000000 
5.000000e-01 5.000000e-01 4.072652e-01 5.000000e-01 5.000000e-01 7.001759e-01 -0.192268 0.033705 0.041143 0.042572 0.041143 0.033705 0.192267 -0.017368 -0.045045 -0.067442 -0.045045 -0.017368 0.000000 
5.000000e-01 5.000000e-01 3.946588e-01 5.000000e-01 5.000000e-01 7.086658e-01 -0.206115 0.036122 0.044109 0.045653 0.044109 0.036122 0.206114 -0.018025 -0.048328 -0.073409 -0.048328 -0.018025 0.000000 
5.000000e-01 5.000000e-01 3.820182e-01 5.000000e-01 5.000000e-01 7.171426e-01 -0.219975 0.038538 0.047079 0.048742 0.047079 0.038538 0.219975 -0.018565 -0.051609 -0.079626 -0.051609 -0.018565 0.000000 
5.000000e-01 5.000000e-01 3.693438e-01 5.000000e-01 5.000000e-01 7.256061e-01 -0.233849 0.040953 0.050052 0.051838 0.050052 0.040953 0.233849 -0.018973 -0.054885 -0.086134 -0.054885 -0.018973 0.000000 
5.000000e-01 5.000000e-01 3.566358e-01 5.000000e-01 5.000000e-01 7.340561e-01 -0.247736 0.043367 0.053030 0.054943 0.053030 0.043367 0.247736 -0.019224 -0.058146 -0.092998 -0.058146 -0.019224 0.000000 
5.000000e-01 5.000000e-01 3.438944e-01 5.000000e-01 5.000000e-01 7.424926e-01 -0.261636 0.045779 0.056012 0.058056 0.056012 0.045779 0.261636 -0.019325 -0.061386 -0.100214 -0.061386 -0.019325 0.000000 
5.000000e-01 5.000000e-01 3.311200e-01 5.000000e-01 5.000000e-01 7.509155e-01 -0.275549 0.048188 0.058997 0.061177 0.058997 0.048188 0.275549 -0.019267 -0.064596 -0.107823 -0.064596 -0.019267 0.000000 
5.000000e-01 5.000000e-01 3.183127e-01 5.000000e-01 5.000000e-01 7.593245e-01 -0.289473 0.050595 0.061987 0.064309 0.061987 0.050595 0.289473 -0.019019 -0.067758 -0.115919 -0.067758 -0.019019 0.000000 
5.000000e-01 5.000000e-01 3.054730e-01 5.000000e-01 5.000000e-01 7.677196e-01 -0.303410 0.052998 0.064981 0.067452 0.064981 0.052998 0.303410 -0.018573 -0.070857 -0.124550 -0.070857 -0.018573 0.000000 
5.000000e-01 5.000000e-01 2.926010e-01 5.000000e-01 5.000000e-01 7.761006e-01 -0.317359 0.055397 0.067979 0.070606 0.067979 0.055397 0.317359 -0.017932 -0.073876 -0.133744 -0.073876 -0.017932 0.000000 
5.000000e-01 5.000000e-01 2.796969e-01 5.000000e-01 5.000000e-01 7.844674e-01 -0.331319 0.057793 0.070981 0.073770 0.070981 0.057793 0.331319 -0.017077 -0.076792 -0.143581 -0.076792 -0.017077 0.000000 
5.000000e-01 5.000000e-01 2.667611e-01 5.000000e-01 5.000000e-01 7.928198e-01 -0.345290 0.060184 0.073988 0.076946 0.073988 0.060184 0.345290 -0.015965 -0.079553 -0.154256 -0.079553 -0.015965 0.000000 
5.000000e-01 5.000000e-01 2.537937e-01 5.000000e-01 5.000000e-01 8.011578e-01 -0.359273 0.062571 0.076999 0.080134 0.076999 0.062571 0.359273 -0.014617 -0.082142 -0.165755 -0.082142 -0.014617 0.000000 
5.000000e-01 5.000000e-01 2.407950e-01 5.000000e-01 5.000000e-01 8.094811e-01 -0.373266 0.064952 0.080014 0.083334 0.080014 0.064952 0.373266 -0.013023 -0.084518 -0.178184 -0.084518 -0.013023 0.000000 
5.000000e-01 5.000000e-01 2.277652e-01 5.000000e-01 5.000000e-01 8.177896e-01 -0.387270 0.067326 0.083034 0.086550 0.083034 0.067326 0.387270 -0.011137 -0.086585 -0.191827 -0.086585 -0.011137 0.000000 
5.000000e-01 5.000000e-01 2.147044e-01 5.000000e-01 5.000000e-01 8.260832e-01 -0.401285 0.069694 0.086058 0.089780 0.086058 0.069694 0.401285 -0.008967 -0.088294 -0.206763 -0.088294 -0.008967 0.000000 
5.000000e-01 5.000000e-01 2.016129e-01 5.000000e-01 5.000000e-01 8.343617e-01 -0.415311 0.072056 0.089087 0.093024 0.089087 0.072056 0.415311 -0.006517 -0.089583 -0.223111 -0.089583 -0.006517 0.000000 
5.000000e-01 5.000000e-01 1.884906e-01 5.000000e-01 5.000000e-01 8.426250e-01 -0.429347 0.074411 0.092121 0.096283 0.092121 0.074411 0.429347 -0.003753 -0.090301 -0.241240 -0.090301 -0.003753 0.000000 
5.000000e-01 5.000000e-01 1.753376e-01 5.000000e-01 5.000000e-01 8.508728e-01 -0.443395 0.076759 0.095159 0.099558 0.095159 0.076759 0.443395 -0.000664 -0.090306 -0.261455 -0.090306 -0.000664 0.000000 
5.000000e-01 5.000000e-01 1.621539e-01 5.000000e-01 5.000000e-01 8.591052e-01 -0.457454 0.079097 0.098204 0.102852 0.098204 0.079097 0.457454 0.002725 -0.089513 -0.283878 -0.089513 0.002725 0.000000 
5.000000e-01 5.000000e-01 1.489393e-01 5.000000e-01 5.000000e-01 8.673219e-01 -0.471526 0.081427 0.101254 0.106165 0.101254 0.081427 0.471526 0.006437 -0.087689 -0.309022 -0.087689 0.006437 0.000000 
5.000000e-01 5.000000e-01 1.356933e-01 5.000000e-01 5.000000e-01 8.755226e-01 -0.485613 0.083748 0.104310 0.109498 0.104310 0.083748 0.485613 0.010490 -0.084518 -0.337558 -0.084518 0.010490 0.000000 
5.000000e-01 5.000000e-01 1.224154e-01 5.000000e-01 5.000000e-01 8.837074e-01 -0.499716 0.086060 0.107372 0.112851 0.107372 0.086060 0.499716 0.014846 -0.079903 -0.369601 -0.079903 0.014846 0.000000 
5.000000e-01 5.000000e-01 1.091045e-01 5.000000e-01 5.000000e-01 8.918760e-01 -0.513839 0.088365 0.110442 0.116226 0.110442 0.088365 0.513839 0.019512 -0.073477 -0.405910 -0.073477 0.019512 0.000000 
5.000000e-01 5.000000e-01 9.575925e-02 5.000000e-01 5.000000e-01 9.000282e-01 -0.527988 0.090662 0.113520 0.119625 0.113520 0.090662 0.527988 0.024505 -0.064704 -0.447591 -0.064704 0.024505 0.000000 
5.000000e-01 5.000000e-01 8.237781e-02 5.000000e-01 5.000000e-01 9.081640e-01 -0.542167 0.092947 0.116609 0.123055 0.116609 0.092947 0.542167 0.029773 -0.053534 -0.494647 -0.053534 0.029773 0.000000 
5.000000e-01 5.000000e-01 6.895795e-02 5.000000e-01 5.000000e-01 9.162830e-01 -0.556385 0.095225 0.119710 0.126515 0.119710 0.095225 0.556385 0.035317 -0.039490 -0.548039 -0.039490 0.035317 0.000000 
5.000000e-01 5.000000e-01 5.549737e-02 5.000000e-01 5.000000e-01 9.243851e-01 -0.570651 0.097498 0.122824 0.130007 0.122824 0.097498 0.570651 0.041133 -0.022062 -0.608794 -0.022062 0.041133 0.000000 
5.000000e-01 5.000000e-01 4.199414e-02 5.000000e-01 5.000000e-01 9.324702e-01 -0.584970 0.099765 0.125953 0.133532 0.125953 0.099765 0.584969 0.047167 -0.001558 -0.676188 -0.001558 0.047167 0.000000 
5.000000e-01 5.000000e-01 2.844795e-02 5.000000e-01 5.000000e-01 9.405381e-01 -0.599345 0.102028 0.129098 0.137093 0.129098 0.102028 0.599345 0.053400 0.022109 -0.750364 0.022109 0.053400 0.000000 
5.000000e-01 5.000000e-01 1.486100e-02 5.000000e-01 5.000000e-01 9.485885e-01 -0.613773 0.104279 0.132259 0.140697 0.132259 0.104279 0.613773 0.059789 0.048401 -0.830153 0.048401 0.059789 0.000000 
5.000000e-01 5.000000e-01 4.999877e-03 5.000000e-01 5.000000e-01 9.566214e-01 -0.625696 0.106056 0.134893 0.143798 0.134893 0.106056 0.625696 0.064217 0.068083 -0.890297 0.068083 0.064217 0.000000 
5.000000e-01 5.000000e-01 4.999877e-03 5.000000e-01 5.000000e-01 9.646365e-01 -0.630957 0.106604 0.136119 0.145511 0.136119 0.106604 0.630957 0.063291 0.066959 -0.891457 0.066959 0.063291 0.000000 
5.000000e-01 5.000000e-01 4.999877e-03 5.000000e-01 5.000000e-01 9.726335e-01 -0.636207 0.107130 0.137347 0.147252 0.137347 0.107130 0.636206 0.062366 0.065837 -0.892613 0.065837 0.062366 0.000000 
5.000000e-01 5.000000e-01 4.999877e-03 5.000000e-01 5.000000e-01 9.806125e-01 -0.641444 0.107636 0.138576 0.149020 0.138576 0.107636 0.641444 0.061441 0.064718 -0.893763 0.064718 0.061441 0.000000 
5.000000e-01 5.000000e-01 4.999877e-03 5.000000e-01 5.000000e-01 9.885730e-01 -0.646669 0.108114 0.139808 0.150826 0.139808 0.108114 0.646669 0.060517 0.063603 -0.894909 0.063603 0.060517 0.000000 
5.000000e-01 5.000000e-01 4.999877e-03 5.000000e-01 5.000000e-01 9.965150e-01 -0.651882 0.108566 0.141041 0.152667 0.141041 0.108566 0.651882 0.059593 0.062490 -0.896050 0.062490 0.059593 0.000000 
5.000000e-01 5.000000e-01 4.999877e-03 5.000000e-01 5.000000e-01 1.004438e+00 -0.657083 0.108994 0.142277 0.154542 0.142277 0.108994 0.657083 0.058671 0.061381 -0.897186 0.061381 0.058671 0.000000 
5.000000e-01 5.000000e-01 4.999877e-03 5.000000e-01 5.000000e-01 1.012342e+00 -0.662271 0.109397 0.143513 0.156450 0.143513 0.109397 0.662271 0.057749 0.060274 -0.898319 0.060274 0.057749 0.000000 
5.000000e-01 5.000000e-01 4.999877e-03 5.000000e-01 5.000000e-01 1.020227e+00 -0.667447 0.109774 0.144751 0.158395 0.144751 0.109774 0.667447 0.056829 0.059171 -0.899447 0.059171 0.056829 0.000000 
5.000000e-01 5.000000e-01 4.999877e-03 5.000000e-01 5.000000e-01 1.028093e+00 -0.672610 0.110116 0.145992 0.160393 0.145992 0.110116 0.672610 0.055910 0.058070 -0.900570 0.058070 0.055910 0.000000 
5.000000e-01 5.000000e-01 4.999877e-03 5.000000e-01 5.000000e-01 1.035939e+00 -0.677760 0.110429 0.147234 0.162433 0.147234 0.110429 0.677760 0.054992 0.056973 -0.901690 0.056973 0.054992 0.000000 
5.000000e-01 5.000000e-01 4.999877e-03 5.000000e-01 5.000000e-01 1.043765e+00 -0.682897 0.110713 0.148477 0.164517 0.148477 0.110713 0.682897 0.054075 0.055879 -0.902805 0.055879 0.054075 0.000000 
5.000000e-01 5.000000e-01 4.999877e-03 5.000000e-01 5.000000e-01 1.051571e+00 -0.688021 0.110967 0.149721 0.166644 0.149721 0.110967 0.688021 0.053160 0.054788 -0.903916 0.054788 0.053160 0.000000 
5.000000e-01 5.000000e-01 4.999877e-03 5.000000e-01 5.000000e-01 1.059357e+00 -0.693131 0.111187 0.150966 0.168825 0.150966 0.111187 0.693131 0.052246 0.053700 -0.905023 0.053700 0.052246 0.000000 
5.000000e-01 5.000000e-01 4.999877e-03 5.000000e-01 5.000000e-01 1.067123e+00 -0.698228 0.111366 0.152212 0.171071 0.152212 0.111366 0.698228 0.051334 0.052615 -0.906126 0.052615 0.051334 0.000000 
5.000000e-01 5.000000e-01 4.999877e-03 5.000000e-01 5.000000e-01 1.074867e+00 -0.703311 0.111512 0.153459 0.173370 0.153459 0.111512 0.703311 0.050423 0.051534 -0.907225 0.051534 0.050423 0.000000 
5.000000e-01 5.000000e-01 4.999877e-03 5.000000e-01 5.000000e-01 1.082591e+00 -0.708380 0.111623 0.154705 0.175725 0.154705 0.111623 0.708380 0.049514 0.050455 -0.908319 0.050455 0.049514 0.000000 
5.000000e-01 5.000000e-01 4.999877e-03 5.000000e-01 5.000000e-01 1.090293e+00 -0.713436 0.111699 0.155950 0.178137 0.155950 0.111699 0.713436 0.048607 0.049380 -0.909410 0.049380 0.048607 0.000000 
5.000000e-01 5.000000e-01 4.999877e-03 5.000000e-01 5.000000e-01 1.097974e+00 -0.718477 0.111726 0.157195 0.180634 0.157195 0.111726 0.718477 0.047702 0.048308 -0.910497 0.048308 0.047702 0.000000 
5.000000e-01 5.000000e-01 4.999877e-03 5.000000e-01 5.000000e-01 1.105633e+00 -0.723504 0.111713 0.158438 0.183202 0.158438 0.111713 0.723504 0.046799 0.047239 -0.911580 0.047239 0.046799 0.000000 
5.000000e-01 5.000000e-01 4.999877e-03 5.000000e-01 5.000000e-01 1.113270e+00 -0.728517 0.111660 0.159679 0.185837 0.159679 0.111660 0.728516 0.045898 0.046174 -0.912659 0.046174 0.045898 0.000000 
5.000000e-01 5.000000e-01 4.999877e-03 5.000000e-01 5.000000e-01 1.120885e+00 -0.733514 0.111568 0.160917 0.188543 0.160917 0.111568 0.733514 0.044998 0.045111 -0.913734 0.045111 0.044998 0.000000 
5.000000e-01 5.000000e-01 4.999877e-03 5.000000e-01 5.000000e-01 1.128478e+00 -0.738497 0.111423 0.162151 0.191348 0.162151 0.111423 0.738497 0.044101 0.044052 -0.914805 0.044052 0.044101 0.000000 
5.000000e-01 5.000000e-01 4.999877e-03 5.000000e-01 5.000000e-01 1.136048e+00 -0.743466 0.111229 0.163380 0.194248 0.163380 0.111229 0.743465 0.043206 0.042997 -0.915872 0.042997 0.043206 0.000000 
5.000000e-01 5.000000e-01 4.999877e-03 5.000000e-01 5.000000e-01 1.143594e+00 -0.748418 0.110990 0.164603 0.197232 0.164603 0.110990 0.748418 0.042314 0.041945 -0.916936 0.041945 0.042314 0.000000 
5.000000e-01 5.000000e-01 4.999877e-03 5.000000e-01 5.000000e-01 1.151118e+00 -0.753356 0.110707 0.165819 0.200304 0.165819 0.110707 0.753356 0.041424 0.040896 -0.917995 0.040896 0.041424 0.000000 
5.000000e-01 5.000000e-01 4.999877e-03 5.000000e-01 5.000000e-01 1.158617e+00 -0.758278 0.110366 0.167026 0.203494 0.167026 0.110366 0.758278 0.040536 0.039851 -0.919050 0.039851 0.040536 0.000000 
5.000000e-01 5.000000e-01 4.999877e-03 5.000000e-01 5.000000e-01 1.166093e+00 -0.763184 0.109966 0.168221 0.206809 0.168221 0.109966 0.763184 0.039650 0.038809 -0.920102 0.038809 0.039650 0.000000 
5.000000e-01 5.000000e-01 4.999877e-03 5.000000e-01 5.000000e-01 1.173545e+00 -0.768075 0.109519 0.169405 0.210227 0.169405 0.109519 0.768075 0.038767 0.037770 -0.921149 0.037770 0.038767 0.000000 
5.000000e-01 5.000000e-01 4.999877e-03 5.000000e-01 5.000000e-01 1.180973e+00 -0.772949 0.109022 0.170576 0.213753 0.170576 0.109022 0.772949 0.037886 0.036736 -0.922193 0.036736 0.037886 0.000000 
5.000000e-01 5.000000e-01 4.999877e-03 5.000000e-01 5.000000e-01 1.188375e+00 -0.777807 0.108458 0.171729 0.217434 0.171729 0.108458 0.777807 0.037008 0.035704 -0.923233 0.035704 0.037008 0.000000 
5.000000e-01 5.000000e-01 4.999877e-03 5.000000e-01 5.000000e-01 1.195753e+00 -0.782649 0.107831 0.172861 0.221265 0.172861 0.107831 0.782649 0.036133 0.034677 -0.924268 0.034677 0.036133 0.000000 
5.000000e-01 5.000000e-01 4.999877e-03 5.000000e-01 5.000000e-01 1.203105e+00 -0.787473 0.107151 0.173973 0.225225 0.173973 0.107151 0.787473 0.035261 0.033653 -0.925300 0.033653 0.035261 0.000000 
5.000000e-01 5.000000e-01 4.999877e-03 5.000000e-01 5.000000e-01 1.210432e+00 -0.792281 0.106419 0.175064 0.229316 0.175064 0.106419 0.792281 0.034391 0.032632 -0.926328 0.032632 0.034391 0.000000 
5.000000e-01 5.000000e-01 4.999877e-03 5.000000e-01 5.000000e-01 1.217732e+00 -0.797072 0.105604 0.176119 0.233625 0.176119 0.105604 0.797072 0.033524 0.031616 -0.927351 0.031616 0.033524 0.000000 
5.000000e-01 5.000000e-01 4.999877e-03 5.000000e-01 5.000000e-01 1.225007e+00 -0.801846 0.104729 0.177142 0.238104 0.177142 0.104729 0.801846 0.032660 0.030603 -0.928371 0.030603 0.032660 0.000000 
5.000000e-01 5.000000e-01 4.999877e-03 5.000000e-01 5.000000e-01 1.232255e+00 -0.806602 0.103797 0.178134 0.242741 0.178134 0.103797 0.806602 0.031798 0.029594 -0.929386 0.029594 0.031798 0.000000 
5.000000e-01 5.000000e-01 4.999877e-03 5.000000e-01 5.000000e-01 1.239476e+00 -0.811340 0.102801 0.179087 0.247563 0.179087 0.102801 0.811340 0.030940 0.028589 -0.930398 0.028589 0.030940 0.000000 
5.000000e-01 5.000000e-01 4.999877e-03 5.000000e-01 5.000000e-01 1.246669e+00 -0.816061 0.101717 0.179982 0.252663 0.179982 0.101717 0.816061 0.030085 0.027587 -0.931405 0.027587 0.030085 0.000000 
5.000000e-01 5.000000e-01 4.999877e-03 5.000000e-01 5.000000e-01 1.253835e+00 -0.820763 0.100574 0.180830 0.257955 0.180830 0.100574 0.820763 0.029233 0.026590 -0.932408 0.026590 0.029233 0.000000 
5.000000e-01 5.000000e-01 4.999877e-03 5.000000e-01 5.000000e-01 1.260973e+00 -0.825447 0.099373 0.181630 0.263441 0.181630 0.099373 0.825447 0.028384 0.025596 -0.933407 0.025596 0.028384 0.000000 
5.000000e-01 5.000000e-01 4.999877e-03 5.000000e-01 5.000000e-01 1.268083e+00 -0.830112 0.098085 0.182352 0.269237 0.182352 0.098085 0.830112 0.027538 0.024607 -0.934402 0.024607 0.027538 0.000000 
5.000000e-01 5.000000e-01 4.999877e-03 5.000000e-01 5.000000e-01 1.275164e+00 -0.834759 0.096722 0.182999 0.275317 0.182999 0.096722 0.834759 0.026695 0.023621 -0.935392 0.023621 0.026695 0.000000 
5.000000e-01 5.000000e-01 4.999877e-03 5.000000e-01 5.000000e-01 1.282216e+00 -0.839386 0.095300 0.183577 0.281632 0.183577 0.095300 0.839386 0.025856 0.022640 -0.936378 0.022640 0.025856 0.000000 
5.000000e-01 5.000000e-01 4.999877e-03 5.000000e-01 5.000000e-01 1.289239e+00 -0.843994 0.093806 0.184071 0.288239 0.184071 0.093806 0.843994 0.025020 0.021663 -0.937360 0.021663 0.025020 0.000000 
5.000000e-01 5.000000e-01 4.999877e-03 5.000000e-01 5.000000e-01 1.296231e+00 -0.848583 0.092217 0.184438 0.295272 0.184438 0.092217 0.848583 0.024187 0.020690 -0.938338 0.020690 0.024187 0.000000 
5.000000e-01 5.000000e-01 4.999877e-03 5.000000e-01 5.000000e-01 1.303194e+00 -0.853152 0.090569 0.184712 0.302590 0.184712 0.090569 0.853152 0.023358 0.019721 -0.939311 0.019721 0.023358 0.000000 
5.000000e-01 5.000000e-01 4.999877e-03 5.000000e-01 5.000000e-01 1.310126e+00 -0.857701 0.088863 0.184892 0.310191 0.184892 0.088863 0.857701 0.022532 0.018757 -0.940279 0.018757 0.022532 0.000000 
5.000000e-01 5.000000e-01 4.999877e-03 5.000000e-01 5.000000e-01 1.317028e+00 -0.862230 0.087048 0.184883 0.318370 0.184883 0.087048 0.862230 0.021710 0.017796 -0.941243 0.017796 0.021710 0.000000 
5.000000e-01 5.000000e-01 4.999877e-03 5.000000e-01 5.000000e-01 1.323898e+00 -0.866739 0.085173 0.184745 0.326903 0.184745 0.085173 0.866739 0.020892 0.016841 -0.942203 0.016841 0.020892 0.000000 
5.000000e-01 5.000000e-01 4.999877e-03 5.000000e-01 5.000000e-01 1.330736e+00 -0.871227 0.083241 0.184483 0.335778 0.184483 0.083241 0.871227 0.020077 0.015889 -0.943158 0.015889 0.020077 0.000000 
5.000000e-01 5.000000e-01 4.999877e-03 5.000000e-01 5.000000e-01 1.337542e+00 -0.875694 0.081212 0.183989 0.345292 0.183989 0.081212 0.875694 0.019265 0.014942 -0.944109 0.014942 0.019265 0.000000 
5.000000e-01 5.000000e-01 4.999877e-03 5.000000e-01 5.000000e-01 1.344316e+00 -0.880141 0.079115 0.183304 0.355303 0.183304 0.079115 0.880141 0.018458 0.013999 -0.945055 0.013999 0.018458 0.000000 
5.000000e-01 5.000000e-01 4.999877e-03 5.000000e-01 5.000000e-01 1.351057e+00 -0.884566 0.076965 0.182457 0.365721 0.182457 0.076965 0.884566 0.017654 0.013061 -0.945996 0.013061 0.017654 0.000000 
5.000000e-01 5.000000e-01 4.999877e-03 5.000000e-01 5.000000e-01 1.357765e+00 -0.888970 0.074724 0.181319 0.376882 0.181319 0.074724 0.888970 0.016854 0.012128 -0.946933 0.012128 0.016854 0.000000 
5.000000e-01 5.000000e-01 4.999877e-03 5.000000e-01 5.000000e-01 1.364439e+00 -0.893353 0.072415 0.179918 0.388686 0.179918 0.072415 0.893353 0.016057 0.011199 -0.947865 0.011199 0.016057 0.000000 
5.000000e-01 5.000000e-01 4.999877e-03 5.000000e-01 5.000000e-01 1.371079e+00 -0.897714 0.070058 0.178313 0.400970 0.178313 0.070058 0.897714 0.015265 0.010275 -0.948793 0.010275 0.015265 0.000000 
5.000000e-01 5.000000e-01 4.999877e-03 5.000000e-01 5.000000e-01 1.377685e+00 -0.902053 0.067615 0.176328 0.414167 0.176328 0.067615 0.902053 0.014476 0.009355 -0.949715 0.009355 0.014476 0.000000 
5.000000e-01 5.000000e-01 4.999877e-03 5.000000e-01 5.000000e-01 1.384256e+00 -0.906372 0.065109 0.174009 0.428135 0.174009 0.065109 0.906372 0.013691 0.008439 -0.950633 0.008439 0.013691 0.000000 
5.000000e-01 5.000000e-01 4.999877e-03 5.000000e-01 5.000000e-01 1.390792e+00 -0.910668 0.062562 0.171442 0.442659 0.171442 0.062562 0.910668 0.012911 0.007529 -0.951547 0.007529 0.012911 0.000000 
5.000000e-01 5.000000e-01 4.999877e-03 5.000000e-01 5.000000e-01 1.397292e+00 -0.914943 0.059930 0.168358 0.458367 0.168358 0.059930 0.914943 0.012133 0.006623 -0.952456 0.006623 0.012133 0.000000 
5.000000e-01 5.000000e-01 4.999877e-03 5.000000e-01 5.000000e-01 1.403757e+00 -0.919197 0.057248 0.164893 0.474916 0.164893 0.057248 0.919197 0.011360 0.005721 -0.953360 0.005721 0.011360 0.000000 
5.000000e-01 5.000000e-01 4.999877e-03 5.000000e-01 5.000000e-01 1.410185e+00 -0.923428 0.054532 0.161138 0.492086 0.161138 0.054532 0.923428 0.010591 0.004825 -0.954259 0.004825 0.010591 0.000000 
5.000000e-01 5.000000e-01 4.999877e-03 5.000000e-01 5.000000e-01 1.416577e+00 -0.927640 0.051730 0.156660 0.510860 0.156660 0.051730 0.927640 0.009825 0.003932 -0.955154 0.003932 0.009825 0.000000 
5.000000e-01 5.000000e-01 4.999877e-03 5.000000e-01 5.000000e-01 1.422932e+00 -0.931830 0.048898 0.151812 0.530412 0.151812 0.048898 0.931830 0.009063 0.003044 -0.956045 0.003044 0.009063 0.000000 
5.000000e-01 5.000000e-01 4.999877e-03 5.000000e-01 5.000000e-01 1.429250e+00 -0.936000 0.046028 0.146533 0.550878 0.146533 0.046028 0.935999 0.008305 0.002160 -0.956931 0.002160 0.008305 0.000000 
5.000000e-01 5.000000e-01 4.999877e-03 5.000000e-01 5.000000e-01 1.435531e+00 -0.940150 0.043091 0.140460 0.573048 0.140460 0.043091 0.940150 0.007550 0.001281 -0.957813 0.001281 0.007550 0.000000 
5.000000e-01 5.000000e-01 4.999877e-03 5.000000e-01 5.000000e-01 1.441775e+00 -0.944280 0.040135 0.134024 0.595960 0.134024 0.040135 0.944280 0.006799 0.000406 -0.958690 0.000406 0.006799 0.000000 
5.000000e-01 5.000000e-01 4.999877e-03 5.000000e-01 5.000000e-01 1.447981e+00 -0.948391 0.037134 0.126906 0.620311 0.126906 0.037134 0.948391 0.006052 -0.000466 -0.959563 -0.000466 0.006052 0.000000 
5.000000e-01 5.000000e-01 4.999877e-03 5.000000e-01 5.000000e-01 1.454149e+00 -0.952484 0.034096 0.119114 0.646064 0.119114 0.034096 0.952484 0.005307 -0.001333 -0.960433 -0.001333 0.005307 0.000000 
5.000000e-01 5.000000e-01 4.999877e-03 5.000000e-01 5.000000e-01 1.460280e+00 -0.956556 0.031047 0.110973 0.672516 0.110973 0.031047 0.956556 0.004567 -0.002196 -0.961298 -0.002196 0.004567 0.000000 
5.000000e-01 5.000000e-01 4.999877e-03 5.000000e-01 5.000000e-01 1.466372e+00 -0.960613 0.027946 0.101847 0.701029 0.101847 0.027946 0.960613 0.003829 -0.003056 -0.962160 -0.003056 0.003829 0.000000 
5.000000e-01 5.000000e-01 4.999877e-03 5.000000e-01 5.000000e-01 1.472426e+00 -0.964651 0.024838 0.092350 0.730275 0.092350 0.024838 0.964651 0.003095 -0.003911 -0.963018 -0.003911 0.003095 0.000000 
5.000000e-01 5.000000e-01 4.999877e-03 5.000000e-01 5.000000e-01 1.478441e+00 -0.968670 0.021711 0.082277 0.760692 0.082277 0.021711 0.968670 0.002364 -0.004763 -0.963871 -0.004763 0.002364 0.000000 
5.000000e-01 5.000000e-01 4.999877e-03 5.000000e-01 5.000000e-01 1.484416e+00 -0.972672 0.018564 0.071545 0.792455 0.071545 0.018564 0.972672 0.001636 -0.005611 -0.964722 -0.005611 0.001636 0.000000 
5.000000e-01 5.000000e-01 4.999877e-03 5.000000e-01 5.000000e-01 1.490352e+00 -0.976652 0.015421 0.060579 0.824652 0.060579 0.015421 0.976652 0.000912 -0.006454 -0.965567 -0.006454 0.000912 0.000000 
5.000000e-01 5.000000e-01 4.999877e-03 5.000000e-01 5.000000e-01 1.496248e+00 -0.980616 0.012258 0.048910 0.858279 0.048910 0.012258 0.980616 0.000191 -0.007294 -0.966409 -0.007294 0.000191 0.000000 
5.000000e-01 5.000000e-01 4.999877e-03 5.000000e-01 5.000000e-01 1.502102e+00 -0.984556 0.009107 0.037106 0.892129 0.037106 0.009107 0.984556 -0.000526 -0.008129 -0.967246 -0.008129 -0.000526 0.000000 
5.000000e-01 5.000000e-01 4.999877e-03 5.000000e-01 5.000000e-01 1.507913e+00 -0.988472 0.005959 0.025005 0.926544 0.025005 0.005959 0.988472 -0.001238 -0.008959 -0.968078 -0.008959 -0.001238 0.000000 
5.000000e-01 5.000000e-01 4.999877e-03 5.000000e-01 5.000000e-01 1.513690e+00 -0.992368 0.002821 0.012773 0.961180 0.012773 0.002821 0.992368 -0.001947 -0.009785 -0.968905 -0.009785 -0.001947 0.000000 
5.000000e-01 5.000000e-01 4.999877e-03 5.000000e-01 5.000000e-01 1.515027e+00 -0.993270 0.002093 0.009915 0.969253 0.009915 0.002093 0.993270 -0.002111 -0.009976 -0.969097 -0.009976 -0.002111 0.000000 
5.000000e-01 5.000000e-01 4.999877e-03 5.000000e-01 5.000000e-01 1.515027e+00 -0.993270 0.002093 0.009915 0.969253 0.009915 0.002093 0.993270 -0.002111 -0.009976 -0.969097 -0.009976 -0.002111 0.000000 
5.000000e-01 5.000000e-01 4.999877e-03 5.000000e-01 5.000000e-01 1.515027e+00 -0.993270 0.002093 0.009915 0.969253 0.009915 0.002093 0.993270 -0.002111 -0.009976 -0.969097 -0.009976 -0.002111 0.000000 
5.000000e-01 5.000000e-01 4.999877e-03 5.000000e-01 5.000000e-01 1.515027e+00 -0.993270 0.002093 0.009915 0.969253 0.009915 0.002093 0.993270 -0.002111 -0.009976 -0.969097 -0.009976 -0.002111 0.000000 
5.000000e-01 5.000000e-01 4.999877e-03 5.000000e-01 5.000000e-01 1.515027e+00 -0.993270 0.002093 0.009915 0.969253 0.009915 0.002093 0.993270 -0.002111 -0.009976 -0.969097 -0.009976 -0.002111 0.000000 
5.000000e-01 5.000000e-01 4.999877e-03 5.000000e-01 5.000000e-01 1.515027e+00 -0.993270 0.002093 0.009915 0.969253 0.009915 0.002093 0.993270 -0.002111 -0.009976 -0.969097 -0.009976 -0.002111 0.000000 
5.000000e-01 5.000000e-01 4.999877e-03 5.000000e-01 5.000000e-01 1.515027e+00 -0.993270 0.002093 0.009915 0.969253 0.009915 0.002093 0.993270 -0.002111 -0.009976 -0.969097 -0.009976 -0.002111 0.000000 
5.000000e-01 5.000000e-01 4.999877e-03 5.000000e-01 5.000000e-01 1.515027e+00 -0.993270 0.002093 0.009915 0.969253 0.009915 0.002093 0.993270 -0.002111 -0.009976 -0.969097 -0.009976 -0.002111 0.000000 
5.000000e-01 5.000000e-01 4.999877e-03 5.000000e-01 5.000000e-01 1.515027e+00 -0.993270 0.002093 0.009915 0.969253 0.009915 0.002093 0.993270 -0.002111 -0.009976 -0.969097 -0.009976 -0.002111 0.000000 
5.000000e-01 5.000000e-01 4.999877e-03 5.000000e-01 5.000000e-01 1.515027e+00 -0.993270 0.002093 0.009915 0.969253 0.009915 0.002093 0.993270 -0.002111 -0.009976 -0.969097 -0.009976 -0.002111 0.000000 
5.000000e-01 5.000000e-01 4.999877e-03 5.000000e-01 5.000000e-01 1.515027e+00 -0.993270 0.002093 0.009915 0.969253 0.009915 0.002093 0.993270 -0.002111 -0.009976 -0.969097 -0.009976 -0.002111 0.000000 
5.000000e-01 5.000000e-01 4.999877e-03 5.000000e-01 5.000000e-01 1.515027e+00 -0.993270 0.002093 0.009915 0.969253 0.009915 0.002093 0.993270 -0.002111 -0.009976 -0.969097 -0.009976 -0.002111 0.000000 
5.000000e-01 5.000000e-01 4.999877e-03 5.000000e-01 5.000000e-01 1.515027e+00 -0.993270 0.002093 0.009915 0.969253 0.009915 0.002093 0.993270 -0.002111 -0.009976 -0.969097 -0.009976 -0.002111 0.000000 
5.000000e-01 5.000000e-01 4.999877e-03 5.000000e-01 5.000000e-01 1.515027e+00 -0.993270 0.002093 0.009915 0.969253 0.009915 0.002093 0.993270 -0.002111 -0.009976 -0.969097 -0.009976 -0.002111 0.000000 
5.000000e-01 5.000000e-01 4.999877e-03 5.000000e-01 5.000000e-01 1.515027e+00 -0.993270 0.002093 0.009915 0.969253 0.009915 0.002093 0.993270 -0.002111 -0.009976 -0.969097 -0.009976 -0.002111 0.000000 
5.000000e-01 5.000000e-01 4.999877e-03 5.000000e-01 5.000000e-01 1.515027e+00 -0.993270 0.002093 0.009915 0.969253 0.009915 0.002093 0.993270 -0.002111 -0.009976 -0.969097 -0.009976 -0.002111 0.000000 
5.000000e-01 5.000000e-01 4.999877e-03 5.000000e-01 5.000000e-01 1.515027e+00 -0.993270 0.002093 0.009915 0.969253 0.009915 0.002093 0.993270 -0.002111 -0.009976 -0.969097 -0.009976 -0.002111 0.000000 
5.000000e-01 5.000000e-01 4.999877e-03 5.000000e-01 5.000000e-01 1.515027e+00 -0.993270 0.002093 0.009915 0.969253 0.009915 0.002093 0.993270 -0.002111 -0.009976 -0.969097 -0.009976 -0.002111 0.000000 
5.000000e-01 5.000000e-01 4.999877e-03 5.000000e-01 5.000000e-01 1.515027e+00 -0.993270 0.002093 0.009915 0.969253 0.009915 0.002093 0.993270 -0.002111 -0.009976 -0.969097 -0.009976 -0.002111 0.000000 
5.000000e-01 5.000000e-01 4.999877e-03 5.000000e-01 5.000000e-01 1.515027e+00 -0.993270 0.002093 0.009915 0.969253 0.009915 0.002093 0.993270 -0.002111 -0.009976 -0.969097 -0.009976 -0.002111 0.000000 
5.000000e-01 5.000000e-01 4.999877e-03 5.000000e-01 5.000000e-01 1.515027e+00 -0.993270 0.002093 0.009915 0.969253 0.009915 0.002093 0.993270 -0.002111 -0.009976 -0.969097 -0.009976 -0.002111 0.000000 
5.000000e-01 5.000000e-01 4.999877e-03 5.000000e-01 5.000000e-01 1.515027e+00 -0.993270 0.002093 0.009915 0.969253 0.009915 0.002093 0.993270 -0.002111 -0.009976 -0.969097 -0.009976 -0.002111 0.000000 
5.000000e-01 5.000000e-01 4.999877e-03 5.000000e-01 5.000000e-01 1.515027e+00 -0.993270 0.002093 0.009915 0.969253 0.009915 0.002093 0.993270 -0.002111 -0.009976 -0.969097 -0.009976 -0.002111 0.000000 
5.000000e-01 5.000000e-01 4.999877e-03 5.000000e-01 5.000000e-01 1.515027e+00 -0.993270 0.002093 0.009915 0.969253 0.009915 0.002093 0.993270 -0.002111 -0.009976 -0.969097 -0.009976 -0.002111 0.000000 
5.000000e-01 5.000000e-01 4.999877e-03 5.000000e-01 5.000000e-01 1.515027e+00 -0.993270 0.002093 0.009915 0.969253 0.009915 0.002093 0.993270 -0.002111 -0.009976 -0.969097 -0.009976 -0.002111 0.000000 
5.000000e-01 5.000000e-01 4.999877e-03 5.000000e-01 5.000000e-01 1.515027e+00 -0.993270 0.002093 0.009915 0.969253 0.009915 0.002093 0.993270 -0.002111 -0.009976 -0.969097 -0.009976 -0.002111 0.000000 
5.000000e-01 5.000000e-01 4.999877e-03 5.000000e-01 5.000000e-01 1.515027e+00 -0.993270 0.002093 0.009915 0.969253 0.009915 0.002093 0.993270 -0.002111 -0.009976 -0.969097 -0.009976 -0.002111 0.000000 
5.000000e-01 5.000000e-01 4.999877e-03 5.000000e-01 5.000000e-01 1.515027e+00 -0.993270 0.002093 0.009915 0.969253 0.009915 0.002093 0.993270 -0.002111 -0.009976 -0.969097 -0.009976 -0.002111 0.000000 
5.000000e-01 5.000000e-01 4.999877e-03 5.000000e-01 5.000000e-01 1.515027e+00 -0.993270 0.002093 0.009915 0.969253 0.009915 0.002093 0.993270 -0.002111 -0.009976 -0.969097 -0.009976 -0.002111 0.000000 
5.000000e-01 5.000000e-01 4.999877e-03 5.000000e-01 5.000000e-01 1.515027e+00 -0.993270 0.002093 0.009915 0.969253 0.009915 0.002093 0.993270 -0.002111 -0.009976 -0.969097 -0.009976 -0.002111 0.000000 
5.000000e-01 5.000000e-01 4.999877e-03 5.000000e-01 5.000000e-01 1.515027e+00 -0.993270 0.002093 0.009915 0.969253 0.009915 0.002093 0.993270 -0.002111 -0.009976 -0.969097 -0.009976 -0.002111 0.000000 
5.000000e-01 5.000000e-01 4.999877e-03 5.000000e-01 5.000000e-01 1.515027e+00 -0.993270 0.002093 0.009915 0.969253 0.009915 0.002093 0.993270 -0.002111 -0.009976 -0.969097 -0.009976 -0.002111 0.000000 
5.000000e-01 5.000000e-01 4.999877e-03 5.000000e-01 5.000000e-01 1.515027e+00 -0.993270 0.002093 0.009915 0.969253 0.009915 0.002093 0.993270 -0.002111 -0.009976 -0.969097 -0.009976 -0.002111 0.000000 
5.000000e-01 5.000000e-01 4.999877e-03 5.000000e-01 5.000000e-01 1.515027e+00 -0.993270 0.002093 0.009915 0.969253 0.009915 0.002093 0.993270 -0.002111 -0.009976 -0.969097 -0.009976 -0.002111 0.000000 
5.000000e-01 5.000000e-01 4.999877e-03 5.000000e-01 5.000000e-01 1.515027e+00 -0.993270 0.002093 0.009915 0.969253 0.009915 0.002093 0.993270 -0.002111 -0.009976 -0.969097 -0.009976 -0.002111 0.000000 
5.000000e-01 5.000000e-01 4.999877e-03 5.000000e-01 5.000000e-01 1.515027e+00 -0.993270 0.002093 0.009915 0.969253 0.009915 0.002093 0.993270 -0.002111 -0.009976 -0.969097 -0.009976 -0.002111 0.000000 
5.000000e-01 5.000000e-01 4.999877e-03 5.000000e-01 5.000000e-01 1.515027e+00 -0.993270 0.002093 0.009915 0.969253 0.009915 0.002093 0.993270 -0.002111 -0.009976 -0.969097 -0.009976 -0.002111 0.000000 
5.000000e-01 5.000000e-01 4.999877e-03 5.000000e-01 5.000000e-01 1.515027e+00 -0.993270 0.002093 0.009915 0.969253 0.009915 0.002093 0.993270 -0.002111 -0.009976 -0.969097 -0.009976 -0.002111 0.000000 
5.000000e-01 5.000000e-01 4.999877e-03 5.000000e-01 5.000000e-01 1.515027e+00 -0.993270 0.002093 0.009915 0.969253 0.009915 0.002093 0.993270 -0.002111 -0.009976 -0.969097 -0.009976 -0.002111 0.000000 
5.000000e-01 5.000000e-01 4.999877e-03 5.000000e-01 5.000000e-01 1.515027e+00 -0.993270 0.002093 0.009915 0.969253 0.009915 0.002093 0.993270 -0.002111 -0.009976 -0.969097 -0.009976 -0.002111 0.000000 
5.000000e-01 5.000000e-01 4.999877e-03 5.000000e-01 5.000000e-01 1.515027e+00 -0.993270 0.002093 0.009915 0.969253 0.009915 0.002093 0.993270 -0.002111 -0.009976 -0.969097 -0.009976 -0.002111 0.000000 
5.000000e-01 5.000000e-01 4.999877e-03 5.000000e-01 5.000000e-01 1.515027e+00 -0.993270 0.002093 0.009915 0.969253 0.009915 0.002093 0.993270 -0.002111 -0.009976 -0.969097 -0.009976 -0.002111 0.000000 
5.000000e-01 5.000000e-01 4.999877e-03 5.000000e-01 5.000000e-01 1.515027e+00 -0.993270 0.002093 0.009915 0.969253 0.009915 0.002093 0.993270 -0.002111 -0.009976 -0.969097 -0.009976 -0.002111 0.000000 
5.000000e-01 5.000000e-01 4.999877e-03 5.000000e-01 5.000000e-01 1.515027e+00 -0.993270 0.002093 0.009915 0.969253 0.009915 0.002093 0.993270 -0.002111 -0.009976 -0.969097 -0.009976 -0.002111 0.000000 
5.000000e-01 5.000000e-01 4.999877e-03 5.000000e-01 5.000000e-01 1.515027e+00 -0.993270 0.002093 0.009915 0.969253 0.009915 0.002093 0.993270 -0.002111 -0.009976 -0.969097 -0.009976 -0.002111 0.000000 
5.000000e-01 5.000000e-01 4.999877e-03 5.000000e-01 5.000000e-01 1.515027e+00 -0.993270 0.002093 0.009915 0.969253 0.009915 0.002093 0.993270 -0.002111 -0.009976 -0.969097 -0.009976 -0.002111 0.000000 
5.000000e-01 5.000000e-01 4.999877e-03 5.000000e-01 5.000000e-01 1.515027e+00 -0.993270 0.002093 0.009915 0.969253 0.009915 0.002093 0.993270 -0.002111 -0.009976 -0.969097 -0.009976 -0.002111 0.000000 
5.000000e-01 5.000000e-01 4.999877e-03 5.000000e-01 5.000000e-01 1.515027e+00 -0.993270 0.002093 0.009915 0.969253 0.009915 0.002093 0.993270 -0.002111 -0.009976 -0.969097 -0.009976 -0.002111 0.000000 
5.000000e-01 5.000000e-01 4.999877e-03 5.000000e-01 5.000000e-01 1.515027e+00 -0.993270 0.002093 0.009915 0.969253 0.009915 0.002093 0.993270 -0.002111 -0.009976 -0.969097 -0.009976 -0.002111 0.000000 
5.000000e-01 5.000000e-01 4.999877e-03 5.000000e-01 5.000000e-01 1.515027e+00 -0.993270 0.002093 0.009915 0.969253 0.009915 0.002093 0.993270 -0.002111 -0.009976 -0.969097 -0.009976 -0.002111 0.000000 
5.000000e-01 5.000000e-01 4.999877e-03 5.000000e-01 5.000000e-01 1.515027e+00 -0.993270 0.002093 0.009915 0.969253 0.009915 0.002093 0.993270 -0.002111 -0.009976 -0.969097 -0.009976 -0.002111 0.000000 
5.000000e-01 5.000000e-01 4.999877e-03 5.000000e-01 5.000000e-01 1.515027e+00 -0.993270 0.002093 0.009915 0.969253 0.009915 0.002093 0.993270 -0.002111 -0.009976 -0.969097 -0.009976 -0.002111 0.000000 
5.000000e-01 5.000000e-01 4.999877e-03 5.000000e-01 5.000000e-01 1.515027e+00 -0.993270 0.002093 0.009915 0.969253 0.009915 0.002093 0.993270 -0.002111 -0.009976 -0.969097 -0.009976 -0.002111 0.000000 
5.000000e-01 5.000000e-01 4.999877e-03 5.000000e-01 5.000000e-01 1.515027e+00 -0.993270 0.002093 0.009915 0.969253 0.009915 0.002093 0.993270 -0.002111 -0.009976 -0.969097 -0.009976 -0.002111 0.000000 
5.000000e-01 5.000000e-01 4.999877e-03 5.000000e-01 5.000000e-01 1.515027e+00 -0.993270 0.002093 0.009915 0.969253 0.009915 0.002093 0.993270 -0.002111 -0.009976 -0.969097 -0.009976 -0.002111 0.000000 
5.000000e-01 5.000000e-01 4.999877e-03 5.000000e-01 5.000000e-01 1.515027e+00 -0.993270 0.002093 0.009915 0.969253 0.009915 0.002093 0.993270 -0.002111 -0.009976 -0.969097 -0.009976 -0.002111 0.000000 
5.000000e-01 5.000000e-01 4.999877e-03 5.000000e-01 5.000000e-01 1.515027e+00 -0.993270 0.002093 0.009915 0.969253 0.009915 0.002093 0.993270 -0.002111 -0.009976 -0.969097 -0.009976 -0.002111 0.000000 
5.000000e-01 5.000000e-01 4.999877e-03 5.000000e-01 5.000000e-01 1.515027e+00 -0.993270 0.002093 0.009915 0.969253 0.009915 0.002093 0.993270 -0.002111 -0.009976 -0.969097 -0.009976 -0.002111 0.000000 
5.000000e-01 5.000000e-01 4.999877e-03 5.000000e-01 5.000000e-01 1.515027e+00 -0.993270 0.002093 0.009915 0.969253 0.009915 0.002093 0.993270 -0.002111 -0.009976 -0.969097 -0.009976 -0.002111 0.000000 
5.000000e-01 5.000000e-01 4.999877e-03 5.000000e-01 5.000000e-01 1.515027e+00 -0.993270 0.002093 0.009915 0.969253 0.009915 0.002093 0.993270 -0.002111 -0.009976 -0.969097 -0.009976 -0.002111 0.000000 
5.000000e-01 5.000000e-01 4.999877e-03 5.000000e-01 5.000000e-01 1.515027e+00 -0.993270 0.002093 0.009915 0.969253 0.009915 0.002093 0.993270 -0.002111 -0.009976 -0.969097 -0.009976 -0.002111 0.000000 
5.000000e-01 5.000000e-01 4.999877e-03 5.000000e-01 5.000000e-01 1.515027e+00 -0.993270 0.002093 0.009915 0.969253 0.009915 0.002093 0.993270 -0.002111 -0.009976 -0.969097 -0.009976 -0.002111 0.000000 
5.000000e-01 5.000000e-01 4.999877e-03 5.000000e-01 5.000000e-01 1.515027e+00 -0.993270 0.002093 0.009915 0.969253 0.009915 0.002093 0.993270 -0.002111 -0.009976 -0.969097 -0.009976 -0.002111 0.000000 
5.000000e-01 5.000000e-01 4.999877e-03 5.000000e-01 5.000000e-01 1.515027e+00 -0.993270 0.002093 0.009915 0.969253 0.009915 0.002093 0.993270 -0.002111 -0.009976 -0.969097 -0.009976 -0.002111 0.000000 
5.000000e-01 5.000000e-01 4.999877e-03 5.000000e-01 5.000000e-01 1.515027e+00 -0.993270 0.002093 0.009915 0.969253 0.009915 0.002093 0.993270 -0.002111 -0.009976 -0.969097 -0.009976 -0.002111 0.000000 
5.000000e-01 5.000000e-01 4.999877e-03 5.000000e-01 5.000000e-01 1.515027e+00 -0.993270 0.002093 0.009915 0.969253 0.009915 0.002093 0.993270 -0.002111 -0.009976 -0.969097 -0.009976 -0.002111 0.000000 
5.000000e-01 5.000000e-01 4.999877e-03 5.000000e-01 5.000000e-01 1.515027e+00 -0.993270 0.002093 0.009915 0.969253 0.009915 0.002093 0.993270 -0.002111 -0.009976 -0.969097 -0.009976 -0.002111 0.000000 
5.000000e-01 5.000000e-01 4.999877e-03 5.000000e-01 5.000000e-01 1.515027e+00 -0.993270 0.002093 0.009915 0.969253 0.009915 0.002093 0.993270 -0.002111 -0.009976 -0.969097 -0.009976 -0.002111 0.000000 
5.000000e-01 5.000000e-01 4.999877e-03 5.000000e-01 5.000000e-01 1.515027e+00 -0.993270 0.002093 0.009915 0.969253 0.009915 0.002093 0.993270 -0.002111 -0.009976 -0.969097 -0.009976 -0.002111 0.000000 
5.000000e-01 5.000000e-01 4.999877e-03 5.000000e-01 5.000000e-01 1.515027e+00 -0.993270 0.002093 0.009915 0.969253 0.009915 0.002093 0.993270 -0.002111 -0.009976 -0.969097 -0.009976 -0.002111 0.000000 
5.000000e-01 5.000000e-01 4.999877e-03 5.000000e-01 5.000000e-01 1.515027e+00 -0.993270 0.002093 0.009915 0.969253 0.009915 0.002093 0.993270 -0.002111 -0.009976 -0.969097 -0.009976 -0.002111 0.000000 
5.000000e-01 5.000000e-01 4.999877e-03 5.000000e-01 5.000000e-01 1.515027e+00 -0.993270 0.002093 0.009915 0.969253 0.009915 0.002093 0.993270 -0.002111 -0.009976 -0.969097 -0.009976 -0.002111 0.000000 
5.000000e-01 5.000000e-01 4.999877e-03 5.000000e-01 5.000000e-01 1.515027e+00 -0.993270 0.002093 0.009915 0.969253 0.009915 0.002093 0.993270 -0.002111 -0.009976 -0.969097 -0.009976 -0.002111 0.000000 
5.000000e-01 5.000000e-01 4.999877e-03 5.000000e-01 5.000000e-01 1.515027e+00 -0.993270 0.002093 0.009915 0.969253 0.009915 0.002093 0.993270 -0.002111 -0.009976 -0.969097 -0.009976 -0.002111 0.000000 
5.000000e-01 5.000000e-01 4.999877e-03 5.000000e-01 5.000000e-01 1.515027e+00 -0.993270 0.002093 0.009915 0.969253 0.009915 0.002093 0.993270 -0.002111 -0.009976 -0.969097 -0.009976 -0.002111 0.000000 
5.000000e-01 5.000000e-01 4.999877e-03 5.000000e-01 5.000000e-01 1.515027e+00 -0.993270 0.002093 0.009915 0.969253 0.009915 0.002093 0.993270 -0.002111 -0.009976 -0.969097 -0.009976 -0.002111 0.000000 
5.000000e-01 5.000000e-01 4.999877e-03 5.000000e-01 5.000000e-01 1.515027e+00 -0.993270 0.002093 0.009915 0.969253 0.009915 0.002093 0.993270 -0.002111 -0.009976 -0.969097 -0.009976 -0.002111 0.000000 
5.000000e-01 5.000000e-01 4.999877e-03 5.000000e-01 5.000000e-01 1.515027e+00 -0.993270 0.002093 0.009915 0.969253 0.009915 0.002093 0.993270 -0.002111 -0.009976 -0.969097 -0.009976 -0.002111 0.000000 
5.000000e-01 5.000000e-01 4.999877e-03 5.000000e-01 5.000000e-01 1.515027e+00 -0.993270 0.002093 0.009915 0.969253 0.009915 0.002093 0.993270 -0.002111 -0.009976 -0.969097 -0.009976 -0.002111 0.000000 
5.000000e-01 5.000000e-01 4.999877e-03 5.000000e-01 5.000000e-01 1.515027e+00 -0.993270 0.002093 0.009915 0.969253 0.009915 0.002093 0.993270 -0.002111 -0.009976 -0.969097 -0.009976 -0.002111 0.000000 
5.000000e-01 5.000000e-01 4.999877e-03 5.000000e-01 5.000000e-01 1.515027e+00 -0.993270 0.002093 0.009915 0.969253 0.009915 0.002093 0.993270 -0.002111 -0.009976 -0.969097 -0.009976 -0.002111 0.000000 
5.000000e-01 5.000000e-01 4.999877e-03 5.000000e-01 5.000000e-01 1.515027e+00 -0.993270 0.002093 0.009915 0.969253 0.009915 0.002093 0.993270 -0.002111 -0.009976 -0.969097 -0.009976 -0.002111 0.000000 
5.000000e-01 5.000000e-01 4.999877e-03 5.000000e-01 5.000000e-01 1.515027e+00 -0.993270 0.002093 0.009915 0.969253 0.009915 0.002093 0.993270 -0.002111 -0.009976 -0.969097 -0.009976 -0.002111 0.000000 
5.000000e-01 5.000000e-01 4.999877e-03 5.000000e-01 5.000000e-01 1.515027e+00 -0.993270 0.002093 0.009915 0.969253 0.009915 0.002093 0.993270 -0.002111 -0.009976 -0.969097 -0.009976 -0.002111 0.000000 
5.000000e-01 5.000000e-01 4.999877e-03 5.000000e-01 5.000000e-01 1.515027e+00 -0.993270 0.002093 0.009915 0.969253 0.009915 0.002093 0.993270 -0.002111 -0.009976 -0.969097 -0.009976 -0.002111 0.000000 
5.000000e-01 5.000000e-01 4.999877e-03 5.000000e-01 5.000000e-01 1.515027e+00 -0.993270 0.002093 0.009915 0.969253 0.009915 0.002093 0.993270 -0.002111 -0.009976 -0.969097 -0.009976 -0.002111 0.000000 
5.000000e-01 5.000000e-01 4.999877e-03 5.000000e-01 5.000000e-01 1.515027e+00 -0.993270 0.002093 0.009915 0.969253 0.009915 0.002093 0.993270 -0.002111 -0.009976 -0.969097 -0.009976 -0.002111 0.000000 
5.000000e-01 5.000000e-01 4.999877e-03 5.000000e-01 5.000000e-01 1.515027e+00 -0.993270 0.002093 0.009915 0.969253 0.009915 0.002093 0.993270 -0.002111 -0.009976 -0.969097 -0.009976 -0.002111 0.000000 
5.000000e-01 5.000000e-01 4.999877e-03 5.000000e-01 5.000000e-01 1.515027e+00 -0.993270 0.002093 0.009915 0.969253 0.009915 0.002093 0.993270 -0.002111 -0.009976 -0.969097 -0.009976 -0.002111 0.000000 
5.000000e-01 5.000000e-01 4.999877e-03 5.000000e-01 5.000000e-01 1.515027e+00 -0.993270 0.002093 0.009915 0.969253 0.009915 0.002093 0.993270 -0.002111 -0.009976 -0.969097 -0.009976 -0.002111 0.000000 
5.000000e-01 5.000000e-01 4.999877e-03 5.000000e-01 5.000000e-01 1.515027e+00 -0.993270 0.002093 0.009915 0.969253 0.009915 0.002093 0.993270 -0.002111 -0.009976 -0.969097 -0.009976 -0.002111 0.000000 
5.000000e-01 5.000000e-01 4.999877e-03 5.000000e-01 5.000000e-01 1.515027e+00 -0.993270 0.002093 0.009915 0.969253 0.009915 0.002093 0.993270 -0.002111 -0.009976 -0.969097 -0.009976 -0.002111 0.000000 
5.000000e-01 5.000000e-01 4.999877e-03 5.000000e-01 5.000000e-01 1.515027e+00 -0.993270 0.002093 0.009915 0.969253 0.009915 0.002093 0.993270 -0.002111 -0.009976 -0.969097 -0.009976 -0.002111 0.000000 
5.000000e-01 5.000000e-01 4.999877e-03 5.000000e-01 5.000000e-01 1.515027e+00 -0.993270 0.002093 0.009915 0.969253 0.009915 0.002093 0.993270 -0.002111 -0.009976 -0.969097 -0.009976 -0.002111 0.000000 
5.000000e-01 5.000000e-01 4.999877e-03 5.000000e-01 5.000000e-01 1.515027e+00 -0.993270 0.002093 0.009915 0.969253 0.009915 0.002093 0.993270 -0.002111 -0.009976 -0.969097 -0.009976 -0.002111 0.000000 
5.000000e-01 5.000000e-01 4.999877e-03 5.000000e-01 5.000000e-01 1.515027e+00 -0.993270 0.002093 0.009915 0.969253 0.009915 0.002093 0.993270 -0.002111 -0.009976 -0.969097 -0.009976 -0.002111 0.000000 
5.000000e-01 5.000000e-01 4.999877e-03 5.000000e-01 5.000000e-01 1.515027e+00 -0.993270 0.002093 0.009915 0.969253 0.009915 0.002093 0.993270 -0.002111 -0.009976 -0.969097 -0.009976 -0.002111 0.000000 
5.000000e-01 5.000000e-01 4.999877e-03 5.000000e-01 5.000000e-01 1.515027e+00 -0.993270 0.002093 0.009915 0.969253 0.009915 0.002093 0.993270 -0.002111 -0.009976 -0.969097 -0.009976 -0.002111 0.000000 
5.000000e-01 5.000000e-01 4.999877e-03 5.000000e-01 5.000000e-01 1.515027e+00 -0.993270 0.002093 0.009915 0.969253 0.009915 0.002093 0.993270 -0.002111 -0.009976 -0.969097 -0.009976 -0.002111 0.000000 
5.000000e-01 5.000000e-01 4.999877e-03 5.000000e-01 5.000000e-01 1.515027e+00 -0.993270 0.002093 0.009915 0.969253 0.009915 0.002093 0.993270 -0.002111 -0.009976 -0.969097 -0.009976 -0.002111 0.000000 
5.000000e-01 5.000000e-01 4.999877e-03 5.000000e-01 5.000000e-01 1.515027e+00 -0.993270 0.002093 0.009915 0.969253 0.009915 0.002093 0.993270 -0.002111 -0.009976 -0.969097 -0.009976 -0.002111 0.000000 
5.000000e-01 5.000000e-01 4.999877e-03 5.000000e-01 5.000000e-01 1.515027e+00 -0.993270 0.002093 0.009915 0.969253 0.009915 0.002093 0.993270 -0.002111 -0.009976 -0.969097 -0.009976 -0.002111 0.000000 
5.000000e-01 5.000000e-01 4.999877e-03 5.000000e-01 5.000000e-01 1.515027e+00 -0.993270 0.002093 0.009915 0.969253 0.009915 0.002093 0.993270 -0.002111 -0.009976 -0.969097 -0.009976 -0.002111 0.000000 
5.000000e-01 5.000000e-01 4.999877e-03 5.000000e-01 5.000000e-01 1.515027e+00 -0.993270 0.002093 0.009915 0.969253 0.009915 0.002093 0.993270 -0.002111 -0.009976 -0.969097 -0.009976 -0.002111 0.000000 
5.000000e-01 5.000000e-01 4.999877e-03 5.000000e-01 5.000000e-01 1.515027e+00 -0.993270 0.002093 0.009915 0.969253 0.009915 0.002093 0.993270 -0.002111 -0.009976 -0.969097 -0.009976 -0.002111 0.000000 
5.000000e-01 5.000000e-01 4.999877e-03 5.000000e-01 5.000000e-01 1.515027e+00 -0.993270 0.002093 0.009915 0.969253 0.009915 0.002093 0.993270 -0.002111 -0.009976 -0.969097 -0.009976 -0.002111 0.000000 
5.000000e-01 5.000000e-01 4.999877e-03 5.000000e-01 5.000000e-01 1.515027e+00 -0.993270 0.002093 0.009915 0.969253 0.009915 0.002093 0.993270 -0.002111 -0.009976 -0.969097 -0.009976 -0.002111 0.000000 
5.000000e-01 5.000000e-01 4.999877e-03 5.000000e-01 5.000000e-01 1.515027e+00 -0.993270 0.002093 0.009915 0.969253 0.009915 0.002093 0.993270 -0.002111 -0.009976 -0.969097 -0.009976 -0.002111 0.000000 
5.000000e-01 5.000000e-01 4.999877e-03 5.000000e-01 5.000000e-01 1.515027e+00 -0.993270 0.002093 0.009915 0.969253 0.009915 0.002093 0.993270 -0.002111 -0.009976 -0.969097 -0.009976 -0.002111 0.000000 
5.000000e-01 5.000000e-01 4.999877e-03 5.000000e-01 5.000000e-01 1.515027e+00 -0.993270 0.002093 0.009915 0.969253 0.009915 0.002093 0.993270 -0.002111 -0.009976 -0.969097 -0.009976 -0.002111 0.000000 
5.000000e-01 5.000000e-01 4.999877e-03 5.000000e-01 5.000000e-01 1.515027e+00 -0.993270 0.002093 0.009915 0.969253 0.009915 0.002093 0.993270 -0.002111 -0.009976 -0.969097 -0.009976 -0.002111 0.000000 
5.000000e-01 5.000000e-01 4.999877e-03 5.000000e-01 5.000000e-01 1.515027e+00 -0.993270 0.002093 0.009915 0.969253 0.009915 0.002093 0.993270 -0.002111 -0.009976 -0.969097 -0.009976 -0.002111 0.000000 
5.000000e-01 5.000000e-01 4.999877e-03 5.000000e-01 5.000000e-01 1.515027e+00 -0.993270 0.002093 0.009915 0.969253 0.009915 0.002093 0.993270 -0.002111 -0.009976 -0.969097 -0.009976 -0.002111 0.000000 
5.000000e-01 5.000000e-01 4.999877e-03 5.000000e-01 5.000000e-01 1.515027e+00 -0.993270 0.002093 0.009915 0.969253 0.009915 0.002093 0.993270 -0.002111 -0.009976 -0.969097 -0.009976 -0.002111 0.000000 
5.000000e-01 5.000000e-01 4.999877e-03 5.000000e-01 5.000000e-01 1.515027e+00 -0.993270 0.002093 0.009915 0.969253 0.009915 0.002093 0.993270 -0.002111 -0.009976 -0.969097 -0.009976 -0.002111 0.000000 
5.000000e-01 5.000000e-01 4.999877e-03 5.000000e-01 5.000000e-01 1.515027e+00 -0.993270 0.002093 0.009915 0.969253 0.009915 0.002093 0.993270 -0.002111 -0.009976 -0.969097 -0.009976 -0.002111 0.000000 
5.000000e-01 5.000000e-01 4.999877e-03 5.000000e-01 5.000000e-01 1.515027e+00 -0.993270 0.002093 0.009915 0.969253 0.009915 0.002093 0.993270 -0.002111 -0.009976 -0.969097 -0.009976 -0.002111 0.000000 
5.000000e-01 5.000000e-01 4.999877e-03 5.000000e-01 5.000000e-01 1.515027e+00 -0.993270 0.002093 0.009915 0.969253 0.009915 0.002093 0.993270 -0.002111 -0.009976 -0.969097 -0.009976 -0.002111 0.000000 
5.000000e-01 5.000000e-01 4.999877e-03 5.000000e-01 5.000000e-01 1.515027e+00 -0.993270 0.002093 0.009915 0.969253 0.009915 0.002093 0.993270 -0.002111 -0.009976 -0.969097 -0.009976 -0.002111 0.000000 
5.000000e-01 5.000000e-01 4.999877e-03 5.000000e-01 5.000000e-01 1.515027e+00 -0.993270 0.002093 0.009915 0.969253 0.009915 0.002093 0.993270 -0.002111 -0.009976 -0.969097 -0.009976 -0.002111 0.000000 
5.000000e-01 5.000000e-01 4.999877e-03 5.000000e-01 5.000000e-01 1.515027e+00 -0.993270 0.002093 0.009915 0.969253 0.009915 0.002093 0.993270 -0.002111 -0.009976 -0.969097 -0.009976 -0.002111 0.000000 
5.000000e-01 5.000000e-01 4.999877e-03 5.000000e-01 5.000000e-01 1.515027e+00 -0.993270 0.002093 0.009915 0.969253 0.009915 0.002093 0.993270 -0.002111 -0.009976 -0.969097 -0.009976 -0.002111 0.000000 
5.000000e-01 5.000000e-01 4.999877e-03 5.000000e-01 5.000000e-01 1.515027e+00 -0.993270 0.002093 0.009915 0.969253 0.009915 0.002093 0.993270 -0.002111 -0.009976 -0.969097 -0.009976 -0.002111 0.000000 
5.000000e-01 5.000000e-01 4.999877e-03 5.000000e-01 5.000000e-01 1.515027e+00 -0.993270 0.002093 0.009915 0.969253 0.009915 0.002093 0.993270 -0.002111 -0.009976 -0.969097 -0.009976 -0.002111 0.000000 
5.000000e-01 5.000000e-01 4.999877e-03 5.000000e-01 5.000000e-01 1.515027e+00 -0.993270 0.002093 0.009915 0.969253 0.009915 0.002093 0.993270 -0.002111 -0.009976 -0.969097 -0.009976 -0.002111 0.000000 
5.000000e-01 5.000000e-01 4.999877e-03 5.000000e-01 5.000000e-01 1.515027e+00 -0.993270 0.002093 0.009915 0.969253 0.009915 0.002093 0.993270 -0.002111 -0.009976 -0.969097 -0.009976 -0.002111 0.000000 
5.000000e-01 5.000000e-01 4.999877e-03 5.000000e-01 5.000000e-01 1.515027e+00 -0.993270 0.002093 0.009915 0.969253 0.009915 0.002093 0.993270 -0.002111 -0.009976 -0.969097 -0.009976 -0.002111 0.000000 
5.000000e-01 5.000000e-01 4.999877e-03 5.000000e-01 5.000000e-01 1.515027e+00 -0.993270 0.002093 0.009915 0.969253 0.009915 0.002093 0.993270 -0.002111 -0.009976 -0.969097 -0.009976 -0.002111 0.000000 
5.000000e-01 5.000000e-01 4.999877e-03 5.000000e-01 5.000000e-01 1.515027e+00 -0.993270 0.002093 0.009915 0.969253 0.009915 0.002093 0.993270 -0.002111 -0.009976 -0.969097 -0.009976 -0.002111 0.000000 
5.000000e-01 5.000000e-01 4.999877e-03 5.000000e-01 5.000000e-01 1.515027e+00 -0.993270 0.002093 0.009915 0.969253 0.009915 0.002093 0.993270 -0.002111 -0.009976 -0.969097 -0.009976 -0.002111 0.000000 
5.000000e-01 5.000000e-01 4.999877e-03 5.000000e-01 5.000000e-01 1.515027e+00 -0.993270 0.002093 0.009915 0.969253 0.009915 0.002093 0.993270 -0.002111 -0.009976 -0.969097 -0.009976 -0.002111 0.000000 
5.000000e-01 5.000000e-01 4.999877e-03 5.000000e-01 5.000000e-01 1.515027e+00 -0.993270 0.002093 0.009915 0.969253 0.009915 0.002093 0.993270 -0.002111 -0.009976 -0.969097 -0.009976 -0.002111 0.000000 
5.000000e-01 5.000000e-01 4.999877e-03 5.000000e-01 5.000000e-01 1.515027e+00 -0.993270 0.002093 0.009915 0.969253 0.009915 0.002093 0.993270 -0.002111 -0.009976 -0.969097 -0.009976 -0.002111 0.000000 
5.000000e-01 5.000000e-01 4.999877e-03 5.000000e-01 5.000000e-01 1.515027e+00 -0.993270 0.002093 0.009915 0.969253 0.009915 0.002093 0.993270 -0.002111 -0.009976 -0.969097 -0.009976 -0.002111 0.000000 
5.000000e-01 5.000000e-01 4.999877e-03 5.000000e-01 5.000000e-01 1.515027e+00 -0.993270 0.002093 0.009915 0.969253 0.009915 0.002093 0.993270 -0.002111 -0.009976 -0.969097 -0.009976 -0.002111 0.000000 
5.000000e-01 5.000000e-01 4.999877e-03 5.000000e-01 5.000000e-01 1.515027e+00 -0.993270 0.002093 0.009915 0.969253 0.009915 0.002093 0.993270 -0.002111 -0.009976 -0.969097 -0.009976 -0.002111 0.000000 
5.000000e-01 5.000000e-01 4.999877e-03 5.000000e-01 5.000000e-01 1.515027e+00 -0.993270 0.002093 0.009915 0.969253 0.009915 0.002093 0.993270 -0.002111 -0.009976 -0.969097 -0.009976 -0.002111 0.000000 
5.000000e-01 5.000000e-01 4.999877e-03 5.000000e-01 5.000000e-01 1.515027e+00 -0.993270 0.002093 0.009915 0.969253 0.009915 0.002093 0.993270 -0.002111 -0.009976 -0.969097 -0.009976 -0.002111 0.000000 
5.000000e-01 5.000000e-01 4.999877e-03 5.000000e-01 5.000000e-01 1.515027e+00 -0.993270 0.002093 0.009915 0.969253 0.009915 0.002093 0.993270 -0.002111 -0.009976 -0.969097 -0.009976 -0.002111 0.000000 
5.000000e-01 5.000000e-01 4.999877e-03 5.000000e-01 5.000000e-01 1.515027e+00 -0.993270 0.002093 0.009915 0.969253 0.009915 0.002093 0.993270 -0.002111 -0.009976 -0.969097 -0.009976 -0.002111 0.000000 
5.000000e-01 5.000000e-01 4.999877e-03 5.000000e-01 5.000000e-01 1.515027e+00 -0.993270 0.002093 0.009915 0.969253 0.009915 0.002093 0.993270 -0.002111 -0.009976 -0.969097 -0.009976 -0.002111 0.000000 
5.000000e-01 5.000000e-01 4.999877e-03 5.000000e-01 5.000000e-01 1.515027e+00 -0.993270 0.002093 0.009915 0.969253 0.009915 0.002093 0.993270 -0.002111 -0.009976 -0.969097 -0.009976 -0.002111 0.000000 
5.000000e-01 5.000000e-01 4.999877e-03 5.000000e-01 5.000000e-01 1.515027e+00 -0.993270 0.002093 0.009915 0.969253 0.009915 0.002093 0.993270 -0.002111 -0.009976 -0.969097 -0.009976 -0.002111 0.000000 
5.000000e-01 5.000000e-01 4.999877e-03 5.000000e-01 5.000000e-01 1.515027e+00 -0.993270 0.002093 0.009915 0.969253 0.009915 0.002093 0.993270 -0.002111 -0.009976 -0.969097 -0.009976 -0.002111 0.000000 
5.000000e-01 5.000000e-01 4.999877e-03 5.000000e-01 5.000000e-01 1.515027e+00 -0.993270 0.002093 0.009915 0.969253 0.009915 0.002093 0.993270 -0.002111 -0.009976 -0.969097 -0.009976 -0.002111 0.000000 
5.000000e-01 5.000000e-01 4.999877e-03 5.000000e-01 5.000000e-01 1.515027e+00 -0.993270 0.002093 0.009915 0.969253 0.009915 0.002093 0.993270 -0.002111 -0.009976 -0.969097 -0.009976 -0.002111 0.000000 
5.000000e-01 5.000000e-01 4.999877e-03 5.000000e-01 5.000000e-01 1.515027e+00 -0.993270 0.002093 0.009915 0.969253 0.009915 0.002093 0.993270 -0.002111 -0.009976 -0.969097 -0.009976 -0.002111 0.000000 
5.000000e-01 5.000000e-01 4.999877e-03 5.000000e-01 5.000000e-01 1.515027e+00 -0.993270 0.002093 0.009915 0.969253 0.009915 0.002093 0.993270 -0.002111 -0.009976 -0.969097 -0.009976 -0.002111 0.000000 
5.000000e-01 5.000000e-01 4.999877e-03 5.000000e-01 5.000000e-01 1.515027e+00 -0.993270 0.002093 0.009915 0.969253 0.009915 0.002093 0.993270 -0.002111 -0.009976 -0.969097 -0.009976 -0.002111 0.000000 
5.000000e-01 5.000000e-01 4.999877e-03 5.000000e-01 5.000000e-01 1.515027e+00 -0.993270 0.002093 0.009915 0.969253 0.009915 0.002093 0.993270 -0.002111 -0.009976 -0.969097 -0.009976 -0.002111 0.000000 
5.000000e-01 5.000000e-01 4.999877e-03 5.000000e-01 5.000000e-01 1.515027e+00 -0.993270 0.002093 0.009915 0.969253 0.009915 0.002093 0.993270 -0.002111 -0.009976 -0.969097 -0.009976 -0.002111 0.000000 
5.000000e-01 5.000000e-01 4.999877e-03 5.000000e-01 5.000000e-01 1.515027e+00 -0.993270 0.002093 0.009915 0.969253 0.009915 0.002093 0.993270 -0.002111 -0.009976 -0.969097 -0.009976 -0.002111 0.000000 
5.000000e-01 5.000000e-01 4.999877e-03 5.000000e-01 5.000000e-01 1.515027e+00 -0.993270 0.002093 0.009915 0.969253 0.009915 0.002093 0.993270 -0.002111 -0.009976 -0.969097 -0.009976 -0.002111 0.000000 
5.000000e-01 5.000000e-01 4.999877e-03 5.000000e-01 5.000000e-01 1.515027e+00 -0.993270 0.002093 0.009915 0.969253 0.009915 0.002093 0.993270 -0.002111 -0.009976 -0.969097 -0.009976 -0.002111 0.000000 
5.000000e-01 5.000000e-01 4.999877e-03 5.000000e-01 5.000000e-01 1.515027e+00 -0.993270 0.002093 0.009915 0.969253 0.009915 0.002093 0.993270 -0.002111 -0.009976 -0.969097 -0.009976 -0.002111 0.000000 
5.000000e-01 5.000000e-01 4.999877e-03 5.000000e-01 5.000000e-01 1.515027e+00 -0.993270 0.002093 0.009915 0.969253 0.009915 0.002093 0.993270 -0.002111 -0.009976 -0.969097 -0.009976 -0.002111 0.000000 
5.000000e-01 5.000000e-01 4.999877e-03 5.000000e-01 5.000000e-01 1.515027e+00 -0.993270 0.002093 0.009915 0.969253 0.009915 0.002093 0.993270 -0.002111 -0.009976 -0.969097 -0.009976 -0.002111 0.000000 
5.000000e-01 5.000000e-01 4.999877e-03 5.000000e-01 5.000000e-01 1.515027e+00 -0.993270 0.002093 0.009915 0.969253 0.009915 0.002093 0.993270 -0.002111 -0.009976 -0.969097 -0.009976 -0.002111 0.000000 
5.000000e-01 5.000000e-01 4.999877e-03 5.000000e-01 5.000000e-01 1.515027e+00 -0.993270 0.002093 0.009915 0.969253 0.009915 0.002093 0.993270 -0.002111 -0.009976 -0.969097 -0.009976 -0.002111 0.000000 
5.000000e-01 5.000000e-01 4.999877e-03 5.000000e-01 5.000000e-01 1.515027e+00 -0.993270 0.002093 0.009915 0.969253 0.009915 0.002093 0.993270 -0.002111 -0.009976 -0.969097 -0.009976 -0.002111 0.000000 
5.000000e-01 5.000000e-01 4.999877e-03 5.000000e-01 5.000000e-01 1.515027e+00 -0.993270 0.002093 0.009915 0.969253 0.009915 0.002093 0.993270 -0.002111 -0.009976 -0.969097 -0.009976 -0.002111 0.000000 
5.000000e-01 5.000000e-01 4.999877e-03 5.000000e-01 5.000000e-01 1.515027e+00 -0.993270 0.002093 0.009915 0.969253 0.009915 0.002093 0.993270 -0.002111 -0.009976 -0.969097 -0.009976 -0.002111 0.000000 
5.000000e-01 5.000000e-01 4.999877e-03 5.000000e-01 5.000000e-01 1.515027e+00 -0.993270 0.002093 0.009915 0.969253 0.009915 0.002093 0.993270 -0.002111 -0.009976 -0.969097 -0.009976 -0.002111 0.000000 
5.000000e-01 5.000000e-01 4.999877e-03 5.000000e-01 5.000000e-01 1.515027e+00 -0.993270 0.002093 0.009915 0.969253 0.009915 0.002093 0.993270 -0.002111 -0.009976 -0.969097 -0.009976 -0.002111 0.000000 
5.000000e-01 5.000000e-01 4.999877e-03 5.000000e-01 5.000000e-01 1.515027e+00 -0.993270 0.002093 0.009915 0.969253 0.009915 0.002093 0.993270 -0.002111 -0.009976 -0.969097 -0.009976 -0.002111 0.000000 
5.000000e-01 5.000000e-01 4.999877e-03 5.000000e-01 5.000000e-01 1.515027e+00 -0.993270 0.002093 0.009915 0.969253 0.009915 0.002093 0.993270 -0.002111 -0.009976 -0.969097 -0.009976 -0.002111 0.000000 
5.000000e-01 5.000000e-01 4.999877e-03 5.000000e-01 5.000000e-01 1.515027e+00 -0.993270 0.002093 0.009915 0.969253 0.009915 0.002093 0.993270 -0.002111 -0.009976 -0.969097 -0.009976 -0.002111 0.000000 
5.000000e-01 5.000000e-01 4.999877e-03 5.000000e-01 5.000000e-01 1.515027e+00 -0.993270 0.002093 0.009915 0.969253 0.009915 0.002093 0.993270 -0.002111 -0.009976 -0.969097 -0.009976 -0.002111 0.000000 
5.000000e-01 5.000000e-01 4.999877e-03 5.000000e-01 5.000000e-01 1.515027e+00 -0.993270 0.002093 0.009915 0.969253 0.009915 0.002093 0.993270 -0.002111 -0.009976 -0.969097 -0.009976 -0.002111 0.000000 
5.000000e-01 5.000000e-01 4.999877e-03 5.000000e-01 5.000000e-01 1.515027e+00 -0.993270 0.002093 0.009915 0.969253 0.009915 0.002093 0.993270 -0.002111 -0.009976 -0.969097 -0.009976 -0.002111 0.000000 
5.000000e-01 5.000000e-01 4.999877e-03 5.000000e-01 5.000000e-01 1.515027e+00 -0.993270 0.002093 0.009915 0.969253 0.009915 0.002093 0.993270 -0.002111 -0.009976 -0.969097 -0.009976 -0.002111 0.000000 
5.000000e-01 5.000000e-01 4.999877e-03 5.000000e-01 5.000000e-01 1.515027e+00 -0.993270 0.002093 0.009915 0.969253 0.009915 0.002093 0.993270 -0.002111 -0.009976 -0.969097 -0.009976 -0.002111 0.000000 
5.000000e-01 5.000000e-01 4.999877e-03 5.000000e-01 5.000000e-01 1.515027e+00 -0.993270 0.002093 0.009915 0.969253 0.009915 0.002093 0.993270 -0.002111 -0.009976 -0.969097 -0.009976 -0.002111 0.000000 
5.000000e-01 5.000000e-01 4.999877e-03 5.000000e-01 5.000000e-01 1.515027e+00 -0.993270 0.002093 0.009915 0.969253 0.009915 0.002093 0.993270 -0.002111 -0.009976 -0.969097 -0.009976 -0.002111 0.000000 
5.000000e-01 5.000000e-01 4.999877e-03 5.000000e-01 5.000000e-01 1.515027e+00 -0.993270 0.002093 0.009915 0.969253 0.009915 0.002093 0.993270 -0.002111 -0.009976 -0.969097 -0.009976 -0.002111 0.000000 
5.000000e-01 5.000000e-01 4.999877e-03 5.000000e-01 5.000000e-01 1.515027e+00 -0.993270 0.002093 0.009915 0.969253 0.009915 0.002093 0.993270 -0.002111 -0.009976 -0.969097 -0.009976 -0.002111 0.000000 
