# TeX TeY TeZ ThX ThY THZ P1 P2
5.000000e-01 5.000000e-01 5.100000e-01 5.000000e-01 5.000000e-01 5.100000e-01 0.000000 0.000000 0.000000 0.000000 0.000000 0.000000 0.000000 0.000000 0.000000 0.000000 0.000000 0.000000 0.000000 
5.000000e-01 5.000000e-01 4.976870e-01 5.000000e-01 5.000000e-01 5.187516e-01 -0.013827 0.002457 0.002948 0.003016 0.002948 0.002457 0.013827 -0.001038 -0.003302 -0.005147 -0.003302 -0.001038 0.000000 
5.000000e-01 5.000000e-01 4.853374e-01 5.000000e-01 5.000000e-01 5.274924e-01 -0.027670 0.004919 0.005900 0.006033 0.005900 0.004919 0.027670 -0.002039 -0.006613 -0.010365 -0.006613 -0.002039 0.000000 
5.000000e-01 5.000000e-01 4.729514e-01 5.000000e-01 5.000000e-01 5.362223e-01 -0.041530 0.007384 0.008855 0.009054 0.008855 0.007384 0.041530 -0.002998 -0.009934 -0.015667 -0.009934 -0.002998 0.000000 
5.000000e-01 5.000000e-01 4.605294e-01 5.000000e-01 5.000000e-01 5.449412e-01 -0.055407 0.009852 0.011813 0.012077 0.011813 0.009852 0.055407 -0.003906 -0.013264 -0.021068 -0.013264 -0.003906 0.000000 
5.000000e-01 5.000000e-01 4.480717e-01 5.000000e-01 5.000000e-01 5.536490e-01 -0.069300 0.012324 0.014774 0.015103 0.014774 0.012324 0.069300 -0.004744 -0.016603 -0.026604 -0.016603 -0.004744 0.000000 
5.000000e-01 5.000000e-01 4.355786e-01 5.000000e-01 5.000000e-01 5.623456e-01 -0.083208 0.014799 0.017739 0.018132 0.017739 0.014799 0.083208 -0.005513 -0.019950 -0.032282 -0.019950 -0.005513 0.000000 
5.000000e-01 5.000000e-01 4.230504e-01 5.000000e-01 5.000000e-01 5.710310e-01 -0.097132 0.017277 0.020707 0.021164 0.020707 0.017277 0.097132 -0.006206 -0.023304 -0.038113 -0.023304 -0.006206 0.000000 
5.000000e-01 5.000000e-01 4.104873e-01 5.000000e-01 5.000000e-01 5.797049e-01 -0.111071 0.019757 0.023678 0.024201 0.023678 0.019757 0.111071 -0.006816 -0.026661 -0.044118 -0.026661 -0.006816 0.000000 
5.000000e-01 5.000000e-01 3.978898e-01 5.000000e-01 5.000000e-01 5.883674e-01 -0.125026 0.022239 0.026653 0.027241 0.026653 0.022239 0.125026 -0.007319 -0.030019 -0.050350 -0.030019 -0.007319 0.000000 
5.000000e-01 5.000000e-01 3.852579e-01 5.000000e-01 5.000000e-01 5.970183e-01 -0.138995 0.024723 0.029631 0.030287 0.029631 0.024723 0.138995 -0.007713 -0.033375 -0.056817 -0.033375 -0.007713 0.000000 
5.000000e-01 5.000000e-01 3.725922e-01 5.000000e-01 5.000000e-01 6.056576e-01 -0.152978 0.027208 0.032613 0.033336 0.032613 0.027208 0.152978 -0.007993 -0.036725 -0.063542 -0.036725 -0.007993 0.000000 
5.000000e-01 5.000000e-01 3.598927e-01 5.000000e-01 5.000000e-01 6.142850e-01 -0.166976 0.029695 0.035598 0.036391 0.035598 0.029695 0.166976 -0.008148 -0.040062 -0.070556 -0.040062 -0.008148 0.000000 
5.000000e-01 5.000000e-01 3.471598e-01 5.000000e-01 5.000000e-01 6.229005e-01 -0.180988 0.032183 0.038586 0.039450 0.038586 0.032183 0.180988 -0.008140 -0.043377 -0.077955 -0.043377 -0.008140 0.000000 
5.000000e-01 5.000000e-01 3.343938e-01 5.000000e-01 5.000000e-01 6.315040e-01 -0.195013 0.034671 0.041578 0.042514 0.041578 0.034671 0.195013 -0.007983 -0.046661 -0.085726 -0.046661 -0.007983 0.000000 
5.000000e-01 5.000000e-01 3.215950e-01 5.000000e-01 5.000000e-01 6.400955e-01 -0.209052 0.037160 0.044573 0.045584 0.044573 0.037160 0.209052 -0.007666 -0.049904 -0.093912 -0.049904 -0.007666 0.000000 
5.000000e-01 5.000000e-01 3.087635e-01 5.000000e-01 5.000000e-01 6.486746e-01 -0.223104 0.039649 0.047572 0.048661 0.047572 0.039649 0.223104 -0.007164 -0.053086 -0.102603 -0.053086 -0.007164 0.000000 
5.000000e-01 5.000000e-01 2.958997e-01 5.000000e-01 5.000000e-01 6.572415e-01 -0.237169 0.042138 0.050575 0.051743 0.050575 0.042138 0.237169 -0.006457 -0.056186 -0.111884 -0.056186 -0.006457 0.000000 
5.000000e-01 5.000000e-01 2.830039e-01 5.000000e-01 5.000000e-01 6.657959e-01 -0.251247 0.044627 0.053580 0.054832 0.053580 0.044627 0.251247 -0.005550 -0.059188 -0.121772 -0.059188 -0.005550 0.000000 
5.000000e-01 5.000000e-01 2.700761e-01 5.000000e-01 5.000000e-01 6.743377e-01 -0.265338 0.047115 0.056590 0.057928 0.056590 0.047115 0.265338 -0.004432 -0.062065 -0.132343 -0.062065 -0.004432 0.000000 
5.000000e-01 5.000000e-01 2.571168e-01 5.000000e-01 5.000000e-01 6.828669e-01 -0.279440 0.049602 0.059603 0.061030 0.059603 0.049602 0.279440 -0.003048 -0.064753 -0.143838 -0.064753 -0.003048 0.000000 
5.000000e-01 5.000000e-01 2.441261e-01 5.000000e-01 5.000000e-01 6.913832e-01 -0.293555 0.052089 0.062619 0.064140 0.062619 0.052089 0.293555 -0.001425 -0.067233 -0.156240 -0.067233 -0.001425 0.000000 
5.000000e-01 5.000000e-01 2.311043e-01 5.000000e-01 5.000000e-01 6.998866e-01 -0.307682 0.054573 0.065639 0.067257 0.065639 0.054573 0.307682 0.000448 -0.069458 -0.169662 -0.069458 0.000448 0.000000 
5.000000e-01 5.000000e-01 2.180514e-01 5.000000e-01 5.000000e-01 7.083770e-01 -0.321821 0.057056 0.068663 0.070383 0.068663 0.057056 0.321821 0.002612 -0.071323 -0.184397 -0.071323 0.002612 0.000000 
5.000000e-01 5.000000e-01 2.049677e-01 5.000000e-01 5.000000e-01 7.168542e-01 -0.335972 0.059536 0.071691 0.073517 0.071691 0.059536 0.335972 0.005067 -0.072759 -0.200587 -0.072759 0.005067 0.000000 
5.000000e-01 5.000000e-01 1.918533e-01 5.000000e-01 5.000000e-01 7.253182e-01 -0.350134 0.062015 0.074722 0.076660 0.074722 0.062015 0.350134 0.007804 -0.073698 -0.218345 -0.073698 0.007804 0.000000 
5.000000e-01 5.000000e-01 1.787082e-01 5.000000e-01 5.000000e-01 7.337687e-01 -0.364309 0.064491 0.077758 0.079812 0.077758 0.064491 0.364309 0.010852 -0.073978 -0.238059 -0.073978 0.010852 0.000000 
5.000000e-01 5.000000e-01 1.655324e-01 5.000000e-01 5.000000e-01 7.422057e-01 -0.378498 0.066964 0.080797 0.082974 0.080797 0.066964 0.378498 0.014230 -0.073414 -0.260129 -0.073414 0.014230 0.000000 
5.000000e-01 5.000000e-01 1.523257e-01 5.000000e-01 5.000000e-01 7.506290e-01 -0.392699 0.069435 0.083842 0.086145 0.083842 0.069435 0.392699 0.017906 -0.071921 -0.284670 -0.071921 0.017906 0.000000 
5.000000e-01 5.000000e-01 1.390878e-01 5.000000e-01 5.000000e-01 7.590385e-01 -0.406916 0.071903 0.086891 0.089329 0.086891 0.071903 0.406916 0.021898 -0.069241 -0.312232 -0.069241 0.021898 0.000000 
5.000000e-01 5.000000e-01 1.258181e-01 5.000000e-01 5.000000e-01 7.674340e-01 -0.421151 0.074367 0.089946 0.092525 0.089946 0.074367 0.421151 0.026229 -0.064994 -0.343622 -0.064994 0.026229 0.000000 
5.000000e-01 5.000000e-01 1.125158e-01 5.000000e-01 5.000000e-01 7.758155e-01 -0.435406 0.076829 0.093007 0.095735 0.093007 0.076829 0.435406 0.030854 -0.059089 -0.378937 -0.059089 0.030854 0.000000 
5.000000e-01 5.000000e-01 9.917948e-02 5.000000e-01 5.000000e-01 7.841828e-01 -0.449686 0.079289 0.096075 0.098959 0.096075 0.079289 0.449686 0.035780 -0.051133 -0.418979 -0.051133 0.035780 0.000000 
5.000000e-01 5.000000e-01 8.580753e-02 5.000000e-01 5.000000e-01 7.925357e-01 -0.463997 0.081748 0.099151 0.102199 0.099151 0.081748 0.463997 0.041020 -0.040529 -0.464980 -0.040529 0.041020 0.000000 
5.000000e-01 5.000000e-01 7.239775e-02 5.000000e-01 5.000000e-01 8.008742e-01 -0.478346 0.084206 0.102238 0.105457 0.102238 0.084206 0.478346 0.046522 -0.027280 -0.516829 -0.027280 0.046522 0.000000 
5.000000e-01 5.000000e-01 5.894777e-02 5.000000e-01 5.000000e-01 8.091980e-01 -0.492740 0.086665 0.105337 0.108737 0.105337 0.086665 0.492740 0.052281 -0.010941 -0.575420 -0.010941 0.052281 0.000000 
5.000000e-01 5.000000e-01 4.545559e-02 5.000000e-01 5.000000e-01 8.175070e-01 -0.507191 0.089124 0.108450 0.112042 0.108450 0.089124 0.507190 0.058290 0.008891 -0.641553 0.008891 0.058290 0.000000 
5.000000e-01 5.000000e-01 3.192030e-02 5.000000e-01 5.000000e-01 8.258011e-01 -0.521697 0.091586 0.111577 0.115371 0.111577 0.091586 0.521697 0.064491 0.031706 -0.714089 0.031706 0.064491 0.000000 
5.000000e-01 5.000000e-01 1.834345e-02 5.000000e-01 5.000000e-01 8.340801e-01 -0.536259 0.094048 0.114719 0.118724 0.114719 0.094048 0.536259 0.070856 0.057304 -0.792578 0.057304 0.070856 0.000000 
5.000000e-01 5.000000e-01 4.999865e-03 5.000000e-01 5.000000e-01 8.423439e-01 -0.550681 0.096477 0.117833 0.122061 0.117833 0.096477 0.550680 0.077182 0.084194 -0.873432 0.084194 0.077182 0.000000 
5.000000e-01 5.000000e-01 4.999865e-03 5.000000e-01 5.000000e-01 8.505923e-01 -0.556095 0.097257 0.119042 0.123498 0.119042 0.097257 0.556095 0.076265 0.083025 -0.874676 0.083025 0.076265 0.000000 
5.000000e-01 5.000000e-01 4.999865e-03 5.000000e-01 5.000000e-01 8.588252e-01 -0.561500 0.098023 0.120251 0.124951 0.120251 0.098023 0.561499 0.075346 0.081860 -0.875912 0.081860 0.075346 0.000000 
5.000000e-01 5.000000e-01 4.999865e-03 5.000000e-01 5.000000e-01 8.670424e-01 -0.566894 0.098776 0.121462 0.126418 0.121462 0.098776 0.566894 0.074425 0.080698 -0.877141 0.080698 0.074425 0.000000 
5.000000e-01 5.000000e-01 4.999865e-03 5.000000e-01 5.000000e-01 8.752437e-01 -0.572277 0.099516 0.122673 0.127900 0.122673 0.099516 0.572277 0.073504 0.079539 -0.878363 0.079539 0.073504 0.000000 
5.000000e-01 5.000000e-01 4.999865e-03 5.000000e-01 5.000000e-01 8.834291e-01 -0.577651 0.100242 0.123885 0.129396 0.123885 0.100242 0.577650 0.072581 0.078383 -0.879579 0.078383 0.072581 0.000000 
5.000000e-01 5.000000e-01 4.999865e-03 5.000000e-01 5.000000e-01 8.915982e-01 -0.583013 0.100954 0.125098 0.130908 0.125098 0.100954 0.583013 0.071657 0.077231 -0.880789 0.077231 0.071657 0.000000 
5.000000e-01 5.000000e-01 4.999865e-03 5.000000e-01 5.000000e-01 8.997510e-01 -0.588365 0.101652 0.126312 0.132437 0.126312 0.101652 0.588365 0.070732 0.076081 -0.881992 0.076081 0.070732 0.000000 
5.000000e-01 5.000000e-01 4.999865e-03 5.000000e-01 5.000000e-01 9.078873e-01 -0.593706 0.102331 0.127528 0.133989 0.127528 0.102331 0.593706 0.069807 0.074935 -0.883189 0.074935 0.069807 0.000000 
5.000000e-01 5.000000e-01 4.999865e-03 5.000000e-01 5.000000e-01 9.160069e-01 -0.599036 0.102993 0.128745 0.135560 0.128745 0.102993 0.599036 0.068881 0.073792 -0.884381 0.073792 0.068881 0.000000 
5.000000e-01 5.000000e-01 4.999865e-03 5.000000e-01 5.000000e-01 9.241096e-01 -0.604354 0.103640 0.129963 0.137149 0.129963 0.103640 0.604354 0.067954 0.072652 -0.885567 0.072652 0.067954 0.000000 
5.000000e-01 5.000000e-01 4.999865e-03 5.000000e-01 5.000000e-01 9.321953e-01 -0.609662 0.104269 0.131182 0.138760 0.131182 0.104269 0.609662 0.067028 0.071515 -0.886748 0.071515 0.067028 0.000000 
5.000000e-01 5.000000e-01 4.999865e-03 5.000000e-01 5.000000e-01 9.402637e-01 -0.614958 0.104880 0.132403 0.140391 0.132403 0.104880 0.614958 0.066102 0.070381 -0.887923 0.070381 0.066102 0.000000 
5.000000e-01 5.000000e-01 4.999865e-03 5.000000e-01 5.000000e-01 9.483148e-01 -0.620243 0.105469 0.133626 0.142053 0.133626 0.105469 0.620243 0.065175 0.069250 -0.889093 0.069250 0.065175 0.000000 
5.000000e-01 5.000000e-01 4.999865e-03 5.000000e-01 5.000000e-01 9.563482e-01 -0.625517 0.106037 0.134851 0.143740 0.134851 0.106037 0.625517 0.064249 0.068122 -0.890258 0.068122 0.064249 0.000000 
5.000000e-01 5.000000e-01 4.999865e-03 5.000000e-01 5.000000e-01 9.643639e-01 -0.630778 0.106586 0.136077 0.145453 0.136077 0.106586 0.630778 0.063323 0.066997 -0.891418 0.066997 0.063323 0.000000 
5.000000e-01 5.000000e-01 4.999865e-03 5.000000e-01 5.000000e-01 9.723616e-01 -0.636028 0.107113 0.137305 0.147192 0.137305 0.107113 0.636028 0.062397 0.065875 -0.892573 0.065875 0.062397 0.000000 
5.000000e-01 5.000000e-01 4.999865e-03 5.000000e-01 5.000000e-01 9.803412e-01 -0.641266 0.107619 0.138534 0.148959 0.138534 0.107619 0.641266 0.061473 0.064756 -0.893724 0.064756 0.061473 0.000000 
5.000000e-01 5.000000e-01 4.999865e-03 5.000000e-01 5.000000e-01 9.883023e-01 -0.646492 0.108097 0.139766 0.150765 0.139766 0.108097 0.646491 0.060548 0.063641 -0.894870 0.063641 0.060548 0.000000 
5.000000e-01 5.000000e-01 4.999865e-03 5.000000e-01 5.000000e-01 9.962450e-01 -0.651705 0.108551 0.140999 0.152604 0.140999 0.108551 0.651705 0.059625 0.062528 -0.896011 0.062528 0.059625 0.000000 
5.000000e-01 5.000000e-01 4.999865e-03 5.000000e-01 5.000000e-01 1.004169e+00 -0.656906 0.108980 0.142235 0.154477 0.142235 0.108980 0.656906 0.058702 0.061418 -0.897148 0.061418 0.058702 0.000000 
5.000000e-01 5.000000e-01 4.999865e-03 5.000000e-01 5.000000e-01 1.012074e+00 -0.662095 0.109384 0.143471 0.156384 0.143471 0.109384 0.662095 0.057781 0.060312 -0.898280 0.060312 0.057781 0.000000 
5.000000e-01 5.000000e-01 4.999865e-03 5.000000e-01 5.000000e-01 1.019959e+00 -0.667271 0.109763 0.144709 0.158328 0.144709 0.109763 0.667271 0.056860 0.059208 -0.899409 0.059208 0.056860 0.000000 
5.000000e-01 5.000000e-01 4.999865e-03 5.000000e-01 5.000000e-01 1.027826e+00 -0.672434 0.110105 0.145950 0.160325 0.145950 0.110105 0.672434 0.055941 0.058108 -0.900532 0.058108 0.055941 0.000000 
5.000000e-01 5.000000e-01 4.999865e-03 5.000000e-01 5.000000e-01 1.035672e+00 -0.677585 0.110419 0.147192 0.162363 0.147192 0.110419 0.677585 0.055023 0.057010 -0.901652 0.057010 0.055023 0.000000 
5.000000e-01 5.000000e-01 4.999865e-03 5.000000e-01 5.000000e-01 1.043499e+00 -0.682722 0.110704 0.148435 0.164445 0.148435 0.110704 0.682722 0.054106 0.055916 -0.902767 0.055916 0.054106 0.000000 
5.000000e-01 5.000000e-01 4.999865e-03 5.000000e-01 5.000000e-01 1.051306e+00 -0.687846 0.110960 0.149679 0.166570 0.149679 0.110960 0.687846 0.053191 0.054825 -0.903878 0.054825 0.053191 0.000000 
5.000000e-01 5.000000e-01 4.999865e-03 5.000000e-01 5.000000e-01 1.059093e+00 -0.692957 0.111180 0.150924 0.168751 0.150924 0.111180 0.692957 0.052277 0.053737 -0.904986 0.053737 0.052277 0.000000 
5.000000e-01 5.000000e-01 4.999865e-03 5.000000e-01 5.000000e-01 1.066859e+00 -0.698055 0.111360 0.152170 0.170994 0.152170 0.111360 0.698054 0.051365 0.052652 -0.906088 0.052652 0.051365 0.000000 
5.000000e-01 5.000000e-01 4.999865e-03 5.000000e-01 5.000000e-01 1.074604e+00 -0.703138 0.111507 0.153416 0.173291 0.153416 0.111507 0.703138 0.050454 0.051570 -0.907187 0.051570 0.050454 0.000000 
5.000000e-01 5.000000e-01 4.999865e-03 5.000000e-01 5.000000e-01 1.082328e+00 -0.708208 0.111620 0.154662 0.175643 0.154662 0.111620 0.708208 0.049545 0.050492 -0.908282 0.050492 0.049545 0.000000 
5.000000e-01 5.000000e-01 4.999865e-03 5.000000e-01 5.000000e-01 1.090031e+00 -0.713264 0.111699 0.155908 0.178051 0.155908 0.111699 0.713264 0.048638 0.049416 -0.909373 0.049416 0.048638 0.000000 
5.000000e-01 5.000000e-01 4.999865e-03 5.000000e-01 5.000000e-01 1.097713e+00 -0.718306 0.111725 0.157153 0.180549 0.157153 0.111725 0.718306 0.047733 0.048344 -0.910460 0.048344 0.047733 0.000000 
5.000000e-01 5.000000e-01 4.999865e-03 5.000000e-01 5.000000e-01 1.105373e+00 -0.723333 0.111713 0.158396 0.183114 0.158396 0.111713 0.723333 0.046830 0.047275 -0.911543 0.047275 0.046830 0.000000 
5.000000e-01 5.000000e-01 4.999865e-03 5.000000e-01 5.000000e-01 1.113011e+00 -0.728346 0.111663 0.159637 0.185746 0.159637 0.111663 0.728346 0.045928 0.046210 -0.912622 0.046210 0.045928 0.000000 
5.000000e-01 5.000000e-01 4.999865e-03 5.000000e-01 5.000000e-01 1.120626e+00 -0.733345 0.111573 0.160875 0.188448 0.160875 0.111573 0.733344 0.045029 0.045147 -0.913698 0.045147 0.045029 0.000000 
5.000000e-01 5.000000e-01 4.999865e-03 5.000000e-01 5.000000e-01 1.128220e+00 -0.738328 0.111428 0.162109 0.191253 0.162109 0.111428 0.738328 0.044132 0.044088 -0.914769 0.044088 0.044132 0.000000 
5.000000e-01 5.000000e-01 4.999865e-03 5.000000e-01 5.000000e-01 1.135790e+00 -0.743297 0.111236 0.163338 0.194149 0.163338 0.111236 0.743297 0.043237 0.043033 -0.915836 0.043033 0.043237 0.000000 
5.000000e-01 5.000000e-01 4.999865e-03 5.000000e-01 5.000000e-01 1.143338e+00 -0.748250 0.110999 0.164561 0.197129 0.164561 0.110999 0.748250 0.042344 0.041980 -0.916900 0.041980 0.042344 0.000000 
5.000000e-01 5.000000e-01 4.999865e-03 5.000000e-01 5.000000e-01 1.150862e+00 -0.753188 0.110719 0.165778 0.200195 0.165778 0.110719 0.753188 0.041454 0.040932 -0.917959 0.040932 0.041454 0.000000 
5.000000e-01 5.000000e-01 4.999865e-03 5.000000e-01 5.000000e-01 1.158363e+00 -0.758111 0.110377 0.166985 0.203386 0.166985 0.110377 0.758111 0.040566 0.039886 -0.919015 0.039886 0.040566 0.000000 
5.000000e-01 5.000000e-01 4.999865e-03 5.000000e-01 5.000000e-01 1.165839e+00 -0.763018 0.109981 0.168181 0.206695 0.168181 0.109981 0.763017 0.039680 0.038844 -0.920066 0.038844 0.039680 0.000000 
5.000000e-01 5.000000e-01 4.999865e-03 5.000000e-01 5.000000e-01 1.173292e+00 -0.767909 0.109535 0.169365 0.210108 0.169365 0.109535 0.767908 0.038797 0.037806 -0.921114 0.037806 0.038797 0.000000 
5.000000e-01 5.000000e-01 4.999865e-03 5.000000e-01 5.000000e-01 1.180720e+00 -0.772783 0.109041 0.170537 0.213627 0.170537 0.109041 0.772783 0.037916 0.036771 -0.922158 0.036771 0.037916 0.000000 
5.000000e-01 5.000000e-01 4.999865e-03 5.000000e-01 5.000000e-01 1.188124e+00 -0.777642 0.108477 0.171690 0.217309 0.171690 0.108477 0.777642 0.037038 0.035739 -0.923198 0.035739 0.037038 0.000000 
5.000000e-01 5.000000e-01 4.999865e-03 5.000000e-01 5.000000e-01 1.195502e+00 -0.782484 0.107853 0.172822 0.221133 0.172822 0.107853 0.782484 0.036163 0.034712 -0.924233 0.034712 0.036163 0.000000 
5.000000e-01 5.000000e-01 4.999865e-03 5.000000e-01 5.000000e-01 1.202855e+00 -0.787310 0.107176 0.173936 0.225086 0.173936 0.107176 0.787309 0.035290 0.033687 -0.925265 0.033687 0.035290 0.000000 
5.000000e-01 5.000000e-01 4.999865e-03 5.000000e-01 5.000000e-01 1.210183e+00 -0.792118 0.106447 0.175028 0.229169 0.175028 0.106447 0.792118 0.034420 0.032667 -0.926293 0.032667 0.034420 0.000000 
5.000000e-01 5.000000e-01 4.999865e-03 5.000000e-01 5.000000e-01 1.217484e+00 -0.796910 0.105632 0.176083 0.233479 0.176083 0.105632 0.796909 0.033553 0.031650 -0.927317 0.031650 0.033553 0.000000 
5.000000e-01 5.000000e-01 4.999865e-03 5.000000e-01 5.000000e-01 1.224760e+00 -0.801684 0.104759 0.177108 0.237949 0.177108 0.104759 0.801684 0.032689 0.030637 -0.928336 0.030637 0.032689 0.000000 
5.000000e-01 5.000000e-01 4.999865e-03 5.000000e-01 5.000000e-01 1.232008e+00 -0.806440 0.103830 0.178101 0.242577 0.178101 0.103830 0.806440 0.031828 0.029628 -0.929352 0.029628 0.031828 0.000000 
5.000000e-01 5.000000e-01 4.999865e-03 5.000000e-01 5.000000e-01 1.239230e+00 -0.811179 0.102835 0.179055 0.247399 0.179055 0.102835 0.811179 0.030969 0.028623 -0.930364 0.028623 0.030969 0.000000 
5.000000e-01 5.000000e-01 4.999865e-03 5.000000e-01 5.000000e-01 1.246425e+00 -0.815900 0.101754 0.179951 0.252489 0.179951 0.101754 0.815900 0.030114 0.027621 -0.931371 0.027621 0.030114 0.000000 
5.000000e-01 5.000000e-01 4.999865e-03 5.000000e-01 5.000000e-01 1.253592e+00 -0.820603 0.100615 0.180802 0.257770 0.180802 0.100615 0.820603 0.029262 0.026624 -0.932374 0.026624 0.029262 0.000000 
5.000000e-01 5.000000e-01 4.999865e-03 5.000000e-01 5.000000e-01 1.260731e+00 -0.825288 0.099417 0.181605 0.263244 0.181605 0.099417 0.825288 0.028413 0.025630 -0.933373 0.025630 0.028413 0.000000 
5.000000e-01 5.000000e-01 4.999865e-03 5.000000e-01 5.000000e-01 1.267841e+00 -0.829954 0.098129 0.182328 0.269040 0.182328 0.098129 0.829954 0.027567 0.024640 -0.934368 0.024640 0.027567 0.000000 
5.000000e-01 5.000000e-01 4.999865e-03 5.000000e-01 5.000000e-01 1.274923e+00 -0.834601 0.096769 0.182978 0.275107 0.182978 0.096769 0.834601 0.026724 0.023655 -0.935359 0.023655 0.026724 0.000000 
5.000000e-01 5.000000e-01 4.999865e-03 5.000000e-01 5.000000e-01 1.281976e+00 -0.839229 0.095351 0.183560 0.281407 0.183560 0.095351 0.839229 0.025884 0.022673 -0.936345 0.022673 0.025884 0.000000 
5.000000e-01 5.000000e-01 4.999865e-03 5.000000e-01 5.000000e-01 1.289000e+00 -0.843838 0.093857 0.184055 0.288014 0.184055 0.093857 0.843838 0.025048 0.021696 -0.937327 0.021696 0.025048 0.000000 
5.000000e-01 5.000000e-01 4.999865e-03 5.000000e-01 5.000000e-01 1.295994e+00 -0.848427 0.092272 0.184426 0.295031 0.184426 0.092272 0.848427 0.024216 0.020723 -0.938304 0.020723 0.024216 0.000000 
5.000000e-01 5.000000e-01 4.999865e-03 5.000000e-01 5.000000e-01 1.302958e+00 -0.852997 0.090627 0.184706 0.302331 0.184706 0.090627 0.852997 0.023386 0.019754 -0.939278 0.019754 0.023386 0.000000 
5.000000e-01 5.000000e-01 4.999865e-03 5.000000e-01 5.000000e-01 1.309891e+00 -0.857547 0.088923 0.184890 0.309922 0.184890 0.088923 0.857547 0.022560 0.018789 -0.940246 0.018789 0.022560 0.000000 
5.000000e-01 5.000000e-01 4.999865e-03 5.000000e-01 5.000000e-01 1.316793e+00 -0.862076 0.087109 0.184883 0.318092 0.184883 0.087109 0.862076 0.021738 0.017829 -0.941211 0.017829 0.021738 0.000000 
5.000000e-01 5.000000e-01 4.999865e-03 5.000000e-01 5.000000e-01 1.323664e+00 -0.866586 0.085238 0.184753 0.326603 0.184753 0.085238 0.866586 0.020919 0.016873 -0.942171 0.016873 0.020919 0.000000 
5.000000e-01 5.000000e-01 4.999865e-03 5.000000e-01 5.000000e-01 1.330504e+00 -0.871074 0.083311 0.184500 0.335453 0.184500 0.083311 0.871074 0.020104 0.015921 -0.943126 0.015921 0.020104 0.000000 
5.000000e-01 5.000000e-01 4.999865e-03 5.000000e-01 5.000000e-01 1.337311e+00 -0.875542 0.081281 0.184006 0.344969 0.184006 0.081281 0.875542 0.019293 0.014974 -0.944077 0.014974 0.019293 0.000000 
5.000000e-01 5.000000e-01 4.999865e-03 5.000000e-01 5.000000e-01 1.344086e+00 -0.879990 0.079187 0.183331 0.354953 0.183331 0.079187 0.879990 0.018485 0.014032 -0.945023 0.014032 0.018485 0.000000 
5.000000e-01 5.000000e-01 4.999865e-03 5.000000e-01 5.000000e-01 1.350828e+00 -0.884415 0.077042 0.182496 0.365340 0.182496 0.077042 0.884415 0.017681 0.013093 -0.945964 0.013093 0.017681 0.000000 
5.000000e-01 5.000000e-01 4.999865e-03 5.000000e-01 5.000000e-01 1.357537e+00 -0.888820 0.074800 0.181358 0.376503 0.181358 0.074800 0.888820 0.016881 0.012160 -0.946901 0.012160 0.016881 0.000000 
5.000000e-01 5.000000e-01 4.999865e-03 5.000000e-01 5.000000e-01 1.364213e+00 -0.893204 0.072495 0.179970 0.388273 0.179970 0.072495 0.893204 0.016084 0.011230 -0.947834 0.011230 0.016084 0.000000 
5.000000e-01 5.000000e-01 4.999865e-03 5.000000e-01 5.000000e-01 1.370854e+00 -0.897566 0.070142 0.178381 0.400520 0.178381 0.070142 0.897566 0.015292 0.010306 -0.948761 0.010306 0.015292 0.000000 
5.000000e-01 5.000000e-01 4.999865e-03 5.000000e-01 5.000000e-01 1.377461e+00 -0.901906 0.067698 0.176396 0.413719 0.176396 0.067698 0.901906 0.014503 0.009386 -0.949684 0.009386 0.014503 0.000000 
5.000000e-01 5.000000e-01 4.999865e-03 5.000000e-01 5.000000e-01 1.384033e+00 -0.906225 0.065195 0.174094 0.427646 0.174094 0.065195 0.906225 0.013718 0.008471 -0.950602 0.008471 0.013718 0.000000 
5.000000e-01 5.000000e-01 4.999865e-03 5.000000e-01 5.000000e-01 1.390570e+00 -0.910522 0.062652 0.171547 0.442123 0.171547 0.062652 0.910522 0.012937 0.007560 -0.951516 0.007560 0.012937 0.000000 
5.000000e-01 5.000000e-01 4.999865e-03 5.000000e-01 5.000000e-01 1.397072e+00 -0.914798 0.060019 0.168463 0.457834 0.168463 0.060019 0.914798 0.012160 0.006654 -0.952425 0.006654 0.012160 0.000000 
5.000000e-01 5.000000e-01 4.999865e-03 5.000000e-01 5.000000e-01 1.403537e+00 -0.919052 0.057341 0.165020 0.474331 0.165020 0.057341 0.919052 0.011386 0.005752 -0.953329 0.005752 0.011386 0.000000 
5.000000e-01 5.000000e-01 4.999865e-03 5.000000e-01 5.000000e-01 1.409967e+00 -0.923284 0.054628 0.161287 0.491455 0.161287 0.054628 0.923284 0.010617 0.004855 -0.954229 0.004855 0.010617 0.000000 
5.000000e-01 5.000000e-01 4.999865e-03 5.000000e-01 5.000000e-01 1.416360e+00 -0.927497 0.051825 0.156812 0.510223 0.156812 0.051825 0.927497 0.009851 0.003962 -0.955124 0.003962 0.009851 0.000000 
5.000000e-01 5.000000e-01 4.999865e-03 5.000000e-01 5.000000e-01 1.422716e+00 -0.931688 0.048996 0.151992 0.529713 0.151992 0.048996 0.931688 0.009089 0.003074 -0.956014 0.003074 0.009089 0.000000 
5.000000e-01 5.000000e-01 4.999865e-03 5.000000e-01 5.000000e-01 1.429036e+00 -0.935858 0.046125 0.146712 0.550183 0.146712 0.046125 0.935858 0.008331 0.002190 -0.956901 0.002190 0.008331 0.000000 
5.000000e-01 5.000000e-01 4.999865e-03 5.000000e-01 5.000000e-01 1.435318e+00 -0.940009 0.043191 0.140670 0.572287 0.140670 0.043191 0.940009 0.007576 0.001311 -0.957783 0.001311 0.007576 0.000000 
5.000000e-01 5.000000e-01 4.999865e-03 5.000000e-01 5.000000e-01 1.441563e+00 -0.944140 0.040238 0.134268 0.595129 0.134268 0.040238 0.944140 0.006825 0.000435 -0.958660 0.000435 0.006825 0.000000 
5.000000e-01 5.000000e-01 4.999865e-03 5.000000e-01 5.000000e-01 1.447770e+00 -0.948251 0.037236 0.127148 0.619484 0.127148 0.037236 0.948251 0.006077 -0.000436 -0.959534 -0.000436 0.006077 0.000000 
5.000000e-01 5.000000e-01 4.999865e-03 5.000000e-01 5.000000e-01 1.453940e+00 -0.952345 0.034200 0.119390 0.645164 0.119390 0.034200 0.952345 0.005333 -0.001303 -0.960403 -0.001303 0.005333 0.000000 
5.000000e-01 5.000000e-01 4.999865e-03 5.000000e-01 5.000000e-01 1.460072e+00 -0.956417 0.031153 0.111285 0.671542 0.111285 0.031153 0.956417 0.004592 -0.002166 -0.961269 -0.002166 0.004592 0.000000 
5.000000e-01 5.000000e-01 4.999865e-03 5.000000e-01 5.000000e-01 1.466165e+00 -0.960476 0.028051 0.102156 0.700061 0.102156 0.028051 0.960476 0.003854 -0.003026 -0.962131 -0.003026 0.003854 0.000000 
5.000000e-01 5.000000e-01 4.999865e-03 5.000000e-01 5.000000e-01 1.472220e+00 -0.964513 0.024945 0.092694 0.729236 0.092694 0.024945 0.964513 0.003120 -0.003882 -0.962989 -0.003882 0.003120 0.000000 
5.000000e-01 5.000000e-01 4.999865e-03 5.000000e-01 5.000000e-01 1.478236e+00 -0.968533 0.021817 0.082619 0.759660 0.082619 0.021817 0.968533 0.002388 -0.004734 -0.963842 -0.004734 0.002388 0.000000 
5.000000e-01 5.000000e-01 4.999865e-03 5.000000e-01 5.000000e-01 1.484214e+00 -0.972536 0.018671 0.071918 0.791359 0.071918 0.018671 0.972536 0.001660 -0.005582 -0.964693 -0.005582 0.001660 0.000000 
5.000000e-01 5.000000e-01 4.999865e-03 5.000000e-01 5.000000e-01 1.490151e+00 -0.976517 0.015529 0.060978 0.823504 0.060978 0.015529 0.976517 0.000936 -0.006426 -0.965538 -0.006426 0.000936 0.000000 
5.000000e-01 5.000000e-01 4.999865e-03 5.000000e-01 5.000000e-01 1.496048e+00 -0.980482 0.012366 0.049306 0.857139 0.049306 0.012366 0.980482 0.000215 -0.007266 -0.966381 -0.007266 0.000215 0.000000 
5.000000e-01 5.000000e-01 4.999865e-03 5.000000e-01 5.000000e-01 1.501904e+00 -0.984422 0.009215 0.037520 0.890953 0.037520 0.009215 0.984422 -0.000502 -0.008101 -0.967217 -0.008101 -0.000502 0.000000 
5.000000e-01 5.000000e-01 4.999865e-03 5.000000e-01 5.000000e-01 1.507716e+00 -0.988339 0.006066 0.025415 0.925377 0.025415 0.006066 0.988339 -0.001214 -0.008931 -0.968050 -0.008931 -0.001214 0.000000 
5.000000e-01 5.000000e-01 4.999865e-03 5.000000e-01 5.000000e-01 1.513495e+00 -0.992237 0.002927 0.013189 0.960004 0.013189 0.002927 0.992237 -0.001923 -0.009757 -0.968877 -0.009757 -0.001923 0.000000 
5.000000e-01 5.000000e-01 4.999865e-03 5.000000e-01 5.000000e-01 1.515071e+00 -0.993300 0.002069 0.009821 0.969519 0.009821 0.002069 0.993300 -0.002116 -0.009982 -0.969103 -0.009982 -0.002116 0.000000 
5.000000e-01 5.000000e-01 4.999865e-03 5.000000e-01 5.000000e-01 1.515071e+00 -0.993300 0.002069 0.009821 0.969519 0.009821 0.002069 0.993300 -0.002116 -0.009982 -0.969103 -0.009982 -0.002116 0.000000 
5.000000e-01 5.000000e-01 4.999865e-03 5.000000e-01 5.000000e-01 1.515071e+00 -0.993300 0.002069 0.009821 0.969519 0.009821 0.002069 0.993300 -0.002116 -0.009982 -0.969103 -0.009982 -0.002116 0.000000 
5.000000e-01 5.000000e-01 4.999865e-03 5.000000e-01 5.000000e-01 1.515071e+00 -0.993300 0.002069 0.009821 0.969519 0.009821 0.002069 0.993300 -0.002116 -0.009982 -0.969103 -0.009982 -0.002116 0.000000 
5.000000e-01 5.000000e-01 4.999865e-03 5.000000e-01 5.000000e-01 1.515071e+00 -0.993300 0.002069 0.009821 0.969519 0.009821 0.002069 0.993300 -0.002116 -0.009982 -0.969103 -0.009982 -0.002116 0.000000 
5.000000e-01 5.000000e-01 4.999865e-03 5.000000e-01 5.000000e-01 1.515071e+00 -0.993300 0.002069 0.009821 0.969519 0.009821 0.002069 0.993300 -0.002116 -0.009982 -0.969103 -0.009982 -0.002116 0.000000 
5.000000e-01 5.000000e-01 4.999865e-03 5.000000e-01 5.000000e-01 1.515071e+00 -0.993300 0.002069 0.009821 0.969519 0.009821 0.002069 0.993300 -0.002116 -0.009982 -0.969103 -0.009982 -0.002116 0.000000 
5.000000e-01 5.000000e-01 4.999865e-03 5.000000e-01 5.000000e-01 1.515071e+00 -0.993300 0.002069 0.009821 0.969519 0.009821 0.002069 0.993300 -0.002116 -0.009982 -0.969103 -0.009982 -0.002116 0.000000 
5.000000e-01 5.000000e-01 4.999865e-03 5.000000e-01 5.000000e-01 1.515071e+00 -0.993300 0.002069 0.009821 0.969519 0.009821 0.002069 0.993300 -0.002116 -0.009982 -0.969103 -0.009982 -0.002116 0.000000 
5.000000e-01 5.000000e-01 4.999865e-03 5.000000e-01 5.000000e-01 1.515071e+00 -0.993300 0.002069 0.009821 0.969519 0.009821 0.002069 0.993300 -0.002116 -0.009982 -0.969103 -0.009982 -0.002116 0.000000 
5.000000e-01 5.000000e-01 4.999865e-03 5.000000e-01 5.000000e-01 1.515071e+00 -0.993300 0.002069 0.009821 0.969519 0.009821 0.002069 0.993300 -0.002116 -0.009982 -0.969103 -0.009982 -0.002116 0.000000 
5.000000e-01 5.000000e-01 4.999865e-03 5.000000e-01 5.000000e-01 1.515071e+00 -0.993300 0.002069 0.009821 0.969519 0.009821 0.002069 0.993300 -0.002116 -0.009982 -0.969103 -0.009982 -0.002116 0.000000 
5.000000e-01 5.000000e-01 4.999865e-03 5.000000e-01 5.000000e-01 1.515071e+00 -0.993300 0.002069 0.009821 0.969519 0.009821 0.002069 0.993300 -0.002116 -0.009982 -0.969103 -0.009982 -0.002116 0.000000 
5.000000e-01 5.000000e-01 4.999865e-03 5.000000e-01 5.000000e-01 1.515071e+00 -0.993300 0.002069 0.009821 0.969519 0.009821 0.002069 0.993300 -0.002116 -0.009982 -0.969103 -0.009982 -0.002116 0.000000 
5.000000e-01 5.000000e-01 4.999865e-03 5.000000e-01 5.000000e-01 1.515071e+00 -0.993300 0.002069 0.009821 0.969519 0.009821 0.002069 0.993300 -0.002116 -0.009982 -0.969103 -0.009982 -0.002116 0.000000 
5.000000e-01 5.000000e-01 4.999865e-03 5.000000e-01 5.000000e-01 1.515071e+00 -0.993300 0.002069 0.009821 0.969519 0.009821 0.002069 0.993300 -0.002116 -0.009982 -0.969103 -0.009982 -0.002116 0.000000 
5.000000e-01 5.000000e-01 4.999865e-03 5.000000e-01 5.000000e-01 1.515071e+00 -0.993300 0.002069 0.009821 0.969519 0.009821 0.002069 0.993300 -0.002116 -0.009982 -0.969103 -0.009982 -0.002116 0.000000 
5.000000e-01 5.000000e-01 4.999865e-03 5.000000e-01 5.000000e-01 1.515071e+00 -0.993300 0.002069 0.009821 0.969519 0.009821 0.002069 0.993300 -0.002116 -0.009982 -0.969103 -0.009982 -0.002116 0.000000 
5.000000e-01 5.000000e-01 4.999865e-03 5.000000e-01 5.000000e-01 1.515071e+00 -0.993300 0.002069 0.009821 0.969519 0.009821 0.002069 0.993300 -0.002116 -0.009982 -0.969103 -0.009982 -0.002116 0.000000 
5.000000e-01 5.000000e-01 4.999865e-03 5.000000e-01 5.000000e-01 1.515071e+00 -0.993300 0.002069 0.009821 0.969519 0.009821 0.002069 0.993300 -0.002116 -0.009982 -0.969103 -0.009982 -0.002116 0.000000 
5.000000e-01 5.000000e-01 4.999865e-03 5.000000e-01 5.000000e-01 1.515071e+00 -0.993300 0.002069 0.009821 0.969519 0.009821 0.002069 0.993300 -0.002116 -0.009982 -0.969103 -0.009982 -0.002116 0.000000 
5.000000e-01 5.000000e-01 4.999865e-03 5.000000e-01 5.000000e-01 1.515071e+00 -0.993300 0.002069 0.009821 0.969519 0.009821 0.002069 0.993300 -0.002116 -0.009982 -0.969103 -0.009982 -0.002116 0.000000 
5.000000e-01 5.000000e-01 4.999865e-03 5.000000e-01 5.000000e-01 1.515071e+00 -0.993300 0.002069 0.009821 0.969519 0.009821 0.002069 0.993300 -0.002116 -0.009982 -0.969103 -0.009982 -0.002116 0.000000 
5.000000e-01 5.000000e-01 4.999865e-03 5.000000e-01 5.000000e-01 1.515071e+00 -0.993300 0.002069 0.009821 0.969519 0.009821 0.002069 0.993300 -0.002116 -0.009982 -0.969103 -0.009982 -0.002116 0.000000 
5.000000e-01 5.000000e-01 4.999865e-03 5.000000e-01 5.000000e-01 1.515071e+00 -0.993300 0.002069 0.009821 0.969519 0.009821 0.002069 0.993300 -0.002116 -0.009982 -0.969103 -0.009982 -0.002116 0.000000 
5.000000e-01 5.000000e-01 4.999865e-03 5.000000e-01 5.000000e-01 1.515071e+00 -0.993300 0.002069 0.009821 0.969519 0.009821 0.002069 0.993300 -0.002116 -0.009982 -0.969103 -0.009982 -0.002116 0.000000 
5.000000e-01 5.000000e-01 4.999865e-03 5.000000e-01 5.000000e-01 1.515071e+00 -0.993300 0.002069 0.009821 0.969519 0.009821 0.002069 0.993300 -0.002116 -0.009982 -0.969103 -0.009982 -0.002116 0.000000 
5.000000e-01 5.000000e-01 4.999865e-03 5.000000e-01 5.000000e-01 1.515071e+00 -0.993300 0.002069 0.009821 0.969519 0.009821 0.002069 0.993300 -0.002116 -0.009982 -0.969103 -0.009982 -0.002116 0.000000 
5.000000e-01 5.000000e-01 4.999865e-03 5.000000e-01 5.000000e-01 1.515071e+00 -0.993300 0.002069 0.009821 0.969519 0.009821 0.002069 0.993300 -0.002116 -0.009982 -0.969103 -0.009982 -0.002116 0.000000 
5.000000e-01 5.000000e-01 4.999865e-03 5.000000e-01 5.000000e-01 1.515071e+00 -0.993300 0.002069 0.009821 0.969519 0.009821 0.002069 0.993300 -0.002116 -0.009982 -0.969103 -0.009982 -0.002116 0.000000 
5.000000e-01 5.000000e-01 4.999865e-03 5.000000e-01 5.000000e-01 1.515071e+00 -0.993300 0.002069 0.009821 0.969519 0.009821 0.002069 0.993300 -0.002116 -0.009982 -0.969103 -0.009982 -0.002116 0.000000 
5.000000e-01 5.000000e-01 4.999865e-03 5.000000e-01 5.000000e-01 1.515071e+00 -0.993300 0.002069 0.009821 0.969519 0.009821 0.002069 0.993300 -0.002116 -0.009982 -0.969103 -0.009982 -0.002116 0.000000 
5.000000e-01 5.000000e-01 4.999865e-03 5.000000e-01 5.000000e-01 1.515071e+00 -0.993300 0.002069 0.009821 0.969519 0.009821 0.002069 0.993300 -0.002116 -0.009982 -0.969103 -0.009982 -0.002116 0.000000 
5.000000e-01 5.000000e-01 4.999865e-03 5.000000e-01 5.000000e-01 1.515071e+00 -0.993300 0.002069 0.009821 0.969519 0.009821 0.002069 0.993300 -0.002116 -0.009982 -0.969103 -0.009982 -0.002116 0.000000 
5.000000e-01 5.000000e-01 4.999865e-03 5.000000e-01 5.000000e-01 1.515071e+00 -0.993300 0.002069 0.009821 0.969519 0.009821 0.002069 0.993300 -0.002116 -0.009982 -0.969103 -0.009982 -0.002116 0.000000 
5.000000e-01 5.000000e-01 4.999865e-03 5.000000e-01 5.000000e-01 1.515071e+00 -0.993300 0.002069 0.009821 0.969519 0.009821 0.002069 0.993300 -0.002116 -0.009982 -0.969103 -0.009982 -0.002116 0.000000 
5.000000e-01 5.000000e-01 4.999865e-03 5.000000e-01 5.000000e-01 1.515071e+00 -0.993300 0.002069 0.009821 0.969519 0.009821 0.002069 0.993300 -0.002116 -0.009982 -0.969103 -0.009982 -0.002116 0.000000 
5.000000e-01 5.000000e-01 4.999865e-03 5.000000e-01 5.000000e-01 1.515071e+00 -0.993300 0.002069 0.009821 0.969519 0.009821 0.002069 0.993300 -0.002116 -0.009982 -0.969103 -0.009982 -0.002116 0.000000 
5.000000e-01 5.000000e-01 4.999865e-03 5.000000e-01 5.000000e-01 1.515071e+00 -0.993300 0.002069 0.009821 0.969519 0.009821 0.002069 0.993300 -0.002116 -0.009982 -0.969103 -0.009982 -0.002116 0.000000 
5.000000e-01 5.000000e-01 4.999865e-03 5.000000e-01 5.000000e-01 1.515071e+00 -0.993300 0.002069 0.009821 0.969519 0.009821 0.002069 0.993300 -0.002116 -0.009982 -0.969103 -0.009982 -0.002116 0.000000 
5.000000e-01 5.000000e-01 4.999865e-03 5.000000e-01 5.000000e-01 1.515071e+00 -0.993300 0.002069 0.009821 0.969519 0.009821 0.002069 0.993300 -0.002116 -0.009982 -0.969103 -0.009982 -0.002116 0.000000 
5.000000e-01 5.000000e-01 4.999865e-03 5.000000e-01 5.000000e-01 1.515071e+00 -0.993300 0.002069 0.009821 0.969519 0.009821 0.002069 0.993300 -0.002116 -0.009982 -0.969103 -0.009982 -0.002116 0.000000 
5.000000e-01 5.000000e-01 4.999865e-03 5.000000e-01 5.000000e-01 1.515071e+00 -0.993300 0.002069 0.009821 0.969519 0.009821 0.002069 0.993300 -0.002116 -0.009982 -0.969103 -0.009982 -0.002116 0.000000 
5.000000e-01 5.000000e-01 4.999865e-03 5.000000e-01 5.000000e-01 1.515071e+00 -0.993300 0.002069 0.009821 0.969519 0.009821 0.002069 0.993300 -0.002116 -0.009982 -0.969103 -0.009982 -0.002116 0.000000 
5.000000e-01 5.000000e-01 4.999865e-03 5.000000e-01 5.000000e-01 1.515071e+00 -0.993300 0.002069 0.009821 0.969519 0.009821 0.002069 0.993300 -0.002116 -0.009982 -0.969103 -0.009982 -0.002116 0.000000 
5.000000e-01 5.000000e-01 4.999865e-03 5.000000e-01 5.000000e-01 1.515071e+00 -0.993300 0.002069 0.009821 0.969519 0.009821 0.002069 0.993300 -0.002116 -0.009982 -0.969103 -0.009982 -0.002116 0.000000 
5.000000e-01 5.000000e-01 4.999865e-03 5.000000e-01 5.000000e-01 1.515071e+00 -0.993300 0.002069 0.009821 0.969519 0.009821 0.002069 0.993300 -0.002116 -0.009982 -0.969103 -0.009982 -0.002116 0.000000 
5.000000e-01 5.000000e-01 4.999865e-03 5.000000e-01 5.000000e-01 1.515071e+00 -0.993300 0.002069 0.009821 0.969519 0.009821 0.002069 0.993300 -0.002116 -0.009982 -0.969103 -0.009982 -0.002116 0.000000 
5.000000e-01 5.000000e-01 4.999865e-03 5.000000e-01 5.000000e-01 1.515071e+00 -0.993300 0.002069 0.009821 0.969519 0.009821 0.002069 0.993300 -0.002116 -0.009982 -0.969103 -0.009982 -0.002116 0.000000 
5.000000e-01 5.000000e-01 4.999865e-03 5.000000e-01 5.000000e-01 1.515071e+00 -0.993300 0.002069 0.009821 0.969519 0.009821 0.002069 0.993300 -0.002116 -0.009982 -0.969103 -0.009982 -0.002116 0.000000 
5.000000e-01 5.000000e-01 4.999865e-03 5.000000e-01 5.000000e-01 1.515071e+00 -0.993300 0.002069 0.009821 0.969519 0.009821 0.002069 0.993300 -0.002116 -0.009982 -0.969103 -0.009982 -0.002116 0.000000 
5.000000e-01 5.000000e-01 4.999865e-03 5.000000e-01 5.000000e-01 1.515071e+00 -0.993300 0.002069 0.009821 0.969519 0.009821 0.002069 0.993300 -0.002116 -0.009982 -0.969103 -0.009982 -0.002116 0.000000 
5.000000e-01 5.000000e-01 4.999865e-03 5.000000e-01 5.000000e-01 1.515071e+00 -0.993300 0.002069 0.009821 0.969519 0.009821 0.002069 0.993300 -0.002116 -0.009982 -0.969103 -0.009982 -0.002116 0.000000 
5.000000e-01 5.000000e-01 4.999865e-03 5.000000e-01 5.000000e-01 1.515071e+00 -0.993300 0.002069 0.009821 0.969519 0.009821 0.002069 0.993300 -0.002116 -0.009982 -0.969103 -0.009982 -0.002116 0.000000 
5.000000e-01 5.000000e-01 4.999865e-03 5.000000e-01 5.000000e-01 1.515071e+00 -0.993300 0.002069 0.009821 0.969519 0.009821 0.002069 0.993300 -0.002116 -0.009982 -0.969103 -0.009982 -0.002116 0.000000 
5.000000e-01 5.000000e-01 4.999865e-03 5.000000e-01 5.000000e-01 1.515071e+00 -0.993300 0.002069 0.009821 0.969519 0.009821 0.002069 0.993300 -0.002116 -0.009982 -0.969103 -0.009982 -0.002116 0.000000 
5.000000e-01 5.000000e-01 4.999865e-03 5.000000e-01 5.000000e-01 1.515071e+00 -0.993300 0.002069 0.009821 0.969519 0.009821 0.002069 0.993300 -0.002116 -0.009982 -0.969103 -0.009982 -0.002116 0.000000 
5.000000e-01 5.000000e-01 4.999865e-03 5.000000e-01 5.000000e-01 1.515071e+00 -0.993300 0.002069 0.009821 0.969519 0.009821 0.002069 0.993300 -0.002116 -0.009982 -0.969103 -0.009982 -0.002116 0.000000 
5.000000e-01 5.000000e-01 4.999865e-03 5.000000e-01 5.000000e-01 1.515071e+00 -0.993300 0.002069 0.009821 0.969519 0.009821 0.002069 0.993300 -0.002116 -0.009982 -0.969103 -0.009982 -0.002116 0.000000 
5.000000e-01 5.000000e-01 4.999865e-03 5.000000e-01 5.000000e-01 1.515071e+00 -0.993300 0.002069 0.009821 0.969519 0.009821 0.002069 0.993300 -0.002116 -0.009982 -0.969103 -0.009982 -0.002116 0.000000 
5.000000e-01 5.000000e-01 4.999865e-03 5.000000e-01 5.000000e-01 1.515071e+00 -0.993300 0.002069 0.009821 0.969519 0.009821 0.002069 0.993300 -0.002116 -0.009982 -0.969103 -0.009982 -0.002116 0.000000 
5.000000e-01 5.000000e-01 4.999865e-03 5.000000e-01 5.000000e-01 1.515071e+00 -0.993300 0.002069 0.009821 0.969519 0.009821 0.002069 0.993300 -0.002116 -0.009982 -0.969103 -0.009982 -0.002116 0.000000 
5.000000e-01 5.000000e-01 4.999865e-03 5.000000e-01 5.000000e-01 1.515071e+00 -0.993300 0.002069 0.009821 0.969519 0.009821 0.002069 0.993300 -0.002116 -0.009982 -0.969103 -0.009982 -0.002116 0.000000 
5.000000e-01 5.000000e-01 4.999865e-03 5.000000e-01 5.000000e-01 1.515071e+00 -0.993300 0.002069 0.009821 0.969519 0.009821 0.002069 0.993300 -0.002116 -0.009982 -0.969103 -0.009982 -0.002116 0.000000 
5.000000e-01 5.000000e-01 4.999865e-03 5.000000e-01 5.000000e-01 1.515071e+00 -0.993300 0.002069 0.009821 0.969519 0.009821 0.002069 0.993300 -0.002116 -0.009982 -0.969103 -0.009982 -0.002116 0.000000 
5.000000e-01 5.000000e-01 4.999865e-03 5.000000e-01 5.000000e-01 1.515071e+00 -0.993300 0.002069 0.009821 0.969519 0.009821 0.002069 0.993300 -0.002116 -0.009982 -0.969103 -0.009982 -0.002116 0.000000 
5.000000e-01 5.000000e-01 4.999865e-03 5.000000e-01 5.000000e-01 1.515071e+00 -0.993300 0.002069 0.009821 0.969519 0.009821 0.002069 0.993300 -0.002116 -0.009982 -0.969103 -0.009982 -0.002116 0.000000 
5.000000e-01 5.000000e-01 4.999865e-03 5.000000e-01 5.000000e-01 1.515071e+00 -0.993300 0.002069 0.009821 0.969519 0.009821 0.002069 0.993300 -0.002116 -0.009982 -0.969103 -0.009982 -0.002116 0.000000 
5.000000e-01 5.000000e-01 4.999865e-03 5.000000e-01 5.000000e-01 1.515071e+00 -0.993300 0.002069 0.009821 0.969519 0.009821 0.002069 0.993300 -0.002116 -0.009982 -0.969103 -0.009982 -0.002116 0.000000 
5.000000e-01 5.000000e-01 4.999865e-03 5.000000e-01 5.000000e-01 1.515071e+00 -0.993300 0.002069 0.009821 0.969519 0.009821 0.002069 0.993300 -0.002116 -0.009982 -0.969103 -0.009982 -0.002116 0.000000 
5.000000e-01 5.000000e-01 4.999865e-03 5.000000e-01 5.000000e-01 1.515071e+00 -0.993300 0.002069 0.009821 0.969519 0.009821 0.002069 0.993300 -0.002116 -0.009982 -0.969103 -0.009982 -0.002116 0.000000 
5.000000e-01 5.000000e-01 4.999865e-03 5.000000e-01 5.000000e-01 1.515071e+00 -0.993300 0.002069 0.009821 0.969519 0.009821 0.002069 0.993300 -0.002116 -0.009982 -0.969103 -0.009982 -0.002116 0.000000 
5.000000e-01 5.000000e-01 4.999865e-03 5.000000e-01 5.000000e-01 1.515071e+00 -0.993300 0.002069 0.009821 0.969519 0.009821 0.002069 0.993300 -0.002116 -0.009982 -0.969103 -0.009982 -0.002116 0.000000 
5.000000e-01 5.000000e-01 4.999865e-03 5.000000e-01 5.000000e-01 1.515071e+00 -0.993300 0.002069 0.009821 0.969519 0.009821 0.002069 0.993300 -0.002116 -0.009982 -0.969103 -0.009982 -0.002116 0.000000 
5.000000e-01 5.000000e-01 4.999865e-03 5.000000e-01 5.000000e-01 1.515071e+00 -0.993300 0.002069 0.009821 0.969519 0.009821 0.002069 0.993300 -0.002116 -0.009982 -0.969103 -0.009982 -0.002116 0.000000 
5.000000e-01 5.000000e-01 4.999865e-03 5.000000e-01 5.000000e-01 1.515071e+00 -0.993300 0.002069 0.009821 0.969519 0.009821 0.002069 0.993300 -0.002116 -0.009982 -0.969103 -0.009982 -0.002116 0.000000 
5.000000e-01 5.000000e-01 4.999865e-03 5.000000e-01 5.000000e-01 1.515071e+00 -0.993300 0.002069 0.009821 0.969519 0.009821 0.002069 0.993300 -0.002116 -0.009982 -0.969103 -0.009982 -0.002116 0.000000 
5.000000e-01 5.000000e-01 4.999865e-03 5.000000e-01 5.000000e-01 1.515071e+00 -0.993300 0.002069 0.009821 0.969519 0.009821 0.002069 0.993300 -0.002116 -0.009982 -0.969103 -0.009982 -0.002116 0.000000 
5.000000e-01 5.000000e-01 4.999865e-03 5.000000e-01 5.000000e-01 1.515071e+00 -0.993300 0.002069 0.009821 0.969519 0.009821 0.002069 0.993300 -0.002116 -0.009982 -0.969103 -0.009982 -0.002116 0.000000 
5.000000e-01 5.000000e-01 4.999865e-03 5.000000e-01 5.000000e-01 1.515071e+00 -0.993300 0.002069 0.009821 0.969519 0.009821 0.002069 0.993300 -0.002116 -0.009982 -0.969103 -0.009982 -0.002116 0.000000 
5.000000e-01 5.000000e-01 4.999865e-03 5.000000e-01 5.000000e-01 1.515071e+00 -0.993300 0.002069 0.009821 0.969519 0.009821 0.002069 0.993300 -0.002116 -0.009982 -0.969103 -0.009982 -0.002116 0.000000 
5.000000e-01 5.000000e-01 4.999865e-03 5.000000e-01 5.000000e-01 1.515071e+00 -0.993300 0.002069 0.009821 0.969519 0.009821 0.002069 0.993300 -0.002116 -0.009982 -0.969103 -0.009982 -0.002116 0.000000 
5.000000e-01 5.000000e-01 4.999865e-03 5.000000e-01 5.000000e-01 1.515071e+00 -0.993300 0.002069 0.009821 0.969519 0.009821 0.002069 0.993300 -0.002116 -0.009982 -0.969103 -0.009982 -0.002116 0.000000 
5.000000e-01 5.000000e-01 4.999865e-03 5.000000e-01 5.000000e-01 1.515071e+00 -0.993300 0.002069 0.009821 0.969519 0.009821 0.002069 0.993300 -0.002116 -0.009982 -0.969103 -0.009982 -0.002116 0.000000 
5.000000e-01 5.000000e-01 4.999865e-03 5.000000e-01 5.000000e-01 1.515071e+00 -0.993300 0.002069 0.009821 0.969519 0.009821 0.002069 0.993300 -0.002116 -0.009982 -0.969103 -0.009982 -0.002116 0.000000 
5.000000e-01 5.000000e-01 4.999865e-03 5.000000e-01 5.000000e-01 1.515071e+00 -0.993300 0.002069 0.009821 0.969519 0.009821 0.002069 0.993300 -0.002116 -0.009982 -0.969103 -0.009982 -0.002116 0.000000 
5.000000e-01 5.000000e-01 4.999865e-03 5.000000e-01 5.000000e-01 1.515071e+00 -0.993300 0.002069 0.009821 0.969519 0.009821 0.002069 0.993300 -0.002116 -0.009982 -0.969103 -0.009982 -0.002116 0.000000 
5.000000e-01 5.000000e-01 4.999865e-03 5.000000e-01 5.000000e-01 1.515071e+00 -0.993300 0.002069 0.009821 0.969519 0.009821 0.002069 0.993300 -0.002116 -0.009982 -0.969103 -0.009982 -0.002116 0.000000 
5.000000e-01 5.000000e-01 4.999865e-03 5.000000e-01 5.000000e-01 1.515071e+00 -0.993300 0.002069 0.009821 0.969519 0.009821 0.002069 0.993300 -0.002116 -0.009982 -0.969103 -0.009982 -0.002116 0.000000 
5.000000e-01 5.000000e-01 4.999865e-03 5.000000e-01 5.000000e-01 1.515071e+00 -0.993300 0.002069 0.009821 0.969519 0.009821 0.002069 0.993300 -0.002116 -0.009982 -0.969103 -0.009982 -0.002116 0.000000 
5.000000e-01 5.000000e-01 4.999865e-03 5.000000e-01 5.000000e-01 1.515071e+00 -0.993300 0.002069 0.009821 0.969519 0.009821 0.002069 0.993300 -0.002116 -0.009982 -0.969103 -0.009982 -0.002116 0.000000 
5.000000e-01 5.000000e-01 4.999865e-03 5.000000e-01 5.000000e-01 1.515071e+00 -0.993300 0.002069 0.009821 0.969519 0.009821 0.002069 0.993300 -0.002116 -0.009982 -0.969103 -0.009982 -0.002116 0.000000 
5.000000e-01 5.000000e-01 4.999865e-03 5.000000e-01 5.000000e-01 1.515071e+00 -0.993300 0.002069 0.009821 0.969519 0.009821 0.002069 0.993300 -0.002116 -0.009982 -0.969103 -0.009982 -0.002116 0.000000 
5.000000e-01 5.000000e-01 4.999865e-03 5.000000e-01 5.000000e-01 1.515071e+00 -0.993300 0.002069 0.009821 0.969519 0.009821 0.002069 0.993300 -0.002116 -0.009982 -0.969103 -0.009982 -0.002116 0.000000 
5.000000e-01 5.000000e-01 4.999865e-03 5.000000e-01 5.000000e-01 1.515071e+00 -0.993300 0.002069 0.009821 0.969519 0.009821 0.002069 0.993300 -0.002116 -0.009982 -0.969103 -0.009982 -0.002116 0.000000 
5.000000e-01 5.000000e-01 4.999865e-03 5.000000e-01 5.000000e-01 1.515071e+00 -0.993300 0.002069 0.009821 0.969519 0.009821 0.002069 0.993300 -0.002116 -0.009982 -0.969103 -0.009982 -0.002116 0.000000 
5.000000e-01 5.000000e-01 4.999865e-03 5.000000e-01 5.000000e-01 1.515071e+00 -0.993300 0.002069 0.009821 0.969519 0.009821 0.002069 0.993300 -0.002116 -0.009982 -0.969103 -0.009982 -0.002116 0.000000 
5.000000e-01 5.000000e-01 4.999865e-03 5.000000e-01 5.000000e-01 1.515071e+00 -0.993300 0.002069 0.009821 0.969519 0.009821 0.002069 0.993300 -0.002116 -0.009982 -0.969103 -0.009982 -0.002116 0.000000 
5.000000e-01 5.000000e-01 4.999865e-03 5.000000e-01 5.000000e-01 1.515071e+00 -0.993300 0.002069 0.009821 0.969519 0.009821 0.002069 0.993300 -0.002116 -0.009982 -0.969103 -0.009982 -0.002116 0.000000 
5.000000e-01 5.000000e-01 4.999865e-03 5.000000e-01 5.000000e-01 1.515071e+00 -0.993300 0.002069 0.009821 0.969519 0.009821 0.002069 0.993300 -0.002116 -0.009982 -0.969103 -0.009982 -0.002116 0.000000 
5.000000e-01 5.000000e-01 4.999865e-03 5.000000e-01 5.000000e-01 1.515071e+00 -0.993300 0.002069 0.009821 0.969519 0.009821 0.002069 0.993300 -0.002116 -0.009982 -0.969103 -0.009982 -0.002116 0.000000 
5.000000e-01 5.000000e-01 4.999865e-03 5.000000e-01 5.000000e-01 1.515071e+00 -0.993300 0.002069 0.009821 0.969519 0.009821 0.002069 0.993300 -0.002116 -0.009982 -0.969103 -0.009982 -0.002116 0.000000 
5.000000e-01 5.000000e-01 4.999865e-03 5.000000e-01 5.000000e-01 1.515071e+00 -0.993300 0.002069 0.009821 0.969519 0.009821 0.002069 0.993300 -0.002116 -0.009982 -0.969103 -0.009982 -0.002116 0.000000 
5.000000e-01 5.000000e-01 4.999865e-03 5.000000e-01 5.000000e-01 1.515071e+00 -0.993300 0.002069 0.009821 0.969519 0.009821 0.002069 0.993300 -0.002116 -0.009982 -0.969103 -0.009982 -0.002116 0.000000 
5.000000e-01 5.000000e-01 4.999865e-03 5.000000e-01 5.000000e-01 1.515071e+00 -0.993300 0.002069 0.009821 0.969519 0.009821 0.002069 0.993300 -0.002116 -0.009982 -0.969103 -0.009982 -0.002116 0.000000 
5.000000e-01 5.000000e-01 4.999865e-03 5.000000e-01 5.000000e-01 1.515071e+00 -0.993300 0.002069 0.009821 0.969519 0.009821 0.002069 0.993300 -0.002116 -0.009982 -0.969103 -0.009982 -0.002116 0.000000 
5.000000e-01 5.000000e-01 4.999865e-03 5.000000e-01 5.000000e-01 1.515071e+00 -0.993300 0.002069 0.009821 0.969519 0.009821 0.002069 0.993300 -0.002116 -0.009982 -0.969103 -0.009982 -0.002116 0.000000 
5.000000e-01 5.000000e-01 4.999865e-03 5.000000e-01 5.000000e-01 1.515071e+00 -0.993300 0.002069 0.009821 0.969519 0.009821 0.002069 0.993300 -0.002116 -0.009982 -0.969103 -0.009982 -0.002116 0.000000 
5.000000e-01 5.000000e-01 4.999865e-03 5.000000e-01 5.000000e-01 1.515071e+00 -0.993300 0.002069 0.009821 0.969519 0.009821 0.002069 0.993300 -0.002116 -0.009982 -0.969103 -0.009982 -0.002116 0.000000 
5.000000e-01 5.000000e-01 4.999865e-03 5.000000e-01 5.000000e-01 1.515071e+00 -0.993300 0.002069 0.009821 0.969519 0.009821 0.002069 0.993300 -0.002116 -0.009982 -0.969103 -0.009982 -0.002116 0.000000 
5.000000e-01 5.000000e-01 4.999865e-03 5.000000e-01 5.000000e-01 1.515071e+00 -0.993300 0.002069 0.009821 0.969519 0.009821 0.002069 0.993300 -0.002116 -0.009982 -0.969103 -0.009982 -0.002116 0.000000 
5.000000e-01 5.000000e-01 4.999865e-03 5.000000e-01 5.000000e-01 1.515071e+00 -0.993300 0.002069 0.009821 0.969519 0.009821 0.002069 0.993300 -0.002116 -0.009982 -0.969103 -0.009982 -0.002116 0.000000 
5.000000e-01 5.000000e-01 4.999865e-03 5.000000e-01 5.000000e-01 1.515071e+00 -0.993300 0.002069 0.009821 0.969519 0.009821 0.002069 0.993300 -0.002116 -0.009982 -0.969103 -0.009982 -0.002116 0.000000 
5.000000e-01 5.000000e-01 4.999865e-03 5.000000e-01 5.000000e-01 1.515071e+00 -0.993300 0.002069 0.009821 0.969519 0.009821 0.002069 0.993300 -0.002116 -0.009982 -0.969103 -0.009982 -0.002116 0.000000 
5.000000e-01 5.000000e-01 4.999865e-03 5.000000e-01 5.000000e-01 1.515071e+00 -0.993300 0.002069 0.009821 0.969519 0.009821 0.002069 0.993300 -0.002116 -0.009982 -0.969103 -0.009982 -0.002116 0.000000 
5.000000e-01 5.000000e-01 4.999865e-03 5.000000e-01 5.000000e-01 1.515071e+00 -0.993300 0.002069 0.009821 0.969519 0.009821 0.002069 0.993300 -0.002116 -0.009982 -0.969103 -0.009982 -0.002116 0.000000 
5.000000e-01 5.000000e-01 4.999865e-03 5.000000e-01 5.000000e-01 1.515071e+00 -0.993300 0.002069 0.009821 0.969519 0.009821 0.002069 0.993300 -0.002116 -0.009982 -0.969103 -0.009982 -0.002116 0.000000 
5.000000e-01 5.000000e-01 4.999865e-03 5.000000e-01 5.000000e-01 1.515071e+00 -0.993300 0.002069 0.009821 0.969519 0.009821 0.002069 0.993300 -0.002116 -0.009982 -0.969103 -0.009982 -0.002116 0.000000 
5.000000e-01 5.000000e-01 4.999865e-03 5.000000e-01 5.000000e-01 1.515071e+00 -0.993300 0.002069 0.009821 0.969519 0.009821 0.002069 0.993300 -0.002116 -0.009982 -0.969103 -0.009982 -0.002116 0.000000 
5.000000e-01 5.000000e-01 4.999865e-03 5.000000e-01 5.000000e-01 1.515071e+00 -0.993300 0.002069 0.009821 0.969519 0.009821 0.002069 0.993300 -0.002116 -0.009982 -0.969103 -0.009982 -0.002116 0.000000 
5.000000e-01 5.000000e-01 4.999865e-03 5.000000e-01 5.000000e-01 1.515071e+00 -0.993300 0.002069 0.009821 0.969519 0.009821 0.002069 0.993300 -0.002116 -0.009982 -0.969103 -0.009982 -0.002116 0.000000 
5.000000e-01 5.000000e-01 4.999865e-03 5.000000e-01 5.000000e-01 1.515071e+00 -0.993300 0.002069 0.009821 0.969519 0.009821 0.002069 0.993300 -0.002116 -0.009982 -0.969103 -0.009982 -0.002116 0.000000 
5.000000e-01 5.000000e-01 4.999865e-03 5.000000e-01 5.000000e-01 1.515071e+00 -0.993300 0.002069 0.009821 0.969519 0.009821 0.002069 0.993300 -0.002116 -0.009982 -0.969103 -0.009982 -0.002116 0.000000 
5.000000e-01 5.000000e-01 4.999865e-03 5.000000e-01 5.000000e-01 1.515071e+00 -0.993300 0.002069 0.009821 0.969519 0.009821 0.002069 0.993300 -0.002116 -0.009982 -0.969103 -0.009982 -0.002116 0.000000 
5.000000e-01 5.000000e-01 4.999865e-03 5.000000e-01 5.000000e-01 1.515071e+00 -0.993300 0.002069 0.009821 0.969519 0.009821 0.002069 0.993300 -0.002116 -0.009982 -0.969103 -0.009982 -0.002116 0.000000 
5.000000e-01 5.000000e-01 4.999865e-03 5.000000e-01 5.000000e-01 1.515071e+00 -0.993300 0.002069 0.009821 0.969519 0.009821 0.002069 0.993300 -0.002116 -0.009982 -0.969103 -0.009982 -0.002116 0.000000 
5.000000e-01 5.000000e-01 4.999865e-03 5.000000e-01 5.000000e-01 1.515071e+00 -0.993300 0.002069 0.009821 0.969519 0.009821 0.002069 0.993300 -0.002116 -0.009982 -0.969103 -0.009982 -0.002116 0.000000 
5.000000e-01 5.000000e-01 4.999865e-03 5.000000e-01 5.000000e-01 1.515071e+00 -0.993300 0.002069 0.009821 0.969519 0.009821 0.002069 0.993300 -0.002116 -0.009982 -0.969103 -0.009982 -0.002116 0.000000 
5.000000e-01 5.000000e-01 4.999865e-03 5.000000e-01 5.000000e-01 1.515071e+00 -0.993300 0.002069 0.009821 0.969519 0.009821 0.002069 0.993300 -0.002116 -0.009982 -0.969103 -0.009982 -0.002116 0.000000 
5.000000e-01 5.000000e-01 4.999865e-03 5.000000e-01 5.000000e-01 1.515071e+00 -0.993300 0.002069 0.009821 0.969519 0.009821 0.002069 0.993300 -0.002116 -0.009982 -0.969103 -0.009982 -0.002116 0.000000 
5.000000e-01 5.000000e-01 4.999865e-03 5.000000e-01 5.000000e-01 1.515071e+00 -0.993300 0.002069 0.009821 0.969519 0.009821 0.002069 0.993300 -0.002116 -0.009982 -0.969103 -0.009982 -0.002116 0.000000 
5.000000e-01 5.000000e-01 4.999865e-03 5.000000e-01 5.000000e-01 1.515071e+00 -0.993300 0.002069 0.009821 0.969519 0.009821 0.002069 0.993300 -0.002116 -0.009982 -0.969103 -0.009982 -0.002116 0.000000 
5.000000e-01 5.000000e-01 4.999865e-03 5.000000e-01 5.000000e-01 1.515071e+00 -0.993300 0.002069 0.009821 0.969519 0.009821 0.002069 0.993300 -0.002116 -0.009982 -0.969103 -0.009982 -0.002116 0.000000 
5.000000e-01 5.000000e-01 4.999865e-03 5.000000e-01 5.000000e-01 1.515071e+00 -0.993300 0.002069 0.009821 0.969519 0.009821 0.002069 0.993300 -0.002116 -0.009982 -0.969103 -0.009982 -0.002116 0.000000 
5.000000e-01 5.000000e-01 4.999865e-03 5.000000e-01 5.000000e-01 1.515071e+00 -0.993300 0.002069 0.009821 0.969519 0.009821 0.002069 0.993300 -0.002116 -0.009982 -0.969103 -0.009982 -0.002116 0.000000 
5.000000e-01 5.000000e-01 4.999865e-03 5.000000e-01 5.000000e-01 1.515071e+00 -0.993300 0.002069 0.009821 0.969519 0.009821 0.002069 0.993300 -0.002116 -0.009982 -0.969103 -0.009982 -0.002116 0.000000 
5.000000e-01 5.000000e-01 4.999865e-03 5.000000e-01 5.000000e-01 1.515071e+00 -0.993300 0.002069 0.009821 0.969519 0.009821 0.002069 0.993300 -0.002116 -0.009982 -0.969103 -0.009982 -0.002116 0.000000 
5.000000e-01 5.000000e-01 4.999865e-03 5.000000e-01 5.000000e-01 1.515071e+00 -0.993300 0.002069 0.009821 0.969519 0.009821 0.002069 0.993300 -0.002116 -0.009982 -0.969103 -0.009982 -0.002116 0.000000 
5.000000e-01 5.000000e-01 4.999865e-03 5.000000e-01 5.000000e-01 1.515071e+00 -0.993300 0.002069 0.009821 0.969519 0.009821 0.002069 0.993300 -0.002116 -0.009982 -0.969103 -0.009982 -0.002116 0.000000 
5.000000e-01 5.000000e-01 4.999865e-03 5.000000e-01 5.000000e-01 1.515071e+00 -0.993300 0.002069 0.009821 0.969519 0.009821 0.002069 0.993300 -0.002116 -0.009982 -0.969103 -0.009982 -0.002116 0.000000 
5.000000e-01 5.000000e-01 4.999865e-03 5.000000e-01 5.000000e-01 1.515071e+00 -0.993300 0.002069 0.009821 0.969519 0.009821 0.002069 0.993300 -0.002116 -0.009982 -0.969103 -0.009982 -0.002116 0.000000 
5.000000e-01 5.000000e-01 4.999865e-03 5.000000e-01 5.000000e-01 1.515071e+00 -0.993300 0.002069 0.009821 0.969519 0.009821 0.002069 0.993300 -0.002116 -0.009982 -0.969103 -0.009982 -0.002116 0.000000 
5.000000e-01 5.000000e-01 4.999865e-03 5.000000e-01 5.000000e-01 1.515071e+00 -0.993300 0.002069 0.009821 0.969519 0.009821 0.002069 0.993300 -0.002116 -0.009982 -0.969103 -0.009982 -0.002116 0.000000 
5.000000e-01 5.000000e-01 4.999865e-03 5.000000e-01 5.000000e-01 1.515071e+00 -0.993300 0.002069 0.009821 0.969519 0.009821 0.002069 0.993300 -0.002116 -0.009982 -0.969103 -0.009982 -0.002116 0.000000 
5.000000e-01 5.000000e-01 4.999865e-03 5.000000e-01 5.000000e-01 1.515071e+00 -0.993300 0.002069 0.009821 0.969519 0.009821 0.002069 0.993300 -0.002116 -0.009982 -0.969103 -0.009982 -0.002116 0.000000 
5.000000e-01 5.000000e-01 4.999865e-03 5.000000e-01 5.000000e-01 1.515071e+00 -0.993300 0.002069 0.009821 0.969519 0.009821 0.002069 0.993300 -0.002116 -0.009982 -0.969103 -0.009982 -0.002116 0.000000 
5.000000e-01 5.000000e-01 4.999865e-03 5.000000e-01 5.000000e-01 1.515071e+00 -0.993300 0.002069 0.009821 0.969519 0.009821 0.002069 0.993300 -0.002116 -0.009982 -0.969103 -0.009982 -0.002116 0.000000 
5.000000e-01 5.000000e-01 4.999865e-03 5.000000e-01 5.000000e-01 1.515071e+00 -0.993300 0.002069 0.009821 0.969519 0.009821 0.002069 0.993300 -0.002116 -0.009982 -0.969103 -0.009982 -0.002116 0.000000 
5.000000e-01 5.000000e-01 4.999865e-03 5.000000e-01 5.000000e-01 1.515071e+00 -0.993300 0.002069 0.009821 0.969519 0.009821 0.002069 0.993300 -0.002116 -0.009982 -0.969103 -0.009982 -0.002116 0.000000 
5.000000e-01 5.000000e-01 4.999865e-03 5.000000e-01 5.000000e-01 1.515071e+00 -0.993300 0.002069 0.009821 0.969519 0.009821 0.002069 0.993300 -0.002116 -0.009982 -0.969103 -0.009982 -0.002116 0.000000 
5.000000e-01 5.000000e-01 4.999865e-03 5.000000e-01 5.000000e-01 1.515071e+00 -0.993300 0.002069 0.009821 0.969519 0.009821 0.002069 0.993300 -0.002116 -0.009982 -0.969103 -0.009982 -0.002116 0.000000 
5.000000e-01 5.000000e-01 4.999865e-03 5.000000e-01 5.000000e-01 1.515071e+00 -0.993300 0.002069 0.009821 0.969519 0.009821 0.002069 0.993300 -0.002116 -0.009982 -0.969103 -0.009982 -0.002116 0.000000 
5.000000e-01 5.000000e-01 4.999865e-03 5.000000e-01 5.000000e-01 1.515071e+00 -0.993300 0.002069 0.009821 0.969519 0.009821 0.002069 0.993300 -0.002116 -0.009982 -0.969103 -0.009982 -0.002116 0.000000 
5.000000e-01 5.000000e-01 4.999865e-03 5.000000e-01 5.000000e-01 1.515071e+00 -0.993300 0.002069 0.009821 0.969519 0.009821 0.002069 0.993300 -0.002116 -0.009982 -0.969103 -0.009982 -0.002116 0.000000 
5.000000e-01 5.000000e-01 4.999865e-03 5.000000e-01 5.000000e-01 1.515071e+00 -0.993300 0.002069 0.009821 0.969519 0.009821 0.002069 0.993300 -0.002116 -0.009982 -0.969103 -0.009982 -0.002116 0.000000 
5.000000e-01 5.000000e-01 4.999865e-03 5.000000e-01 5.000000e-01 1.515071e+00 -0.993300 0.002069 0.009821 0.969519 0.009821 0.002069 0.993300 -0.002116 -0.009982 -0.969103 -0.009982 -0.002116 0.000000 
5.000000e-01 5.000000e-01 4.999865e-03 5.000000e-01 5.000000e-01 1.515071e+00 -0.993300 0.002069 0.009821 0.969519 0.009821 0.002069 0.993300 -0.002116 -0.009982 -0.969103 -0.009982 -0.002116 0.000000 
5.000000e-01 5.000000e-01 4.999865e-03 5.000000e-01 5.000000e-01 1.515071e+00 -0.993300 0.002069 0.009821 0.969519 0.009821 0.002069 0.993300 -0.002116 -0.009982 -0.969103 -0.009982 -0.002116 0.000000 
5.000000e-01 5.000000e-01 4.999865e-03 5.000000e-01 5.000000e-01 1.515071e+00 -0.993300 0.002069 0.009821 0.969519 0.009821 0.002069 0.993300 -0.002116 -0.009982 -0.969103 -0.009982 -0.002116 0.000000 
5.000000e-01 5.000000e-01 4.999865e-03 5.000000e-01 5.000000e-01 1.515071e+00 -0.993300 0.002069 0.009821 0.969519 0.009821 0.002069 0.993300 -0.002116 -0.009982 -0.969103 -0.009982 -0.002116 0.000000 
5.000000e-01 5.000000e-01 4.999865e-03 5.000000e-01 5.000000e-01 1.515071e+00 -0.993300 0.002069 0.009821 0.969519 0.009821 0.002069 0.993300 -0.002116 -0.009982 -0.969103 -0.009982 -0.002116 0.000000 
5.000000e-01 5.000000e-01 4.999865e-03 5.000000e-01 5.000000e-01 1.515071e+00 -0.993300 0.002069 0.009821 0.969519 0.009821 0.002069 0.993300 -0.002116 -0.009982 -0.969103 -0.009982 -0.002116 0.000000 
5.000000e-01 5.000000e-01 4.999865e-03 5.000000e-01 5.000000e-01 1.515071e+00 -0.993300 0.002069 0.009821 0.969519 0.009821 0.002069 0.993300 -0.002116 -0.009982 -0.969103 -0.009982 -0.002116 0.000000 
5.000000e-01 5.000000e-01 4.999865e-03 5.000000e-01 5.000000e-01 1.515071e+00 -0.993300 0.002069 0.009821 0.969519 0.009821 0.002069 0.993300 -0.002116 -0.009982 -0.969103 -0.009982 -0.002116 0.000000 
5.000000e-01 5.000000e-01 4.999865e-03 5.000000e-01 5.000000e-01 1.515071e+00 -0.993300 0.002069 0.009821 0.969519 0.009821 0.002069 0.993300 -0.002116 -0.009982 -0.969103 -0.009982 -0.002116 0.000000 
5.000000e-01 5.000000e-01 4.999865e-03 5.000000e-01 5.000000e-01 1.515071e+00 -0.993300 0.002069 0.009821 0.969519 0.009821 0.002069 0.993300 -0.002116 -0.009982 -0.969103 -0.009982 -0.002116 0.000000 
5.000000e-01 5.000000e-01 4.999865e-03 5.000000e-01 5.000000e-01 1.515071e+00 -0.993300 0.002069 0.009821 0.969519 0.009821 0.002069 0.993300 -0.002116 -0.009982 -0.969103 -0.009982 -0.002116 0.000000 
5.000000e-01 5.000000e-01 4.999865e-03 5.000000e-01 5.000000e-01 1.515071e+00 -0.993300 0.002069 0.009821 0.969519 0.009821 0.002069 0.993300 -0.002116 -0.009982 -0.969103 -0.009982 -0.002116 0.000000 
