# TeX TeY TeZ ThX ThY THZ P1 P2
5.000000e-01 5.000000e-01 8.300000e-01 5.000000e-01 5.000000e-01 8.300000e-01 0.000000 0.000000 0.000000 0.000000 0.000000 0.000000 0.000000 0.000000 0.000000 0.000000 0.000000 0.000000 0.000000 
5.000000e-01 5.000000e-01 8.188173e-01 5.000000e-01 5.000000e-01 8.382713e-01 -0.012771 0.001889 0.002836 0.003319 0.002836 0.001889 0.012771 -0.002143 -0.002762 -0.002960 -0.002762 -0.002143 0.000000 
5.000000e-01 5.000000e-01 8.075881e-01 5.000000e-01 5.000000e-01 8.465273e-01 -0.025561 0.003788 0.005676 0.006634 0.005676 0.003788 0.025561 -0.004285 -0.005531 -0.005930 -0.005531 -0.004285 0.000000 
5.000000e-01 5.000000e-01 7.963128e-01 5.000000e-01 5.000000e-01 8.547679e-01 -0.038373 0.005696 0.008517 0.009946 0.008517 0.005696 0.038373 -0.006425 -0.008305 -0.008913 -0.008305 -0.006425 0.000000 
5.000000e-01 5.000000e-01 7.849920e-01 5.000000e-01 5.000000e-01 8.629929e-01 -0.051203 0.007610 0.011362 0.013259 0.011362 0.007610 0.051203 -0.008563 -0.011085 -0.011909 -0.011085 -0.008563 0.000000 
5.000000e-01 5.000000e-01 7.736258e-01 5.000000e-01 5.000000e-01 8.712020e-01 -0.064053 0.009530 0.014211 0.016573 0.014211 0.009530 0.064053 -0.010696 -0.013871 -0.014919 -0.013871 -0.010696 0.000000 
5.000000e-01 5.000000e-01 7.622148e-01 5.000000e-01 5.000000e-01 8.793953e-01 -0.076922 0.011453 0.017062 0.019891 0.017062 0.011453 0.076922 -0.012825 -0.016664 -0.017944 -0.016664 -0.012825 0.000000 
5.000000e-01 5.000000e-01 7.507594e-01 5.000000e-01 5.000000e-01 8.875724e-01 -0.089810 0.013377 0.019919 0.023219 0.019919 0.013377 0.089810 -0.014949 -0.019463 -0.020986 -0.019463 -0.014949 0.000000 
5.000000e-01 5.000000e-01 7.392599e-01 5.000000e-01 5.000000e-01 8.957333e-01 -0.102716 0.015303 0.022779 0.026553 0.022779 0.015303 0.102716 -0.017064 -0.022269 -0.024048 -0.022269 -0.017064 0.000000 
5.000000e-01 5.000000e-01 7.277168e-01 5.000000e-01 5.000000e-01 9.038777e-01 -0.115640 0.017230 0.025643 0.029895 0.025643 0.017230 0.115640 -0.019170 -0.025083 -0.027132 -0.025083 -0.019170 0.000000 
5.000000e-01 5.000000e-01 7.161303e-01 5.000000e-01 5.000000e-01 9.120056e-01 -0.128581 0.019156 0.028511 0.033248 0.028511 0.019156 0.128581 -0.021267 -0.027904 -0.030239 -0.027904 -0.021267 0.000000 
5.000000e-01 5.000000e-01 7.045010e-01 5.000000e-01 5.000000e-01 9.201166e-01 -0.141539 0.021080 0.031383 0.036614 0.031383 0.021080 0.141539 -0.023351 -0.030734 -0.033370 -0.030734 -0.023351 0.000000 
5.000000e-01 5.000000e-01 6.928291e-01 5.000000e-01 5.000000e-01 9.282107e-01 -0.154515 0.022996 0.034262 0.040000 0.034262 0.022996 0.154515 -0.025424 -0.033570 -0.036526 -0.033570 -0.025424 0.000000 
5.000000e-01 5.000000e-01 6.811150e-01 5.000000e-01 5.000000e-01 9.362877e-01 -0.167506 0.024906 0.037145 0.043403 0.037145 0.024906 0.167506 -0.027481 -0.036416 -0.039712 -0.036416 -0.027481 0.000000 
5.000000e-01 5.000000e-01 6.693592e-01 5.000000e-01 5.000000e-01 9.443474e-01 -0.180514 0.026812 0.040033 0.046824 0.040033 0.026812 0.180514 -0.029522 -0.039270 -0.042930 -0.039270 -0.029522 0.000000 
5.000000e-01 5.000000e-01 6.575619e-01 5.000000e-01 5.000000e-01 9.523895e-01 -0.193537 0.028710 0.042926 0.050264 0.042926 0.028710 0.193537 -0.031542 -0.042133 -0.046186 -0.042133 -0.031542 0.000000 
5.000000e-01 5.000000e-01 6.457236e-01 5.000000e-01 5.000000e-01 9.604140e-01 -0.206575 0.030601 0.045824 0.053726 0.045824 0.030601 0.206575 -0.033542 -0.045007 -0.049478 -0.045007 -0.033542 0.000000 
5.000000e-01 5.000000e-01 6.338446e-01 5.000000e-01 5.000000e-01 9.684206e-01 -0.219629 0.032477 0.048729 0.057218 0.048729 0.032477 0.219629 -0.035519 -0.047889 -0.052811 -0.047889 -0.035519 0.000000 
5.000000e-01 5.000000e-01 6.219252e-01 5.000000e-01 5.000000e-01 9.764091e-01 -0.232697 0.034340 0.051639 0.060739 0.051639 0.034340 0.232697 -0.037472 -0.050783 -0.056187 -0.050783 -0.037472 0.000000 
5.000000e-01 5.000000e-01 6.099657e-01 5.000000e-01 5.000000e-01 9.843793e-01 -0.245779 0.036192 0.054554 0.064287 0.054554 0.036192 0.245779 -0.039398 -0.053686 -0.059611 -0.053686 -0.039398 0.000000 
5.000000e-01 5.000000e-01 5.979667e-01 5.000000e-01 5.000000e-01 9.923311e-01 -0.258875 0.038031 0.057475 0.067863 0.057475 0.038031 0.258875 -0.041289 -0.056602 -0.063094 -0.056602 -0.041289 0.000000 
5.000000e-01 5.000000e-01 5.859283e-01 5.000000e-01 5.000000e-01 1.000264e+00 -0.271985 0.039856 0.060402 0.071470 0.060402 0.039856 0.271985 -0.043146 -0.059529 -0.066634 -0.059529 -0.043146 0.000000 
5.000000e-01 5.000000e-01 5.738509e-01 5.000000e-01 5.000000e-01 1.008179e+00 -0.285108 0.041657 0.063335 0.075122 0.063335 0.041657 0.285108 -0.044968 -0.062468 -0.070236 -0.062468 -0.044968 0.000000 
5.000000e-01 5.000000e-01 5.617349e-01 5.000000e-01 5.000000e-01 1.016074e+00 -0.298243 0.043441 0.066274 0.078813 0.066274 0.043441 0.298243 -0.046750 -0.065420 -0.073904 -0.065420 -0.046750 0.000000 
5.000000e-01 5.000000e-01 5.495806e-01 5.000000e-01 5.000000e-01 1.023950e+00 -0.311391 0.045206 0.069219 0.082541 0.069219 0.045206 0.311391 -0.048488 -0.068384 -0.077648 -0.068384 -0.048488 0.000000 
5.000000e-01 5.000000e-01 5.373882e-01 5.000000e-01 5.000000e-01 1.031806e+00 -0.324551 0.046952 0.072169 0.086308 0.072169 0.046952 0.324551 -0.050173 -0.071362 -0.081481 -0.071362 -0.050173 0.000000 
5.000000e-01 5.000000e-01 5.251583e-01 5.000000e-01 5.000000e-01 1.039643e+00 -0.337723 0.048677 0.075125 0.090120 0.075125 0.048677 0.337723 -0.051806 -0.074354 -0.085402 -0.074354 -0.051806 0.000000 
5.000000e-01 5.000000e-01 5.128909e-01 5.000000e-01 5.000000e-01 1.047459e+00 -0.350905 0.050370 0.078087 0.093993 0.078087 0.050370 0.350905 -0.053384 -0.077359 -0.089419 -0.077359 -0.053384 0.000000 
5.000000e-01 5.000000e-01 5.005866e-01 5.000000e-01 5.000000e-01 1.055256e+00 -0.364099 0.052039 0.081054 0.097914 0.081054 0.052039 0.364099 -0.054901 -0.080378 -0.093540 -0.080378 -0.054901 0.000000 
5.000000e-01 5.000000e-01 4.882455e-01 5.000000e-01 5.000000e-01 1.063032e+00 -0.377304 0.053684 0.084025 0.101884 0.084025 0.053684 0.377304 -0.056345 -0.083412 -0.097789 -0.083412 -0.056345 0.000000 
5.000000e-01 5.000000e-01 4.758681e-01 5.000000e-01 5.000000e-01 1.070788e+00 -0.390519 0.055304 0.087002 0.105907 0.087002 0.055304 0.390519 -0.057715 -0.086460 -0.102169 -0.086460 -0.057715 0.000000 
5.000000e-01 5.000000e-01 4.634546e-01 5.000000e-01 5.000000e-01 1.078522e+00 -0.403743 0.056888 0.089983 0.110001 0.089983 0.056888 0.403743 -0.059007 -0.089521 -0.106687 -0.089521 -0.059007 0.000000 
5.000000e-01 5.000000e-01 4.510052e-01 5.000000e-01 5.000000e-01 1.086236e+00 -0.416977 0.058439 0.092968 0.114163 0.092968 0.058439 0.416977 -0.060215 -0.092595 -0.111357 -0.092595 -0.060215 0.000000 
5.000000e-01 5.000000e-01 4.385204e-01 5.000000e-01 5.000000e-01 1.093928e+00 -0.430220 0.059959 0.095957 0.118388 0.095957 0.059959 0.430220 -0.061325 -0.095681 -0.116209 -0.095681 -0.061325 0.000000 
5.000000e-01 5.000000e-01 4.260004e-01 5.000000e-01 5.000000e-01 1.101599e+00 -0.443472 0.061449 0.098949 0.122677 0.098949 0.061449 0.443472 -0.062330 -0.098777 -0.121259 -0.098777 -0.062330 0.000000 
5.000000e-01 5.000000e-01 4.134456e-01 5.000000e-01 5.000000e-01 1.109248e+00 -0.456733 0.062901 0.101943 0.127044 0.101943 0.062901 0.456733 -0.063229 -0.101881 -0.126512 -0.101881 -0.063229 0.000000 
5.000000e-01 5.000000e-01 4.008561e-01 5.000000e-01 5.000000e-01 1.116874e+00 -0.470001 0.064308 0.104939 0.131507 0.104939 0.064308 0.470001 -0.064015 -0.104991 -0.131989 -0.104991 -0.064015 0.000000 
5.000000e-01 5.000000e-01 3.882323e-01 5.000000e-01 5.000000e-01 1.124479e+00 -0.483277 0.065679 0.107936 0.136047 0.107936 0.065679 0.483277 -0.064664 -0.108104 -0.137742 -0.108104 -0.064664 0.000000 
5.000000e-01 5.000000e-01 3.755745e-01 5.000000e-01 5.000000e-01 1.132060e+00 -0.496560 0.067015 0.110932 0.140666 0.110932 0.067015 0.496560 -0.065174 -0.111213 -0.143787 -0.111213 -0.065174 0.000000 
5.000000e-01 5.000000e-01 3.628829e-01 5.000000e-01 5.000000e-01 1.139619e+00 -0.509851 0.068310 0.113928 0.145375 0.113928 0.068310 0.509851 -0.065542 -0.114314 -0.150139 -0.114314 -0.065542 0.000000 
5.000000e-01 5.000000e-01 3.501579e-01 5.000000e-01 5.000000e-01 1.147155e+00 -0.523147 0.069547 0.116921 0.150211 0.116921 0.069547 0.523147 -0.065759 -0.117399 -0.156830 -0.117399 -0.065759 0.000000 
5.000000e-01 5.000000e-01 3.373996e-01 5.000000e-01 5.000000e-01 1.154667e+00 -0.536450 0.070744 0.119909 0.155143 0.119909 0.070744 0.536450 -0.065787 -0.120456 -0.163964 -0.120456 -0.065787 0.000000 
5.000000e-01 5.000000e-01 3.246085e-01 5.000000e-01 5.000000e-01 1.162156e+00 -0.549759 0.071900 0.122894 0.160172 0.122894 0.071900 0.549759 -0.065638 -0.123476 -0.171530 -0.123476 -0.065638 0.000000 
5.000000e-01 5.000000e-01 3.117847e-01 5.000000e-01 5.000000e-01 1.169620e+00 -0.563074 0.073010 0.125871 0.165311 0.125871 0.073010 0.563074 -0.065304 -0.126446 -0.179573 -0.126446 -0.065304 0.000000 
5.000000e-01 5.000000e-01 2.989285e-01 5.000000e-01 5.000000e-01 1.177061e+00 -0.576393 0.074054 0.128838 0.170611 0.128838 0.074054 0.576393 -0.064760 -0.129343 -0.188186 -0.129343 -0.064760 0.000000 
5.000000e-01 5.000000e-01 2.860401e-01 5.000000e-01 5.000000e-01 1.184476e+00 -0.589717 0.075052 0.131793 0.176027 0.131793 0.075052 0.589717 -0.063983 -0.132140 -0.197472 -0.132140 -0.063983 0.000000 
5.000000e-01 5.000000e-01 2.731199e-01 5.000000e-01 5.000000e-01 1.191867e+00 -0.603046 0.076003 0.134737 0.181565 0.134737 0.076003 0.603046 -0.062983 -0.134818 -0.207444 -0.134818 -0.062983 0.000000 
5.000000e-01 5.000000e-01 2.601680e-01 5.000000e-01 5.000000e-01 1.199233e+00 -0.616378 0.076899 0.137666 0.187248 0.137666 0.076899 0.616378 -0.061749 -0.137348 -0.218184 -0.137348 -0.061749 0.000000 
5.000000e-01 5.000000e-01 2.471846e-01 5.000000e-01 5.000000e-01 1.206573e+00 -0.629715 0.077725 0.140570 0.193125 0.140570 0.077725 0.629715 -0.060227 -0.139652 -0.229957 -0.139652 -0.060227 0.000000 
5.000000e-01 5.000000e-01 2.341701e-01 5.000000e-01 5.000000e-01 1.213888e+00 -0.643055 0.078500 0.143454 0.199147 0.143454 0.078500 0.643055 -0.058443 -0.141708 -0.242752 -0.141708 -0.058443 0.000000 
5.000000e-01 5.000000e-01 2.211245e-01 5.000000e-01 5.000000e-01 1.221176e+00 -0.656398 0.079225 0.146316 0.205315 0.146316 0.079225 0.656398 -0.056389 -0.143463 -0.256694 -0.143463 -0.056389 0.000000 
5.000000e-01 5.000000e-01 2.080481e-01 5.000000e-01 5.000000e-01 1.228438e+00 -0.669744 0.079879 0.149144 0.211697 0.149144 0.079879 0.669744 -0.054023 -0.144793 -0.272113 -0.144793 -0.054023 0.000000 
5.000000e-01 5.000000e-01 1.949409e-01 5.000000e-01 5.000000e-01 1.235673e+00 -0.683094 0.080465 0.151934 0.218296 0.151934 0.080465 0.683094 -0.051347 -0.145616 -0.289169 -0.145616 -0.051347 0.000000 
5.000000e-01 5.000000e-01 1.818030e-01 5.000000e-01 5.000000e-01 1.242881e+00 -0.696446 0.080997 0.154690 0.225072 0.154690 0.080997 0.696446 -0.048374 -0.145855 -0.307989 -0.145855 -0.048374 0.000000 
5.000000e-01 5.000000e-01 1.686344e-01 5.000000e-01 5.000000e-01 1.250061e+00 -0.709803 0.081477 0.157410 0.232029 0.157410 0.081477 0.709803 -0.045073 -0.145318 -0.329021 -0.145318 -0.045073 0.000000 
5.000000e-01 5.000000e-01 1.554350e-01 5.000000e-01 5.000000e-01 1.257214e+00 -0.723163 0.081862 0.160061 0.239317 0.160061 0.081862 0.723163 -0.041432 -0.143798 -0.352703 -0.143798 -0.041432 0.000000 
5.000000e-01 5.000000e-01 1.422045e-01 5.000000e-01 5.000000e-01 1.264339e+00 -0.736529 0.082193 0.162661 0.246823 0.162661 0.082193 0.736529 -0.037483 -0.141195 -0.379172 -0.141195 -0.037483 0.000000 
5.000000e-01 5.000000e-01 1.289424e-01 5.000000e-01 5.000000e-01 1.271435e+00 -0.749902 0.082469 0.165209 0.254546 0.165209 0.082469 0.749902 -0.033208 -0.137204 -0.409079 -0.137204 -0.033208 0.000000 
5.000000e-01 5.000000e-01 1.156478e-01 5.000000e-01 5.000000e-01 1.278502e+00 -0.763286 0.082669 0.167680 0.262588 0.167680 0.082669 0.763286 -0.028591 -0.131418 -0.443268 -0.131418 -0.028591 0.000000 
5.000000e-01 5.000000e-01 1.023196e-01 5.000000e-01 5.000000e-01 1.285541e+00 -0.776683 0.082792 0.170061 0.270976 0.170061 0.082792 0.776683 -0.023679 -0.123737 -0.481851 -0.123737 -0.023679 0.000000 
5.000000e-01 5.000000e-01 8.895621e-02 5.000000e-01 5.000000e-01 1.292549e+00 -0.790099 0.082863 0.172372 0.279629 0.172372 0.082863 0.790099 -0.018464 -0.113705 -0.525762 -0.113705 -0.018464 0.000000 
5.000000e-01 5.000000e-01 7.555556e-02 5.000000e-01 5.000000e-01 1.299528e+00 -0.803542 0.082877 0.174601 0.288587 0.174601 0.082877 0.803542 -0.012942 -0.100759 -0.576140 -0.100759 -0.012942 0.000000 
5.000000e-01 5.000000e-01 6.211525e-02 5.000000e-01 5.000000e-01 1.306476e+00 -0.817018 0.082798 0.176686 0.298050 0.176686 0.082798 0.817018 -0.007165 -0.084948 -0.632793 -0.084948 -0.007165 0.000000 
5.000000e-01 5.000000e-01 4.863312e-02 5.000000e-01 5.000000e-01 1.313394e+00 -0.830536 0.082672 0.178677 0.307838 0.178677 0.082672 0.830536 -0.001138 -0.065848 -0.696564 -0.065848 -0.001138 0.000000 
5.000000e-01 5.000000e-01 3.510793e-02 5.000000e-01 5.000000e-01 1.320281e+00 -0.844104 0.082502 0.180576 0.317949 0.180576 0.082502 0.844104 0.005118 -0.043354 -0.767631 -0.043354 0.005118 0.000000 
5.000000e-01 5.000000e-01 2.154054e-02 5.000000e-01 5.000000e-01 1.327136e+00 -0.857715 0.082236 0.182272 0.328698 0.182272 0.082236 0.857715 0.011542 -0.018171 -0.844455 -0.018171 0.011542 0.000000 
5.000000e-01 5.000000e-01 7.936395e-03 5.000000e-01 5.000000e-01 1.333959e+00 -0.871361 0.081920 0.183829 0.339862 0.183829 0.081920 0.871360 0.018094 0.009164 -0.925877 0.009164 0.018094 0.000000 
5.000000e-01 5.000000e-01 4.999736e-03 5.000000e-01 5.000000e-01 1.340750e+00 -0.877800 0.080242 0.183723 0.349870 0.183723 0.080242 0.877799 0.018883 0.014496 -0.944558 0.014496 0.018883 0.000000 
5.000000e-01 5.000000e-01 4.999736e-03 5.000000e-01 5.000000e-01 1.347508e+00 -0.882236 0.078106 0.182929 0.360166 0.182929 0.078106 0.882236 0.018077 0.013556 -0.945502 0.013556 0.018077 0.000000 
5.000000e-01 5.000000e-01 4.999736e-03 5.000000e-01 5.000000e-01 1.354234e+00 -0.886651 0.075904 0.181918 0.371006 0.181918 0.075904 0.886651 0.017275 0.012620 -0.946441 0.012620 0.017275 0.000000 
5.000000e-01 5.000000e-01 4.999736e-03 5.000000e-01 5.000000e-01 1.360926e+00 -0.891045 0.073652 0.180727 0.382287 0.180727 0.073652 0.891045 0.016477 0.011688 -0.947375 0.011688 0.016477 0.000000 
5.000000e-01 5.000000e-01 4.999736e-03 5.000000e-01 5.000000e-01 1.367584e+00 -0.895418 0.071308 0.179194 0.394413 0.179194 0.071308 0.895418 0.015682 0.010761 -0.948305 0.010761 0.015682 0.000000 
5.000000e-01 5.000000e-01 4.999736e-03 5.000000e-01 5.000000e-01 1.374208e+00 -0.899769 0.068901 0.177373 0.407220 0.177373 0.068901 0.899769 0.014891 0.009839 -0.949230 0.009839 0.014891 0.000000 
5.000000e-01 5.000000e-01 4.999736e-03 5.000000e-01 5.000000e-01 1.380797e+00 -0.904098 0.066450 0.175329 0.420541 0.175329 0.066450 0.904098 0.014105 0.008922 -0.950151 0.008922 0.014105 0.000000 
5.000000e-01 5.000000e-01 4.999736e-03 5.000000e-01 5.000000e-01 1.387351e+00 -0.908406 0.063909 0.172828 0.434931 0.172828 0.063909 0.908406 0.013322 0.008009 -0.951067 0.008009 0.013322 0.000000 
5.000000e-01 5.000000e-01 4.999736e-03 5.000000e-01 5.000000e-01 1.393870e+00 -0.912693 0.061315 0.169982 0.450098 0.169982 0.061315 0.912693 0.012543 0.007100 -0.951978 0.007100 0.012543 0.000000 
5.000000e-01 5.000000e-01 4.999736e-03 5.000000e-01 5.000000e-01 1.400354e+00 -0.916957 0.058684 0.166868 0.465853 0.166868 0.058684 0.916957 0.011767 0.006196 -0.952884 0.006196 0.011767 0.000000 
5.000000e-01 5.000000e-01 4.999736e-03 5.000000e-01 5.000000e-01 1.406801e+00 -0.921201 0.055963 0.163125 0.483024 0.163125 0.055963 0.921201 0.010996 0.005297 -0.953786 0.005297 0.010996 0.000000 
5.000000e-01 5.000000e-01 4.999736e-03 5.000000e-01 5.000000e-01 1.413212e+00 -0.925423 0.053205 0.159017 0.500978 0.159017 0.053205 0.925423 0.010228 0.004402 -0.954684 0.004402 0.010228 0.000000 
5.000000e-01 5.000000e-01 4.999736e-03 5.000000e-01 5.000000e-01 1.419587e+00 -0.929624 0.050411 0.154551 0.519701 0.154551 0.050411 0.929624 0.009465 0.003512 -0.955577 0.003512 0.009465 0.000000 
5.000000e-01 5.000000e-01 4.999736e-03 5.000000e-01 5.000000e-01 1.425925e+00 -0.933805 0.047538 0.149311 0.540106 0.149311 0.047538 0.933805 0.008704 0.002626 -0.956465 0.002626 0.008704 0.000000 
5.000000e-01 5.000000e-01 4.999736e-03 5.000000e-01 5.000000e-01 1.432225e+00 -0.937965 0.044643 0.143716 0.561249 0.143716 0.044643 0.937965 0.007948 0.001744 -0.957349 0.001744 0.007948 0.000000 
5.000000e-01 5.000000e-01 4.999736e-03 5.000000e-01 5.000000e-01 1.438489e+00 -0.942105 0.041703 0.137549 0.583602 0.137549 0.041703 0.942105 0.007195 0.000867 -0.958229 0.000867 0.007195 0.000000 
5.000000e-01 5.000000e-01 4.999736e-03 5.000000e-01 5.000000e-01 1.444715e+00 -0.946227 0.038714 0.130653 0.607494 0.130653 0.038714 0.946227 0.006445 -0.000007 -0.959105 -0.000007 0.006445 0.000000 
5.000000e-01 5.000000e-01 4.999736e-03 5.000000e-01 5.000000e-01 1.450903e+00 -0.950328 0.035709 0.123399 0.632112 0.123399 0.035709 0.950328 0.005700 -0.000876 -0.959976 -0.000876 0.005700 0.000000 
5.000000e-01 5.000000e-01 4.999736e-03 5.000000e-01 5.000000e-01 1.457053e+00 -0.954412 0.032653 0.115282 0.658543 0.115282 0.032653 0.954412 0.004957 -0.001741 -0.960843 -0.001741 0.004957 0.000000 
5.000000e-01 5.000000e-01 4.999736e-03 5.000000e-01 5.000000e-01 1.463165e+00 -0.958478 0.029578 0.106650 0.686022 0.106650 0.029578 0.958478 0.004217 -0.002603 -0.961707 -0.002603 0.004217 0.000000 
5.000000e-01 5.000000e-01 4.999736e-03 5.000000e-01 5.000000e-01 1.469239e+00 -0.962523 0.026486 0.097551 0.714450 0.097551 0.026486 0.962523 0.003482 -0.003460 -0.962567 -0.003460 0.003482 0.000000 
5.000000e-01 5.000000e-01 4.999736e-03 5.000000e-01 5.000000e-01 1.475275e+00 -0.966555 0.023357 0.087578 0.744684 0.087578 0.023357 0.966555 0.002748 -0.004314 -0.963423 -0.004314 0.002748 0.000000 
5.000000e-01 5.000000e-01 4.999736e-03 5.000000e-01 5.000000e-01 1.481272e+00 -0.970564 0.020228 0.077328 0.775452 0.077328 0.020228 0.970564 0.002019 -0.005164 -0.964275 -0.005164 0.002019 0.000000 
5.000000e-01 5.000000e-01 4.999736e-03 5.000000e-01 5.000000e-01 1.487229e+00 -0.974558 0.017076 0.066373 0.807659 0.066373 0.017076 0.974558 0.001293 -0.006010 -0.965123 -0.006010 0.001293 0.000000 
5.000000e-01 5.000000e-01 4.999736e-03 5.000000e-01 5.000000e-01 1.493146e+00 -0.978531 0.013923 0.055051 0.840584 0.055051 0.013923 0.978531 0.000570 -0.006852 -0.965967 -0.006852 0.000570 0.000000 
5.000000e-01 5.000000e-01 4.999736e-03 5.000000e-01 5.000000e-01 1.499022e+00 -0.982481 0.010770 0.043420 0.874100 0.043420 0.010770 0.982481 -0.000148 -0.007689 -0.966806 -0.007689 -0.000148 0.000000 
5.000000e-01 5.000000e-01 4.999736e-03 5.000000e-01 5.000000e-01 1.504856e+00 -0.986412 0.007616 0.031372 0.908437 0.031372 0.007616 0.986412 -0.000863 -0.008522 -0.967641 -0.008522 -0.000863 0.000000 
5.000000e-01 5.000000e-01 4.999736e-03 5.000000e-01 5.000000e-01 1.510646e+00 -0.990314 0.004478 0.019279 0.942800 0.019279 0.004478 0.990314 -0.001573 -0.009349 -0.968470 -0.009349 -0.001573 0.000000 
5.000000e-01 5.000000e-01 4.999736e-03 5.000000e-01 5.000000e-01 1.515008e+00 -0.993258 0.002104 0.009956 0.969139 0.009956 0.002104 0.993258 -0.002109 -0.009973 -0.969095 -0.009973 -0.002109 0.000000 
5.000000e-01 5.000000e-01 4.999736e-03 5.000000e-01 5.000000e-01 1.515008e+00 -0.993258 0.002104 0.009956 0.969139 0.009956 0.002104 0.993258 -0.002109 -0.009973 -0.969095 -0.009973 -0.002109 0.000000 
5.000000e-01 5.000000e-01 4.999736e-03 5.000000e-01 5.000000e-01 1.515008e+00 -0.993258 0.002104 0.009956 0.969139 0.009956 0.002104 0.993258 -0.002109 -0.009973 -0.969095 -0.009973 -0.002109 0.000000 
5.000000e-01 5.000000e-01 4.999736e-03 5.000000e-01 5.000000e-01 1.515008e+00 -0.993258 0.002104 0.009956 0.969139 0.009956 0.002104 0.993258 -0.002109 -0.009973 -0.969095 -0.009973 -0.002109 0.000000 
5.000000e-01 5.000000e-01 4.999736e-03 5.000000e-01 5.000000e-01 1.515008e+00 -0.993258 0.002104 0.009956 0.969139 0.009956 0.002104 0.993258 -0.002109 -0.009973 -0.969095 -0.009973 -0.002109 0.000000 
5.000000e-01 5.000000e-01 4.999736e-03 5.000000e-01 5.000000e-01 1.515008e+00 -0.993258 0.002104 0.009956 0.969139 0.009956 0.002104 0.993258 -0.002109 -0.009973 -0.969095 -0.009973 -0.002109 0.000000 
5.000000e-01 5.000000e-01 4.999736e-03 5.000000e-01 5.000000e-01 1.515008e+00 -0.993258 0.002104 0.009956 0.969139 0.009956 0.002104 0.993258 -0.002109 -0.009973 -0.969095 -0.009973 -0.002109 0.000000 
5.000000e-01 5.000000e-01 4.999736e-03 5.000000e-01 5.000000e-01 1.515008e+00 -0.993258 0.002104 0.009956 0.969139 0.009956 0.002104 0.993258 -0.002109 -0.009973 -0.969095 -0.009973 -0.002109 0.000000 
5.000000e-01 5.000000e-01 4.999736e-03 5.000000e-01 5.000000e-01 1.515008e+00 -0.993258 0.002104 0.009956 0.969139 0.009956 0.002104 0.993258 -0.002109 -0.009973 -0.969095 -0.009973 -0.002109 0.000000 
5.000000e-01 5.000000e-01 4.999736e-03 5.000000e-01 5.000000e-01 1.515008e+00 -0.993258 0.002104 0.009956 0.969139 0.009956 0.002104 0.993258 -0.002109 -0.009973 -0.969095 -0.009973 -0.002109 0.000000 
5.000000e-01 5.000000e-01 4.999736e-03 5.000000e-01 5.000000e-01 1.515008e+00 -0.993258 0.002104 0.009956 0.969139 0.009956 0.002104 0.993258 -0.002109 -0.009973 -0.969095 -0.009973 -0.002109 0.000000 
5.000000e-01 5.000000e-01 4.999736e-03 5.000000e-01 5.000000e-01 1.515008e+00 -0.993258 0.002104 0.009956 0.969139 0.009956 0.002104 0.993258 -0.002109 -0.009973 -0.969095 -0.009973 -0.002109 0.000000 
5.000000e-01 5.000000e-01 4.999736e-03 5.000000e-01 5.000000e-01 1.515008e+00 -0.993258 0.002104 0.009956 0.969139 0.009956 0.002104 0.993258 -0.002109 -0.009973 -0.969095 -0.009973 -0.002109 0.000000 
5.000000e-01 5.000000e-01 4.999736e-03 5.000000e-01 5.000000e-01 1.515008e+00 -0.993258 0.002104 0.009956 0.969139 0.009956 0.002104 0.993258 -0.002109 -0.009973 -0.969095 -0.009973 -0.002109 0.000000 
5.000000e-01 5.000000e-01 4.999736e-03 5.000000e-01 5.000000e-01 1.515008e+00 -0.993258 0.002104 0.009956 0.969139 0.009956 0.002104 0.993258 -0.002109 -0.009973 -0.969095 -0.009973 -0.002109 0.000000 
5.000000e-01 5.000000e-01 4.999736e-03 5.000000e-01 5.000000e-01 1.515008e+00 -0.993258 0.002104 0.009956 0.969139 0.009956 0.002104 0.993258 -0.002109 -0.009973 -0.969095 -0.009973 -0.002109 0.000000 
5.000000e-01 5.000000e-01 4.999736e-03 5.000000e-01 5.000000e-01 1.515008e+00 -0.993258 0.002104 0.009956 0.969139 0.009956 0.002104 0.993258 -0.002109 -0.009973 -0.969095 -0.009973 -0.002109 0.000000 
5.000000e-01 5.000000e-01 4.999736e-03 5.000000e-01 5.000000e-01 1.515008e+00 -0.993258 0.002104 0.009956 0.969139 0.009956 0.002104 0.993258 -0.002109 -0.009973 -0.969095 -0.009973 -0.002109 0.000000 
5.000000e-01 5.000000e-01 4.999736e-03 5.000000e-01 5.000000e-01 1.515008e+00 -0.993258 0.002104 0.009956 0.969139 0.009956 0.002104 0.993258 -0.002109 -0.009973 -0.969095 -0.009973 -0.002109 0.000000 
5.000000e-01 5.000000e-01 4.999736e-03 5.000000e-01 5.000000e-01 1.515008e+00 -0.993258 0.002104 0.009956 0.969139 0.009956 0.002104 0.993258 -0.002109 -0.009973 -0.969095 -0.009973 -0.002109 0.000000 
5.000000e-01 5.000000e-01 4.999736e-03 5.000000e-01 5.000000e-01 1.515008e+00 -0.993258 0.002104 0.009956 0.969139 0.009956 0.002104 0.993258 -0.002109 -0.009973 -0.969095 -0.009973 -0.002109 0.000000 
5.000000e-01 5.000000e-01 4.999736e-03 5.000000e-01 5.000000e-01 1.515008e+00 -0.993258 0.002104 0.009956 0.969139 0.009956 0.002104 0.993258 -0.002109 -0.009973 -0.969095 -0.009973 -0.002109 0.000000 
5.000000e-01 5.000000e-01 4.999736e-03 5.000000e-01 5.000000e-01 1.515008e+00 -0.993258 0.002104 0.009956 0.969139 0.009956 0.002104 0.993258 -0.002109 -0.009973 -0.969095 -0.009973 -0.002109 0.000000 
5.000000e-01 5.000000e-01 4.999736e-03 5.000000e-01 5.000000e-01 1.515008e+00 -0.993258 0.002104 0.009956 0.969139 0.009956 0.002104 0.993258 -0.002109 -0.009973 -0.969095 -0.009973 -0.002109 0.000000 
5.000000e-01 5.000000e-01 4.999736e-03 5.000000e-01 5.000000e-01 1.515008e+00 -0.993258 0.002104 0.009956 0.969139 0.009956 0.002104 0.993258 -0.002109 -0.009973 -0.969095 -0.009973 -0.002109 0.000000 
5.000000e-01 5.000000e-01 4.999736e-03 5.000000e-01 5.000000e-01 1.515008e+00 -0.993258 0.002104 0.009956 0.969139 0.009956 0.002104 0.993258 -0.002109 -0.009973 -0.969095 -0.009973 -0.002109 0.000000 
5.000000e-01 5.000000e-01 4.999736e-03 5.000000e-01 5.000000e-01 1.515008e+00 -0.993258 0.002104 0.009956 0.969139 0.009956 0.002104 0.993258 -0.002109 -0.009973 -0.969095 -0.009973 -0.002109 0.000000 
5.000000e-01 5.000000e-01 4.999736e-03 5.000000e-01 5.000000e-01 1.515008e+00 -0.993258 0.002104 0.009956 0.969139 0.009956 0.002104 0.993258 -0.002109 -0.009973 -0.969095 -0.009973 -0.002109 0.000000 
5.000000e-01 5.000000e-01 4.999736e-03 5.000000e-01 5.000000e-01 1.515008e+00 -0.993258 0.002104 0.009956 0.969139 0.009956 0.002104 0.993258 -0.002109 -0.009973 -0.969095 -0.009973 -0.002109 0.000000 
5.000000e-01 5.000000e-01 4.999736e-03 5.000000e-01 5.000000e-01 1.515008e+00 -0.993258 0.002104 0.009956 0.969139 0.009956 0.002104 0.993258 -0.002109 -0.009973 -0.969095 -0.009973 -0.002109 0.000000 
5.000000e-01 5.000000e-01 4.999736e-03 5.000000e-01 5.000000e-01 1.515008e+00 -0.993258 0.002104 0.009956 0.969139 0.009956 0.002104 0.993258 -0.002109 -0.009973 -0.969095 -0.009973 -0.002109 0.000000 
5.000000e-01 5.000000e-01 4.999736e-03 5.000000e-01 5.000000e-01 1.515008e+00 -0.993258 0.002104 0.009956 0.969139 0.009956 0.002104 0.993258 -0.002109 -0.009973 -0.969095 -0.009973 -0.002109 0.000000 
5.000000e-01 5.000000e-01 4.999736e-03 5.000000e-01 5.000000e-01 1.515008e+00 -0.993258 0.002104 0.009956 0.969139 0.009956 0.002104 0.993258 -0.002109 -0.009973 -0.969095 -0.009973 -0.002109 0.000000 
5.000000e-01 5.000000e-01 4.999736e-03 5.000000e-01 5.000000e-01 1.515008e+00 -0.993258 0.002104 0.009956 0.969139 0.009956 0.002104 0.993258 -0.002109 -0.009973 -0.969095 -0.009973 -0.002109 0.000000 
5.000000e-01 5.000000e-01 4.999736e-03 5.000000e-01 5.000000e-01 1.515008e+00 -0.993258 0.002104 0.009956 0.969139 0.009956 0.002104 0.993258 -0.002109 -0.009973 -0.969095 -0.009973 -0.002109 0.000000 
5.000000e-01 5.000000e-01 4.999736e-03 5.000000e-01 5.000000e-01 1.515008e+00 -0.993258 0.002104 0.009956 0.969139 0.009956 0.002104 0.993258 -0.002109 -0.009973 -0.969095 -0.009973 -0.002109 0.000000 
5.000000e-01 5.000000e-01 4.999736e-03 5.000000e-01 5.000000e-01 1.515008e+00 -0.993258 0.002104 0.009956 0.969139 0.009956 0.002104 0.993258 -0.002109 -0.009973 -0.969095 -0.009973 -0.002109 0.000000 
5.000000e-01 5.000000e-01 4.999736e-03 5.000000e-01 5.000000e-01 1.515008e+00 -0.993258 0.002104 0.009956 0.969139 0.009956 0.002104 0.993258 -0.002109 -0.009973 -0.969095 -0.009973 -0.002109 0.000000 
5.000000e-01 5.000000e-01 4.999736e-03 5.000000e-01 5.000000e-01 1.515008e+00 -0.993258 0.002104 0.009956 0.969139 0.009956 0.002104 0.993258 -0.002109 -0.009973 -0.969095 -0.009973 -0.002109 0.000000 
5.000000e-01 5.000000e-01 4.999736e-03 5.000000e-01 5.000000e-01 1.515008e+00 -0.993258 0.002104 0.009956 0.969139 0.009956 0.002104 0.993258 -0.002109 -0.009973 -0.969095 -0.009973 -0.002109 0.000000 
5.000000e-01 5.000000e-01 4.999736e-03 5.000000e-01 5.000000e-01 1.515008e+00 -0.993258 0.002104 0.009956 0.969139 0.009956 0.002104 0.993258 -0.002109 -0.009973 -0.969095 -0.009973 -0.002109 0.000000 
5.000000e-01 5.000000e-01 4.999736e-03 5.000000e-01 5.000000e-01 1.515008e+00 -0.993258 0.002104 0.009956 0.969139 0.009956 0.002104 0.993258 -0.002109 -0.009973 -0.969095 -0.009973 -0.002109 0.000000 
5.000000e-01 5.000000e-01 4.999736e-03 5.000000e-01 5.000000e-01 1.515008e+00 -0.993258 0.002104 0.009956 0.969139 0.009956 0.002104 0.993258 -0.002109 -0.009973 -0.969095 -0.009973 -0.002109 0.000000 
5.000000e-01 5.000000e-01 4.999736e-03 5.000000e-01 5.000000e-01 1.515008e+00 -0.993258 0.002104 0.009956 0.969139 0.009956 0.002104 0.993258 -0.002109 -0.009973 -0.969095 -0.009973 -0.002109 0.000000 
5.000000e-01 5.000000e-01 4.999736e-03 5.000000e-01 5.000000e-01 1.515008e+00 -0.993258 0.002104 0.009956 0.969139 0.009956 0.002104 0.993258 -0.002109 -0.009973 -0.969095 -0.009973 -0.002109 0.000000 
5.000000e-01 5.000000e-01 4.999736e-03 5.000000e-01 5.000000e-01 1.515008e+00 -0.993258 0.002104 0.009956 0.969139 0.009956 0.002104 0.993258 -0.002109 -0.009973 -0.969095 -0.009973 -0.002109 0.000000 
5.000000e-01 5.000000e-01 4.999736e-03 5.000000e-01 5.000000e-01 1.515008e+00 -0.993258 0.002104 0.009956 0.969139 0.009956 0.002104 0.993258 -0.002109 -0.009973 -0.969095 -0.009973 -0.002109 0.000000 
5.000000e-01 5.000000e-01 4.999736e-03 5.000000e-01 5.000000e-01 1.515008e+00 -0.993258 0.002104 0.009956 0.969139 0.009956 0.002104 0.993258 -0.002109 -0.009973 -0.969095 -0.009973 -0.002109 0.000000 
5.000000e-01 5.000000e-01 4.999736e-03 5.000000e-01 5.000000e-01 1.515008e+00 -0.993258 0.002104 0.009956 0.969139 0.009956 0.002104 0.993258 -0.002109 -0.009973 -0.969095 -0.009973 -0.002109 0.000000 
5.000000e-01 5.000000e-01 4.999736e-03 5.000000e-01 5.000000e-01 1.515008e+00 -0.993258 0.002104 0.009956 0.969139 0.009956 0.002104 0.993258 -0.002109 -0.009973 -0.969095 -0.009973 -0.002109 0.000000 
5.000000e-01 5.000000e-01 4.999736e-03 5.000000e-01 5.000000e-01 1.515008e+00 -0.993258 0.002104 0.009956 0.969139 0.009956 0.002104 0.993258 -0.002109 -0.009973 -0.969095 -0.009973 -0.002109 0.000000 
5.000000e-01 5.000000e-01 4.999736e-03 5.000000e-01 5.000000e-01 1.515008e+00 -0.993258 0.002104 0.009956 0.969139 0.009956 0.002104 0.993258 -0.002109 -0.009973 -0.969095 -0.009973 -0.002109 0.000000 
5.000000e-01 5.000000e-01 4.999736e-03 5.000000e-01 5.000000e-01 1.515008e+00 -0.993258 0.002104 0.009956 0.969139 0.009956 0.002104 0.993258 -0.002109 -0.009973 -0.969095 -0.009973 -0.002109 0.000000 
5.000000e-01 5.000000e-01 4.999736e-03 5.000000e-01 5.000000e-01 1.515008e+00 -0.993258 0.002104 0.009956 0.969139 0.009956 0.002104 0.993258 -0.002109 -0.009973 -0.969095 -0.009973 -0.002109 0.000000 
5.000000e-01 5.000000e-01 4.999736e-03 5.000000e-01 5.000000e-01 1.515008e+00 -0.993258 0.002104 0.009956 0.969139 0.009956 0.002104 0.993258 -0.002109 -0.009973 -0.969095 -0.009973 -0.002109 0.000000 
5.000000e-01 5.000000e-01 4.999736e-03 5.000000e-01 5.000000e-01 1.515008e+00 -0.993258 0.002104 0.009956 0.969139 0.009956 0.002104 0.993258 -0.002109 -0.009973 -0.969095 -0.009973 -0.002109 0.000000 
5.000000e-01 5.000000e-01 4.999736e-03 5.000000e-01 5.000000e-01 1.515008e+00 -0.993258 0.002104 0.009956 0.969139 0.009956 0.002104 0.993258 -0.002109 -0.009973 -0.969095 -0.009973 -0.002109 0.000000 
5.000000e-01 5.000000e-01 4.999736e-03 5.000000e-01 5.000000e-01 1.515008e+00 -0.993258 0.002104 0.009956 0.969139 0.009956 0.002104 0.993258 -0.002109 -0.009973 -0.969095 -0.009973 -0.002109 0.000000 
5.000000e-01 5.000000e-01 4.999736e-03 5.000000e-01 5.000000e-01 1.515008e+00 -0.993258 0.002104 0.009956 0.969139 0.009956 0.002104 0.993258 -0.002109 -0.009973 -0.969095 -0.009973 -0.002109 0.000000 
5.000000e-01 5.000000e-01 4.999736e-03 5.000000e-01 5.000000e-01 1.515008e+00 -0.993258 0.002104 0.009956 0.969139 0.009956 0.002104 0.993258 -0.002109 -0.009973 -0.969095 -0.009973 -0.002109 0.000000 
5.000000e-01 5.000000e-01 4.999736e-03 5.000000e-01 5.000000e-01 1.515008e+00 -0.993258 0.002104 0.009956 0.969139 0.009956 0.002104 0.993258 -0.002109 -0.009973 -0.969095 -0.009973 -0.002109 0.000000 
5.000000e-01 5.000000e-01 4.999736e-03 5.000000e-01 5.000000e-01 1.515008e+00 -0.993258 0.002104 0.009956 0.969139 0.009956 0.002104 0.993258 -0.002109 -0.009973 -0.969095 -0.009973 -0.002109 0.000000 
5.000000e-01 5.000000e-01 4.999736e-03 5.000000e-01 5.000000e-01 1.515008e+00 -0.993258 0.002104 0.009956 0.969139 0.009956 0.002104 0.993258 -0.002109 -0.009973 -0.969095 -0.009973 -0.002109 0.000000 
5.000000e-01 5.000000e-01 4.999736e-03 5.000000e-01 5.000000e-01 1.515008e+00 -0.993258 0.002104 0.009956 0.969139 0.009956 0.002104 0.993258 -0.002109 -0.009973 -0.969095 -0.009973 -0.002109 0.000000 
5.000000e-01 5.000000e-01 4.999736e-03 5.000000e-01 5.000000e-01 1.515008e+00 -0.993258 0.002104 0.009956 0.969139 0.009956 0.002104 0.993258 -0.002109 -0.009973 -0.969095 -0.009973 -0.002109 0.000000 
5.000000e-01 5.000000e-01 4.999736e-03 5.000000e-01 5.000000e-01 1.515008e+00 -0.993258 0.002104 0.009956 0.969139 0.009956 0.002104 0.993258 -0.002109 -0.009973 -0.969095 -0.009973 -0.002109 0.000000 
5.000000e-01 5.000000e-01 4.999736e-03 5.000000e-01 5.000000e-01 1.515008e+00 -0.993258 0.002104 0.009956 0.969139 0.009956 0.002104 0.993258 -0.002109 -0.009973 -0.969095 -0.009973 -0.002109 0.000000 
5.000000e-01 5.000000e-01 4.999736e-03 5.000000e-01 5.000000e-01 1.515008e+00 -0.993258 0.002104 0.009956 0.969139 0.009956 0.002104 0.993258 -0.002109 -0.009973 -0.969095 -0.009973 -0.002109 0.000000 
5.000000e-01 5.000000e-01 4.999736e-03 5.000000e-01 5.000000e-01 1.515008e+00 -0.993258 0.002104 0.009956 0.969139 0.009956 0.002104 0.993258 -0.002109 -0.009973 -0.969095 -0.009973 -0.002109 0.000000 
5.000000e-01 5.000000e-01 4.999736e-03 5.000000e-01 5.000000e-01 1.515008e+00 -0.993258 0.002104 0.009956 0.969139 0.009956 0.002104 0.993258 -0.002109 -0.009973 -0.969095 -0.009973 -0.002109 0.000000 
5.000000e-01 5.000000e-01 4.999736e-03 5.000000e-01 5.000000e-01 1.515008e+00 -0.993258 0.002104 0.009956 0.969139 0.009956 0.002104 0.993258 -0.002109 -0.009973 -0.969095 -0.009973 -0.002109 0.000000 
5.000000e-01 5.000000e-01 4.999736e-03 5.000000e-01 5.000000e-01 1.515008e+00 -0.993258 0.002104 0.009956 0.969139 0.009956 0.002104 0.993258 -0.002109 -0.009973 -0.969095 -0.009973 -0.002109 0.000000 
5.000000e-01 5.000000e-01 4.999736e-03 5.000000e-01 5.000000e-01 1.515008e+00 -0.993258 0.002104 0.009956 0.969139 0.009956 0.002104 0.993258 -0.002109 -0.009973 -0.969095 -0.009973 -0.002109 0.000000 
5.000000e-01 5.000000e-01 4.999736e-03 5.000000e-01 5.000000e-01 1.515008e+00 -0.993258 0.002104 0.009956 0.969139 0.009956 0.002104 0.993258 -0.002109 -0.009973 -0.969095 -0.009973 -0.002109 0.000000 
5.000000e-01 5.000000e-01 4.999736e-03 5.000000e-01 5.000000e-01 1.515008e+00 -0.993258 0.002104 0.009956 0.969139 0.009956 0.002104 0.993258 -0.002109 -0.009973 -0.969095 -0.009973 -0.002109 0.000000 
5.000000e-01 5.000000e-01 4.999736e-03 5.000000e-01 5.000000e-01 1.515008e+00 -0.993258 0.002104 0.009956 0.969139 0.009956 0.002104 0.993258 -0.002109 -0.009973 -0.969095 -0.009973 -0.002109 0.000000 
5.000000e-01 5.000000e-01 4.999736e-03 5.000000e-01 5.000000e-01 1.515008e+00 -0.993258 0.002104 0.009956 0.969139 0.009956 0.002104 0.993258 -0.002109 -0.009973 -0.969095 -0.009973 -0.002109 0.000000 
5.000000e-01 5.000000e-01 4.999736e-03 5.000000e-01 5.000000e-01 1.515008e+00 -0.993258 0.002104 0.009956 0.969139 0.009956 0.002104 0.993258 -0.002109 -0.009973 -0.969095 -0.009973 -0.002109 0.000000 
5.000000e-01 5.000000e-01 4.999736e-03 5.000000e-01 5.000000e-01 1.515008e+00 -0.993258 0.002104 0.009956 0.969139 0.009956 0.002104 0.993258 -0.002109 -0.009973 -0.969095 -0.009973 -0.002109 0.000000 
5.000000e-01 5.000000e-01 4.999736e-03 5.000000e-01 5.000000e-01 1.515008e+00 -0.993258 0.002104 0.009956 0.969139 0.009956 0.002104 0.993258 -0.002109 -0.009973 -0.969095 -0.009973 -0.002109 0.000000 
5.000000e-01 5.000000e-01 4.999736e-03 5.000000e-01 5.000000e-01 1.515008e+00 -0.993258 0.002104 0.009956 0.969139 0.009956 0.002104 0.993258 -0.002109 -0.009973 -0.969095 -0.009973 -0.002109 0.000000 
5.000000e-01 5.000000e-01 4.999736e-03 5.000000e-01 5.000000e-01 1.515008e+00 -0.993258 0.002104 0.009956 0.969139 0.009956 0.002104 0.993258 -0.002109 -0.009973 -0.969095 -0.009973 -0.002109 0.000000 
5.000000e-01 5.000000e-01 4.999736e-03 5.000000e-01 5.000000e-01 1.515008e+00 -0.993258 0.002104 0.009956 0.969139 0.009956 0.002104 0.993258 -0.002109 -0.009973 -0.969095 -0.009973 -0.002109 0.000000 
5.000000e-01 5.000000e-01 4.999736e-03 5.000000e-01 5.000000e-01 1.515008e+00 -0.993258 0.002104 0.009956 0.969139 0.009956 0.002104 0.993258 -0.002109 -0.009973 -0.969095 -0.009973 -0.002109 0.000000 
5.000000e-01 5.000000e-01 4.999736e-03 5.000000e-01 5.000000e-01 1.515008e+00 -0.993258 0.002104 0.009956 0.969139 0.009956 0.002104 0.993258 -0.002109 -0.009973 -0.969095 -0.009973 -0.002109 0.000000 
5.000000e-01 5.000000e-01 4.999736e-03 5.000000e-01 5.000000e-01 1.515008e+00 -0.993258 0.002104 0.009956 0.969139 0.009956 0.002104 0.993258 -0.002109 -0.009973 -0.969095 -0.009973 -0.002109 0.000000 
5.000000e-01 5.000000e-01 4.999736e-03 5.000000e-01 5.000000e-01 1.515008e+00 -0.993258 0.002104 0.009956 0.969139 0.009956 0.002104 0.993258 -0.002109 -0.009973 -0.969095 -0.009973 -0.002109 0.000000 
5.000000e-01 5.000000e-01 4.999736e-03 5.000000e-01 5.000000e-01 1.515008e+00 -0.993258 0.002104 0.009956 0.969139 0.009956 0.002104 0.993258 -0.002109 -0.009973 -0.969095 -0.009973 -0.002109 0.000000 
5.000000e-01 5.000000e-01 4.999736e-03 5.000000e-01 5.000000e-01 1.515008e+00 -0.993258 0.002104 0.009956 0.969139 0.009956 0.002104 0.993258 -0.002109 -0.009973 -0.969095 -0.009973 -0.002109 0.000000 
5.000000e-01 5.000000e-01 4.999736e-03 5.000000e-01 5.000000e-01 1.515008e+00 -0.993258 0.002104 0.009956 0.969139 0.009956 0.002104 0.993258 -0.002109 -0.009973 -0.969095 -0.009973 -0.002109 0.000000 
5.000000e-01 5.000000e-01 4.999736e-03 5.000000e-01 5.000000e-01 1.515008e+00 -0.993258 0.002104 0.009956 0.969139 0.009956 0.002104 0.993258 -0.002109 -0.009973 -0.969095 -0.009973 -0.002109 0.000000 
5.000000e-01 5.000000e-01 4.999736e-03 5.000000e-01 5.000000e-01 1.515008e+00 -0.993258 0.002104 0.009956 0.969139 0.009956 0.002104 0.993258 -0.002109 -0.009973 -0.969095 -0.009973 -0.002109 0.000000 
5.000000e-01 5.000000e-01 4.999736e-03 5.000000e-01 5.000000e-01 1.515008e+00 -0.993258 0.002104 0.009956 0.969139 0.009956 0.002104 0.993258 -0.002109 -0.009973 -0.969095 -0.009973 -0.002109 0.000000 
5.000000e-01 5.000000e-01 4.999736e-03 5.000000e-01 5.000000e-01 1.515008e+00 -0.993258 0.002104 0.009956 0.969139 0.009956 0.002104 0.993258 -0.002109 -0.009973 -0.969095 -0.009973 -0.002109 0.000000 
5.000000e-01 5.000000e-01 4.999736e-03 5.000000e-01 5.000000e-01 1.515008e+00 -0.993258 0.002104 0.009956 0.969139 0.009956 0.002104 0.993258 -0.002109 -0.009973 -0.969095 -0.009973 -0.002109 0.000000 
5.000000e-01 5.000000e-01 4.999736e-03 5.000000e-01 5.000000e-01 1.515008e+00 -0.993258 0.002104 0.009956 0.969139 0.009956 0.002104 0.993258 -0.002109 -0.009973 -0.969095 -0.009973 -0.002109 0.000000 
5.000000e-01 5.000000e-01 4.999736e-03 5.000000e-01 5.000000e-01 1.515008e+00 -0.993258 0.002104 0.009956 0.969139 0.009956 0.002104 0.993258 -0.002109 -0.009973 -0.969095 -0.009973 -0.002109 0.000000 
5.000000e-01 5.000000e-01 4.999736e-03 5.000000e-01 5.000000e-01 1.515008e+00 -0.993258 0.002104 0.009956 0.969139 0.009956 0.002104 0.993258 -0.002109 -0.009973 -0.969095 -0.009973 -0.002109 0.000000 
5.000000e-01 5.000000e-01 4.999736e-03 5.000000e-01 5.000000e-01 1.515008e+00 -0.993258 0.002104 0.009956 0.969139 0.009956 0.002104 0.993258 -0.002109 -0.009973 -0.969095 -0.009973 -0.002109 0.000000 
5.000000e-01 5.000000e-01 4.999736e-03 5.000000e-01 5.000000e-01 1.515008e+00 -0.993258 0.002104 0.009956 0.969139 0.009956 0.002104 0.993258 -0.002109 -0.009973 -0.969095 -0.009973 -0.002109 0.000000 
5.000000e-01 5.000000e-01 4.999736e-03 5.000000e-01 5.000000e-01 1.515008e+00 -0.993258 0.002104 0.009956 0.969139 0.009956 0.002104 0.993258 -0.002109 -0.009973 -0.969095 -0.009973 -0.002109 0.000000 
5.000000e-01 5.000000e-01 4.999736e-03 5.000000e-01 5.000000e-01 1.515008e+00 -0.993258 0.002104 0.009956 0.969139 0.009956 0.002104 0.993258 -0.002109 -0.009973 -0.969095 -0.009973 -0.002109 0.000000 
5.000000e-01 5.000000e-01 4.999736e-03 5.000000e-01 5.000000e-01 1.515008e+00 -0.993258 0.002104 0.009956 0.969139 0.009956 0.002104 0.993258 -0.002109 -0.009973 -0.969095 -0.009973 -0.002109 0.000000 
5.000000e-01 5.000000e-01 4.999736e-03 5.000000e-01 5.000000e-01 1.515008e+00 -0.993258 0.002104 0.009956 0.969139 0.009956 0.002104 0.993258 -0.002109 -0.009973 -0.969095 -0.009973 -0.002109 0.000000 
5.000000e-01 5.000000e-01 4.999736e-03 5.000000e-01 5.000000e-01 1.515008e+00 -0.993258 0.002104 0.009956 0.969139 0.009956 0.002104 0.993258 -0.002109 -0.009973 -0.969095 -0.009973 -0.002109 0.000000 
5.000000e-01 5.000000e-01 4.999736e-03 5.000000e-01 5.000000e-01 1.515008e+00 -0.993258 0.002104 0.009956 0.969139 0.009956 0.002104 0.993258 -0.002109 -0.009973 -0.969095 -0.009973 -0.002109 0.000000 
5.000000e-01 5.000000e-01 4.999736e-03 5.000000e-01 5.000000e-01 1.515008e+00 -0.993258 0.002104 0.009956 0.969139 0.009956 0.002104 0.993258 -0.002109 -0.009973 -0.969095 -0.009973 -0.002109 0.000000 
5.000000e-01 5.000000e-01 4.999736e-03 5.000000e-01 5.000000e-01 1.515008e+00 -0.993258 0.002104 0.009956 0.969139 0.009956 0.002104 0.993258 -0.002109 -0.009973 -0.969095 -0.009973 -0.002109 0.000000 
5.000000e-01 5.000000e-01 4.999736e-03 5.000000e-01 5.000000e-01 1.515008e+00 -0.993258 0.002104 0.009956 0.969139 0.009956 0.002104 0.993258 -0.002109 -0.009973 -0.969095 -0.009973 -0.002109 0.000000 
5.000000e-01 5.000000e-01 4.999736e-03 5.000000e-01 5.000000e-01 1.515008e+00 -0.993258 0.002104 0.009956 0.969139 0.009956 0.002104 0.993258 -0.002109 -0.009973 -0.969095 -0.009973 -0.002109 0.000000 
5.000000e-01 5.000000e-01 4.999736e-03 5.000000e-01 5.000000e-01 1.515008e+00 -0.993258 0.002104 0.009956 0.969139 0.009956 0.002104 0.993258 -0.002109 -0.009973 -0.969095 -0.009973 -0.002109 0.000000 
5.000000e-01 5.000000e-01 4.999736e-03 5.000000e-01 5.000000e-01 1.515008e+00 -0.993258 0.002104 0.009956 0.969139 0.009956 0.002104 0.993258 -0.002109 -0.009973 -0.969095 -0.009973 -0.002109 0.000000 
5.000000e-01 5.000000e-01 4.999736e-03 5.000000e-01 5.000000e-01 1.515008e+00 -0.993258 0.002104 0.009956 0.969139 0.009956 0.002104 0.993258 -0.002109 -0.009973 -0.969095 -0.009973 -0.002109 0.000000 
5.000000e-01 5.000000e-01 4.999736e-03 5.000000e-01 5.000000e-01 1.515008e+00 -0.993258 0.002104 0.009956 0.969139 0.009956 0.002104 0.993258 -0.002109 -0.009973 -0.969095 -0.009973 -0.002109 0.000000 
5.000000e-01 5.000000e-01 4.999736e-03 5.000000e-01 5.000000e-01 1.515008e+00 -0.993258 0.002104 0.009956 0.969139 0.009956 0.002104 0.993258 -0.002109 -0.009973 -0.969095 -0.009973 -0.002109 0.000000 
5.000000e-01 5.000000e-01 4.999736e-03 5.000000e-01 5.000000e-01 1.515008e+00 -0.993258 0.002104 0.009956 0.969139 0.009956 0.002104 0.993258 -0.002109 -0.009973 -0.969095 -0.009973 -0.002109 0.000000 
5.000000e-01 5.000000e-01 4.999736e-03 5.000000e-01 5.000000e-01 1.515008e+00 -0.993258 0.002104 0.009956 0.969139 0.009956 0.002104 0.993258 -0.002109 -0.009973 -0.969095 -0.009973 -0.002109 0.000000 
5.000000e-01 5.000000e-01 4.999736e-03 5.000000e-01 5.000000e-01 1.515008e+00 -0.993258 0.002104 0.009956 0.969139 0.009956 0.002104 0.993258 -0.002109 -0.009973 -0.969095 -0.009973 -0.002109 0.000000 
5.000000e-01 5.000000e-01 4.999736e-03 5.000000e-01 5.000000e-01 1.515008e+00 -0.993258 0.002104 0.009956 0.969139 0.009956 0.002104 0.993258 -0.002109 -0.009973 -0.969095 -0.009973 -0.002109 0.000000 
5.000000e-01 5.000000e-01 4.999736e-03 5.000000e-01 5.000000e-01 1.515008e+00 -0.993258 0.002104 0.009956 0.969139 0.009956 0.002104 0.993258 -0.002109 -0.009973 -0.969095 -0.009973 -0.002109 0.000000 
5.000000e-01 5.000000e-01 4.999736e-03 5.000000e-01 5.000000e-01 1.515008e+00 -0.993258 0.002104 0.009956 0.969139 0.009956 0.002104 0.993258 -0.002109 -0.009973 -0.969095 -0.009973 -0.002109 0.000000 
5.000000e-01 5.000000e-01 4.999736e-03 5.000000e-01 5.000000e-01 1.515008e+00 -0.993258 0.002104 0.009956 0.969139 0.009956 0.002104 0.993258 -0.002109 -0.009973 -0.969095 -0.009973 -0.002109 0.000000 
5.000000e-01 5.000000e-01 4.999736e-03 5.000000e-01 5.000000e-01 1.515008e+00 -0.993258 0.002104 0.009956 0.969139 0.009956 0.002104 0.993258 -0.002109 -0.009973 -0.969095 -0.009973 -0.002109 0.000000 
5.000000e-01 5.000000e-01 4.999736e-03 5.000000e-01 5.000000e-01 1.515008e+00 -0.993258 0.002104 0.009956 0.969139 0.009956 0.002104 0.993258 -0.002109 -0.009973 -0.969095 -0.009973 -0.002109 0.000000 
5.000000e-01 5.000000e-01 4.999736e-03 5.000000e-01 5.000000e-01 1.515008e+00 -0.993258 0.002104 0.009956 0.969139 0.009956 0.002104 0.993258 -0.002109 -0.009973 -0.969095 -0.009973 -0.002109 0.000000 
5.000000e-01 5.000000e-01 4.999736e-03 5.000000e-01 5.000000e-01 1.515008e+00 -0.993258 0.002104 0.009956 0.969139 0.009956 0.002104 0.993258 -0.002109 -0.009973 -0.969095 -0.009973 -0.002109 0.000000 
5.000000e-01 5.000000e-01 4.999736e-03 5.000000e-01 5.000000e-01 1.515008e+00 -0.993258 0.002104 0.009956 0.969139 0.009956 0.002104 0.993258 -0.002109 -0.009973 -0.969095 -0.009973 -0.002109 0.000000 
5.000000e-01 5.000000e-01 4.999736e-03 5.000000e-01 5.000000e-01 1.515008e+00 -0.993258 0.002104 0.009956 0.969139 0.009956 0.002104 0.993258 -0.002109 -0.009973 -0.969095 -0.009973 -0.002109 0.000000 
5.000000e-01 5.000000e-01 4.999736e-03 5.000000e-01 5.000000e-01 1.515008e+00 -0.993258 0.002104 0.009956 0.969139 0.009956 0.002104 0.993258 -0.002109 -0.009973 -0.969095 -0.009973 -0.002109 0.000000 
5.000000e-01 5.000000e-01 4.999736e-03 5.000000e-01 5.000000e-01 1.515008e+00 -0.993258 0.002104 0.009956 0.969139 0.009956 0.002104 0.993258 -0.002109 -0.009973 -0.969095 -0.009973 -0.002109 0.000000 
5.000000e-01 5.000000e-01 4.999736e-03 5.000000e-01 5.000000e-01 1.515008e+00 -0.993258 0.002104 0.009956 0.969139 0.009956 0.002104 0.993258 -0.002109 -0.009973 -0.969095 -0.009973 -0.002109 0.000000 
5.000000e-01 5.000000e-01 4.999736e-03 5.000000e-01 5.000000e-01 1.515008e+00 -0.993258 0.002104 0.009956 0.969139 0.009956 0.002104 0.993258 -0.002109 -0.009973 -0.969095 -0.009973 -0.002109 0.000000 
5.000000e-01 5.000000e-01 4.999736e-03 5.000000e-01 5.000000e-01 1.515008e+00 -0.993258 0.002104 0.009956 0.969139 0.009956 0.002104 0.993258 -0.002109 -0.009973 -0.969095 -0.009973 -0.002109 0.000000 
5.000000e-01 5.000000e-01 4.999736e-03 5.000000e-01 5.000000e-01 1.515008e+00 -0.993258 0.002104 0.009956 0.969139 0.009956 0.002104 0.993258 -0.002109 -0.009973 -0.969095 -0.009973 -0.002109 0.000000 
5.000000e-01 5.000000e-01 4.999736e-03 5.000000e-01 5.000000e-01 1.515008e+00 -0.993258 0.002104 0.009956 0.969139 0.009956 0.002104 0.993258 -0.002109 -0.009973 -0.969095 -0.009973 -0.002109 0.000000 
5.000000e-01 5.000000e-01 4.999736e-03 5.000000e-01 5.000000e-01 1.515008e+00 -0.993258 0.002104 0.009956 0.969139 0.009956 0.002104 0.993258 -0.002109 -0.009973 -0.969095 -0.009973 -0.002109 0.000000 
5.000000e-01 5.000000e-01 4.999736e-03 5.000000e-01 5.000000e-01 1.515008e+00 -0.993258 0.002104 0.009956 0.969139 0.009956 0.002104 0.993258 -0.002109 -0.009973 -0.969095 -0.009973 -0.002109 0.000000 
5.000000e-01 5.000000e-01 4.999736e-03 5.000000e-01 5.000000e-01 1.515008e+00 -0.993258 0.002104 0.009956 0.969139 0.009956 0.002104 0.993258 -0.002109 -0.009973 -0.969095 -0.009973 -0.002109 0.000000 
5.000000e-01 5.000000e-01 4.999736e-03 5.000000e-01 5.000000e-01 1.515008e+00 -0.993258 0.002104 0.009956 0.969139 0.009956 0.002104 0.993258 -0.002109 -0.009973 -0.969095 -0.009973 -0.002109 0.000000 
5.000000e-01 5.000000e-01 4.999736e-03 5.000000e-01 5.000000e-01 1.515008e+00 -0.993258 0.002104 0.009956 0.969139 0.009956 0.002104 0.993258 -0.002109 -0.009973 -0.969095 -0.009973 -0.002109 0.000000 
5.000000e-01 5.000000e-01 4.999736e-03 5.000000e-01 5.000000e-01 1.515008e+00 -0.993258 0.002104 0.009956 0.969139 0.009956 0.002104 0.993258 -0.002109 -0.009973 -0.969095 -0.009973 -0.002109 0.000000 
5.000000e-01 5.000000e-01 4.999736e-03 5.000000e-01 5.000000e-01 1.515008e+00 -0.993258 0.002104 0.009956 0.969139 0.009956 0.002104 0.993258 -0.002109 -0.009973 -0.969095 -0.009973 -0.002109 0.000000 
5.000000e-01 5.000000e-01 4.999736e-03 5.000000e-01 5.000000e-01 1.515008e+00 -0.993258 0.002104 0.009956 0.969139 0.009956 0.002104 0.993258 -0.002109 -0.009973 -0.969095 -0.009973 -0.002109 0.000000 
5.000000e-01 5.000000e-01 4.999736e-03 5.000000e-01 5.000000e-01 1.515008e+00 -0.993258 0.002104 0.009956 0.969139 0.009956 0.002104 0.993258 -0.002109 -0.009973 -0.969095 -0.009973 -0.002109 0.000000 
5.000000e-01 5.000000e-01 4.999736e-03 5.000000e-01 5.000000e-01 1.515008e+00 -0.993258 0.002104 0.009956 0.969139 0.009956 0.002104 0.993258 -0.002109 -0.009973 -0.969095 -0.009973 -0.002109 0.000000 
5.000000e-01 5.000000e-01 4.999736e-03 5.000000e-01 5.000000e-01 1.515008e+00 -0.993258 0.002104 0.009956 0.969139 0.009956 0.002104 0.993258 -0.002109 -0.009973 -0.969095 -0.009973 -0.002109 0.000000 
5.000000e-01 5.000000e-01 4.999736e-03 5.000000e-01 5.000000e-01 1.515008e+00 -0.993258 0.002104 0.009956 0.969139 0.009956 0.002104 0.993258 -0.002109 -0.009973 -0.969095 -0.009973 -0.002109 0.000000 
5.000000e-01 5.000000e-01 4.999736e-03 5.000000e-01 5.000000e-01 1.515008e+00 -0.993258 0.002104 0.009956 0.969139 0.009956 0.002104 0.993258 -0.002109 -0.009973 -0.969095 -0.009973 -0.002109 0.000000 
5.000000e-01 5.000000e-01 4.999736e-03 5.000000e-01 5.000000e-01 1.515008e+00 -0.993258 0.002104 0.009956 0.969139 0.009956 0.002104 0.993258 -0.002109 -0.009973 -0.969095 -0.009973 -0.002109 0.000000 
5.000000e-01 5.000000e-01 4.999736e-03 5.000000e-01 5.000000e-01 1.515008e+00 -0.993258 0.002104 0.009956 0.969139 0.009956 0.002104 0.993258 -0.002109 -0.009973 -0.969095 -0.009973 -0.002109 0.000000 
5.000000e-01 5.000000e-01 4.999736e-03 5.000000e-01 5.000000e-01 1.515008e+00 -0.993258 0.002104 0.009956 0.969139 0.009956 0.002104 0.993258 -0.002109 -0.009973 -0.969095 -0.009973 -0.002109 0.000000 
5.000000e-01 5.000000e-01 4.999736e-03 5.000000e-01 5.000000e-01 1.515008e+00 -0.993258 0.002104 0.009956 0.969139 0.009956 0.002104 0.993258 -0.002109 -0.009973 -0.969095 -0.009973 -0.002109 0.000000 
5.000000e-01 5.000000e-01 4.999736e-03 5.000000e-01 5.000000e-01 1.515008e+00 -0.993258 0.002104 0.009956 0.969139 0.009956 0.002104 0.993258 -0.002109 -0.009973 -0.969095 -0.009973 -0.002109 0.000000 
5.000000e-01 5.000000e-01 4.999736e-03 5.000000e-01 5.000000e-01 1.515008e+00 -0.993258 0.002104 0.009956 0.969139 0.009956 0.002104 0.993258 -0.002109 -0.009973 -0.969095 -0.009973 -0.002109 0.000000 
5.000000e-01 5.000000e-01 4.999736e-03 5.000000e-01 5.000000e-01 1.515008e+00 -0.993258 0.002104 0.009956 0.969139 0.009956 0.002104 0.993258 -0.002109 -0.009973 -0.969095 -0.009973 -0.002109 0.000000 
5.000000e-01 5.000000e-01 4.999736e-03 5.000000e-01 5.000000e-01 1.515008e+00 -0.993258 0.002104 0.009956 0.969139 0.009956 0.002104 0.993258 -0.002109 -0.009973 -0.969095 -0.009973 -0.002109 0.000000 
5.000000e-01 5.000000e-01 4.999736e-03 5.000000e-01 5.000000e-01 1.515008e+00 -0.993258 0.002104 0.009956 0.969139 0.009956 0.002104 0.993258 -0.002109 -0.009973 -0.969095 -0.009973 -0.002109 0.000000 
5.000000e-01 5.000000e-01 4.999736e-03 5.000000e-01 5.000000e-01 1.515008e+00 -0.993258 0.002104 0.009956 0.969139 0.009956 0.002104 0.993258 -0.002109 -0.009973 -0.969095 -0.009973 -0.002109 0.000000 
5.000000e-01 5.000000e-01 4.999736e-03 5.000000e-01 5.000000e-01 1.515008e+00 -0.993258 0.002104 0.009956 0.969139 0.009956 0.002104 0.993258 -0.002109 -0.009973 -0.969095 -0.009973 -0.002109 0.000000 
5.000000e-01 5.000000e-01 4.999736e-03 5.000000e-01 5.000000e-01 1.515008e+00 -0.993258 0.002104 0.009956 0.969139 0.009956 0.002104 0.993258 -0.002109 -0.009973 -0.969095 -0.009973 -0.002109 0.000000 
5.000000e-01 5.000000e-01 4.999736e-03 5.000000e-01 5.000000e-01 1.515008e+00 -0.993258 0.002104 0.009956 0.969139 0.009956 0.002104 0.993258 -0.002109 -0.009973 -0.969095 -0.009973 -0.002109 0.000000 
5.000000e-01 5.000000e-01 4.999736e-03 5.000000e-01 5.000000e-01 1.515008e+00 -0.993258 0.002104 0.009956 0.969139 0.009956 0.002104 0.993258 -0.002109 -0.009973 -0.969095 -0.009973 -0.002109 0.000000 
5.000000e-01 5.000000e-01 4.999736e-03 5.000000e-01 5.000000e-01 1.515008e+00 -0.993258 0.002104 0.009956 0.969139 0.009956 0.002104 0.993258 -0.002109 -0.009973 -0.969095 -0.009973 -0.002109 0.000000 
5.000000e-01 5.000000e-01 4.999736e-03 5.000000e-01 5.000000e-01 1.515008e+00 -0.993258 0.002104 0.009956 0.969139 0.009956 0.002104 0.993258 -0.002109 -0.009973 -0.969095 -0.009973 -0.002109 0.000000 
5.000000e-01 5.000000e-01 4.999736e-03 5.000000e-01 5.000000e-01 1.515008e+00 -0.993258 0.002104 0.009956 0.969139 0.009956 0.002104 0.993258 -0.002109 -0.009973 -0.969095 -0.009973 -0.002109 0.000000 
5.000000e-01 5.000000e-01 4.999736e-03 5.000000e-01 5.000000e-01 1.515008e+00 -0.993258 0.002104 0.009956 0.969139 0.009956 0.002104 0.993258 -0.002109 -0.009973 -0.969095 -0.009973 -0.002109 0.000000 
5.000000e-01 5.000000e-01 4.999736e-03 5.000000e-01 5.000000e-01 1.515008e+00 -0.993258 0.002104 0.009956 0.969139 0.009956 0.002104 0.993258 -0.002109 -0.009973 -0.969095 -0.009973 -0.002109 0.000000 
5.000000e-01 5.000000e-01 4.999736e-03 5.000000e-01 5.000000e-01 1.515008e+00 -0.993258 0.002104 0.009956 0.969139 0.009956 0.002104 0.993258 -0.002109 -0.009973 -0.969095 -0.009973 -0.002109 0.000000 
5.000000e-01 5.000000e-01 4.999736e-03 5.000000e-01 5.000000e-01 1.515008e+00 -0.993258 0.002104 0.009956 0.969139 0.009956 0.002104 0.993258 -0.002109 -0.009973 -0.969095 -0.009973 -0.002109 0.000000 
5.000000e-01 5.000000e-01 4.999736e-03 5.000000e-01 5.000000e-01 1.515008e+00 -0.993258 0.002104 0.009956 0.969139 0.009956 0.002104 0.993258 -0.002109 -0.009973 -0.969095 -0.009973 -0.002109 0.000000 
5.000000e-01 5.000000e-01 4.999736e-03 5.000000e-01 5.000000e-01 1.515008e+00 -0.993258 0.002104 0.009956 0.969139 0.009956 0.002104 0.993258 -0.002109 -0.009973 -0.969095 -0.009973 -0.002109 0.000000 
5.000000e-01 5.000000e-01 4.999736e-03 5.000000e-01 5.000000e-01 1.515008e+00 -0.993258 0.002104 0.009956 0.969139 0.009956 0.002104 0.993258 -0.002109 -0.009973 -0.969095 -0.009973 -0.002109 0.000000 
5.000000e-01 5.000000e-01 4.999736e-03 5.000000e-01 5.000000e-01 1.515008e+00 -0.993258 0.002104 0.009956 0.969139 0.009956 0.002104 0.993258 -0.002109 -0.009973 -0.969095 -0.009973 -0.002109 0.000000 
5.000000e-01 5.000000e-01 4.999736e-03 5.000000e-01 5.000000e-01 1.515008e+00 -0.993258 0.002104 0.009956 0.969139 0.009956 0.002104 0.993258 -0.002109 -0.009973 -0.969095 -0.009973 -0.002109 0.000000 
5.000000e-01 5.000000e-01 4.999736e-03 5.000000e-01 5.000000e-01 1.515008e+00 -0.993258 0.002104 0.009956 0.969139 0.009956 0.002104 0.993258 -0.002109 -0.009973 -0.969095 -0.009973 -0.002109 0.000000 
5.000000e-01 5.000000e-01 4.999736e-03 5.000000e-01 5.000000e-01 1.515008e+00 -0.993258 0.002104 0.009956 0.969139 0.009956 0.002104 0.993258 -0.002109 -0.009973 -0.969095 -0.009973 -0.002109 0.000000 
5.000000e-01 5.000000e-01 4.999736e-03 5.000000e-01 5.000000e-01 1.515008e+00 -0.993258 0.002104 0.009956 0.969139 0.009956 0.002104 0.993258 -0.002109 -0.009973 -0.969095 -0.009973 -0.002109 0.000000 
5.000000e-01 5.000000e-01 4.999736e-03 5.000000e-01 5.000000e-01 1.515008e+00 -0.993258 0.002104 0.009956 0.969139 0.009956 0.002104 0.993258 -0.002109 -0.009973 -0.969095 -0.009973 -0.002109 0.000000 
5.000000e-01 5.000000e-01 4.999736e-03 5.000000e-01 5.000000e-01 1.515008e+00 -0.993258 0.002104 0.009956 0.969139 0.009956 0.002104 0.993258 -0.002109 -0.009973 -0.969095 -0.009973 -0.002109 0.000000 
5.000000e-01 5.000000e-01 4.999736e-03 5.000000e-01 5.000000e-01 1.515008e+00 -0.993258 0.002104 0.009956 0.969139 0.009956 0.002104 0.993258 -0.002109 -0.009973 -0.969095 -0.009973 -0.002109 0.000000 
5.000000e-01 5.000000e-01 4.999736e-03 5.000000e-01 5.000000e-01 1.515008e+00 -0.993258 0.002104 0.009956 0.969139 0.009956 0.002104 0.993258 -0.002109 -0.009973 -0.969095 -0.009973 -0.002109 0.000000 
5.000000e-01 5.000000e-01 4.999736e-03 5.000000e-01 5.000000e-01 1.515008e+00 -0.993258 0.002104 0.009956 0.969139 0.009956 0.002104 0.993258 -0.002109 -0.009973 -0.969095 -0.009973 -0.002109 0.000000 
5.000000e-01 5.000000e-01 4.999736e-03 5.000000e-01 5.000000e-01 1.515008e+00 -0.993258 0.002104 0.009956 0.969139 0.009956 0.002104 0.993258 -0.002109 -0.009973 -0.969095 -0.009973 -0.002109 0.000000 
5.000000e-01 5.000000e-01 4.999736e-03 5.000000e-01 5.000000e-01 1.515008e+00 -0.993258 0.002104 0.009956 0.969139 0.009956 0.002104 0.993258 -0.002109 -0.009973 -0.969095 -0.009973 -0.002109 0.000000 
5.000000e-01 5.000000e-01 4.999736e-03 5.000000e-01 5.000000e-01 1.515008e+00 -0.993258 0.002104 0.009956 0.969139 0.009956 0.002104 0.993258 -0.002109 -0.009973 -0.969095 -0.009973 -0.002109 0.000000 
5.000000e-01 5.000000e-01 4.999736e-03 5.000000e-01 5.000000e-01 1.515008e+00 -0.993258 0.002104 0.009956 0.969139 0.009956 0.002104 0.993258 -0.002109 -0.009973 -0.969095 -0.009973 -0.002109 0.000000 
5.000000e-01 5.000000e-01 4.999736e-03 5.000000e-01 5.000000e-01 1.515008e+00 -0.993258 0.002104 0.009956 0.969139 0.009956 0.002104 0.993258 -0.002109 -0.009973 -0.969095 -0.009973 -0.002109 0.000000 
5.000000e-01 5.000000e-01 4.999736e-03 5.000000e-01 5.000000e-01 1.515008e+00 -0.993258 0.002104 0.009956 0.969139 0.009956 0.002104 0.993258 -0.002109 -0.009973 -0.969095 -0.009973 -0.002109 0.000000 
5.000000e-01 5.000000e-01 4.999736e-03 5.000000e-01 5.000000e-01 1.515008e+00 -0.993258 0.002104 0.009956 0.969139 0.009956 0.002104 0.993258 -0.002109 -0.009973 -0.969095 -0.009973 -0.002109 0.000000 
5.000000e-01 5.000000e-01 4.999736e-03 5.000000e-01 5.000000e-01 1.515008e+00 -0.993258 0.002104 0.009956 0.969139 0.009956 0.002104 0.993258 -0.002109 -0.009973 -0.969095 -0.009973 -0.002109 0.000000 
5.000000e-01 5.000000e-01 4.999736e-03 5.000000e-01 5.000000e-01 1.515008e+00 -0.993258 0.002104 0.009956 0.969139 0.009956 0.002104 0.993258 -0.002109 -0.009973 -0.969095 -0.009973 -0.002109 0.000000 
5.000000e-01 5.000000e-01 4.999736e-03 5.000000e-01 5.000000e-01 1.515008e+00 -0.993258 0.002104 0.009956 0.969139 0.009956 0.002104 0.993258 -0.002109 -0.009973 -0.969095 -0.009973 -0.002109 0.000000 
5.000000e-01 5.000000e-01 4.999736e-03 5.000000e-01 5.000000e-01 1.515008e+00 -0.993258 0.002104 0.009956 0.969139 0.009956 0.002104 0.993258 -0.002109 -0.009973 -0.969095 -0.009973 -0.002109 0.000000 
5.000000e-01 5.000000e-01 4.999736e-03 5.000000e-01 5.000000e-01 1.515008e+00 -0.993258 0.002104 0.009956 0.969139 0.009956 0.002104 0.993258 -0.002109 -0.009973 -0.969095 -0.009973 -0.002109 0.000000 
5.000000e-01 5.000000e-01 4.999736e-03 5.000000e-01 5.000000e-01 1.515008e+00 -0.993258 0.002104 0.009956 0.969139 0.009956 0.002104 0.993258 -0.002109 -0.009973 -0.969095 -0.009973 -0.002109 0.000000 
5.000000e-01 5.000000e-01 4.999736e-03 5.000000e-01 5.000000e-01 1.515008e+00 -0.993258 0.002104 0.009956 0.969139 0.009956 0.002104 0.993258 -0.002109 -0.009973 -0.969095 -0.009973 -0.002109 0.000000 
5.000000e-01 5.000000e-01 4.999736e-03 5.000000e-01 5.000000e-01 1.515008e+00 -0.993258 0.002104 0.009956 0.969139 0.009956 0.002104 0.993258 -0.002109 -0.009973 -0.969095 -0.009973 -0.002109 0.000000 
5.000000e-01 5.000000e-01 4.999736e-03 5.000000e-01 5.000000e-01 1.515008e+00 -0.993258 0.002104 0.009956 0.969139 0.009956 0.002104 0.993258 -0.002109 -0.009973 -0.969095 -0.009973 -0.002109 0.000000 
5.000000e-01 5.000000e-01 4.999736e-03 5.000000e-01 5.000000e-01 1.515008e+00 -0.993258 0.002104 0.009956 0.969139 0.009956 0.002104 0.993258 -0.002109 -0.009973 -0.969095 -0.009973 -0.002109 0.000000 
5.000000e-01 5.000000e-01 4.999736e-03 5.000000e-01 5.000000e-01 1.515008e+00 -0.993258 0.002104 0.009956 0.969139 0.009956 0.002104 0.993258 -0.002109 -0.009973 -0.969095 -0.009973 -0.002109 0.000000 
5.000000e-01 5.000000e-01 4.999736e-03 5.000000e-01 5.000000e-01 1.515008e+00 -0.993258 0.002104 0.009956 0.969139 0.009956 0.002104 0.993258 -0.002109 -0.009973 -0.969095 -0.009973 -0.002109 0.000000 
5.000000e-01 5.000000e-01 4.999736e-03 5.000000e-01 5.000000e-01 1.515008e+00 -0.993258 0.002104 0.009956 0.969139 0.009956 0.002104 0.993258 -0.002109 -0.009973 -0.969095 -0.009973 -0.002109 0.000000 
5.000000e-01 5.000000e-01 4.999736e-03 5.000000e-01 5.000000e-01 1.515008e+00 -0.993258 0.002104 0.009956 0.969139 0.009956 0.002104 0.993258 -0.002109 -0.009973 -0.969095 -0.009973 -0.002109 0.000000 
5.000000e-01 5.000000e-01 4.999736e-03 5.000000e-01 5.000000e-01 1.515008e+00 -0.993258 0.002104 0.009956 0.969139 0.009956 0.002104 0.993258 -0.002109 -0.009973 -0.969095 -0.009973 -0.002109 0.000000 
5.000000e-01 5.000000e-01 4.999736e-03 5.000000e-01 5.000000e-01 1.515008e+00 -0.993258 0.002104 0.009956 0.969139 0.009956 0.002104 0.993258 -0.002109 -0.009973 -0.969095 -0.009973 -0.002109 0.000000 
5.000000e-01 5.000000e-01 4.999736e-03 5.000000e-01 5.000000e-01 1.515008e+00 -0.993258 0.002104 0.009956 0.969139 0.009956 0.002104 0.993258 -0.002109 -0.009973 -0.969095 -0.009973 -0.002109 0.000000 
