# TeX TeY TeZ ThX ThY THZ P1 P2
5.000000e-01 5.000000e-01 1.400000e-01 5.000000e-01 5.000000e-01 1.400000e-01 0.000000 0.000000 0.000000 0.000000 0.000000 0.000000 0.000000 0.000000 0.000000 0.000000 0.000000 0.000000 0.000000 
5.000000e-01 5.000000e-01 1.267325e-01 5.000000e-01 5.000000e-01 1.491309e-01 -0.014720 0.002675 0.003120 0.003130 0.003120 0.002675 0.014720 0.008577 0.008109 -0.048091 0.008109 0.008577 0.000000 
5.000000e-01 5.000000e-01 1.134325e-01 5.000000e-01 5.000000e-01 1.582535e-01 -0.029463 0.005355 0.006245 0.006264 0.006245 0.005355 0.029463 0.017301 0.017277 -0.098620 0.017277 0.017301 0.000000 
5.000000e-01 5.000000e-01 1.000985e-01 5.000000e-01 5.000000e-01 1.673679e-01 -0.044231 0.008039 0.009375 0.009403 0.009375 0.008039 0.044231 0.026166 0.027860 -0.152284 0.027860 0.026166 0.000000 
5.000000e-01 5.000000e-01 8.672909e-02 5.000000e-01 5.000000e-01 1.764741e-01 -0.059035 0.010730 0.012512 0.012551 0.012512 0.010730 0.059035 0.035213 0.040711 -0.210881 0.040711 0.035213 0.000000 
5.000000e-01 5.000000e-01 7.332201e-02 5.000000e-01 5.000000e-01 1.855721e-01 -0.073878 0.013428 0.015658 0.015706 0.015658 0.013428 0.073878 0.044376 0.055814 -0.274260 0.055814 0.044376 0.000000 
5.000000e-01 5.000000e-01 5.987487e-02 5.000000e-01 5.000000e-01 1.946619e-01 -0.088769 0.016134 0.018814 0.018872 0.018814 0.016134 0.088769 0.053643 0.073491 -0.343037 0.073491 0.053643 0.000000 
5.000000e-01 5.000000e-01 4.638563e-02 5.000000e-01 5.000000e-01 2.037434e-01 -0.103721 0.018852 0.021983 0.022051 0.021983 0.018852 0.103721 0.063030 0.094525 -0.418831 0.094525 0.063030 0.000000 
5.000000e-01 5.000000e-01 3.285328e-02 5.000000e-01 5.000000e-01 2.128168e-01 -0.118733 0.021580 0.025165 0.025242 0.025165 0.021580 0.118733 0.072469 0.118294 -0.500259 0.118294 0.072469 0.000000 
5.000000e-01 5.000000e-01 1.927917e-02 5.000000e-01 5.000000e-01 2.218818e-01 -0.133804 0.024319 0.028359 0.028447 0.028359 0.024319 0.133804 0.081930 0.144550 -0.586764 0.144550 0.081930 0.000000 
5.000000e-01 5.000000e-01 5.669671e-03 5.000000e-01 5.000000e-01 2.309386e-01 -0.148922 0.027067 0.031564 0.031662 0.031564 0.027067 0.148922 0.091372 0.172655 -0.676977 0.172655 0.091372 0.000000 
5.000000e-01 5.000000e-01 4.999970e-03 5.000000e-01 5.000000e-01 2.399870e-01 -0.155312 0.028226 0.032919 0.033023 0.032919 0.028226 0.155312 0.093660 0.173450 -0.689532 0.173450 0.093660 0.000000 
5.000000e-01 5.000000e-01 4.999970e-03 5.000000e-01 5.000000e-01 2.490270e-01 -0.161244 0.029302 0.034177 0.034287 0.034177 0.029302 0.161243 0.095438 0.172660 -0.697441 0.172660 0.095438 0.000000 
5.000000e-01 5.000000e-01 4.999970e-03 5.000000e-01 5.000000e-01 2.580585e-01 -0.167170 0.030376 0.035433 0.035550 0.035433 0.030376 0.167170 0.097090 0.171756 -0.704862 0.171756 0.097090 0.000000 
5.000000e-01 5.000000e-01 4.999970e-03 5.000000e-01 5.000000e-01 2.670814e-01 -0.173091 0.031449 0.036689 0.036813 0.036689 0.031449 0.173091 0.098619 0.170753 -0.711835 0.170753 0.098619 0.000000 
5.000000e-01 5.000000e-01 4.999970e-03 5.000000e-01 5.000000e-01 2.760958e-01 -0.179006 0.032521 0.037944 0.038075 0.037944 0.032521 0.179006 0.100029 0.169667 -0.718398 0.169667 0.100029 0.000000 
5.000000e-01 5.000000e-01 4.999970e-03 5.000000e-01 5.000000e-01 2.851016e-01 -0.184915 0.033592 0.039198 0.039336 0.039198 0.033592 0.184915 0.101324 0.168511 -0.724586 0.168511 0.101324 0.000000 
5.000000e-01 5.000000e-01 4.999970e-03 5.000000e-01 5.000000e-01 2.940986e-01 -0.190819 0.034661 0.040450 0.040597 0.040450 0.034661 0.190819 0.102509 0.167294 -0.730427 0.167294 0.102509 0.000000 
5.000000e-01 5.000000e-01 4.999970e-03 5.000000e-01 5.000000e-01 3.030869e-01 -0.196718 0.035729 0.041702 0.041856 0.041702 0.035729 0.196718 0.103588 0.166028 -0.735951 0.166028 0.103588 0.000000 
5.000000e-01 5.000000e-01 4.999970e-03 5.000000e-01 5.000000e-01 3.120663e-01 -0.202610 0.036795 0.042952 0.043116 0.042952 0.036795 0.202610 0.104564 0.164721 -0.741181 0.164721 0.104564 0.000000 
5.000000e-01 5.000000e-01 4.999970e-03 5.000000e-01 5.000000e-01 3.210368e-01 -0.208497 0.037860 0.044201 0.044374 0.044201 0.037860 0.208497 0.105442 0.163379 -0.746140 0.163379 0.105442 0.000000 
5.000000e-01 5.000000e-01 4.999970e-03 5.000000e-01 5.000000e-01 3.299983e-01 -0.214378 0.038923 0.045450 0.045632 0.045450 0.038923 0.214378 0.106226 0.162010 -0.750850 0.162010 0.106226 0.000000 
5.000000e-01 5.000000e-01 4.999970e-03 5.000000e-01 5.000000e-01 3.389507e-01 -0.220253 0.039985 0.046697 0.046889 0.046697 0.039985 0.220253 0.106908 0.160616 -0.755302 0.160616 0.106908 0.000000 
5.000000e-01 5.000000e-01 4.999970e-03 5.000000e-01 5.000000e-01 3.478941e-01 -0.226122 0.041045 0.047943 0.048146 0.047943 0.041045 0.226122 0.107505 0.159205 -0.759543 0.159205 0.107505 0.000000 
5.000000e-01 5.000000e-01 4.999970e-03 5.000000e-01 5.000000e-01 3.568282e-01 -0.231985 0.042104 0.049188 0.049402 0.049188 0.042104 0.231985 0.108020 0.157783 -0.763591 0.157783 0.108020 0.000000 
5.000000e-01 5.000000e-01 4.999970e-03 5.000000e-01 5.000000e-01 3.657531e-01 -0.237843 0.043161 0.050432 0.050658 0.050432 0.043161 0.237843 0.108457 0.156350 -0.767457 0.156350 0.108457 0.000000 
5.000000e-01 5.000000e-01 4.999970e-03 5.000000e-01 5.000000e-01 3.746686e-01 -0.243694 0.044216 0.051674 0.051913 0.051674 0.044216 0.243694 0.108819 0.154912 -0.771156 0.154912 0.108819 0.000000 
5.000000e-01 5.000000e-01 4.999970e-03 5.000000e-01 5.000000e-01 3.835747e-01 -0.249539 0.045270 0.052916 0.053167 0.052916 0.045270 0.249539 0.109110 0.153469 -0.774698 0.153469 0.109110 0.000000 
5.000000e-01 5.000000e-01 4.999970e-03 5.000000e-01 5.000000e-01 3.924712e-01 -0.255378 0.046321 0.054157 0.054422 0.054157 0.046321 0.255378 0.109334 0.152025 -0.778095 0.152025 0.109334 0.000000 
5.000000e-01 5.000000e-01 4.999970e-03 5.000000e-01 5.000000e-01 4.013582e-01 -0.261210 0.047371 0.055396 0.055675 0.055396 0.047371 0.261210 0.109492 0.150580 -0.781356 0.150580 0.109492 0.000000 
5.000000e-01 5.000000e-01 4.999970e-03 5.000000e-01 5.000000e-01 4.102356e-01 -0.267037 0.048419 0.056634 0.056929 0.056634 0.048419 0.267037 0.109590 0.149137 -0.784491 0.149137 0.109590 0.000000 
5.000000e-01 5.000000e-01 4.999970e-03 5.000000e-01 5.000000e-01 4.191032e-01 -0.272857 0.049465 0.057872 0.058182 0.057872 0.049465 0.272857 0.109622 0.147697 -0.787495 0.147697 0.109622 0.000000 
5.000000e-01 5.000000e-01 4.999970e-03 5.000000e-01 5.000000e-01 4.279610e-01 -0.278671 0.050509 0.059108 0.059436 0.059108 0.050509 0.278671 0.109598 0.146261 -0.790388 0.146261 0.109598 0.000000 
5.000000e-01 5.000000e-01 4.999970e-03 5.000000e-01 5.000000e-01 4.368089e-01 -0.284478 0.051551 0.060343 0.060688 0.060343 0.051551 0.284478 0.109521 0.144830 -0.793180 0.144830 0.109521 0.000000 
5.000000e-01 5.000000e-01 4.999970e-03 5.000000e-01 5.000000e-01 4.456468e-01 -0.290279 0.052591 0.061577 0.061941 0.061577 0.052591 0.290279 0.109395 0.143404 -0.795877 0.143404 0.109395 0.000000 
5.000000e-01 5.000000e-01 4.999970e-03 5.000000e-01 5.000000e-01 4.544747e-01 -0.296073 0.053629 0.062810 0.063194 0.062810 0.053629 0.296073 0.109222 0.141984 -0.798485 0.141984 0.109222 0.000000 
5.000000e-01 5.000000e-01 4.999970e-03 5.000000e-01 5.000000e-01 4.632924e-01 -0.301861 0.054665 0.064042 0.064447 0.064042 0.054665 0.301860 0.109004 0.140570 -0.801010 0.140570 0.109004 0.000000 
5.000000e-01 5.000000e-01 4.999970e-03 5.000000e-01 5.000000e-01 4.720999e-01 -0.307641 0.055698 0.065273 0.065699 0.065273 0.055698 0.307641 0.108744 0.139163 -0.803457 0.139163 0.108744 0.000000 
5.000000e-01 5.000000e-01 4.999970e-03 5.000000e-01 5.000000e-01 4.808970e-01 -0.313416 0.056729 0.066503 0.066952 0.066503 0.056729 0.313416 0.108444 0.137763 -0.805830 0.137763 0.108444 0.000000 
5.000000e-01 5.000000e-01 4.999970e-03 5.000000e-01 5.000000e-01 4.896838e-01 -0.319183 0.057758 0.067731 0.068205 0.067731 0.057758 0.319183 0.108104 0.136371 -0.808133 0.136371 0.108104 0.000000 
5.000000e-01 5.000000e-01 4.999970e-03 5.000000e-01 5.000000e-01 4.984600e-01 -0.324944 0.058783 0.068959 0.069459 0.068959 0.058783 0.324944 0.107724 0.134986 -0.810364 0.134986 0.107724 0.000000 
5.000000e-01 5.000000e-01 4.999970e-03 5.000000e-01 5.000000e-01 5.072257e-01 -0.330697 0.059807 0.070186 0.070712 0.070186 0.059807 0.330697 0.107310 0.133609 -0.812536 0.133609 0.107310 0.000000 
5.000000e-01 5.000000e-01 4.999970e-03 5.000000e-01 5.000000e-01 5.159807e-01 -0.336444 0.060827 0.071411 0.071967 0.071411 0.060827 0.336444 0.106864 0.132239 -0.814651 0.132239 0.106864 0.000000 
5.000000e-01 5.000000e-01 4.999970e-03 5.000000e-01 5.000000e-01 5.247249e-01 -0.342184 0.061845 0.072636 0.073221 0.072636 0.061845 0.342184 0.106388 0.130877 -0.816714 0.130877 0.106388 0.000000 
5.000000e-01 5.000000e-01 4.999970e-03 5.000000e-01 5.000000e-01 5.334583e-01 -0.347916 0.062861 0.073859 0.074477 0.073859 0.062861 0.347916 0.105884 0.129521 -0.818727 0.129521 0.105884 0.000000 
5.000000e-01 5.000000e-01 4.999970e-03 5.000000e-01 5.000000e-01 5.421806e-01 -0.353642 0.063873 0.075082 0.075732 0.075082 0.063873 0.353642 0.105352 0.128173 -0.820694 0.128173 0.105352 0.000000 
5.000000e-01 5.000000e-01 4.999970e-03 5.000000e-01 5.000000e-01 5.508920e-01 -0.359360 0.064882 0.076303 0.076989 0.076303 0.064882 0.359360 0.104795 0.126832 -0.822616 0.126832 0.104795 0.000000 
5.000000e-01 5.000000e-01 4.999970e-03 5.000000e-01 5.000000e-01 5.595922e-01 -0.365071 0.065888 0.077524 0.078247 0.077524 0.065888 0.365071 0.104213 0.125499 -0.824494 0.125499 0.104213 0.000000 
5.000000e-01 5.000000e-01 4.999970e-03 5.000000e-01 5.000000e-01 5.682811e-01 -0.370775 0.066891 0.078744 0.079506 0.078744 0.066891 0.370774 0.103605 0.124172 -0.826329 0.124172 0.103605 0.000000 
5.000000e-01 5.000000e-01 4.999970e-03 5.000000e-01 5.000000e-01 5.769587e-01 -0.376471 0.067890 0.079962 0.080766 0.079962 0.067890 0.376471 0.102976 0.122853 -0.828128 0.122853 0.102976 0.000000 
5.000000e-01 5.000000e-01 4.999970e-03 5.000000e-01 5.000000e-01 5.856248e-01 -0.382159 0.068885 0.081180 0.082028 0.081180 0.068885 0.382159 0.102326 0.121540 -0.829892 0.121540 0.102326 0.000000 
5.000000e-01 5.000000e-01 4.999970e-03 5.000000e-01 5.000000e-01 5.942794e-01 -0.387840 0.069878 0.082397 0.083291 0.082397 0.069878 0.387840 0.101658 0.120233 -0.831624 0.120233 0.101658 0.000000 
5.000000e-01 5.000000e-01 4.999970e-03 5.000000e-01 5.000000e-01 6.029224e-01 -0.393514 0.070866 0.083613 0.084555 0.083613 0.070866 0.393514 0.100972 0.118933 -0.833325 0.118933 0.100972 0.000000 
5.000000e-01 5.000000e-01 4.999970e-03 5.000000e-01 5.000000e-01 6.115535e-01 -0.399180 0.071851 0.084828 0.085822 0.084828 0.071851 0.399179 0.100269 0.117639 -0.834997 0.117639 0.100269 0.000000 
5.000000e-01 5.000000e-01 4.999970e-03 5.000000e-01 5.000000e-01 6.201729e-01 -0.404838 0.072831 0.086042 0.087090 0.086042 0.072831 0.404837 0.099551 0.116351 -0.836641 0.116351 0.099551 0.000000 
5.000000e-01 5.000000e-01 4.999970e-03 5.000000e-01 5.000000e-01 6.287802e-01 -0.410488 0.073808 0.087256 0.088360 0.087256 0.073808 0.410488 0.098814 0.115069 -0.838255 0.115069 0.098814 0.000000 
5.000000e-01 5.000000e-01 4.999970e-03 5.000000e-01 5.000000e-01 6.373755e-01 -0.416130 0.074779 0.088469 0.089634 0.088469 0.074779 0.416130 0.098064 0.113793 -0.839844 0.113793 0.098064 0.000000 
5.000000e-01 5.000000e-01 4.999970e-03 5.000000e-01 5.000000e-01 6.459585e-01 -0.421764 0.075747 0.089681 0.090909 0.089681 0.075747 0.421764 0.097300 0.112523 -0.841411 0.112523 0.097300 0.000000 
5.000000e-01 5.000000e-01 4.999970e-03 5.000000e-01 5.000000e-01 6.545293e-01 -0.427390 0.076709 0.090892 0.092187 0.090892 0.076709 0.427390 0.096525 0.111258 -0.842955 0.111258 0.096525 0.000000 
5.000000e-01 5.000000e-01 4.999970e-03 5.000000e-01 5.000000e-01 6.630876e-01 -0.433008 0.077667 0.092103 0.093468 0.092103 0.077667 0.433008 0.095737 0.109998 -0.844479 0.109998 0.095737 0.000000 
5.000000e-01 5.000000e-01 4.999970e-03 5.000000e-01 5.000000e-01 6.716335e-01 -0.438618 0.078620 0.093313 0.094752 0.093313 0.078620 0.438618 0.094939 0.108743 -0.845983 0.108743 0.094939 0.000000 
5.000000e-01 5.000000e-01 4.999970e-03 5.000000e-01 5.000000e-01 6.801666e-01 -0.444220 0.079568 0.094522 0.096040 0.094522 0.079568 0.444220 0.094131 0.107493 -0.847468 0.107493 0.094131 0.000000 
5.000000e-01 5.000000e-01 4.999970e-03 5.000000e-01 5.000000e-01 6.886871e-01 -0.449813 0.080510 0.095731 0.097331 0.095731 0.080510 0.449813 0.093311 0.106249 -0.848933 0.106249 0.093311 0.000000 
5.000000e-01 5.000000e-01 4.999970e-03 5.000000e-01 5.000000e-01 6.971946e-01 -0.455398 0.081446 0.096939 0.098627 0.096939 0.081446 0.455398 0.092482 0.105009 -0.850381 0.105009 0.092482 0.000000 
5.000000e-01 5.000000e-01 4.999970e-03 5.000000e-01 5.000000e-01 7.056891e-01 -0.460974 0.082376 0.098147 0.099927 0.098147 0.082376 0.460974 0.091645 0.103774 -0.851812 0.103774 0.091645 0.000000 
5.000000e-01 5.000000e-01 4.999970e-03 5.000000e-01 5.000000e-01 7.141705e-01 -0.466542 0.083301 0.099354 0.101231 0.099354 0.083301 0.466541 0.090800 0.102543 -0.853229 0.102543 0.090800 0.000000 
5.000000e-01 5.000000e-01 4.999970e-03 5.000000e-01 5.000000e-01 7.226387e-01 -0.472100 0.084219 0.100561 0.102540 0.100561 0.084219 0.472100 0.089948 0.101317 -0.854631 0.101317 0.089948 0.000000 
5.000000e-01 5.000000e-01 4.999970e-03 5.000000e-01 5.000000e-01 7.310935e-01 -0.477651 0.085130 0.101768 0.103854 0.101768 0.085130 0.477650 0.089090 0.100095 -0.856020 0.100095 0.089090 0.000000 
5.000000e-01 5.000000e-01 4.999970e-03 5.000000e-01 5.000000e-01 7.395347e-01 -0.483192 0.086035 0.102974 0.105174 0.102974 0.086035 0.483192 0.088224 0.098877 -0.857395 0.098877 0.088224 0.000000 
5.000000e-01 5.000000e-01 4.999970e-03 5.000000e-01 5.000000e-01 7.479624e-01 -0.488724 0.086931 0.104180 0.106501 0.104180 0.086931 0.488724 0.087352 0.097664 -0.858755 0.097664 0.087352 0.000000 
5.000000e-01 5.000000e-01 4.999970e-03 5.000000e-01 5.000000e-01 7.563763e-01 -0.494247 0.087821 0.105386 0.107833 0.105386 0.087821 0.494247 0.086474 0.096454 -0.860104 0.096454 0.086474 0.000000 
5.000000e-01 5.000000e-01 4.999970e-03 5.000000e-01 5.000000e-01 7.647763e-01 -0.499762 0.088702 0.106592 0.109173 0.106592 0.088702 0.499761 0.085591 0.095249 -0.861442 0.095249 0.085591 0.000000 
5.000000e-01 5.000000e-01 4.999970e-03 5.000000e-01 5.000000e-01 7.731622e-01 -0.505266 0.089576 0.107798 0.110519 0.107798 0.089576 0.505266 0.084704 0.094047 -0.862769 0.094047 0.084704 0.000000 
5.000000e-01 5.000000e-01 4.999970e-03 5.000000e-01 5.000000e-01 7.815340e-01 -0.510762 0.090441 0.109003 0.111872 0.109003 0.090441 0.510762 0.083812 0.092849 -0.864086 0.092849 0.083812 0.000000 
5.000000e-01 5.000000e-01 4.999970e-03 5.000000e-01 5.000000e-01 7.898915e-01 -0.516248 0.091298 0.110209 0.113233 0.110209 0.091298 0.516248 0.082917 0.091655 -0.865392 0.091655 0.082917 0.000000 
5.000000e-01 5.000000e-01 4.999970e-03 5.000000e-01 5.000000e-01 7.982345e-01 -0.521725 0.092145 0.111415 0.114605 0.111415 0.092145 0.521725 0.082017 0.090465 -0.866688 0.090465 0.082017 0.000000 
5.000000e-01 5.000000e-01 4.999970e-03 5.000000e-01 5.000000e-01 8.065630e-01 -0.527192 0.092982 0.112622 0.115985 0.112622 0.092982 0.527192 0.081113 0.089278 -0.867974 0.089278 0.081113 0.000000 
5.000000e-01 5.000000e-01 4.999970e-03 5.000000e-01 5.000000e-01 8.148767e-01 -0.532650 0.093809 0.113828 0.117375 0.113828 0.093809 0.532650 0.080207 0.088094 -0.869252 0.088094 0.080207 0.000000 
5.000000e-01 5.000000e-01 4.999970e-03 5.000000e-01 5.000000e-01 8.231756e-01 -0.538098 0.094626 0.115035 0.118775 0.115035 0.094626 0.538097 0.079297 0.086914 -0.870522 0.086914 0.079297 0.000000 
5.000000e-01 5.000000e-01 4.999970e-03 5.000000e-01 5.000000e-01 8.314594e-01 -0.543535 0.095433 0.116242 0.120185 0.116242 0.095433 0.543535 0.078386 0.085738 -0.871783 0.085738 0.078386 0.000000 
5.000000e-01 5.000000e-01 4.999970e-03 5.000000e-01 5.000000e-01 8.397280e-01 -0.548963 0.096228 0.117450 0.121606 0.117450 0.096228 0.548963 0.077472 0.084565 -0.873037 0.084565 0.077472 0.000000 
5.000000e-01 5.000000e-01 4.999970e-03 5.000000e-01 5.000000e-01 8.479813e-01 -0.554381 0.097010 0.118659 0.123042 0.118659 0.097010 0.554381 0.076555 0.083395 -0.874282 0.083395 0.076555 0.000000 
5.000000e-01 5.000000e-01 4.999970e-03 5.000000e-01 5.000000e-01 8.562192e-01 -0.559789 0.097781 0.119868 0.124491 0.119868 0.097781 0.559789 0.075637 0.082229 -0.875520 0.082229 0.075637 0.000000 
5.000000e-01 5.000000e-01 4.999970e-03 5.000000e-01 5.000000e-01 8.644413e-01 -0.565186 0.098538 0.121078 0.125953 0.121078 0.098538 0.565186 0.074717 0.081066 -0.876751 0.081066 0.074717 0.000000 
5.000000e-01 5.000000e-01 4.999970e-03 5.000000e-01 5.000000e-01 8.726477e-01 -0.570573 0.099283 0.122289 0.127428 0.122289 0.099283 0.570573 0.073796 0.079906 -0.877976 0.079906 0.073796 0.000000 
5.000000e-01 5.000000e-01 4.999970e-03 5.000000e-01 5.000000e-01 8.808381e-01 -0.575950 0.100015 0.123500 0.128918 0.123500 0.100015 0.575950 0.072873 0.078749 -0.879194 0.078749 0.072873 0.000000 
5.000000e-01 5.000000e-01 4.999970e-03 5.000000e-01 5.000000e-01 8.890124e-01 -0.581316 0.100731 0.124713 0.130426 0.124713 0.100731 0.581315 0.071950 0.077595 -0.880406 0.077595 0.071950 0.000000 
5.000000e-01 5.000000e-01 4.999970e-03 5.000000e-01 5.000000e-01 8.971704e-01 -0.586671 0.101431 0.125927 0.131953 0.125927 0.101431 0.586671 0.071025 0.076445 -0.881611 0.076445 0.071025 0.000000 
5.000000e-01 5.000000e-01 4.999970e-03 5.000000e-01 5.000000e-01 9.053119e-01 -0.592015 0.102116 0.127143 0.133498 0.127143 0.102116 0.592015 0.070100 0.075298 -0.882810 0.075298 0.070100 0.000000 
5.000000e-01 5.000000e-01 4.999970e-03 5.000000e-01 5.000000e-01 9.134368e-01 -0.597349 0.102785 0.128359 0.135060 0.128359 0.102785 0.597348 0.069174 0.074153 -0.884003 0.074153 0.069174 0.000000 
5.000000e-01 5.000000e-01 4.999970e-03 5.000000e-01 5.000000e-01 9.215449e-01 -0.602671 0.103438 0.129576 0.136641 0.129576 0.103438 0.602671 0.068248 0.073012 -0.885191 0.073012 0.068248 0.000000 
5.000000e-01 5.000000e-01 4.999970e-03 5.000000e-01 5.000000e-01 9.296360e-01 -0.607982 0.104074 0.130795 0.138244 0.130795 0.104074 0.607982 0.067322 0.071874 -0.886374 0.071874 0.067322 0.000000 
5.000000e-01 5.000000e-01 4.999970e-03 5.000000e-01 5.000000e-01 9.377099e-01 -0.613282 0.104687 0.132016 0.139874 0.132016 0.104687 0.613282 0.066395 0.070739 -0.887550 0.070739 0.066395 0.000000 
5.000000e-01 5.000000e-01 4.999970e-03 5.000000e-01 5.000000e-01 9.457665e-01 -0.618571 0.105283 0.133239 0.141527 0.133239 0.105283 0.618570 0.065468 0.069607 -0.888722 0.069607 0.065468 0.000000 
5.000000e-01 5.000000e-01 4.999970e-03 5.000000e-01 5.000000e-01 9.538056e-01 -0.623847 0.105859 0.134463 0.143204 0.134463 0.105859 0.623847 0.064542 0.068479 -0.889889 0.068479 0.064542 0.000000 
5.000000e-01 5.000000e-01 4.999970e-03 5.000000e-01 5.000000e-01 9.618269e-01 -0.629113 0.106416 0.135688 0.144905 0.135688 0.106416 0.629113 0.063616 0.067353 -0.891051 0.067353 0.063616 0.000000 
5.000000e-01 5.000000e-01 4.999970e-03 5.000000e-01 5.000000e-01 9.698303e-01 -0.634366 0.106952 0.136915 0.146633 0.136915 0.106952 0.634366 0.062691 0.066230 -0.892208 0.066230 0.062691 0.000000 
5.000000e-01 5.000000e-01 4.999970e-03 5.000000e-01 5.000000e-01 9.778156e-01 -0.639608 0.107460 0.138145 0.148398 0.138145 0.107460 0.639608 0.061765 0.065110 -0.893359 0.065110 0.061765 0.000000 
5.000000e-01 5.000000e-01 4.999970e-03 5.000000e-01 5.000000e-01 9.857826e-01 -0.644838 0.107946 0.139376 0.150193 0.139376 0.107946 0.644837 0.060841 0.063994 -0.894507 0.063994 0.060841 0.000000 
5.000000e-01 5.000000e-01 4.999970e-03 5.000000e-01 5.000000e-01 9.937312e-01 -0.650055 0.108409 0.140609 0.152019 0.140609 0.108409 0.650055 0.059917 0.062880 -0.895649 0.062880 0.059917 0.000000 
5.000000e-01 5.000000e-01 4.999970e-03 5.000000e-01 5.000000e-01 1.001661e+00 -0.655260 0.108849 0.141843 0.153877 0.141843 0.108849 0.655260 0.058994 0.061769 -0.896788 0.061769 0.058994 0.000000 
5.000000e-01 5.000000e-01 4.999970e-03 5.000000e-01 5.000000e-01 1.009572e+00 -0.660453 0.109262 0.143079 0.155771 0.143079 0.109262 0.660453 0.058073 0.060662 -0.897922 0.060662 0.058073 0.000000 
5.000000e-01 5.000000e-01 4.999970e-03 5.000000e-01 5.000000e-01 1.017464e+00 -0.665633 0.109643 0.144317 0.157713 0.144317 0.109643 0.665633 0.057152 0.059557 -0.899051 0.059557 0.057152 0.000000 
5.000000e-01 5.000000e-01 4.999970e-03 5.000000e-01 5.000000e-01 1.025336e+00 -0.670800 0.109997 0.145557 0.159693 0.145557 0.109997 0.670800 0.056232 0.058456 -0.900176 0.058456 0.056232 0.000000 
5.000000e-01 5.000000e-01 4.999970e-03 5.000000e-01 5.000000e-01 1.033189e+00 -0.675955 0.110323 0.146798 0.161713 0.146798 0.110323 0.675955 0.055313 0.057357 -0.901297 0.057357 0.055313 0.000000 
5.000000e-01 5.000000e-01 4.999970e-03 5.000000e-01 5.000000e-01 1.041022e+00 -0.681096 0.110621 0.148040 0.163774 0.148040 0.110621 0.681096 0.054396 0.056262 -0.902414 0.056262 0.054396 0.000000 
5.000000e-01 5.000000e-01 4.999970e-03 5.000000e-01 5.000000e-01 1.048835e+00 -0.686225 0.110883 0.149284 0.165889 0.149284 0.110883 0.686225 0.053481 0.055170 -0.903526 0.055170 0.053481 0.000000 
5.000000e-01 5.000000e-01 4.999970e-03 5.000000e-01 5.000000e-01 1.056628e+00 -0.691340 0.111110 0.150530 0.168061 0.150530 0.111110 0.691340 0.052566 0.054081 -0.904635 0.054081 0.052566 0.000000 
5.000000e-01 5.000000e-01 4.999970e-03 5.000000e-01 5.000000e-01 1.064401e+00 -0.696441 0.111305 0.151775 0.170281 0.151775 0.111305 0.696441 0.051653 0.052995 -0.905739 0.052995 0.051653 0.000000 
5.000000e-01 5.000000e-01 4.999970e-03 5.000000e-01 5.000000e-01 1.072153e+00 -0.701529 0.111467 0.153021 0.172554 0.153021 0.111467 0.701529 0.050742 0.051912 -0.906839 0.051912 0.050742 0.000000 
5.000000e-01 5.000000e-01 4.999970e-03 5.000000e-01 5.000000e-01 1.079884e+00 -0.706604 0.111595 0.154267 0.174880 0.154267 0.111595 0.706604 0.049833 0.050833 -0.907935 0.050833 0.049833 0.000000 
5.000000e-01 5.000000e-01 4.999970e-03 5.000000e-01 5.000000e-01 1.087594e+00 -0.711664 0.111674 0.155514 0.177289 0.155514 0.111674 0.711664 0.048925 0.049756 -0.909028 0.049756 0.048925 0.000000 
5.000000e-01 5.000000e-01 4.999970e-03 5.000000e-01 5.000000e-01 1.095282e+00 -0.716710 0.111717 0.156759 0.179759 0.156759 0.111717 0.716710 0.048019 0.048683 -0.910116 0.048683 0.048019 0.000000 
5.000000e-01 5.000000e-01 4.999970e-03 5.000000e-01 5.000000e-01 1.102949e+00 -0.721742 0.111722 0.158003 0.182292 0.158003 0.111722 0.721742 0.047115 0.047613 -0.911200 0.047613 0.047115 0.000000 
5.000000e-01 5.000000e-01 4.999970e-03 5.000000e-01 5.000000e-01 1.110594e+00 -0.726760 0.111690 0.159244 0.184891 0.159244 0.111690 0.726760 0.046214 0.046547 -0.912281 0.046547 0.046214 0.000000 
5.000000e-01 5.000000e-01 4.999970e-03 5.000000e-01 5.000000e-01 1.118217e+00 -0.731763 0.111605 0.160483 0.187586 0.160483 0.111605 0.731763 0.045314 0.045483 -0.913357 0.045483 0.045314 0.000000 
5.000000e-01 5.000000e-01 4.999970e-03 5.000000e-01 5.000000e-01 1.125817e+00 -0.736751 0.111474 0.161719 0.190365 0.161719 0.111474 0.736751 0.044416 0.044423 -0.914429 0.044423 0.044416 0.000000 
5.000000e-01 5.000000e-01 4.999970e-03 5.000000e-01 5.000000e-01 1.133395e+00 -0.741724 0.111301 0.162950 0.193222 0.162950 0.111301 0.741724 0.043520 0.043367 -0.915498 0.043367 0.043520 0.000000 
5.000000e-01 5.000000e-01 4.999970e-03 5.000000e-01 5.000000e-01 1.140950e+00 -0.746683 0.111086 0.164175 0.196161 0.164175 0.111086 0.746683 0.042627 0.042313 -0.916563 0.042313 0.042627 0.000000 
5.000000e-01 5.000000e-01 4.999970e-03 5.000000e-01 5.000000e-01 1.148481e+00 -0.751626 0.110813 0.165393 0.199213 0.165393 0.110813 0.751626 0.041736 0.041263 -0.917623 0.041263 0.041736 0.000000 
5.000000e-01 5.000000e-01 4.999970e-03 5.000000e-01 5.000000e-01 1.155989e+00 -0.756553 0.110485 0.166603 0.202376 0.166603 0.110485 0.756553 0.040847 0.040217 -0.918680 0.040217 0.040847 0.000000 
5.000000e-01 5.000000e-01 4.999970e-03 5.000000e-01 5.000000e-01 1.163474e+00 -0.761465 0.110111 0.167803 0.205637 0.167803 0.110111 0.761465 0.039960 0.039174 -0.919733 0.039174 0.039960 0.000000 
5.000000e-01 5.000000e-01 4.999970e-03 5.000000e-01 5.000000e-01 1.170934e+00 -0.766361 0.109690 0.168992 0.208997 0.168992 0.109690 0.766361 0.039076 0.038134 -0.920782 0.038134 0.039076 0.000000 
5.000000e-01 5.000000e-01 4.999970e-03 5.000000e-01 5.000000e-01 1.178370e+00 -0.771241 0.109203 0.170167 0.212501 0.170167 0.109203 0.771241 0.038195 0.037098 -0.921827 0.037098 0.038195 0.000000 
5.000000e-01 5.000000e-01 4.999970e-03 5.000000e-01 5.000000e-01 1.185781e+00 -0.776105 0.108656 0.171325 0.216144 0.171325 0.108656 0.776105 0.037316 0.036065 -0.922868 0.036065 0.037316 0.000000 
5.000000e-01 5.000000e-01 4.999970e-03 5.000000e-01 5.000000e-01 1.193168e+00 -0.780952 0.108057 0.172466 0.219906 0.172466 0.108057 0.780952 0.036440 0.035037 -0.923905 0.035037 0.036440 0.000000 
5.000000e-01 5.000000e-01 4.999970e-03 5.000000e-01 5.000000e-01 1.200529e+00 -0.785783 0.107407 0.173589 0.223791 0.173589 0.107407 0.785783 0.035566 0.034011 -0.924938 0.034011 0.035566 0.000000 
5.000000e-01 5.000000e-01 4.999970e-03 5.000000e-01 5.000000e-01 1.207865e+00 -0.790597 0.106679 0.174683 0.227873 0.174683 0.106679 0.790597 0.034696 0.032990 -0.925967 0.032990 0.034696 0.000000 
5.000000e-01 5.000000e-01 4.999970e-03 5.000000e-01 5.000000e-01 1.215174e+00 -0.795394 0.105890 0.175749 0.232116 0.175749 0.105890 0.795394 0.033828 0.031972 -0.926992 0.031972 0.033828 0.000000 
5.000000e-01 5.000000e-01 4.999970e-03 5.000000e-01 5.000000e-01 1.222458e+00 -0.800173 0.105046 0.176788 0.236506 0.176788 0.105046 0.800173 0.032962 0.030958 -0.928013 0.030958 0.032962 0.000000 
5.000000e-01 5.000000e-01 4.999970e-03 5.000000e-01 5.000000e-01 1.229715e+00 -0.804936 0.104143 0.177796 0.241057 0.177796 0.104143 0.804936 0.032100 0.029947 -0.929030 0.029947 0.032100 0.000000 
5.000000e-01 5.000000e-01 4.999970e-03 5.000000e-01 5.000000e-01 1.236946e+00 -0.809680 0.103150 0.178753 0.245874 0.178753 0.103150 0.809680 0.031241 0.028941 -0.930043 0.028941 0.031241 0.000000 
5.000000e-01 5.000000e-01 4.999970e-03 5.000000e-01 5.000000e-01 1.244149e+00 -0.814407 0.102100 0.179670 0.250868 0.179670 0.102100 0.814407 0.030384 0.027938 -0.931052 0.027938 0.030384 0.000000 
5.000000e-01 5.000000e-01 4.999970e-03 5.000000e-01 5.000000e-01 1.251325e+00 -0.819116 0.100991 0.180544 0.256044 0.180544 0.100991 0.819116 0.029531 0.026939 -0.932056 0.026939 0.029531 0.000000 
5.000000e-01 5.000000e-01 4.999970e-03 5.000000e-01 5.000000e-01 1.258472e+00 -0.823806 0.099803 0.181357 0.261485 0.181357 0.099803 0.823806 0.028681 0.025944 -0.933057 0.025944 0.028681 0.000000 
5.000000e-01 5.000000e-01 4.999970e-03 5.000000e-01 5.000000e-01 1.265592e+00 -0.828478 0.098536 0.182099 0.267207 0.182099 0.098536 0.828478 0.027834 0.024953 -0.934053 0.024953 0.027834 0.000000 
5.000000e-01 5.000000e-01 4.999970e-03 5.000000e-01 5.000000e-01 1.272683e+00 -0.833131 0.097210 0.182782 0.273147 0.182782 0.097210 0.833131 0.026990 0.023966 -0.935045 0.023966 0.026990 0.000000 
5.000000e-01 5.000000e-01 4.999970e-03 5.000000e-01 5.000000e-01 1.279745e+00 -0.837765 0.095821 0.183399 0.279325 0.183399 0.095821 0.837765 0.026150 0.022984 -0.936032 0.022984 0.026150 0.000000 
5.000000e-01 5.000000e-01 4.999970e-03 5.000000e-01 5.000000e-01 1.286778e+00 -0.842380 0.094330 0.183898 0.285924 0.183898 0.094330 0.842380 0.025313 0.022005 -0.937016 0.022005 0.025313 0.000000 
5.000000e-01 5.000000e-01 4.999970e-03 5.000000e-01 5.000000e-01 1.293782e+00 -0.846976 0.092778 0.184315 0.292789 0.184315 0.092778 0.846976 0.024479 0.021031 -0.937995 0.021031 0.024479 0.000000 
5.000000e-01 5.000000e-01 4.999970e-03 5.000000e-01 5.000000e-01 1.300755e+00 -0.851552 0.091169 0.184647 0.299919 0.184647 0.091169 0.851552 0.023649 0.020060 -0.938969 0.020060 0.023649 0.000000 
5.000000e-01 5.000000e-01 4.999970e-03 5.000000e-01 5.000000e-01 1.307698e+00 -0.856108 0.089462 0.184832 0.307521 0.184832 0.089462 0.856108 0.022822 0.019094 -0.939939 0.019094 0.022822 0.000000 
5.000000e-01 5.000000e-01 4.999970e-03 5.000000e-01 5.000000e-01 1.314610e+00 -0.860644 0.087683 0.184886 0.315505 0.184886 0.087683 0.860644 0.021998 0.018133 -0.940905 0.018133 0.021998 0.000000 
5.000000e-01 5.000000e-01 4.999970e-03 5.000000e-01 5.000000e-01 1.321491e+00 -0.865159 0.085847 0.184827 0.323809 0.184827 0.085847 0.865159 0.021178 0.017175 -0.941866 0.017175 0.021178 0.000000 
5.000000e-01 5.000000e-01 4.999970e-03 5.000000e-01 5.000000e-01 1.328341e+00 -0.869655 0.083926 0.184593 0.332616 0.184593 0.083926 0.869655 0.020362 0.016222 -0.942823 0.016222 0.020362 0.000000 
5.000000e-01 5.000000e-01 4.999970e-03 5.000000e-01 5.000000e-01 1.335159e+00 -0.874129 0.081923 0.184162 0.341960 0.184162 0.081923 0.874129 0.019549 0.015274 -0.943775 0.015274 0.019549 0.000000 
5.000000e-01 5.000000e-01 4.999970e-03 5.000000e-01 5.000000e-01 1.341944e+00 -0.878583 0.079865 0.183582 0.351689 0.183582 0.079865 0.878583 0.018741 0.014329 -0.944723 0.014329 0.018741 0.000000 
5.000000e-01 5.000000e-01 4.999970e-03 5.000000e-01 5.000000e-01 1.348696e+00 -0.883016 0.077730 0.182790 0.361976 0.182790 0.077730 0.883016 0.017935 0.013390 -0.945666 0.013390 0.017935 0.000000 
5.000000e-01 5.000000e-01 4.999970e-03 5.000000e-01 5.000000e-01 1.355416e+00 -0.887427 0.075509 0.181718 0.372973 0.181718 0.075509 0.887427 0.017134 0.012455 -0.946604 0.012455 0.017134 0.000000 
5.000000e-01 5.000000e-01 4.999970e-03 5.000000e-01 5.000000e-01 1.362102e+00 -0.891818 0.073238 0.180456 0.384429 0.180456 0.073238 0.891817 0.016336 0.011524 -0.947538 0.011524 0.016336 0.000000 
5.000000e-01 5.000000e-01 4.999970e-03 5.000000e-01 5.000000e-01 1.368754e+00 -0.896186 0.070896 0.178925 0.396545 0.178925 0.070896 0.896186 0.015542 0.010598 -0.948467 0.010598 0.015542 0.000000 
5.000000e-01 5.000000e-01 4.999970e-03 5.000000e-01 5.000000e-01 1.375372e+00 -0.900534 0.068471 0.177023 0.409546 0.177023 0.068471 0.900534 0.014752 0.009677 -0.949392 0.009677 0.014752 0.000000 
5.000000e-01 5.000000e-01 4.999970e-03 5.000000e-01 5.000000e-01 1.381955e+00 -0.904859 0.066001 0.174887 0.423084 0.174887 0.066001 0.904859 0.013966 0.008760 -0.950311 0.008760 0.013966 0.000000 
5.000000e-01 5.000000e-01 4.999970e-03 5.000000e-01 5.000000e-01 1.388503e+00 -0.909163 0.063463 0.172389 0.437460 0.172389 0.063463 0.909163 0.013184 0.007848 -0.951226 0.007848 0.013184 0.000000 
5.000000e-01 5.000000e-01 4.999970e-03 5.000000e-01 5.000000e-01 1.395016e+00 -0.913446 0.060851 0.169438 0.452867 0.169438 0.060851 0.913446 0.012405 0.006940 -0.952137 0.006940 0.012405 0.000000 
5.000000e-01 5.000000e-01 4.999970e-03 5.000000e-01 5.000000e-01 1.401493e+00 -0.917707 0.058203 0.166207 0.468887 0.166207 0.058203 0.917707 0.011631 0.006037 -0.953042 0.006037 0.011631 0.000000 
5.000000e-01 5.000000e-01 4.999970e-03 5.000000e-01 5.000000e-01 1.407934e+00 -0.921946 0.055485 0.162467 0.486041 0.162467 0.055485 0.921946 0.010860 0.005138 -0.953944 0.005138 0.010860 0.000000 
5.000000e-01 5.000000e-01 4.999970e-03 5.000000e-01 5.000000e-01 1.414339e+00 -0.926165 0.052711 0.158228 0.504287 0.158228 0.052711 0.926165 0.010093 0.004244 -0.954840 0.004244 0.010093 0.000000 
5.000000e-01 5.000000e-01 4.999970e-03 5.000000e-01 5.000000e-01 1.420707e+00 -0.930362 0.049908 0.153670 0.523204 0.153670 0.049908 0.930362 0.009330 0.003355 -0.955732 0.003355 0.009330 0.000000 
5.000000e-01 5.000000e-01 4.999970e-03 5.000000e-01 5.000000e-01 1.427038e+00 -0.934540 0.047032 0.148381 0.543713 0.148381 0.047032 0.934540 0.008571 0.002470 -0.956620 0.002470 0.008571 0.000000 
5.000000e-01 5.000000e-01 4.999970e-03 5.000000e-01 5.000000e-01 1.433332e+00 -0.938697 0.044123 0.142626 0.565199 0.142626 0.044123 0.938697 0.007815 0.001589 -0.957503 0.001589 0.007815 0.000000 
5.000000e-01 5.000000e-01 4.999970e-03 5.000000e-01 5.000000e-01 1.439589e+00 -0.942832 0.041187 0.136465 0.587529 0.136465 0.041187 0.942832 0.007063 0.000712 -0.958382 0.000712 0.007063 0.000000 
5.000000e-01 5.000000e-01 4.999970e-03 5.000000e-01 5.000000e-01 1.445808e+00 -0.946952 0.038185 0.129398 0.611786 0.129398 0.038185 0.946952 0.006313 -0.000161 -0.959257 -0.000161 0.006313 0.000000 
5.000000e-01 5.000000e-01 4.999970e-03 5.000000e-01 5.000000e-01 1.451990e+00 -0.951050 0.035169 0.121964 0.636784 0.121964 0.035169 0.951050 0.005568 -0.001029 -0.960128 -0.001029 0.005568 0.000000 
5.000000e-01 5.000000e-01 4.999970e-03 5.000000e-01 5.000000e-01 1.458134e+00 -0.955130 0.032116 0.113856 0.663186 0.113856 0.032116 0.955130 0.004826 -0.001894 -0.960995 -0.001894 0.004826 0.000000 
5.000000e-01 5.000000e-01 4.999970e-03 5.000000e-01 5.000000e-01 1.464239e+00 -0.959193 0.029031 0.105042 0.691047 0.105042 0.029031 0.959193 0.004087 -0.002755 -0.961858 -0.002755 0.004087 0.000000 
5.000000e-01 5.000000e-01 4.999970e-03 5.000000e-01 5.000000e-01 1.470306e+00 -0.963235 0.025940 0.095898 0.719559 0.095898 0.025940 0.963235 0.003352 -0.003611 -0.962716 -0.003611 0.003352 0.000000 
5.000000e-01 5.000000e-01 4.999970e-03 5.000000e-01 5.000000e-01 1.476335e+00 -0.967263 0.022806 0.085803 0.750045 0.085803 0.022806 0.967263 0.002619 -0.004465 -0.963572 -0.004465 0.002619 0.000000 
5.000000e-01 5.000000e-01 4.999970e-03 5.000000e-01 5.000000e-01 1.482325e+00 -0.971270 0.019671 0.075391 0.781146 0.075391 0.019671 0.971270 0.001891 -0.005314 -0.964423 -0.005314 0.001891 0.000000 
5.000000e-01 5.000000e-01 4.999970e-03 5.000000e-01 5.000000e-01 1.488275e+00 -0.975259 0.016523 0.064449 0.813315 0.064449 0.016523 0.975259 0.001165 -0.006159 -0.965270 -0.006159 0.001165 0.000000 
5.000000e-01 5.000000e-01 4.999970e-03 5.000000e-01 5.000000e-01 1.494185e+00 -0.979229 0.013365 0.052994 0.846510 0.052994 0.013365 0.979229 0.000443 -0.007001 -0.966114 -0.007001 0.000443 0.000000 
5.000000e-01 5.000000e-01 4.999970e-03 5.000000e-01 5.000000e-01 1.500053e+00 -0.983175 0.010217 0.041373 0.879996 0.041373 0.010217 0.983175 -0.000275 -0.007837 -0.966952 -0.007837 -0.000275 0.000000 
5.000000e-01 5.000000e-01 4.999970e-03 5.000000e-01 5.000000e-01 1.505880e+00 -0.987102 0.007061 0.029239 0.914502 0.029239 0.007061 0.987102 -0.000989 -0.008669 -0.967786 -0.008669 -0.000989 0.000000 
5.000000e-01 5.000000e-01 4.999970e-03 5.000000e-01 5.000000e-01 1.511671e+00 -0.991006 0.003920 0.017087 0.948991 0.017087 0.003920 0.991006 -0.001699 -0.009496 -0.968615 -0.009496 -0.001699 0.000000 
5.000000e-01 5.000000e-01 4.999970e-03 5.000000e-01 5.000000e-01 1.515019e+00 -0.993265 0.002098 0.009932 0.969206 0.009932 0.002098 0.993265 -0.002110 -0.009975 -0.969095 -0.009975 -0.002110 0.000000 
5.000000e-01 5.000000e-01 4.999970e-03 5.000000e-01 5.000000e-01 1.515019e+00 -0.993265 0.002098 0.009932 0.969206 0.009932 0.002098 0.993265 -0.002110 -0.009975 -0.969095 -0.009975 -0.002110 0.000000 
5.000000e-01 5.000000e-01 4.999970e-03 5.000000e-01 5.000000e-01 1.515019e+00 -0.993265 0.002098 0.009932 0.969206 0.009932 0.002098 0.993265 -0.002110 -0.009975 -0.969095 -0.009975 -0.002110 0.000000 
5.000000e-01 5.000000e-01 4.999970e-03 5.000000e-01 5.000000e-01 1.515019e+00 -0.993265 0.002098 0.009932 0.969206 0.009932 0.002098 0.993265 -0.002110 -0.009975 -0.969095 -0.009975 -0.002110 0.000000 
5.000000e-01 5.000000e-01 4.999970e-03 5.000000e-01 5.000000e-01 1.515019e+00 -0.993265 0.002098 0.009932 0.969206 0.009932 0.002098 0.993265 -0.002110 -0.009975 -0.969095 -0.009975 -0.002110 0.000000 
5.000000e-01 5.000000e-01 4.999970e-03 5.000000e-01 5.000000e-01 1.515019e+00 -0.993265 0.002098 0.009932 0.969206 0.009932 0.002098 0.993265 -0.002110 -0.009975 -0.969095 -0.009975 -0.002110 0.000000 
5.000000e-01 5.000000e-01 4.999970e-03 5.000000e-01 5.000000e-01 1.515019e+00 -0.993265 0.002098 0.009932 0.969206 0.009932 0.002098 0.993265 -0.002110 -0.009975 -0.969095 -0.009975 -0.002110 0.000000 
5.000000e-01 5.000000e-01 4.999970e-03 5.000000e-01 5.000000e-01 1.515019e+00 -0.993265 0.002098 0.009932 0.969206 0.009932 0.002098 0.993265 -0.002110 -0.009975 -0.969095 -0.009975 -0.002110 0.000000 
5.000000e-01 5.000000e-01 4.999970e-03 5.000000e-01 5.000000e-01 1.515019e+00 -0.993265 0.002098 0.009932 0.969206 0.009932 0.002098 0.993265 -0.002110 -0.009975 -0.969095 -0.009975 -0.002110 0.000000 
5.000000e-01 5.000000e-01 4.999970e-03 5.000000e-01 5.000000e-01 1.515019e+00 -0.993265 0.002098 0.009932 0.969206 0.009932 0.002098 0.993265 -0.002110 -0.009975 -0.969095 -0.009975 -0.002110 0.000000 
5.000000e-01 5.000000e-01 4.999970e-03 5.000000e-01 5.000000e-01 1.515019e+00 -0.993265 0.002098 0.009932 0.969206 0.009932 0.002098 0.993265 -0.002110 -0.009975 -0.969095 -0.009975 -0.002110 0.000000 
5.000000e-01 5.000000e-01 4.999970e-03 5.000000e-01 5.000000e-01 1.515019e+00 -0.993265 0.002098 0.009932 0.969206 0.009932 0.002098 0.993265 -0.002110 -0.009975 -0.969095 -0.009975 -0.002110 0.000000 
5.000000e-01 5.000000e-01 4.999970e-03 5.000000e-01 5.000000e-01 1.515019e+00 -0.993265 0.002098 0.009932 0.969206 0.009932 0.002098 0.993265 -0.002110 -0.009975 -0.969095 -0.009975 -0.002110 0.000000 
5.000000e-01 5.000000e-01 4.999970e-03 5.000000e-01 5.000000e-01 1.515019e+00 -0.993265 0.002098 0.009932 0.969206 0.009932 0.002098 0.993265 -0.002110 -0.009975 -0.969095 -0.009975 -0.002110 0.000000 
5.000000e-01 5.000000e-01 4.999970e-03 5.000000e-01 5.000000e-01 1.515019e+00 -0.993265 0.002098 0.009932 0.969206 0.009932 0.002098 0.993265 -0.002110 -0.009975 -0.969095 -0.009975 -0.002110 0.000000 
5.000000e-01 5.000000e-01 4.999970e-03 5.000000e-01 5.000000e-01 1.515019e+00 -0.993265 0.002098 0.009932 0.969206 0.009932 0.002098 0.993265 -0.002110 -0.009975 -0.969095 -0.009975 -0.002110 0.000000 
5.000000e-01 5.000000e-01 4.999970e-03 5.000000e-01 5.000000e-01 1.515019e+00 -0.993265 0.002098 0.009932 0.969206 0.009932 0.002098 0.993265 -0.002110 -0.009975 -0.969095 -0.009975 -0.002110 0.000000 
5.000000e-01 5.000000e-01 4.999970e-03 5.000000e-01 5.000000e-01 1.515019e+00 -0.993265 0.002098 0.009932 0.969206 0.009932 0.002098 0.993265 -0.002110 -0.009975 -0.969095 -0.009975 -0.002110 0.000000 
5.000000e-01 5.000000e-01 4.999970e-03 5.000000e-01 5.000000e-01 1.515019e+00 -0.993265 0.002098 0.009932 0.969206 0.009932 0.002098 0.993265 -0.002110 -0.009975 -0.969095 -0.009975 -0.002110 0.000000 
5.000000e-01 5.000000e-01 4.999970e-03 5.000000e-01 5.000000e-01 1.515019e+00 -0.993265 0.002098 0.009932 0.969206 0.009932 0.002098 0.993265 -0.002110 -0.009975 -0.969095 -0.009975 -0.002110 0.000000 
5.000000e-01 5.000000e-01 4.999970e-03 5.000000e-01 5.000000e-01 1.515019e+00 -0.993265 0.002098 0.009932 0.969206 0.009932 0.002098 0.993265 -0.002110 -0.009975 -0.969095 -0.009975 -0.002110 0.000000 
5.000000e-01 5.000000e-01 4.999970e-03 5.000000e-01 5.000000e-01 1.515019e+00 -0.993265 0.002098 0.009932 0.969206 0.009932 0.002098 0.993265 -0.002110 -0.009975 -0.969095 -0.009975 -0.002110 0.000000 
5.000000e-01 5.000000e-01 4.999970e-03 5.000000e-01 5.000000e-01 1.515019e+00 -0.993265 0.002098 0.009932 0.969206 0.009932 0.002098 0.993265 -0.002110 -0.009975 -0.969095 -0.009975 -0.002110 0.000000 
5.000000e-01 5.000000e-01 4.999970e-03 5.000000e-01 5.000000e-01 1.515019e+00 -0.993265 0.002098 0.009932 0.969206 0.009932 0.002098 0.993265 -0.002110 -0.009975 -0.969095 -0.009975 -0.002110 0.000000 
5.000000e-01 5.000000e-01 4.999970e-03 5.000000e-01 5.000000e-01 1.515019e+00 -0.993265 0.002098 0.009932 0.969206 0.009932 0.002098 0.993265 -0.002110 -0.009975 -0.969095 -0.009975 -0.002110 0.000000 
5.000000e-01 5.000000e-01 4.999970e-03 5.000000e-01 5.000000e-01 1.515019e+00 -0.993265 0.002098 0.009932 0.969206 0.009932 0.002098 0.993265 -0.002110 -0.009975 -0.969095 -0.009975 -0.002110 0.000000 
5.000000e-01 5.000000e-01 4.999970e-03 5.000000e-01 5.000000e-01 1.515019e+00 -0.993265 0.002098 0.009932 0.969206 0.009932 0.002098 0.993265 -0.002110 -0.009975 -0.969095 -0.009975 -0.002110 0.000000 
5.000000e-01 5.000000e-01 4.999970e-03 5.000000e-01 5.000000e-01 1.515019e+00 -0.993265 0.002098 0.009932 0.969206 0.009932 0.002098 0.993265 -0.002110 -0.009975 -0.969095 -0.009975 -0.002110 0.000000 
5.000000e-01 5.000000e-01 4.999970e-03 5.000000e-01 5.000000e-01 1.515019e+00 -0.993265 0.002098 0.009932 0.969206 0.009932 0.002098 0.993265 -0.002110 -0.009975 -0.969095 -0.009975 -0.002110 0.000000 
5.000000e-01 5.000000e-01 4.999970e-03 5.000000e-01 5.000000e-01 1.515019e+00 -0.993265 0.002098 0.009932 0.969206 0.009932 0.002098 0.993265 -0.002110 -0.009975 -0.969095 -0.009975 -0.002110 0.000000 
5.000000e-01 5.000000e-01 4.999970e-03 5.000000e-01 5.000000e-01 1.515019e+00 -0.993265 0.002098 0.009932 0.969206 0.009932 0.002098 0.993265 -0.002110 -0.009975 -0.969095 -0.009975 -0.002110 0.000000 
5.000000e-01 5.000000e-01 4.999970e-03 5.000000e-01 5.000000e-01 1.515019e+00 -0.993265 0.002098 0.009932 0.969206 0.009932 0.002098 0.993265 -0.002110 -0.009975 -0.969095 -0.009975 -0.002110 0.000000 
5.000000e-01 5.000000e-01 4.999970e-03 5.000000e-01 5.000000e-01 1.515019e+00 -0.993265 0.002098 0.009932 0.969206 0.009932 0.002098 0.993265 -0.002110 -0.009975 -0.969095 -0.009975 -0.002110 0.000000 
5.000000e-01 5.000000e-01 4.999970e-03 5.000000e-01 5.000000e-01 1.515019e+00 -0.993265 0.002098 0.009932 0.969206 0.009932 0.002098 0.993265 -0.002110 -0.009975 -0.969095 -0.009975 -0.002110 0.000000 
5.000000e-01 5.000000e-01 4.999970e-03 5.000000e-01 5.000000e-01 1.515019e+00 -0.993265 0.002098 0.009932 0.969206 0.009932 0.002098 0.993265 -0.002110 -0.009975 -0.969095 -0.009975 -0.002110 0.000000 
5.000000e-01 5.000000e-01 4.999970e-03 5.000000e-01 5.000000e-01 1.515019e+00 -0.993265 0.002098 0.009932 0.969206 0.009932 0.002098 0.993265 -0.002110 -0.009975 -0.969095 -0.009975 -0.002110 0.000000 
5.000000e-01 5.000000e-01 4.999970e-03 5.000000e-01 5.000000e-01 1.515019e+00 -0.993265 0.002098 0.009932 0.969206 0.009932 0.002098 0.993265 -0.002110 -0.009975 -0.969095 -0.009975 -0.002110 0.000000 
5.000000e-01 5.000000e-01 4.999970e-03 5.000000e-01 5.000000e-01 1.515019e+00 -0.993265 0.002098 0.009932 0.969206 0.009932 0.002098 0.993265 -0.002110 -0.009975 -0.969095 -0.009975 -0.002110 0.000000 
5.000000e-01 5.000000e-01 4.999970e-03 5.000000e-01 5.000000e-01 1.515019e+00 -0.993265 0.002098 0.009932 0.969206 0.009932 0.002098 0.993265 -0.002110 -0.009975 -0.969095 -0.009975 -0.002110 0.000000 
5.000000e-01 5.000000e-01 4.999970e-03 5.000000e-01 5.000000e-01 1.515019e+00 -0.993265 0.002098 0.009932 0.969206 0.009932 0.002098 0.993265 -0.002110 -0.009975 -0.969095 -0.009975 -0.002110 0.000000 
5.000000e-01 5.000000e-01 4.999970e-03 5.000000e-01 5.000000e-01 1.515019e+00 -0.993265 0.002098 0.009932 0.969206 0.009932 0.002098 0.993265 -0.002110 -0.009975 -0.969095 -0.009975 -0.002110 0.000000 
5.000000e-01 5.000000e-01 4.999970e-03 5.000000e-01 5.000000e-01 1.515019e+00 -0.993265 0.002098 0.009932 0.969206 0.009932 0.002098 0.993265 -0.002110 -0.009975 -0.969095 -0.009975 -0.002110 0.000000 
5.000000e-01 5.000000e-01 4.999970e-03 5.000000e-01 5.000000e-01 1.515019e+00 -0.993265 0.002098 0.009932 0.969206 0.009932 0.002098 0.993265 -0.002110 -0.009975 -0.969095 -0.009975 -0.002110 0.000000 
5.000000e-01 5.000000e-01 4.999970e-03 5.000000e-01 5.000000e-01 1.515019e+00 -0.993265 0.002098 0.009932 0.969206 0.009932 0.002098 0.993265 -0.002110 -0.009975 -0.969095 -0.009975 -0.002110 0.000000 
5.000000e-01 5.000000e-01 4.999970e-03 5.000000e-01 5.000000e-01 1.515019e+00 -0.993265 0.002098 0.009932 0.969206 0.009932 0.002098 0.993265 -0.002110 -0.009975 -0.969095 -0.009975 -0.002110 0.000000 
5.000000e-01 5.000000e-01 4.999970e-03 5.000000e-01 5.000000e-01 1.515019e+00 -0.993265 0.002098 0.009932 0.969206 0.009932 0.002098 0.993265 -0.002110 -0.009975 -0.969095 -0.009975 -0.002110 0.000000 
5.000000e-01 5.000000e-01 4.999970e-03 5.000000e-01 5.000000e-01 1.515019e+00 -0.993265 0.002098 0.009932 0.969206 0.009932 0.002098 0.993265 -0.002110 -0.009975 -0.969095 -0.009975 -0.002110 0.000000 
5.000000e-01 5.000000e-01 4.999970e-03 5.000000e-01 5.000000e-01 1.515019e+00 -0.993265 0.002098 0.009932 0.969206 0.009932 0.002098 0.993265 -0.002110 -0.009975 -0.969095 -0.009975 -0.002110 0.000000 
5.000000e-01 5.000000e-01 4.999970e-03 5.000000e-01 5.000000e-01 1.515019e+00 -0.993265 0.002098 0.009932 0.969206 0.009932 0.002098 0.993265 -0.002110 -0.009975 -0.969095 -0.009975 -0.002110 0.000000 
5.000000e-01 5.000000e-01 4.999970e-03 5.000000e-01 5.000000e-01 1.515019e+00 -0.993265 0.002098 0.009932 0.969206 0.009932 0.002098 0.993265 -0.002110 -0.009975 -0.969095 -0.009975 -0.002110 0.000000 
5.000000e-01 5.000000e-01 4.999970e-03 5.000000e-01 5.000000e-01 1.515019e+00 -0.993265 0.002098 0.009932 0.969206 0.009932 0.002098 0.993265 -0.002110 -0.009975 -0.969095 -0.009975 -0.002110 0.000000 
5.000000e-01 5.000000e-01 4.999970e-03 5.000000e-01 5.000000e-01 1.515019e+00 -0.993265 0.002098 0.009932 0.969206 0.009932 0.002098 0.993265 -0.002110 -0.009975 -0.969095 -0.009975 -0.002110 0.000000 
5.000000e-01 5.000000e-01 4.999970e-03 5.000000e-01 5.000000e-01 1.515019e+00 -0.993265 0.002098 0.009932 0.969206 0.009932 0.002098 0.993265 -0.002110 -0.009975 -0.969095 -0.009975 -0.002110 0.000000 
5.000000e-01 5.000000e-01 4.999970e-03 5.000000e-01 5.000000e-01 1.515019e+00 -0.993265 0.002098 0.009932 0.969206 0.009932 0.002098 0.993265 -0.002110 -0.009975 -0.969095 -0.009975 -0.002110 0.000000 
5.000000e-01 5.000000e-01 4.999970e-03 5.000000e-01 5.000000e-01 1.515019e+00 -0.993265 0.002098 0.009932 0.969206 0.009932 0.002098 0.993265 -0.002110 -0.009975 -0.969095 -0.009975 -0.002110 0.000000 
5.000000e-01 5.000000e-01 4.999970e-03 5.000000e-01 5.000000e-01 1.515019e+00 -0.993265 0.002098 0.009932 0.969206 0.009932 0.002098 0.993265 -0.002110 -0.009975 -0.969095 -0.009975 -0.002110 0.000000 
5.000000e-01 5.000000e-01 4.999970e-03 5.000000e-01 5.000000e-01 1.515019e+00 -0.993265 0.002098 0.009932 0.969206 0.009932 0.002098 0.993265 -0.002110 -0.009975 -0.969095 -0.009975 -0.002110 0.000000 
5.000000e-01 5.000000e-01 4.999970e-03 5.000000e-01 5.000000e-01 1.515019e+00 -0.993265 0.002098 0.009932 0.969206 0.009932 0.002098 0.993265 -0.002110 -0.009975 -0.969095 -0.009975 -0.002110 0.000000 
5.000000e-01 5.000000e-01 4.999970e-03 5.000000e-01 5.000000e-01 1.515019e+00 -0.993265 0.002098 0.009932 0.969206 0.009932 0.002098 0.993265 -0.002110 -0.009975 -0.969095 -0.009975 -0.002110 0.000000 
5.000000e-01 5.000000e-01 4.999970e-03 5.000000e-01 5.000000e-01 1.515019e+00 -0.993265 0.002098 0.009932 0.969206 0.009932 0.002098 0.993265 -0.002110 -0.009975 -0.969095 -0.009975 -0.002110 0.000000 
5.000000e-01 5.000000e-01 4.999970e-03 5.000000e-01 5.000000e-01 1.515019e+00 -0.993265 0.002098 0.009932 0.969206 0.009932 0.002098 0.993265 -0.002110 -0.009975 -0.969095 -0.009975 -0.002110 0.000000 
5.000000e-01 5.000000e-01 4.999970e-03 5.000000e-01 5.000000e-01 1.515019e+00 -0.993265 0.002098 0.009932 0.969206 0.009932 0.002098 0.993265 -0.002110 -0.009975 -0.969095 -0.009975 -0.002110 0.000000 
5.000000e-01 5.000000e-01 4.999970e-03 5.000000e-01 5.000000e-01 1.515019e+00 -0.993265 0.002098 0.009932 0.969206 0.009932 0.002098 0.993265 -0.002110 -0.009975 -0.969095 -0.009975 -0.002110 0.000000 
5.000000e-01 5.000000e-01 4.999970e-03 5.000000e-01 5.000000e-01 1.515019e+00 -0.993265 0.002098 0.009932 0.969206 0.009932 0.002098 0.993265 -0.002110 -0.009975 -0.969095 -0.009975 -0.002110 0.000000 
5.000000e-01 5.000000e-01 4.999970e-03 5.000000e-01 5.000000e-01 1.515019e+00 -0.993265 0.002098 0.009932 0.969206 0.009932 0.002098 0.993265 -0.002110 -0.009975 -0.969095 -0.009975 -0.002110 0.000000 
5.000000e-01 5.000000e-01 4.999970e-03 5.000000e-01 5.000000e-01 1.515019e+00 -0.993265 0.002098 0.009932 0.969206 0.009932 0.002098 0.993265 -0.002110 -0.009975 -0.969095 -0.009975 -0.002110 0.000000 
5.000000e-01 5.000000e-01 4.999970e-03 5.000000e-01 5.000000e-01 1.515019e+00 -0.993265 0.002098 0.009932 0.969206 0.009932 0.002098 0.993265 -0.002110 -0.009975 -0.969095 -0.009975 -0.002110 0.000000 
5.000000e-01 5.000000e-01 4.999970e-03 5.000000e-01 5.000000e-01 1.515019e+00 -0.993265 0.002098 0.009932 0.969206 0.009932 0.002098 0.993265 -0.002110 -0.009975 -0.969095 -0.009975 -0.002110 0.000000 
5.000000e-01 5.000000e-01 4.999970e-03 5.000000e-01 5.000000e-01 1.515019e+00 -0.993265 0.002098 0.009932 0.969206 0.009932 0.002098 0.993265 -0.002110 -0.009975 -0.969095 -0.009975 -0.002110 0.000000 
5.000000e-01 5.000000e-01 4.999970e-03 5.000000e-01 5.000000e-01 1.515019e+00 -0.993265 0.002098 0.009932 0.969206 0.009932 0.002098 0.993265 -0.002110 -0.009975 -0.969095 -0.009975 -0.002110 0.000000 
5.000000e-01 5.000000e-01 4.999970e-03 5.000000e-01 5.000000e-01 1.515019e+00 -0.993265 0.002098 0.009932 0.969206 0.009932 0.002098 0.993265 -0.002110 -0.009975 -0.969095 -0.009975 -0.002110 0.000000 
5.000000e-01 5.000000e-01 4.999970e-03 5.000000e-01 5.000000e-01 1.515019e+00 -0.993265 0.002098 0.009932 0.969206 0.009932 0.002098 0.993265 -0.002110 -0.009975 -0.969095 -0.009975 -0.002110 0.000000 
5.000000e-01 5.000000e-01 4.999970e-03 5.000000e-01 5.000000e-01 1.515019e+00 -0.993265 0.002098 0.009932 0.969206 0.009932 0.002098 0.993265 -0.002110 -0.009975 -0.969095 -0.009975 -0.002110 0.000000 
5.000000e-01 5.000000e-01 4.999970e-03 5.000000e-01 5.000000e-01 1.515019e+00 -0.993265 0.002098 0.009932 0.969206 0.009932 0.002098 0.993265 -0.002110 -0.009975 -0.969095 -0.009975 -0.002110 0.000000 
5.000000e-01 5.000000e-01 4.999970e-03 5.000000e-01 5.000000e-01 1.515019e+00 -0.993265 0.002098 0.009932 0.969206 0.009932 0.002098 0.993265 -0.002110 -0.009975 -0.969095 -0.009975 -0.002110 0.000000 
5.000000e-01 5.000000e-01 4.999970e-03 5.000000e-01 5.000000e-01 1.515019e+00 -0.993265 0.002098 0.009932 0.969206 0.009932 0.002098 0.993265 -0.002110 -0.009975 -0.969095 -0.009975 -0.002110 0.000000 
5.000000e-01 5.000000e-01 4.999970e-03 5.000000e-01 5.000000e-01 1.515019e+00 -0.993265 0.002098 0.009932 0.969206 0.009932 0.002098 0.993265 -0.002110 -0.009975 -0.969095 -0.009975 -0.002110 0.000000 
5.000000e-01 5.000000e-01 4.999970e-03 5.000000e-01 5.000000e-01 1.515019e+00 -0.993265 0.002098 0.009932 0.969206 0.009932 0.002098 0.993265 -0.002110 -0.009975 -0.969095 -0.009975 -0.002110 0.000000 
5.000000e-01 5.000000e-01 4.999970e-03 5.000000e-01 5.000000e-01 1.515019e+00 -0.993265 0.002098 0.009932 0.969206 0.009932 0.002098 0.993265 -0.002110 -0.009975 -0.969095 -0.009975 -0.002110 0.000000 
5.000000e-01 5.000000e-01 4.999970e-03 5.000000e-01 5.000000e-01 1.515019e+00 -0.993265 0.002098 0.009932 0.969206 0.009932 0.002098 0.993265 -0.002110 -0.009975 -0.969095 -0.009975 -0.002110 0.000000 
5.000000e-01 5.000000e-01 4.999970e-03 5.000000e-01 5.000000e-01 1.515019e+00 -0.993265 0.002098 0.009932 0.969206 0.009932 0.002098 0.993265 -0.002110 -0.009975 -0.969095 -0.009975 -0.002110 0.000000 
5.000000e-01 5.000000e-01 4.999970e-03 5.000000e-01 5.000000e-01 1.515019e+00 -0.993265 0.002098 0.009932 0.969206 0.009932 0.002098 0.993265 -0.002110 -0.009975 -0.969095 -0.009975 -0.002110 0.000000 
5.000000e-01 5.000000e-01 4.999970e-03 5.000000e-01 5.000000e-01 1.515019e+00 -0.993265 0.002098 0.009932 0.969206 0.009932 0.002098 0.993265 -0.002110 -0.009975 -0.969095 -0.009975 -0.002110 0.000000 
5.000000e-01 5.000000e-01 4.999970e-03 5.000000e-01 5.000000e-01 1.515019e+00 -0.993265 0.002098 0.009932 0.969206 0.009932 0.002098 0.993265 -0.002110 -0.009975 -0.969095 -0.009975 -0.002110 0.000000 
5.000000e-01 5.000000e-01 4.999970e-03 5.000000e-01 5.000000e-01 1.515019e+00 -0.993265 0.002098 0.009932 0.969206 0.009932 0.002098 0.993265 -0.002110 -0.009975 -0.969095 -0.009975 -0.002110 0.000000 
5.000000e-01 5.000000e-01 4.999970e-03 5.000000e-01 5.000000e-01 1.515019e+00 -0.993265 0.002098 0.009932 0.969206 0.009932 0.002098 0.993265 -0.002110 -0.009975 -0.969095 -0.009975 -0.002110 0.000000 
5.000000e-01 5.000000e-01 4.999970e-03 5.000000e-01 5.000000e-01 1.515019e+00 -0.993265 0.002098 0.009932 0.969206 0.009932 0.002098 0.993265 -0.002110 -0.009975 -0.969095 -0.009975 -0.002110 0.000000 
5.000000e-01 5.000000e-01 4.999970e-03 5.000000e-01 5.000000e-01 1.515019e+00 -0.993265 0.002098 0.009932 0.969206 0.009932 0.002098 0.993265 -0.002110 -0.009975 -0.969095 -0.009975 -0.002110 0.000000 
5.000000e-01 5.000000e-01 4.999970e-03 5.000000e-01 5.000000e-01 1.515019e+00 -0.993265 0.002098 0.009932 0.969206 0.009932 0.002098 0.993265 -0.002110 -0.009975 -0.969095 -0.009975 -0.002110 0.000000 
5.000000e-01 5.000000e-01 4.999970e-03 5.000000e-01 5.000000e-01 1.515019e+00 -0.993265 0.002098 0.009932 0.969206 0.009932 0.002098 0.993265 -0.002110 -0.009975 -0.969095 -0.009975 -0.002110 0.000000 
5.000000e-01 5.000000e-01 4.999970e-03 5.000000e-01 5.000000e-01 1.515019e+00 -0.993265 0.002098 0.009932 0.969206 0.009932 0.002098 0.993265 -0.002110 -0.009975 -0.969095 -0.009975 -0.002110 0.000000 
5.000000e-01 5.000000e-01 4.999970e-03 5.000000e-01 5.000000e-01 1.515019e+00 -0.993265 0.002098 0.009932 0.969206 0.009932 0.002098 0.993265 -0.002110 -0.009975 -0.969095 -0.009975 -0.002110 0.000000 
5.000000e-01 5.000000e-01 4.999970e-03 5.000000e-01 5.000000e-01 1.515019e+00 -0.993265 0.002098 0.009932 0.969206 0.009932 0.002098 0.993265 -0.002110 -0.009975 -0.969095 -0.009975 -0.002110 0.000000 
5.000000e-01 5.000000e-01 4.999970e-03 5.000000e-01 5.000000e-01 1.515019e+00 -0.993265 0.002098 0.009932 0.969206 0.009932 0.002098 0.993265 -0.002110 -0.009975 -0.969095 -0.009975 -0.002110 0.000000 
5.000000e-01 5.000000e-01 4.999970e-03 5.000000e-01 5.000000e-01 1.515019e+00 -0.993265 0.002098 0.009932 0.969206 0.009932 0.002098 0.993265 -0.002110 -0.009975 -0.969095 -0.009975 -0.002110 0.000000 
5.000000e-01 5.000000e-01 4.999970e-03 5.000000e-01 5.000000e-01 1.515019e+00 -0.993265 0.002098 0.009932 0.969206 0.009932 0.002098 0.993265 -0.002110 -0.009975 -0.969095 -0.009975 -0.002110 0.000000 
5.000000e-01 5.000000e-01 4.999970e-03 5.000000e-01 5.000000e-01 1.515019e+00 -0.993265 0.002098 0.009932 0.969206 0.009932 0.002098 0.993265 -0.002110 -0.009975 -0.969095 -0.009975 -0.002110 0.000000 
5.000000e-01 5.000000e-01 4.999970e-03 5.000000e-01 5.000000e-01 1.515019e+00 -0.993265 0.002098 0.009932 0.969206 0.009932 0.002098 0.993265 -0.002110 -0.009975 -0.969095 -0.009975 -0.002110 0.000000 
5.000000e-01 5.000000e-01 4.999970e-03 5.000000e-01 5.000000e-01 1.515019e+00 -0.993265 0.002098 0.009932 0.969206 0.009932 0.002098 0.993265 -0.002110 -0.009975 -0.969095 -0.009975 -0.002110 0.000000 
5.000000e-01 5.000000e-01 4.999970e-03 5.000000e-01 5.000000e-01 1.515019e+00 -0.993265 0.002098 0.009932 0.969206 0.009932 0.002098 0.993265 -0.002110 -0.009975 -0.969095 -0.009975 -0.002110 0.000000 
5.000000e-01 5.000000e-01 4.999970e-03 5.000000e-01 5.000000e-01 1.515019e+00 -0.993265 0.002098 0.009932 0.969206 0.009932 0.002098 0.993265 -0.002110 -0.009975 -0.969095 -0.009975 -0.002110 0.000000 
5.000000e-01 5.000000e-01 4.999970e-03 5.000000e-01 5.000000e-01 1.515019e+00 -0.993265 0.002098 0.009932 0.969206 0.009932 0.002098 0.993265 -0.002110 -0.009975 -0.969095 -0.009975 -0.002110 0.000000 
5.000000e-01 5.000000e-01 4.999970e-03 5.000000e-01 5.000000e-01 1.515019e+00 -0.993265 0.002098 0.009932 0.969206 0.009932 0.002098 0.993265 -0.002110 -0.009975 -0.969095 -0.009975 -0.002110 0.000000 
5.000000e-01 5.000000e-01 4.999970e-03 5.000000e-01 5.000000e-01 1.515019e+00 -0.993265 0.002098 0.009932 0.969206 0.009932 0.002098 0.993265 -0.002110 -0.009975 -0.969095 -0.009975 -0.002110 0.000000 
5.000000e-01 5.000000e-01 4.999970e-03 5.000000e-01 5.000000e-01 1.515019e+00 -0.993265 0.002098 0.009932 0.969206 0.009932 0.002098 0.993265 -0.002110 -0.009975 -0.969095 -0.009975 -0.002110 0.000000 
5.000000e-01 5.000000e-01 4.999970e-03 5.000000e-01 5.000000e-01 1.515019e+00 -0.993265 0.002098 0.009932 0.969206 0.009932 0.002098 0.993265 -0.002110 -0.009975 -0.969095 -0.009975 -0.002110 0.000000 
5.000000e-01 5.000000e-01 4.999970e-03 5.000000e-01 5.000000e-01 1.515019e+00 -0.993265 0.002098 0.009932 0.969206 0.009932 0.002098 0.993265 -0.002110 -0.009975 -0.969095 -0.009975 -0.002110 0.000000 
5.000000e-01 5.000000e-01 4.999970e-03 5.000000e-01 5.000000e-01 1.515019e+00 -0.993265 0.002098 0.009932 0.969206 0.009932 0.002098 0.993265 -0.002110 -0.009975 -0.969095 -0.009975 -0.002110 0.000000 
5.000000e-01 5.000000e-01 4.999970e-03 5.000000e-01 5.000000e-01 1.515019e+00 -0.993265 0.002098 0.009932 0.969206 0.009932 0.002098 0.993265 -0.002110 -0.009975 -0.969095 -0.009975 -0.002110 0.000000 
5.000000e-01 5.000000e-01 4.999970e-03 5.000000e-01 5.000000e-01 1.515019e+00 -0.993265 0.002098 0.009932 0.969206 0.009932 0.002098 0.993265 -0.002110 -0.009975 -0.969095 -0.009975 -0.002110 0.000000 
5.000000e-01 5.000000e-01 4.999970e-03 5.000000e-01 5.000000e-01 1.515019e+00 -0.993265 0.002098 0.009932 0.969206 0.009932 0.002098 0.993265 -0.002110 -0.009975 -0.969095 -0.009975 -0.002110 0.000000 
5.000000e-01 5.000000e-01 4.999970e-03 5.000000e-01 5.000000e-01 1.515019e+00 -0.993265 0.002098 0.009932 0.969206 0.009932 0.002098 0.993265 -0.002110 -0.009975 -0.969095 -0.009975 -0.002110 0.000000 
5.000000e-01 5.000000e-01 4.999970e-03 5.000000e-01 5.000000e-01 1.515019e+00 -0.993265 0.002098 0.009932 0.969206 0.009932 0.002098 0.993265 -0.002110 -0.009975 -0.969095 -0.009975 -0.002110 0.000000 
5.000000e-01 5.000000e-01 4.999970e-03 5.000000e-01 5.000000e-01 1.515019e+00 -0.993265 0.002098 0.009932 0.969206 0.009932 0.002098 0.993265 -0.002110 -0.009975 -0.969095 -0.009975 -0.002110 0.000000 
5.000000e-01 5.000000e-01 4.999970e-03 5.000000e-01 5.000000e-01 1.515019e+00 -0.993265 0.002098 0.009932 0.969206 0.009932 0.002098 0.993265 -0.002110 -0.009975 -0.969095 -0.009975 -0.002110 0.000000 
5.000000e-01 5.000000e-01 4.999970e-03 5.000000e-01 5.000000e-01 1.515019e+00 -0.993265 0.002098 0.009932 0.969206 0.009932 0.002098 0.993265 -0.002110 -0.009975 -0.969095 -0.009975 -0.002110 0.000000 
5.000000e-01 5.000000e-01 4.999970e-03 5.000000e-01 5.000000e-01 1.515019e+00 -0.993265 0.002098 0.009932 0.969206 0.009932 0.002098 0.993265 -0.002110 -0.009975 -0.969095 -0.009975 -0.002110 0.000000 
5.000000e-01 5.000000e-01 4.999970e-03 5.000000e-01 5.000000e-01 1.515019e+00 -0.993265 0.002098 0.009932 0.969206 0.009932 0.002098 0.993265 -0.002110 -0.009975 -0.969095 -0.009975 -0.002110 0.000000 
5.000000e-01 5.000000e-01 4.999970e-03 5.000000e-01 5.000000e-01 1.515019e+00 -0.993265 0.002098 0.009932 0.969206 0.009932 0.002098 0.993265 -0.002110 -0.009975 -0.969095 -0.009975 -0.002110 0.000000 
5.000000e-01 5.000000e-01 4.999970e-03 5.000000e-01 5.000000e-01 1.515019e+00 -0.993265 0.002098 0.009932 0.969206 0.009932 0.002098 0.993265 -0.002110 -0.009975 -0.969095 -0.009975 -0.002110 0.000000 
5.000000e-01 5.000000e-01 4.999970e-03 5.000000e-01 5.000000e-01 1.515019e+00 -0.993265 0.002098 0.009932 0.969206 0.009932 0.002098 0.993265 -0.002110 -0.009975 -0.969095 -0.009975 -0.002110 0.000000 
5.000000e-01 5.000000e-01 4.999970e-03 5.000000e-01 5.000000e-01 1.515019e+00 -0.993265 0.002098 0.009932 0.969206 0.009932 0.002098 0.993265 -0.002110 -0.009975 -0.969095 -0.009975 -0.002110 0.000000 
5.000000e-01 5.000000e-01 4.999970e-03 5.000000e-01 5.000000e-01 1.515019e+00 -0.993265 0.002098 0.009932 0.969206 0.009932 0.002098 0.993265 -0.002110 -0.009975 -0.969095 -0.009975 -0.002110 0.000000 
5.000000e-01 5.000000e-01 4.999970e-03 5.000000e-01 5.000000e-01 1.515019e+00 -0.993265 0.002098 0.009932 0.969206 0.009932 0.002098 0.993265 -0.002110 -0.009975 -0.969095 -0.009975 -0.002110 0.000000 
5.000000e-01 5.000000e-01 4.999970e-03 5.000000e-01 5.000000e-01 1.515019e+00 -0.993265 0.002098 0.009932 0.969206 0.009932 0.002098 0.993265 -0.002110 -0.009975 -0.969095 -0.009975 -0.002110 0.000000 
5.000000e-01 5.000000e-01 4.999970e-03 5.000000e-01 5.000000e-01 1.515019e+00 -0.993265 0.002098 0.009932 0.969206 0.009932 0.002098 0.993265 -0.002110 -0.009975 -0.969095 -0.009975 -0.002110 0.000000 
5.000000e-01 5.000000e-01 4.999970e-03 5.000000e-01 5.000000e-01 1.515019e+00 -0.993265 0.002098 0.009932 0.969206 0.009932 0.002098 0.993265 -0.002110 -0.009975 -0.969095 -0.009975 -0.002110 0.000000 
