# TeX TeY TeZ ThX ThY THZ P1 P2
5.000000e-01 5.000000e-01 6.200000e-01 5.000000e-01 5.000000e-01 6.200000e-01 0.000000 0.000000 0.000000 0.000000 0.000000 0.000000 0.000000 0.000000 0.000000 0.000000 0.000000 0.000000 0.000000 
5.000000e-01 5.000000e-01 6.080342e-01 5.000000e-01 5.000000e-01 6.286076e-01 -0.013505 0.002338 0.002899 0.003030 0.002899 0.002338 0.013505 -0.001729 -0.003071 -0.003904 -0.003071 -0.001729 0.000000 
5.000000e-01 5.000000e-01 5.960287e-01 5.000000e-01 5.000000e-01 6.372031e-01 -0.027028 0.004682 0.005801 0.006061 0.005801 0.004682 0.027028 -0.003442 -0.006151 -0.007842 -0.006151 -0.003442 0.000000 
5.000000e-01 5.000000e-01 5.839840e-01 5.000000e-01 5.000000e-01 6.457864e-01 -0.040569 0.007030 0.008707 0.009095 0.008707 0.007030 0.040569 -0.005135 -0.009240 -0.011819 -0.009240 -0.005135 0.000000 
5.000000e-01 5.000000e-01 5.719004e-01 5.000000e-01 5.000000e-01 6.543574e-01 -0.054127 0.009383 0.011616 0.012130 0.011616 0.009383 0.054127 -0.006805 -0.012338 -0.015841 -0.012338 -0.006805 0.000000 
5.000000e-01 5.000000e-01 5.597782e-01 5.000000e-01 5.000000e-01 6.629160e-01 -0.067703 0.011739 0.014528 0.015169 0.014528 0.011739 0.067703 -0.008447 -0.015447 -0.019915 -0.015447 -0.008447 0.000000 
5.000000e-01 5.000000e-01 5.476177e-01 5.000000e-01 5.000000e-01 6.714621e-01 -0.081295 0.014098 0.017444 0.018210 0.017444 0.014098 0.081295 -0.010051 -0.018568 -0.024057 -0.018568 -0.010051 0.000000 
5.000000e-01 5.000000e-01 5.354193e-01 5.000000e-01 5.000000e-01 6.799955e-01 -0.094904 0.016461 0.020363 0.021255 0.020363 0.016461 0.094904 -0.011619 -0.021700 -0.028267 -0.021700 -0.011619 0.000000 
5.000000e-01 5.000000e-01 5.231833e-01 5.000000e-01 5.000000e-01 6.885162e-01 -0.108529 0.018825 0.023287 0.024306 0.023287 0.018825 0.108529 -0.013148 -0.024842 -0.032549 -0.024842 -0.013148 0.000000 
5.000000e-01 5.000000e-01 5.109100e-01 5.000000e-01 5.000000e-01 6.970240e-01 -0.122170 0.021191 0.026214 0.027362 0.026214 0.021191 0.122170 -0.014630 -0.027997 -0.036914 -0.027997 -0.014630 0.000000 
5.000000e-01 5.000000e-01 4.985997e-01 5.000000e-01 5.000000e-01 7.055188e-01 -0.135827 0.023558 0.029144 0.030423 0.029144 0.023558 0.135827 -0.016056 -0.031165 -0.041384 -0.031165 -0.016056 0.000000 
5.000000e-01 5.000000e-01 4.862528e-01 5.000000e-01 5.000000e-01 7.140005e-01 -0.149499 0.025926 0.032079 0.033489 0.032079 0.025926 0.149499 -0.017419 -0.034347 -0.045967 -0.034347 -0.017419 0.000000 
5.000000e-01 5.000000e-01 4.738695e-01 5.000000e-01 5.000000e-01 7.224689e-01 -0.163186 0.028295 0.035017 0.036563 0.035017 0.028295 0.163186 -0.018719 -0.037540 -0.050668 -0.037540 -0.018719 0.000000 
5.000000e-01 5.000000e-01 4.614501e-01 5.000000e-01 5.000000e-01 7.309239e-01 -0.176888 0.030664 0.037959 0.039643 0.037959 0.030664 0.176888 -0.019949 -0.040745 -0.055499 -0.040745 -0.019949 0.000000 
5.000000e-01 5.000000e-01 4.489951e-01 5.000000e-01 5.000000e-01 7.393655e-01 -0.190604 0.033031 0.040905 0.042731 0.040905 0.033031 0.190604 -0.021098 -0.043962 -0.060483 -0.043962 -0.021098 0.000000 
5.000000e-01 5.000000e-01 4.365046e-01 5.000000e-01 5.000000e-01 7.477934e-01 -0.204335 0.035398 0.043855 0.045829 0.043855 0.035398 0.204335 -0.022155 -0.047191 -0.065643 -0.047191 -0.022155 0.000000 
5.000000e-01 5.000000e-01 4.239790e-01 5.000000e-01 5.000000e-01 7.562076e-01 -0.218080 0.037763 0.046810 0.048934 0.046810 0.037763 0.218080 -0.023120 -0.050428 -0.070984 -0.050428 -0.023120 0.000000 
5.000000e-01 5.000000e-01 4.114185e-01 5.000000e-01 5.000000e-01 7.646078e-01 -0.231838 0.040126 0.049768 0.052049 0.049768 0.040126 0.231838 -0.023985 -0.053672 -0.076524 -0.053672 -0.023985 0.000000 
5.000000e-01 5.000000e-01 3.988234e-01 5.000000e-01 5.000000e-01 7.729941e-01 -0.245609 0.042487 0.052731 0.055174 0.052731 0.042487 0.245609 -0.024733 -0.056921 -0.082301 -0.056921 -0.024733 0.000000 
5.000000e-01 5.000000e-01 3.861941e-01 5.000000e-01 5.000000e-01 7.813662e-01 -0.259394 0.044845 0.055698 0.058308 0.055698 0.044845 0.259394 -0.025352 -0.060171 -0.088348 -0.060171 -0.025352 0.000000 
5.000000e-01 5.000000e-01 3.735309e-01 5.000000e-01 5.000000e-01 7.897239e-01 -0.273191 0.047200 0.058669 0.061453 0.058669 0.047200 0.273191 -0.025843 -0.063417 -0.094671 -0.063417 -0.025843 0.000000 
5.000000e-01 5.000000e-01 3.608339e-01 5.000000e-01 5.000000e-01 7.980673e-01 -0.287001 0.049549 0.061645 0.064612 0.061645 0.049549 0.287001 -0.026198 -0.066654 -0.101297 -0.066654 -0.026198 0.000000 
5.000000e-01 5.000000e-01 3.481035e-01 5.000000e-01 5.000000e-01 8.063960e-01 -0.300823 0.051895 0.064626 0.067782 0.064626 0.051895 0.300823 -0.026388 -0.069871 -0.108306 -0.069871 -0.026388 0.000000 
5.000000e-01 5.000000e-01 3.353399e-01 5.000000e-01 5.000000e-01 8.147100e-01 -0.314657 0.054236 0.067610 0.070965 0.067610 0.054236 0.314657 -0.026408 -0.073060 -0.115720 -0.073060 -0.026408 0.000000 
5.000000e-01 5.000000e-01 3.225435e-01 5.000000e-01 5.000000e-01 8.230092e-01 -0.328503 0.056571 0.070600 0.074161 0.070600 0.056571 0.328503 -0.026258 -0.076211 -0.123564 -0.076211 -0.026258 0.000000 
5.000000e-01 5.000000e-01 3.097145e-01 5.000000e-01 5.000000e-01 8.312933e-01 -0.342360 0.058901 0.073594 0.077371 0.073594 0.058901 0.342360 -0.025923 -0.079309 -0.131896 -0.079309 -0.025923 0.000000 
5.000000e-01 5.000000e-01 2.968531e-01 5.000000e-01 5.000000e-01 8.395622e-01 -0.356228 0.061224 0.076592 0.080595 0.076592 0.061224 0.356228 -0.025362 -0.082324 -0.140857 -0.082324 -0.025362 0.000000 
5.000000e-01 5.000000e-01 2.839595e-01 5.000000e-01 5.000000e-01 8.478159e-01 -0.370106 0.063539 0.079596 0.083837 0.079596 0.063539 0.370106 -0.024593 -0.085243 -0.150434 -0.085243 -0.024593 0.000000 
5.000000e-01 5.000000e-01 2.710342e-01 5.000000e-01 5.000000e-01 8.560540e-01 -0.383996 0.065846 0.082604 0.087096 0.082604 0.065846 0.383996 -0.023606 -0.088042 -0.160702 -0.088042 -0.023606 0.000000 
5.000000e-01 5.000000e-01 2.580772e-01 5.000000e-01 5.000000e-01 8.642765e-01 -0.397896 0.068145 0.085618 0.090370 0.085618 0.068145 0.397896 -0.022358 -0.090665 -0.171850 -0.090665 -0.022358 0.000000 
5.000000e-01 5.000000e-01 2.450888e-01 5.000000e-01 5.000000e-01 8.724832e-01 -0.411806 0.070436 0.088636 0.093662 0.088636 0.070436 0.411806 -0.020850 -0.093076 -0.183955 -0.093076 -0.020850 0.000000 
5.000000e-01 5.000000e-01 2.320692e-01 5.000000e-01 5.000000e-01 8.806739e-01 -0.425726 0.072717 0.091659 0.096972 0.091659 0.072717 0.425726 -0.019085 -0.095235 -0.197086 -0.095235 -0.019085 0.000000 
5.000000e-01 5.000000e-01 2.190187e-01 5.000000e-01 5.000000e-01 8.888485e-01 -0.439656 0.074987 0.094688 0.100305 0.094688 0.074987 0.439656 -0.017037 -0.097063 -0.211456 -0.097063 -0.017037 0.000000 
5.000000e-01 5.000000e-01 2.059373e-01 5.000000e-01 5.000000e-01 8.970068e-01 -0.453595 0.077246 0.097722 0.103659 0.097722 0.077246 0.453595 -0.014676 -0.098447 -0.227350 -0.098447 -0.014676 0.000000 
5.000000e-01 5.000000e-01 1.928251e-01 5.000000e-01 5.000000e-01 9.051487e-01 -0.467545 0.079493 0.100762 0.107034 0.100762 0.079493 0.467545 -0.012027 -0.099340 -0.244810 -0.099340 -0.012027 0.000000 
5.000000e-01 5.000000e-01 1.796823e-01 5.000000e-01 5.000000e-01 9.132739e-01 -0.481505 0.081730 0.103807 0.110432 0.103807 0.081730 0.481505 -0.009078 -0.099625 -0.264098 -0.099625 -0.009078 0.000000 
5.000000e-01 5.000000e-01 1.665088e-01 5.000000e-01 5.000000e-01 9.213824e-01 -0.495476 0.083954 0.106857 0.113853 0.106857 0.083954 0.495476 -0.005778 -0.099037 -0.285846 -0.099037 -0.005778 0.000000 
5.000000e-01 5.000000e-01 1.533044e-01 5.000000e-01 5.000000e-01 9.294738e-01 -0.509458 0.086165 0.109914 0.117299 0.109914 0.086165 0.509458 -0.002173 -0.097529 -0.310053 -0.097529 -0.002173 0.000000 
5.000000e-01 5.000000e-01 1.400688e-01 5.000000e-01 5.000000e-01 9.375481e-01 -0.523452 0.088359 0.112978 0.120778 0.112978 0.088359 0.523452 0.001737 -0.094919 -0.337088 -0.094919 0.001737 0.000000 
5.000000e-01 5.000000e-01 1.268015e-01 5.000000e-01 5.000000e-01 9.456050e-01 -0.537463 0.090540 0.116049 0.124284 0.116049 0.090540 0.537463 0.006007 -0.090698 -0.368081 -0.090698 0.006007 0.000000 
5.000000e-01 5.000000e-01 1.135016e-01 5.000000e-01 5.000000e-01 9.536444e-01 -0.551491 0.092708 0.119128 0.127820 0.119128 0.092708 0.551491 0.010577 -0.084828 -0.402990 -0.084828 0.010577 0.000000 
5.000000e-01 5.000000e-01 1.001679e-01 5.000000e-01 5.000000e-01 9.616661e-01 -0.565540 0.094862 0.122214 0.131387 0.122214 0.094862 0.565540 0.015439 -0.077031 -0.442356 -0.077031 0.015439 0.000000 
5.000000e-01 5.000000e-01 8.679861e-02 5.000000e-01 5.000000e-01 9.696699e-01 -0.579619 0.097003 0.125311 0.134990 0.125311 0.097003 0.579619 0.020632 -0.066530 -0.487824 -0.066530 0.020632 0.000000 
5.000000e-01 5.000000e-01 7.339173e-02 5.000000e-01 5.000000e-01 9.776556e-01 -0.593732 0.099125 0.128421 0.138640 0.128421 0.099125 0.593732 0.026094 -0.053376 -0.539168 -0.053376 0.026094 0.000000 
5.000000e-01 5.000000e-01 5.994481e-02 5.000000e-01 5.000000e-01 9.856229e-01 -0.607887 0.101235 0.131543 0.142330 0.131543 0.101235 0.607886 0.031806 -0.037321 -0.596856 -0.037321 0.031806 0.000000 
5.000000e-01 5.000000e-01 4.645579e-02 5.000000e-01 5.000000e-01 9.935718e-01 -0.622096 0.103334 0.134682 0.146065 0.134682 0.103334 0.622096 0.037787 -0.017602 -0.662466 -0.017602 0.037787 0.000000 
5.000000e-01 5.000000e-01 3.292366e-02 5.000000e-01 5.000000e-01 1.001502e+00 -0.636359 0.105422 0.137835 0.149846 0.137835 0.105422 0.636359 0.043964 0.005110 -0.734508 0.005110 0.043964 0.000000 
5.000000e-01 5.000000e-01 1.934975e-02 5.000000e-01 5.000000e-01 1.009413e+00 -0.650674 0.107494 0.141004 0.153678 0.141004 0.107494 0.650674 0.050306 0.030526 -0.812337 0.030526 0.050306 0.000000 
5.000000e-01 5.000000e-01 5.740354e-03 5.000000e-01 5.000000e-01 1.017306e+00 -0.665030 0.109544 0.144187 0.157567 0.144187 0.109544 0.665029 0.056767 0.057997 -0.894558 0.057997 0.056767 0.000000 
5.000000e-01 5.000000e-01 4.999966e-03 5.000000e-01 5.000000e-01 1.025178e+00 -0.670697 0.109990 0.145532 0.159653 0.145532 0.109990 0.670697 0.056250 0.058478 -0.900154 0.058478 0.056250 0.000000 
5.000000e-01 5.000000e-01 4.999966e-03 5.000000e-01 5.000000e-01 1.033032e+00 -0.675852 0.110317 0.146773 0.161671 0.146773 0.110317 0.675851 0.055332 0.057379 -0.901275 0.057379 0.055332 0.000000 
5.000000e-01 5.000000e-01 4.999966e-03 5.000000e-01 5.000000e-01 1.040865e+00 -0.680993 0.110615 0.148015 0.163731 0.148015 0.110615 0.680993 0.054415 0.056284 -0.902391 0.056284 0.054415 0.000000 
5.000000e-01 5.000000e-01 4.999966e-03 5.000000e-01 5.000000e-01 1.048679e+00 -0.686122 0.110878 0.149259 0.165847 0.149259 0.110878 0.686122 0.053499 0.055192 -0.903504 0.055192 0.053499 0.000000 
5.000000e-01 5.000000e-01 4.999966e-03 5.000000e-01 5.000000e-01 1.056472e+00 -0.691237 0.111106 0.150505 0.168017 0.150505 0.111106 0.691237 0.052585 0.054103 -0.904612 0.054103 0.052585 0.000000 
5.000000e-01 5.000000e-01 4.999966e-03 5.000000e-01 5.000000e-01 1.064245e+00 -0.696339 0.111301 0.151750 0.170236 0.151750 0.111301 0.696339 0.051672 0.053017 -0.905717 0.053017 0.051672 0.000000 
5.000000e-01 5.000000e-01 4.999966e-03 5.000000e-01 5.000000e-01 1.071997e+00 -0.701427 0.111464 0.152996 0.172507 0.152996 0.111464 0.701427 0.050761 0.051934 -0.906817 0.051934 0.050761 0.000000 
5.000000e-01 5.000000e-01 4.999966e-03 5.000000e-01 5.000000e-01 1.079729e+00 -0.706502 0.111592 0.154242 0.174833 0.154242 0.111592 0.706502 0.049851 0.050854 -0.907914 0.050854 0.049851 0.000000 
5.000000e-01 5.000000e-01 4.999966e-03 5.000000e-01 5.000000e-01 1.087439e+00 -0.711563 0.111672 0.155489 0.177241 0.155489 0.111672 0.711562 0.048943 0.049778 -0.909006 0.049778 0.048943 0.000000 
5.000000e-01 5.000000e-01 4.999966e-03 5.000000e-01 5.000000e-01 1.095128e+00 -0.716609 0.111716 0.156734 0.179709 0.156734 0.111716 0.716609 0.048038 0.048705 -0.910094 0.048705 0.048038 0.000000 
5.000000e-01 5.000000e-01 4.999966e-03 5.000000e-01 5.000000e-01 1.102795e+00 -0.721641 0.111723 0.157978 0.182240 0.157978 0.111723 0.721641 0.047134 0.047635 -0.911178 0.047635 0.047134 0.000000 
5.000000e-01 5.000000e-01 4.999966e-03 5.000000e-01 5.000000e-01 1.110441e+00 -0.726659 0.111692 0.159219 0.184837 0.159219 0.111692 0.726659 0.046232 0.046568 -0.912259 0.046568 0.046232 0.000000 
5.000000e-01 5.000000e-01 4.999966e-03 5.000000e-01 5.000000e-01 1.118064e+00 -0.731663 0.111607 0.160459 0.187532 0.160459 0.111607 0.731663 0.045332 0.045505 -0.913335 0.045505 0.045332 0.000000 
5.000000e-01 5.000000e-01 4.999966e-03 5.000000e-01 5.000000e-01 1.125665e+00 -0.736651 0.111477 0.161694 0.190309 0.161694 0.111477 0.736651 0.044434 0.044445 -0.914408 0.044445 0.044434 0.000000 
5.000000e-01 5.000000e-01 4.999966e-03 5.000000e-01 5.000000e-01 1.133243e+00 -0.741625 0.111305 0.162925 0.193164 0.162925 0.111305 0.741625 0.043538 0.043388 -0.915477 0.043388 0.043538 0.000000 
5.000000e-01 5.000000e-01 4.999966e-03 5.000000e-01 5.000000e-01 1.140798e+00 -0.746583 0.111091 0.164151 0.196099 0.164151 0.111091 0.746583 0.042645 0.042334 -0.916541 0.042334 0.042645 0.000000 
5.000000e-01 5.000000e-01 4.999966e-03 5.000000e-01 5.000000e-01 1.148330e+00 -0.751527 0.110818 0.165369 0.199152 0.165369 0.110818 0.751527 0.041753 0.041284 -0.917602 0.041284 0.041753 0.000000 
5.000000e-01 5.000000e-01 4.999966e-03 5.000000e-01 5.000000e-01 1.155839e+00 -0.756454 0.110492 0.166579 0.202312 0.166579 0.110492 0.756454 0.040865 0.040238 -0.918659 0.040238 0.040865 0.000000 
5.000000e-01 5.000000e-01 4.999966e-03 5.000000e-01 5.000000e-01 1.163324e+00 -0.761367 0.110119 0.167779 0.205570 0.167779 0.110119 0.761366 0.039978 0.039195 -0.919712 0.039195 0.039978 0.000000 
5.000000e-01 5.000000e-01 4.999966e-03 5.000000e-01 5.000000e-01 1.170784e+00 -0.766263 0.109699 0.168969 0.208926 0.168969 0.109699 0.766263 0.039094 0.038155 -0.920761 0.038155 0.039094 0.000000 
5.000000e-01 5.000000e-01 4.999966e-03 5.000000e-01 5.000000e-01 1.178221e+00 -0.771143 0.109213 0.170144 0.212431 0.170144 0.109213 0.771143 0.038213 0.037119 -0.921806 0.037119 0.038213 0.000000 
5.000000e-01 5.000000e-01 4.999966e-03 5.000000e-01 5.000000e-01 1.185633e+00 -0.776007 0.108667 0.171302 0.216070 0.171302 0.108667 0.776007 0.037334 0.036086 -0.922847 0.036086 0.037334 0.000000 
5.000000e-01 5.000000e-01 4.999966e-03 5.000000e-01 5.000000e-01 1.193020e+00 -0.780855 0.108070 0.172443 0.219829 0.172443 0.108070 0.780855 0.036457 0.035057 -0.923884 0.035057 0.036457 0.000000 
5.000000e-01 5.000000e-01 4.999966e-03 5.000000e-01 5.000000e-01 1.200381e+00 -0.785686 0.107422 0.173567 0.223709 0.173567 0.107422 0.785686 0.035584 0.034032 -0.924918 0.034032 0.035584 0.000000 
5.000000e-01 5.000000e-01 4.999966e-03 5.000000e-01 5.000000e-01 1.207718e+00 -0.790500 0.106694 0.174661 0.227792 0.174661 0.106694 0.790500 0.034713 0.033010 -0.925947 0.033010 0.034713 0.000000 
5.000000e-01 5.000000e-01 4.999966e-03 5.000000e-01 5.000000e-01 1.215028e+00 -0.795298 0.105906 0.175728 0.232029 0.175728 0.105906 0.795297 0.033845 0.031992 -0.926972 0.031992 0.033845 0.000000 
5.000000e-01 5.000000e-01 4.999966e-03 5.000000e-01 5.000000e-01 1.222312e+00 -0.800078 0.105064 0.176768 0.236414 0.176768 0.105064 0.800078 0.032980 0.030978 -0.927993 0.030978 0.032980 0.000000 
5.000000e-01 5.000000e-01 4.999966e-03 5.000000e-01 5.000000e-01 1.229570e+00 -0.804840 0.104161 0.177776 0.240966 0.177776 0.104161 0.804840 0.032117 0.029967 -0.929010 0.029967 0.032117 0.000000 
5.000000e-01 5.000000e-01 4.999966e-03 5.000000e-01 5.000000e-01 1.236801e+00 -0.809585 0.103170 0.178734 0.245777 0.178734 0.103170 0.809585 0.031258 0.028961 -0.930023 0.028961 0.031258 0.000000 
5.000000e-01 5.000000e-01 4.999966e-03 5.000000e-01 5.000000e-01 1.244005e+00 -0.814312 0.102121 0.179652 0.250765 0.179652 0.102121 0.814312 0.030402 0.027958 -0.931031 0.027958 0.030402 0.000000 
5.000000e-01 5.000000e-01 4.999966e-03 5.000000e-01 5.000000e-01 1.251181e+00 -0.819021 0.101015 0.180528 0.255935 0.180528 0.101015 0.819021 0.029548 0.026959 -0.932036 0.026959 0.029548 0.000000 
5.000000e-01 5.000000e-01 4.999966e-03 5.000000e-01 5.000000e-01 1.258329e+00 -0.823712 0.099827 0.181341 0.261376 0.181341 0.099827 0.823712 0.028698 0.025964 -0.933037 0.025964 0.028698 0.000000 
5.000000e-01 5.000000e-01 4.999966e-03 5.000000e-01 5.000000e-01 1.265449e+00 -0.828384 0.098562 0.182085 0.267090 0.182085 0.098562 0.828384 0.027851 0.024973 -0.934033 0.024973 0.027851 0.000000 
5.000000e-01 5.000000e-01 4.999966e-03 5.000000e-01 5.000000e-01 1.272541e+00 -0.833038 0.097238 0.182769 0.273023 0.182769 0.097238 0.833038 0.027007 0.023986 -0.935025 0.023986 0.027007 0.000000 
5.000000e-01 5.000000e-01 4.999966e-03 5.000000e-01 5.000000e-01 1.279604e+00 -0.837672 0.095849 0.183387 0.279202 0.183387 0.095849 0.837672 0.026167 0.023003 -0.936013 0.023003 0.026167 0.000000 
5.000000e-01 5.000000e-01 4.999966e-03 5.000000e-01 5.000000e-01 1.286638e+00 -0.842288 0.094359 0.183888 0.285792 0.183888 0.094359 0.842288 0.025329 0.022025 -0.936996 0.022025 0.025329 0.000000 
5.000000e-01 5.000000e-01 4.999966e-03 5.000000e-01 5.000000e-01 1.293642e+00 -0.846884 0.092810 0.184308 0.292647 0.184308 0.092810 0.846884 0.024496 0.021050 -0.937975 0.021050 0.024496 0.000000 
5.000000e-01 5.000000e-01 4.999966e-03 5.000000e-01 5.000000e-01 1.300615e+00 -0.851460 0.091203 0.184644 0.299766 0.184644 0.091203 0.851460 0.023665 0.020080 -0.938950 0.020080 0.023665 0.000000 
5.000000e-01 5.000000e-01 4.999966e-03 5.000000e-01 5.000000e-01 1.307559e+00 -0.856016 0.089496 0.184828 0.307369 0.184828 0.089496 0.856016 0.022838 0.019114 -0.939920 0.019114 0.022838 0.000000 
5.000000e-01 5.000000e-01 4.999966e-03 5.000000e-01 5.000000e-01 1.314472e+00 -0.860553 0.087720 0.184886 0.315341 0.184886 0.087720 0.860553 0.022015 0.018152 -0.940886 0.018152 0.022015 0.000000 
5.000000e-01 5.000000e-01 4.999966e-03 5.000000e-01 5.000000e-01 1.321354e+00 -0.865069 0.085886 0.184832 0.323632 0.184832 0.085886 0.865069 0.021195 0.017194 -0.941847 0.017194 0.021195 0.000000 
5.000000e-01 5.000000e-01 4.999966e-03 5.000000e-01 5.000000e-01 1.328204e+00 -0.869565 0.083965 0.184598 0.332439 0.184598 0.083965 0.869565 0.020378 0.016241 -0.942804 0.016241 0.020378 0.000000 
5.000000e-01 5.000000e-01 4.999966e-03 5.000000e-01 5.000000e-01 1.335022e+00 -0.874040 0.081963 0.184172 0.341769 0.184172 0.081963 0.874040 0.019566 0.015293 -0.943756 0.015293 0.019566 0.000000 
5.000000e-01 5.000000e-01 4.999966e-03 5.000000e-01 5.000000e-01 1.341808e+00 -0.878494 0.079908 0.183598 0.351482 0.183598 0.079908 0.878494 0.018757 0.014348 -0.944704 0.014348 0.018757 0.000000 
5.000000e-01 5.000000e-01 4.999966e-03 5.000000e-01 5.000000e-01 1.348561e+00 -0.882927 0.077773 0.182805 0.361770 0.182805 0.077773 0.882927 0.017951 0.013409 -0.945647 0.013409 0.017951 0.000000 
5.000000e-01 5.000000e-01 4.999966e-03 5.000000e-01 5.000000e-01 1.355281e+00 -0.887339 0.075554 0.181741 0.372749 0.181741 0.075554 0.887339 0.017150 0.012473 -0.946586 0.012473 0.017150 0.000000 
5.000000e-01 5.000000e-01 4.999966e-03 5.000000e-01 5.000000e-01 1.361968e+00 -0.891730 0.073285 0.180487 0.384185 0.180487 0.073285 0.891730 0.016352 0.011543 -0.947519 0.011543 0.016352 0.000000 
5.000000e-01 5.000000e-01 4.999966e-03 5.000000e-01 5.000000e-01 1.368621e+00 -0.896099 0.070943 0.178955 0.396302 0.178955 0.070943 0.896099 0.015558 0.010617 -0.948449 0.010617 0.015558 0.000000 
5.000000e-01 5.000000e-01 4.999966e-03 5.000000e-01 5.000000e-01 1.375239e+00 -0.900447 0.068520 0.177063 0.409281 0.177063 0.068520 0.900447 0.014768 0.009695 -0.949373 0.009695 0.014768 0.000000 
5.000000e-01 5.000000e-01 4.999966e-03 5.000000e-01 5.000000e-01 1.381823e+00 -0.904773 0.066052 0.174937 0.422794 0.174937 0.066052 0.904773 0.013982 0.008778 -0.950293 0.008778 0.013982 0.000000 
5.000000e-01 5.000000e-01 4.999966e-03 5.000000e-01 5.000000e-01 1.388372e+00 -0.909077 0.063514 0.172439 0.437172 0.172439 0.063514 0.909077 0.013200 0.007866 -0.951208 0.007866 0.013200 0.000000 
5.000000e-01 5.000000e-01 4.999966e-03 5.000000e-01 5.000000e-01 1.394886e+00 -0.913360 0.060904 0.169500 0.452552 0.169500 0.060904 0.913360 0.012421 0.006958 -0.952119 0.006958 0.012421 0.000000 
5.000000e-01 5.000000e-01 4.999966e-03 5.000000e-01 5.000000e-01 1.401364e+00 -0.917621 0.058258 0.166282 0.468542 0.166282 0.058258 0.917621 0.011646 0.006055 -0.953024 0.006055 0.011646 0.000000 
5.000000e-01 5.000000e-01 4.999966e-03 5.000000e-01 5.000000e-01 1.407805e+00 -0.921862 0.055540 0.162542 0.485698 0.162542 0.055540 0.921861 0.010876 0.005156 -0.953926 0.005156 0.010876 0.000000 
5.000000e-01 5.000000e-01 4.999966e-03 5.000000e-01 5.000000e-01 1.414211e+00 -0.926081 0.052768 0.158318 0.503910 0.158318 0.052768 0.926081 0.010109 0.004262 -0.954822 0.004262 0.010109 0.000000 
5.000000e-01 5.000000e-01 4.999966e-03 5.000000e-01 5.000000e-01 1.420580e+00 -0.930278 0.049966 0.153777 0.522792 0.153777 0.049966 0.930278 0.009345 0.003373 -0.955714 0.003373 0.009345 0.000000 
5.000000e-01 5.000000e-01 4.999966e-03 5.000000e-01 5.000000e-01 1.426912e+00 -0.934456 0.047090 0.148487 0.543302 0.148487 0.047090 0.934456 0.008586 0.002487 -0.956602 0.002487 0.008586 0.000000 
5.000000e-01 5.000000e-01 4.999966e-03 5.000000e-01 5.000000e-01 1.433206e+00 -0.938614 0.044182 0.142750 0.564750 0.142750 0.044182 0.938614 0.007830 0.001606 -0.957485 0.001606 0.007830 0.000000 
5.000000e-01 5.000000e-01 4.999966e-03 5.000000e-01 5.000000e-01 1.439464e+00 -0.942750 0.041245 0.136588 0.587083 0.136588 0.041245 0.942750 0.007078 0.000730 -0.958364 0.000730 0.007078 0.000000 
5.000000e-01 5.000000e-01 4.999966e-03 5.000000e-01 5.000000e-01 1.445684e+00 -0.946869 0.038245 0.129541 0.611297 0.129541 0.038245 0.946869 0.006328 -0.000143 -0.959240 -0.000143 0.006328 0.000000 
5.000000e-01 5.000000e-01 4.999966e-03 5.000000e-01 5.000000e-01 1.451866e+00 -0.950968 0.035230 0.122127 0.636252 0.122127 0.035230 0.950968 0.005583 -0.001012 -0.960110 -0.001012 0.005583 0.000000 
5.000000e-01 5.000000e-01 4.999966e-03 5.000000e-01 5.000000e-01 1.458011e+00 -0.955048 0.032177 0.114018 0.662658 0.114018 0.032177 0.955048 0.004841 -0.001877 -0.960977 -0.001877 0.004841 0.000000 
5.000000e-01 5.000000e-01 4.999966e-03 5.000000e-01 5.000000e-01 1.464117e+00 -0.959111 0.029093 0.105225 0.690475 0.105225 0.029093 0.959111 0.004102 -0.002738 -0.961840 -0.002738 0.004102 0.000000 
5.000000e-01 5.000000e-01 4.999966e-03 5.000000e-01 5.000000e-01 1.470185e+00 -0.963153 0.026003 0.096101 0.718945 0.096101 0.026003 0.963153 0.003367 -0.003594 -0.962699 -0.003594 0.003367 0.000000 
5.000000e-01 5.000000e-01 4.999966e-03 5.000000e-01 5.000000e-01 1.476214e+00 -0.967182 0.022869 0.086005 0.749435 0.086005 0.022869 0.967182 0.002634 -0.004448 -0.963555 -0.004448 0.002634 0.000000 
5.000000e-01 5.000000e-01 4.999966e-03 5.000000e-01 5.000000e-01 1.482205e+00 -0.971190 0.019734 0.075612 0.780498 0.075612 0.019734 0.971190 0.001905 -0.005297 -0.964406 -0.005297 0.001905 0.000000 
5.000000e-01 5.000000e-01 4.999966e-03 5.000000e-01 5.000000e-01 1.488156e+00 -0.975179 0.016586 0.064668 0.812671 0.064668 0.016586 0.975179 0.001180 -0.006142 -0.965254 -0.006142 0.001180 0.000000 
5.000000e-01 5.000000e-01 4.999966e-03 5.000000e-01 5.000000e-01 1.494066e+00 -0.979149 0.013429 0.053228 0.845836 0.053228 0.013429 0.979149 0.000457 -0.006984 -0.966097 -0.006984 0.000457 0.000000 
5.000000e-01 5.000000e-01 4.999966e-03 5.000000e-01 5.000000e-01 1.499936e+00 -0.983096 0.010280 0.041611 0.879315 0.041611 0.010280 0.983096 -0.000260 -0.007820 -0.966935 -0.007820 -0.000260 0.000000 
5.000000e-01 5.000000e-01 4.999966e-03 5.000000e-01 5.000000e-01 1.505763e+00 -0.987023 0.007124 0.029482 0.913812 0.029482 0.007124 0.987023 -0.000975 -0.008652 -0.967769 -0.008652 -0.000975 0.000000 
5.000000e-01 5.000000e-01 4.999966e-03 5.000000e-01 5.000000e-01 1.511556e+00 -0.990928 0.003983 0.017334 0.948295 0.017334 0.003983 0.990928 -0.001685 -0.009480 -0.968599 -0.009480 -0.001685 0.000000 
5.000000e-01 5.000000e-01 4.999966e-03 5.000000e-01 5.000000e-01 1.515006e+00 -0.993256 0.002104 0.009959 0.969129 0.009959 0.002104 0.993256 -0.002109 -0.009973 -0.969093 -0.009973 -0.002109 0.000000 
5.000000e-01 5.000000e-01 4.999966e-03 5.000000e-01 5.000000e-01 1.515006e+00 -0.993256 0.002104 0.009959 0.969129 0.009959 0.002104 0.993256 -0.002109 -0.009973 -0.969093 -0.009973 -0.002109 0.000000 
5.000000e-01 5.000000e-01 4.999966e-03 5.000000e-01 5.000000e-01 1.515006e+00 -0.993256 0.002104 0.009959 0.969129 0.009959 0.002104 0.993256 -0.002109 -0.009973 -0.969093 -0.009973 -0.002109 0.000000 
5.000000e-01 5.000000e-01 4.999966e-03 5.000000e-01 5.000000e-01 1.515006e+00 -0.993256 0.002104 0.009959 0.969129 0.009959 0.002104 0.993256 -0.002109 -0.009973 -0.969093 -0.009973 -0.002109 0.000000 
5.000000e-01 5.000000e-01 4.999966e-03 5.000000e-01 5.000000e-01 1.515006e+00 -0.993256 0.002104 0.009959 0.969129 0.009959 0.002104 0.993256 -0.002109 -0.009973 -0.969093 -0.009973 -0.002109 0.000000 
5.000000e-01 5.000000e-01 4.999966e-03 5.000000e-01 5.000000e-01 1.515006e+00 -0.993256 0.002104 0.009959 0.969129 0.009959 0.002104 0.993256 -0.002109 -0.009973 -0.969093 -0.009973 -0.002109 0.000000 
5.000000e-01 5.000000e-01 4.999966e-03 5.000000e-01 5.000000e-01 1.515006e+00 -0.993256 0.002104 0.009959 0.969129 0.009959 0.002104 0.993256 -0.002109 -0.009973 -0.969093 -0.009973 -0.002109 0.000000 
5.000000e-01 5.000000e-01 4.999966e-03 5.000000e-01 5.000000e-01 1.515006e+00 -0.993256 0.002104 0.009959 0.969129 0.009959 0.002104 0.993256 -0.002109 -0.009973 -0.969093 -0.009973 -0.002109 0.000000 
5.000000e-01 5.000000e-01 4.999966e-03 5.000000e-01 5.000000e-01 1.515006e+00 -0.993256 0.002104 0.009959 0.969129 0.009959 0.002104 0.993256 -0.002109 -0.009973 -0.969093 -0.009973 -0.002109 0.000000 
5.000000e-01 5.000000e-01 4.999966e-03 5.000000e-01 5.000000e-01 1.515006e+00 -0.993256 0.002104 0.009959 0.969129 0.009959 0.002104 0.993256 -0.002109 -0.009973 -0.969093 -0.009973 -0.002109 0.000000 
5.000000e-01 5.000000e-01 4.999966e-03 5.000000e-01 5.000000e-01 1.515006e+00 -0.993256 0.002104 0.009959 0.969129 0.009959 0.002104 0.993256 -0.002109 -0.009973 -0.969093 -0.009973 -0.002109 0.000000 
5.000000e-01 5.000000e-01 4.999966e-03 5.000000e-01 5.000000e-01 1.515006e+00 -0.993256 0.002104 0.009959 0.969129 0.009959 0.002104 0.993256 -0.002109 -0.009973 -0.969093 -0.009973 -0.002109 0.000000 
5.000000e-01 5.000000e-01 4.999966e-03 5.000000e-01 5.000000e-01 1.515006e+00 -0.993256 0.002104 0.009959 0.969129 0.009959 0.002104 0.993256 -0.002109 -0.009973 -0.969093 -0.009973 -0.002109 0.000000 
5.000000e-01 5.000000e-01 4.999966e-03 5.000000e-01 5.000000e-01 1.515006e+00 -0.993256 0.002104 0.009959 0.969129 0.009959 0.002104 0.993256 -0.002109 -0.009973 -0.969093 -0.009973 -0.002109 0.000000 
5.000000e-01 5.000000e-01 4.999966e-03 5.000000e-01 5.000000e-01 1.515006e+00 -0.993256 0.002104 0.009959 0.969129 0.009959 0.002104 0.993256 -0.002109 -0.009973 -0.969093 -0.009973 -0.002109 0.000000 
5.000000e-01 5.000000e-01 4.999966e-03 5.000000e-01 5.000000e-01 1.515006e+00 -0.993256 0.002104 0.009959 0.969129 0.009959 0.002104 0.993256 -0.002109 -0.009973 -0.969093 -0.009973 -0.002109 0.000000 
5.000000e-01 5.000000e-01 4.999966e-03 5.000000e-01 5.000000e-01 1.515006e+00 -0.993256 0.002104 0.009959 0.969129 0.009959 0.002104 0.993256 -0.002109 -0.009973 -0.969093 -0.009973 -0.002109 0.000000 
5.000000e-01 5.000000e-01 4.999966e-03 5.000000e-01 5.000000e-01 1.515006e+00 -0.993256 0.002104 0.009959 0.969129 0.009959 0.002104 0.993256 -0.002109 -0.009973 -0.969093 -0.009973 -0.002109 0.000000 
5.000000e-01 5.000000e-01 4.999966e-03 5.000000e-01 5.000000e-01 1.515006e+00 -0.993256 0.002104 0.009959 0.969129 0.009959 0.002104 0.993256 -0.002109 -0.009973 -0.969093 -0.009973 -0.002109 0.000000 
5.000000e-01 5.000000e-01 4.999966e-03 5.000000e-01 5.000000e-01 1.515006e+00 -0.993256 0.002104 0.009959 0.969129 0.009959 0.002104 0.993256 -0.002109 -0.009973 -0.969093 -0.009973 -0.002109 0.000000 
5.000000e-01 5.000000e-01 4.999966e-03 5.000000e-01 5.000000e-01 1.515006e+00 -0.993256 0.002104 0.009959 0.969129 0.009959 0.002104 0.993256 -0.002109 -0.009973 -0.969093 -0.009973 -0.002109 0.000000 
5.000000e-01 5.000000e-01 4.999966e-03 5.000000e-01 5.000000e-01 1.515006e+00 -0.993256 0.002104 0.009959 0.969129 0.009959 0.002104 0.993256 -0.002109 -0.009973 -0.969093 -0.009973 -0.002109 0.000000 
5.000000e-01 5.000000e-01 4.999966e-03 5.000000e-01 5.000000e-01 1.515006e+00 -0.993256 0.002104 0.009959 0.969129 0.009959 0.002104 0.993256 -0.002109 -0.009973 -0.969093 -0.009973 -0.002109 0.000000 
5.000000e-01 5.000000e-01 4.999966e-03 5.000000e-01 5.000000e-01 1.515006e+00 -0.993256 0.002104 0.009959 0.969129 0.009959 0.002104 0.993256 -0.002109 -0.009973 -0.969093 -0.009973 -0.002109 0.000000 
5.000000e-01 5.000000e-01 4.999966e-03 5.000000e-01 5.000000e-01 1.515006e+00 -0.993256 0.002104 0.009959 0.969129 0.009959 0.002104 0.993256 -0.002109 -0.009973 -0.969093 -0.009973 -0.002109 0.000000 
5.000000e-01 5.000000e-01 4.999966e-03 5.000000e-01 5.000000e-01 1.515006e+00 -0.993256 0.002104 0.009959 0.969129 0.009959 0.002104 0.993256 -0.002109 -0.009973 -0.969093 -0.009973 -0.002109 0.000000 
5.000000e-01 5.000000e-01 4.999966e-03 5.000000e-01 5.000000e-01 1.515006e+00 -0.993256 0.002104 0.009959 0.969129 0.009959 0.002104 0.993256 -0.002109 -0.009973 -0.969093 -0.009973 -0.002109 0.000000 
5.000000e-01 5.000000e-01 4.999966e-03 5.000000e-01 5.000000e-01 1.515006e+00 -0.993256 0.002104 0.009959 0.969129 0.009959 0.002104 0.993256 -0.002109 -0.009973 -0.969093 -0.009973 -0.002109 0.000000 
5.000000e-01 5.000000e-01 4.999966e-03 5.000000e-01 5.000000e-01 1.515006e+00 -0.993256 0.002104 0.009959 0.969129 0.009959 0.002104 0.993256 -0.002109 -0.009973 -0.969093 -0.009973 -0.002109 0.000000 
5.000000e-01 5.000000e-01 4.999966e-03 5.000000e-01 5.000000e-01 1.515006e+00 -0.993256 0.002104 0.009959 0.969129 0.009959 0.002104 0.993256 -0.002109 -0.009973 -0.969093 -0.009973 -0.002109 0.000000 
5.000000e-01 5.000000e-01 4.999966e-03 5.000000e-01 5.000000e-01 1.515006e+00 -0.993256 0.002104 0.009959 0.969129 0.009959 0.002104 0.993256 -0.002109 -0.009973 -0.969093 -0.009973 -0.002109 0.000000 
5.000000e-01 5.000000e-01 4.999966e-03 5.000000e-01 5.000000e-01 1.515006e+00 -0.993256 0.002104 0.009959 0.969129 0.009959 0.002104 0.993256 -0.002109 -0.009973 -0.969093 -0.009973 -0.002109 0.000000 
5.000000e-01 5.000000e-01 4.999966e-03 5.000000e-01 5.000000e-01 1.515006e+00 -0.993256 0.002104 0.009959 0.969129 0.009959 0.002104 0.993256 -0.002109 -0.009973 -0.969093 -0.009973 -0.002109 0.000000 
5.000000e-01 5.000000e-01 4.999966e-03 5.000000e-01 5.000000e-01 1.515006e+00 -0.993256 0.002104 0.009959 0.969129 0.009959 0.002104 0.993256 -0.002109 -0.009973 -0.969093 -0.009973 -0.002109 0.000000 
5.000000e-01 5.000000e-01 4.999966e-03 5.000000e-01 5.000000e-01 1.515006e+00 -0.993256 0.002104 0.009959 0.969129 0.009959 0.002104 0.993256 -0.002109 -0.009973 -0.969093 -0.009973 -0.002109 0.000000 
5.000000e-01 5.000000e-01 4.999966e-03 5.000000e-01 5.000000e-01 1.515006e+00 -0.993256 0.002104 0.009959 0.969129 0.009959 0.002104 0.993256 -0.002109 -0.009973 -0.969093 -0.009973 -0.002109 0.000000 
5.000000e-01 5.000000e-01 4.999966e-03 5.000000e-01 5.000000e-01 1.515006e+00 -0.993256 0.002104 0.009959 0.969129 0.009959 0.002104 0.993256 -0.002109 -0.009973 -0.969093 -0.009973 -0.002109 0.000000 
5.000000e-01 5.000000e-01 4.999966e-03 5.000000e-01 5.000000e-01 1.515006e+00 -0.993256 0.002104 0.009959 0.969129 0.009959 0.002104 0.993256 -0.002109 -0.009973 -0.969093 -0.009973 -0.002109 0.000000 
5.000000e-01 5.000000e-01 4.999966e-03 5.000000e-01 5.000000e-01 1.515006e+00 -0.993256 0.002104 0.009959 0.969129 0.009959 0.002104 0.993256 -0.002109 -0.009973 -0.969093 -0.009973 -0.002109 0.000000 
5.000000e-01 5.000000e-01 4.999966e-03 5.000000e-01 5.000000e-01 1.515006e+00 -0.993256 0.002104 0.009959 0.969129 0.009959 0.002104 0.993256 -0.002109 -0.009973 -0.969093 -0.009973 -0.002109 0.000000 
5.000000e-01 5.000000e-01 4.999966e-03 5.000000e-01 5.000000e-01 1.515006e+00 -0.993256 0.002104 0.009959 0.969129 0.009959 0.002104 0.993256 -0.002109 -0.009973 -0.969093 -0.009973 -0.002109 0.000000 
5.000000e-01 5.000000e-01 4.999966e-03 5.000000e-01 5.000000e-01 1.515006e+00 -0.993256 0.002104 0.009959 0.969129 0.009959 0.002104 0.993256 -0.002109 -0.009973 -0.969093 -0.009973 -0.002109 0.000000 
5.000000e-01 5.000000e-01 4.999966e-03 5.000000e-01 5.000000e-01 1.515006e+00 -0.993256 0.002104 0.009959 0.969129 0.009959 0.002104 0.993256 -0.002109 -0.009973 -0.969093 -0.009973 -0.002109 0.000000 
5.000000e-01 5.000000e-01 4.999966e-03 5.000000e-01 5.000000e-01 1.515006e+00 -0.993256 0.002104 0.009959 0.969129 0.009959 0.002104 0.993256 -0.002109 -0.009973 -0.969093 -0.009973 -0.002109 0.000000 
5.000000e-01 5.000000e-01 4.999966e-03 5.000000e-01 5.000000e-01 1.515006e+00 -0.993256 0.002104 0.009959 0.969129 0.009959 0.002104 0.993256 -0.002109 -0.009973 -0.969093 -0.009973 -0.002109 0.000000 
5.000000e-01 5.000000e-01 4.999966e-03 5.000000e-01 5.000000e-01 1.515006e+00 -0.993256 0.002104 0.009959 0.969129 0.009959 0.002104 0.993256 -0.002109 -0.009973 -0.969093 -0.009973 -0.002109 0.000000 
5.000000e-01 5.000000e-01 4.999966e-03 5.000000e-01 5.000000e-01 1.515006e+00 -0.993256 0.002104 0.009959 0.969129 0.009959 0.002104 0.993256 -0.002109 -0.009973 -0.969093 -0.009973 -0.002109 0.000000 
5.000000e-01 5.000000e-01 4.999966e-03 5.000000e-01 5.000000e-01 1.515006e+00 -0.993256 0.002104 0.009959 0.969129 0.009959 0.002104 0.993256 -0.002109 -0.009973 -0.969093 -0.009973 -0.002109 0.000000 
5.000000e-01 5.000000e-01 4.999966e-03 5.000000e-01 5.000000e-01 1.515006e+00 -0.993256 0.002104 0.009959 0.969129 0.009959 0.002104 0.993256 -0.002109 -0.009973 -0.969093 -0.009973 -0.002109 0.000000 
5.000000e-01 5.000000e-01 4.999966e-03 5.000000e-01 5.000000e-01 1.515006e+00 -0.993256 0.002104 0.009959 0.969129 0.009959 0.002104 0.993256 -0.002109 -0.009973 -0.969093 -0.009973 -0.002109 0.000000 
5.000000e-01 5.000000e-01 4.999966e-03 5.000000e-01 5.000000e-01 1.515006e+00 -0.993256 0.002104 0.009959 0.969129 0.009959 0.002104 0.993256 -0.002109 -0.009973 -0.969093 -0.009973 -0.002109 0.000000 
5.000000e-01 5.000000e-01 4.999966e-03 5.000000e-01 5.000000e-01 1.515006e+00 -0.993256 0.002104 0.009959 0.969129 0.009959 0.002104 0.993256 -0.002109 -0.009973 -0.969093 -0.009973 -0.002109 0.000000 
5.000000e-01 5.000000e-01 4.999966e-03 5.000000e-01 5.000000e-01 1.515006e+00 -0.993256 0.002104 0.009959 0.969129 0.009959 0.002104 0.993256 -0.002109 -0.009973 -0.969093 -0.009973 -0.002109 0.000000 
5.000000e-01 5.000000e-01 4.999966e-03 5.000000e-01 5.000000e-01 1.515006e+00 -0.993256 0.002104 0.009959 0.969129 0.009959 0.002104 0.993256 -0.002109 -0.009973 -0.969093 -0.009973 -0.002109 0.000000 
5.000000e-01 5.000000e-01 4.999966e-03 5.000000e-01 5.000000e-01 1.515006e+00 -0.993256 0.002104 0.009959 0.969129 0.009959 0.002104 0.993256 -0.002109 -0.009973 -0.969093 -0.009973 -0.002109 0.000000 
5.000000e-01 5.000000e-01 4.999966e-03 5.000000e-01 5.000000e-01 1.515006e+00 -0.993256 0.002104 0.009959 0.969129 0.009959 0.002104 0.993256 -0.002109 -0.009973 -0.969093 -0.009973 -0.002109 0.000000 
5.000000e-01 5.000000e-01 4.999966e-03 5.000000e-01 5.000000e-01 1.515006e+00 -0.993256 0.002104 0.009959 0.969129 0.009959 0.002104 0.993256 -0.002109 -0.009973 -0.969093 -0.009973 -0.002109 0.000000 
5.000000e-01 5.000000e-01 4.999966e-03 5.000000e-01 5.000000e-01 1.515006e+00 -0.993256 0.002104 0.009959 0.969129 0.009959 0.002104 0.993256 -0.002109 -0.009973 -0.969093 -0.009973 -0.002109 0.000000 
5.000000e-01 5.000000e-01 4.999966e-03 5.000000e-01 5.000000e-01 1.515006e+00 -0.993256 0.002104 0.009959 0.969129 0.009959 0.002104 0.993256 -0.002109 -0.009973 -0.969093 -0.009973 -0.002109 0.000000 
5.000000e-01 5.000000e-01 4.999966e-03 5.000000e-01 5.000000e-01 1.515006e+00 -0.993256 0.002104 0.009959 0.969129 0.009959 0.002104 0.993256 -0.002109 -0.009973 -0.969093 -0.009973 -0.002109 0.000000 
5.000000e-01 5.000000e-01 4.999966e-03 5.000000e-01 5.000000e-01 1.515006e+00 -0.993256 0.002104 0.009959 0.969129 0.009959 0.002104 0.993256 -0.002109 -0.009973 -0.969093 -0.009973 -0.002109 0.000000 
5.000000e-01 5.000000e-01 4.999966e-03 5.000000e-01 5.000000e-01 1.515006e+00 -0.993256 0.002104 0.009959 0.969129 0.009959 0.002104 0.993256 -0.002109 -0.009973 -0.969093 -0.009973 -0.002109 0.000000 
5.000000e-01 5.000000e-01 4.999966e-03 5.000000e-01 5.000000e-01 1.515006e+00 -0.993256 0.002104 0.009959 0.969129 0.009959 0.002104 0.993256 -0.002109 -0.009973 -0.969093 -0.009973 -0.002109 0.000000 
5.000000e-01 5.000000e-01 4.999966e-03 5.000000e-01 5.000000e-01 1.515006e+00 -0.993256 0.002104 0.009959 0.969129 0.009959 0.002104 0.993256 -0.002109 -0.009973 -0.969093 -0.009973 -0.002109 0.000000 
5.000000e-01 5.000000e-01 4.999966e-03 5.000000e-01 5.000000e-01 1.515006e+00 -0.993256 0.002104 0.009959 0.969129 0.009959 0.002104 0.993256 -0.002109 -0.009973 -0.969093 -0.009973 -0.002109 0.000000 
5.000000e-01 5.000000e-01 4.999966e-03 5.000000e-01 5.000000e-01 1.515006e+00 -0.993256 0.002104 0.009959 0.969129 0.009959 0.002104 0.993256 -0.002109 -0.009973 -0.969093 -0.009973 -0.002109 0.000000 
5.000000e-01 5.000000e-01 4.999966e-03 5.000000e-01 5.000000e-01 1.515006e+00 -0.993256 0.002104 0.009959 0.969129 0.009959 0.002104 0.993256 -0.002109 -0.009973 -0.969093 -0.009973 -0.002109 0.000000 
5.000000e-01 5.000000e-01 4.999966e-03 5.000000e-01 5.000000e-01 1.515006e+00 -0.993256 0.002104 0.009959 0.969129 0.009959 0.002104 0.993256 -0.002109 -0.009973 -0.969093 -0.009973 -0.002109 0.000000 
5.000000e-01 5.000000e-01 4.999966e-03 5.000000e-01 5.000000e-01 1.515006e+00 -0.993256 0.002104 0.009959 0.969129 0.009959 0.002104 0.993256 -0.002109 -0.009973 -0.969093 -0.009973 -0.002109 0.000000 
5.000000e-01 5.000000e-01 4.999966e-03 5.000000e-01 5.000000e-01 1.515006e+00 -0.993256 0.002104 0.009959 0.969129 0.009959 0.002104 0.993256 -0.002109 -0.009973 -0.969093 -0.009973 -0.002109 0.000000 
5.000000e-01 5.000000e-01 4.999966e-03 5.000000e-01 5.000000e-01 1.515006e+00 -0.993256 0.002104 0.009959 0.969129 0.009959 0.002104 0.993256 -0.002109 -0.009973 -0.969093 -0.009973 -0.002109 0.000000 
5.000000e-01 5.000000e-01 4.999966e-03 5.000000e-01 5.000000e-01 1.515006e+00 -0.993256 0.002104 0.009959 0.969129 0.009959 0.002104 0.993256 -0.002109 -0.009973 -0.969093 -0.009973 -0.002109 0.000000 
5.000000e-01 5.000000e-01 4.999966e-03 5.000000e-01 5.000000e-01 1.515006e+00 -0.993256 0.002104 0.009959 0.969129 0.009959 0.002104 0.993256 -0.002109 -0.009973 -0.969093 -0.009973 -0.002109 0.000000 
5.000000e-01 5.000000e-01 4.999966e-03 5.000000e-01 5.000000e-01 1.515006e+00 -0.993256 0.002104 0.009959 0.969129 0.009959 0.002104 0.993256 -0.002109 -0.009973 -0.969093 -0.009973 -0.002109 0.000000 
5.000000e-01 5.000000e-01 4.999966e-03 5.000000e-01 5.000000e-01 1.515006e+00 -0.993256 0.002104 0.009959 0.969129 0.009959 0.002104 0.993256 -0.002109 -0.009973 -0.969093 -0.009973 -0.002109 0.000000 
5.000000e-01 5.000000e-01 4.999966e-03 5.000000e-01 5.000000e-01 1.515006e+00 -0.993256 0.002104 0.009959 0.969129 0.009959 0.002104 0.993256 -0.002109 -0.009973 -0.969093 -0.009973 -0.002109 0.000000 
5.000000e-01 5.000000e-01 4.999966e-03 5.000000e-01 5.000000e-01 1.515006e+00 -0.993256 0.002104 0.009959 0.969129 0.009959 0.002104 0.993256 -0.002109 -0.009973 -0.969093 -0.009973 -0.002109 0.000000 
5.000000e-01 5.000000e-01 4.999966e-03 5.000000e-01 5.000000e-01 1.515006e+00 -0.993256 0.002104 0.009959 0.969129 0.009959 0.002104 0.993256 -0.002109 -0.009973 -0.969093 -0.009973 -0.002109 0.000000 
5.000000e-01 5.000000e-01 4.999966e-03 5.000000e-01 5.000000e-01 1.515006e+00 -0.993256 0.002104 0.009959 0.969129 0.009959 0.002104 0.993256 -0.002109 -0.009973 -0.969093 -0.009973 -0.002109 0.000000 
5.000000e-01 5.000000e-01 4.999966e-03 5.000000e-01 5.000000e-01 1.515006e+00 -0.993256 0.002104 0.009959 0.969129 0.009959 0.002104 0.993256 -0.002109 -0.009973 -0.969093 -0.009973 -0.002109 0.000000 
5.000000e-01 5.000000e-01 4.999966e-03 5.000000e-01 5.000000e-01 1.515006e+00 -0.993256 0.002104 0.009959 0.969129 0.009959 0.002104 0.993256 -0.002109 -0.009973 -0.969093 -0.009973 -0.002109 0.000000 
5.000000e-01 5.000000e-01 4.999966e-03 5.000000e-01 5.000000e-01 1.515006e+00 -0.993256 0.002104 0.009959 0.969129 0.009959 0.002104 0.993256 -0.002109 -0.009973 -0.969093 -0.009973 -0.002109 0.000000 
5.000000e-01 5.000000e-01 4.999966e-03 5.000000e-01 5.000000e-01 1.515006e+00 -0.993256 0.002104 0.009959 0.969129 0.009959 0.002104 0.993256 -0.002109 -0.009973 -0.969093 -0.009973 -0.002109 0.000000 
5.000000e-01 5.000000e-01 4.999966e-03 5.000000e-01 5.000000e-01 1.515006e+00 -0.993256 0.002104 0.009959 0.969129 0.009959 0.002104 0.993256 -0.002109 -0.009973 -0.969093 -0.009973 -0.002109 0.000000 
5.000000e-01 5.000000e-01 4.999966e-03 5.000000e-01 5.000000e-01 1.515006e+00 -0.993256 0.002104 0.009959 0.969129 0.009959 0.002104 0.993256 -0.002109 -0.009973 -0.969093 -0.009973 -0.002109 0.000000 
5.000000e-01 5.000000e-01 4.999966e-03 5.000000e-01 5.000000e-01 1.515006e+00 -0.993256 0.002104 0.009959 0.969129 0.009959 0.002104 0.993256 -0.002109 -0.009973 -0.969093 -0.009973 -0.002109 0.000000 
5.000000e-01 5.000000e-01 4.999966e-03 5.000000e-01 5.000000e-01 1.515006e+00 -0.993256 0.002104 0.009959 0.969129 0.009959 0.002104 0.993256 -0.002109 -0.009973 -0.969093 -0.009973 -0.002109 0.000000 
5.000000e-01 5.000000e-01 4.999966e-03 5.000000e-01 5.000000e-01 1.515006e+00 -0.993256 0.002104 0.009959 0.969129 0.009959 0.002104 0.993256 -0.002109 -0.009973 -0.969093 -0.009973 -0.002109 0.000000 
5.000000e-01 5.000000e-01 4.999966e-03 5.000000e-01 5.000000e-01 1.515006e+00 -0.993256 0.002104 0.009959 0.969129 0.009959 0.002104 0.993256 -0.002109 -0.009973 -0.969093 -0.009973 -0.002109 0.000000 
5.000000e-01 5.000000e-01 4.999966e-03 5.000000e-01 5.000000e-01 1.515006e+00 -0.993256 0.002104 0.009959 0.969129 0.009959 0.002104 0.993256 -0.002109 -0.009973 -0.969093 -0.009973 -0.002109 0.000000 
5.000000e-01 5.000000e-01 4.999966e-03 5.000000e-01 5.000000e-01 1.515006e+00 -0.993256 0.002104 0.009959 0.969129 0.009959 0.002104 0.993256 -0.002109 -0.009973 -0.969093 -0.009973 -0.002109 0.000000 
5.000000e-01 5.000000e-01 4.999966e-03 5.000000e-01 5.000000e-01 1.515006e+00 -0.993256 0.002104 0.009959 0.969129 0.009959 0.002104 0.993256 -0.002109 -0.009973 -0.969093 -0.009973 -0.002109 0.000000 
5.000000e-01 5.000000e-01 4.999966e-03 5.000000e-01 5.000000e-01 1.515006e+00 -0.993256 0.002104 0.009959 0.969129 0.009959 0.002104 0.993256 -0.002109 -0.009973 -0.969093 -0.009973 -0.002109 0.000000 
5.000000e-01 5.000000e-01 4.999966e-03 5.000000e-01 5.000000e-01 1.515006e+00 -0.993256 0.002104 0.009959 0.969129 0.009959 0.002104 0.993256 -0.002109 -0.009973 -0.969093 -0.009973 -0.002109 0.000000 
5.000000e-01 5.000000e-01 4.999966e-03 5.000000e-01 5.000000e-01 1.515006e+00 -0.993256 0.002104 0.009959 0.969129 0.009959 0.002104 0.993256 -0.002109 -0.009973 -0.969093 -0.009973 -0.002109 0.000000 
5.000000e-01 5.000000e-01 4.999966e-03 5.000000e-01 5.000000e-01 1.515006e+00 -0.993256 0.002104 0.009959 0.969129 0.009959 0.002104 0.993256 -0.002109 -0.009973 -0.969093 -0.009973 -0.002109 0.000000 
5.000000e-01 5.000000e-01 4.999966e-03 5.000000e-01 5.000000e-01 1.515006e+00 -0.993256 0.002104 0.009959 0.969129 0.009959 0.002104 0.993256 -0.002109 -0.009973 -0.969093 -0.009973 -0.002109 0.000000 
5.000000e-01 5.000000e-01 4.999966e-03 5.000000e-01 5.000000e-01 1.515006e+00 -0.993256 0.002104 0.009959 0.969129 0.009959 0.002104 0.993256 -0.002109 -0.009973 -0.969093 -0.009973 -0.002109 0.000000 
5.000000e-01 5.000000e-01 4.999966e-03 5.000000e-01 5.000000e-01 1.515006e+00 -0.993256 0.002104 0.009959 0.969129 0.009959 0.002104 0.993256 -0.002109 -0.009973 -0.969093 -0.009973 -0.002109 0.000000 
5.000000e-01 5.000000e-01 4.999966e-03 5.000000e-01 5.000000e-01 1.515006e+00 -0.993256 0.002104 0.009959 0.969129 0.009959 0.002104 0.993256 -0.002109 -0.009973 -0.969093 -0.009973 -0.002109 0.000000 
5.000000e-01 5.000000e-01 4.999966e-03 5.000000e-01 5.000000e-01 1.515006e+00 -0.993256 0.002104 0.009959 0.969129 0.009959 0.002104 0.993256 -0.002109 -0.009973 -0.969093 -0.009973 -0.002109 0.000000 
5.000000e-01 5.000000e-01 4.999966e-03 5.000000e-01 5.000000e-01 1.515006e+00 -0.993256 0.002104 0.009959 0.969129 0.009959 0.002104 0.993256 -0.002109 -0.009973 -0.969093 -0.009973 -0.002109 0.000000 
5.000000e-01 5.000000e-01 4.999966e-03 5.000000e-01 5.000000e-01 1.515006e+00 -0.993256 0.002104 0.009959 0.969129 0.009959 0.002104 0.993256 -0.002109 -0.009973 -0.969093 -0.009973 -0.002109 0.000000 
5.000000e-01 5.000000e-01 4.999966e-03 5.000000e-01 5.000000e-01 1.515006e+00 -0.993256 0.002104 0.009959 0.969129 0.009959 0.002104 0.993256 -0.002109 -0.009973 -0.969093 -0.009973 -0.002109 0.000000 
5.000000e-01 5.000000e-01 4.999966e-03 5.000000e-01 5.000000e-01 1.515006e+00 -0.993256 0.002104 0.009959 0.969129 0.009959 0.002104 0.993256 -0.002109 -0.009973 -0.969093 -0.009973 -0.002109 0.000000 
5.000000e-01 5.000000e-01 4.999966e-03 5.000000e-01 5.000000e-01 1.515006e+00 -0.993256 0.002104 0.009959 0.969129 0.009959 0.002104 0.993256 -0.002109 -0.009973 -0.969093 -0.009973 -0.002109 0.000000 
5.000000e-01 5.000000e-01 4.999966e-03 5.000000e-01 5.000000e-01 1.515006e+00 -0.993256 0.002104 0.009959 0.969129 0.009959 0.002104 0.993256 -0.002109 -0.009973 -0.969093 -0.009973 -0.002109 0.000000 
5.000000e-01 5.000000e-01 4.999966e-03 5.000000e-01 5.000000e-01 1.515006e+00 -0.993256 0.002104 0.009959 0.969129 0.009959 0.002104 0.993256 -0.002109 -0.009973 -0.969093 -0.009973 -0.002109 0.000000 
5.000000e-01 5.000000e-01 4.999966e-03 5.000000e-01 5.000000e-01 1.515006e+00 -0.993256 0.002104 0.009959 0.969129 0.009959 0.002104 0.993256 -0.002109 -0.009973 -0.969093 -0.009973 -0.002109 0.000000 
5.000000e-01 5.000000e-01 4.999966e-03 5.000000e-01 5.000000e-01 1.515006e+00 -0.993256 0.002104 0.009959 0.969129 0.009959 0.002104 0.993256 -0.002109 -0.009973 -0.969093 -0.009973 -0.002109 0.000000 
5.000000e-01 5.000000e-01 4.999966e-03 5.000000e-01 5.000000e-01 1.515006e+00 -0.993256 0.002104 0.009959 0.969129 0.009959 0.002104 0.993256 -0.002109 -0.009973 -0.969093 -0.009973 -0.002109 0.000000 
5.000000e-01 5.000000e-01 4.999966e-03 5.000000e-01 5.000000e-01 1.515006e+00 -0.993256 0.002104 0.009959 0.969129 0.009959 0.002104 0.993256 -0.002109 -0.009973 -0.969093 -0.009973 -0.002109 0.000000 
5.000000e-01 5.000000e-01 4.999966e-03 5.000000e-01 5.000000e-01 1.515006e+00 -0.993256 0.002104 0.009959 0.969129 0.009959 0.002104 0.993256 -0.002109 -0.009973 -0.969093 -0.009973 -0.002109 0.000000 
5.000000e-01 5.000000e-01 4.999966e-03 5.000000e-01 5.000000e-01 1.515006e+00 -0.993256 0.002104 0.009959 0.969129 0.009959 0.002104 0.993256 -0.002109 -0.009973 -0.969093 -0.009973 -0.002109 0.000000 
5.000000e-01 5.000000e-01 4.999966e-03 5.000000e-01 5.000000e-01 1.515006e+00 -0.993256 0.002104 0.009959 0.969129 0.009959 0.002104 0.993256 -0.002109 -0.009973 -0.969093 -0.009973 -0.002109 0.000000 
5.000000e-01 5.000000e-01 4.999966e-03 5.000000e-01 5.000000e-01 1.515006e+00 -0.993256 0.002104 0.009959 0.969129 0.009959 0.002104 0.993256 -0.002109 -0.009973 -0.969093 -0.009973 -0.002109 0.000000 
5.000000e-01 5.000000e-01 4.999966e-03 5.000000e-01 5.000000e-01 1.515006e+00 -0.993256 0.002104 0.009959 0.969129 0.009959 0.002104 0.993256 -0.002109 -0.009973 -0.969093 -0.009973 -0.002109 0.000000 
5.000000e-01 5.000000e-01 4.999966e-03 5.000000e-01 5.000000e-01 1.515006e+00 -0.993256 0.002104 0.009959 0.969129 0.009959 0.002104 0.993256 -0.002109 -0.009973 -0.969093 -0.009973 -0.002109 0.000000 
5.000000e-01 5.000000e-01 4.999966e-03 5.000000e-01 5.000000e-01 1.515006e+00 -0.993256 0.002104 0.009959 0.969129 0.009959 0.002104 0.993256 -0.002109 -0.009973 -0.969093 -0.009973 -0.002109 0.000000 
5.000000e-01 5.000000e-01 4.999966e-03 5.000000e-01 5.000000e-01 1.515006e+00 -0.993256 0.002104 0.009959 0.969129 0.009959 0.002104 0.993256 -0.002109 -0.009973 -0.969093 -0.009973 -0.002109 0.000000 
5.000000e-01 5.000000e-01 4.999966e-03 5.000000e-01 5.000000e-01 1.515006e+00 -0.993256 0.002104 0.009959 0.969129 0.009959 0.002104 0.993256 -0.002109 -0.009973 -0.969093 -0.009973 -0.002109 0.000000 
5.000000e-01 5.000000e-01 4.999966e-03 5.000000e-01 5.000000e-01 1.515006e+00 -0.993256 0.002104 0.009959 0.969129 0.009959 0.002104 0.993256 -0.002109 -0.009973 -0.969093 -0.009973 -0.002109 0.000000 
5.000000e-01 5.000000e-01 4.999966e-03 5.000000e-01 5.000000e-01 1.515006e+00 -0.993256 0.002104 0.009959 0.969129 0.009959 0.002104 0.993256 -0.002109 -0.009973 -0.969093 -0.009973 -0.002109 0.000000 
5.000000e-01 5.000000e-01 4.999966e-03 5.000000e-01 5.000000e-01 1.515006e+00 -0.993256 0.002104 0.009959 0.969129 0.009959 0.002104 0.993256 -0.002109 -0.009973 -0.969093 -0.009973 -0.002109 0.000000 
5.000000e-01 5.000000e-01 4.999966e-03 5.000000e-01 5.000000e-01 1.515006e+00 -0.993256 0.002104 0.009959 0.969129 0.009959 0.002104 0.993256 -0.002109 -0.009973 -0.969093 -0.009973 -0.002109 0.000000 
5.000000e-01 5.000000e-01 4.999966e-03 5.000000e-01 5.000000e-01 1.515006e+00 -0.993256 0.002104 0.009959 0.969129 0.009959 0.002104 0.993256 -0.002109 -0.009973 -0.969093 -0.009973 -0.002109 0.000000 
5.000000e-01 5.000000e-01 4.999966e-03 5.000000e-01 5.000000e-01 1.515006e+00 -0.993256 0.002104 0.009959 0.969129 0.009959 0.002104 0.993256 -0.002109 -0.009973 -0.969093 -0.009973 -0.002109 0.000000 
5.000000e-01 5.000000e-01 4.999966e-03 5.000000e-01 5.000000e-01 1.515006e+00 -0.993256 0.002104 0.009959 0.969129 0.009959 0.002104 0.993256 -0.002109 -0.009973 -0.969093 -0.009973 -0.002109 0.000000 
5.000000e-01 5.000000e-01 4.999966e-03 5.000000e-01 5.000000e-01 1.515006e+00 -0.993256 0.002104 0.009959 0.969129 0.009959 0.002104 0.993256 -0.002109 -0.009973 -0.969093 -0.009973 -0.002109 0.000000 
5.000000e-01 5.000000e-01 4.999966e-03 5.000000e-01 5.000000e-01 1.515006e+00 -0.993256 0.002104 0.009959 0.969129 0.009959 0.002104 0.993256 -0.002109 -0.009973 -0.969093 -0.009973 -0.002109 0.000000 
5.000000e-01 5.000000e-01 4.999966e-03 5.000000e-01 5.000000e-01 1.515006e+00 -0.993256 0.002104 0.009959 0.969129 0.009959 0.002104 0.993256 -0.002109 -0.009973 -0.969093 -0.009973 -0.002109 0.000000 
5.000000e-01 5.000000e-01 4.999966e-03 5.000000e-01 5.000000e-01 1.515006e+00 -0.993256 0.002104 0.009959 0.969129 0.009959 0.002104 0.993256 -0.002109 -0.009973 -0.969093 -0.009973 -0.002109 0.000000 
5.000000e-01 5.000000e-01 4.999966e-03 5.000000e-01 5.000000e-01 1.515006e+00 -0.993256 0.002104 0.009959 0.969129 0.009959 0.002104 0.993256 -0.002109 -0.009973 -0.969093 -0.009973 -0.002109 0.000000 
5.000000e-01 5.000000e-01 4.999966e-03 5.000000e-01 5.000000e-01 1.515006e+00 -0.993256 0.002104 0.009959 0.969129 0.009959 0.002104 0.993256 -0.002109 -0.009973 -0.969093 -0.009973 -0.002109 0.000000 
5.000000e-01 5.000000e-01 4.999966e-03 5.000000e-01 5.000000e-01 1.515006e+00 -0.993256 0.002104 0.009959 0.969129 0.009959 0.002104 0.993256 -0.002109 -0.009973 -0.969093 -0.009973 -0.002109 0.000000 
5.000000e-01 5.000000e-01 4.999966e-03 5.000000e-01 5.000000e-01 1.515006e+00 -0.993256 0.002104 0.009959 0.969129 0.009959 0.002104 0.993256 -0.002109 -0.009973 -0.969093 -0.009973 -0.002109 0.000000 
5.000000e-01 5.000000e-01 4.999966e-03 5.000000e-01 5.000000e-01 1.515006e+00 -0.993256 0.002104 0.009959 0.969129 0.009959 0.002104 0.993256 -0.002109 -0.009973 -0.969093 -0.009973 -0.002109 0.000000 
5.000000e-01 5.000000e-01 4.999966e-03 5.000000e-01 5.000000e-01 1.515006e+00 -0.993256 0.002104 0.009959 0.969129 0.009959 0.002104 0.993256 -0.002109 -0.009973 -0.969093 -0.009973 -0.002109 0.000000 
5.000000e-01 5.000000e-01 4.999966e-03 5.000000e-01 5.000000e-01 1.515006e+00 -0.993256 0.002104 0.009959 0.969129 0.009959 0.002104 0.993256 -0.002109 -0.009973 -0.969093 -0.009973 -0.002109 0.000000 
5.000000e-01 5.000000e-01 4.999966e-03 5.000000e-01 5.000000e-01 1.515006e+00 -0.993256 0.002104 0.009959 0.969129 0.009959 0.002104 0.993256 -0.002109 -0.009973 -0.969093 -0.009973 -0.002109 0.000000 
5.000000e-01 5.000000e-01 4.999966e-03 5.000000e-01 5.000000e-01 1.515006e+00 -0.993256 0.002104 0.009959 0.969129 0.009959 0.002104 0.993256 -0.002109 -0.009973 -0.969093 -0.009973 -0.002109 0.000000 
5.000000e-01 5.000000e-01 4.999966e-03 5.000000e-01 5.000000e-01 1.515006e+00 -0.993256 0.002104 0.009959 0.969129 0.009959 0.002104 0.993256 -0.002109 -0.009973 -0.969093 -0.009973 -0.002109 0.000000 
5.000000e-01 5.000000e-01 4.999966e-03 5.000000e-01 5.000000e-01 1.515006e+00 -0.993256 0.002104 0.009959 0.969129 0.009959 0.002104 0.993256 -0.002109 -0.009973 -0.969093 -0.009973 -0.002109 0.000000 
5.000000e-01 5.000000e-01 4.999966e-03 5.000000e-01 5.000000e-01 1.515006e+00 -0.993256 0.002104 0.009959 0.969129 0.009959 0.002104 0.993256 -0.002109 -0.009973 -0.969093 -0.009973 -0.002109 0.000000 
5.000000e-01 5.000000e-01 4.999966e-03 5.000000e-01 5.000000e-01 1.515006e+00 -0.993256 0.002104 0.009959 0.969129 0.009959 0.002104 0.993256 -0.002109 -0.009973 -0.969093 -0.009973 -0.002109 0.000000 
5.000000e-01 5.000000e-01 4.999966e-03 5.000000e-01 5.000000e-01 1.515006e+00 -0.993256 0.002104 0.009959 0.969129 0.009959 0.002104 0.993256 -0.002109 -0.009973 -0.969093 -0.009973 -0.002109 0.000000 
5.000000e-01 5.000000e-01 4.999966e-03 5.000000e-01 5.000000e-01 1.515006e+00 -0.993256 0.002104 0.009959 0.969129 0.009959 0.002104 0.993256 -0.002109 -0.009973 -0.969093 -0.009973 -0.002109 0.000000 
5.000000e-01 5.000000e-01 4.999966e-03 5.000000e-01 5.000000e-01 1.515006e+00 -0.993256 0.002104 0.009959 0.969129 0.009959 0.002104 0.993256 -0.002109 -0.009973 -0.969093 -0.009973 -0.002109 0.000000 
5.000000e-01 5.000000e-01 4.999966e-03 5.000000e-01 5.000000e-01 1.515006e+00 -0.993256 0.002104 0.009959 0.969129 0.009959 0.002104 0.993256 -0.002109 -0.009973 -0.969093 -0.009973 -0.002109 0.000000 
5.000000e-01 5.000000e-01 4.999966e-03 5.000000e-01 5.000000e-01 1.515006e+00 -0.993256 0.002104 0.009959 0.969129 0.009959 0.002104 0.993256 -0.002109 -0.009973 -0.969093 -0.009973 -0.002109 0.000000 
5.000000e-01 5.000000e-01 4.999966e-03 5.000000e-01 5.000000e-01 1.515006e+00 -0.993256 0.002104 0.009959 0.969129 0.009959 0.002104 0.993256 -0.002109 -0.009973 -0.969093 -0.009973 -0.002109 0.000000 
5.000000e-01 5.000000e-01 4.999966e-03 5.000000e-01 5.000000e-01 1.515006e+00 -0.993256 0.002104 0.009959 0.969129 0.009959 0.002104 0.993256 -0.002109 -0.009973 -0.969093 -0.009973 -0.002109 0.000000 
5.000000e-01 5.000000e-01 4.999966e-03 5.000000e-01 5.000000e-01 1.515006e+00 -0.993256 0.002104 0.009959 0.969129 0.009959 0.002104 0.993256 -0.002109 -0.009973 -0.969093 -0.009973 -0.002109 0.000000 
5.000000e-01 5.000000e-01 4.999966e-03 5.000000e-01 5.000000e-01 1.515006e+00 -0.993256 0.002104 0.009959 0.969129 0.009959 0.002104 0.993256 -0.002109 -0.009973 -0.969093 -0.009973 -0.002109 0.000000 
5.000000e-01 5.000000e-01 4.999966e-03 5.000000e-01 5.000000e-01 1.515006e+00 -0.993256 0.002104 0.009959 0.969129 0.009959 0.002104 0.993256 -0.002109 -0.009973 -0.969093 -0.009973 -0.002109 0.000000 
5.000000e-01 5.000000e-01 4.999966e-03 5.000000e-01 5.000000e-01 1.515006e+00 -0.993256 0.002104 0.009959 0.969129 0.009959 0.002104 0.993256 -0.002109 -0.009973 -0.969093 -0.009973 -0.002109 0.000000 
5.000000e-01 5.000000e-01 4.999966e-03 5.000000e-01 5.000000e-01 1.515006e+00 -0.993256 0.002104 0.009959 0.969129 0.009959 0.002104 0.993256 -0.002109 -0.009973 -0.969093 -0.009973 -0.002109 0.000000 
5.000000e-01 5.000000e-01 4.999966e-03 5.000000e-01 5.000000e-01 1.515006e+00 -0.993256 0.002104 0.009959 0.969129 0.009959 0.002104 0.993256 -0.002109 -0.009973 -0.969093 -0.009973 -0.002109 0.000000 
5.000000e-01 5.000000e-01 4.999966e-03 5.000000e-01 5.000000e-01 1.515006e+00 -0.993256 0.002104 0.009959 0.969129 0.009959 0.002104 0.993256 -0.002109 -0.009973 -0.969093 -0.009973 -0.002109 0.000000 
5.000000e-01 5.000000e-01 4.999966e-03 5.000000e-01 5.000000e-01 1.515006e+00 -0.993256 0.002104 0.009959 0.969129 0.009959 0.002104 0.993256 -0.002109 -0.009973 -0.969093 -0.009973 -0.002109 0.000000 
5.000000e-01 5.000000e-01 4.999966e-03 5.000000e-01 5.000000e-01 1.515006e+00 -0.993256 0.002104 0.009959 0.969129 0.009959 0.002104 0.993256 -0.002109 -0.009973 -0.969093 -0.009973 -0.002109 0.000000 
5.000000e-01 5.000000e-01 4.999966e-03 5.000000e-01 5.000000e-01 1.515006e+00 -0.993256 0.002104 0.009959 0.969129 0.009959 0.002104 0.993256 -0.002109 -0.009973 -0.969093 -0.009973 -0.002109 0.000000 
5.000000e-01 5.000000e-01 4.999966e-03 5.000000e-01 5.000000e-01 1.515006e+00 -0.993256 0.002104 0.009959 0.969129 0.009959 0.002104 0.993256 -0.002109 -0.009973 -0.969093 -0.009973 -0.002109 0.000000 
5.000000e-01 5.000000e-01 4.999966e-03 5.000000e-01 5.000000e-01 1.515006e+00 -0.993256 0.002104 0.009959 0.969129 0.009959 0.002104 0.993256 -0.002109 -0.009973 -0.969093 -0.009973 -0.002109 0.000000 
5.000000e-01 5.000000e-01 4.999966e-03 5.000000e-01 5.000000e-01 1.515006e+00 -0.993256 0.002104 0.009959 0.969129 0.009959 0.002104 0.993256 -0.002109 -0.009973 -0.969093 -0.009973 -0.002109 0.000000 
5.000000e-01 5.000000e-01 4.999966e-03 5.000000e-01 5.000000e-01 1.515006e+00 -0.993256 0.002104 0.009959 0.969129 0.009959 0.002104 0.993256 -0.002109 -0.009973 -0.969093 -0.009973 -0.002109 0.000000 
5.000000e-01 5.000000e-01 4.999966e-03 5.000000e-01 5.000000e-01 1.515006e+00 -0.993256 0.002104 0.009959 0.969129 0.009959 0.002104 0.993256 -0.002109 -0.009973 -0.969093 -0.009973 -0.002109 0.000000 
5.000000e-01 5.000000e-01 4.999966e-03 5.000000e-01 5.000000e-01 1.515006e+00 -0.993256 0.002104 0.009959 0.969129 0.009959 0.002104 0.993256 -0.002109 -0.009973 -0.969093 -0.009973 -0.002109 0.000000 
5.000000e-01 5.000000e-01 4.999966e-03 5.000000e-01 5.000000e-01 1.515006e+00 -0.993256 0.002104 0.009959 0.969129 0.009959 0.002104 0.993256 -0.002109 -0.009973 -0.969093 -0.009973 -0.002109 0.000000 
5.000000e-01 5.000000e-01 4.999966e-03 5.000000e-01 5.000000e-01 1.515006e+00 -0.993256 0.002104 0.009959 0.969129 0.009959 0.002104 0.993256 -0.002109 -0.009973 -0.969093 -0.009973 -0.002109 0.000000 
5.000000e-01 5.000000e-01 4.999966e-03 5.000000e-01 5.000000e-01 1.515006e+00 -0.993256 0.002104 0.009959 0.969129 0.009959 0.002104 0.993256 -0.002109 -0.009973 -0.969093 -0.009973 -0.002109 0.000000 
5.000000e-01 5.000000e-01 4.999966e-03 5.000000e-01 5.000000e-01 1.515006e+00 -0.993256 0.002104 0.009959 0.969129 0.009959 0.002104 0.993256 -0.002109 -0.009973 -0.969093 -0.009973 -0.002109 0.000000 
5.000000e-01 5.000000e-01 4.999966e-03 5.000000e-01 5.000000e-01 1.515006e+00 -0.993256 0.002104 0.009959 0.969129 0.009959 0.002104 0.993256 -0.002109 -0.009973 -0.969093 -0.009973 -0.002109 0.000000 
5.000000e-01 5.000000e-01 4.999966e-03 5.000000e-01 5.000000e-01 1.515006e+00 -0.993256 0.002104 0.009959 0.969129 0.009959 0.002104 0.993256 -0.002109 -0.009973 -0.969093 -0.009973 -0.002109 0.000000 
5.000000e-01 5.000000e-01 4.999966e-03 5.000000e-01 5.000000e-01 1.515006e+00 -0.993256 0.002104 0.009959 0.969129 0.009959 0.002104 0.993256 -0.002109 -0.009973 -0.969093 -0.009973 -0.002109 0.000000 
5.000000e-01 5.000000e-01 4.999966e-03 5.000000e-01 5.000000e-01 1.515006e+00 -0.993256 0.002104 0.009959 0.969129 0.009959 0.002104 0.993256 -0.002109 -0.009973 -0.969093 -0.009973 -0.002109 0.000000 
5.000000e-01 5.000000e-01 4.999966e-03 5.000000e-01 5.000000e-01 1.515006e+00 -0.993256 0.002104 0.009959 0.969129 0.009959 0.002104 0.993256 -0.002109 -0.009973 -0.969093 -0.009973 -0.002109 0.000000 
5.000000e-01 5.000000e-01 4.999966e-03 5.000000e-01 5.000000e-01 1.515006e+00 -0.993256 0.002104 0.009959 0.969129 0.009959 0.002104 0.993256 -0.002109 -0.009973 -0.969093 -0.009973 -0.002109 0.000000 
5.000000e-01 5.000000e-01 4.999966e-03 5.000000e-01 5.000000e-01 1.515006e+00 -0.993256 0.002104 0.009959 0.969129 0.009959 0.002104 0.993256 -0.002109 -0.009973 -0.969093 -0.009973 -0.002109 0.000000 
5.000000e-01 5.000000e-01 4.999966e-03 5.000000e-01 5.000000e-01 1.515006e+00 -0.993256 0.002104 0.009959 0.969129 0.009959 0.002104 0.993256 -0.002109 -0.009973 -0.969093 -0.009973 -0.002109 0.000000 
5.000000e-01 5.000000e-01 4.999966e-03 5.000000e-01 5.000000e-01 1.515006e+00 -0.993256 0.002104 0.009959 0.969129 0.009959 0.002104 0.993256 -0.002109 -0.009973 -0.969093 -0.009973 -0.002109 0.000000 
