# TeX TeY TeZ ThX ThY THZ P1 P2
5.000000e-01 5.000000e-01 4.100000e-01 5.000000e-01 5.000000e-01 4.100000e-01 0.000000 0.000000 0.000000 0.000000 0.000000 0.000000 0.000000 0.000000 0.000000 0.000000 0.000000 0.000000 0.000000 
5.000000e-01 5.000000e-01 3.974011e-01 5.000000e-01 5.000000e-01 4.188679e-01 -0.014089 0.002534 0.002995 0.003032 0.002995 0.002534 0.014089 0.000193 -0.003488 -0.007499 -0.003488 0.000193 0.000000 
5.000000e-01 5.000000e-01 3.847679e-01 5.000000e-01 5.000000e-01 4.277259e-01 -0.028194 0.005071 0.005993 0.006067 0.005993 0.005071 0.028194 0.000455 -0.006977 -0.015152 -0.006977 0.000455 0.000000 
5.000000e-01 5.000000e-01 3.721009e-01 5.000000e-01 5.000000e-01 4.365741e-01 -0.042315 0.007612 0.008994 0.009104 0.008994 0.007612 0.042315 0.000797 -0.010460 -0.022991 -0.010460 0.000797 0.000000 
5.000000e-01 5.000000e-01 3.594001e-01 5.000000e-01 5.000000e-01 4.454123e-01 -0.056451 0.010155 0.011998 0.012144 0.011998 0.010155 0.056451 0.001237 -0.013930 -0.031065 -0.013930 0.001237 0.000000 
5.000000e-01 5.000000e-01 3.466659e-01 5.000000e-01 5.000000e-01 4.542404e-01 -0.070603 0.012702 0.015006 0.015188 0.015006 0.012702 0.070603 0.001803 -0.017378 -0.039452 -0.017378 0.001803 0.000000 
5.000000e-01 5.000000e-01 3.338987e-01 5.000000e-01 5.000000e-01 4.630584e-01 -0.084769 0.015251 0.018016 0.018234 0.018016 0.015251 0.084769 0.002488 -0.020795 -0.048155 -0.020795 0.002488 0.000000 
5.000000e-01 5.000000e-01 3.210985e-01 5.000000e-01 5.000000e-01 4.718662e-01 -0.098951 0.017803 0.021030 0.021283 0.021030 0.017803 0.098951 0.003304 -0.024169 -0.057221 -0.024169 0.003304 0.000000 
5.000000e-01 5.000000e-01 3.082658e-01 5.000000e-01 5.000000e-01 4.806636e-01 -0.113146 0.020358 0.024047 0.024336 0.024047 0.020358 0.113146 0.004287 -0.027479 -0.066762 -0.027479 0.004287 0.000000 
5.000000e-01 5.000000e-01 2.954008e-01 5.000000e-01 5.000000e-01 4.894506e-01 -0.127356 0.022915 0.027067 0.027393 0.027067 0.022915 0.127356 0.005441 -0.030706 -0.076827 -0.030706 0.005441 0.000000 
5.000000e-01 5.000000e-01 2.825037e-01 5.000000e-01 5.000000e-01 4.982271e-01 -0.141580 0.025473 0.030090 0.030453 0.030090 0.025473 0.141580 0.006767 -0.033831 -0.087454 -0.033831 0.006767 0.000000 
5.000000e-01 5.000000e-01 2.695747e-01 5.000000e-01 5.000000e-01 5.069931e-01 -0.155818 0.028034 0.033117 0.033517 0.033117 0.028034 0.155818 0.008288 -0.036824 -0.098745 -0.036824 0.008288 0.000000 
5.000000e-01 5.000000e-01 2.566142e-01 5.000000e-01 5.000000e-01 5.157484e-01 -0.170069 0.030596 0.036146 0.036585 0.036146 0.030596 0.170069 0.010048 -0.039627 -0.110911 -0.039627 0.010048 0.000000 
5.000000e-01 5.000000e-01 2.436223e-01 5.000000e-01 5.000000e-01 5.244929e-01 -0.184334 0.033160 0.039179 0.039657 0.039179 0.033160 0.184334 0.012026 -0.042220 -0.123947 -0.042220 0.012026 0.000000 
5.000000e-01 5.000000e-01 2.305992e-01 5.000000e-01 5.000000e-01 5.332265e-01 -0.198613 0.035725 0.042215 0.042733 0.042215 0.035725 0.198613 0.014234 -0.044553 -0.137974 -0.044553 0.014234 0.000000 
5.000000e-01 5.000000e-01 2.175452e-01 5.000000e-01 5.000000e-01 5.419492e-01 -0.212905 0.038292 0.045253 0.045813 0.045253 0.038292 0.212905 0.016724 -0.046512 -0.153330 -0.046512 0.016724 0.000000 
5.000000e-01 5.000000e-01 2.044603e-01 5.000000e-01 5.000000e-01 5.506608e-01 -0.227210 0.040860 0.048296 0.048898 0.048296 0.040860 0.227210 0.019480 -0.048045 -0.170079 -0.048045 0.019480 0.000000 
5.000000e-01 5.000000e-01 1.913447e-01 5.000000e-01 5.000000e-01 5.593613e-01 -0.241528 0.043429 0.051341 0.051988 0.051341 0.043429 0.241528 0.022498 -0.049076 -0.188371 -0.049076 0.022498 0.000000 
5.000000e-01 5.000000e-01 1.781984e-01 5.000000e-01 5.000000e-01 5.680505e-01 -0.255861 0.045999 0.054390 0.055083 0.054390 0.045999 0.255861 0.025819 -0.049419 -0.208660 -0.049419 0.025819 0.000000 
5.000000e-01 5.000000e-01 1.650214e-01 5.000000e-01 5.000000e-01 5.767284e-01 -0.270208 0.048569 0.057442 0.058184 0.057442 0.048569 0.270207 0.029445 -0.048932 -0.231233 -0.048932 0.029445 0.000000 
5.000000e-01 5.000000e-01 1.518135e-01 5.000000e-01 5.000000e-01 5.853949e-01 -0.284570 0.051141 0.060499 0.061290 0.060499 0.051141 0.284570 0.033356 -0.047508 -0.256264 -0.047508 0.033356 0.000000 
5.000000e-01 5.000000e-01 1.385744e-01 5.000000e-01 5.000000e-01 5.940498e-01 -0.298949 0.053714 0.063559 0.064402 0.063559 0.053714 0.298948 0.037578 -0.044849 -0.284407 -0.044849 0.037578 0.000000 
5.000000e-01 5.000000e-01 1.253035e-01 5.000000e-01 5.000000e-01 6.026930e-01 -0.313347 0.056288 0.066624 0.067521 0.066624 0.056288 0.313347 0.042118 -0.040650 -0.316283 -0.040650 0.042118 0.000000 
5.000000e-01 5.000000e-01 1.119998e-01 5.000000e-01 5.000000e-01 6.113245e-01 -0.327767 0.058865 0.069695 0.070648 0.069695 0.058865 0.327767 0.046939 -0.034784 -0.352077 -0.034784 0.046939 0.000000 
5.000000e-01 5.000000e-01 9.866217e-02 5.000000e-01 5.000000e-01 6.199441e-01 -0.342214 0.061443 0.072771 0.073784 0.072771 0.061443 0.342214 0.052056 -0.026786 -0.392753 -0.026786 0.052056 0.000000 
5.000000e-01 5.000000e-01 8.528880e-02 5.000000e-01 5.000000e-01 6.285518e-01 -0.356694 0.064025 0.075856 0.076931 0.075856 0.064025 0.356694 0.057466 -0.016193 -0.439240 -0.016193 0.057466 0.000000 
5.000000e-01 5.000000e-01 7.187750e-02 5.000000e-01 5.000000e-01 6.371474e-01 -0.371213 0.066611 0.078950 0.080090 0.078950 0.066611 0.371212 0.063126 -0.002945 -0.491576 -0.002945 0.063126 0.000000 
5.000000e-01 5.000000e-01 5.842591e-02 5.000000e-01 5.000000e-01 6.457308e-01 -0.385780 0.069203 0.082055 0.083263 0.082055 0.069203 0.385780 0.069041 0.013495 -0.550851 0.013495 0.069041 0.000000 
5.000000e-01 5.000000e-01 4.493206e-02 5.000000e-01 5.000000e-01 6.543019e-01 -0.400405 0.071803 0.085173 0.086453 0.085173 0.071803 0.400405 0.075189 0.033338 -0.617459 0.033338 0.075189 0.000000 
5.000000e-01 5.000000e-01 3.139512e-02 5.000000e-01 5.000000e-01 6.628605e-01 -0.415087 0.074409 0.088305 0.089659 0.088305 0.074409 0.415087 0.081518 0.056161 -0.690446 0.056161 0.081518 0.000000 
5.000000e-01 5.000000e-01 1.781673e-02 5.000000e-01 5.000000e-01 6.714067e-01 -0.429828 0.077023 0.091449 0.092883 0.091449 0.077023 0.429827 0.088005 0.081811 -0.769460 0.081811 0.088005 0.000000 
5.000000e-01 5.000000e-01 4.999642e-03 5.000000e-01 5.000000e-01 6.799402e-01 -0.444071 0.079543 0.094490 0.096005 0.094490 0.079543 0.444071 0.094153 0.107527 -0.847431 0.107527 0.094153 0.000000 
5.000000e-01 5.000000e-01 4.999642e-03 5.000000e-01 5.000000e-01 6.884610e-01 -0.449665 0.080485 0.095699 0.097297 0.095699 0.080485 0.449665 0.093333 0.106283 -0.848896 0.106283 0.093333 0.000000 
5.000000e-01 5.000000e-01 4.999642e-03 5.000000e-01 5.000000e-01 6.969689e-01 -0.455250 0.081421 0.096907 0.098593 0.096907 0.081421 0.455250 0.092504 0.105043 -0.850344 0.105043 0.092504 0.000000 
5.000000e-01 5.000000e-01 4.999642e-03 5.000000e-01 5.000000e-01 7.054637e-01 -0.460826 0.082352 0.098115 0.099893 0.098115 0.082352 0.460826 0.091668 0.103807 -0.851777 0.103807 0.091668 0.000000 
5.000000e-01 5.000000e-01 4.999642e-03 5.000000e-01 5.000000e-01 7.139455e-01 -0.466394 0.083276 0.099322 0.101197 0.099322 0.083276 0.466394 0.090823 0.102577 -0.853194 0.102577 0.090823 0.000000 
5.000000e-01 5.000000e-01 4.999642e-03 5.000000e-01 5.000000e-01 7.224140e-01 -0.471953 0.084194 0.100529 0.102506 0.100529 0.084194 0.471953 0.089971 0.101350 -0.854596 0.101350 0.089971 0.000000 
5.000000e-01 5.000000e-01 4.999642e-03 5.000000e-01 5.000000e-01 7.308691e-01 -0.477503 0.085106 0.101736 0.103819 0.101736 0.085106 0.477503 0.089113 0.100128 -0.855985 0.100128 0.089113 0.000000 
5.000000e-01 5.000000e-01 4.999642e-03 5.000000e-01 5.000000e-01 7.393108e-01 -0.483045 0.086011 0.102942 0.105139 0.102942 0.086011 0.483045 0.088247 0.098910 -0.857360 0.098910 0.088247 0.000000 
5.000000e-01 5.000000e-01 4.999642e-03 5.000000e-01 5.000000e-01 7.477388e-01 -0.488578 0.086908 0.104148 0.106465 0.104148 0.086908 0.488577 0.087375 0.097697 -0.858721 0.097697 0.087375 0.000000 
5.000000e-01 5.000000e-01 4.999642e-03 5.000000e-01 5.000000e-01 7.561530e-01 -0.494101 0.087797 0.105354 0.107798 0.105354 0.087797 0.494101 0.086497 0.096487 -0.860071 0.096487 0.086497 0.000000 
5.000000e-01 5.000000e-01 4.999642e-03 5.000000e-01 5.000000e-01 7.645534e-01 -0.499615 0.088679 0.106560 0.109137 0.106560 0.088679 0.499615 0.085615 0.095282 -0.861409 0.095282 0.085615 0.000000 
5.000000e-01 5.000000e-01 4.999642e-03 5.000000e-01 5.000000e-01 7.729397e-01 -0.505121 0.089553 0.107766 0.110483 0.107766 0.089553 0.505121 0.084728 0.094080 -0.862736 0.094080 0.084728 0.000000 
5.000000e-01 5.000000e-01 4.999642e-03 5.000000e-01 5.000000e-01 7.813119e-01 -0.510617 0.090419 0.108971 0.111836 0.108971 0.090419 0.510616 0.083836 0.092882 -0.864053 0.092882 0.083836 0.000000 
5.000000e-01 5.000000e-01 4.999642e-03 5.000000e-01 5.000000e-01 7.896698e-01 -0.516103 0.091276 0.110177 0.113197 0.110177 0.091276 0.516103 0.082941 0.091687 -0.865359 0.091687 0.082941 0.000000 
5.000000e-01 5.000000e-01 4.999642e-03 5.000000e-01 5.000000e-01 7.980132e-01 -0.521580 0.092122 0.111383 0.114568 0.111383 0.092122 0.521580 0.082041 0.090497 -0.866655 0.090497 0.082041 0.000000 
5.000000e-01 5.000000e-01 4.999642e-03 5.000000e-01 5.000000e-01 8.063420e-01 -0.527048 0.092960 0.112590 0.115949 0.112590 0.092960 0.527047 0.081137 0.089310 -0.867942 0.089310 0.081137 0.000000 
5.000000e-01 5.000000e-01 4.999642e-03 5.000000e-01 5.000000e-01 8.146562e-01 -0.532505 0.093787 0.113796 0.117338 0.113796 0.093787 0.532505 0.080231 0.088126 -0.869220 0.088126 0.080231 0.000000 
5.000000e-01 5.000000e-01 4.999642e-03 5.000000e-01 5.000000e-01 8.229554e-01 -0.537953 0.094605 0.115003 0.118737 0.115003 0.094605 0.537953 0.079322 0.086946 -0.870490 0.086946 0.079322 0.000000 
5.000000e-01 5.000000e-01 4.999642e-03 5.000000e-01 5.000000e-01 8.312396e-01 -0.543391 0.095412 0.116210 0.120147 0.116210 0.095412 0.543391 0.078410 0.085770 -0.871752 0.085770 0.078410 0.000000 
5.000000e-01 5.000000e-01 4.999642e-03 5.000000e-01 5.000000e-01 8.395087e-01 -0.548820 0.096207 0.117418 0.121568 0.117418 0.096207 0.548819 0.077496 0.084597 -0.873006 0.084597 0.077496 0.000000 
5.000000e-01 5.000000e-01 4.999642e-03 5.000000e-01 5.000000e-01 8.477624e-01 -0.554238 0.096990 0.118627 0.123004 0.118627 0.096990 0.554238 0.076580 0.083427 -0.874251 0.083427 0.076580 0.000000 
5.000000e-01 5.000000e-01 4.999642e-03 5.000000e-01 5.000000e-01 8.560006e-01 -0.559646 0.097760 0.119836 0.124453 0.119836 0.097760 0.559645 0.075661 0.082260 -0.875489 0.082260 0.075661 0.000000 
5.000000e-01 5.000000e-01 4.999642e-03 5.000000e-01 5.000000e-01 8.642232e-01 -0.565043 0.098518 0.121046 0.125914 0.121046 0.098518 0.565043 0.074742 0.081097 -0.876721 0.081097 0.074742 0.000000 
5.000000e-01 5.000000e-01 4.999642e-03 5.000000e-01 5.000000e-01 8.724300e-01 -0.570430 0.099264 0.122257 0.127389 0.122257 0.099264 0.570430 0.073820 0.079937 -0.877946 0.079937 0.073820 0.000000 
5.000000e-01 5.000000e-01 4.999642e-03 5.000000e-01 5.000000e-01 8.806208e-01 -0.575807 0.099996 0.123468 0.128878 0.123468 0.099996 0.575807 0.072898 0.078780 -0.879164 0.078780 0.072898 0.000000 
5.000000e-01 5.000000e-01 4.999642e-03 5.000000e-01 5.000000e-01 8.887956e-01 -0.581173 0.100712 0.124681 0.130387 0.124681 0.100712 0.581173 0.071974 0.077626 -0.880375 0.077626 0.071974 0.000000 
5.000000e-01 5.000000e-01 4.999642e-03 5.000000e-01 5.000000e-01 8.969540e-01 -0.586529 0.101413 0.125895 0.131913 0.125895 0.101413 0.586529 0.071050 0.076476 -0.881581 0.076476 0.071050 0.000000 
5.000000e-01 5.000000e-01 4.999642e-03 5.000000e-01 5.000000e-01 9.050960e-01 -0.591874 0.102098 0.127110 0.133457 0.127110 0.102098 0.591873 0.070124 0.075329 -0.882780 0.075329 0.070124 0.000000 
5.000000e-01 5.000000e-01 4.999642e-03 5.000000e-01 5.000000e-01 9.132213e-01 -0.597207 0.102768 0.128327 0.135018 0.128327 0.102768 0.597207 0.069199 0.074184 -0.883974 0.074184 0.069199 0.000000 
5.000000e-01 5.000000e-01 4.999642e-03 5.000000e-01 5.000000e-01 9.213298e-01 -0.602530 0.103421 0.129544 0.136599 0.129544 0.103421 0.602530 0.068273 0.073043 -0.885162 0.073043 0.068273 0.000000 
5.000000e-01 5.000000e-01 4.999642e-03 5.000000e-01 5.000000e-01 9.294214e-01 -0.607841 0.104057 0.130763 0.138202 0.130763 0.104057 0.607841 0.067346 0.071905 -0.886344 0.071905 0.067346 0.000000 
5.000000e-01 5.000000e-01 4.999642e-03 5.000000e-01 5.000000e-01 9.374958e-01 -0.613142 0.104671 0.131984 0.139831 0.131984 0.104671 0.613142 0.066420 0.070770 -0.887521 0.070770 0.066420 0.000000 
5.000000e-01 5.000000e-01 4.999642e-03 5.000000e-01 5.000000e-01 9.455528e-01 -0.618430 0.105267 0.133207 0.141483 0.133207 0.105267 0.618430 0.065493 0.069638 -0.888693 0.069638 0.065493 0.000000 
5.000000e-01 5.000000e-01 4.999642e-03 5.000000e-01 5.000000e-01 9.535923e-01 -0.623708 0.105844 0.134430 0.143159 0.134430 0.105844 0.623708 0.064567 0.068509 -0.889860 0.068509 0.064567 0.000000 
5.000000e-01 5.000000e-01 4.999642e-03 5.000000e-01 5.000000e-01 9.616141e-01 -0.628973 0.106401 0.135656 0.144859 0.135656 0.106401 0.628973 0.063641 0.067383 -0.891022 0.067383 0.063641 0.000000 
5.000000e-01 5.000000e-01 4.999642e-03 5.000000e-01 5.000000e-01 9.696180e-01 -0.634227 0.106937 0.136883 0.146587 0.136883 0.106937 0.634227 0.062715 0.066260 -0.892179 0.066260 0.062715 0.000000 
5.000000e-01 5.000000e-01 4.999642e-03 5.000000e-01 5.000000e-01 9.776038e-01 -0.639469 0.107447 0.138112 0.148351 0.138112 0.107447 0.639469 0.061790 0.065141 -0.893331 0.065141 0.061790 0.000000 
5.000000e-01 5.000000e-01 4.999642e-03 5.000000e-01 5.000000e-01 9.855713e-01 -0.644699 0.107934 0.139343 0.150145 0.139343 0.107934 0.644699 0.060866 0.064024 -0.894478 0.064024 0.060866 0.000000 
5.000000e-01 5.000000e-01 4.999642e-03 5.000000e-01 5.000000e-01 9.935203e-01 -0.649917 0.108398 0.140576 0.151970 0.140576 0.108398 0.649917 0.059942 0.062910 -0.895621 0.062910 0.059942 0.000000 
5.000000e-01 5.000000e-01 4.999642e-03 5.000000e-01 5.000000e-01 1.001451e+00 -0.655122 0.108838 0.141810 0.153826 0.141810 0.108838 0.655122 0.059019 0.061799 -0.896760 0.061799 0.059019 0.000000 
5.000000e-01 5.000000e-01 4.999642e-03 5.000000e-01 5.000000e-01 1.009362e+00 -0.660315 0.109251 0.143046 0.155721 0.143046 0.109251 0.660315 0.058097 0.060692 -0.897894 0.060692 0.058097 0.000000 
5.000000e-01 5.000000e-01 4.999642e-03 5.000000e-01 5.000000e-01 1.017254e+00 -0.665496 0.109633 0.144284 0.157661 0.144284 0.109633 0.665496 0.057176 0.059587 -0.899023 0.059587 0.057176 0.000000 
5.000000e-01 5.000000e-01 4.999642e-03 5.000000e-01 5.000000e-01 1.025127e+00 -0.670663 0.109988 0.145524 0.159640 0.145524 0.109988 0.670663 0.056257 0.058486 -0.900148 0.058486 0.056257 0.000000 
5.000000e-01 5.000000e-01 4.999642e-03 5.000000e-01 5.000000e-01 1.032981e+00 -0.675818 0.110315 0.146765 0.161658 0.146765 0.110315 0.675818 0.055338 0.057387 -0.901269 0.057387 0.055338 0.000000 
5.000000e-01 5.000000e-01 4.999642e-03 5.000000e-01 5.000000e-01 1.040815e+00 -0.680960 0.110614 0.148007 0.163718 0.148007 0.110614 0.680960 0.054421 0.056292 -0.902386 0.056292 0.054421 0.000000 
5.000000e-01 5.000000e-01 4.999642e-03 5.000000e-01 5.000000e-01 1.048628e+00 -0.686089 0.110877 0.149251 0.165833 0.149251 0.110877 0.686089 0.053505 0.055200 -0.903499 0.055200 0.053505 0.000000 
5.000000e-01 5.000000e-01 4.999642e-03 5.000000e-01 5.000000e-01 1.056422e+00 -0.691204 0.111104 0.150497 0.168003 0.150497 0.111104 0.691204 0.052591 0.054111 -0.904607 0.054111 0.052591 0.000000 
5.000000e-01 5.000000e-01 4.999642e-03 5.000000e-01 5.000000e-01 1.064195e+00 -0.696306 0.111300 0.151742 0.170222 0.151742 0.111300 0.696306 0.051678 0.053025 -0.905712 0.053025 0.051678 0.000000 
5.000000e-01 5.000000e-01 4.999642e-03 5.000000e-01 5.000000e-01 1.071947e+00 -0.701395 0.111463 0.152988 0.172492 0.152988 0.111463 0.701395 0.050767 0.051942 -0.906812 0.051942 0.050767 0.000000 
5.000000e-01 5.000000e-01 4.999642e-03 5.000000e-01 5.000000e-01 1.079679e+00 -0.706469 0.111591 0.154234 0.174818 0.154234 0.111591 0.706469 0.049857 0.050862 -0.907908 0.050862 0.049857 0.000000 
5.000000e-01 5.000000e-01 4.999642e-03 5.000000e-01 5.000000e-01 1.087389e+00 -0.711530 0.111672 0.155480 0.177225 0.155480 0.111672 0.711530 0.048949 0.049786 -0.909001 0.049786 0.048949 0.000000 
5.000000e-01 5.000000e-01 4.999642e-03 5.000000e-01 5.000000e-01 1.095078e+00 -0.716577 0.111716 0.156726 0.179693 0.156726 0.111716 0.716577 0.048044 0.048712 -0.910089 0.048712 0.048044 0.000000 
5.000000e-01 5.000000e-01 4.999642e-03 5.000000e-01 5.000000e-01 1.102746e+00 -0.721609 0.111723 0.157970 0.182224 0.157970 0.111723 0.721609 0.047140 0.047642 -0.911173 0.047642 0.047140 0.000000 
5.000000e-01 5.000000e-01 4.999642e-03 5.000000e-01 5.000000e-01 1.110391e+00 -0.726627 0.111692 0.159211 0.184820 0.159211 0.111692 0.726627 0.046238 0.046576 -0.912254 0.046576 0.046238 0.000000 
5.000000e-01 5.000000e-01 4.999642e-03 5.000000e-01 5.000000e-01 1.118015e+00 -0.731630 0.111607 0.160451 0.187514 0.160451 0.111607 0.731630 0.045338 0.045512 -0.913330 0.045512 0.045338 0.000000 
5.000000e-01 5.000000e-01 4.999642e-03 5.000000e-01 5.000000e-01 1.125615e+00 -0.736619 0.111478 0.161686 0.190291 0.161686 0.111478 0.736619 0.044440 0.044452 -0.914403 0.044452 0.044440 0.000000 
5.000000e-01 5.000000e-01 4.999642e-03 5.000000e-01 5.000000e-01 1.133194e+00 -0.741593 0.111307 0.162917 0.193145 0.162917 0.111307 0.741593 0.043544 0.043395 -0.915472 0.043395 0.043544 0.000000 
5.000000e-01 5.000000e-01 4.999642e-03 5.000000e-01 5.000000e-01 1.140749e+00 -0.746551 0.111093 0.164143 0.196080 0.164143 0.111093 0.746551 0.042651 0.042342 -0.916536 0.042342 0.042651 0.000000 
5.000000e-01 5.000000e-01 4.999642e-03 5.000000e-01 5.000000e-01 1.148281e+00 -0.751495 0.110820 0.165361 0.199132 0.165361 0.110820 0.751495 0.041759 0.041292 -0.917597 0.041292 0.041759 0.000000 
5.000000e-01 5.000000e-01 4.999642e-03 5.000000e-01 5.000000e-01 1.155790e+00 -0.756423 0.110495 0.166571 0.202292 0.166571 0.110495 0.756423 0.040870 0.040245 -0.918654 0.040245 0.040870 0.000000 
5.000000e-01 5.000000e-01 4.999642e-03 5.000000e-01 5.000000e-01 1.163275e+00 -0.761335 0.110122 0.167771 0.205548 0.167771 0.110122 0.761335 0.039984 0.039202 -0.919707 0.039202 0.039984 0.000000 
5.000000e-01 5.000000e-01 4.999642e-03 5.000000e-01 5.000000e-01 1.170736e+00 -0.766231 0.109703 0.168961 0.208904 0.168961 0.109703 0.766231 0.039100 0.038162 -0.920756 0.038162 0.039100 0.000000 
5.000000e-01 5.000000e-01 4.999642e-03 5.000000e-01 5.000000e-01 1.178173e+00 -0.771112 0.109216 0.170136 0.212408 0.170136 0.109216 0.771112 0.038219 0.037126 -0.921801 0.037126 0.038219 0.000000 
5.000000e-01 5.000000e-01 4.999642e-03 5.000000e-01 5.000000e-01 1.185585e+00 -0.775976 0.108671 0.171294 0.216046 0.171294 0.108671 0.775976 0.037340 0.036094 -0.922842 0.036094 0.037340 0.000000 
5.000000e-01 5.000000e-01 4.999642e-03 5.000000e-01 5.000000e-01 1.192972e+00 -0.780824 0.108074 0.172436 0.219803 0.172436 0.108074 0.780824 0.036463 0.035064 -0.923880 0.035064 0.036463 0.000000 
5.000000e-01 5.000000e-01 4.999642e-03 5.000000e-01 5.000000e-01 1.200334e+00 -0.785655 0.107426 0.173560 0.223683 0.173560 0.107426 0.785655 0.035590 0.034039 -0.924913 0.034039 0.035590 0.000000 
5.000000e-01 5.000000e-01 4.999642e-03 5.000000e-01 5.000000e-01 1.207670e+00 -0.790469 0.106698 0.174654 0.227765 0.174654 0.106698 0.790469 0.034719 0.033017 -0.925942 0.033017 0.034719 0.000000 
5.000000e-01 5.000000e-01 4.999642e-03 5.000000e-01 5.000000e-01 1.214981e+00 -0.795267 0.105911 0.175721 0.232001 0.175721 0.105911 0.795267 0.033851 0.031999 -0.926967 0.031999 0.033851 0.000000 
5.000000e-01 5.000000e-01 4.999642e-03 5.000000e-01 5.000000e-01 1.222265e+00 -0.800047 0.105070 0.176761 0.236385 0.176761 0.105070 0.800047 0.032985 0.030985 -0.927988 0.030985 0.032985 0.000000 
5.000000e-01 5.000000e-01 4.999642e-03 5.000000e-01 5.000000e-01 1.229523e+00 -0.804810 0.104167 0.177770 0.240937 0.177770 0.104167 0.804810 0.032123 0.029975 -0.929005 0.029975 0.032123 0.000000 
5.000000e-01 5.000000e-01 4.999642e-03 5.000000e-01 5.000000e-01 1.236754e+00 -0.809555 0.103176 0.178728 0.245746 0.178728 0.103176 0.809555 0.031264 0.028968 -0.930018 0.028968 0.031264 0.000000 
5.000000e-01 5.000000e-01 4.999642e-03 5.000000e-01 5.000000e-01 1.243958e+00 -0.814282 0.102129 0.179646 0.250732 0.179646 0.102129 0.814282 0.030407 0.027965 -0.931027 0.027965 0.030407 0.000000 
5.000000e-01 5.000000e-01 4.999642e-03 5.000000e-01 5.000000e-01 1.251134e+00 -0.818991 0.101023 0.180523 0.255899 0.180523 0.101023 0.818991 0.029554 0.026966 -0.932032 0.026966 0.029554 0.000000 
5.000000e-01 5.000000e-01 4.999642e-03 5.000000e-01 5.000000e-01 1.258283e+00 -0.823682 0.099835 0.181335 0.261341 0.181335 0.099835 0.823682 0.028704 0.025971 -0.933032 0.025971 0.028704 0.000000 
5.000000e-01 5.000000e-01 4.999642e-03 5.000000e-01 5.000000e-01 1.265403e+00 -0.828354 0.098570 0.182080 0.267053 0.182080 0.098570 0.828354 0.027857 0.024980 -0.934028 0.024980 0.027857 0.000000 
5.000000e-01 5.000000e-01 4.999642e-03 5.000000e-01 5.000000e-01 1.272495e+00 -0.833008 0.097247 0.182766 0.272983 0.182766 0.097247 0.833008 0.027013 0.023993 -0.935020 0.023993 0.027013 0.000000 
5.000000e-01 5.000000e-01 4.999642e-03 5.000000e-01 5.000000e-01 1.279558e+00 -0.837642 0.095858 0.183383 0.279162 0.183383 0.095858 0.837642 0.026172 0.023010 -0.936008 0.023010 0.026172 0.000000 
5.000000e-01 5.000000e-01 4.999642e-03 5.000000e-01 5.000000e-01 1.286592e+00 -0.842258 0.094369 0.183885 0.285749 0.183885 0.094369 0.842258 0.025335 0.022032 -0.936992 0.022032 0.025335 0.000000 
5.000000e-01 5.000000e-01 4.999642e-03 5.000000e-01 5.000000e-01 1.293596e+00 -0.846854 0.092821 0.184306 0.292601 0.184306 0.092821 0.846854 0.024501 0.021057 -0.937971 0.021057 0.024501 0.000000 
5.000000e-01 5.000000e-01 4.999642e-03 5.000000e-01 5.000000e-01 1.300570e+00 -0.851431 0.091214 0.184643 0.299717 0.184643 0.091214 0.851430 0.023671 0.020087 -0.938945 0.020087 0.023671 0.000000 
5.000000e-01 5.000000e-01 4.999642e-03 5.000000e-01 5.000000e-01 1.307514e+00 -0.855987 0.089507 0.184827 0.307320 0.184827 0.089507 0.855987 0.022844 0.019121 -0.939916 0.019121 0.022844 0.000000 
5.000000e-01 5.000000e-01 4.999642e-03 5.000000e-01 5.000000e-01 1.314427e+00 -0.860524 0.087731 0.184886 0.315288 0.184886 0.087731 0.860524 0.022020 0.018159 -0.940882 0.018159 0.022020 0.000000 
5.000000e-01 5.000000e-01 4.999642e-03 5.000000e-01 5.000000e-01 1.321309e+00 -0.865040 0.085899 0.184834 0.323575 0.184834 0.085899 0.865040 0.021200 0.017201 -0.941843 0.017201 0.021200 0.000000 
5.000000e-01 5.000000e-01 4.999642e-03 5.000000e-01 5.000000e-01 1.328159e+00 -0.869536 0.083977 0.184599 0.332382 0.184599 0.083977 0.869536 0.020384 0.016248 -0.942800 0.016248 0.020384 0.000000 
5.000000e-01 5.000000e-01 4.999642e-03 5.000000e-01 5.000000e-01 1.334978e+00 -0.874011 0.081977 0.184175 0.341707 0.184175 0.081977 0.874011 0.019571 0.015299 -0.943752 0.015299 0.019571 0.000000 
5.000000e-01 5.000000e-01 4.999642e-03 5.000000e-01 5.000000e-01 1.341764e+00 -0.878465 0.079922 0.183604 0.351415 0.183604 0.079922 0.878465 0.018762 0.014355 -0.944700 0.014355 0.018762 0.000000 
5.000000e-01 5.000000e-01 4.999642e-03 5.000000e-01 5.000000e-01 1.348518e+00 -0.882899 0.077787 0.182811 0.361703 0.182811 0.077787 0.882899 0.017957 0.013415 -0.945643 0.013415 0.017957 0.000000 
5.000000e-01 5.000000e-01 4.999642e-03 5.000000e-01 5.000000e-01 1.355238e+00 -0.887311 0.075569 0.181748 0.372677 0.181748 0.075569 0.887311 0.017155 0.012480 -0.946582 0.012480 0.017155 0.000000 
5.000000e-01 5.000000e-01 4.999642e-03 5.000000e-01 5.000000e-01 1.361925e+00 -0.891701 0.073300 0.180497 0.384106 0.180497 0.073300 0.891701 0.016358 0.011549 -0.947515 0.011549 0.016358 0.000000 
5.000000e-01 5.000000e-01 4.999642e-03 5.000000e-01 5.000000e-01 1.368578e+00 -0.896071 0.070958 0.178965 0.396224 0.178965 0.070958 0.896071 0.015564 0.010623 -0.948445 0.010623 0.015564 0.000000 
5.000000e-01 5.000000e-01 4.999642e-03 5.000000e-01 5.000000e-01 1.375197e+00 -0.900419 0.068535 0.177076 0.409195 0.177076 0.068535 0.900419 0.014773 0.009702 -0.949369 0.009702 0.014773 0.000000 
5.000000e-01 5.000000e-01 4.999642e-03 5.000000e-01 5.000000e-01 1.381781e+00 -0.904745 0.066068 0.174953 0.422701 0.174953 0.066068 0.904745 0.013987 0.008785 -0.950289 0.008785 0.013987 0.000000 
5.000000e-01 5.000000e-01 4.999642e-03 5.000000e-01 5.000000e-01 1.388330e+00 -0.909049 0.063530 0.172455 0.437079 0.172455 0.063530 0.909049 0.013205 0.007872 -0.951204 0.007872 0.013205 0.000000 
5.000000e-01 5.000000e-01 4.999642e-03 5.000000e-01 5.000000e-01 1.394844e+00 -0.913333 0.060921 0.169520 0.452450 0.169520 0.060921 0.913333 0.012426 0.006965 -0.952115 0.006965 0.012426 0.000000 
5.000000e-01 5.000000e-01 4.999642e-03 5.000000e-01 5.000000e-01 1.401322e+00 -0.917594 0.058275 0.166306 0.468431 0.166306 0.058275 0.917594 0.011652 0.006062 -0.953020 0.006062 0.011652 0.000000 
5.000000e-01 5.000000e-01 4.999642e-03 5.000000e-01 5.000000e-01 1.407764e+00 -0.921834 0.055557 0.162566 0.485587 0.162566 0.055557 0.921834 0.010881 0.005163 -0.953922 0.005163 0.010881 0.000000 
5.000000e-01 5.000000e-01 4.999642e-03 5.000000e-01 5.000000e-01 1.414169e+00 -0.926054 0.052786 0.158347 0.503789 0.158347 0.052786 0.926054 0.010114 0.004269 -0.954818 0.004269 0.010114 0.000000 
5.000000e-01 5.000000e-01 4.999642e-03 5.000000e-01 5.000000e-01 1.420538e+00 -0.930251 0.049985 0.153811 0.522658 0.153811 0.049985 0.930251 0.009351 0.003379 -0.955710 0.003379 0.009351 0.000000 
5.000000e-01 5.000000e-01 4.999642e-03 5.000000e-01 5.000000e-01 1.426871e+00 -0.934429 0.047109 0.148521 0.543170 0.148521 0.047109 0.934429 0.008591 0.002494 -0.956598 0.002494 0.008591 0.000000 
5.000000e-01 5.000000e-01 4.999642e-03 5.000000e-01 5.000000e-01 1.433166e+00 -0.938587 0.044201 0.142790 0.564605 0.142790 0.044201 0.938587 0.007835 0.001613 -0.957482 0.001613 0.007835 0.000000 
5.000000e-01 5.000000e-01 4.999642e-03 5.000000e-01 5.000000e-01 1.439423e+00 -0.942723 0.041264 0.136628 0.586938 0.136628 0.041264 0.942723 0.007083 0.000736 -0.958361 0.000736 0.007083 0.000000 
5.000000e-01 5.000000e-01 4.999642e-03 5.000000e-01 5.000000e-01 1.445644e+00 -0.946843 0.038264 0.129587 0.611140 0.129587 0.038264 0.946843 0.006333 -0.000137 -0.959236 -0.000137 0.006333 0.000000 
5.000000e-01 5.000000e-01 4.999642e-03 5.000000e-01 5.000000e-01 1.451826e+00 -0.950941 0.035250 0.122180 0.636080 0.122180 0.035250 0.950941 0.005588 -0.001005 -0.960107 -0.001005 0.005588 0.000000 
5.000000e-01 5.000000e-01 4.999642e-03 5.000000e-01 5.000000e-01 1.457971e+00 -0.955022 0.032197 0.114070 0.662487 0.114070 0.032197 0.955022 0.004846 -0.001870 -0.960974 -0.001870 0.004846 0.000000 
5.000000e-01 5.000000e-01 4.999642e-03 5.000000e-01 5.000000e-01 1.464077e+00 -0.959085 0.029114 0.105284 0.690291 0.105284 0.029114 0.959085 0.004107 -0.002731 -0.961837 -0.002731 0.004107 0.000000 
5.000000e-01 5.000000e-01 4.999642e-03 5.000000e-01 5.000000e-01 1.470146e+00 -0.963127 0.026023 0.096167 0.718747 0.096167 0.026023 0.963127 0.003372 -0.003588 -0.962695 -0.003588 0.003372 0.000000 
5.000000e-01 5.000000e-01 4.999642e-03 5.000000e-01 5.000000e-01 1.476175e+00 -0.967156 0.022889 0.086070 0.749238 0.086070 0.022889 0.967156 0.002639 -0.004442 -0.963551 -0.004442 0.002639 0.000000 
5.000000e-01 5.000000e-01 4.999642e-03 5.000000e-01 5.000000e-01 1.482166e+00 -0.971164 0.019755 0.075683 0.780289 0.075683 0.019755 0.971164 0.001910 -0.005291 -0.964403 -0.005291 0.001910 0.000000 
5.000000e-01 5.000000e-01 4.999642e-03 5.000000e-01 5.000000e-01 1.488117e+00 -0.975153 0.016606 0.064739 0.812463 0.064739 0.016606 0.975153 0.001184 -0.006136 -0.965250 -0.006136 0.001184 0.000000 
5.000000e-01 5.000000e-01 4.999642e-03 5.000000e-01 5.000000e-01 1.494028e+00 -0.979124 0.013449 0.053304 0.845618 0.053304 0.013449 0.979124 0.000462 -0.006978 -0.966093 -0.006978 0.000462 0.000000 
5.000000e-01 5.000000e-01 4.999642e-03 5.000000e-01 5.000000e-01 1.499898e+00 -0.983071 0.010300 0.041686 0.879098 0.041686 0.010300 0.983071 -0.000256 -0.007814 -0.966932 -0.007814 -0.000256 0.000000 
5.000000e-01 5.000000e-01 4.999642e-03 5.000000e-01 5.000000e-01 1.505726e+00 -0.986998 0.007144 0.029560 0.913589 0.029560 0.007144 0.986998 -0.000970 -0.008646 -0.967766 -0.008646 -0.000970 0.000000 
5.000000e-01 5.000000e-01 4.999642e-03 5.000000e-01 5.000000e-01 1.511519e+00 -0.990903 0.004003 0.017414 0.948070 0.017414 0.004003 0.990903 -0.001680 -0.009474 -0.968595 -0.009474 -0.001680 0.000000 
5.000000e-01 5.000000e-01 4.999642e-03 5.000000e-01 5.000000e-01 1.515044e+00 -0.993282 0.002084 0.009877 0.969360 0.009877 0.002084 0.993282 -0.002113 -0.009978 -0.969101 -0.009978 -0.002113 0.000000 
5.000000e-01 5.000000e-01 4.999642e-03 5.000000e-01 5.000000e-01 1.515044e+00 -0.993282 0.002084 0.009877 0.969360 0.009877 0.002084 0.993282 -0.002113 -0.009978 -0.969101 -0.009978 -0.002113 0.000000 
5.000000e-01 5.000000e-01 4.999642e-03 5.000000e-01 5.000000e-01 1.515044e+00 -0.993282 0.002084 0.009877 0.969360 0.009877 0.002084 0.993282 -0.002113 -0.009978 -0.969101 -0.009978 -0.002113 0.000000 
5.000000e-01 5.000000e-01 4.999642e-03 5.000000e-01 5.000000e-01 1.515044e+00 -0.993282 0.002084 0.009877 0.969360 0.009877 0.002084 0.993282 -0.002113 -0.009978 -0.969101 -0.009978 -0.002113 0.000000 
5.000000e-01 5.000000e-01 4.999642e-03 5.000000e-01 5.000000e-01 1.515044e+00 -0.993282 0.002084 0.009877 0.969360 0.009877 0.002084 0.993282 -0.002113 -0.009978 -0.969101 -0.009978 -0.002113 0.000000 
5.000000e-01 5.000000e-01 4.999642e-03 5.000000e-01 5.000000e-01 1.515044e+00 -0.993282 0.002084 0.009877 0.969360 0.009877 0.002084 0.993282 -0.002113 -0.009978 -0.969101 -0.009978 -0.002113 0.000000 
5.000000e-01 5.000000e-01 4.999642e-03 5.000000e-01 5.000000e-01 1.515044e+00 -0.993282 0.002084 0.009877 0.969360 0.009877 0.002084 0.993282 -0.002113 -0.009978 -0.969101 -0.009978 -0.002113 0.000000 
5.000000e-01 5.000000e-01 4.999642e-03 5.000000e-01 5.000000e-01 1.515044e+00 -0.993282 0.002084 0.009877 0.969360 0.009877 0.002084 0.993282 -0.002113 -0.009978 -0.969101 -0.009978 -0.002113 0.000000 
5.000000e-01 5.000000e-01 4.999642e-03 5.000000e-01 5.000000e-01 1.515044e+00 -0.993282 0.002084 0.009877 0.969360 0.009877 0.002084 0.993282 -0.002113 -0.009978 -0.969101 -0.009978 -0.002113 0.000000 
5.000000e-01 5.000000e-01 4.999642e-03 5.000000e-01 5.000000e-01 1.515044e+00 -0.993282 0.002084 0.009877 0.969360 0.009877 0.002084 0.993282 -0.002113 -0.009978 -0.969101 -0.009978 -0.002113 0.000000 
5.000000e-01 5.000000e-01 4.999642e-03 5.000000e-01 5.000000e-01 1.515044e+00 -0.993282 0.002084 0.009877 0.969360 0.009877 0.002084 0.993282 -0.002113 -0.009978 -0.969101 -0.009978 -0.002113 0.000000 
5.000000e-01 5.000000e-01 4.999642e-03 5.000000e-01 5.000000e-01 1.515044e+00 -0.993282 0.002084 0.009877 0.969360 0.009877 0.002084 0.993282 -0.002113 -0.009978 -0.969101 -0.009978 -0.002113 0.000000 
5.000000e-01 5.000000e-01 4.999642e-03 5.000000e-01 5.000000e-01 1.515044e+00 -0.993282 0.002084 0.009877 0.969360 0.009877 0.002084 0.993282 -0.002113 -0.009978 -0.969101 -0.009978 -0.002113 0.000000 
5.000000e-01 5.000000e-01 4.999642e-03 5.000000e-01 5.000000e-01 1.515044e+00 -0.993282 0.002084 0.009877 0.969360 0.009877 0.002084 0.993282 -0.002113 -0.009978 -0.969101 -0.009978 -0.002113 0.000000 
5.000000e-01 5.000000e-01 4.999642e-03 5.000000e-01 5.000000e-01 1.515044e+00 -0.993282 0.002084 0.009877 0.969360 0.009877 0.002084 0.993282 -0.002113 -0.009978 -0.969101 -0.009978 -0.002113 0.000000 
5.000000e-01 5.000000e-01 4.999642e-03 5.000000e-01 5.000000e-01 1.515044e+00 -0.993282 0.002084 0.009877 0.969360 0.009877 0.002084 0.993282 -0.002113 -0.009978 -0.969101 -0.009978 -0.002113 0.000000 
5.000000e-01 5.000000e-01 4.999642e-03 5.000000e-01 5.000000e-01 1.515044e+00 -0.993282 0.002084 0.009877 0.969360 0.009877 0.002084 0.993282 -0.002113 -0.009978 -0.969101 -0.009978 -0.002113 0.000000 
5.000000e-01 5.000000e-01 4.999642e-03 5.000000e-01 5.000000e-01 1.515044e+00 -0.993282 0.002084 0.009877 0.969360 0.009877 0.002084 0.993282 -0.002113 -0.009978 -0.969101 -0.009978 -0.002113 0.000000 
5.000000e-01 5.000000e-01 4.999642e-03 5.000000e-01 5.000000e-01 1.515044e+00 -0.993282 0.002084 0.009877 0.969360 0.009877 0.002084 0.993282 -0.002113 -0.009978 -0.969101 -0.009978 -0.002113 0.000000 
5.000000e-01 5.000000e-01 4.999642e-03 5.000000e-01 5.000000e-01 1.515044e+00 -0.993282 0.002084 0.009877 0.969360 0.009877 0.002084 0.993282 -0.002113 -0.009978 -0.969101 -0.009978 -0.002113 0.000000 
5.000000e-01 5.000000e-01 4.999642e-03 5.000000e-01 5.000000e-01 1.515044e+00 -0.993282 0.002084 0.009877 0.969360 0.009877 0.002084 0.993282 -0.002113 -0.009978 -0.969101 -0.009978 -0.002113 0.000000 
5.000000e-01 5.000000e-01 4.999642e-03 5.000000e-01 5.000000e-01 1.515044e+00 -0.993282 0.002084 0.009877 0.969360 0.009877 0.002084 0.993282 -0.002113 -0.009978 -0.969101 -0.009978 -0.002113 0.000000 
5.000000e-01 5.000000e-01 4.999642e-03 5.000000e-01 5.000000e-01 1.515044e+00 -0.993282 0.002084 0.009877 0.969360 0.009877 0.002084 0.993282 -0.002113 -0.009978 -0.969101 -0.009978 -0.002113 0.000000 
5.000000e-01 5.000000e-01 4.999642e-03 5.000000e-01 5.000000e-01 1.515044e+00 -0.993282 0.002084 0.009877 0.969360 0.009877 0.002084 0.993282 -0.002113 -0.009978 -0.969101 -0.009978 -0.002113 0.000000 
5.000000e-01 5.000000e-01 4.999642e-03 5.000000e-01 5.000000e-01 1.515044e+00 -0.993282 0.002084 0.009877 0.969360 0.009877 0.002084 0.993282 -0.002113 -0.009978 -0.969101 -0.009978 -0.002113 0.000000 
5.000000e-01 5.000000e-01 4.999642e-03 5.000000e-01 5.000000e-01 1.515044e+00 -0.993282 0.002084 0.009877 0.969360 0.009877 0.002084 0.993282 -0.002113 -0.009978 -0.969101 -0.009978 -0.002113 0.000000 
5.000000e-01 5.000000e-01 4.999642e-03 5.000000e-01 5.000000e-01 1.515044e+00 -0.993282 0.002084 0.009877 0.969360 0.009877 0.002084 0.993282 -0.002113 -0.009978 -0.969101 -0.009978 -0.002113 0.000000 
5.000000e-01 5.000000e-01 4.999642e-03 5.000000e-01 5.000000e-01 1.515044e+00 -0.993282 0.002084 0.009877 0.969360 0.009877 0.002084 0.993282 -0.002113 -0.009978 -0.969101 -0.009978 -0.002113 0.000000 
5.000000e-01 5.000000e-01 4.999642e-03 5.000000e-01 5.000000e-01 1.515044e+00 -0.993282 0.002084 0.009877 0.969360 0.009877 0.002084 0.993282 -0.002113 -0.009978 -0.969101 -0.009978 -0.002113 0.000000 
5.000000e-01 5.000000e-01 4.999642e-03 5.000000e-01 5.000000e-01 1.515044e+00 -0.993282 0.002084 0.009877 0.969360 0.009877 0.002084 0.993282 -0.002113 -0.009978 -0.969101 -0.009978 -0.002113 0.000000 
5.000000e-01 5.000000e-01 4.999642e-03 5.000000e-01 5.000000e-01 1.515044e+00 -0.993282 0.002084 0.009877 0.969360 0.009877 0.002084 0.993282 -0.002113 -0.009978 -0.969101 -0.009978 -0.002113 0.000000 
5.000000e-01 5.000000e-01 4.999642e-03 5.000000e-01 5.000000e-01 1.515044e+00 -0.993282 0.002084 0.009877 0.969360 0.009877 0.002084 0.993282 -0.002113 -0.009978 -0.969101 -0.009978 -0.002113 0.000000 
5.000000e-01 5.000000e-01 4.999642e-03 5.000000e-01 5.000000e-01 1.515044e+00 -0.993282 0.002084 0.009877 0.969360 0.009877 0.002084 0.993282 -0.002113 -0.009978 -0.969101 -0.009978 -0.002113 0.000000 
5.000000e-01 5.000000e-01 4.999642e-03 5.000000e-01 5.000000e-01 1.515044e+00 -0.993282 0.002084 0.009877 0.969360 0.009877 0.002084 0.993282 -0.002113 -0.009978 -0.969101 -0.009978 -0.002113 0.000000 
5.000000e-01 5.000000e-01 4.999642e-03 5.000000e-01 5.000000e-01 1.515044e+00 -0.993282 0.002084 0.009877 0.969360 0.009877 0.002084 0.993282 -0.002113 -0.009978 -0.969101 -0.009978 -0.002113 0.000000 
5.000000e-01 5.000000e-01 4.999642e-03 5.000000e-01 5.000000e-01 1.515044e+00 -0.993282 0.002084 0.009877 0.969360 0.009877 0.002084 0.993282 -0.002113 -0.009978 -0.969101 -0.009978 -0.002113 0.000000 
5.000000e-01 5.000000e-01 4.999642e-03 5.000000e-01 5.000000e-01 1.515044e+00 -0.993282 0.002084 0.009877 0.969360 0.009877 0.002084 0.993282 -0.002113 -0.009978 -0.969101 -0.009978 -0.002113 0.000000 
5.000000e-01 5.000000e-01 4.999642e-03 5.000000e-01 5.000000e-01 1.515044e+00 -0.993282 0.002084 0.009877 0.969360 0.009877 0.002084 0.993282 -0.002113 -0.009978 -0.969101 -0.009978 -0.002113 0.000000 
5.000000e-01 5.000000e-01 4.999642e-03 5.000000e-01 5.000000e-01 1.515044e+00 -0.993282 0.002084 0.009877 0.969360 0.009877 0.002084 0.993282 -0.002113 -0.009978 -0.969101 -0.009978 -0.002113 0.000000 
5.000000e-01 5.000000e-01 4.999642e-03 5.000000e-01 5.000000e-01 1.515044e+00 -0.993282 0.002084 0.009877 0.969360 0.009877 0.002084 0.993282 -0.002113 -0.009978 -0.969101 -0.009978 -0.002113 0.000000 
5.000000e-01 5.000000e-01 4.999642e-03 5.000000e-01 5.000000e-01 1.515044e+00 -0.993282 0.002084 0.009877 0.969360 0.009877 0.002084 0.993282 -0.002113 -0.009978 -0.969101 -0.009978 -0.002113 0.000000 
5.000000e-01 5.000000e-01 4.999642e-03 5.000000e-01 5.000000e-01 1.515044e+00 -0.993282 0.002084 0.009877 0.969360 0.009877 0.002084 0.993282 -0.002113 -0.009978 -0.969101 -0.009978 -0.002113 0.000000 
5.000000e-01 5.000000e-01 4.999642e-03 5.000000e-01 5.000000e-01 1.515044e+00 -0.993282 0.002084 0.009877 0.969360 0.009877 0.002084 0.993282 -0.002113 -0.009978 -0.969101 -0.009978 -0.002113 0.000000 
5.000000e-01 5.000000e-01 4.999642e-03 5.000000e-01 5.000000e-01 1.515044e+00 -0.993282 0.002084 0.009877 0.969360 0.009877 0.002084 0.993282 -0.002113 -0.009978 -0.969101 -0.009978 -0.002113 0.000000 
5.000000e-01 5.000000e-01 4.999642e-03 5.000000e-01 5.000000e-01 1.515044e+00 -0.993282 0.002084 0.009877 0.969360 0.009877 0.002084 0.993282 -0.002113 -0.009978 -0.969101 -0.009978 -0.002113 0.000000 
5.000000e-01 5.000000e-01 4.999642e-03 5.000000e-01 5.000000e-01 1.515044e+00 -0.993282 0.002084 0.009877 0.969360 0.009877 0.002084 0.993282 -0.002113 -0.009978 -0.969101 -0.009978 -0.002113 0.000000 
5.000000e-01 5.000000e-01 4.999642e-03 5.000000e-01 5.000000e-01 1.515044e+00 -0.993282 0.002084 0.009877 0.969360 0.009877 0.002084 0.993282 -0.002113 -0.009978 -0.969101 -0.009978 -0.002113 0.000000 
5.000000e-01 5.000000e-01 4.999642e-03 5.000000e-01 5.000000e-01 1.515044e+00 -0.993282 0.002084 0.009877 0.969360 0.009877 0.002084 0.993282 -0.002113 -0.009978 -0.969101 -0.009978 -0.002113 0.000000 
5.000000e-01 5.000000e-01 4.999642e-03 5.000000e-01 5.000000e-01 1.515044e+00 -0.993282 0.002084 0.009877 0.969360 0.009877 0.002084 0.993282 -0.002113 -0.009978 -0.969101 -0.009978 -0.002113 0.000000 
5.000000e-01 5.000000e-01 4.999642e-03 5.000000e-01 5.000000e-01 1.515044e+00 -0.993282 0.002084 0.009877 0.969360 0.009877 0.002084 0.993282 -0.002113 -0.009978 -0.969101 -0.009978 -0.002113 0.000000 
5.000000e-01 5.000000e-01 4.999642e-03 5.000000e-01 5.000000e-01 1.515044e+00 -0.993282 0.002084 0.009877 0.969360 0.009877 0.002084 0.993282 -0.002113 -0.009978 -0.969101 -0.009978 -0.002113 0.000000 
5.000000e-01 5.000000e-01 4.999642e-03 5.000000e-01 5.000000e-01 1.515044e+00 -0.993282 0.002084 0.009877 0.969360 0.009877 0.002084 0.993282 -0.002113 -0.009978 -0.969101 -0.009978 -0.002113 0.000000 
5.000000e-01 5.000000e-01 4.999642e-03 5.000000e-01 5.000000e-01 1.515044e+00 -0.993282 0.002084 0.009877 0.969360 0.009877 0.002084 0.993282 -0.002113 -0.009978 -0.969101 -0.009978 -0.002113 0.000000 
5.000000e-01 5.000000e-01 4.999642e-03 5.000000e-01 5.000000e-01 1.515044e+00 -0.993282 0.002084 0.009877 0.969360 0.009877 0.002084 0.993282 -0.002113 -0.009978 -0.969101 -0.009978 -0.002113 0.000000 
5.000000e-01 5.000000e-01 4.999642e-03 5.000000e-01 5.000000e-01 1.515044e+00 -0.993282 0.002084 0.009877 0.969360 0.009877 0.002084 0.993282 -0.002113 -0.009978 -0.969101 -0.009978 -0.002113 0.000000 
5.000000e-01 5.000000e-01 4.999642e-03 5.000000e-01 5.000000e-01 1.515044e+00 -0.993282 0.002084 0.009877 0.969360 0.009877 0.002084 0.993282 -0.002113 -0.009978 -0.969101 -0.009978 -0.002113 0.000000 
5.000000e-01 5.000000e-01 4.999642e-03 5.000000e-01 5.000000e-01 1.515044e+00 -0.993282 0.002084 0.009877 0.969360 0.009877 0.002084 0.993282 -0.002113 -0.009978 -0.969101 -0.009978 -0.002113 0.000000 
5.000000e-01 5.000000e-01 4.999642e-03 5.000000e-01 5.000000e-01 1.515044e+00 -0.993282 0.002084 0.009877 0.969360 0.009877 0.002084 0.993282 -0.002113 -0.009978 -0.969101 -0.009978 -0.002113 0.000000 
5.000000e-01 5.000000e-01 4.999642e-03 5.000000e-01 5.000000e-01 1.515044e+00 -0.993282 0.002084 0.009877 0.969360 0.009877 0.002084 0.993282 -0.002113 -0.009978 -0.969101 -0.009978 -0.002113 0.000000 
5.000000e-01 5.000000e-01 4.999642e-03 5.000000e-01 5.000000e-01 1.515044e+00 -0.993282 0.002084 0.009877 0.969360 0.009877 0.002084 0.993282 -0.002113 -0.009978 -0.969101 -0.009978 -0.002113 0.000000 
5.000000e-01 5.000000e-01 4.999642e-03 5.000000e-01 5.000000e-01 1.515044e+00 -0.993282 0.002084 0.009877 0.969360 0.009877 0.002084 0.993282 -0.002113 -0.009978 -0.969101 -0.009978 -0.002113 0.000000 
5.000000e-01 5.000000e-01 4.999642e-03 5.000000e-01 5.000000e-01 1.515044e+00 -0.993282 0.002084 0.009877 0.969360 0.009877 0.002084 0.993282 -0.002113 -0.009978 -0.969101 -0.009978 -0.002113 0.000000 
5.000000e-01 5.000000e-01 4.999642e-03 5.000000e-01 5.000000e-01 1.515044e+00 -0.993282 0.002084 0.009877 0.969360 0.009877 0.002084 0.993282 -0.002113 -0.009978 -0.969101 -0.009978 -0.002113 0.000000 
5.000000e-01 5.000000e-01 4.999642e-03 5.000000e-01 5.000000e-01 1.515044e+00 -0.993282 0.002084 0.009877 0.969360 0.009877 0.002084 0.993282 -0.002113 -0.009978 -0.969101 -0.009978 -0.002113 0.000000 
5.000000e-01 5.000000e-01 4.999642e-03 5.000000e-01 5.000000e-01 1.515044e+00 -0.993282 0.002084 0.009877 0.969360 0.009877 0.002084 0.993282 -0.002113 -0.009978 -0.969101 -0.009978 -0.002113 0.000000 
5.000000e-01 5.000000e-01 4.999642e-03 5.000000e-01 5.000000e-01 1.515044e+00 -0.993282 0.002084 0.009877 0.969360 0.009877 0.002084 0.993282 -0.002113 -0.009978 -0.969101 -0.009978 -0.002113 0.000000 
5.000000e-01 5.000000e-01 4.999642e-03 5.000000e-01 5.000000e-01 1.515044e+00 -0.993282 0.002084 0.009877 0.969360 0.009877 0.002084 0.993282 -0.002113 -0.009978 -0.969101 -0.009978 -0.002113 0.000000 
5.000000e-01 5.000000e-01 4.999642e-03 5.000000e-01 5.000000e-01 1.515044e+00 -0.993282 0.002084 0.009877 0.969360 0.009877 0.002084 0.993282 -0.002113 -0.009978 -0.969101 -0.009978 -0.002113 0.000000 
5.000000e-01 5.000000e-01 4.999642e-03 5.000000e-01 5.000000e-01 1.515044e+00 -0.993282 0.002084 0.009877 0.969360 0.009877 0.002084 0.993282 -0.002113 -0.009978 -0.969101 -0.009978 -0.002113 0.000000 
5.000000e-01 5.000000e-01 4.999642e-03 5.000000e-01 5.000000e-01 1.515044e+00 -0.993282 0.002084 0.009877 0.969360 0.009877 0.002084 0.993282 -0.002113 -0.009978 -0.969101 -0.009978 -0.002113 0.000000 
5.000000e-01 5.000000e-01 4.999642e-03 5.000000e-01 5.000000e-01 1.515044e+00 -0.993282 0.002084 0.009877 0.969360 0.009877 0.002084 0.993282 -0.002113 -0.009978 -0.969101 -0.009978 -0.002113 0.000000 
5.000000e-01 5.000000e-01 4.999642e-03 5.000000e-01 5.000000e-01 1.515044e+00 -0.993282 0.002084 0.009877 0.969360 0.009877 0.002084 0.993282 -0.002113 -0.009978 -0.969101 -0.009978 -0.002113 0.000000 
5.000000e-01 5.000000e-01 4.999642e-03 5.000000e-01 5.000000e-01 1.515044e+00 -0.993282 0.002084 0.009877 0.969360 0.009877 0.002084 0.993282 -0.002113 -0.009978 -0.969101 -0.009978 -0.002113 0.000000 
5.000000e-01 5.000000e-01 4.999642e-03 5.000000e-01 5.000000e-01 1.515044e+00 -0.993282 0.002084 0.009877 0.969360 0.009877 0.002084 0.993282 -0.002113 -0.009978 -0.969101 -0.009978 -0.002113 0.000000 
5.000000e-01 5.000000e-01 4.999642e-03 5.000000e-01 5.000000e-01 1.515044e+00 -0.993282 0.002084 0.009877 0.969360 0.009877 0.002084 0.993282 -0.002113 -0.009978 -0.969101 -0.009978 -0.002113 0.000000 
5.000000e-01 5.000000e-01 4.999642e-03 5.000000e-01 5.000000e-01 1.515044e+00 -0.993282 0.002084 0.009877 0.969360 0.009877 0.002084 0.993282 -0.002113 -0.009978 -0.969101 -0.009978 -0.002113 0.000000 
5.000000e-01 5.000000e-01 4.999642e-03 5.000000e-01 5.000000e-01 1.515044e+00 -0.993282 0.002084 0.009877 0.969360 0.009877 0.002084 0.993282 -0.002113 -0.009978 -0.969101 -0.009978 -0.002113 0.000000 
5.000000e-01 5.000000e-01 4.999642e-03 5.000000e-01 5.000000e-01 1.515044e+00 -0.993282 0.002084 0.009877 0.969360 0.009877 0.002084 0.993282 -0.002113 -0.009978 -0.969101 -0.009978 -0.002113 0.000000 
5.000000e-01 5.000000e-01 4.999642e-03 5.000000e-01 5.000000e-01 1.515044e+00 -0.993282 0.002084 0.009877 0.969360 0.009877 0.002084 0.993282 -0.002113 -0.009978 -0.969101 -0.009978 -0.002113 0.000000 
5.000000e-01 5.000000e-01 4.999642e-03 5.000000e-01 5.000000e-01 1.515044e+00 -0.993282 0.002084 0.009877 0.969360 0.009877 0.002084 0.993282 -0.002113 -0.009978 -0.969101 -0.009978 -0.002113 0.000000 
5.000000e-01 5.000000e-01 4.999642e-03 5.000000e-01 5.000000e-01 1.515044e+00 -0.993282 0.002084 0.009877 0.969360 0.009877 0.002084 0.993282 -0.002113 -0.009978 -0.969101 -0.009978 -0.002113 0.000000 
5.000000e-01 5.000000e-01 4.999642e-03 5.000000e-01 5.000000e-01 1.515044e+00 -0.993282 0.002084 0.009877 0.969360 0.009877 0.002084 0.993282 -0.002113 -0.009978 -0.969101 -0.009978 -0.002113 0.000000 
5.000000e-01 5.000000e-01 4.999642e-03 5.000000e-01 5.000000e-01 1.515044e+00 -0.993282 0.002084 0.009877 0.969360 0.009877 0.002084 0.993282 -0.002113 -0.009978 -0.969101 -0.009978 -0.002113 0.000000 
5.000000e-01 5.000000e-01 4.999642e-03 5.000000e-01 5.000000e-01 1.515044e+00 -0.993282 0.002084 0.009877 0.969360 0.009877 0.002084 0.993282 -0.002113 -0.009978 -0.969101 -0.009978 -0.002113 0.000000 
5.000000e-01 5.000000e-01 4.999642e-03 5.000000e-01 5.000000e-01 1.515044e+00 -0.993282 0.002084 0.009877 0.969360 0.009877 0.002084 0.993282 -0.002113 -0.009978 -0.969101 -0.009978 -0.002113 0.000000 
5.000000e-01 5.000000e-01 4.999642e-03 5.000000e-01 5.000000e-01 1.515044e+00 -0.993282 0.002084 0.009877 0.969360 0.009877 0.002084 0.993282 -0.002113 -0.009978 -0.969101 -0.009978 -0.002113 0.000000 
5.000000e-01 5.000000e-01 4.999642e-03 5.000000e-01 5.000000e-01 1.515044e+00 -0.993282 0.002084 0.009877 0.969360 0.009877 0.002084 0.993282 -0.002113 -0.009978 -0.969101 -0.009978 -0.002113 0.000000 
5.000000e-01 5.000000e-01 4.999642e-03 5.000000e-01 5.000000e-01 1.515044e+00 -0.993282 0.002084 0.009877 0.969360 0.009877 0.002084 0.993282 -0.002113 -0.009978 -0.969101 -0.009978 -0.002113 0.000000 
5.000000e-01 5.000000e-01 4.999642e-03 5.000000e-01 5.000000e-01 1.515044e+00 -0.993282 0.002084 0.009877 0.969360 0.009877 0.002084 0.993282 -0.002113 -0.009978 -0.969101 -0.009978 -0.002113 0.000000 
5.000000e-01 5.000000e-01 4.999642e-03 5.000000e-01 5.000000e-01 1.515044e+00 -0.993282 0.002084 0.009877 0.969360 0.009877 0.002084 0.993282 -0.002113 -0.009978 -0.969101 -0.009978 -0.002113 0.000000 
5.000000e-01 5.000000e-01 4.999642e-03 5.000000e-01 5.000000e-01 1.515044e+00 -0.993282 0.002084 0.009877 0.969360 0.009877 0.002084 0.993282 -0.002113 -0.009978 -0.969101 -0.009978 -0.002113 0.000000 
5.000000e-01 5.000000e-01 4.999642e-03 5.000000e-01 5.000000e-01 1.515044e+00 -0.993282 0.002084 0.009877 0.969360 0.009877 0.002084 0.993282 -0.002113 -0.009978 -0.969101 -0.009978 -0.002113 0.000000 
5.000000e-01 5.000000e-01 4.999642e-03 5.000000e-01 5.000000e-01 1.515044e+00 -0.993282 0.002084 0.009877 0.969360 0.009877 0.002084 0.993282 -0.002113 -0.009978 -0.969101 -0.009978 -0.002113 0.000000 
5.000000e-01 5.000000e-01 4.999642e-03 5.000000e-01 5.000000e-01 1.515044e+00 -0.993282 0.002084 0.009877 0.969360 0.009877 0.002084 0.993282 -0.002113 -0.009978 -0.969101 -0.009978 -0.002113 0.000000 
5.000000e-01 5.000000e-01 4.999642e-03 5.000000e-01 5.000000e-01 1.515044e+00 -0.993282 0.002084 0.009877 0.969360 0.009877 0.002084 0.993282 -0.002113 -0.009978 -0.969101 -0.009978 -0.002113 0.000000 
5.000000e-01 5.000000e-01 4.999642e-03 5.000000e-01 5.000000e-01 1.515044e+00 -0.993282 0.002084 0.009877 0.969360 0.009877 0.002084 0.993282 -0.002113 -0.009978 -0.969101 -0.009978 -0.002113 0.000000 
5.000000e-01 5.000000e-01 4.999642e-03 5.000000e-01 5.000000e-01 1.515044e+00 -0.993282 0.002084 0.009877 0.969360 0.009877 0.002084 0.993282 -0.002113 -0.009978 -0.969101 -0.009978 -0.002113 0.000000 
5.000000e-01 5.000000e-01 4.999642e-03 5.000000e-01 5.000000e-01 1.515044e+00 -0.993282 0.002084 0.009877 0.969360 0.009877 0.002084 0.993282 -0.002113 -0.009978 -0.969101 -0.009978 -0.002113 0.000000 
5.000000e-01 5.000000e-01 4.999642e-03 5.000000e-01 5.000000e-01 1.515044e+00 -0.993282 0.002084 0.009877 0.969360 0.009877 0.002084 0.993282 -0.002113 -0.009978 -0.969101 -0.009978 -0.002113 0.000000 
5.000000e-01 5.000000e-01 4.999642e-03 5.000000e-01 5.000000e-01 1.515044e+00 -0.993282 0.002084 0.009877 0.969360 0.009877 0.002084 0.993282 -0.002113 -0.009978 -0.969101 -0.009978 -0.002113 0.000000 
5.000000e-01 5.000000e-01 4.999642e-03 5.000000e-01 5.000000e-01 1.515044e+00 -0.993282 0.002084 0.009877 0.969360 0.009877 0.002084 0.993282 -0.002113 -0.009978 -0.969101 -0.009978 -0.002113 0.000000 
5.000000e-01 5.000000e-01 4.999642e-03 5.000000e-01 5.000000e-01 1.515044e+00 -0.993282 0.002084 0.009877 0.969360 0.009877 0.002084 0.993282 -0.002113 -0.009978 -0.969101 -0.009978 -0.002113 0.000000 
5.000000e-01 5.000000e-01 4.999642e-03 5.000000e-01 5.000000e-01 1.515044e+00 -0.993282 0.002084 0.009877 0.969360 0.009877 0.002084 0.993282 -0.002113 -0.009978 -0.969101 -0.009978 -0.002113 0.000000 
5.000000e-01 5.000000e-01 4.999642e-03 5.000000e-01 5.000000e-01 1.515044e+00 -0.993282 0.002084 0.009877 0.969360 0.009877 0.002084 0.993282 -0.002113 -0.009978 -0.969101 -0.009978 -0.002113 0.000000 
5.000000e-01 5.000000e-01 4.999642e-03 5.000000e-01 5.000000e-01 1.515044e+00 -0.993282 0.002084 0.009877 0.969360 0.009877 0.002084 0.993282 -0.002113 -0.009978 -0.969101 -0.009978 -0.002113 0.000000 
5.000000e-01 5.000000e-01 4.999642e-03 5.000000e-01 5.000000e-01 1.515044e+00 -0.993282 0.002084 0.009877 0.969360 0.009877 0.002084 0.993282 -0.002113 -0.009978 -0.969101 -0.009978 -0.002113 0.000000 
5.000000e-01 5.000000e-01 4.999642e-03 5.000000e-01 5.000000e-01 1.515044e+00 -0.993282 0.002084 0.009877 0.969360 0.009877 0.002084 0.993282 -0.002113 -0.009978 -0.969101 -0.009978 -0.002113 0.000000 
5.000000e-01 5.000000e-01 4.999642e-03 5.000000e-01 5.000000e-01 1.515044e+00 -0.993282 0.002084 0.009877 0.969360 0.009877 0.002084 0.993282 -0.002113 -0.009978 -0.969101 -0.009978 -0.002113 0.000000 
5.000000e-01 5.000000e-01 4.999642e-03 5.000000e-01 5.000000e-01 1.515044e+00 -0.993282 0.002084 0.009877 0.969360 0.009877 0.002084 0.993282 -0.002113 -0.009978 -0.969101 -0.009978 -0.002113 0.000000 
5.000000e-01 5.000000e-01 4.999642e-03 5.000000e-01 5.000000e-01 1.515044e+00 -0.993282 0.002084 0.009877 0.969360 0.009877 0.002084 0.993282 -0.002113 -0.009978 -0.969101 -0.009978 -0.002113 0.000000 
5.000000e-01 5.000000e-01 4.999642e-03 5.000000e-01 5.000000e-01 1.515044e+00 -0.993282 0.002084 0.009877 0.969360 0.009877 0.002084 0.993282 -0.002113 -0.009978 -0.969101 -0.009978 -0.002113 0.000000 
5.000000e-01 5.000000e-01 4.999642e-03 5.000000e-01 5.000000e-01 1.515044e+00 -0.993282 0.002084 0.009877 0.969360 0.009877 0.002084 0.993282 -0.002113 -0.009978 -0.969101 -0.009978 -0.002113 0.000000 
5.000000e-01 5.000000e-01 4.999642e-03 5.000000e-01 5.000000e-01 1.515044e+00 -0.993282 0.002084 0.009877 0.969360 0.009877 0.002084 0.993282 -0.002113 -0.009978 -0.969101 -0.009978 -0.002113 0.000000 
5.000000e-01 5.000000e-01 4.999642e-03 5.000000e-01 5.000000e-01 1.515044e+00 -0.993282 0.002084 0.009877 0.969360 0.009877 0.002084 0.993282 -0.002113 -0.009978 -0.969101 -0.009978 -0.002113 0.000000 
5.000000e-01 5.000000e-01 4.999642e-03 5.000000e-01 5.000000e-01 1.515044e+00 -0.993282 0.002084 0.009877 0.969360 0.009877 0.002084 0.993282 -0.002113 -0.009978 -0.969101 -0.009978 -0.002113 0.000000 
5.000000e-01 5.000000e-01 4.999642e-03 5.000000e-01 5.000000e-01 1.515044e+00 -0.993282 0.002084 0.009877 0.969360 0.009877 0.002084 0.993282 -0.002113 -0.009978 -0.969101 -0.009978 -0.002113 0.000000 
5.000000e-01 5.000000e-01 4.999642e-03 5.000000e-01 5.000000e-01 1.515044e+00 -0.993282 0.002084 0.009877 0.969360 0.009877 0.002084 0.993282 -0.002113 -0.009978 -0.969101 -0.009978 -0.002113 0.000000 
5.000000e-01 5.000000e-01 4.999642e-03 5.000000e-01 5.000000e-01 1.515044e+00 -0.993282 0.002084 0.009877 0.969360 0.009877 0.002084 0.993282 -0.002113 -0.009978 -0.969101 -0.009978 -0.002113 0.000000 
5.000000e-01 5.000000e-01 4.999642e-03 5.000000e-01 5.000000e-01 1.515044e+00 -0.993282 0.002084 0.009877 0.969360 0.009877 0.002084 0.993282 -0.002113 -0.009978 -0.969101 -0.009978 -0.002113 0.000000 
5.000000e-01 5.000000e-01 4.999642e-03 5.000000e-01 5.000000e-01 1.515044e+00 -0.993282 0.002084 0.009877 0.969360 0.009877 0.002084 0.993282 -0.002113 -0.009978 -0.969101 -0.009978 -0.002113 0.000000 
5.000000e-01 5.000000e-01 4.999642e-03 5.000000e-01 5.000000e-01 1.515044e+00 -0.993282 0.002084 0.009877 0.969360 0.009877 0.002084 0.993282 -0.002113 -0.009978 -0.969101 -0.009978 -0.002113 0.000000 
5.000000e-01 5.000000e-01 4.999642e-03 5.000000e-01 5.000000e-01 1.515044e+00 -0.993282 0.002084 0.009877 0.969360 0.009877 0.002084 0.993282 -0.002113 -0.009978 -0.969101 -0.009978 -0.002113 0.000000 
5.000000e-01 5.000000e-01 4.999642e-03 5.000000e-01 5.000000e-01 1.515044e+00 -0.993282 0.002084 0.009877 0.969360 0.009877 0.002084 0.993282 -0.002113 -0.009978 -0.969101 -0.009978 -0.002113 0.000000 
5.000000e-01 5.000000e-01 4.999642e-03 5.000000e-01 5.000000e-01 1.515044e+00 -0.993282 0.002084 0.009877 0.969360 0.009877 0.002084 0.993282 -0.002113 -0.009978 -0.969101 -0.009978 -0.002113 0.000000 
5.000000e-01 5.000000e-01 4.999642e-03 5.000000e-01 5.000000e-01 1.515044e+00 -0.993282 0.002084 0.009877 0.969360 0.009877 0.002084 0.993282 -0.002113 -0.009978 -0.969101 -0.009978 -0.002113 0.000000 
5.000000e-01 5.000000e-01 4.999642e-03 5.000000e-01 5.000000e-01 1.515044e+00 -0.993282 0.002084 0.009877 0.969360 0.009877 0.002084 0.993282 -0.002113 -0.009978 -0.969101 -0.009978 -0.002113 0.000000 
5.000000e-01 5.000000e-01 4.999642e-03 5.000000e-01 5.000000e-01 1.515044e+00 -0.993282 0.002084 0.009877 0.969360 0.009877 0.002084 0.993282 -0.002113 -0.009978 -0.969101 -0.009978 -0.002113 0.000000 
5.000000e-01 5.000000e-01 4.999642e-03 5.000000e-01 5.000000e-01 1.515044e+00 -0.993282 0.002084 0.009877 0.969360 0.009877 0.002084 0.993282 -0.002113 -0.009978 -0.969101 -0.009978 -0.002113 0.000000 
5.000000e-01 5.000000e-01 4.999642e-03 5.000000e-01 5.000000e-01 1.515044e+00 -0.993282 0.002084 0.009877 0.969360 0.009877 0.002084 0.993282 -0.002113 -0.009978 -0.969101 -0.009978 -0.002113 0.000000 
5.000000e-01 5.000000e-01 4.999642e-03 5.000000e-01 5.000000e-01 1.515044e+00 -0.993282 0.002084 0.009877 0.969360 0.009877 0.002084 0.993282 -0.002113 -0.009978 -0.969101 -0.009978 -0.002113 0.000000 
5.000000e-01 5.000000e-01 4.999642e-03 5.000000e-01 5.000000e-01 1.515044e+00 -0.993282 0.002084 0.009877 0.969360 0.009877 0.002084 0.993282 -0.002113 -0.009978 -0.969101 -0.009978 -0.002113 0.000000 
5.000000e-01 5.000000e-01 4.999642e-03 5.000000e-01 5.000000e-01 1.515044e+00 -0.993282 0.002084 0.009877 0.969360 0.009877 0.002084 0.993282 -0.002113 -0.009978 -0.969101 -0.009978 -0.002113 0.000000 
5.000000e-01 5.000000e-01 4.999642e-03 5.000000e-01 5.000000e-01 1.515044e+00 -0.993282 0.002084 0.009877 0.969360 0.009877 0.002084 0.993282 -0.002113 -0.009978 -0.969101 -0.009978 -0.002113 0.000000 
5.000000e-01 5.000000e-01 4.999642e-03 5.000000e-01 5.000000e-01 1.515044e+00 -0.993282 0.002084 0.009877 0.969360 0.009877 0.002084 0.993282 -0.002113 -0.009978 -0.969101 -0.009978 -0.002113 0.000000 
5.000000e-01 5.000000e-01 4.999642e-03 5.000000e-01 5.000000e-01 1.515044e+00 -0.993282 0.002084 0.009877 0.969360 0.009877 0.002084 0.993282 -0.002113 -0.009978 -0.969101 -0.009978 -0.002113 0.000000 
5.000000e-01 5.000000e-01 4.999642e-03 5.000000e-01 5.000000e-01 1.515044e+00 -0.993282 0.002084 0.009877 0.969360 0.009877 0.002084 0.993282 -0.002113 -0.009978 -0.969101 -0.009978 -0.002113 0.000000 
5.000000e-01 5.000000e-01 4.999642e-03 5.000000e-01 5.000000e-01 1.515044e+00 -0.993282 0.002084 0.009877 0.969360 0.009877 0.002084 0.993282 -0.002113 -0.009978 -0.969101 -0.009978 -0.002113 0.000000 
5.000000e-01 5.000000e-01 4.999642e-03 5.000000e-01 5.000000e-01 1.515044e+00 -0.993282 0.002084 0.009877 0.969360 0.009877 0.002084 0.993282 -0.002113 -0.009978 -0.969101 -0.009978 -0.002113 0.000000 
5.000000e-01 5.000000e-01 4.999642e-03 5.000000e-01 5.000000e-01 1.515044e+00 -0.993282 0.002084 0.009877 0.969360 0.009877 0.002084 0.993282 -0.002113 -0.009978 -0.969101 -0.009978 -0.002113 0.000000 
5.000000e-01 5.000000e-01 4.999642e-03 5.000000e-01 5.000000e-01 1.515044e+00 -0.993282 0.002084 0.009877 0.969360 0.009877 0.002084 0.993282 -0.002113 -0.009978 -0.969101 -0.009978 -0.002113 0.000000 
5.000000e-01 5.000000e-01 4.999642e-03 5.000000e-01 5.000000e-01 1.515044e+00 -0.993282 0.002084 0.009877 0.969360 0.009877 0.002084 0.993282 -0.002113 -0.009978 -0.969101 -0.009978 -0.002113 0.000000 
5.000000e-01 5.000000e-01 4.999642e-03 5.000000e-01 5.000000e-01 1.515044e+00 -0.993282 0.002084 0.009877 0.969360 0.009877 0.002084 0.993282 -0.002113 -0.009978 -0.969101 -0.009978 -0.002113 0.000000 
5.000000e-01 5.000000e-01 4.999642e-03 5.000000e-01 5.000000e-01 1.515044e+00 -0.993282 0.002084 0.009877 0.969360 0.009877 0.002084 0.993282 -0.002113 -0.009978 -0.969101 -0.009978 -0.002113 0.000000 
5.000000e-01 5.000000e-01 4.999642e-03 5.000000e-01 5.000000e-01 1.515044e+00 -0.993282 0.002084 0.009877 0.969360 0.009877 0.002084 0.993282 -0.002113 -0.009978 -0.969101 -0.009978 -0.002113 0.000000 
5.000000e-01 5.000000e-01 4.999642e-03 5.000000e-01 5.000000e-01 1.515044e+00 -0.993282 0.002084 0.009877 0.969360 0.009877 0.002084 0.993282 -0.002113 -0.009978 -0.969101 -0.009978 -0.002113 0.000000 
5.000000e-01 5.000000e-01 4.999642e-03 5.000000e-01 5.000000e-01 1.515044e+00 -0.993282 0.002084 0.009877 0.969360 0.009877 0.002084 0.993282 -0.002113 -0.009978 -0.969101 -0.009978 -0.002113 0.000000 
5.000000e-01 5.000000e-01 4.999642e-03 5.000000e-01 5.000000e-01 1.515044e+00 -0.993282 0.002084 0.009877 0.969360 0.009877 0.002084 0.993282 -0.002113 -0.009978 -0.969101 -0.009978 -0.002113 0.000000 
5.000000e-01 5.000000e-01 4.999642e-03 5.000000e-01 5.000000e-01 1.515044e+00 -0.993282 0.002084 0.009877 0.969360 0.009877 0.002084 0.993282 -0.002113 -0.009978 -0.969101 -0.009978 -0.002113 0.000000 
5.000000e-01 5.000000e-01 4.999642e-03 5.000000e-01 5.000000e-01 1.515044e+00 -0.993282 0.002084 0.009877 0.969360 0.009877 0.002084 0.993282 -0.002113 -0.009978 -0.969101 -0.009978 -0.002113 0.000000 
5.000000e-01 5.000000e-01 4.999642e-03 5.000000e-01 5.000000e-01 1.515044e+00 -0.993282 0.002084 0.009877 0.969360 0.009877 0.002084 0.993282 -0.002113 -0.009978 -0.969101 -0.009978 -0.002113 0.000000 
5.000000e-01 5.000000e-01 4.999642e-03 5.000000e-01 5.000000e-01 1.515044e+00 -0.993282 0.002084 0.009877 0.969360 0.009877 0.002084 0.993282 -0.002113 -0.009978 -0.969101 -0.009978 -0.002113 0.000000 
5.000000e-01 5.000000e-01 4.999642e-03 5.000000e-01 5.000000e-01 1.515044e+00 -0.993282 0.002084 0.009877 0.969360 0.009877 0.002084 0.993282 -0.002113 -0.009978 -0.969101 -0.009978 -0.002113 0.000000 
5.000000e-01 5.000000e-01 4.999642e-03 5.000000e-01 5.000000e-01 1.515044e+00 -0.993282 0.002084 0.009877 0.969360 0.009877 0.002084 0.993282 -0.002113 -0.009978 -0.969101 -0.009978 -0.002113 0.000000 
5.000000e-01 5.000000e-01 4.999642e-03 5.000000e-01 5.000000e-01 1.515044e+00 -0.993282 0.002084 0.009877 0.969360 0.009877 0.002084 0.993282 -0.002113 -0.009978 -0.969101 -0.009978 -0.002113 0.000000 
5.000000e-01 5.000000e-01 4.999642e-03 5.000000e-01 5.000000e-01 1.515044e+00 -0.993282 0.002084 0.009877 0.969360 0.009877 0.002084 0.993282 -0.002113 -0.009978 -0.969101 -0.009978 -0.002113 0.000000 
5.000000e-01 5.000000e-01 4.999642e-03 5.000000e-01 5.000000e-01 1.515044e+00 -0.993282 0.002084 0.009877 0.969360 0.009877 0.002084 0.993282 -0.002113 -0.009978 -0.969101 -0.009978 -0.002113 0.000000 
5.000000e-01 5.000000e-01 4.999642e-03 5.000000e-01 5.000000e-01 1.515044e+00 -0.993282 0.002084 0.009877 0.969360 0.009877 0.002084 0.993282 -0.002113 -0.009978 -0.969101 -0.009978 -0.002113 0.000000 
