# TeX TeY TeZ ThX ThY THZ P1 P2
5.000000e-01 5.000000e-01 3.100000e-01 5.000000e-01 5.000000e-01 3.100000e-01 0.000000 0.000000 0.000000 0.000000 0.000000 0.000000 0.000000 0.000000 0.000000 0.000000 0.000000 0.000000 0.000000 
5.000000e-01 5.000000e-01 2.971393e-01 5.000000e-01 5.000000e-01 3.189726e-01 -0.014328 0.002593 0.003040 0.003062 0.003040 0.002593 0.014328 0.002362 -0.003181 -0.012689 -0.003181 0.002362 0.000000 
5.000000e-01 5.000000e-01 2.842465e-01 5.000000e-01 5.000000e-01 3.279361e-01 -0.028670 0.005188 0.006084 0.006126 0.006084 0.005188 0.028670 0.004839 -0.006299 -0.025751 -0.006299 0.004839 0.000000 
5.000000e-01 5.000000e-01 2.713219e-01 5.000000e-01 5.000000e-01 3.368907e-01 -0.043028 0.007787 0.009130 0.009193 0.009130 0.007787 0.043028 0.007447 -0.009321 -0.039279 -0.009321 0.007447 0.000000 
5.000000e-01 5.000000e-01 2.583656e-01 5.000000e-01 5.000000e-01 3.458361e-01 -0.057400 0.010389 0.012180 0.012263 0.012180 0.010389 0.057400 0.010225 -0.012194 -0.053462 -0.012194 0.010225 0.000000 
5.000000e-01 5.000000e-01 2.453779e-01 5.000000e-01 5.000000e-01 3.547724e-01 -0.071787 0.012993 0.015233 0.015336 0.015233 0.012993 0.071787 0.013186 -0.014868 -0.068422 -0.014868 0.013186 0.000000 
5.000000e-01 5.000000e-01 2.323590e-01 5.000000e-01 5.000000e-01 3.636994e-01 -0.086189 0.015600 0.018288 0.018412 0.018288 0.015600 0.086189 0.016325 -0.017306 -0.084227 -0.017306 0.016325 0.000000 
5.000000e-01 5.000000e-01 2.193091e-01 5.000000e-01 5.000000e-01 3.726170e-01 -0.100605 0.018209 0.021347 0.021492 0.021347 0.018209 0.100604 0.019668 -0.019430 -0.101081 -0.019430 0.019668 0.000000 
5.000000e-01 5.000000e-01 2.062284e-01 5.000000e-01 5.000000e-01 3.815253e-01 -0.115035 0.020821 0.024409 0.024574 0.024409 0.020821 0.115035 0.023258 -0.021113 -0.119325 -0.021113 0.023258 0.000000 
5.000000e-01 5.000000e-01 1.931169e-01 5.000000e-01 5.000000e-01 3.904241e-01 -0.129480 0.023436 0.027474 0.027660 0.027474 0.023436 0.129480 0.027067 -0.022313 -0.138988 -0.022313 0.027067 0.000000 
5.000000e-01 5.000000e-01 1.799748e-01 5.000000e-01 5.000000e-01 3.993133e-01 -0.143940 0.026053 0.030542 0.030749 0.030542 0.026053 0.143940 0.031101 -0.022923 -0.160296 -0.022923 0.031101 0.000000 
5.000000e-01 5.000000e-01 1.668020e-01 5.000000e-01 5.000000e-01 4.081929e-01 -0.158415 0.028672 0.033614 0.033843 0.033614 0.028672 0.158415 0.035426 -0.022653 -0.183963 -0.022653 0.035426 0.000000 
5.000000e-01 5.000000e-01 1.535983e-01 5.000000e-01 5.000000e-01 4.170628e-01 -0.172907 0.031294 0.036689 0.036940 0.036689 0.031294 0.172907 0.039998 -0.021466 -0.209972 -0.021466 0.039998 0.000000 
5.000000e-01 5.000000e-01 1.403634e-01 5.000000e-01 5.000000e-01 4.259228e-01 -0.187416 0.033918 0.039769 0.040042 0.039769 0.033918 0.187416 0.044820 -0.019178 -0.238698 -0.019178 0.044820 0.000000 
5.000000e-01 5.000000e-01 1.270968e-01 5.000000e-01 5.000000e-01 4.347730e-01 -0.201946 0.036546 0.042852 0.043149 0.042852 0.036546 0.201946 0.049943 -0.015310 -0.271212 -0.015310 0.049943 0.000000 
5.000000e-01 5.000000e-01 1.137976e-01 5.000000e-01 5.000000e-01 4.436132e-01 -0.216498 0.039177 0.045941 0.046262 0.045941 0.039177 0.216498 0.055321 -0.009769 -0.307601 -0.009769 0.055321 0.000000 
5.000000e-01 5.000000e-01 1.004647e-01 5.000000e-01 5.000000e-01 4.524434e-01 -0.231077 0.041812 0.049036 0.049381 0.049036 0.041812 0.231077 0.060943 -0.002305 -0.348353 -0.002305 0.060943 0.000000 
5.000000e-01 5.000000e-01 8.709619e-02 5.000000e-01 5.000000e-01 4.612635e-01 -0.245690 0.044453 0.052138 0.052509 0.052138 0.044453 0.245690 0.066845 0.007819 -0.395019 0.007819 0.066845 0.000000 
5.000000e-01 5.000000e-01 7.369017e-02 5.000000e-01 5.000000e-01 4.700733e-01 -0.260343 0.047100 0.055249 0.055646 0.055249 0.047100 0.260343 0.072978 0.020635 -0.447569 0.020635 0.072978 0.000000 
5.000000e-01 5.000000e-01 6.024416e-02 5.000000e-01 5.000000e-01 4.788729e-01 -0.275042 0.049754 0.058370 0.058795 0.058370 0.049754 0.275042 0.079314 0.036343 -0.506355 0.036343 0.079314 0.000000 
5.000000e-01 5.000000e-01 4.675609e-02 5.000000e-01 5.000000e-01 4.876620e-01 -0.289801 0.052418 0.061504 0.061958 0.061504 0.052418 0.289801 0.085877 0.055684 -0.572924 0.055684 0.085877 0.000000 
5.000000e-01 5.000000e-01 3.322491e-02 5.000000e-01 5.000000e-01 4.964407e-01 -0.304620 0.055092 0.064651 0.065135 0.064651 0.055092 0.304619 0.092603 0.078070 -0.645965 0.078070 0.092603 0.000000 
5.000000e-01 5.000000e-01 1.965189e-02 5.000000e-01 5.000000e-01 5.052088e-01 -0.319495 0.057775 0.067810 0.068326 0.067810 0.057775 0.319495 0.099458 0.103139 -0.724687 0.103139 0.099458 0.000000 
5.000000e-01 5.000000e-01 6.043310e-03 5.000000e-01 5.000000e-01 5.139662e-01 -0.334418 0.060465 0.070980 0.071528 0.070980 0.060465 0.334418 0.106402 0.130324 -0.807869 0.130324 0.106402 0.000000 
5.000000e-01 5.000000e-01 4.999987e-03 5.000000e-01 5.000000e-01 5.227129e-01 -0.340863 0.061611 0.072354 0.072932 0.072354 0.061611 0.340863 0.106502 0.131189 -0.816245 0.131189 0.106502 0.000000 
5.000000e-01 5.000000e-01 4.999987e-03 5.000000e-01 5.000000e-01 5.314488e-01 -0.346597 0.062627 0.073578 0.074187 0.073578 0.062627 0.346597 0.106005 0.129832 -0.818271 0.129832 0.106005 0.000000 
5.000000e-01 5.000000e-01 4.999987e-03 5.000000e-01 5.000000e-01 5.401737e-01 -0.352324 0.063640 0.074800 0.075443 0.074800 0.063640 0.352324 0.105480 0.128482 -0.820250 0.128482 0.105480 0.000000 
5.000000e-01 5.000000e-01 4.999987e-03 5.000000e-01 5.000000e-01 5.488876e-01 -0.358044 0.064650 0.076022 0.076700 0.076022 0.064650 0.358044 0.104926 0.127140 -0.822177 0.127140 0.104926 0.000000 
5.000000e-01 5.000000e-01 4.999987e-03 5.000000e-01 5.000000e-01 5.575904e-01 -0.363757 0.065656 0.077243 0.077958 0.077243 0.065656 0.363757 0.104347 0.125805 -0.824062 0.125805 0.104347 0.000000 
5.000000e-01 5.000000e-01 4.999987e-03 5.000000e-01 5.000000e-01 5.662819e-01 -0.369462 0.066660 0.078463 0.079216 0.078463 0.066660 0.369462 0.103745 0.124477 -0.825907 0.124477 0.103745 0.000000 
5.000000e-01 5.000000e-01 4.999987e-03 5.000000e-01 5.000000e-01 5.749621e-01 -0.375160 0.067660 0.079682 0.080476 0.079682 0.067660 0.375160 0.103122 0.123156 -0.827716 0.123156 0.103122 0.000000 
5.000000e-01 5.000000e-01 4.999987e-03 5.000000e-01 5.000000e-01 5.836309e-01 -0.380850 0.068657 0.080900 0.081737 0.080900 0.068657 0.380850 0.102478 0.121842 -0.829489 0.121842 0.102478 0.000000 
5.000000e-01 5.000000e-01 4.999987e-03 5.000000e-01 5.000000e-01 5.922882e-01 -0.386533 0.069650 0.082117 0.083000 0.082117 0.069650 0.386533 0.101815 0.120533 -0.831229 0.120533 0.101815 0.000000 
5.000000e-01 5.000000e-01 4.999987e-03 5.000000e-01 5.000000e-01 6.009338e-01 -0.392208 0.070639 0.083333 0.084264 0.083333 0.070639 0.392208 0.101133 0.119231 -0.832938 0.119231 0.101133 0.000000 
5.000000e-01 5.000000e-01 4.999987e-03 5.000000e-01 5.000000e-01 6.095677e-01 -0.397876 0.071625 0.084548 0.085530 0.084548 0.071625 0.397876 0.100434 0.117936 -0.834616 0.117936 0.100434 0.000000 
5.000000e-01 5.000000e-01 4.999987e-03 5.000000e-01 5.000000e-01 6.181897e-01 -0.403536 0.072606 0.085763 0.086798 0.085763 0.072606 0.403536 0.099716 0.116647 -0.836263 0.116647 0.099716 0.000000 
5.000000e-01 5.000000e-01 4.999987e-03 5.000000e-01 5.000000e-01 6.267998e-01 -0.409188 0.073583 0.086977 0.088068 0.086977 0.073583 0.409188 0.098984 0.115364 -0.837883 0.115364 0.098984 0.000000 
5.000000e-01 5.000000e-01 4.999987e-03 5.000000e-01 5.000000e-01 6.353979e-01 -0.414832 0.074556 0.088190 0.089340 0.088190 0.074556 0.414832 0.098237 0.114087 -0.839479 0.114087 0.098237 0.000000 
5.000000e-01 5.000000e-01 4.999987e-03 5.000000e-01 5.000000e-01 6.439838e-01 -0.420468 0.075524 0.089402 0.090615 0.089402 0.075524 0.420468 0.097477 0.112815 -0.841052 0.112815 0.097477 0.000000 
5.000000e-01 5.000000e-01 4.999987e-03 5.000000e-01 5.000000e-01 6.525574e-01 -0.426096 0.076488 0.090613 0.091893 0.090613 0.076488 0.426096 0.096705 0.111548 -0.842602 0.111548 0.096705 0.000000 
5.000000e-01 5.000000e-01 4.999987e-03 5.000000e-01 5.000000e-01 6.611186e-01 -0.431716 0.077447 0.091824 0.093173 0.091824 0.077447 0.431716 0.095921 0.110287 -0.844132 0.110287 0.095921 0.000000 
5.000000e-01 5.000000e-01 4.999987e-03 5.000000e-01 5.000000e-01 6.696673e-01 -0.437328 0.078402 0.093034 0.094456 0.093034 0.078402 0.437327 0.095125 0.109031 -0.845640 0.109031 0.095125 0.000000 
5.000000e-01 5.000000e-01 4.999987e-03 5.000000e-01 5.000000e-01 6.782034e-01 -0.442931 0.079350 0.094244 0.095743 0.094244 0.079350 0.442931 0.094317 0.107781 -0.847127 0.107781 0.094317 0.000000 
5.000000e-01 5.000000e-01 4.999987e-03 5.000000e-01 5.000000e-01 6.867268e-01 -0.448526 0.080293 0.095453 0.097034 0.095453 0.080293 0.448526 0.093500 0.106535 -0.848596 0.106535 0.093500 0.000000 
5.000000e-01 5.000000e-01 4.999987e-03 5.000000e-01 5.000000e-01 6.952373e-01 -0.454113 0.081231 0.096661 0.098329 0.096661 0.081231 0.454113 0.092673 0.105294 -0.850048 0.105294 0.092673 0.000000 
5.000000e-01 5.000000e-01 4.999987e-03 5.000000e-01 5.000000e-01 7.037348e-01 -0.459691 0.082163 0.097869 0.099628 0.097869 0.082163 0.459691 0.091838 0.104058 -0.851484 0.104058 0.091838 0.000000 
5.000000e-01 5.000000e-01 4.999987e-03 5.000000e-01 5.000000e-01 7.122193e-01 -0.465261 0.083089 0.099076 0.100930 0.099076 0.083089 0.465260 0.090996 0.102826 -0.852905 0.102826 0.090996 0.000000 
5.000000e-01 5.000000e-01 4.999987e-03 5.000000e-01 5.000000e-01 7.206905e-01 -0.470822 0.084008 0.100283 0.102238 0.100283 0.084008 0.470821 0.090146 0.101599 -0.854311 0.101599 0.090146 0.000000 
5.000000e-01 5.000000e-01 4.999987e-03 5.000000e-01 5.000000e-01 7.291484e-01 -0.476374 0.084921 0.101490 0.103551 0.101490 0.084921 0.476374 0.089288 0.100376 -0.855702 0.100376 0.089288 0.000000 
5.000000e-01 5.000000e-01 4.999987e-03 5.000000e-01 5.000000e-01 7.375928e-01 -0.481917 0.085827 0.102696 0.104870 0.102696 0.085827 0.481917 0.088423 0.099157 -0.857078 0.099157 0.088423 0.000000 
5.000000e-01 5.000000e-01 4.999987e-03 5.000000e-01 5.000000e-01 7.460236e-01 -0.487451 0.086725 0.103903 0.106195 0.103903 0.086725 0.487451 0.087552 0.097943 -0.858442 0.097943 0.087552 0.000000 
5.000000e-01 5.000000e-01 4.999987e-03 5.000000e-01 5.000000e-01 7.544406e-01 -0.492977 0.087616 0.105109 0.107526 0.105109 0.087616 0.492977 0.086676 0.096732 -0.859795 0.096732 0.086676 0.000000 
5.000000e-01 5.000000e-01 4.999987e-03 5.000000e-01 5.000000e-01 7.628438e-01 -0.498493 0.088500 0.106314 0.108863 0.106314 0.088500 0.498493 0.085795 0.095526 -0.861135 0.095526 0.085795 0.000000 
5.000000e-01 5.000000e-01 4.999987e-03 5.000000e-01 5.000000e-01 7.712330e-01 -0.504000 0.089376 0.107520 0.110207 0.107520 0.089376 0.504000 0.084909 0.094323 -0.862465 0.094323 0.084909 0.000000 
5.000000e-01 5.000000e-01 4.999987e-03 5.000000e-01 5.000000e-01 7.796081e-01 -0.509498 0.090244 0.108726 0.111559 0.108726 0.090244 0.509498 0.084018 0.093124 -0.863784 0.093124 0.084018 0.000000 
5.000000e-01 5.000000e-01 4.999987e-03 5.000000e-01 5.000000e-01 7.879689e-01 -0.514986 0.091101 0.109932 0.112920 0.109932 0.091101 0.514986 0.083123 0.091930 -0.865091 0.091930 0.083123 0.000000 
5.000000e-01 5.000000e-01 4.999987e-03 5.000000e-01 5.000000e-01 7.963153e-01 -0.520465 0.091950 0.111138 0.114289 0.111138 0.091950 0.520465 0.082224 0.090738 -0.866389 0.090738 0.082224 0.000000 
5.000000e-01 5.000000e-01 4.999987e-03 5.000000e-01 5.000000e-01 8.046471e-01 -0.525935 0.092790 0.112344 0.115667 0.112344 0.092790 0.525934 0.081321 0.089551 -0.867678 0.089551 0.081321 0.000000 
5.000000e-01 5.000000e-01 4.999987e-03 5.000000e-01 5.000000e-01 8.129642e-01 -0.531394 0.093620 0.113550 0.117054 0.113550 0.093620 0.531394 0.080416 0.088366 -0.868959 0.088366 0.080416 0.000000 
5.000000e-01 5.000000e-01 4.999987e-03 5.000000e-01 5.000000e-01 8.212665e-01 -0.536844 0.094440 0.114757 0.118450 0.114757 0.094440 0.536844 0.079507 0.087186 -0.870230 0.087186 0.079507 0.000000 
5.000000e-01 5.000000e-01 4.999987e-03 5.000000e-01 5.000000e-01 8.295538e-01 -0.542285 0.095249 0.115964 0.119858 0.115964 0.095249 0.542284 0.078596 0.086008 -0.871494 0.086008 0.078596 0.000000 
5.000000e-01 5.000000e-01 4.999987e-03 5.000000e-01 5.000000e-01 8.378259e-01 -0.547715 0.096045 0.117172 0.121279 0.117172 0.096045 0.547715 0.077682 0.084835 -0.872748 0.084835 0.077682 0.000000 
5.000000e-01 5.000000e-01 4.999987e-03 5.000000e-01 5.000000e-01 8.460828e-01 -0.553135 0.096831 0.118381 0.122712 0.118381 0.096831 0.553135 0.076766 0.083664 -0.873996 0.083664 0.076766 0.000000 
5.000000e-01 5.000000e-01 4.999987e-03 5.000000e-01 5.000000e-01 8.543242e-01 -0.558545 0.097604 0.119590 0.124157 0.119590 0.097604 0.558545 0.075848 0.082497 -0.875236 0.082497 0.075848 0.000000 
5.000000e-01 5.000000e-01 4.999987e-03 5.000000e-01 5.000000e-01 8.625500e-01 -0.563945 0.098365 0.120799 0.125614 0.120799 0.098365 0.563944 0.074929 0.081333 -0.876469 0.081333 0.074929 0.000000 
5.000000e-01 5.000000e-01 4.999987e-03 5.000000e-01 5.000000e-01 8.707600e-01 -0.569334 0.099114 0.122010 0.127086 0.122010 0.099114 0.569334 0.074008 0.080172 -0.877695 0.080172 0.074008 0.000000 
5.000000e-01 5.000000e-01 4.999987e-03 5.000000e-01 5.000000e-01 8.789541e-01 -0.574713 0.099848 0.123221 0.128574 0.123221 0.099848 0.574713 0.073086 0.079015 -0.878914 0.079015 0.073086 0.000000 
5.000000e-01 5.000000e-01 4.999987e-03 5.000000e-01 5.000000e-01 8.871321e-01 -0.580081 0.100566 0.124434 0.130080 0.124434 0.100566 0.580081 0.072162 0.077861 -0.880127 0.077861 0.072162 0.000000 
5.000000e-01 5.000000e-01 4.999987e-03 5.000000e-01 5.000000e-01 8.952939e-01 -0.585439 0.101271 0.125648 0.131602 0.125648 0.101271 0.585439 0.071238 0.076709 -0.881333 0.076709 0.071238 0.000000 
5.000000e-01 5.000000e-01 4.999987e-03 5.000000e-01 5.000000e-01 9.034392e-01 -0.590786 0.101960 0.126863 0.133140 0.126863 0.101960 0.590786 0.070313 0.075561 -0.882534 0.075561 0.070313 0.000000 
5.000000e-01 5.000000e-01 4.999987e-03 5.000000e-01 5.000000e-01 9.115679e-01 -0.596122 0.102634 0.128079 0.134697 0.128079 0.102634 0.596122 0.069387 0.074416 -0.883729 0.074416 0.069387 0.000000 
5.000000e-01 5.000000e-01 4.999987e-03 5.000000e-01 5.000000e-01 9.196799e-01 -0.601447 0.103291 0.129296 0.136273 0.129296 0.103291 0.601447 0.068461 0.073275 -0.884918 0.073275 0.068461 0.000000 
5.000000e-01 5.000000e-01 4.999987e-03 5.000000e-01 5.000000e-01 9.277749e-01 -0.606760 0.103927 0.130515 0.137875 0.130515 0.103927 0.606760 0.067535 0.072136 -0.886102 0.072136 0.067535 0.000000 
5.000000e-01 5.000000e-01 4.999987e-03 5.000000e-01 5.000000e-01 9.358528e-01 -0.612063 0.104546 0.131736 0.139499 0.131736 0.104546 0.612063 0.066608 0.071000 -0.887280 0.071000 0.066608 0.000000 
5.000000e-01 5.000000e-01 4.999987e-03 5.000000e-01 5.000000e-01 9.439134e-01 -0.617354 0.105147 0.132957 0.141145 0.132957 0.105147 0.617354 0.065682 0.069868 -0.888453 0.069868 0.065682 0.000000 
5.000000e-01 5.000000e-01 4.999987e-03 5.000000e-01 5.000000e-01 9.519565e-01 -0.622634 0.105729 0.134181 0.142813 0.134181 0.105729 0.622634 0.064755 0.068738 -0.889621 0.068738 0.064755 0.000000 
5.000000e-01 5.000000e-01 4.999987e-03 5.000000e-01 5.000000e-01 9.599819e-01 -0.627902 0.106292 0.135405 0.144507 0.135405 0.106292 0.627902 0.063829 0.067612 -0.890784 0.067612 0.063829 0.000000 
5.000000e-01 5.000000e-01 4.999987e-03 5.000000e-01 5.000000e-01 9.679895e-01 -0.633158 0.106828 0.136633 0.146235 0.136633 0.106828 0.633158 0.062903 0.066488 -0.891941 0.066488 0.062903 0.000000 
5.000000e-01 5.000000e-01 4.999987e-03 5.000000e-01 5.000000e-01 9.759790e-01 -0.638402 0.107343 0.137862 0.147992 0.137862 0.107343 0.638402 0.061978 0.065368 -0.893094 0.065368 0.061978 0.000000 
5.000000e-01 5.000000e-01 4.999987e-03 5.000000e-01 5.000000e-01 9.839503e-01 -0.643635 0.107836 0.139092 0.149777 0.139092 0.107836 0.643635 0.061054 0.064250 -0.894243 0.064250 0.061054 0.000000 
5.000000e-01 5.000000e-01 4.999987e-03 5.000000e-01 5.000000e-01 9.919030e-01 -0.648855 0.108306 0.140324 0.151593 0.140324 0.108306 0.648855 0.060130 0.063136 -0.895387 0.063136 0.060130 0.000000 
5.000000e-01 5.000000e-01 4.999987e-03 5.000000e-01 5.000000e-01 9.998372e-01 -0.654063 0.108753 0.141558 0.153441 0.141558 0.108753 0.654063 0.059207 0.062025 -0.896526 0.062025 0.059207 0.000000 
5.000000e-01 5.000000e-01 4.999987e-03 5.000000e-01 5.000000e-01 1.007752e+00 -0.659259 0.109167 0.142794 0.155335 0.142794 0.109167 0.659258 0.058285 0.060916 -0.897661 0.060916 0.058285 0.000000 
5.000000e-01 5.000000e-01 4.999987e-03 5.000000e-01 5.000000e-01 1.015649e+00 -0.664442 0.109556 0.144032 0.157265 0.144032 0.109556 0.664441 0.057364 0.059811 -0.898791 0.059811 0.057364 0.000000 
5.000000e-01 5.000000e-01 4.999987e-03 5.000000e-01 5.000000e-01 1.023526e+00 -0.669612 0.109918 0.145272 0.159233 0.145272 0.109918 0.669612 0.056444 0.058709 -0.899917 0.058709 0.056444 0.000000 
5.000000e-01 5.000000e-01 4.999987e-03 5.000000e-01 5.000000e-01 1.031383e+00 -0.674769 0.110253 0.146512 0.161239 0.146512 0.110253 0.674769 0.055525 0.057610 -0.901039 0.057610 0.055525 0.000000 
5.000000e-01 5.000000e-01 4.999987e-03 5.000000e-01 5.000000e-01 1.039221e+00 -0.679914 0.110556 0.147754 0.163293 0.147754 0.110556 0.679914 0.054607 0.056514 -0.902157 0.056514 0.054607 0.000000 
5.000000e-01 5.000000e-01 4.999987e-03 5.000000e-01 5.000000e-01 1.047039e+00 -0.685045 0.110823 0.148998 0.165403 0.148998 0.110823 0.685045 0.053691 0.055421 -0.903270 0.055421 0.053691 0.000000 
5.000000e-01 5.000000e-01 4.999987e-03 5.000000e-01 5.000000e-01 1.054836e+00 -0.690163 0.111059 0.150243 0.167559 0.150243 0.111059 0.690163 0.052777 0.054331 -0.904380 0.054331 0.052777 0.000000 
5.000000e-01 5.000000e-01 4.999987e-03 5.000000e-01 5.000000e-01 1.062614e+00 -0.695268 0.111264 0.151488 0.169763 0.151488 0.111264 0.695268 0.051863 0.053245 -0.905485 0.053245 0.051863 0.000000 
5.000000e-01 5.000000e-01 4.999987e-03 5.000000e-01 5.000000e-01 1.070370e+00 -0.700359 0.111437 0.152734 0.172017 0.152734 0.111437 0.700359 0.050952 0.052161 -0.906586 0.052161 0.050952 0.000000 
5.000000e-01 5.000000e-01 4.999987e-03 5.000000e-01 5.000000e-01 1.078106e+00 -0.705437 0.111565 0.153981 0.174345 0.153981 0.111565 0.705437 0.050042 0.051081 -0.907683 0.051081 0.050042 0.000000 
5.000000e-01 5.000000e-01 4.999987e-03 5.000000e-01 5.000000e-01 1.085821e+00 -0.710500 0.111656 0.155227 0.176735 0.155227 0.111656 0.710500 0.049134 0.050004 -0.908776 0.050004 0.049134 0.000000 
5.000000e-01 5.000000e-01 4.999987e-03 5.000000e-01 5.000000e-01 1.093514e+00 -0.715550 0.111711 0.156472 0.179184 0.156472 0.111711 0.715550 0.048228 0.048930 -0.909866 0.048930 0.048228 0.000000 
5.000000e-01 5.000000e-01 4.999987e-03 5.000000e-01 5.000000e-01 1.101186e+00 -0.720585 0.111729 0.157716 0.181695 0.157716 0.111729 0.720585 0.047323 0.047859 -0.910951 0.047859 0.047323 0.000000 
5.000000e-01 5.000000e-01 4.999987e-03 5.000000e-01 5.000000e-01 1.108836e+00 -0.725606 0.111701 0.158959 0.184287 0.158959 0.111701 0.725606 0.046421 0.046792 -0.912032 0.046792 0.046421 0.000000 
5.000000e-01 5.000000e-01 4.999987e-03 5.000000e-01 5.000000e-01 1.116464e+00 -0.730612 0.111625 0.160198 0.186966 0.160198 0.111625 0.730612 0.045521 0.045728 -0.913109 0.045728 0.045521 0.000000 
5.000000e-01 5.000000e-01 4.999987e-03 5.000000e-01 5.000000e-01 1.124069e+00 -0.735604 0.111507 0.161435 0.189719 0.161435 0.111507 0.735604 0.044622 0.044667 -0.914183 0.044667 0.044622 0.000000 
5.000000e-01 5.000000e-01 4.999987e-03 5.000000e-01 5.000000e-01 1.131652e+00 -0.740581 0.111349 0.162667 0.192549 0.162667 0.111349 0.740581 0.043726 0.043609 -0.915252 0.043609 0.043726 0.000000 
5.000000e-01 5.000000e-01 4.999987e-03 5.000000e-01 5.000000e-01 1.139212e+00 -0.745543 0.111142 0.163894 0.195472 0.163894 0.111142 0.745543 0.042832 0.042555 -0.916318 0.042555 0.042832 0.000000 
5.000000e-01 5.000000e-01 4.999987e-03 5.000000e-01 5.000000e-01 1.146749e+00 -0.750489 0.110876 0.165113 0.198511 0.165113 0.110876 0.750489 0.041940 0.041505 -0.917379 0.041505 0.041940 0.000000 
5.000000e-01 5.000000e-01 4.999987e-03 5.000000e-01 5.000000e-01 1.154263e+00 -0.755420 0.110564 0.166325 0.201642 0.166325 0.110564 0.755420 0.041051 0.040457 -0.918437 0.040457 0.041051 0.000000 
5.000000e-01 5.000000e-01 4.999987e-03 5.000000e-01 5.000000e-01 1.161753e+00 -0.760336 0.110206 0.167528 0.204867 0.167528 0.110206 0.760336 0.040164 0.039413 -0.919491 0.039413 0.040164 0.000000 
5.000000e-01 5.000000e-01 4.999987e-03 5.000000e-01 5.000000e-01 1.169219e+00 -0.765235 0.109794 0.168720 0.208207 0.168720 0.109794 0.765235 0.039280 0.038373 -0.920541 0.038373 0.039280 0.000000 
5.000000e-01 5.000000e-01 4.999987e-03 5.000000e-01 5.000000e-01 1.176660e+00 -0.770119 0.109315 0.169897 0.211695 0.169897 0.109315 0.770119 0.038398 0.037336 -0.921587 0.037336 0.038398 0.000000 
5.000000e-01 5.000000e-01 4.999987e-03 5.000000e-01 5.000000e-01 1.184077e+00 -0.774987 0.108785 0.171059 0.215297 0.171059 0.108785 0.774986 0.037518 0.036303 -0.922629 0.036303 0.037518 0.000000 
5.000000e-01 5.000000e-01 4.999987e-03 5.000000e-01 5.000000e-01 1.191470e+00 -0.779838 0.108206 0.172206 0.219014 0.172206 0.108206 0.779838 0.036641 0.035273 -0.923667 0.035273 0.036641 0.000000 
5.000000e-01 5.000000e-01 4.999987e-03 5.000000e-01 5.000000e-01 1.198837e+00 -0.784672 0.107561 0.173332 0.222886 0.173332 0.107561 0.784672 0.035767 0.034247 -0.924701 0.034247 0.035767 0.000000 
5.000000e-01 5.000000e-01 4.999987e-03 5.000000e-01 5.000000e-01 1.206178e+00 -0.789490 0.106846 0.174431 0.226935 0.174431 0.106846 0.789490 0.034896 0.033224 -0.925731 0.033224 0.034896 0.000000 
5.000000e-01 5.000000e-01 4.999987e-03 5.000000e-01 5.000000e-01 1.213494e+00 -0.794291 0.106077 0.175506 0.231124 0.175506 0.106077 0.794291 0.034027 0.032206 -0.926757 0.032206 0.034027 0.000000 
5.000000e-01 5.000000e-01 4.999987e-03 5.000000e-01 5.000000e-01 1.220784e+00 -0.799075 0.105254 0.176556 0.235455 0.176556 0.105254 0.799075 0.033161 0.031191 -0.927778 0.031191 0.033161 0.000000 
5.000000e-01 5.000000e-01 4.999987e-03 5.000000e-01 5.000000e-01 1.228047e+00 -0.803841 0.104350 0.177565 0.240011 0.177565 0.104350 0.803841 0.032298 0.030179 -0.928796 0.030179 0.032298 0.000000 
5.000000e-01 5.000000e-01 4.999987e-03 5.000000e-01 5.000000e-01 1.235284e+00 -0.808590 0.103379 0.178534 0.244764 0.178534 0.103379 0.808589 0.031438 0.029172 -0.929810 0.029172 0.031438 0.000000 
5.000000e-01 5.000000e-01 4.999987e-03 5.000000e-01 5.000000e-01 1.242493e+00 -0.813320 0.102351 0.179465 0.249689 0.179465 0.102351 0.813320 0.030581 0.028168 -0.930820 0.028168 0.030581 0.000000 
5.000000e-01 5.000000e-01 4.999987e-03 5.000000e-01 5.000000e-01 1.249675e+00 -0.818033 0.101261 0.180353 0.254804 0.180353 0.101261 0.818033 0.029727 0.027169 -0.931825 0.027169 0.029727 0.000000 
5.000000e-01 5.000000e-01 4.999987e-03 5.000000e-01 5.000000e-01 1.256829e+00 -0.822728 0.100076 0.181170 0.260235 0.181170 0.100076 0.822728 0.028877 0.026173 -0.932827 0.026173 0.028877 0.000000 
5.000000e-01 5.000000e-01 4.999987e-03 5.000000e-01 5.000000e-01 1.263956e+00 -0.827404 0.098833 0.181933 0.265873 0.181933 0.098833 0.827404 0.028029 0.025181 -0.933824 0.025181 0.028029 0.000000 
5.000000e-01 5.000000e-01 4.999987e-03 5.000000e-01 5.000000e-01 1.271053e+00 -0.832061 0.097530 0.182639 0.271722 0.182639 0.097530 0.832061 0.027184 0.024193 -0.934817 0.024193 0.027184 0.000000 
5.000000e-01 5.000000e-01 4.999987e-03 5.000000e-01 5.000000e-01 1.278122e+00 -0.836700 0.096140 0.183257 0.277905 0.183257 0.096140 0.836700 0.026343 0.023210 -0.935805 0.023210 0.026343 0.000000 
5.000000e-01 5.000000e-01 4.999987e-03 5.000000e-01 5.000000e-01 1.285162e+00 -0.841319 0.094673 0.183784 0.284404 0.183784 0.094673 0.841319 0.025505 0.022230 -0.936790 0.022230 0.025505 0.000000 
5.000000e-01 5.000000e-01 4.999987e-03 5.000000e-01 5.000000e-01 1.292172e+00 -0.845919 0.093147 0.184234 0.291157 0.184234 0.093147 0.845919 0.024671 0.021254 -0.937770 0.021254 0.024671 0.000000 
5.000000e-01 5.000000e-01 4.999987e-03 5.000000e-01 5.000000e-01 1.299153e+00 -0.850500 0.091548 0.184585 0.298233 0.184585 0.091548 0.850500 0.023839 0.020283 -0.938745 0.020283 0.023839 0.000000 
5.000000e-01 5.000000e-01 4.999987e-03 5.000000e-01 5.000000e-01 1.306103e+00 -0.855061 0.089854 0.184789 0.305774 0.184789 0.089854 0.855061 0.023012 0.019316 -0.939716 0.019316 0.023012 0.000000 
5.000000e-01 5.000000e-01 4.999987e-03 5.000000e-01 5.000000e-01 1.313022e+00 -0.859601 0.088101 0.184888 0.313622 0.184888 0.088101 0.859601 0.022187 0.018354 -0.940683 0.018354 0.022187 0.000000 
5.000000e-01 5.000000e-01 4.999987e-03 5.000000e-01 5.000000e-01 1.319910e+00 -0.864122 0.086289 0.184879 0.321786 0.184879 0.086289 0.864122 0.021367 0.017395 -0.941645 0.017395 0.021367 0.000000 
5.000000e-01 5.000000e-01 4.999987e-03 5.000000e-01 5.000000e-01 1.326767e+00 -0.868622 0.084368 0.184647 0.330592 0.184647 0.084368 0.868622 0.020550 0.016441 -0.942603 0.016441 0.020550 0.000000 
5.000000e-01 5.000000e-01 4.999987e-03 5.000000e-01 5.000000e-01 1.333592e+00 -0.873101 0.082390 0.184276 0.339770 0.184276 0.082390 0.873101 0.019736 0.015491 -0.943556 0.015491 0.019736 0.000000 
5.000000e-01 5.000000e-01 4.999987e-03 5.000000e-01 5.000000e-01 1.340385e+00 -0.877560 0.080357 0.183765 0.349314 0.183765 0.080357 0.877560 0.018926 0.014546 -0.944505 0.014546 0.018926 0.000000 
5.000000e-01 5.000000e-01 4.999987e-03 5.000000e-01 5.000000e-01 1.347145e+00 -0.881997 0.078221 0.182972 0.359612 0.182972 0.078221 0.881997 0.018120 0.013606 -0.945449 0.013606 0.018120 0.000000 
5.000000e-01 5.000000e-01 4.999987e-03 5.000000e-01 5.000000e-01 1.353872e+00 -0.886414 0.076025 0.181980 0.370404 0.181980 0.076025 0.886414 0.017318 0.012669 -0.946389 0.012669 0.017318 0.000000 
5.000000e-01 5.000000e-01 4.999987e-03 5.000000e-01 5.000000e-01 1.360566e+00 -0.890809 0.073779 0.180810 0.381631 0.180810 0.073779 0.890809 0.016520 0.011738 -0.947324 0.011738 0.016520 0.000000 
5.000000e-01 5.000000e-01 4.999987e-03 5.000000e-01 5.000000e-01 1.367226e+00 -0.895183 0.071434 0.179276 0.393761 0.179276 0.071434 0.895182 0.015725 0.010811 -0.948254 0.010811 0.015725 0.000000 
5.000000e-01 5.000000e-01 4.999987e-03 5.000000e-01 5.000000e-01 1.373852e+00 -0.899535 0.069033 0.177480 0.406508 0.177480 0.069033 0.899535 0.014934 0.009888 -0.949179 0.009888 0.014934 0.000000 
5.000000e-01 5.000000e-01 4.999987e-03 5.000000e-01 5.000000e-01 1.380443e+00 -0.903865 0.066587 0.175464 0.419763 0.175464 0.066587 0.903865 0.014147 0.008970 -0.950100 0.008970 0.014147 0.000000 
5.000000e-01 5.000000e-01 4.999987e-03 5.000000e-01 5.000000e-01 1.386999e+00 -0.908174 0.064046 0.172963 0.434157 0.172963 0.064046 0.908174 0.013364 0.008057 -0.951016 0.008057 0.013364 0.000000 
5.000000e-01 5.000000e-01 4.999987e-03 5.000000e-01 5.000000e-01 1.393520e+00 -0.912462 0.061457 0.170148 0.449252 0.170148 0.061457 0.912462 0.012584 0.007148 -0.951927 0.007148 0.012584 0.000000 
5.000000e-01 5.000000e-01 4.999987e-03 5.000000e-01 5.000000e-01 1.400005e+00 -0.916727 0.058831 0.167070 0.464925 0.167070 0.058831 0.916727 0.011809 0.006244 -0.952834 0.006244 0.011809 0.000000 
5.000000e-01 5.000000e-01 4.999987e-03 5.000000e-01 5.000000e-01 1.406455e+00 -0.920972 0.056110 0.163326 0.482101 0.163326 0.056110 0.920972 0.011037 0.005345 -0.953736 0.005345 0.011037 0.000000 
5.000000e-01 5.000000e-01 4.999987e-03 5.000000e-01 5.000000e-01 1.412868e+00 -0.925196 0.053356 0.159259 0.499966 0.159259 0.053356 0.925196 0.010269 0.004450 -0.954634 0.004450 0.010269 0.000000 
5.000000e-01 5.000000e-01 4.999987e-03 5.000000e-01 5.000000e-01 1.419244e+00 -0.929398 0.050561 0.154791 0.518695 0.154791 0.050561 0.929398 0.009505 0.003559 -0.955527 0.003559 0.009505 0.000000 
5.000000e-01 5.000000e-01 4.999987e-03 5.000000e-01 5.000000e-01 1.425584e+00 -0.933580 0.047693 0.149596 0.539002 0.149596 0.047693 0.933580 0.008745 0.002673 -0.956416 0.002673 0.008745 0.000000 
5.000000e-01 5.000000e-01 4.999987e-03 5.000000e-01 5.000000e-01 1.431887e+00 -0.937741 0.044802 0.144049 0.560040 0.144049 0.044802 0.937741 0.007988 0.001791 -0.957300 0.001791 0.007988 0.000000 
5.000000e-01 5.000000e-01 4.999987e-03 5.000000e-01 5.000000e-01 1.438152e+00 -0.941883 0.041861 0.137880 0.582401 0.137880 0.041861 0.941883 0.007235 0.000913 -0.958180 0.000913 0.007235 0.000000 
5.000000e-01 5.000000e-01 4.999987e-03 5.000000e-01 5.000000e-01 1.444380e+00 -0.946005 0.038875 0.131036 0.606181 0.131036 0.038875 0.946005 0.006486 0.000040 -0.959056 0.000040 0.006486 0.000000 
5.000000e-01 5.000000e-01 4.999987e-03 5.000000e-01 5.000000e-01 1.450570e+00 -0.950107 0.035874 0.123838 0.630683 0.123838 0.035874 0.950107 0.005740 -0.000829 -0.959927 -0.000829 0.005740 0.000000 
5.000000e-01 5.000000e-01 4.999987e-03 5.000000e-01 5.000000e-01 1.456723e+00 -0.954193 0.032817 0.115718 0.657122 0.115718 0.032817 0.954193 0.004997 -0.001695 -0.960795 -0.001695 0.004997 0.000000 
5.000000e-01 5.000000e-01 4.999987e-03 5.000000e-01 5.000000e-01 1.462837e+00 -0.958259 0.029745 0.107142 0.684485 0.107142 0.029745 0.958259 0.004257 -0.002557 -0.961659 -0.002557 0.004257 0.000000 
5.000000e-01 5.000000e-01 4.999987e-03 5.000000e-01 5.000000e-01 1.468913e+00 -0.962306 0.026652 0.098039 0.712922 0.098039 0.026652 0.962306 0.003521 -0.003415 -0.962519 -0.003415 0.003521 0.000000 
5.000000e-01 5.000000e-01 4.999987e-03 5.000000e-01 5.000000e-01 1.474951e+00 -0.966338 0.023525 0.088121 0.743044 0.088121 0.023525 0.966338 0.002788 -0.004269 -0.963375 -0.004269 0.002788 0.000000 
5.000000e-01 5.000000e-01 4.999987e-03 5.000000e-01 5.000000e-01 1.480949e+00 -0.970348 0.020398 0.077920 0.773710 0.077920 0.020398 0.970348 0.002058 -0.005119 -0.964227 -0.005119 0.002058 0.000000 
5.000000e-01 5.000000e-01 4.999987e-03 5.000000e-01 5.000000e-01 1.486909e+00 -0.974343 0.017246 0.066962 0.805928 0.066962 0.017246 0.974343 0.001332 -0.005965 -0.965076 -0.005965 0.001332 0.000000 
5.000000e-01 5.000000e-01 4.999987e-03 5.000000e-01 5.000000e-01 1.492828e+00 -0.978317 0.014093 0.055680 0.838771 0.055680 0.014093 0.978317 0.000609 -0.006807 -0.965920 -0.006807 0.000609 0.000000 
5.000000e-01 5.000000e-01 4.999987e-03 5.000000e-01 5.000000e-01 1.498706e+00 -0.982269 0.010940 0.044045 0.872299 0.044045 0.010940 0.982269 -0.000110 -0.007645 -0.966759 -0.007645 -0.000110 0.000000 
5.000000e-01 5.000000e-01 4.999987e-03 5.000000e-01 5.000000e-01 1.504542e+00 -0.986200 0.007785 0.032024 0.906581 0.032024 0.007785 0.986200 -0.000825 -0.008478 -0.967594 -0.008478 -0.000825 0.000000 
5.000000e-01 5.000000e-01 4.999987e-03 5.000000e-01 5.000000e-01 1.510335e+00 -0.990104 0.004647 0.019944 0.940923 0.019944 0.004647 0.990104 -0.001535 -0.009305 -0.968424 -0.009305 -0.001535 0.000000 
5.000000e-01 5.000000e-01 4.999987e-03 5.000000e-01 5.000000e-01 1.515006e+00 -0.993256 0.002105 0.009960 0.969126 0.009960 0.002105 0.993256 -0.002108 -0.009973 -0.969093 -0.009973 -0.002108 0.000000 
5.000000e-01 5.000000e-01 4.999987e-03 5.000000e-01 5.000000e-01 1.515006e+00 -0.993256 0.002105 0.009960 0.969126 0.009960 0.002105 0.993256 -0.002108 -0.009973 -0.969093 -0.009973 -0.002108 0.000000 
5.000000e-01 5.000000e-01 4.999987e-03 5.000000e-01 5.000000e-01 1.515006e+00 -0.993256 0.002105 0.009960 0.969126 0.009960 0.002105 0.993256 -0.002108 -0.009973 -0.969093 -0.009973 -0.002108 0.000000 
5.000000e-01 5.000000e-01 4.999987e-03 5.000000e-01 5.000000e-01 1.515006e+00 -0.993256 0.002105 0.009960 0.969126 0.009960 0.002105 0.993256 -0.002108 -0.009973 -0.969093 -0.009973 -0.002108 0.000000 
5.000000e-01 5.000000e-01 4.999987e-03 5.000000e-01 5.000000e-01 1.515006e+00 -0.993256 0.002105 0.009960 0.969126 0.009960 0.002105 0.993256 -0.002108 -0.009973 -0.969093 -0.009973 -0.002108 0.000000 
5.000000e-01 5.000000e-01 4.999987e-03 5.000000e-01 5.000000e-01 1.515006e+00 -0.993256 0.002105 0.009960 0.969126 0.009960 0.002105 0.993256 -0.002108 -0.009973 -0.969093 -0.009973 -0.002108 0.000000 
5.000000e-01 5.000000e-01 4.999987e-03 5.000000e-01 5.000000e-01 1.515006e+00 -0.993256 0.002105 0.009960 0.969126 0.009960 0.002105 0.993256 -0.002108 -0.009973 -0.969093 -0.009973 -0.002108 0.000000 
5.000000e-01 5.000000e-01 4.999987e-03 5.000000e-01 5.000000e-01 1.515006e+00 -0.993256 0.002105 0.009960 0.969126 0.009960 0.002105 0.993256 -0.002108 -0.009973 -0.969093 -0.009973 -0.002108 0.000000 
5.000000e-01 5.000000e-01 4.999987e-03 5.000000e-01 5.000000e-01 1.515006e+00 -0.993256 0.002105 0.009960 0.969126 0.009960 0.002105 0.993256 -0.002108 -0.009973 -0.969093 -0.009973 -0.002108 0.000000 
5.000000e-01 5.000000e-01 4.999987e-03 5.000000e-01 5.000000e-01 1.515006e+00 -0.993256 0.002105 0.009960 0.969126 0.009960 0.002105 0.993256 -0.002108 -0.009973 -0.969093 -0.009973 -0.002108 0.000000 
5.000000e-01 5.000000e-01 4.999987e-03 5.000000e-01 5.000000e-01 1.515006e+00 -0.993256 0.002105 0.009960 0.969126 0.009960 0.002105 0.993256 -0.002108 -0.009973 -0.969093 -0.009973 -0.002108 0.000000 
5.000000e-01 5.000000e-01 4.999987e-03 5.000000e-01 5.000000e-01 1.515006e+00 -0.993256 0.002105 0.009960 0.969126 0.009960 0.002105 0.993256 -0.002108 -0.009973 -0.969093 -0.009973 -0.002108 0.000000 
5.000000e-01 5.000000e-01 4.999987e-03 5.000000e-01 5.000000e-01 1.515006e+00 -0.993256 0.002105 0.009960 0.969126 0.009960 0.002105 0.993256 -0.002108 -0.009973 -0.969093 -0.009973 -0.002108 0.000000 
5.000000e-01 5.000000e-01 4.999987e-03 5.000000e-01 5.000000e-01 1.515006e+00 -0.993256 0.002105 0.009960 0.969126 0.009960 0.002105 0.993256 -0.002108 -0.009973 -0.969093 -0.009973 -0.002108 0.000000 
5.000000e-01 5.000000e-01 4.999987e-03 5.000000e-01 5.000000e-01 1.515006e+00 -0.993256 0.002105 0.009960 0.969126 0.009960 0.002105 0.993256 -0.002108 -0.009973 -0.969093 -0.009973 -0.002108 0.000000 
5.000000e-01 5.000000e-01 4.999987e-03 5.000000e-01 5.000000e-01 1.515006e+00 -0.993256 0.002105 0.009960 0.969126 0.009960 0.002105 0.993256 -0.002108 -0.009973 -0.969093 -0.009973 -0.002108 0.000000 
5.000000e-01 5.000000e-01 4.999987e-03 5.000000e-01 5.000000e-01 1.515006e+00 -0.993256 0.002105 0.009960 0.969126 0.009960 0.002105 0.993256 -0.002108 -0.009973 -0.969093 -0.009973 -0.002108 0.000000 
5.000000e-01 5.000000e-01 4.999987e-03 5.000000e-01 5.000000e-01 1.515006e+00 -0.993256 0.002105 0.009960 0.969126 0.009960 0.002105 0.993256 -0.002108 -0.009973 -0.969093 -0.009973 -0.002108 0.000000 
5.000000e-01 5.000000e-01 4.999987e-03 5.000000e-01 5.000000e-01 1.515006e+00 -0.993256 0.002105 0.009960 0.969126 0.009960 0.002105 0.993256 -0.002108 -0.009973 -0.969093 -0.009973 -0.002108 0.000000 
5.000000e-01 5.000000e-01 4.999987e-03 5.000000e-01 5.000000e-01 1.515006e+00 -0.993256 0.002105 0.009960 0.969126 0.009960 0.002105 0.993256 -0.002108 -0.009973 -0.969093 -0.009973 -0.002108 0.000000 
5.000000e-01 5.000000e-01 4.999987e-03 5.000000e-01 5.000000e-01 1.515006e+00 -0.993256 0.002105 0.009960 0.969126 0.009960 0.002105 0.993256 -0.002108 -0.009973 -0.969093 -0.009973 -0.002108 0.000000 
5.000000e-01 5.000000e-01 4.999987e-03 5.000000e-01 5.000000e-01 1.515006e+00 -0.993256 0.002105 0.009960 0.969126 0.009960 0.002105 0.993256 -0.002108 -0.009973 -0.969093 -0.009973 -0.002108 0.000000 
5.000000e-01 5.000000e-01 4.999987e-03 5.000000e-01 5.000000e-01 1.515006e+00 -0.993256 0.002105 0.009960 0.969126 0.009960 0.002105 0.993256 -0.002108 -0.009973 -0.969093 -0.009973 -0.002108 0.000000 
5.000000e-01 5.000000e-01 4.999987e-03 5.000000e-01 5.000000e-01 1.515006e+00 -0.993256 0.002105 0.009960 0.969126 0.009960 0.002105 0.993256 -0.002108 -0.009973 -0.969093 -0.009973 -0.002108 0.000000 
5.000000e-01 5.000000e-01 4.999987e-03 5.000000e-01 5.000000e-01 1.515006e+00 -0.993256 0.002105 0.009960 0.969126 0.009960 0.002105 0.993256 -0.002108 -0.009973 -0.969093 -0.009973 -0.002108 0.000000 
5.000000e-01 5.000000e-01 4.999987e-03 5.000000e-01 5.000000e-01 1.515006e+00 -0.993256 0.002105 0.009960 0.969126 0.009960 0.002105 0.993256 -0.002108 -0.009973 -0.969093 -0.009973 -0.002108 0.000000 
5.000000e-01 5.000000e-01 4.999987e-03 5.000000e-01 5.000000e-01 1.515006e+00 -0.993256 0.002105 0.009960 0.969126 0.009960 0.002105 0.993256 -0.002108 -0.009973 -0.969093 -0.009973 -0.002108 0.000000 
5.000000e-01 5.000000e-01 4.999987e-03 5.000000e-01 5.000000e-01 1.515006e+00 -0.993256 0.002105 0.009960 0.969126 0.009960 0.002105 0.993256 -0.002108 -0.009973 -0.969093 -0.009973 -0.002108 0.000000 
5.000000e-01 5.000000e-01 4.999987e-03 5.000000e-01 5.000000e-01 1.515006e+00 -0.993256 0.002105 0.009960 0.969126 0.009960 0.002105 0.993256 -0.002108 -0.009973 -0.969093 -0.009973 -0.002108 0.000000 
5.000000e-01 5.000000e-01 4.999987e-03 5.000000e-01 5.000000e-01 1.515006e+00 -0.993256 0.002105 0.009960 0.969126 0.009960 0.002105 0.993256 -0.002108 -0.009973 -0.969093 -0.009973 -0.002108 0.000000 
5.000000e-01 5.000000e-01 4.999987e-03 5.000000e-01 5.000000e-01 1.515006e+00 -0.993256 0.002105 0.009960 0.969126 0.009960 0.002105 0.993256 -0.002108 -0.009973 -0.969093 -0.009973 -0.002108 0.000000 
5.000000e-01 5.000000e-01 4.999987e-03 5.000000e-01 5.000000e-01 1.515006e+00 -0.993256 0.002105 0.009960 0.969126 0.009960 0.002105 0.993256 -0.002108 -0.009973 -0.969093 -0.009973 -0.002108 0.000000 
5.000000e-01 5.000000e-01 4.999987e-03 5.000000e-01 5.000000e-01 1.515006e+00 -0.993256 0.002105 0.009960 0.969126 0.009960 0.002105 0.993256 -0.002108 -0.009973 -0.969093 -0.009973 -0.002108 0.000000 
5.000000e-01 5.000000e-01 4.999987e-03 5.000000e-01 5.000000e-01 1.515006e+00 -0.993256 0.002105 0.009960 0.969126 0.009960 0.002105 0.993256 -0.002108 -0.009973 -0.969093 -0.009973 -0.002108 0.000000 
5.000000e-01 5.000000e-01 4.999987e-03 5.000000e-01 5.000000e-01 1.515006e+00 -0.993256 0.002105 0.009960 0.969126 0.009960 0.002105 0.993256 -0.002108 -0.009973 -0.969093 -0.009973 -0.002108 0.000000 
5.000000e-01 5.000000e-01 4.999987e-03 5.000000e-01 5.000000e-01 1.515006e+00 -0.993256 0.002105 0.009960 0.969126 0.009960 0.002105 0.993256 -0.002108 -0.009973 -0.969093 -0.009973 -0.002108 0.000000 
5.000000e-01 5.000000e-01 4.999987e-03 5.000000e-01 5.000000e-01 1.515006e+00 -0.993256 0.002105 0.009960 0.969126 0.009960 0.002105 0.993256 -0.002108 -0.009973 -0.969093 -0.009973 -0.002108 0.000000 
5.000000e-01 5.000000e-01 4.999987e-03 5.000000e-01 5.000000e-01 1.515006e+00 -0.993256 0.002105 0.009960 0.969126 0.009960 0.002105 0.993256 -0.002108 -0.009973 -0.969093 -0.009973 -0.002108 0.000000 
5.000000e-01 5.000000e-01 4.999987e-03 5.000000e-01 5.000000e-01 1.515006e+00 -0.993256 0.002105 0.009960 0.969126 0.009960 0.002105 0.993256 -0.002108 -0.009973 -0.969093 -0.009973 -0.002108 0.000000 
5.000000e-01 5.000000e-01 4.999987e-03 5.000000e-01 5.000000e-01 1.515006e+00 -0.993256 0.002105 0.009960 0.969126 0.009960 0.002105 0.993256 -0.002108 -0.009973 -0.969093 -0.009973 -0.002108 0.000000 
5.000000e-01 5.000000e-01 4.999987e-03 5.000000e-01 5.000000e-01 1.515006e+00 -0.993256 0.002105 0.009960 0.969126 0.009960 0.002105 0.993256 -0.002108 -0.009973 -0.969093 -0.009973 -0.002108 0.000000 
5.000000e-01 5.000000e-01 4.999987e-03 5.000000e-01 5.000000e-01 1.515006e+00 -0.993256 0.002105 0.009960 0.969126 0.009960 0.002105 0.993256 -0.002108 -0.009973 -0.969093 -0.009973 -0.002108 0.000000 
5.000000e-01 5.000000e-01 4.999987e-03 5.000000e-01 5.000000e-01 1.515006e+00 -0.993256 0.002105 0.009960 0.969126 0.009960 0.002105 0.993256 -0.002108 -0.009973 -0.969093 -0.009973 -0.002108 0.000000 
5.000000e-01 5.000000e-01 4.999987e-03 5.000000e-01 5.000000e-01 1.515006e+00 -0.993256 0.002105 0.009960 0.969126 0.009960 0.002105 0.993256 -0.002108 -0.009973 -0.969093 -0.009973 -0.002108 0.000000 
5.000000e-01 5.000000e-01 4.999987e-03 5.000000e-01 5.000000e-01 1.515006e+00 -0.993256 0.002105 0.009960 0.969126 0.009960 0.002105 0.993256 -0.002108 -0.009973 -0.969093 -0.009973 -0.002108 0.000000 
5.000000e-01 5.000000e-01 4.999987e-03 5.000000e-01 5.000000e-01 1.515006e+00 -0.993256 0.002105 0.009960 0.969126 0.009960 0.002105 0.993256 -0.002108 -0.009973 -0.969093 -0.009973 -0.002108 0.000000 
5.000000e-01 5.000000e-01 4.999987e-03 5.000000e-01 5.000000e-01 1.515006e+00 -0.993256 0.002105 0.009960 0.969126 0.009960 0.002105 0.993256 -0.002108 -0.009973 -0.969093 -0.009973 -0.002108 0.000000 
5.000000e-01 5.000000e-01 4.999987e-03 5.000000e-01 5.000000e-01 1.515006e+00 -0.993256 0.002105 0.009960 0.969126 0.009960 0.002105 0.993256 -0.002108 -0.009973 -0.969093 -0.009973 -0.002108 0.000000 
5.000000e-01 5.000000e-01 4.999987e-03 5.000000e-01 5.000000e-01 1.515006e+00 -0.993256 0.002105 0.009960 0.969126 0.009960 0.002105 0.993256 -0.002108 -0.009973 -0.969093 -0.009973 -0.002108 0.000000 
5.000000e-01 5.000000e-01 4.999987e-03 5.000000e-01 5.000000e-01 1.515006e+00 -0.993256 0.002105 0.009960 0.969126 0.009960 0.002105 0.993256 -0.002108 -0.009973 -0.969093 -0.009973 -0.002108 0.000000 
5.000000e-01 5.000000e-01 4.999987e-03 5.000000e-01 5.000000e-01 1.515006e+00 -0.993256 0.002105 0.009960 0.969126 0.009960 0.002105 0.993256 -0.002108 -0.009973 -0.969093 -0.009973 -0.002108 0.000000 
5.000000e-01 5.000000e-01 4.999987e-03 5.000000e-01 5.000000e-01 1.515006e+00 -0.993256 0.002105 0.009960 0.969126 0.009960 0.002105 0.993256 -0.002108 -0.009973 -0.969093 -0.009973 -0.002108 0.000000 
5.000000e-01 5.000000e-01 4.999987e-03 5.000000e-01 5.000000e-01 1.515006e+00 -0.993256 0.002105 0.009960 0.969126 0.009960 0.002105 0.993256 -0.002108 -0.009973 -0.969093 -0.009973 -0.002108 0.000000 
5.000000e-01 5.000000e-01 4.999987e-03 5.000000e-01 5.000000e-01 1.515006e+00 -0.993256 0.002105 0.009960 0.969126 0.009960 0.002105 0.993256 -0.002108 -0.009973 -0.969093 -0.009973 -0.002108 0.000000 
5.000000e-01 5.000000e-01 4.999987e-03 5.000000e-01 5.000000e-01 1.515006e+00 -0.993256 0.002105 0.009960 0.969126 0.009960 0.002105 0.993256 -0.002108 -0.009973 -0.969093 -0.009973 -0.002108 0.000000 
5.000000e-01 5.000000e-01 4.999987e-03 5.000000e-01 5.000000e-01 1.515006e+00 -0.993256 0.002105 0.009960 0.969126 0.009960 0.002105 0.993256 -0.002108 -0.009973 -0.969093 -0.009973 -0.002108 0.000000 
5.000000e-01 5.000000e-01 4.999987e-03 5.000000e-01 5.000000e-01 1.515006e+00 -0.993256 0.002105 0.009960 0.969126 0.009960 0.002105 0.993256 -0.002108 -0.009973 -0.969093 -0.009973 -0.002108 0.000000 
5.000000e-01 5.000000e-01 4.999987e-03 5.000000e-01 5.000000e-01 1.515006e+00 -0.993256 0.002105 0.009960 0.969126 0.009960 0.002105 0.993256 -0.002108 -0.009973 -0.969093 -0.009973 -0.002108 0.000000 
5.000000e-01 5.000000e-01 4.999987e-03 5.000000e-01 5.000000e-01 1.515006e+00 -0.993256 0.002105 0.009960 0.969126 0.009960 0.002105 0.993256 -0.002108 -0.009973 -0.969093 -0.009973 -0.002108 0.000000 
5.000000e-01 5.000000e-01 4.999987e-03 5.000000e-01 5.000000e-01 1.515006e+00 -0.993256 0.002105 0.009960 0.969126 0.009960 0.002105 0.993256 -0.002108 -0.009973 -0.969093 -0.009973 -0.002108 0.000000 
5.000000e-01 5.000000e-01 4.999987e-03 5.000000e-01 5.000000e-01 1.515006e+00 -0.993256 0.002105 0.009960 0.969126 0.009960 0.002105 0.993256 -0.002108 -0.009973 -0.969093 -0.009973 -0.002108 0.000000 
5.000000e-01 5.000000e-01 4.999987e-03 5.000000e-01 5.000000e-01 1.515006e+00 -0.993256 0.002105 0.009960 0.969126 0.009960 0.002105 0.993256 -0.002108 -0.009973 -0.969093 -0.009973 -0.002108 0.000000 
5.000000e-01 5.000000e-01 4.999987e-03 5.000000e-01 5.000000e-01 1.515006e+00 -0.993256 0.002105 0.009960 0.969126 0.009960 0.002105 0.993256 -0.002108 -0.009973 -0.969093 -0.009973 -0.002108 0.000000 
5.000000e-01 5.000000e-01 4.999987e-03 5.000000e-01 5.000000e-01 1.515006e+00 -0.993256 0.002105 0.009960 0.969126 0.009960 0.002105 0.993256 -0.002108 -0.009973 -0.969093 -0.009973 -0.002108 0.000000 
5.000000e-01 5.000000e-01 4.999987e-03 5.000000e-01 5.000000e-01 1.515006e+00 -0.993256 0.002105 0.009960 0.969126 0.009960 0.002105 0.993256 -0.002108 -0.009973 -0.969093 -0.009973 -0.002108 0.000000 
5.000000e-01 5.000000e-01 4.999987e-03 5.000000e-01 5.000000e-01 1.515006e+00 -0.993256 0.002105 0.009960 0.969126 0.009960 0.002105 0.993256 -0.002108 -0.009973 -0.969093 -0.009973 -0.002108 0.000000 
5.000000e-01 5.000000e-01 4.999987e-03 5.000000e-01 5.000000e-01 1.515006e+00 -0.993256 0.002105 0.009960 0.969126 0.009960 0.002105 0.993256 -0.002108 -0.009973 -0.969093 -0.009973 -0.002108 0.000000 
5.000000e-01 5.000000e-01 4.999987e-03 5.000000e-01 5.000000e-01 1.515006e+00 -0.993256 0.002105 0.009960 0.969126 0.009960 0.002105 0.993256 -0.002108 -0.009973 -0.969093 -0.009973 -0.002108 0.000000 
5.000000e-01 5.000000e-01 4.999987e-03 5.000000e-01 5.000000e-01 1.515006e+00 -0.993256 0.002105 0.009960 0.969126 0.009960 0.002105 0.993256 -0.002108 -0.009973 -0.969093 -0.009973 -0.002108 0.000000 
5.000000e-01 5.000000e-01 4.999987e-03 5.000000e-01 5.000000e-01 1.515006e+00 -0.993256 0.002105 0.009960 0.969126 0.009960 0.002105 0.993256 -0.002108 -0.009973 -0.969093 -0.009973 -0.002108 0.000000 
5.000000e-01 5.000000e-01 4.999987e-03 5.000000e-01 5.000000e-01 1.515006e+00 -0.993256 0.002105 0.009960 0.969126 0.009960 0.002105 0.993256 -0.002108 -0.009973 -0.969093 -0.009973 -0.002108 0.000000 
5.000000e-01 5.000000e-01 4.999987e-03 5.000000e-01 5.000000e-01 1.515006e+00 -0.993256 0.002105 0.009960 0.969126 0.009960 0.002105 0.993256 -0.002108 -0.009973 -0.969093 -0.009973 -0.002108 0.000000 
5.000000e-01 5.000000e-01 4.999987e-03 5.000000e-01 5.000000e-01 1.515006e+00 -0.993256 0.002105 0.009960 0.969126 0.009960 0.002105 0.993256 -0.002108 -0.009973 -0.969093 -0.009973 -0.002108 0.000000 
5.000000e-01 5.000000e-01 4.999987e-03 5.000000e-01 5.000000e-01 1.515006e+00 -0.993256 0.002105 0.009960 0.969126 0.009960 0.002105 0.993256 -0.002108 -0.009973 -0.969093 -0.009973 -0.002108 0.000000 
5.000000e-01 5.000000e-01 4.999987e-03 5.000000e-01 5.000000e-01 1.515006e+00 -0.993256 0.002105 0.009960 0.969126 0.009960 0.002105 0.993256 -0.002108 -0.009973 -0.969093 -0.009973 -0.002108 0.000000 
5.000000e-01 5.000000e-01 4.999987e-03 5.000000e-01 5.000000e-01 1.515006e+00 -0.993256 0.002105 0.009960 0.969126 0.009960 0.002105 0.993256 -0.002108 -0.009973 -0.969093 -0.009973 -0.002108 0.000000 
5.000000e-01 5.000000e-01 4.999987e-03 5.000000e-01 5.000000e-01 1.515006e+00 -0.993256 0.002105 0.009960 0.969126 0.009960 0.002105 0.993256 -0.002108 -0.009973 -0.969093 -0.009973 -0.002108 0.000000 
5.000000e-01 5.000000e-01 4.999987e-03 5.000000e-01 5.000000e-01 1.515006e+00 -0.993256 0.002105 0.009960 0.969126 0.009960 0.002105 0.993256 -0.002108 -0.009973 -0.969093 -0.009973 -0.002108 0.000000 
5.000000e-01 5.000000e-01 4.999987e-03 5.000000e-01 5.000000e-01 1.515006e+00 -0.993256 0.002105 0.009960 0.969126 0.009960 0.002105 0.993256 -0.002108 -0.009973 -0.969093 -0.009973 -0.002108 0.000000 
5.000000e-01 5.000000e-01 4.999987e-03 5.000000e-01 5.000000e-01 1.515006e+00 -0.993256 0.002105 0.009960 0.969126 0.009960 0.002105 0.993256 -0.002108 -0.009973 -0.969093 -0.009973 -0.002108 0.000000 
5.000000e-01 5.000000e-01 4.999987e-03 5.000000e-01 5.000000e-01 1.515006e+00 -0.993256 0.002105 0.009960 0.969126 0.009960 0.002105 0.993256 -0.002108 -0.009973 -0.969093 -0.009973 -0.002108 0.000000 
5.000000e-01 5.000000e-01 4.999987e-03 5.000000e-01 5.000000e-01 1.515006e+00 -0.993256 0.002105 0.009960 0.969126 0.009960 0.002105 0.993256 -0.002108 -0.009973 -0.969093 -0.009973 -0.002108 0.000000 
5.000000e-01 5.000000e-01 4.999987e-03 5.000000e-01 5.000000e-01 1.515006e+00 -0.993256 0.002105 0.009960 0.969126 0.009960 0.002105 0.993256 -0.002108 -0.009973 -0.969093 -0.009973 -0.002108 0.000000 
5.000000e-01 5.000000e-01 4.999987e-03 5.000000e-01 5.000000e-01 1.515006e+00 -0.993256 0.002105 0.009960 0.969126 0.009960 0.002105 0.993256 -0.002108 -0.009973 -0.969093 -0.009973 -0.002108 0.000000 
5.000000e-01 5.000000e-01 4.999987e-03 5.000000e-01 5.000000e-01 1.515006e+00 -0.993256 0.002105 0.009960 0.969126 0.009960 0.002105 0.993256 -0.002108 -0.009973 -0.969093 -0.009973 -0.002108 0.000000 
5.000000e-01 5.000000e-01 4.999987e-03 5.000000e-01 5.000000e-01 1.515006e+00 -0.993256 0.002105 0.009960 0.969126 0.009960 0.002105 0.993256 -0.002108 -0.009973 -0.969093 -0.009973 -0.002108 0.000000 
5.000000e-01 5.000000e-01 4.999987e-03 5.000000e-01 5.000000e-01 1.515006e+00 -0.993256 0.002105 0.009960 0.969126 0.009960 0.002105 0.993256 -0.002108 -0.009973 -0.969093 -0.009973 -0.002108 0.000000 
5.000000e-01 5.000000e-01 4.999987e-03 5.000000e-01 5.000000e-01 1.515006e+00 -0.993256 0.002105 0.009960 0.969126 0.009960 0.002105 0.993256 -0.002108 -0.009973 -0.969093 -0.009973 -0.002108 0.000000 
5.000000e-01 5.000000e-01 4.999987e-03 5.000000e-01 5.000000e-01 1.515006e+00 -0.993256 0.002105 0.009960 0.969126 0.009960 0.002105 0.993256 -0.002108 -0.009973 -0.969093 -0.009973 -0.002108 0.000000 
5.000000e-01 5.000000e-01 4.999987e-03 5.000000e-01 5.000000e-01 1.515006e+00 -0.993256 0.002105 0.009960 0.969126 0.009960 0.002105 0.993256 -0.002108 -0.009973 -0.969093 -0.009973 -0.002108 0.000000 
5.000000e-01 5.000000e-01 4.999987e-03 5.000000e-01 5.000000e-01 1.515006e+00 -0.993256 0.002105 0.009960 0.969126 0.009960 0.002105 0.993256 -0.002108 -0.009973 -0.969093 -0.009973 -0.002108 0.000000 
5.000000e-01 5.000000e-01 4.999987e-03 5.000000e-01 5.000000e-01 1.515006e+00 -0.993256 0.002105 0.009960 0.969126 0.009960 0.002105 0.993256 -0.002108 -0.009973 -0.969093 -0.009973 -0.002108 0.000000 
5.000000e-01 5.000000e-01 4.999987e-03 5.000000e-01 5.000000e-01 1.515006e+00 -0.993256 0.002105 0.009960 0.969126 0.009960 0.002105 0.993256 -0.002108 -0.009973 -0.969093 -0.009973 -0.002108 0.000000 
5.000000e-01 5.000000e-01 4.999987e-03 5.000000e-01 5.000000e-01 1.515006e+00 -0.993256 0.002105 0.009960 0.969126 0.009960 0.002105 0.993256 -0.002108 -0.009973 -0.969093 -0.009973 -0.002108 0.000000 
5.000000e-01 5.000000e-01 4.999987e-03 5.000000e-01 5.000000e-01 1.515006e+00 -0.993256 0.002105 0.009960 0.969126 0.009960 0.002105 0.993256 -0.002108 -0.009973 -0.969093 -0.009973 -0.002108 0.000000 
5.000000e-01 5.000000e-01 4.999987e-03 5.000000e-01 5.000000e-01 1.515006e+00 -0.993256 0.002105 0.009960 0.969126 0.009960 0.002105 0.993256 -0.002108 -0.009973 -0.969093 -0.009973 -0.002108 0.000000 
5.000000e-01 5.000000e-01 4.999987e-03 5.000000e-01 5.000000e-01 1.515006e+00 -0.993256 0.002105 0.009960 0.969126 0.009960 0.002105 0.993256 -0.002108 -0.009973 -0.969093 -0.009973 -0.002108 0.000000 
5.000000e-01 5.000000e-01 4.999987e-03 5.000000e-01 5.000000e-01 1.515006e+00 -0.993256 0.002105 0.009960 0.969126 0.009960 0.002105 0.993256 -0.002108 -0.009973 -0.969093 -0.009973 -0.002108 0.000000 
5.000000e-01 5.000000e-01 4.999987e-03 5.000000e-01 5.000000e-01 1.515006e+00 -0.993256 0.002105 0.009960 0.969126 0.009960 0.002105 0.993256 -0.002108 -0.009973 -0.969093 -0.009973 -0.002108 0.000000 
5.000000e-01 5.000000e-01 4.999987e-03 5.000000e-01 5.000000e-01 1.515006e+00 -0.993256 0.002105 0.009960 0.969126 0.009960 0.002105 0.993256 -0.002108 -0.009973 -0.969093 -0.009973 -0.002108 0.000000 
5.000000e-01 5.000000e-01 4.999987e-03 5.000000e-01 5.000000e-01 1.515006e+00 -0.993256 0.002105 0.009960 0.969126 0.009960 0.002105 0.993256 -0.002108 -0.009973 -0.969093 -0.009973 -0.002108 0.000000 
5.000000e-01 5.000000e-01 4.999987e-03 5.000000e-01 5.000000e-01 1.515006e+00 -0.993256 0.002105 0.009960 0.969126 0.009960 0.002105 0.993256 -0.002108 -0.009973 -0.969093 -0.009973 -0.002108 0.000000 
5.000000e-01 5.000000e-01 4.999987e-03 5.000000e-01 5.000000e-01 1.515006e+00 -0.993256 0.002105 0.009960 0.969126 0.009960 0.002105 0.993256 -0.002108 -0.009973 -0.969093 -0.009973 -0.002108 0.000000 
5.000000e-01 5.000000e-01 4.999987e-03 5.000000e-01 5.000000e-01 1.515006e+00 -0.993256 0.002105 0.009960 0.969126 0.009960 0.002105 0.993256 -0.002108 -0.009973 -0.969093 -0.009973 -0.002108 0.000000 
5.000000e-01 5.000000e-01 4.999987e-03 5.000000e-01 5.000000e-01 1.515006e+00 -0.993256 0.002105 0.009960 0.969126 0.009960 0.002105 0.993256 -0.002108 -0.009973 -0.969093 -0.009973 -0.002108 0.000000 
5.000000e-01 5.000000e-01 4.999987e-03 5.000000e-01 5.000000e-01 1.515006e+00 -0.993256 0.002105 0.009960 0.969126 0.009960 0.002105 0.993256 -0.002108 -0.009973 -0.969093 -0.009973 -0.002108 0.000000 
5.000000e-01 5.000000e-01 4.999987e-03 5.000000e-01 5.000000e-01 1.515006e+00 -0.993256 0.002105 0.009960 0.969126 0.009960 0.002105 0.993256 -0.002108 -0.009973 -0.969093 -0.009973 -0.002108 0.000000 
5.000000e-01 5.000000e-01 4.999987e-03 5.000000e-01 5.000000e-01 1.515006e+00 -0.993256 0.002105 0.009960 0.969126 0.009960 0.002105 0.993256 -0.002108 -0.009973 -0.969093 -0.009973 -0.002108 0.000000 
5.000000e-01 5.000000e-01 4.999987e-03 5.000000e-01 5.000000e-01 1.515006e+00 -0.993256 0.002105 0.009960 0.969126 0.009960 0.002105 0.993256 -0.002108 -0.009973 -0.969093 -0.009973 -0.002108 0.000000 
5.000000e-01 5.000000e-01 4.999987e-03 5.000000e-01 5.000000e-01 1.515006e+00 -0.993256 0.002105 0.009960 0.969126 0.009960 0.002105 0.993256 -0.002108 -0.009973 -0.969093 -0.009973 -0.002108 0.000000 
5.000000e-01 5.000000e-01 4.999987e-03 5.000000e-01 5.000000e-01 1.515006e+00 -0.993256 0.002105 0.009960 0.969126 0.009960 0.002105 0.993256 -0.002108 -0.009973 -0.969093 -0.009973 -0.002108 0.000000 
5.000000e-01 5.000000e-01 4.999987e-03 5.000000e-01 5.000000e-01 1.515006e+00 -0.993256 0.002105 0.009960 0.969126 0.009960 0.002105 0.993256 -0.002108 -0.009973 -0.969093 -0.009973 -0.002108 0.000000 
5.000000e-01 5.000000e-01 4.999987e-03 5.000000e-01 5.000000e-01 1.515006e+00 -0.993256 0.002105 0.009960 0.969126 0.009960 0.002105 0.993256 -0.002108 -0.009973 -0.969093 -0.009973 -0.002108 0.000000 
5.000000e-01 5.000000e-01 4.999987e-03 5.000000e-01 5.000000e-01 1.515006e+00 -0.993256 0.002105 0.009960 0.969126 0.009960 0.002105 0.993256 -0.002108 -0.009973 -0.969093 -0.009973 -0.002108 0.000000 
5.000000e-01 5.000000e-01 4.999987e-03 5.000000e-01 5.000000e-01 1.515006e+00 -0.993256 0.002105 0.009960 0.969126 0.009960 0.002105 0.993256 -0.002108 -0.009973 -0.969093 -0.009973 -0.002108 0.000000 
5.000000e-01 5.000000e-01 4.999987e-03 5.000000e-01 5.000000e-01 1.515006e+00 -0.993256 0.002105 0.009960 0.969126 0.009960 0.002105 0.993256 -0.002108 -0.009973 -0.969093 -0.009973 -0.002108 0.000000 
5.000000e-01 5.000000e-01 4.999987e-03 5.000000e-01 5.000000e-01 1.515006e+00 -0.993256 0.002105 0.009960 0.969126 0.009960 0.002105 0.993256 -0.002108 -0.009973 -0.969093 -0.009973 -0.002108 0.000000 
5.000000e-01 5.000000e-01 4.999987e-03 5.000000e-01 5.000000e-01 1.515006e+00 -0.993256 0.002105 0.009960 0.969126 0.009960 0.002105 0.993256 -0.002108 -0.009973 -0.969093 -0.009973 -0.002108 0.000000 
5.000000e-01 5.000000e-01 4.999987e-03 5.000000e-01 5.000000e-01 1.515006e+00 -0.993256 0.002105 0.009960 0.969126 0.009960 0.002105 0.993256 -0.002108 -0.009973 -0.969093 -0.009973 -0.002108 0.000000 
5.000000e-01 5.000000e-01 4.999987e-03 5.000000e-01 5.000000e-01 1.515006e+00 -0.993256 0.002105 0.009960 0.969126 0.009960 0.002105 0.993256 -0.002108 -0.009973 -0.969093 -0.009973 -0.002108 0.000000 
5.000000e-01 5.000000e-01 4.999987e-03 5.000000e-01 5.000000e-01 1.515006e+00 -0.993256 0.002105 0.009960 0.969126 0.009960 0.002105 0.993256 -0.002108 -0.009973 -0.969093 -0.009973 -0.002108 0.000000 
5.000000e-01 5.000000e-01 4.999987e-03 5.000000e-01 5.000000e-01 1.515006e+00 -0.993256 0.002105 0.009960 0.969126 0.009960 0.002105 0.993256 -0.002108 -0.009973 -0.969093 -0.009973 -0.002108 0.000000 
5.000000e-01 5.000000e-01 4.999987e-03 5.000000e-01 5.000000e-01 1.515006e+00 -0.993256 0.002105 0.009960 0.969126 0.009960 0.002105 0.993256 -0.002108 -0.009973 -0.969093 -0.009973 -0.002108 0.000000 
5.000000e-01 5.000000e-01 4.999987e-03 5.000000e-01 5.000000e-01 1.515006e+00 -0.993256 0.002105 0.009960 0.969126 0.009960 0.002105 0.993256 -0.002108 -0.009973 -0.969093 -0.009973 -0.002108 0.000000 
5.000000e-01 5.000000e-01 4.999987e-03 5.000000e-01 5.000000e-01 1.515006e+00 -0.993256 0.002105 0.009960 0.969126 0.009960 0.002105 0.993256 -0.002108 -0.009973 -0.969093 -0.009973 -0.002108 0.000000 
5.000000e-01 5.000000e-01 4.999987e-03 5.000000e-01 5.000000e-01 1.515006e+00 -0.993256 0.002105 0.009960 0.969126 0.009960 0.002105 0.993256 -0.002108 -0.009973 -0.969093 -0.009973 -0.002108 0.000000 
5.000000e-01 5.000000e-01 4.999987e-03 5.000000e-01 5.000000e-01 1.515006e+00 -0.993256 0.002105 0.009960 0.969126 0.009960 0.002105 0.993256 -0.002108 -0.009973 -0.969093 -0.009973 -0.002108 0.000000 
5.000000e-01 5.000000e-01 4.999987e-03 5.000000e-01 5.000000e-01 1.515006e+00 -0.993256 0.002105 0.009960 0.969126 0.009960 0.002105 0.993256 -0.002108 -0.009973 -0.969093 -0.009973 -0.002108 0.000000 
5.000000e-01 5.000000e-01 4.999987e-03 5.000000e-01 5.000000e-01 1.515006e+00 -0.993256 0.002105 0.009960 0.969126 0.009960 0.002105 0.993256 -0.002108 -0.009973 -0.969093 -0.009973 -0.002108 0.000000 
5.000000e-01 5.000000e-01 4.999987e-03 5.000000e-01 5.000000e-01 1.515006e+00 -0.993256 0.002105 0.009960 0.969126 0.009960 0.002105 0.993256 -0.002108 -0.009973 -0.969093 -0.009973 -0.002108 0.000000 
5.000000e-01 5.000000e-01 4.999987e-03 5.000000e-01 5.000000e-01 1.515006e+00 -0.993256 0.002105 0.009960 0.969126 0.009960 0.002105 0.993256 -0.002108 -0.009973 -0.969093 -0.009973 -0.002108 0.000000 
5.000000e-01 5.000000e-01 4.999987e-03 5.000000e-01 5.000000e-01 1.515006e+00 -0.993256 0.002105 0.009960 0.969126 0.009960 0.002105 0.993256 -0.002108 -0.009973 -0.969093 -0.009973 -0.002108 0.000000 
5.000000e-01 5.000000e-01 4.999987e-03 5.000000e-01 5.000000e-01 1.515006e+00 -0.993256 0.002105 0.009960 0.969126 0.009960 0.002105 0.993256 -0.002108 -0.009973 -0.969093 -0.009973 -0.002108 0.000000 
5.000000e-01 5.000000e-01 4.999987e-03 5.000000e-01 5.000000e-01 1.515006e+00 -0.993256 0.002105 0.009960 0.969126 0.009960 0.002105 0.993256 -0.002108 -0.009973 -0.969093 -0.009973 -0.002108 0.000000 
5.000000e-01 5.000000e-01 4.999987e-03 5.000000e-01 5.000000e-01 1.515006e+00 -0.993256 0.002105 0.009960 0.969126 0.009960 0.002105 0.993256 -0.002108 -0.009973 -0.969093 -0.009973 -0.002108 0.000000 
5.000000e-01 5.000000e-01 4.999987e-03 5.000000e-01 5.000000e-01 1.515006e+00 -0.993256 0.002105 0.009960 0.969126 0.009960 0.002105 0.993256 -0.002108 -0.009973 -0.969093 -0.009973 -0.002108 0.000000 
5.000000e-01 5.000000e-01 4.999987e-03 5.000000e-01 5.000000e-01 1.515006e+00 -0.993256 0.002105 0.009960 0.969126 0.009960 0.002105 0.993256 -0.002108 -0.009973 -0.969093 -0.009973 -0.002108 0.000000 
5.000000e-01 5.000000e-01 4.999987e-03 5.000000e-01 5.000000e-01 1.515006e+00 -0.993256 0.002105 0.009960 0.969126 0.009960 0.002105 0.993256 -0.002108 -0.009973 -0.969093 -0.009973 -0.002108 0.000000 
5.000000e-01 5.000000e-01 4.999987e-03 5.000000e-01 5.000000e-01 1.515006e+00 -0.993256 0.002105 0.009960 0.969126 0.009960 0.002105 0.993256 -0.002108 -0.009973 -0.969093 -0.009973 -0.002108 0.000000 
5.000000e-01 5.000000e-01 4.999987e-03 5.000000e-01 5.000000e-01 1.515006e+00 -0.993256 0.002105 0.009960 0.969126 0.009960 0.002105 0.993256 -0.002108 -0.009973 -0.969093 -0.009973 -0.002108 0.000000 
5.000000e-01 5.000000e-01 4.999987e-03 5.000000e-01 5.000000e-01 1.515006e+00 -0.993256 0.002105 0.009960 0.969126 0.009960 0.002105 0.993256 -0.002108 -0.009973 -0.969093 -0.009973 -0.002108 0.000000 
5.000000e-01 5.000000e-01 4.999987e-03 5.000000e-01 5.000000e-01 1.515006e+00 -0.993256 0.002105 0.009960 0.969126 0.009960 0.002105 0.993256 -0.002108 -0.009973 -0.969093 -0.009973 -0.002108 0.000000 
5.000000e-01 5.000000e-01 4.999987e-03 5.000000e-01 5.000000e-01 1.515006e+00 -0.993256 0.002105 0.009960 0.969126 0.009960 0.002105 0.993256 -0.002108 -0.009973 -0.969093 -0.009973 -0.002108 0.000000 
5.000000e-01 5.000000e-01 4.999987e-03 5.000000e-01 5.000000e-01 1.515006e+00 -0.993256 0.002105 0.009960 0.969126 0.009960 0.002105 0.993256 -0.002108 -0.009973 -0.969093 -0.009973 -0.002108 0.000000 
5.000000e-01 5.000000e-01 4.999987e-03 5.000000e-01 5.000000e-01 1.515006e+00 -0.993256 0.002105 0.009960 0.969126 0.009960 0.002105 0.993256 -0.002108 -0.009973 -0.969093 -0.009973 -0.002108 0.000000 
5.000000e-01 5.000000e-01 4.999987e-03 5.000000e-01 5.000000e-01 1.515006e+00 -0.993256 0.002105 0.009960 0.969126 0.009960 0.002105 0.993256 -0.002108 -0.009973 -0.969093 -0.009973 -0.002108 0.000000 
