# TeX TeY TeZ ThX ThY THZ P1 P2
5.000000e-01 5.000000e-01 1.380000e+00 5.000000e-01 5.000000e-01 1.380000e+00 0.000000 0.000000 0.000000 0.000000 0.000000 0.000000 0.000000 0.000000 0.000000 0.000000 0.000000 0.000000 0.000000 
5.000000e-01 5.000000e-01 1.372293e+00 5.000000e-01 5.000000e-01 1.386559e+00 -0.009374 -0.005393 -0.004818 0.029796 -0.004818 -0.005393 0.009374 -0.001704 -0.001987 -0.001993 -0.001987 -0.001704 0.000000 
5.000000e-01 5.000000e-01 1.364511e+00 5.000000e-01 5.000000e-01 1.393082e+00 -0.018774 -0.010755 -0.009546 0.059376 -0.009546 -0.010755 0.018774 -0.003412 -0.003979 -0.003992 -0.003979 -0.003412 0.000000 
5.000000e-01 5.000000e-01 1.356656e+00 5.000000e-01 5.000000e-01 1.399570e+00 -0.028199 -0.016088 -0.014230 0.088834 -0.014230 -0.016088 0.028199 -0.005125 -0.005977 -0.005996 -0.005977 -0.005125 0.000000 
5.000000e-01 5.000000e-01 1.348728e+00 5.000000e-01 5.000000e-01 1.406022e+00 -0.037651 -0.021428 -0.019208 0.118924 -0.019208 -0.021428 0.037651 -0.006842 -0.007980 -0.008006 -0.007980 -0.006842 0.000000 
5.000000e-01 5.000000e-01 1.340727e+00 5.000000e-01 5.000000e-01 1.412437e+00 -0.047128 -0.026704 -0.024165 0.148866 -0.024165 -0.026704 0.047128 -0.008565 -0.009989 -0.010021 -0.009989 -0.008565 0.000000 
5.000000e-01 5.000000e-01 1.332653e+00 5.000000e-01 5.000000e-01 1.418816e+00 -0.056630 -0.031921 -0.029253 0.178979 -0.029253 -0.031921 0.056630 -0.010291 -0.012003 -0.012042 -0.012003 -0.010291 0.000000 
5.000000e-01 5.000000e-01 1.324508e+00 5.000000e-01 5.000000e-01 1.425158e+00 -0.066160 -0.037115 -0.034773 0.209936 -0.034773 -0.037115 0.066160 -0.012023 -0.014023 -0.014068 -0.014023 -0.012023 0.000000 
5.000000e-01 5.000000e-01 1.316291e+00 5.000000e-01 5.000000e-01 1.431463e+00 -0.075715 -0.042241 -0.040418 0.241034 -0.040418 -0.042241 0.075715 -0.013759 -0.016048 -0.016101 -0.016048 -0.013759 0.000000 
5.000000e-01 5.000000e-01 1.308002e+00 5.000000e-01 5.000000e-01 1.437731e+00 -0.085297 -0.047329 -0.046546 0.273045 -0.046546 -0.047329 0.085297 -0.015499 -0.018080 -0.018139 -0.018080 -0.015499 0.000000 
5.000000e-01 5.000000e-01 1.299643e+00 5.000000e-01 5.000000e-01 1.443962e+00 -0.094906 -0.052358 -0.053093 0.305810 -0.053093 -0.052358 0.094906 -0.017245 -0.020117 -0.020183 -0.020117 -0.017245 0.000000 
5.000000e-01 5.000000e-01 1.291214e+00 5.000000e-01 5.000000e-01 1.450155e+00 -0.104540 -0.057286 -0.059800 0.338711 -0.059800 -0.057286 0.104540 -0.018995 -0.022159 -0.022233 -0.022159 -0.018995 0.000000 
5.000000e-01 5.000000e-01 1.282715e+00 5.000000e-01 5.000000e-01 1.456310e+00 -0.114204 -0.062171 -0.067349 0.373245 -0.067349 -0.062171 0.114204 -0.020750 -0.024208 -0.024290 -0.024208 -0.020750 0.000000 
5.000000e-01 5.000000e-01 1.274147e+00 5.000000e-01 5.000000e-01 1.462427e+00 -0.123894 -0.066968 -0.075153 0.408135 -0.075153 -0.066968 0.123894 -0.022509 -0.026262 -0.026352 -0.026262 -0.022509 0.000000 
5.000000e-01 5.000000e-01 1.265511e+00 5.000000e-01 5.000000e-01 1.468505e+00 -0.133610 -0.071691 -0.083440 0.443873 -0.083440 -0.071691 0.133610 -0.024273 -0.028322 -0.028420 -0.028322 -0.024273 0.000000 
5.000000e-01 5.000000e-01 1.256806e+00 5.000000e-01 5.000000e-01 1.474545e+00 -0.143354 -0.076344 -0.092367 0.480778 -0.092367 -0.076344 0.143355 -0.026042 -0.030388 -0.030495 -0.030388 -0.026042 0.000000 
5.000000e-01 5.000000e-01 1.248034e+00 5.000000e-01 5.000000e-01 1.480547e+00 -0.153122 -0.080899 -0.101489 0.517898 -0.101489 -0.080899 0.153122 -0.027815 -0.032459 -0.032574 -0.032459 -0.027815 0.000000 
5.000000e-01 5.000000e-01 1.239194e+00 5.000000e-01 5.000000e-01 1.486509e+00 -0.162919 -0.085383 -0.111353 0.556391 -0.111353 -0.085383 0.162919 -0.029593 -0.034536 -0.034661 -0.034536 -0.029593 0.000000 
5.000000e-01 5.000000e-01 1.230288e+00 5.000000e-01 5.000000e-01 1.492430e+00 -0.172738 -0.089761 -0.121408 0.595077 -0.121408 -0.089761 0.172738 -0.031375 -0.036618 -0.036753 -0.036618 -0.031375 0.000000 
5.000000e-01 5.000000e-01 1.221316e+00 5.000000e-01 5.000000e-01 1.498312e+00 -0.182580 -0.094036 -0.131804 0.634260 -0.131804 -0.094036 0.182580 -0.033160 -0.038705 -0.038850 -0.038705 -0.033160 0.000000 
5.000000e-01 5.000000e-01 1.212278e+00 5.000000e-01 5.000000e-01 1.504151e+00 -0.192443 -0.098216 -0.142490 0.673855 -0.142490 -0.098216 0.192443 -0.034949 -0.040797 -0.040952 -0.040797 -0.034949 0.000000 
5.000000e-01 5.000000e-01 1.203175e+00 5.000000e-01 5.000000e-01 1.509946e+00 -0.202323 -0.102286 -0.153212 0.713319 -0.153212 -0.102286 0.202323 -0.036740 -0.042892 -0.043059 -0.042892 -0.036740 0.000000 
5.000000e-01 5.000000e-01 1.194008e+00 5.000000e-01 5.000000e-01 1.515120e+00 -0.211829 -0.105941 -0.162878 0.749467 -0.162878 -0.105941 0.211829 -0.038463 -0.044909 -0.045087 -0.044909 -0.038463 0.000000 
5.000000e-01 5.000000e-01 1.184777e+00 5.000000e-01 5.000000e-01 1.515120e+00 -0.217887 -0.106689 -0.161452 0.754170 -0.161452 -0.106689 0.217887 -0.039558 -0.046195 -0.046383 -0.046195 -0.039558 0.000000 
5.000000e-01 5.000000e-01 1.175482e+00 5.000000e-01 5.000000e-01 1.515120e+00 -0.223987 -0.107349 -0.159994 0.758674 -0.159994 -0.107349 0.223987 -0.040660 -0.047489 -0.047688 -0.047489 -0.040660 0.000000 
5.000000e-01 5.000000e-01 1.166125e+00 5.000000e-01 5.000000e-01 1.515120e+00 -0.230128 -0.107922 -0.158510 0.762992 -0.158510 -0.107922 0.230128 -0.041769 -0.048793 -0.049004 -0.048793 -0.041769 0.000000 
5.000000e-01 5.000000e-01 1.156705e+00 5.000000e-01 5.000000e-01 1.515120e+00 -0.236310 -0.108410 -0.157002 0.767134 -0.157002 -0.108410 0.236310 -0.042884 -0.050106 -0.050329 -0.050106 -0.042884 0.000000 
5.000000e-01 5.000000e-01 1.147223e+00 5.000000e-01 5.000000e-01 1.515120e+00 -0.242533 -0.108816 -0.155473 0.771112 -0.155473 -0.108816 0.242533 -0.044007 -0.051428 -0.051663 -0.051428 -0.044007 0.000000 
5.000000e-01 5.000000e-01 1.137680e+00 5.000000e-01 5.000000e-01 1.515120e+00 -0.248796 -0.109141 -0.153929 0.774936 -0.153929 -0.109141 0.248796 -0.045136 -0.052758 -0.053008 -0.052758 -0.045136 0.000000 
5.000000e-01 5.000000e-01 1.128076e+00 5.000000e-01 5.000000e-01 1.515120e+00 -0.255099 -0.109388 -0.152370 0.778615 -0.152370 -0.109388 0.255099 -0.046271 -0.054097 -0.054362 -0.054097 -0.046271 0.000000 
5.000000e-01 5.000000e-01 1.118412e+00 5.000000e-01 5.000000e-01 1.515120e+00 -0.261442 -0.109560 -0.150799 0.782160 -0.150799 -0.109560 0.261442 -0.047413 -0.055445 -0.055725 -0.055445 -0.047413 0.000000 
5.000000e-01 5.000000e-01 1.108687e+00 5.000000e-01 5.000000e-01 1.515120e+00 -0.267824 -0.109659 -0.149218 0.785578 -0.149218 -0.109659 0.267824 -0.048561 -0.056802 -0.057098 -0.056802 -0.048561 0.000000 
5.000000e-01 5.000000e-01 1.098904e+00 5.000000e-01 5.000000e-01 1.515120e+00 -0.274245 -0.109687 -0.147629 0.788878 -0.147629 -0.109687 0.274246 -0.049715 -0.058167 -0.058481 -0.058167 -0.049715 0.000000 
5.000000e-01 5.000000e-01 1.089062e+00 5.000000e-01 5.000000e-01 1.515120e+00 -0.280705 -0.109646 -0.146034 0.792067 -0.146034 -0.109646 0.280705 -0.050875 -0.059541 -0.059874 -0.059541 -0.050875 0.000000 
5.000000e-01 5.000000e-01 1.079161e+00 5.000000e-01 5.000000e-01 1.515120e+00 -0.287203 -0.109540 -0.144434 0.795152 -0.144434 -0.109540 0.287204 -0.052040 -0.060923 -0.061277 -0.060923 -0.052040 0.000000 
5.000000e-01 5.000000e-01 1.069203e+00 5.000000e-01 5.000000e-01 1.515120e+00 -0.293740 -0.109370 -0.142830 0.798140 -0.142830 -0.109370 0.293740 -0.053212 -0.062314 -0.062689 -0.062314 -0.053212 0.000000 
5.000000e-01 5.000000e-01 1.059188e+00 5.000000e-01 5.000000e-01 1.515120e+00 -0.300313 -0.109140 -0.141222 0.801037 -0.141222 -0.109140 0.300314 -0.054388 -0.063713 -0.064111 -0.063713 -0.054388 0.000000 
5.000000e-01 5.000000e-01 1.049115e+00 5.000000e-01 5.000000e-01 1.515120e+00 -0.306925 -0.108850 -0.139612 0.803850 -0.139612 -0.108850 0.306925 -0.055570 -0.065120 -0.065543 -0.065120 -0.055570 0.000000 
5.000000e-01 5.000000e-01 1.038987e+00 5.000000e-01 5.000000e-01 1.515120e+00 -0.313573 -0.108504 -0.138001 0.806583 -0.138001 -0.108504 0.313573 -0.056757 -0.066536 -0.066986 -0.066536 -0.056757 0.000000 
5.000000e-01 5.000000e-01 1.028802e+00 5.000000e-01 5.000000e-01 1.515120e+00 -0.320257 -0.108105 -0.136387 0.809242 -0.136387 -0.108105 0.320258 -0.057949 -0.067960 -0.068438 -0.067960 -0.057949 0.000000 
5.000000e-01 5.000000e-01 1.018563e+00 5.000000e-01 5.000000e-01 1.515120e+00 -0.326979 -0.107653 -0.134773 0.811831 -0.134773 -0.107653 0.326979 -0.059146 -0.069393 -0.069901 -0.069393 -0.059146 0.000000 
5.000000e-01 5.000000e-01 1.008268e+00 5.000000e-01 5.000000e-01 1.515120e+00 -0.333736 -0.107151 -0.133159 0.814356 -0.133159 -0.107151 0.333736 -0.060347 -0.070833 -0.071375 -0.070833 -0.060347 0.000000 
5.000000e-01 5.000000e-01 9.979194e-01 5.000000e-01 5.000000e-01 1.515120e+00 -0.340529 -0.106602 -0.131543 0.816820 -0.131543 -0.106602 0.340529 -0.061553 -0.072282 -0.072859 -0.072282 -0.061553 0.000000 
5.000000e-01 5.000000e-01 9.875168e-01 5.000000e-01 5.000000e-01 1.515120e+00 -0.347357 -0.106008 -0.129928 0.819228 -0.129928 -0.106008 0.347357 -0.062762 -0.073740 -0.074353 -0.073740 -0.062762 0.000000 
5.000000e-01 5.000000e-01 9.770608e-01 5.000000e-01 5.000000e-01 1.515120e+00 -0.354220 -0.105369 -0.128312 0.821584 -0.128312 -0.105369 0.354221 -0.063975 -0.075205 -0.075859 -0.075205 -0.063975 0.000000 
5.000000e-01 5.000000e-01 9.665518e-01 5.000000e-01 5.000000e-01 1.515120e+00 -0.361119 -0.104689 -0.126696 0.823890 -0.126696 -0.104689 0.361119 -0.065192 -0.076679 -0.077376 -0.076679 -0.065192 0.000000 
5.000000e-01 5.000000e-01 9.559905e-01 5.000000e-01 5.000000e-01 1.515120e+00 -0.368051 -0.103969 -0.125080 0.826150 -0.125080 -0.103969 0.368051 -0.066412 -0.078161 -0.078904 -0.078161 -0.066412 0.000000 
5.000000e-01 5.000000e-01 9.453772e-01 5.000000e-01 5.000000e-01 1.515120e+00 -0.375018 -0.103211 -0.123463 0.828368 -0.123463 -0.103211 0.375018 -0.067636 -0.079651 -0.080444 -0.079651 -0.067636 0.000000 
5.000000e-01 5.000000e-01 9.347123e-01 5.000000e-01 5.000000e-01 1.515120e+00 -0.382019 -0.102417 -0.121847 0.830546 -0.121847 -0.102417 0.382019 -0.068861 -0.081150 -0.081996 -0.081150 -0.068861 0.000000 
5.000000e-01 5.000000e-01 9.239964e-01 5.000000e-01 5.000000e-01 1.515120e+00 -0.389053 -0.101588 -0.120229 0.832688 -0.120229 -0.101588 0.389053 -0.070090 -0.082657 -0.083560 -0.082657 -0.070090 0.000000 
5.000000e-01 5.000000e-01 9.132299e-01 5.000000e-01 5.000000e-01 1.515120e+00 -0.396120 -0.100726 -0.118611 0.834795 -0.118611 -0.100726 0.396120 -0.071320 -0.084172 -0.085137 -0.084172 -0.071320 0.000000 
5.000000e-01 5.000000e-01 9.024133e-01 5.000000e-01 5.000000e-01 1.515120e+00 -0.403221 -0.099832 -0.116993 0.836870 -0.116993 -0.099832 0.403221 -0.072552 -0.085695 -0.086726 -0.085695 -0.072552 0.000000 
5.000000e-01 5.000000e-01 8.915469e-01 5.000000e-01 5.000000e-01 1.515120e+00 -0.410354 -0.098907 -0.115374 0.838916 -0.115374 -0.098907 0.410354 -0.073785 -0.087227 -0.088329 -0.087227 -0.073785 0.000000 
5.000000e-01 5.000000e-01 8.806313e-01 5.000000e-01 5.000000e-01 1.515120e+00 -0.417519 -0.097954 -0.113753 0.840934 -0.113753 -0.097954 0.417519 -0.075019 -0.088767 -0.089946 -0.088767 -0.075019 0.000000 
5.000000e-01 5.000000e-01 8.696668e-01 5.000000e-01 5.000000e-01 1.515120e+00 -0.424717 -0.096973 -0.112132 0.842927 -0.112132 -0.096973 0.424717 -0.076254 -0.090316 -0.091577 -0.090316 -0.076254 0.000000 
5.000000e-01 5.000000e-01 8.586539e-01 5.000000e-01 5.000000e-01 1.515120e+00 -0.431946 -0.095964 -0.110509 0.844894 -0.110509 -0.095964 0.431946 -0.077488 -0.091873 -0.093224 -0.091873 -0.077488 0.000000 
5.000000e-01 5.000000e-01 8.475931e-01 5.000000e-01 5.000000e-01 1.515120e+00 -0.439207 -0.094931 -0.108886 0.846840 -0.108886 -0.094931 0.439207 -0.078721 -0.093439 -0.094886 -0.093439 -0.078721 0.000000 
5.000000e-01 5.000000e-01 8.364847e-01 5.000000e-01 5.000000e-01 1.515120e+00 -0.446499 -0.093874 -0.107260 0.848766 -0.107260 -0.093874 0.446499 -0.079953 -0.095014 -0.096564 -0.095014 -0.079953 0.000000 
5.000000e-01 5.000000e-01 8.253292e-01 5.000000e-01 5.000000e-01 1.515120e+00 -0.453822 -0.092794 -0.105632 0.850674 -0.105632 -0.092794 0.453822 -0.081183 -0.096598 -0.098260 -0.096598 -0.081183 0.000000 
5.000000e-01 5.000000e-01 8.141270e-01 5.000000e-01 5.000000e-01 1.515120e+00 -0.461175 -0.091692 -0.104003 0.852566 -0.104003 -0.091692 0.461175 -0.082411 -0.098190 -0.099973 -0.098190 -0.082411 0.000000 
5.000000e-01 5.000000e-01 8.028785e-01 5.000000e-01 5.000000e-01 1.515120e+00 -0.468559 -0.090570 -0.102371 0.854442 -0.102371 -0.090570 0.468559 -0.083636 -0.099792 -0.101704 -0.099792 -0.083636 0.000000 
5.000000e-01 5.000000e-01 7.915842e-01 5.000000e-01 5.000000e-01 1.515120e+00 -0.475973 -0.089428 -0.100737 0.856304 -0.100737 -0.089428 0.475974 -0.084857 -0.101403 -0.103455 -0.101403 -0.084857 0.000000 
5.000000e-01 5.000000e-01 7.802443e-01 5.000000e-01 5.000000e-01 1.515120e+00 -0.483417 -0.088267 -0.099101 0.858153 -0.099101 -0.088267 0.483418 -0.086073 -0.103023 -0.105226 -0.103023 -0.086073 0.000000 
5.000000e-01 5.000000e-01 7.688594e-01 5.000000e-01 5.000000e-01 1.515120e+00 -0.490891 -0.087086 -0.097462 0.859989 -0.097462 -0.087086 0.490891 -0.087283 -0.104653 -0.107020 -0.104653 -0.087283 0.000000 
5.000000e-01 5.000000e-01 7.574297e-01 5.000000e-01 5.000000e-01 1.515120e+00 -0.498394 -0.085889 -0.095821 0.861814 -0.095821 -0.085889 0.498394 -0.088486 -0.106292 -0.108837 -0.106292 -0.088486 0.000000 
5.000000e-01 5.000000e-01 7.459558e-01 5.000000e-01 5.000000e-01 1.515120e+00 -0.505926 -0.084675 -0.094177 0.863630 -0.094177 -0.084675 0.505926 -0.089682 -0.107942 -0.110678 -0.107942 -0.089682 0.000000 
5.000000e-01 5.000000e-01 7.344380e-01 5.000000e-01 5.000000e-01 1.515120e+00 -0.513487 -0.083446 -0.092529 0.865437 -0.092529 -0.083446 0.513487 -0.090869 -0.109602 -0.112545 -0.109602 -0.090869 0.000000 
5.000000e-01 5.000000e-01 7.228767e-01 5.000000e-01 5.000000e-01 1.515120e+00 -0.521076 -0.082202 -0.090879 0.867237 -0.090879 -0.082202 0.521076 -0.092047 -0.111272 -0.114439 -0.111272 -0.092047 0.000000 
5.000000e-01 5.000000e-01 7.112723e-01 5.000000e-01 5.000000e-01 1.515120e+00 -0.528694 -0.080943 -0.089225 0.869030 -0.089225 -0.080943 0.528694 -0.093213 -0.112953 -0.116362 -0.112953 -0.093213 0.000000 
5.000000e-01 5.000000e-01 6.996251e-01 5.000000e-01 5.000000e-01 1.515120e+00 -0.536340 -0.079671 -0.087568 0.870817 -0.087568 -0.079671 0.536340 -0.094367 -0.114644 -0.118316 -0.114644 -0.094367 0.000000 
5.000000e-01 5.000000e-01 6.879356e-01 5.000000e-01 5.000000e-01 1.515120e+00 -0.544013 -0.078384 -0.085908 0.872597 -0.085908 -0.078384 0.544013 -0.095506 -0.116348 -0.120306 -0.116348 -0.095506 0.000000 
5.000000e-01 5.000000e-01 6.762040e-01 5.000000e-01 5.000000e-01 1.515120e+00 -0.551714 -0.077085 -0.084244 0.874373 -0.084244 -0.077085 0.551714 -0.096629 -0.118063 -0.122331 -0.118063 -0.096629 0.000000 
5.000000e-01 5.000000e-01 6.644308e-01 5.000000e-01 5.000000e-01 1.515120e+00 -0.559443 -0.075774 -0.082576 0.876145 -0.082576 -0.075774 0.559443 -0.097735 -0.119790 -0.124394 -0.119790 -0.097735 0.000000 
5.000000e-01 5.000000e-01 6.526163e-01 5.000000e-01 5.000000e-01 1.515120e+00 -0.567198 -0.074452 -0.080905 0.877913 -0.080905 -0.074452 0.567198 -0.098822 -0.121529 -0.126497 -0.121529 -0.098822 0.000000 
5.000000e-01 5.000000e-01 6.407609e-01 5.000000e-01 5.000000e-01 1.515120e+00 -0.574981 -0.073119 -0.079230 0.879679 -0.079230 -0.073119 0.574981 -0.099888 -0.123281 -0.128643 -0.123281 -0.099888 0.000000 
5.000000e-01 5.000000e-01 6.288649e-01 5.000000e-01 5.000000e-01 1.515120e+00 -0.582790 -0.071774 -0.077551 0.881442 -0.077551 -0.071774 0.582790 -0.100930 -0.125046 -0.130839 -0.125046 -0.100930 0.000000 
5.000000e-01 5.000000e-01 6.169288e-01 5.000000e-01 5.000000e-01 1.515120e+00 -0.590625 -0.070420 -0.075869 0.883202 -0.075869 -0.070420 0.590625 -0.101944 -0.126825 -0.133087 -0.126825 -0.101944 0.000000 
5.000000e-01 5.000000e-01 6.049527e-01 5.000000e-01 5.000000e-01 1.515120e+00 -0.598486 -0.069055 -0.074182 0.884962 -0.074182 -0.069055 0.598486 -0.102930 -0.128618 -0.135390 -0.128618 -0.102930 0.000000 
5.000000e-01 5.000000e-01 5.929372e-01 5.000000e-01 5.000000e-01 1.515120e+00 -0.606374 -0.067681 -0.072492 0.886720 -0.072492 -0.067681 0.606374 -0.103886 -0.130425 -0.137752 -0.130425 -0.103886 0.000000 
5.000000e-01 5.000000e-01 5.808824e-01 5.000000e-01 5.000000e-01 1.515120e+00 -0.614287 -0.066298 -0.070797 0.888478 -0.070797 -0.066298 0.614287 -0.104809 -0.132247 -0.140176 -0.132247 -0.104809 0.000000 
5.000000e-01 5.000000e-01 5.687889e-01 5.000000e-01 5.000000e-01 1.515120e+00 -0.622225 -0.064906 -0.069098 0.890235 -0.069098 -0.064906 0.622225 -0.105692 -0.134084 -0.142673 -0.134084 -0.105692 0.000000 
5.000000e-01 5.000000e-01 5.566568e-01 5.000000e-01 5.000000e-01 1.515120e+00 -0.630189 -0.063506 -0.067396 0.891992 -0.067396 -0.063506 0.630189 -0.106532 -0.135938 -0.145249 -0.135938 -0.106532 0.000000 
5.000000e-01 5.000000e-01 5.444865e-01 5.000000e-01 5.000000e-01 1.515120e+00 -0.638177 -0.062097 -0.065689 0.893750 -0.065689 -0.062097 0.638178 -0.107328 -0.137807 -0.147906 -0.137807 -0.107328 0.000000 
5.000000e-01 5.000000e-01 5.322784e-01 5.000000e-01 5.000000e-01 1.515120e+00 -0.646191 -0.060681 -0.063977 0.895508 -0.063977 -0.060681 0.646191 -0.108077 -0.139693 -0.150650 -0.139693 -0.108077 0.000000 
5.000000e-01 5.000000e-01 5.200328e-01 5.000000e-01 5.000000e-01 1.515120e+00 -0.654229 -0.059257 -0.062262 0.897267 -0.062262 -0.059257 0.654229 -0.108775 -0.141595 -0.153488 -0.141595 -0.108775 0.000000 
5.000000e-01 5.000000e-01 5.077499e-01 5.000000e-01 5.000000e-01 1.515120e+00 -0.662291 -0.057825 -0.060543 0.899027 -0.060543 -0.057825 0.662291 -0.109407 -0.143516 -0.156445 -0.143516 -0.109407 0.000000 
5.000000e-01 5.000000e-01 4.954302e-01 5.000000e-01 5.000000e-01 1.515120e+00 -0.670378 -0.056387 -0.058819 0.900789 -0.058819 -0.056387 0.670378 -0.109978 -0.145453 -0.159515 -0.145453 -0.109978 0.000000 
5.000000e-01 5.000000e-01 4.830739e-01 5.000000e-01 5.000000e-01 1.515120e+00 -0.678488 -0.054941 -0.057091 0.902552 -0.057091 -0.054941 0.678488 -0.110482 -0.147408 -0.162709 -0.147408 -0.110482 0.000000 
5.000000e-01 5.000000e-01 4.706813e-01 5.000000e-01 5.000000e-01 1.515120e+00 -0.686623 -0.053489 -0.055358 0.904317 -0.055358 -0.053489 0.686623 -0.110914 -0.149378 -0.166037 -0.149378 -0.110914 0.000000 
5.000000e-01 5.000000e-01 4.582528e-01 5.000000e-01 5.000000e-01 1.515120e+00 -0.694780 -0.052030 -0.053622 0.906084 -0.053622 -0.052030 0.694780 -0.111259 -0.151366 -0.169529 -0.151366 -0.111259 0.000000 
5.000000e-01 5.000000e-01 4.457886e-01 5.000000e-01 5.000000e-01 1.515120e+00 -0.702961 -0.050565 -0.051881 0.907853 -0.051881 -0.050565 0.702961 -0.111515 -0.153370 -0.173190 -0.153370 -0.111515 0.000000 
5.000000e-01 5.000000e-01 4.332890e-01 5.000000e-01 5.000000e-01 1.515120e+00 -0.711165 -0.049094 -0.050135 0.909625 -0.050135 -0.049094 0.711165 -0.111680 -0.155388 -0.177030 -0.155388 -0.111680 0.000000 
5.000000e-01 5.000000e-01 4.207544e-01 5.000000e-01 5.000000e-01 1.515120e+00 -0.719392 -0.047617 -0.048386 0.911399 -0.048386 -0.047617 0.719392 -0.111745 -0.157418 -0.181065 -0.157418 -0.111745 0.000000 
5.000000e-01 5.000000e-01 4.081850e-01 5.000000e-01 5.000000e-01 1.515120e+00 -0.727642 -0.046135 -0.046632 0.913175 -0.046632 -0.046135 0.727642 -0.111691 -0.159460 -0.185340 -0.159460 -0.111691 0.000000 
5.000000e-01 5.000000e-01 3.955812e-01 5.000000e-01 5.000000e-01 1.515120e+00 -0.735914 -0.044646 -0.044874 0.914954 -0.044874 -0.044646 0.735914 -0.111515 -0.161509 -0.189866 -0.161509 -0.111515 0.000000 
5.000000e-01 5.000000e-01 3.829431e-01 5.000000e-01 5.000000e-01 1.515120e+00 -0.744209 -0.043152 -0.043112 0.916736 -0.043112 -0.043152 0.744209 -0.111215 -0.163561 -0.194655 -0.163561 -0.111215 0.000000 
5.000000e-01 5.000000e-01 3.702711e-01 5.000000e-01 5.000000e-01 1.515120e+00 -0.752525 -0.041653 -0.041345 0.918521 -0.041345 -0.041653 0.752525 -0.110782 -0.165612 -0.199736 -0.165612 -0.110782 0.000000 
5.000000e-01 5.000000e-01 3.575655e-01 5.000000e-01 5.000000e-01 1.515120e+00 -0.760864 -0.040149 -0.039574 0.920309 -0.039574 -0.040149 0.760864 -0.110183 -0.167654 -0.205189 -0.167654 -0.110183 0.000000 
5.000000e-01 5.000000e-01 3.448266e-01 5.000000e-01 5.000000e-01 1.515120e+00 -0.769224 -0.038639 -0.037799 0.922100 -0.037799 -0.038639 0.769224 -0.109427 -0.169679 -0.211012 -0.169679 -0.109427 0.000000 
5.000000e-01 5.000000e-01 3.320546e-01 5.000000e-01 5.000000e-01 1.515120e+00 -0.777606 -0.037125 -0.036020 0.923894 -0.036020 -0.037125 0.777606 -0.108505 -0.171679 -0.217237 -0.171679 -0.108505 0.000000 
5.000000e-01 5.000000e-01 3.192497e-01 5.000000e-01 5.000000e-01 1.515120e+00 -0.786009 -0.035605 -0.034236 0.925691 -0.034236 -0.035605 0.786009 -0.107400 -0.173639 -0.223932 -0.173639 -0.107400 0.000000 
5.000000e-01 5.000000e-01 3.064123e-01 5.000000e-01 5.000000e-01 1.515120e+00 -0.794433 -0.034081 -0.032448 0.927492 -0.032448 -0.034081 0.794433 -0.106081 -0.175537 -0.231196 -0.175537 -0.106081 0.000000 
5.000000e-01 5.000000e-01 2.935427e-01 5.000000e-01 5.000000e-01 1.515120e+00 -0.802878 -0.032552 -0.030656 0.929296 -0.030656 -0.032552 0.802878 -0.104563 -0.177361 -0.239031 -0.177361 -0.104563 0.000000 
5.000000e-01 5.000000e-01 2.806409e-01 5.000000e-01 5.000000e-01 1.515120e+00 -0.811345 -0.031019 -0.028860 0.931103 -0.028860 -0.031019 0.811345 -0.102832 -0.179089 -0.247502 -0.179089 -0.102832 0.000000 
5.000000e-01 5.000000e-01 2.677074e-01 5.000000e-01 5.000000e-01 1.515120e+00 -0.819831 -0.029481 -0.027060 0.932914 -0.027060 -0.029481 0.819832 -0.100845 -0.180671 -0.256798 -0.180671 -0.100845 0.000000 
5.000000e-01 5.000000e-01 2.547424e-01 5.000000e-01 5.000000e-01 1.515120e+00 -0.828339 -0.027939 -0.025255 0.934728 -0.025255 -0.027939 0.828339 -0.098612 -0.182082 -0.266951 -0.182082 -0.098612 0.000000 
5.000000e-01 5.000000e-01 2.417459e-01 5.000000e-01 5.000000e-01 1.515120e+00 -0.836867 -0.026393 -0.023447 0.936546 -0.023447 -0.026393 0.836867 -0.096129 -0.183286 -0.278038 -0.183286 -0.096129 0.000000 
5.000000e-01 5.000000e-01 2.287184e-01 5.000000e-01 5.000000e-01 1.515120e+00 -0.845416 -0.024842 -0.021634 0.938367 -0.021634 -0.024842 0.845416 -0.093366 -0.184206 -0.290271 -0.184206 -0.093366 0.000000 
5.000000e-01 5.000000e-01 2.156599e-01 5.000000e-01 5.000000e-01 1.515120e+00 -0.853985 -0.023287 -0.019817 0.940192 -0.019817 -0.023287 0.853985 -0.090302 -0.184760 -0.303862 -0.184760 -0.090302 0.000000 
5.000000e-01 5.000000e-01 2.025706e-01 5.000000e-01 5.000000e-01 1.515120e+00 -0.862574 -0.021727 -0.017996 0.942021 -0.017996 -0.021727 0.862574 -0.086957 -0.184899 -0.318863 -0.184899 -0.086957 0.000000 
5.000000e-01 5.000000e-01 1.894505e-01 5.000000e-01 5.000000e-01 1.515120e+00 -0.871185 -0.020164 -0.016171 0.943854 -0.016171 -0.020164 0.871185 -0.083312 -0.184514 -0.335534 -0.184514 -0.083312 0.000000 
5.000000e-01 5.000000e-01 1.762998e-01 5.000000e-01 5.000000e-01 1.515120e+00 -0.879817 -0.018596 -0.014341 0.945691 -0.014341 -0.018596 0.879817 -0.079324 -0.183393 -0.354382 -0.183393 -0.079324 0.000000 
5.000000e-01 5.000000e-01 1.631184e-01 5.000000e-01 5.000000e-01 1.515120e+00 -0.888470 -0.017024 -0.012506 0.947531 -0.012506 -0.017024 0.888470 -0.075034 -0.181486 -0.375429 -0.181486 -0.075034 0.000000 
5.000000e-01 5.000000e-01 1.499060e-01 5.000000e-01 5.000000e-01 1.515120e+00 -0.897147 -0.015448 -0.010667 0.949377 -0.010667 -0.015448 0.897147 -0.070438 -0.178626 -0.399019 -0.178626 -0.070438 0.000000 
5.000000e-01 5.000000e-01 1.366624e-01 5.000000e-01 5.000000e-01 1.515120e+00 -0.905849 -0.013866 -0.008823 0.951227 -0.008823 -0.013866 0.905849 -0.065480 -0.174377 -0.426136 -0.174377 -0.065480 0.000000 
5.000000e-01 5.000000e-01 1.233868e-01 5.000000e-01 5.000000e-01 1.515120e+00 -0.914577 -0.012280 -0.006973 0.953082 -0.006973 -0.012280 0.914577 -0.060219 -0.168697 -0.456744 -0.168697 -0.060219 0.000000 
5.000000e-01 5.000000e-01 1.100783e-01 5.000000e-01 5.000000e-01 1.515120e+00 -0.923335 -0.010687 -0.005117 0.954944 -0.005117 -0.010687 0.923335 -0.054661 -0.161331 -0.491351 -0.161331 -0.054661 0.000000 
5.000000e-01 5.000000e-01 9.673564e-02 5.000000e-01 5.000000e-01 1.515120e+00 -0.932130 -0.009088 -0.003253 0.956813 -0.003253 -0.009088 0.932130 -0.048761 -0.151551 -0.531505 -0.151551 -0.048761 0.000000 
5.000000e-01 5.000000e-01 8.335695e-02 5.000000e-01 5.000000e-01 1.515120e+00 -0.940966 -0.007482 -0.001380 0.958690 -0.001380 -0.007482 0.940966 -0.042584 -0.139383 -0.577032 -0.139383 -0.042584 0.000000 
5.000000e-01 5.000000e-01 6.993997e-02 5.000000e-01 5.000000e-01 1.515120e+00 -0.949849 -0.005866 0.000502 0.960578 0.000502 -0.005866 0.949849 -0.036143 -0.124528 -0.628508 -0.124528 -0.036143 0.000000 
5.000000e-01 5.000000e-01 5.648242e-02 5.000000e-01 5.000000e-01 1.515120e+00 -0.958793 -0.004240 0.002397 0.962478 0.002397 -0.004240 0.958793 -0.029413 -0.106140 -0.687687 -0.106140 -0.029413 0.000000 
5.000000e-01 5.000000e-01 4.298235e-02 5.000000e-01 5.000000e-01 1.515120e+00 -0.967800 -0.002602 0.004306 0.964391 0.004306 -0.002602 0.967800 -0.022466 -0.084677 -0.753514 -0.084677 -0.022466 0.000000 
5.000000e-01 5.000000e-01 2.943925e-02 5.000000e-01 5.000000e-01 1.515120e+00 -0.976873 -0.000951 0.006229 0.966318 0.006229 -0.000951 0.976873 -0.015324 -0.060184 -0.825857 -0.060184 -0.015324 0.000000 
5.000000e-01 5.000000e-01 1.585514e-02 5.000000e-01 5.000000e-01 1.515120e+00 -0.986013 0.000711 0.008165 0.968260 0.008165 0.000711 0.986013 -0.008015 -0.032870 -0.904243 -0.032870 -0.008015 0.000000 
5.000000e-01 5.000000e-01 4.999854e-03 5.000000e-01 5.000000e-01 1.515120e+00 -0.993333 0.002043 0.009716 0.969815 0.009716 0.002043 0.993333 -0.002122 -0.009989 -0.969110 -0.009989 -0.002122 0.000000 
5.000000e-01 5.000000e-01 4.999854e-03 5.000000e-01 5.000000e-01 1.515120e+00 -0.993333 0.002043 0.009716 0.969815 0.009716 0.002043 0.993333 -0.002122 -0.009989 -0.969110 -0.009989 -0.002122 0.000000 
5.000000e-01 5.000000e-01 4.999854e-03 5.000000e-01 5.000000e-01 1.515120e+00 -0.993333 0.002043 0.009716 0.969815 0.009716 0.002043 0.993333 -0.002122 -0.009989 -0.969110 -0.009989 -0.002122 0.000000 
5.000000e-01 5.000000e-01 4.999854e-03 5.000000e-01 5.000000e-01 1.515120e+00 -0.993333 0.002043 0.009716 0.969815 0.009716 0.002043 0.993333 -0.002122 -0.009989 -0.969110 -0.009989 -0.002122 0.000000 
5.000000e-01 5.000000e-01 4.999854e-03 5.000000e-01 5.000000e-01 1.515120e+00 -0.993333 0.002043 0.009716 0.969815 0.009716 0.002043 0.993333 -0.002122 -0.009989 -0.969110 -0.009989 -0.002122 0.000000 
5.000000e-01 5.000000e-01 4.999854e-03 5.000000e-01 5.000000e-01 1.515120e+00 -0.993333 0.002043 0.009716 0.969815 0.009716 0.002043 0.993333 -0.002122 -0.009989 -0.969110 -0.009989 -0.002122 0.000000 
5.000000e-01 5.000000e-01 4.999854e-03 5.000000e-01 5.000000e-01 1.515120e+00 -0.993333 0.002043 0.009716 0.969815 0.009716 0.002043 0.993333 -0.002122 -0.009989 -0.969110 -0.009989 -0.002122 0.000000 
5.000000e-01 5.000000e-01 4.999854e-03 5.000000e-01 5.000000e-01 1.515120e+00 -0.993333 0.002043 0.009716 0.969815 0.009716 0.002043 0.993333 -0.002122 -0.009989 -0.969110 -0.009989 -0.002122 0.000000 
5.000000e-01 5.000000e-01 4.999854e-03 5.000000e-01 5.000000e-01 1.515120e+00 -0.993333 0.002043 0.009716 0.969815 0.009716 0.002043 0.993333 -0.002122 -0.009989 -0.969110 -0.009989 -0.002122 0.000000 
5.000000e-01 5.000000e-01 4.999854e-03 5.000000e-01 5.000000e-01 1.515120e+00 -0.993333 0.002043 0.009716 0.969815 0.009716 0.002043 0.993333 -0.002122 -0.009989 -0.969110 -0.009989 -0.002122 0.000000 
5.000000e-01 5.000000e-01 4.999854e-03 5.000000e-01 5.000000e-01 1.515120e+00 -0.993333 0.002043 0.009716 0.969815 0.009716 0.002043 0.993333 -0.002122 -0.009989 -0.969110 -0.009989 -0.002122 0.000000 
5.000000e-01 5.000000e-01 4.999854e-03 5.000000e-01 5.000000e-01 1.515120e+00 -0.993333 0.002043 0.009716 0.969815 0.009716 0.002043 0.993333 -0.002122 -0.009989 -0.969110 -0.009989 -0.002122 0.000000 
5.000000e-01 5.000000e-01 4.999854e-03 5.000000e-01 5.000000e-01 1.515120e+00 -0.993333 0.002043 0.009716 0.969815 0.009716 0.002043 0.993333 -0.002122 -0.009989 -0.969110 -0.009989 -0.002122 0.000000 
5.000000e-01 5.000000e-01 4.999854e-03 5.000000e-01 5.000000e-01 1.515120e+00 -0.993333 0.002043 0.009716 0.969815 0.009716 0.002043 0.993333 -0.002122 -0.009989 -0.969110 -0.009989 -0.002122 0.000000 
5.000000e-01 5.000000e-01 4.999854e-03 5.000000e-01 5.000000e-01 1.515120e+00 -0.993333 0.002043 0.009716 0.969815 0.009716 0.002043 0.993333 -0.002122 -0.009989 -0.969110 -0.009989 -0.002122 0.000000 
5.000000e-01 5.000000e-01 4.999854e-03 5.000000e-01 5.000000e-01 1.515120e+00 -0.993333 0.002043 0.009716 0.969815 0.009716 0.002043 0.993333 -0.002122 -0.009989 -0.969110 -0.009989 -0.002122 0.000000 
5.000000e-01 5.000000e-01 4.999854e-03 5.000000e-01 5.000000e-01 1.515120e+00 -0.993333 0.002043 0.009716 0.969815 0.009716 0.002043 0.993333 -0.002122 -0.009989 -0.969110 -0.009989 -0.002122 0.000000 
5.000000e-01 5.000000e-01 4.999854e-03 5.000000e-01 5.000000e-01 1.515120e+00 -0.993333 0.002043 0.009716 0.969815 0.009716 0.002043 0.993333 -0.002122 -0.009989 -0.969110 -0.009989 -0.002122 0.000000 
5.000000e-01 5.000000e-01 4.999854e-03 5.000000e-01 5.000000e-01 1.515120e+00 -0.993333 0.002043 0.009716 0.969815 0.009716 0.002043 0.993333 -0.002122 -0.009989 -0.969110 -0.009989 -0.002122 0.000000 
5.000000e-01 5.000000e-01 4.999854e-03 5.000000e-01 5.000000e-01 1.515120e+00 -0.993333 0.002043 0.009716 0.969815 0.009716 0.002043 0.993333 -0.002122 -0.009989 -0.969110 -0.009989 -0.002122 0.000000 
5.000000e-01 5.000000e-01 4.999854e-03 5.000000e-01 5.000000e-01 1.515120e+00 -0.993333 0.002043 0.009716 0.969815 0.009716 0.002043 0.993333 -0.002122 -0.009989 -0.969110 -0.009989 -0.002122 0.000000 
5.000000e-01 5.000000e-01 4.999854e-03 5.000000e-01 5.000000e-01 1.515120e+00 -0.993333 0.002043 0.009716 0.969815 0.009716 0.002043 0.993333 -0.002122 -0.009989 -0.969110 -0.009989 -0.002122 0.000000 
5.000000e-01 5.000000e-01 4.999854e-03 5.000000e-01 5.000000e-01 1.515120e+00 -0.993333 0.002043 0.009716 0.969815 0.009716 0.002043 0.993333 -0.002122 -0.009989 -0.969110 -0.009989 -0.002122 0.000000 
5.000000e-01 5.000000e-01 4.999854e-03 5.000000e-01 5.000000e-01 1.515120e+00 -0.993333 0.002043 0.009716 0.969815 0.009716 0.002043 0.993333 -0.002122 -0.009989 -0.969110 -0.009989 -0.002122 0.000000 
5.000000e-01 5.000000e-01 4.999854e-03 5.000000e-01 5.000000e-01 1.515120e+00 -0.993333 0.002043 0.009716 0.969815 0.009716 0.002043 0.993333 -0.002122 -0.009989 -0.969110 -0.009989 -0.002122 0.000000 
5.000000e-01 5.000000e-01 4.999854e-03 5.000000e-01 5.000000e-01 1.515120e+00 -0.993333 0.002043 0.009716 0.969815 0.009716 0.002043 0.993333 -0.002122 -0.009989 -0.969110 -0.009989 -0.002122 0.000000 
5.000000e-01 5.000000e-01 4.999854e-03 5.000000e-01 5.000000e-01 1.515120e+00 -0.993333 0.002043 0.009716 0.969815 0.009716 0.002043 0.993333 -0.002122 -0.009989 -0.969110 -0.009989 -0.002122 0.000000 
5.000000e-01 5.000000e-01 4.999854e-03 5.000000e-01 5.000000e-01 1.515120e+00 -0.993333 0.002043 0.009716 0.969815 0.009716 0.002043 0.993333 -0.002122 -0.009989 -0.969110 -0.009989 -0.002122 0.000000 
5.000000e-01 5.000000e-01 4.999854e-03 5.000000e-01 5.000000e-01 1.515120e+00 -0.993333 0.002043 0.009716 0.969815 0.009716 0.002043 0.993333 -0.002122 -0.009989 -0.969110 -0.009989 -0.002122 0.000000 
5.000000e-01 5.000000e-01 4.999854e-03 5.000000e-01 5.000000e-01 1.515120e+00 -0.993333 0.002043 0.009716 0.969815 0.009716 0.002043 0.993333 -0.002122 -0.009989 -0.969110 -0.009989 -0.002122 0.000000 
5.000000e-01 5.000000e-01 4.999854e-03 5.000000e-01 5.000000e-01 1.515120e+00 -0.993333 0.002043 0.009716 0.969815 0.009716 0.002043 0.993333 -0.002122 -0.009989 -0.969110 -0.009989 -0.002122 0.000000 
5.000000e-01 5.000000e-01 4.999854e-03 5.000000e-01 5.000000e-01 1.515120e+00 -0.993333 0.002043 0.009716 0.969815 0.009716 0.002043 0.993333 -0.002122 -0.009989 -0.969110 -0.009989 -0.002122 0.000000 
5.000000e-01 5.000000e-01 4.999854e-03 5.000000e-01 5.000000e-01 1.515120e+00 -0.993333 0.002043 0.009716 0.969815 0.009716 0.002043 0.993333 -0.002122 -0.009989 -0.969110 -0.009989 -0.002122 0.000000 
5.000000e-01 5.000000e-01 4.999854e-03 5.000000e-01 5.000000e-01 1.515120e+00 -0.993333 0.002043 0.009716 0.969815 0.009716 0.002043 0.993333 -0.002122 -0.009989 -0.969110 -0.009989 -0.002122 0.000000 
5.000000e-01 5.000000e-01 4.999854e-03 5.000000e-01 5.000000e-01 1.515120e+00 -0.993333 0.002043 0.009716 0.969815 0.009716 0.002043 0.993333 -0.002122 -0.009989 -0.969110 -0.009989 -0.002122 0.000000 
5.000000e-01 5.000000e-01 4.999854e-03 5.000000e-01 5.000000e-01 1.515120e+00 -0.993333 0.002043 0.009716 0.969815 0.009716 0.002043 0.993333 -0.002122 -0.009989 -0.969110 -0.009989 -0.002122 0.000000 
5.000000e-01 5.000000e-01 4.999854e-03 5.000000e-01 5.000000e-01 1.515120e+00 -0.993333 0.002043 0.009716 0.969815 0.009716 0.002043 0.993333 -0.002122 -0.009989 -0.969110 -0.009989 -0.002122 0.000000 
5.000000e-01 5.000000e-01 4.999854e-03 5.000000e-01 5.000000e-01 1.515120e+00 -0.993333 0.002043 0.009716 0.969815 0.009716 0.002043 0.993333 -0.002122 -0.009989 -0.969110 -0.009989 -0.002122 0.000000 
5.000000e-01 5.000000e-01 4.999854e-03 5.000000e-01 5.000000e-01 1.515120e+00 -0.993333 0.002043 0.009716 0.969815 0.009716 0.002043 0.993333 -0.002122 -0.009989 -0.969110 -0.009989 -0.002122 0.000000 
5.000000e-01 5.000000e-01 4.999854e-03 5.000000e-01 5.000000e-01 1.515120e+00 -0.993333 0.002043 0.009716 0.969815 0.009716 0.002043 0.993333 -0.002122 -0.009989 -0.969110 -0.009989 -0.002122 0.000000 
5.000000e-01 5.000000e-01 4.999854e-03 5.000000e-01 5.000000e-01 1.515120e+00 -0.993333 0.002043 0.009716 0.969815 0.009716 0.002043 0.993333 -0.002122 -0.009989 -0.969110 -0.009989 -0.002122 0.000000 
5.000000e-01 5.000000e-01 4.999854e-03 5.000000e-01 5.000000e-01 1.515120e+00 -0.993333 0.002043 0.009716 0.969815 0.009716 0.002043 0.993333 -0.002122 -0.009989 -0.969110 -0.009989 -0.002122 0.000000 
5.000000e-01 5.000000e-01 4.999854e-03 5.000000e-01 5.000000e-01 1.515120e+00 -0.993333 0.002043 0.009716 0.969815 0.009716 0.002043 0.993333 -0.002122 -0.009989 -0.969110 -0.009989 -0.002122 0.000000 
5.000000e-01 5.000000e-01 4.999854e-03 5.000000e-01 5.000000e-01 1.515120e+00 -0.993333 0.002043 0.009716 0.969815 0.009716 0.002043 0.993333 -0.002122 -0.009989 -0.969110 -0.009989 -0.002122 0.000000 
5.000000e-01 5.000000e-01 4.999854e-03 5.000000e-01 5.000000e-01 1.515120e+00 -0.993333 0.002043 0.009716 0.969815 0.009716 0.002043 0.993333 -0.002122 -0.009989 -0.969110 -0.009989 -0.002122 0.000000 
5.000000e-01 5.000000e-01 4.999854e-03 5.000000e-01 5.000000e-01 1.515120e+00 -0.993333 0.002043 0.009716 0.969815 0.009716 0.002043 0.993333 -0.002122 -0.009989 -0.969110 -0.009989 -0.002122 0.000000 
5.000000e-01 5.000000e-01 4.999854e-03 5.000000e-01 5.000000e-01 1.515120e+00 -0.993333 0.002043 0.009716 0.969815 0.009716 0.002043 0.993333 -0.002122 -0.009989 -0.969110 -0.009989 -0.002122 0.000000 
5.000000e-01 5.000000e-01 4.999854e-03 5.000000e-01 5.000000e-01 1.515120e+00 -0.993333 0.002043 0.009716 0.969815 0.009716 0.002043 0.993333 -0.002122 -0.009989 -0.969110 -0.009989 -0.002122 0.000000 
5.000000e-01 5.000000e-01 4.999854e-03 5.000000e-01 5.000000e-01 1.515120e+00 -0.993333 0.002043 0.009716 0.969815 0.009716 0.002043 0.993333 -0.002122 -0.009989 -0.969110 -0.009989 -0.002122 0.000000 
5.000000e-01 5.000000e-01 4.999854e-03 5.000000e-01 5.000000e-01 1.515120e+00 -0.993333 0.002043 0.009716 0.969815 0.009716 0.002043 0.993333 -0.002122 -0.009989 -0.969110 -0.009989 -0.002122 0.000000 
5.000000e-01 5.000000e-01 4.999854e-03 5.000000e-01 5.000000e-01 1.515120e+00 -0.993333 0.002043 0.009716 0.969815 0.009716 0.002043 0.993333 -0.002122 -0.009989 -0.969110 -0.009989 -0.002122 0.000000 
5.000000e-01 5.000000e-01 4.999854e-03 5.000000e-01 5.000000e-01 1.515120e+00 -0.993333 0.002043 0.009716 0.969815 0.009716 0.002043 0.993333 -0.002122 -0.009989 -0.969110 -0.009989 -0.002122 0.000000 
5.000000e-01 5.000000e-01 4.999854e-03 5.000000e-01 5.000000e-01 1.515120e+00 -0.993333 0.002043 0.009716 0.969815 0.009716 0.002043 0.993333 -0.002122 -0.009989 -0.969110 -0.009989 -0.002122 0.000000 
5.000000e-01 5.000000e-01 4.999854e-03 5.000000e-01 5.000000e-01 1.515120e+00 -0.993333 0.002043 0.009716 0.969815 0.009716 0.002043 0.993333 -0.002122 -0.009989 -0.969110 -0.009989 -0.002122 0.000000 
5.000000e-01 5.000000e-01 4.999854e-03 5.000000e-01 5.000000e-01 1.515120e+00 -0.993333 0.002043 0.009716 0.969815 0.009716 0.002043 0.993333 -0.002122 -0.009989 -0.969110 -0.009989 -0.002122 0.000000 
5.000000e-01 5.000000e-01 4.999854e-03 5.000000e-01 5.000000e-01 1.515120e+00 -0.993333 0.002043 0.009716 0.969815 0.009716 0.002043 0.993333 -0.002122 -0.009989 -0.969110 -0.009989 -0.002122 0.000000 
5.000000e-01 5.000000e-01 4.999854e-03 5.000000e-01 5.000000e-01 1.515120e+00 -0.993333 0.002043 0.009716 0.969815 0.009716 0.002043 0.993333 -0.002122 -0.009989 -0.969110 -0.009989 -0.002122 0.000000 
5.000000e-01 5.000000e-01 4.999854e-03 5.000000e-01 5.000000e-01 1.515120e+00 -0.993333 0.002043 0.009716 0.969815 0.009716 0.002043 0.993333 -0.002122 -0.009989 -0.969110 -0.009989 -0.002122 0.000000 
5.000000e-01 5.000000e-01 4.999854e-03 5.000000e-01 5.000000e-01 1.515120e+00 -0.993333 0.002043 0.009716 0.969815 0.009716 0.002043 0.993333 -0.002122 -0.009989 -0.969110 -0.009989 -0.002122 0.000000 
5.000000e-01 5.000000e-01 4.999854e-03 5.000000e-01 5.000000e-01 1.515120e+00 -0.993333 0.002043 0.009716 0.969815 0.009716 0.002043 0.993333 -0.002122 -0.009989 -0.969110 -0.009989 -0.002122 0.000000 
5.000000e-01 5.000000e-01 4.999854e-03 5.000000e-01 5.000000e-01 1.515120e+00 -0.993333 0.002043 0.009716 0.969815 0.009716 0.002043 0.993333 -0.002122 -0.009989 -0.969110 -0.009989 -0.002122 0.000000 
5.000000e-01 5.000000e-01 4.999854e-03 5.000000e-01 5.000000e-01 1.515120e+00 -0.993333 0.002043 0.009716 0.969815 0.009716 0.002043 0.993333 -0.002122 -0.009989 -0.969110 -0.009989 -0.002122 0.000000 
5.000000e-01 5.000000e-01 4.999854e-03 5.000000e-01 5.000000e-01 1.515120e+00 -0.993333 0.002043 0.009716 0.969815 0.009716 0.002043 0.993333 -0.002122 -0.009989 -0.969110 -0.009989 -0.002122 0.000000 
5.000000e-01 5.000000e-01 4.999854e-03 5.000000e-01 5.000000e-01 1.515120e+00 -0.993333 0.002043 0.009716 0.969815 0.009716 0.002043 0.993333 -0.002122 -0.009989 -0.969110 -0.009989 -0.002122 0.000000 
5.000000e-01 5.000000e-01 4.999854e-03 5.000000e-01 5.000000e-01 1.515120e+00 -0.993333 0.002043 0.009716 0.969815 0.009716 0.002043 0.993333 -0.002122 -0.009989 -0.969110 -0.009989 -0.002122 0.000000 
5.000000e-01 5.000000e-01 4.999854e-03 5.000000e-01 5.000000e-01 1.515120e+00 -0.993333 0.002043 0.009716 0.969815 0.009716 0.002043 0.993333 -0.002122 -0.009989 -0.969110 -0.009989 -0.002122 0.000000 
5.000000e-01 5.000000e-01 4.999854e-03 5.000000e-01 5.000000e-01 1.515120e+00 -0.993333 0.002043 0.009716 0.969815 0.009716 0.002043 0.993333 -0.002122 -0.009989 -0.969110 -0.009989 -0.002122 0.000000 
5.000000e-01 5.000000e-01 4.999854e-03 5.000000e-01 5.000000e-01 1.515120e+00 -0.993333 0.002043 0.009716 0.969815 0.009716 0.002043 0.993333 -0.002122 -0.009989 -0.969110 -0.009989 -0.002122 0.000000 
5.000000e-01 5.000000e-01 4.999854e-03 5.000000e-01 5.000000e-01 1.515120e+00 -0.993333 0.002043 0.009716 0.969815 0.009716 0.002043 0.993333 -0.002122 -0.009989 -0.969110 -0.009989 -0.002122 0.000000 
5.000000e-01 5.000000e-01 4.999854e-03 5.000000e-01 5.000000e-01 1.515120e+00 -0.993333 0.002043 0.009716 0.969815 0.009716 0.002043 0.993333 -0.002122 -0.009989 -0.969110 -0.009989 -0.002122 0.000000 
5.000000e-01 5.000000e-01 4.999854e-03 5.000000e-01 5.000000e-01 1.515120e+00 -0.993333 0.002043 0.009716 0.969815 0.009716 0.002043 0.993333 -0.002122 -0.009989 -0.969110 -0.009989 -0.002122 0.000000 
5.000000e-01 5.000000e-01 4.999854e-03 5.000000e-01 5.000000e-01 1.515120e+00 -0.993333 0.002043 0.009716 0.969815 0.009716 0.002043 0.993333 -0.002122 -0.009989 -0.969110 -0.009989 -0.002122 0.000000 
5.000000e-01 5.000000e-01 4.999854e-03 5.000000e-01 5.000000e-01 1.515120e+00 -0.993333 0.002043 0.009716 0.969815 0.009716 0.002043 0.993333 -0.002122 -0.009989 -0.969110 -0.009989 -0.002122 0.000000 
5.000000e-01 5.000000e-01 4.999854e-03 5.000000e-01 5.000000e-01 1.515120e+00 -0.993333 0.002043 0.009716 0.969815 0.009716 0.002043 0.993333 -0.002122 -0.009989 -0.969110 -0.009989 -0.002122 0.000000 
5.000000e-01 5.000000e-01 4.999854e-03 5.000000e-01 5.000000e-01 1.515120e+00 -0.993333 0.002043 0.009716 0.969815 0.009716 0.002043 0.993333 -0.002122 -0.009989 -0.969110 -0.009989 -0.002122 0.000000 
5.000000e-01 5.000000e-01 4.999854e-03 5.000000e-01 5.000000e-01 1.515120e+00 -0.993333 0.002043 0.009716 0.969815 0.009716 0.002043 0.993333 -0.002122 -0.009989 -0.969110 -0.009989 -0.002122 0.000000 
5.000000e-01 5.000000e-01 4.999854e-03 5.000000e-01 5.000000e-01 1.515120e+00 -0.993333 0.002043 0.009716 0.969815 0.009716 0.002043 0.993333 -0.002122 -0.009989 -0.969110 -0.009989 -0.002122 0.000000 
5.000000e-01 5.000000e-01 4.999854e-03 5.000000e-01 5.000000e-01 1.515120e+00 -0.993333 0.002043 0.009716 0.969815 0.009716 0.002043 0.993333 -0.002122 -0.009989 -0.969110 -0.009989 -0.002122 0.000000 
5.000000e-01 5.000000e-01 4.999854e-03 5.000000e-01 5.000000e-01 1.515120e+00 -0.993333 0.002043 0.009716 0.969815 0.009716 0.002043 0.993333 -0.002122 -0.009989 -0.969110 -0.009989 -0.002122 0.000000 
5.000000e-01 5.000000e-01 4.999854e-03 5.000000e-01 5.000000e-01 1.515120e+00 -0.993333 0.002043 0.009716 0.969815 0.009716 0.002043 0.993333 -0.002122 -0.009989 -0.969110 -0.009989 -0.002122 0.000000 
5.000000e-01 5.000000e-01 4.999854e-03 5.000000e-01 5.000000e-01 1.515120e+00 -0.993333 0.002043 0.009716 0.969815 0.009716 0.002043 0.993333 -0.002122 -0.009989 -0.969110 -0.009989 -0.002122 0.000000 
5.000000e-01 5.000000e-01 4.999854e-03 5.000000e-01 5.000000e-01 1.515120e+00 -0.993333 0.002043 0.009716 0.969815 0.009716 0.002043 0.993333 -0.002122 -0.009989 -0.969110 -0.009989 -0.002122 0.000000 
5.000000e-01 5.000000e-01 4.999854e-03 5.000000e-01 5.000000e-01 1.515120e+00 -0.993333 0.002043 0.009716 0.969815 0.009716 0.002043 0.993333 -0.002122 -0.009989 -0.969110 -0.009989 -0.002122 0.000000 
5.000000e-01 5.000000e-01 4.999854e-03 5.000000e-01 5.000000e-01 1.515120e+00 -0.993333 0.002043 0.009716 0.969815 0.009716 0.002043 0.993333 -0.002122 -0.009989 -0.969110 -0.009989 -0.002122 0.000000 
5.000000e-01 5.000000e-01 4.999854e-03 5.000000e-01 5.000000e-01 1.515120e+00 -0.993333 0.002043 0.009716 0.969815 0.009716 0.002043 0.993333 -0.002122 -0.009989 -0.969110 -0.009989 -0.002122 0.000000 
5.000000e-01 5.000000e-01 4.999854e-03 5.000000e-01 5.000000e-01 1.515120e+00 -0.993333 0.002043 0.009716 0.969815 0.009716 0.002043 0.993333 -0.002122 -0.009989 -0.969110 -0.009989 -0.002122 0.000000 
5.000000e-01 5.000000e-01 4.999854e-03 5.000000e-01 5.000000e-01 1.515120e+00 -0.993333 0.002043 0.009716 0.969815 0.009716 0.002043 0.993333 -0.002122 -0.009989 -0.969110 -0.009989 -0.002122 0.000000 
5.000000e-01 5.000000e-01 4.999854e-03 5.000000e-01 5.000000e-01 1.515120e+00 -0.993333 0.002043 0.009716 0.969815 0.009716 0.002043 0.993333 -0.002122 -0.009989 -0.969110 -0.009989 -0.002122 0.000000 
5.000000e-01 5.000000e-01 4.999854e-03 5.000000e-01 5.000000e-01 1.515120e+00 -0.993333 0.002043 0.009716 0.969815 0.009716 0.002043 0.993333 -0.002122 -0.009989 -0.969110 -0.009989 -0.002122 0.000000 
5.000000e-01 5.000000e-01 4.999854e-03 5.000000e-01 5.000000e-01 1.515120e+00 -0.993333 0.002043 0.009716 0.969815 0.009716 0.002043 0.993333 -0.002122 -0.009989 -0.969110 -0.009989 -0.002122 0.000000 
5.000000e-01 5.000000e-01 4.999854e-03 5.000000e-01 5.000000e-01 1.515120e+00 -0.993333 0.002043 0.009716 0.969815 0.009716 0.002043 0.993333 -0.002122 -0.009989 -0.969110 -0.009989 -0.002122 0.000000 
5.000000e-01 5.000000e-01 4.999854e-03 5.000000e-01 5.000000e-01 1.515120e+00 -0.993333 0.002043 0.009716 0.969815 0.009716 0.002043 0.993333 -0.002122 -0.009989 -0.969110 -0.009989 -0.002122 0.000000 
5.000000e-01 5.000000e-01 4.999854e-03 5.000000e-01 5.000000e-01 1.515120e+00 -0.993333 0.002043 0.009716 0.969815 0.009716 0.002043 0.993333 -0.002122 -0.009989 -0.969110 -0.009989 -0.002122 0.000000 
5.000000e-01 5.000000e-01 4.999854e-03 5.000000e-01 5.000000e-01 1.515120e+00 -0.993333 0.002043 0.009716 0.969815 0.009716 0.002043 0.993333 -0.002122 -0.009989 -0.969110 -0.009989 -0.002122 0.000000 
5.000000e-01 5.000000e-01 4.999854e-03 5.000000e-01 5.000000e-01 1.515120e+00 -0.993333 0.002043 0.009716 0.969815 0.009716 0.002043 0.993333 -0.002122 -0.009989 -0.969110 -0.009989 -0.002122 0.000000 
5.000000e-01 5.000000e-01 4.999854e-03 5.000000e-01 5.000000e-01 1.515120e+00 -0.993333 0.002043 0.009716 0.969815 0.009716 0.002043 0.993333 -0.002122 -0.009989 -0.969110 -0.009989 -0.002122 0.000000 
5.000000e-01 5.000000e-01 4.999854e-03 5.000000e-01 5.000000e-01 1.515120e+00 -0.993333 0.002043 0.009716 0.969815 0.009716 0.002043 0.993333 -0.002122 -0.009989 -0.969110 -0.009989 -0.002122 0.000000 
5.000000e-01 5.000000e-01 4.999854e-03 5.000000e-01 5.000000e-01 1.515120e+00 -0.993333 0.002043 0.009716 0.969815 0.009716 0.002043 0.993333 -0.002122 -0.009989 -0.969110 -0.009989 -0.002122 0.000000 
5.000000e-01 5.000000e-01 4.999854e-03 5.000000e-01 5.000000e-01 1.515120e+00 -0.993333 0.002043 0.009716 0.969815 0.009716 0.002043 0.993333 -0.002122 -0.009989 -0.969110 -0.009989 -0.002122 0.000000 
5.000000e-01 5.000000e-01 4.999854e-03 5.000000e-01 5.000000e-01 1.515120e+00 -0.993333 0.002043 0.009716 0.969815 0.009716 0.002043 0.993333 -0.002122 -0.009989 -0.969110 -0.009989 -0.002122 0.000000 
5.000000e-01 5.000000e-01 4.999854e-03 5.000000e-01 5.000000e-01 1.515120e+00 -0.993333 0.002043 0.009716 0.969815 0.009716 0.002043 0.993333 -0.002122 -0.009989 -0.969110 -0.009989 -0.002122 0.000000 
5.000000e-01 5.000000e-01 4.999854e-03 5.000000e-01 5.000000e-01 1.515120e+00 -0.993333 0.002043 0.009716 0.969815 0.009716 0.002043 0.993333 -0.002122 -0.009989 -0.969110 -0.009989 -0.002122 0.000000 
5.000000e-01 5.000000e-01 4.999854e-03 5.000000e-01 5.000000e-01 1.515120e+00 -0.993333 0.002043 0.009716 0.969815 0.009716 0.002043 0.993333 -0.002122 -0.009989 -0.969110 -0.009989 -0.002122 0.000000 
5.000000e-01 5.000000e-01 4.999854e-03 5.000000e-01 5.000000e-01 1.515120e+00 -0.993333 0.002043 0.009716 0.969815 0.009716 0.002043 0.993333 -0.002122 -0.009989 -0.969110 -0.009989 -0.002122 0.000000 
5.000000e-01 5.000000e-01 4.999854e-03 5.000000e-01 5.000000e-01 1.515120e+00 -0.993333 0.002043 0.009716 0.969815 0.009716 0.002043 0.993333 -0.002122 -0.009989 -0.969110 -0.009989 -0.002122 0.000000 
5.000000e-01 5.000000e-01 4.999854e-03 5.000000e-01 5.000000e-01 1.515120e+00 -0.993333 0.002043 0.009716 0.969815 0.009716 0.002043 0.993333 -0.002122 -0.009989 -0.969110 -0.009989 -0.002122 0.000000 
5.000000e-01 5.000000e-01 4.999854e-03 5.000000e-01 5.000000e-01 1.515120e+00 -0.993333 0.002043 0.009716 0.969815 0.009716 0.002043 0.993333 -0.002122 -0.009989 -0.969110 -0.009989 -0.002122 0.000000 
5.000000e-01 5.000000e-01 4.999854e-03 5.000000e-01 5.000000e-01 1.515120e+00 -0.993333 0.002043 0.009716 0.969815 0.009716 0.002043 0.993333 -0.002122 -0.009989 -0.969110 -0.009989 -0.002122 0.000000 
5.000000e-01 5.000000e-01 4.999854e-03 5.000000e-01 5.000000e-01 1.515120e+00 -0.993333 0.002043 0.009716 0.969815 0.009716 0.002043 0.993333 -0.002122 -0.009989 -0.969110 -0.009989 -0.002122 0.000000 
5.000000e-01 5.000000e-01 4.999854e-03 5.000000e-01 5.000000e-01 1.515120e+00 -0.993333 0.002043 0.009716 0.969815 0.009716 0.002043 0.993333 -0.002122 -0.009989 -0.969110 -0.009989 -0.002122 0.000000 
5.000000e-01 5.000000e-01 4.999854e-03 5.000000e-01 5.000000e-01 1.515120e+00 -0.993333 0.002043 0.009716 0.969815 0.009716 0.002043 0.993333 -0.002122 -0.009989 -0.969110 -0.009989 -0.002122 0.000000 
5.000000e-01 5.000000e-01 4.999854e-03 5.000000e-01 5.000000e-01 1.515120e+00 -0.993333 0.002043 0.009716 0.969815 0.009716 0.002043 0.993333 -0.002122 -0.009989 -0.969110 -0.009989 -0.002122 0.000000 
5.000000e-01 5.000000e-01 4.999854e-03 5.000000e-01 5.000000e-01 1.515120e+00 -0.993333 0.002043 0.009716 0.969815 0.009716 0.002043 0.993333 -0.002122 -0.009989 -0.969110 -0.009989 -0.002122 0.000000 
5.000000e-01 5.000000e-01 4.999854e-03 5.000000e-01 5.000000e-01 1.515120e+00 -0.993333 0.002043 0.009716 0.969815 0.009716 0.002043 0.993333 -0.002122 -0.009989 -0.969110 -0.009989 -0.002122 0.000000 
5.000000e-01 5.000000e-01 4.999854e-03 5.000000e-01 5.000000e-01 1.515120e+00 -0.993333 0.002043 0.009716 0.969815 0.009716 0.002043 0.993333 -0.002122 -0.009989 -0.969110 -0.009989 -0.002122 0.000000 
5.000000e-01 5.000000e-01 4.999854e-03 5.000000e-01 5.000000e-01 1.515120e+00 -0.993333 0.002043 0.009716 0.969815 0.009716 0.002043 0.993333 -0.002122 -0.009989 -0.969110 -0.009989 -0.002122 0.000000 
5.000000e-01 5.000000e-01 4.999854e-03 5.000000e-01 5.000000e-01 1.515120e+00 -0.993333 0.002043 0.009716 0.969815 0.009716 0.002043 0.993333 -0.002122 -0.009989 -0.969110 -0.009989 -0.002122 0.000000 
5.000000e-01 5.000000e-01 4.999854e-03 5.000000e-01 5.000000e-01 1.515120e+00 -0.993333 0.002043 0.009716 0.969815 0.009716 0.002043 0.993333 -0.002122 -0.009989 -0.969110 -0.009989 -0.002122 0.000000 
5.000000e-01 5.000000e-01 4.999854e-03 5.000000e-01 5.000000e-01 1.515120e+00 -0.993333 0.002043 0.009716 0.969815 0.009716 0.002043 0.993333 -0.002122 -0.009989 -0.969110 -0.009989 -0.002122 0.000000 
5.000000e-01 5.000000e-01 4.999854e-03 5.000000e-01 5.000000e-01 1.515120e+00 -0.993333 0.002043 0.009716 0.969815 0.009716 0.002043 0.993333 -0.002122 -0.009989 -0.969110 -0.009989 -0.002122 0.000000 
5.000000e-01 5.000000e-01 4.999854e-03 5.000000e-01 5.000000e-01 1.515120e+00 -0.993333 0.002043 0.009716 0.969815 0.009716 0.002043 0.993333 -0.002122 -0.009989 -0.969110 -0.009989 -0.002122 0.000000 
5.000000e-01 5.000000e-01 4.999854e-03 5.000000e-01 5.000000e-01 1.515120e+00 -0.993333 0.002043 0.009716 0.969815 0.009716 0.002043 0.993333 -0.002122 -0.009989 -0.969110 -0.009989 -0.002122 0.000000 
5.000000e-01 5.000000e-01 4.999854e-03 5.000000e-01 5.000000e-01 1.515120e+00 -0.993333 0.002043 0.009716 0.969815 0.009716 0.002043 0.993333 -0.002122 -0.009989 -0.969110 -0.009989 -0.002122 0.000000 
5.000000e-01 5.000000e-01 4.999854e-03 5.000000e-01 5.000000e-01 1.515120e+00 -0.993333 0.002043 0.009716 0.969815 0.009716 0.002043 0.993333 -0.002122 -0.009989 -0.969110 -0.009989 -0.002122 0.000000 
5.000000e-01 5.000000e-01 4.999854e-03 5.000000e-01 5.000000e-01 1.515120e+00 -0.993333 0.002043 0.009716 0.969815 0.009716 0.002043 0.993333 -0.002122 -0.009989 -0.969110 -0.009989 -0.002122 0.000000 
5.000000e-01 5.000000e-01 4.999854e-03 5.000000e-01 5.000000e-01 1.515120e+00 -0.993333 0.002043 0.009716 0.969815 0.009716 0.002043 0.993333 -0.002122 -0.009989 -0.969110 -0.009989 -0.002122 0.000000 
5.000000e-01 5.000000e-01 4.999854e-03 5.000000e-01 5.000000e-01 1.515120e+00 -0.993333 0.002043 0.009716 0.969815 0.009716 0.002043 0.993333 -0.002122 -0.009989 -0.969110 -0.009989 -0.002122 0.000000 
5.000000e-01 5.000000e-01 4.999854e-03 5.000000e-01 5.000000e-01 1.515120e+00 -0.993333 0.002043 0.009716 0.969815 0.009716 0.002043 0.993333 -0.002122 -0.009989 -0.969110 -0.009989 -0.002122 0.000000 
5.000000e-01 5.000000e-01 4.999854e-03 5.000000e-01 5.000000e-01 1.515120e+00 -0.993333 0.002043 0.009716 0.969815 0.009716 0.002043 0.993333 -0.002122 -0.009989 -0.969110 -0.009989 -0.002122 0.000000 
5.000000e-01 5.000000e-01 4.999854e-03 5.000000e-01 5.000000e-01 1.515120e+00 -0.993333 0.002043 0.009716 0.969815 0.009716 0.002043 0.993333 -0.002122 -0.009989 -0.969110 -0.009989 -0.002122 0.000000 
5.000000e-01 5.000000e-01 4.999854e-03 5.000000e-01 5.000000e-01 1.515120e+00 -0.993333 0.002043 0.009716 0.969815 0.009716 0.002043 0.993333 -0.002122 -0.009989 -0.969110 -0.009989 -0.002122 0.000000 
5.000000e-01 5.000000e-01 4.999854e-03 5.000000e-01 5.000000e-01 1.515120e+00 -0.993333 0.002043 0.009716 0.969815 0.009716 0.002043 0.993333 -0.002122 -0.009989 -0.969110 -0.009989 -0.002122 0.000000 
5.000000e-01 5.000000e-01 4.999854e-03 5.000000e-01 5.000000e-01 1.515120e+00 -0.993333 0.002043 0.009716 0.969815 0.009716 0.002043 0.993333 -0.002122 -0.009989 -0.969110 -0.009989 -0.002122 0.000000 
5.000000e-01 5.000000e-01 4.999854e-03 5.000000e-01 5.000000e-01 1.515120e+00 -0.993333 0.002043 0.009716 0.969815 0.009716 0.002043 0.993333 -0.002122 -0.009989 -0.969110 -0.009989 -0.002122 0.000000 
5.000000e-01 5.000000e-01 4.999854e-03 5.000000e-01 5.000000e-01 1.515120e+00 -0.993333 0.002043 0.009716 0.969815 0.009716 0.002043 0.993333 -0.002122 -0.009989 -0.969110 -0.009989 -0.002122 0.000000 
5.000000e-01 5.000000e-01 4.999854e-03 5.000000e-01 5.000000e-01 1.515120e+00 -0.993333 0.002043 0.009716 0.969815 0.009716 0.002043 0.993333 -0.002122 -0.009989 -0.969110 -0.009989 -0.002122 0.000000 
5.000000e-01 5.000000e-01 4.999854e-03 5.000000e-01 5.000000e-01 1.515120e+00 -0.993333 0.002043 0.009716 0.969815 0.009716 0.002043 0.993333 -0.002122 -0.009989 -0.969110 -0.009989 -0.002122 0.000000 
5.000000e-01 5.000000e-01 4.999854e-03 5.000000e-01 5.000000e-01 1.515120e+00 -0.993333 0.002043 0.009716 0.969815 0.009716 0.002043 0.993333 -0.002122 -0.009989 -0.969110 -0.009989 -0.002122 0.000000 
5.000000e-01 5.000000e-01 4.999854e-03 5.000000e-01 5.000000e-01 1.515120e+00 -0.993333 0.002043 0.009716 0.969815 0.009716 0.002043 0.993333 -0.002122 -0.009989 -0.969110 -0.009989 -0.002122 0.000000 
5.000000e-01 5.000000e-01 4.999854e-03 5.000000e-01 5.000000e-01 1.515120e+00 -0.993333 0.002043 0.009716 0.969815 0.009716 0.002043 0.993333 -0.002122 -0.009989 -0.969110 -0.009989 -0.002122 0.000000 
5.000000e-01 5.000000e-01 4.999854e-03 5.000000e-01 5.000000e-01 1.515120e+00 -0.993333 0.002043 0.009716 0.969815 0.009716 0.002043 0.993333 -0.002122 -0.009989 -0.969110 -0.009989 -0.002122 0.000000 
5.000000e-01 5.000000e-01 4.999854e-03 5.000000e-01 5.000000e-01 1.515120e+00 -0.993333 0.002043 0.009716 0.969815 0.009716 0.002043 0.993333 -0.002122 -0.009989 -0.969110 -0.009989 -0.002122 0.000000 
5.000000e-01 5.000000e-01 4.999854e-03 5.000000e-01 5.000000e-01 1.515120e+00 -0.993333 0.002043 0.009716 0.969815 0.009716 0.002043 0.993333 -0.002122 -0.009989 -0.969110 -0.009989 -0.002122 0.000000 
5.000000e-01 5.000000e-01 4.999854e-03 5.000000e-01 5.000000e-01 1.515120e+00 -0.993333 0.002043 0.009716 0.969815 0.009716 0.002043 0.993333 -0.002122 -0.009989 -0.969110 -0.009989 -0.002122 0.000000 
5.000000e-01 5.000000e-01 4.999854e-03 5.000000e-01 5.000000e-01 1.515120e+00 -0.993333 0.002043 0.009716 0.969815 0.009716 0.002043 0.993333 -0.002122 -0.009989 -0.969110 -0.009989 -0.002122 0.000000 
5.000000e-01 5.000000e-01 4.999854e-03 5.000000e-01 5.000000e-01 1.515120e+00 -0.993333 0.002043 0.009716 0.969815 0.009716 0.002043 0.993333 -0.002122 -0.009989 -0.969110 -0.009989 -0.002122 0.000000 
5.000000e-01 5.000000e-01 4.999854e-03 5.000000e-01 5.000000e-01 1.515120e+00 -0.993333 0.002043 0.009716 0.969815 0.009716 0.002043 0.993333 -0.002122 -0.009989 -0.969110 -0.009989 -0.002122 0.000000 
5.000000e-01 5.000000e-01 4.999854e-03 5.000000e-01 5.000000e-01 1.515120e+00 -0.993333 0.002043 0.009716 0.969815 0.009716 0.002043 0.993333 -0.002122 -0.009989 -0.969110 -0.009989 -0.002122 0.000000 
5.000000e-01 5.000000e-01 4.999854e-03 5.000000e-01 5.000000e-01 1.515120e+00 -0.993333 0.002043 0.009716 0.969815 0.009716 0.002043 0.993333 -0.002122 -0.009989 -0.969110 -0.009989 -0.002122 0.000000 
5.000000e-01 5.000000e-01 4.999854e-03 5.000000e-01 5.000000e-01 1.515120e+00 -0.993333 0.002043 0.009716 0.969815 0.009716 0.002043 0.993333 -0.002122 -0.009989 -0.969110 -0.009989 -0.002122 0.000000 
5.000000e-01 5.000000e-01 4.999854e-03 5.000000e-01 5.000000e-01 1.515120e+00 -0.993333 0.002043 0.009716 0.969815 0.009716 0.002043 0.993333 -0.002122 -0.009989 -0.969110 -0.009989 -0.002122 0.000000 
5.000000e-01 5.000000e-01 4.999854e-03 5.000000e-01 5.000000e-01 1.515120e+00 -0.993333 0.002043 0.009716 0.969815 0.009716 0.002043 0.993333 -0.002122 -0.009989 -0.969110 -0.009989 -0.002122 0.000000 
5.000000e-01 5.000000e-01 4.999854e-03 5.000000e-01 5.000000e-01 1.515120e+00 -0.993333 0.002043 0.009716 0.969815 0.009716 0.002043 0.993333 -0.002122 -0.009989 -0.969110 -0.009989 -0.002122 0.000000 
5.000000e-01 5.000000e-01 4.999854e-03 5.000000e-01 5.000000e-01 1.515120e+00 -0.993333 0.002043 0.009716 0.969815 0.009716 0.002043 0.993333 -0.002122 -0.009989 -0.969110 -0.009989 -0.002122 0.000000 
5.000000e-01 5.000000e-01 4.999854e-03 5.000000e-01 5.000000e-01 1.515120e+00 -0.993333 0.002043 0.009716 0.969815 0.009716 0.002043 0.993333 -0.002122 -0.009989 -0.969110 -0.009989 -0.002122 0.000000 
5.000000e-01 5.000000e-01 4.999854e-03 5.000000e-01 5.000000e-01 1.515120e+00 -0.993333 0.002043 0.009716 0.969815 0.009716 0.002043 0.993333 -0.002122 -0.009989 -0.969110 -0.009989 -0.002122 0.000000 
5.000000e-01 5.000000e-01 4.999854e-03 5.000000e-01 5.000000e-01 1.515120e+00 -0.993333 0.002043 0.009716 0.969815 0.009716 0.002043 0.993333 -0.002122 -0.009989 -0.969110 -0.009989 -0.002122 0.000000 
5.000000e-01 5.000000e-01 4.999854e-03 5.000000e-01 5.000000e-01 1.515120e+00 -0.993333 0.002043 0.009716 0.969815 0.009716 0.002043 0.993333 -0.002122 -0.009989 -0.969110 -0.009989 -0.002122 0.000000 
5.000000e-01 5.000000e-01 4.999854e-03 5.000000e-01 5.000000e-01 1.515120e+00 -0.993333 0.002043 0.009716 0.969815 0.009716 0.002043 0.993333 -0.002122 -0.009989 -0.969110 -0.009989 -0.002122 0.000000 
5.000000e-01 5.000000e-01 4.999854e-03 5.000000e-01 5.000000e-01 1.515120e+00 -0.993333 0.002043 0.009716 0.969815 0.009716 0.002043 0.993333 -0.002122 -0.009989 -0.969110 -0.009989 -0.002122 0.000000 
5.000000e-01 5.000000e-01 4.999854e-03 5.000000e-01 5.000000e-01 1.515120e+00 -0.993333 0.002043 0.009716 0.969815 0.009716 0.002043 0.993333 -0.002122 -0.009989 -0.969110 -0.009989 -0.002122 0.000000 
5.000000e-01 5.000000e-01 4.999854e-03 5.000000e-01 5.000000e-01 1.515120e+00 -0.993333 0.002043 0.009716 0.969815 0.009716 0.002043 0.993333 -0.002122 -0.009989 -0.969110 -0.009989 -0.002122 0.000000 
5.000000e-01 5.000000e-01 4.999854e-03 5.000000e-01 5.000000e-01 1.515120e+00 -0.993333 0.002043 0.009716 0.969815 0.009716 0.002043 0.993333 -0.002122 -0.009989 -0.969110 -0.009989 -0.002122 0.000000 
5.000000e-01 5.000000e-01 4.999854e-03 5.000000e-01 5.000000e-01 1.515120e+00 -0.993333 0.002043 0.009716 0.969815 0.009716 0.002043 0.993333 -0.002122 -0.009989 -0.969110 -0.009989 -0.002122 0.000000 
5.000000e-01 5.000000e-01 4.999854e-03 5.000000e-01 5.000000e-01 1.515120e+00 -0.993333 0.002043 0.009716 0.969815 0.009716 0.002043 0.993333 -0.002122 -0.009989 -0.969110 -0.009989 -0.002122 0.000000 
5.000000e-01 5.000000e-01 4.999854e-03 5.000000e-01 5.000000e-01 1.515120e+00 -0.993333 0.002043 0.009716 0.969815 0.009716 0.002043 0.993333 -0.002122 -0.009989 -0.969110 -0.009989 -0.002122 0.000000 
5.000000e-01 5.000000e-01 4.999854e-03 5.000000e-01 5.000000e-01 1.515120e+00 -0.993333 0.002043 0.009716 0.969815 0.009716 0.002043 0.993333 -0.002122 -0.009989 -0.969110 -0.009989 -0.002122 0.000000 
5.000000e-01 5.000000e-01 4.999854e-03 5.000000e-01 5.000000e-01 1.515120e+00 -0.993333 0.002043 0.009716 0.969815 0.009716 0.002043 0.993333 -0.002122 -0.009989 -0.969110 -0.009989 -0.002122 0.000000 
5.000000e-01 5.000000e-01 4.999854e-03 5.000000e-01 5.000000e-01 1.515120e+00 -0.993333 0.002043 0.009716 0.969815 0.009716 0.002043 0.993333 -0.002122 -0.009989 -0.969110 -0.009989 -0.002122 0.000000 
5.000000e-01 5.000000e-01 4.999854e-03 5.000000e-01 5.000000e-01 1.515120e+00 -0.993333 0.002043 0.009716 0.969815 0.009716 0.002043 0.993333 -0.002122 -0.009989 -0.969110 -0.009989 -0.002122 0.000000 
5.000000e-01 5.000000e-01 4.999854e-03 5.000000e-01 5.000000e-01 1.515120e+00 -0.993333 0.002043 0.009716 0.969815 0.009716 0.002043 0.993333 -0.002122 -0.009989 -0.969110 -0.009989 -0.002122 0.000000 
5.000000e-01 5.000000e-01 4.999854e-03 5.000000e-01 5.000000e-01 1.515120e+00 -0.993333 0.002043 0.009716 0.969815 0.009716 0.002043 0.993333 -0.002122 -0.009989 -0.969110 -0.009989 -0.002122 0.000000 
5.000000e-01 5.000000e-01 4.999854e-03 5.000000e-01 5.000000e-01 1.515120e+00 -0.993333 0.002043 0.009716 0.969815 0.009716 0.002043 0.993333 -0.002122 -0.009989 -0.969110 -0.009989 -0.002122 0.000000 
5.000000e-01 5.000000e-01 4.999854e-03 5.000000e-01 5.000000e-01 1.515120e+00 -0.993333 0.002043 0.009716 0.969815 0.009716 0.002043 0.993333 -0.002122 -0.009989 -0.969110 -0.009989 -0.002122 0.000000 
5.000000e-01 5.000000e-01 4.999854e-03 5.000000e-01 5.000000e-01 1.515120e+00 -0.993333 0.002043 0.009716 0.969815 0.009716 0.002043 0.993333 -0.002122 -0.009989 -0.969110 -0.009989 -0.002122 0.000000 
5.000000e-01 5.000000e-01 4.999854e-03 5.000000e-01 5.000000e-01 1.515120e+00 -0.993333 0.002043 0.009716 0.969815 0.009716 0.002043 0.993333 -0.002122 -0.009989 -0.969110 -0.009989 -0.002122 0.000000 
5.000000e-01 5.000000e-01 4.999854e-03 5.000000e-01 5.000000e-01 1.515120e+00 -0.993333 0.002043 0.009716 0.969815 0.009716 0.002043 0.993333 -0.002122 -0.009989 -0.969110 -0.009989 -0.002122 0.000000 
