# TeX TeY TeZ ThX ThY THZ P1 P2
5.000000e-01 5.000000e-01 5.500000e-01 5.000000e-01 5.000000e-01 5.500000e-01 0.000000 0.000000 0.000000 0.000000 0.000000 0.000000 0.000000 0.000000 0.000000 0.000000 0.000000 0.000000 0.000000 
5.000000e-01 5.000000e-01 5.378090e-01 5.000000e-01 5.000000e-01 5.587013e-01 -0.013714 0.002419 0.002930 0.003016 0.002930 0.002419 0.013714 -0.001350 -0.003213 -0.004587 -0.003213 -0.001350 0.000000 
5.000000e-01 5.000000e-01 5.255803e-01 5.000000e-01 5.000000e-01 5.673914e-01 -0.027445 0.004843 0.005863 0.006033 0.005863 0.004843 0.027445 -0.002673 -0.006435 -0.009228 -0.006435 -0.002673 0.000000 
5.000000e-01 5.000000e-01 5.133143e-01 5.000000e-01 5.000000e-01 5.760702e-01 -0.041194 0.007271 0.008800 0.009053 0.008800 0.007271 0.041194 -0.003963 -0.009668 -0.013932 -0.009668 -0.003963 0.000000 
5.000000e-01 5.000000e-01 5.010112e-01 5.000000e-01 5.000000e-01 5.847375e-01 -0.054959 0.009702 0.011739 0.012075 0.011739 0.009702 0.054959 -0.005214 -0.012910 -0.018709 -0.012910 -0.005214 0.000000 
5.000000e-01 5.000000e-01 4.886714e-01 5.000000e-01 5.000000e-01 5.933933e-01 -0.068740 0.012137 0.014683 0.015101 0.014683 0.012137 0.068740 -0.006415 -0.016164 -0.023581 -0.016164 -0.006415 0.000000 
5.000000e-01 5.000000e-01 4.762952e-01 5.000000e-01 5.000000e-01 6.020374e-01 -0.082538 0.014575 0.017629 0.018129 0.017629 0.014575 0.082538 -0.007559 -0.019429 -0.028561 -0.019429 -0.007559 0.000000 
5.000000e-01 5.000000e-01 4.638829e-01 5.000000e-01 5.000000e-01 6.106698e-01 -0.096351 0.017016 0.020579 0.021161 0.020579 0.017016 0.096351 -0.008645 -0.022705 -0.033653 -0.022705 -0.008645 0.000000 
5.000000e-01 5.000000e-01 4.514348e-01 5.000000e-01 5.000000e-01 6.192903e-01 -0.110181 0.019459 0.023532 0.024197 0.023532 0.019459 0.110181 -0.009666 -0.025989 -0.038870 -0.025989 -0.009666 0.000000 
5.000000e-01 5.000000e-01 4.389512e-01 5.000000e-01 5.000000e-01 6.278989e-01 -0.124025 0.021904 0.026489 0.027238 0.026489 0.021904 0.124025 -0.010610 -0.029283 -0.044240 -0.029283 -0.010610 0.000000 
5.000000e-01 5.000000e-01 4.264324e-01 5.000000e-01 5.000000e-01 6.364954e-01 -0.137885 0.024351 0.029450 0.030284 0.029450 0.024351 0.137885 -0.011462 -0.032585 -0.049791 -0.032585 -0.011462 0.000000 
5.000000e-01 5.000000e-01 4.138787e-01 5.000000e-01 5.000000e-01 6.450797e-01 -0.151759 0.026799 0.032414 0.033334 0.032414 0.026799 0.151759 -0.012224 -0.035893 -0.055526 -0.035893 -0.012224 0.000000 
5.000000e-01 5.000000e-01 4.012905e-01 5.000000e-01 5.000000e-01 6.536518e-01 -0.165648 0.029248 0.035381 0.036390 0.035381 0.029248 0.165648 -0.012887 -0.039204 -0.061466 -0.039204 -0.012887 0.000000 
5.000000e-01 5.000000e-01 3.886678e-01 5.000000e-01 5.000000e-01 6.622114e-01 -0.179552 0.031698 0.038352 0.039451 0.038352 0.031698 0.179552 -0.013431 -0.042516 -0.067657 -0.042516 -0.013431 0.000000 
5.000000e-01 5.000000e-01 3.760112e-01 5.000000e-01 5.000000e-01 6.707585e-01 -0.193469 0.034148 0.041327 0.042519 0.041327 0.034148 0.193469 -0.013846 -0.045823 -0.074131 -0.045823 -0.013846 0.000000 
5.000000e-01 5.000000e-01 3.633208e-01 5.000000e-01 5.000000e-01 6.792930e-01 -0.207400 0.036598 0.044305 0.045592 0.044305 0.036598 0.207400 -0.014133 -0.049121 -0.080894 -0.049121 -0.014133 0.000000 
5.000000e-01 5.000000e-01 3.505969e-01 5.000000e-01 5.000000e-01 6.878147e-01 -0.221344 0.039048 0.047288 0.048674 0.047288 0.039048 0.221344 -0.014281 -0.052401 -0.087980 -0.052401 -0.014281 0.000000 
5.000000e-01 5.000000e-01 3.378398e-01 5.000000e-01 5.000000e-01 6.963236e-01 -0.235302 0.041497 0.050273 0.051761 0.050273 0.041497 0.235302 -0.014257 -0.055653 -0.095483 -0.055653 -0.014257 0.000000 
5.000000e-01 5.000000e-01 3.250498e-01 5.000000e-01 5.000000e-01 7.048194e-01 -0.249273 0.043945 0.053263 0.054857 0.053263 0.043945 0.249273 -0.014062 -0.058866 -0.103417 -0.058866 -0.014062 0.000000 
5.000000e-01 5.000000e-01 3.122271e-01 5.000000e-01 5.000000e-01 7.133022e-01 -0.263256 0.046392 0.056256 0.057959 0.056256 0.046392 0.263256 -0.013693 -0.062028 -0.111815 -0.062028 -0.013693 0.000000 
5.000000e-01 5.000000e-01 2.993720e-01 5.000000e-01 5.000000e-01 7.217717e-01 -0.277251 0.048837 0.059253 0.061070 0.059253 0.048837 0.277251 -0.013129 -0.065119 -0.120754 -0.065119 -0.013129 0.000000 
5.000000e-01 5.000000e-01 2.864848e-01 5.000000e-01 5.000000e-01 7.302279e-01 -0.291259 0.051281 0.062254 0.064189 0.062254 0.051281 0.291259 -0.012337 -0.068108 -0.130370 -0.068108 -0.012337 0.000000 
5.000000e-01 5.000000e-01 2.735656e-01 5.000000e-01 5.000000e-01 7.386705e-01 -0.305279 0.053722 0.065259 0.067318 0.065259 0.053722 0.305279 -0.011332 -0.070979 -0.140658 -0.070979 -0.011332 0.000000 
5.000000e-01 5.000000e-01 2.606148e-01 5.000000e-01 5.000000e-01 7.470996e-01 -0.319310 0.056159 0.068268 0.070457 0.068268 0.056159 0.319310 -0.010103 -0.073701 -0.151704 -0.073701 -0.010103 0.000000 
5.000000e-01 5.000000e-01 2.476325e-01 5.000000e-01 5.000000e-01 7.555149e-01 -0.333353 0.058594 0.071280 0.073605 0.071280 0.058594 0.333353 -0.008600 -0.076204 -0.163745 -0.076204 -0.008600 0.000000 
5.000000e-01 5.000000e-01 2.346191e-01 5.000000e-01 5.000000e-01 7.639163e-01 -0.347408 0.061025 0.074297 0.076763 0.074297 0.061025 0.347408 -0.006837 -0.078456 -0.176823 -0.078456 -0.006837 0.000000 
5.000000e-01 5.000000e-01 2.215745e-01 5.000000e-01 5.000000e-01 7.723037e-01 -0.361473 0.063453 0.077318 0.079931 0.077318 0.063453 0.361473 -0.004812 -0.080406 -0.191038 -0.080406 -0.004812 0.000000 
5.000000e-01 5.000000e-01 2.084991e-01 5.000000e-01 5.000000e-01 7.806770e-01 -0.375550 0.065877 0.080343 0.083111 0.080343 0.065877 0.375550 -0.002489 -0.081947 -0.206679 -0.081947 -0.002489 0.000000 
5.000000e-01 5.000000e-01 1.953930e-01 5.000000e-01 5.000000e-01 7.890359e-01 -0.389639 0.068296 0.083372 0.086303 0.083372 0.068296 0.389639 0.000143 -0.082972 -0.223981 -0.082972 0.000143 0.000000 
5.000000e-01 5.000000e-01 1.822562e-01 5.000000e-01 5.000000e-01 7.973805e-01 -0.403738 0.070709 0.086406 0.089508 0.086406 0.070709 0.403738 0.003065 -0.083416 -0.243036 -0.083416 0.003065 0.000000 
5.000000e-01 5.000000e-01 1.690887e-01 5.000000e-01 5.000000e-01 8.057104e-01 -0.417850 0.073117 0.089445 0.092726 0.089445 0.073117 0.417850 0.006300 -0.083111 -0.264228 -0.083111 0.006300 0.000000 
5.000000e-01 5.000000e-01 1.558904e-01 5.000000e-01 5.000000e-01 8.140256e-01 -0.431975 0.075520 0.092488 0.095958 0.092488 0.075520 0.431975 0.009876 -0.081807 -0.288115 -0.081807 0.009876 0.000000 
5.000000e-01 5.000000e-01 1.426609e-01 5.000000e-01 5.000000e-01 8.223260e-01 -0.446114 0.077918 0.095537 0.099204 0.095537 0.077918 0.446114 0.013756 -0.079425 -0.314775 -0.079425 0.013756 0.000000 
5.000000e-01 5.000000e-01 1.293999e-01 5.000000e-01 5.000000e-01 8.306114e-01 -0.460268 0.080310 0.098591 0.102466 0.098591 0.080310 0.460268 0.017948 -0.075703 -0.344758 -0.075703 0.017948 0.000000 
5.000000e-01 5.000000e-01 1.161065e-01 5.000000e-01 5.000000e-01 8.388816e-01 -0.474442 0.082695 0.101652 0.105746 0.101652 0.082695 0.474442 0.022483 -0.070156 -0.379096 -0.070156 0.022483 0.000000 
5.000000e-01 5.000000e-01 1.027795e-01 5.000000e-01 5.000000e-01 8.471365e-01 -0.488638 0.085075 0.104721 0.109047 0.104721 0.085075 0.488638 0.027309 -0.062722 -0.417813 -0.062722 0.027309 0.000000 
5.000000e-01 5.000000e-01 8.941729e-02 5.000000e-01 5.000000e-01 8.553759e-01 -0.502862 0.087449 0.107798 0.112367 0.107798 0.087449 0.502862 0.032425 -0.053013 -0.461687 -0.053013 0.032425 0.000000 
5.000000e-01 5.000000e-01 7.601795e-02 5.000000e-01 5.000000e-01 8.635997e-01 -0.517123 0.089820 0.110886 0.115710 0.110886 0.089820 0.517123 0.037851 -0.040336 -0.512153 -0.040336 0.037851 0.000000 
5.000000e-01 5.000000e-01 6.257906e-02 5.000000e-01 5.000000e-01 8.718077e-01 -0.531426 0.092188 0.113986 0.119077 0.113986 0.092188 0.531426 0.043528 -0.024800 -0.568882 -0.024800 0.043528 0.000000 
5.000000e-01 5.000000e-01 4.909840e-02 5.000000e-01 5.000000e-01 8.799997e-01 -0.545779 0.094554 0.117099 0.122472 0.117099 0.094554 0.545779 0.049446 -0.006062 -0.632546 -0.006062 0.049446 0.000000 
5.000000e-01 5.000000e-01 3.557470e-02 5.000000e-01 5.000000e-01 8.881757e-01 -0.560192 0.096916 0.120229 0.125902 0.120229 0.096916 0.560192 0.055593 0.016157 -0.703692 0.016157 0.055593 0.000000 
5.000000e-01 5.000000e-01 2.200871e-02 5.000000e-01 5.000000e-01 8.963353e-01 -0.574659 0.099274 0.123374 0.129362 0.123374 0.099274 0.574659 0.061904 0.041075 -0.780617 0.041075 0.061904 0.000000 
5.000000e-01 5.000000e-01 8.405349e-03 5.000000e-01 5.000000e-01 9.044786e-01 -0.589170 0.101628 0.126531 0.132851 0.126531 0.101628 0.589170 0.068341 0.068136 -0.862125 0.068136 0.068341 0.000000 
5.000000e-01 5.000000e-01 4.999957e-03 5.000000e-01 5.000000e-01 9.126052e-01 -0.596803 0.102718 0.128234 0.134899 0.128234 0.102718 0.596802 0.069269 0.074270 -0.883881 0.074270 0.069269 0.000000 
5.000000e-01 5.000000e-01 4.999957e-03 5.000000e-01 5.000000e-01 9.207150e-01 -0.602126 0.103373 0.129451 0.136477 0.129451 0.103373 0.602126 0.068343 0.073129 -0.885070 0.073129 0.068343 0.000000 
5.000000e-01 5.000000e-01 4.999957e-03 5.000000e-01 5.000000e-01 9.288078e-01 -0.607438 0.104008 0.130671 0.138080 0.130671 0.104008 0.607438 0.067416 0.071991 -0.886253 0.071991 0.067416 0.000000 
5.000000e-01 5.000000e-01 4.999957e-03 5.000000e-01 5.000000e-01 9.368835e-01 -0.612740 0.104625 0.131891 0.139707 0.131891 0.104625 0.612739 0.066490 0.070855 -0.887430 0.070855 0.066490 0.000000 
5.000000e-01 5.000000e-01 4.999957e-03 5.000000e-01 5.000000e-01 9.449419e-01 -0.618029 0.105222 0.133114 0.141357 0.133114 0.105222 0.618029 0.065563 0.069723 -0.888602 0.069723 0.065563 0.000000 
5.000000e-01 5.000000e-01 4.999957e-03 5.000000e-01 5.000000e-01 9.529827e-01 -0.623307 0.105801 0.134337 0.143030 0.134337 0.105801 0.623307 0.064637 0.068594 -0.889770 0.068594 0.064637 0.000000 
5.000000e-01 5.000000e-01 4.999957e-03 5.000000e-01 5.000000e-01 9.610059e-01 -0.628574 0.106361 0.135562 0.144728 0.135562 0.106361 0.628574 0.063711 0.067468 -0.890932 0.067468 0.063711 0.000000 
5.000000e-01 5.000000e-01 4.999957e-03 5.000000e-01 5.000000e-01 9.690112e-01 -0.633829 0.106897 0.136790 0.146456 0.136790 0.106897 0.633829 0.062785 0.066345 -0.892089 0.066345 0.062785 0.000000 
5.000000e-01 5.000000e-01 4.999957e-03 5.000000e-01 5.000000e-01 9.769983e-01 -0.639072 0.107408 0.138019 0.148217 0.138019 0.107408 0.639071 0.061860 0.065225 -0.893242 0.065225 0.061860 0.000000 
5.000000e-01 5.000000e-01 4.999957e-03 5.000000e-01 5.000000e-01 9.849672e-01 -0.644302 0.107897 0.139250 0.150008 0.139250 0.107897 0.644302 0.060936 0.064108 -0.894389 0.064108 0.060936 0.000000 
5.000000e-01 5.000000e-01 4.999957e-03 5.000000e-01 5.000000e-01 9.929177e-01 -0.649521 0.108364 0.140482 0.151829 0.140482 0.108364 0.649521 0.060012 0.062994 -0.895533 0.062994 0.060012 0.000000 
5.000000e-01 5.000000e-01 4.999957e-03 5.000000e-01 5.000000e-01 1.000849e+00 -0.654727 0.108806 0.141716 0.153682 0.141716 0.108806 0.654727 0.059089 0.061883 -0.896672 0.061883 0.059089 0.000000 
5.000000e-01 5.000000e-01 4.999957e-03 5.000000e-01 5.000000e-01 1.008762e+00 -0.659921 0.109220 0.142952 0.155577 0.142952 0.109220 0.659921 0.058167 0.060775 -0.897806 0.060775 0.058167 0.000000 
5.000000e-01 5.000000e-01 4.999957e-03 5.000000e-01 5.000000e-01 1.016656e+00 -0.665103 0.109604 0.144190 0.157513 0.144190 0.109604 0.665103 0.057246 0.059670 -0.898936 0.059670 0.057246 0.000000 
5.000000e-01 5.000000e-01 4.999957e-03 5.000000e-01 5.000000e-01 1.024530e+00 -0.670272 0.109962 0.145430 0.159488 0.145430 0.109962 0.670271 0.056326 0.058569 -0.900061 0.058569 0.056326 0.000000 
5.000000e-01 5.000000e-01 4.999957e-03 5.000000e-01 5.000000e-01 1.032385e+00 -0.675427 0.110292 0.146671 0.161502 0.146671 0.110292 0.675427 0.055408 0.057470 -0.901182 0.057470 0.055408 0.000000 
5.000000e-01 5.000000e-01 4.999957e-03 5.000000e-01 5.000000e-01 1.040221e+00 -0.680570 0.110594 0.147913 0.163557 0.147913 0.110594 0.680570 0.054490 0.056374 -0.902300 0.056374 0.054490 0.000000 
5.000000e-01 5.000000e-01 4.999957e-03 5.000000e-01 5.000000e-01 1.048036e+00 -0.685700 0.110857 0.149157 0.165673 0.149157 0.110857 0.685700 0.053574 0.055282 -0.903413 0.055282 0.053574 0.000000 
5.000000e-01 5.000000e-01 4.999957e-03 5.000000e-01 5.000000e-01 1.055831e+00 -0.690816 0.111087 0.150402 0.167837 0.150402 0.111087 0.690816 0.052660 0.054193 -0.904521 0.054193 0.052660 0.000000 
5.000000e-01 5.000000e-01 4.999957e-03 5.000000e-01 5.000000e-01 1.063606e+00 -0.695919 0.111287 0.151648 0.170051 0.151648 0.111287 0.695919 0.051747 0.053106 -0.905626 0.053106 0.051747 0.000000 
5.000000e-01 5.000000e-01 4.999957e-03 5.000000e-01 5.000000e-01 1.071360e+00 -0.701009 0.111453 0.152893 0.172315 0.152893 0.111453 0.701009 0.050836 0.052023 -0.906727 0.052023 0.050836 0.000000 
5.000000e-01 5.000000e-01 4.999957e-03 5.000000e-01 5.000000e-01 1.079093e+00 -0.706084 0.111581 0.154140 0.174642 0.154140 0.111581 0.706084 0.049926 0.050943 -0.907823 0.050943 0.049926 0.000000 
5.000000e-01 5.000000e-01 4.999957e-03 5.000000e-01 5.000000e-01 1.086805e+00 -0.711146 0.111666 0.155386 0.177042 0.155386 0.111666 0.711146 0.049018 0.049867 -0.908916 0.049867 0.049018 0.000000 
5.000000e-01 5.000000e-01 4.999957e-03 5.000000e-01 5.000000e-01 1.094495e+00 -0.716194 0.111714 0.156631 0.179503 0.156631 0.111714 0.716194 0.048112 0.048793 -0.910005 0.048793 0.048112 0.000000 
5.000000e-01 5.000000e-01 4.999957e-03 5.000000e-01 5.000000e-01 1.102164e+00 -0.721227 0.111725 0.157875 0.182027 0.157875 0.111725 0.721227 0.047208 0.047723 -0.911089 0.047723 0.047208 0.000000 
5.000000e-01 5.000000e-01 4.999957e-03 5.000000e-01 5.000000e-01 1.109812e+00 -0.726246 0.111697 0.159117 0.184617 0.159117 0.111697 0.726246 0.046306 0.046656 -0.912170 0.046656 0.046306 0.000000 
5.000000e-01 5.000000e-01 4.999957e-03 5.000000e-01 5.000000e-01 1.117437e+00 -0.731251 0.111614 0.160357 0.187310 0.160357 0.111614 0.731251 0.045406 0.045592 -0.913247 0.045592 0.045406 0.000000 
5.000000e-01 5.000000e-01 4.999957e-03 5.000000e-01 5.000000e-01 1.125039e+00 -0.736241 0.111489 0.161592 0.190078 0.161592 0.111489 0.736241 0.044508 0.044532 -0.914320 0.044532 0.044508 0.000000 
5.000000e-01 5.000000e-01 4.999957e-03 5.000000e-01 5.000000e-01 1.132619e+00 -0.741216 0.111323 0.162824 0.192923 0.162824 0.111323 0.741216 0.043612 0.043475 -0.915389 0.043475 0.043612 0.000000 
5.000000e-01 5.000000e-01 4.999957e-03 5.000000e-01 5.000000e-01 1.140177e+00 -0.746175 0.111114 0.164050 0.195848 0.164050 0.111114 0.746175 0.042718 0.042421 -0.916454 0.042421 0.042718 0.000000 
5.000000e-01 5.000000e-01 4.999957e-03 5.000000e-01 5.000000e-01 1.147711e+00 -0.751120 0.110841 0.165269 0.198901 0.165269 0.110841 0.751120 0.041827 0.041371 -0.917515 0.041371 0.041827 0.000000 
5.000000e-01 5.000000e-01 4.999957e-03 5.000000e-01 5.000000e-01 1.155221e+00 -0.756049 0.110520 0.166479 0.202050 0.166479 0.110520 0.756049 0.040938 0.040324 -0.918572 0.040324 0.040938 0.000000 
5.000000e-01 5.000000e-01 4.999957e-03 5.000000e-01 5.000000e-01 1.162708e+00 -0.760962 0.110153 0.167681 0.205294 0.167681 0.110153 0.760962 0.040051 0.039280 -0.919625 0.039280 0.040051 0.000000 
5.000000e-01 5.000000e-01 4.999957e-03 5.000000e-01 5.000000e-01 1.170171e+00 -0.765860 0.109740 0.168872 0.208637 0.168872 0.109740 0.765860 0.039167 0.038240 -0.920675 0.038240 0.039167 0.000000 
5.000000e-01 5.000000e-01 4.999957e-03 5.000000e-01 5.000000e-01 1.177609e+00 -0.770742 0.109253 0.170047 0.212143 0.170047 0.109253 0.770742 0.038285 0.037204 -0.921720 0.037204 0.038285 0.000000 
5.000000e-01 5.000000e-01 4.999957e-03 5.000000e-01 5.000000e-01 1.185023e+00 -0.775607 0.108713 0.171207 0.215767 0.171207 0.108713 0.775607 0.037406 0.036171 -0.922762 0.036171 0.037406 0.000000 
5.000000e-01 5.000000e-01 4.999957e-03 5.000000e-01 5.000000e-01 1.192412e+00 -0.780456 0.108123 0.172350 0.219509 0.172350 0.108123 0.780456 0.036530 0.035142 -0.923799 0.035142 0.036530 0.000000 
5.000000e-01 5.000000e-01 4.999957e-03 5.000000e-01 5.000000e-01 1.199776e+00 -0.785289 0.107479 0.173476 0.223379 0.173476 0.107479 0.785289 0.035656 0.034116 -0.924833 0.034116 0.035656 0.000000 
5.000000e-01 5.000000e-01 4.999957e-03 5.000000e-01 5.000000e-01 1.207114e+00 -0.790104 0.106753 0.174571 0.227456 0.174571 0.106753 0.790104 0.034785 0.033094 -0.925862 0.033094 0.034785 0.000000 
5.000000e-01 5.000000e-01 4.999957e-03 5.000000e-01 5.000000e-01 1.214427e+00 -0.794903 0.105973 0.175641 0.231674 0.175641 0.105973 0.794903 0.033916 0.032076 -0.926887 0.032076 0.033916 0.000000 
5.000000e-01 5.000000e-01 4.999957e-03 5.000000e-01 5.000000e-01 1.221713e+00 -0.799684 0.105138 0.176685 0.236038 0.176685 0.105138 0.799684 0.033051 0.031061 -0.927909 0.031061 0.033051 0.000000 
5.000000e-01 5.000000e-01 4.999957e-03 5.000000e-01 5.000000e-01 1.228973e+00 -0.804449 0.104235 0.177693 0.240592 0.177693 0.104235 0.804448 0.032188 0.030050 -0.928926 0.030050 0.032188 0.000000 
5.000000e-01 5.000000e-01 4.999957e-03 5.000000e-01 5.000000e-01 1.236206e+00 -0.809195 0.103252 0.178655 0.245380 0.178655 0.103252 0.809195 0.031329 0.029044 -0.929939 0.029044 0.031329 0.000000 
5.000000e-01 5.000000e-01 4.999957e-03 5.000000e-01 5.000000e-01 1.243412e+00 -0.813924 0.102211 0.179579 0.250343 0.179579 0.102211 0.813923 0.030472 0.028040 -0.930949 0.028040 0.030472 0.000000 
5.000000e-01 5.000000e-01 4.999957e-03 5.000000e-01 5.000000e-01 1.250591e+00 -0.818634 0.101113 0.180461 0.255485 0.180461 0.101113 0.818634 0.029619 0.027041 -0.931954 0.027041 0.029619 0.000000 
5.000000e-01 5.000000e-01 4.999957e-03 5.000000e-01 5.000000e-01 1.257741e+00 -0.823326 0.099925 0.181274 0.260929 0.181274 0.099925 0.823326 0.028768 0.026046 -0.932954 0.026046 0.028768 0.000000 
5.000000e-01 5.000000e-01 4.999957e-03 5.000000e-01 5.000000e-01 1.264864e+00 -0.828000 0.098668 0.182025 0.266613 0.182025 0.098668 0.828000 0.027921 0.025055 -0.933951 0.025055 0.027921 0.000000 
5.000000e-01 5.000000e-01 4.999957e-03 5.000000e-01 5.000000e-01 1.271958e+00 -0.832655 0.097352 0.182719 0.272513 0.182719 0.097352 0.832655 0.027077 0.024067 -0.934943 0.024067 0.027077 0.000000 
5.000000e-01 5.000000e-01 4.999957e-03 5.000000e-01 5.000000e-01 1.279023e+00 -0.837291 0.095963 0.183336 0.278694 0.183336 0.095963 0.837291 0.026236 0.023084 -0.935931 0.023084 0.026236 0.000000 
5.000000e-01 5.000000e-01 4.999957e-03 5.000000e-01 5.000000e-01 1.286059e+00 -0.841908 0.094482 0.183848 0.285248 0.183848 0.094482 0.841908 0.025398 0.022105 -0.936915 0.022105 0.025398 0.000000 
5.000000e-01 5.000000e-01 4.999957e-03 5.000000e-01 5.000000e-01 1.293066e+00 -0.846506 0.092942 0.184279 0.292063 0.184279 0.092942 0.846506 0.024564 0.021130 -0.937895 0.021130 0.024564 0.000000 
5.000000e-01 5.000000e-01 4.999957e-03 5.000000e-01 5.000000e-01 1.300042e+00 -0.851084 0.091344 0.184629 0.299139 0.184629 0.091344 0.851084 0.023733 0.020160 -0.938870 0.020160 0.023733 0.000000 
5.000000e-01 5.000000e-01 4.999957e-03 5.000000e-01 5.000000e-01 1.306988e+00 -0.855642 0.089636 0.184813 0.306744 0.184813 0.089636 0.855642 0.022906 0.019193 -0.939840 0.019193 0.022906 0.000000 
5.000000e-01 5.000000e-01 4.999957e-03 5.000000e-01 5.000000e-01 1.313904e+00 -0.860180 0.087869 0.184887 0.314667 0.184887 0.087869 0.860180 0.022082 0.018231 -0.940807 0.018231 0.022082 0.000000 
5.000000e-01 5.000000e-01 4.999957e-03 5.000000e-01 5.000000e-01 1.320788e+00 -0.864698 0.086045 0.184852 0.322905 0.184852 0.086045 0.864698 0.021262 0.017273 -0.941768 0.017273 0.021262 0.000000 
5.000000e-01 5.000000e-01 4.999957e-03 5.000000e-01 5.000000e-01 1.327641e+00 -0.869195 0.084123 0.184617 0.331715 0.184617 0.084123 0.869195 0.020446 0.016320 -0.942725 0.016320 0.020446 0.000000 
5.000000e-01 5.000000e-01 4.999957e-03 5.000000e-01 5.000000e-01 1.334462e+00 -0.873672 0.082131 0.184213 0.340985 0.184213 0.082131 0.873672 0.019633 0.015371 -0.943678 0.015371 0.019633 0.000000 
5.000000e-01 5.000000e-01 4.999957e-03 5.000000e-01 5.000000e-01 1.341250e+00 -0.878128 0.080084 0.183664 0.350632 0.183664 0.080084 0.878128 0.018823 0.014426 -0.944626 0.014426 0.018823 0.000000 
5.000000e-01 5.000000e-01 4.999957e-03 5.000000e-01 5.000000e-01 1.348006e+00 -0.882563 0.077949 0.182871 0.360924 0.182871 0.077949 0.882563 0.018018 0.013486 -0.945570 0.013486 0.018018 0.000000 
5.000000e-01 5.000000e-01 4.999957e-03 5.000000e-01 5.000000e-01 1.354729e+00 -0.886976 0.075739 0.181834 0.371830 0.181834 0.075739 0.886976 0.017216 0.012550 -0.946509 0.012550 0.017216 0.000000 
5.000000e-01 5.000000e-01 4.999957e-03 5.000000e-01 5.000000e-01 1.361418e+00 -0.891369 0.073478 0.180614 0.383184 0.180614 0.073478 0.891369 0.016418 0.011619 -0.947443 0.011619 0.016418 0.000000 
5.000000e-01 5.000000e-01 4.999957e-03 5.000000e-01 5.000000e-01 1.368074e+00 -0.895740 0.071136 0.179081 0.395306 0.179081 0.071136 0.895740 0.015624 0.010693 -0.948372 0.010693 0.015624 0.000000 
5.000000e-01 5.000000e-01 4.999957e-03 5.000000e-01 5.000000e-01 1.374695e+00 -0.900089 0.068721 0.177227 0.408194 0.177227 0.068721 0.900089 0.014833 0.009771 -0.949297 0.009771 0.014833 0.000000 
5.000000e-01 5.000000e-01 4.999957e-03 5.000000e-01 5.000000e-01 1.381282e+00 -0.904417 0.066262 0.175144 0.421606 0.175144 0.066262 0.904417 0.014047 0.008854 -0.950217 0.008854 0.014047 0.000000 
5.000000e-01 5.000000e-01 4.999957e-03 5.000000e-01 5.000000e-01 1.387834e+00 -0.908723 0.063722 0.172644 0.435990 0.172644 0.063722 0.908723 0.013264 0.007941 -0.951133 0.007941 0.013264 0.000000 
5.000000e-01 5.000000e-01 4.999957e-03 5.000000e-01 5.000000e-01 1.394350e+00 -0.913008 0.061121 0.169754 0.451258 0.169754 0.061121 0.913008 0.012485 0.007033 -0.952044 0.007033 0.012485 0.000000 
5.000000e-01 5.000000e-01 4.999957e-03 5.000000e-01 5.000000e-01 1.400831e+00 -0.917271 0.058482 0.166591 0.467124 0.166591 0.058482 0.917271 0.011710 0.006129 -0.952950 0.006129 0.011710 0.000000 
5.000000e-01 5.000000e-01 4.999957e-03 5.000000e-01 5.000000e-01 1.407276e+00 -0.921513 0.055763 0.162849 0.484288 0.162849 0.055763 0.921513 0.010939 0.005230 -0.953852 0.005230 0.010939 0.000000 
5.000000e-01 5.000000e-01 4.999957e-03 5.000000e-01 5.000000e-01 1.413684e+00 -0.925734 0.052998 0.158686 0.502364 0.158686 0.052998 0.925734 0.010172 0.004336 -0.954749 0.004336 0.010172 0.000000 
5.000000e-01 5.000000e-01 4.999957e-03 5.000000e-01 5.000000e-01 1.420056e+00 -0.929933 0.050204 0.154214 0.521097 0.154214 0.050204 0.929933 0.009408 0.003446 -0.955641 0.003446 0.009408 0.000000 
5.000000e-01 5.000000e-01 4.999957e-03 5.000000e-01 5.000000e-01 1.426391e+00 -0.934113 0.047326 0.148922 0.541617 0.148922 0.047326 0.934113 0.008648 0.002560 -0.956529 0.002560 0.008648 0.000000 
5.000000e-01 5.000000e-01 4.999957e-03 5.000000e-01 5.000000e-01 1.432689e+00 -0.938272 0.044425 0.143259 0.562904 0.143259 0.044425 0.938272 0.007892 0.001679 -0.957413 0.001679 0.007892 0.000000 
5.000000e-01 5.000000e-01 4.999957e-03 5.000000e-01 5.000000e-01 1.438950e+00 -0.942410 0.041487 0.137094 0.585248 0.137094 0.041487 0.942410 0.007139 0.000802 -0.958292 0.000802 0.007139 0.000000 
5.000000e-01 5.000000e-01 4.999957e-03 5.000000e-01 5.000000e-01 1.445173e+00 -0.946531 0.038492 0.130127 0.609292 0.130127 0.038492 0.946531 0.006390 -0.000072 -0.959168 -0.000072 0.006390 0.000000 
5.000000e-01 5.000000e-01 4.999957e-03 5.000000e-01 5.000000e-01 1.451358e+00 -0.950630 0.035483 0.122798 0.634070 0.122798 0.035483 0.950630 0.005644 -0.000940 -0.960039 -0.000940 0.005644 0.000000 
5.000000e-01 5.000000e-01 4.999957e-03 5.000000e-01 5.000000e-01 1.457506e+00 -0.954713 0.032428 0.114684 0.660488 0.114684 0.032428 0.954713 0.004902 -0.001805 -0.960906 -0.001805 0.004902 0.000000 
5.000000e-01 5.000000e-01 4.999957e-03 5.000000e-01 5.000000e-01 1.463615e+00 -0.958777 0.029349 0.105976 0.688128 0.105976 0.029349 0.958777 0.004163 -0.002667 -0.961769 -0.002667 0.004163 0.000000 
5.000000e-01 5.000000e-01 4.999957e-03 5.000000e-01 5.000000e-01 1.469687e+00 -0.962821 0.026259 0.096881 0.716542 0.096881 0.026259 0.962821 0.003427 -0.003524 -0.962629 -0.003524 0.003427 0.000000 
5.000000e-01 5.000000e-01 4.999957e-03 5.000000e-01 5.000000e-01 1.475719e+00 -0.966851 0.023126 0.086834 0.746930 0.086834 0.023126 0.966851 0.002694 -0.004378 -0.963485 -0.004378 0.002694 0.000000 
5.000000e-01 5.000000e-01 4.999957e-03 5.000000e-01 5.000000e-01 1.481713e+00 -0.970860 0.019995 0.076516 0.777838 0.076516 0.019995 0.970860 0.001965 -0.005227 -0.964336 -0.005227 0.001965 0.000000 
5.000000e-01 5.000000e-01 4.999957e-03 5.000000e-01 5.000000e-01 1.487667e+00 -0.974851 0.016844 0.065567 0.810029 0.065567 0.016844 0.974851 0.001239 -0.006073 -0.965184 -0.006073 0.001239 0.000000 
5.000000e-01 5.000000e-01 4.999957e-03 5.000000e-01 5.000000e-01 1.493581e+00 -0.978823 0.013689 0.054189 0.843067 0.054189 0.013689 0.978823 0.000517 -0.006915 -0.966028 -0.006915 0.000517 0.000000 
5.000000e-01 5.000000e-01 4.999957e-03 5.000000e-01 5.000000e-01 1.499454e+00 -0.982772 0.010538 0.042565 0.876566 0.042565 0.010538 0.982772 -0.000201 -0.007751 -0.966866 -0.007751 -0.000201 0.000000 
5.000000e-01 5.000000e-01 4.999957e-03 5.000000e-01 5.000000e-01 1.505285e+00 -0.986701 0.007383 0.030478 0.910978 0.030478 0.007383 0.986701 -0.000916 -0.008584 -0.967701 -0.008584 -0.000916 0.000000 
5.000000e-01 5.000000e-01 4.999957e-03 5.000000e-01 5.000000e-01 1.511082e+00 -0.990609 0.004240 0.018346 0.945436 0.018346 0.004240 0.990609 -0.001627 -0.009412 -0.968531 -0.009412 -0.001627 0.000000 
5.000000e-01 5.000000e-01 4.999957e-03 5.000000e-01 5.000000e-01 1.515005e+00 -0.993256 0.002105 0.009961 0.969124 0.009961 0.002105 0.993256 -0.002108 -0.009973 -0.969093 -0.009973 -0.002108 0.000000 
5.000000e-01 5.000000e-01 4.999957e-03 5.000000e-01 5.000000e-01 1.515005e+00 -0.993256 0.002105 0.009961 0.969124 0.009961 0.002105 0.993256 -0.002108 -0.009973 -0.969093 -0.009973 -0.002108 0.000000 
5.000000e-01 5.000000e-01 4.999957e-03 5.000000e-01 5.000000e-01 1.515005e+00 -0.993256 0.002105 0.009961 0.969124 0.009961 0.002105 0.993256 -0.002108 -0.009973 -0.969093 -0.009973 -0.002108 0.000000 
5.000000e-01 5.000000e-01 4.999957e-03 5.000000e-01 5.000000e-01 1.515005e+00 -0.993256 0.002105 0.009961 0.969124 0.009961 0.002105 0.993256 -0.002108 -0.009973 -0.969093 -0.009973 -0.002108 0.000000 
5.000000e-01 5.000000e-01 4.999957e-03 5.000000e-01 5.000000e-01 1.515005e+00 -0.993256 0.002105 0.009961 0.969124 0.009961 0.002105 0.993256 -0.002108 -0.009973 -0.969093 -0.009973 -0.002108 0.000000 
5.000000e-01 5.000000e-01 4.999957e-03 5.000000e-01 5.000000e-01 1.515005e+00 -0.993256 0.002105 0.009961 0.969124 0.009961 0.002105 0.993256 -0.002108 -0.009973 -0.969093 -0.009973 -0.002108 0.000000 
5.000000e-01 5.000000e-01 4.999957e-03 5.000000e-01 5.000000e-01 1.515005e+00 -0.993256 0.002105 0.009961 0.969124 0.009961 0.002105 0.993256 -0.002108 -0.009973 -0.969093 -0.009973 -0.002108 0.000000 
5.000000e-01 5.000000e-01 4.999957e-03 5.000000e-01 5.000000e-01 1.515005e+00 -0.993256 0.002105 0.009961 0.969124 0.009961 0.002105 0.993256 -0.002108 -0.009973 -0.969093 -0.009973 -0.002108 0.000000 
5.000000e-01 5.000000e-01 4.999957e-03 5.000000e-01 5.000000e-01 1.515005e+00 -0.993256 0.002105 0.009961 0.969124 0.009961 0.002105 0.993256 -0.002108 -0.009973 -0.969093 -0.009973 -0.002108 0.000000 
5.000000e-01 5.000000e-01 4.999957e-03 5.000000e-01 5.000000e-01 1.515005e+00 -0.993256 0.002105 0.009961 0.969124 0.009961 0.002105 0.993256 -0.002108 -0.009973 -0.969093 -0.009973 -0.002108 0.000000 
5.000000e-01 5.000000e-01 4.999957e-03 5.000000e-01 5.000000e-01 1.515005e+00 -0.993256 0.002105 0.009961 0.969124 0.009961 0.002105 0.993256 -0.002108 -0.009973 -0.969093 -0.009973 -0.002108 0.000000 
5.000000e-01 5.000000e-01 4.999957e-03 5.000000e-01 5.000000e-01 1.515005e+00 -0.993256 0.002105 0.009961 0.969124 0.009961 0.002105 0.993256 -0.002108 -0.009973 -0.969093 -0.009973 -0.002108 0.000000 
5.000000e-01 5.000000e-01 4.999957e-03 5.000000e-01 5.000000e-01 1.515005e+00 -0.993256 0.002105 0.009961 0.969124 0.009961 0.002105 0.993256 -0.002108 -0.009973 -0.969093 -0.009973 -0.002108 0.000000 
5.000000e-01 5.000000e-01 4.999957e-03 5.000000e-01 5.000000e-01 1.515005e+00 -0.993256 0.002105 0.009961 0.969124 0.009961 0.002105 0.993256 -0.002108 -0.009973 -0.969093 -0.009973 -0.002108 0.000000 
5.000000e-01 5.000000e-01 4.999957e-03 5.000000e-01 5.000000e-01 1.515005e+00 -0.993256 0.002105 0.009961 0.969124 0.009961 0.002105 0.993256 -0.002108 -0.009973 -0.969093 -0.009973 -0.002108 0.000000 
5.000000e-01 5.000000e-01 4.999957e-03 5.000000e-01 5.000000e-01 1.515005e+00 -0.993256 0.002105 0.009961 0.969124 0.009961 0.002105 0.993256 -0.002108 -0.009973 -0.969093 -0.009973 -0.002108 0.000000 
5.000000e-01 5.000000e-01 4.999957e-03 5.000000e-01 5.000000e-01 1.515005e+00 -0.993256 0.002105 0.009961 0.969124 0.009961 0.002105 0.993256 -0.002108 -0.009973 -0.969093 -0.009973 -0.002108 0.000000 
5.000000e-01 5.000000e-01 4.999957e-03 5.000000e-01 5.000000e-01 1.515005e+00 -0.993256 0.002105 0.009961 0.969124 0.009961 0.002105 0.993256 -0.002108 -0.009973 -0.969093 -0.009973 -0.002108 0.000000 
5.000000e-01 5.000000e-01 4.999957e-03 5.000000e-01 5.000000e-01 1.515005e+00 -0.993256 0.002105 0.009961 0.969124 0.009961 0.002105 0.993256 -0.002108 -0.009973 -0.969093 -0.009973 -0.002108 0.000000 
5.000000e-01 5.000000e-01 4.999957e-03 5.000000e-01 5.000000e-01 1.515005e+00 -0.993256 0.002105 0.009961 0.969124 0.009961 0.002105 0.993256 -0.002108 -0.009973 -0.969093 -0.009973 -0.002108 0.000000 
5.000000e-01 5.000000e-01 4.999957e-03 5.000000e-01 5.000000e-01 1.515005e+00 -0.993256 0.002105 0.009961 0.969124 0.009961 0.002105 0.993256 -0.002108 -0.009973 -0.969093 -0.009973 -0.002108 0.000000 
5.000000e-01 5.000000e-01 4.999957e-03 5.000000e-01 5.000000e-01 1.515005e+00 -0.993256 0.002105 0.009961 0.969124 0.009961 0.002105 0.993256 -0.002108 -0.009973 -0.969093 -0.009973 -0.002108 0.000000 
5.000000e-01 5.000000e-01 4.999957e-03 5.000000e-01 5.000000e-01 1.515005e+00 -0.993256 0.002105 0.009961 0.969124 0.009961 0.002105 0.993256 -0.002108 -0.009973 -0.969093 -0.009973 -0.002108 0.000000 
5.000000e-01 5.000000e-01 4.999957e-03 5.000000e-01 5.000000e-01 1.515005e+00 -0.993256 0.002105 0.009961 0.969124 0.009961 0.002105 0.993256 -0.002108 -0.009973 -0.969093 -0.009973 -0.002108 0.000000 
5.000000e-01 5.000000e-01 4.999957e-03 5.000000e-01 5.000000e-01 1.515005e+00 -0.993256 0.002105 0.009961 0.969124 0.009961 0.002105 0.993256 -0.002108 -0.009973 -0.969093 -0.009973 -0.002108 0.000000 
5.000000e-01 5.000000e-01 4.999957e-03 5.000000e-01 5.000000e-01 1.515005e+00 -0.993256 0.002105 0.009961 0.969124 0.009961 0.002105 0.993256 -0.002108 -0.009973 -0.969093 -0.009973 -0.002108 0.000000 
5.000000e-01 5.000000e-01 4.999957e-03 5.000000e-01 5.000000e-01 1.515005e+00 -0.993256 0.002105 0.009961 0.969124 0.009961 0.002105 0.993256 -0.002108 -0.009973 -0.969093 -0.009973 -0.002108 0.000000 
5.000000e-01 5.000000e-01 4.999957e-03 5.000000e-01 5.000000e-01 1.515005e+00 -0.993256 0.002105 0.009961 0.969124 0.009961 0.002105 0.993256 -0.002108 -0.009973 -0.969093 -0.009973 -0.002108 0.000000 
5.000000e-01 5.000000e-01 4.999957e-03 5.000000e-01 5.000000e-01 1.515005e+00 -0.993256 0.002105 0.009961 0.969124 0.009961 0.002105 0.993256 -0.002108 -0.009973 -0.969093 -0.009973 -0.002108 0.000000 
5.000000e-01 5.000000e-01 4.999957e-03 5.000000e-01 5.000000e-01 1.515005e+00 -0.993256 0.002105 0.009961 0.969124 0.009961 0.002105 0.993256 -0.002108 -0.009973 -0.969093 -0.009973 -0.002108 0.000000 
5.000000e-01 5.000000e-01 4.999957e-03 5.000000e-01 5.000000e-01 1.515005e+00 -0.993256 0.002105 0.009961 0.969124 0.009961 0.002105 0.993256 -0.002108 -0.009973 -0.969093 -0.009973 -0.002108 0.000000 
5.000000e-01 5.000000e-01 4.999957e-03 5.000000e-01 5.000000e-01 1.515005e+00 -0.993256 0.002105 0.009961 0.969124 0.009961 0.002105 0.993256 -0.002108 -0.009973 -0.969093 -0.009973 -0.002108 0.000000 
5.000000e-01 5.000000e-01 4.999957e-03 5.000000e-01 5.000000e-01 1.515005e+00 -0.993256 0.002105 0.009961 0.969124 0.009961 0.002105 0.993256 -0.002108 -0.009973 -0.969093 -0.009973 -0.002108 0.000000 
5.000000e-01 5.000000e-01 4.999957e-03 5.000000e-01 5.000000e-01 1.515005e+00 -0.993256 0.002105 0.009961 0.969124 0.009961 0.002105 0.993256 -0.002108 -0.009973 -0.969093 -0.009973 -0.002108 0.000000 
5.000000e-01 5.000000e-01 4.999957e-03 5.000000e-01 5.000000e-01 1.515005e+00 -0.993256 0.002105 0.009961 0.969124 0.009961 0.002105 0.993256 -0.002108 -0.009973 -0.969093 -0.009973 -0.002108 0.000000 
5.000000e-01 5.000000e-01 4.999957e-03 5.000000e-01 5.000000e-01 1.515005e+00 -0.993256 0.002105 0.009961 0.969124 0.009961 0.002105 0.993256 -0.002108 -0.009973 -0.969093 -0.009973 -0.002108 0.000000 
5.000000e-01 5.000000e-01 4.999957e-03 5.000000e-01 5.000000e-01 1.515005e+00 -0.993256 0.002105 0.009961 0.969124 0.009961 0.002105 0.993256 -0.002108 -0.009973 -0.969093 -0.009973 -0.002108 0.000000 
5.000000e-01 5.000000e-01 4.999957e-03 5.000000e-01 5.000000e-01 1.515005e+00 -0.993256 0.002105 0.009961 0.969124 0.009961 0.002105 0.993256 -0.002108 -0.009973 -0.969093 -0.009973 -0.002108 0.000000 
5.000000e-01 5.000000e-01 4.999957e-03 5.000000e-01 5.000000e-01 1.515005e+00 -0.993256 0.002105 0.009961 0.969124 0.009961 0.002105 0.993256 -0.002108 -0.009973 -0.969093 -0.009973 -0.002108 0.000000 
5.000000e-01 5.000000e-01 4.999957e-03 5.000000e-01 5.000000e-01 1.515005e+00 -0.993256 0.002105 0.009961 0.969124 0.009961 0.002105 0.993256 -0.002108 -0.009973 -0.969093 -0.009973 -0.002108 0.000000 
5.000000e-01 5.000000e-01 4.999957e-03 5.000000e-01 5.000000e-01 1.515005e+00 -0.993256 0.002105 0.009961 0.969124 0.009961 0.002105 0.993256 -0.002108 -0.009973 -0.969093 -0.009973 -0.002108 0.000000 
5.000000e-01 5.000000e-01 4.999957e-03 5.000000e-01 5.000000e-01 1.515005e+00 -0.993256 0.002105 0.009961 0.969124 0.009961 0.002105 0.993256 -0.002108 -0.009973 -0.969093 -0.009973 -0.002108 0.000000 
5.000000e-01 5.000000e-01 4.999957e-03 5.000000e-01 5.000000e-01 1.515005e+00 -0.993256 0.002105 0.009961 0.969124 0.009961 0.002105 0.993256 -0.002108 -0.009973 -0.969093 -0.009973 -0.002108 0.000000 
5.000000e-01 5.000000e-01 4.999957e-03 5.000000e-01 5.000000e-01 1.515005e+00 -0.993256 0.002105 0.009961 0.969124 0.009961 0.002105 0.993256 -0.002108 -0.009973 -0.969093 -0.009973 -0.002108 0.000000 
5.000000e-01 5.000000e-01 4.999957e-03 5.000000e-01 5.000000e-01 1.515005e+00 -0.993256 0.002105 0.009961 0.969124 0.009961 0.002105 0.993256 -0.002108 -0.009973 -0.969093 -0.009973 -0.002108 0.000000 
5.000000e-01 5.000000e-01 4.999957e-03 5.000000e-01 5.000000e-01 1.515005e+00 -0.993256 0.002105 0.009961 0.969124 0.009961 0.002105 0.993256 -0.002108 -0.009973 -0.969093 -0.009973 -0.002108 0.000000 
5.000000e-01 5.000000e-01 4.999957e-03 5.000000e-01 5.000000e-01 1.515005e+00 -0.993256 0.002105 0.009961 0.969124 0.009961 0.002105 0.993256 -0.002108 -0.009973 -0.969093 -0.009973 -0.002108 0.000000 
5.000000e-01 5.000000e-01 4.999957e-03 5.000000e-01 5.000000e-01 1.515005e+00 -0.993256 0.002105 0.009961 0.969124 0.009961 0.002105 0.993256 -0.002108 -0.009973 -0.969093 -0.009973 -0.002108 0.000000 
5.000000e-01 5.000000e-01 4.999957e-03 5.000000e-01 5.000000e-01 1.515005e+00 -0.993256 0.002105 0.009961 0.969124 0.009961 0.002105 0.993256 -0.002108 -0.009973 -0.969093 -0.009973 -0.002108 0.000000 
5.000000e-01 5.000000e-01 4.999957e-03 5.000000e-01 5.000000e-01 1.515005e+00 -0.993256 0.002105 0.009961 0.969124 0.009961 0.002105 0.993256 -0.002108 -0.009973 -0.969093 -0.009973 -0.002108 0.000000 
5.000000e-01 5.000000e-01 4.999957e-03 5.000000e-01 5.000000e-01 1.515005e+00 -0.993256 0.002105 0.009961 0.969124 0.009961 0.002105 0.993256 -0.002108 -0.009973 -0.969093 -0.009973 -0.002108 0.000000 
5.000000e-01 5.000000e-01 4.999957e-03 5.000000e-01 5.000000e-01 1.515005e+00 -0.993256 0.002105 0.009961 0.969124 0.009961 0.002105 0.993256 -0.002108 -0.009973 -0.969093 -0.009973 -0.002108 0.000000 
5.000000e-01 5.000000e-01 4.999957e-03 5.000000e-01 5.000000e-01 1.515005e+00 -0.993256 0.002105 0.009961 0.969124 0.009961 0.002105 0.993256 -0.002108 -0.009973 -0.969093 -0.009973 -0.002108 0.000000 
5.000000e-01 5.000000e-01 4.999957e-03 5.000000e-01 5.000000e-01 1.515005e+00 -0.993256 0.002105 0.009961 0.969124 0.009961 0.002105 0.993256 -0.002108 -0.009973 -0.969093 -0.009973 -0.002108 0.000000 
5.000000e-01 5.000000e-01 4.999957e-03 5.000000e-01 5.000000e-01 1.515005e+00 -0.993256 0.002105 0.009961 0.969124 0.009961 0.002105 0.993256 -0.002108 -0.009973 -0.969093 -0.009973 -0.002108 0.000000 
5.000000e-01 5.000000e-01 4.999957e-03 5.000000e-01 5.000000e-01 1.515005e+00 -0.993256 0.002105 0.009961 0.969124 0.009961 0.002105 0.993256 -0.002108 -0.009973 -0.969093 -0.009973 -0.002108 0.000000 
5.000000e-01 5.000000e-01 4.999957e-03 5.000000e-01 5.000000e-01 1.515005e+00 -0.993256 0.002105 0.009961 0.969124 0.009961 0.002105 0.993256 -0.002108 -0.009973 -0.969093 -0.009973 -0.002108 0.000000 
5.000000e-01 5.000000e-01 4.999957e-03 5.000000e-01 5.000000e-01 1.515005e+00 -0.993256 0.002105 0.009961 0.969124 0.009961 0.002105 0.993256 -0.002108 -0.009973 -0.969093 -0.009973 -0.002108 0.000000 
5.000000e-01 5.000000e-01 4.999957e-03 5.000000e-01 5.000000e-01 1.515005e+00 -0.993256 0.002105 0.009961 0.969124 0.009961 0.002105 0.993256 -0.002108 -0.009973 -0.969093 -0.009973 -0.002108 0.000000 
5.000000e-01 5.000000e-01 4.999957e-03 5.000000e-01 5.000000e-01 1.515005e+00 -0.993256 0.002105 0.009961 0.969124 0.009961 0.002105 0.993256 -0.002108 -0.009973 -0.969093 -0.009973 -0.002108 0.000000 
5.000000e-01 5.000000e-01 4.999957e-03 5.000000e-01 5.000000e-01 1.515005e+00 -0.993256 0.002105 0.009961 0.969124 0.009961 0.002105 0.993256 -0.002108 -0.009973 -0.969093 -0.009973 -0.002108 0.000000 
5.000000e-01 5.000000e-01 4.999957e-03 5.000000e-01 5.000000e-01 1.515005e+00 -0.993256 0.002105 0.009961 0.969124 0.009961 0.002105 0.993256 -0.002108 -0.009973 -0.969093 -0.009973 -0.002108 0.000000 
5.000000e-01 5.000000e-01 4.999957e-03 5.000000e-01 5.000000e-01 1.515005e+00 -0.993256 0.002105 0.009961 0.969124 0.009961 0.002105 0.993256 -0.002108 -0.009973 -0.969093 -0.009973 -0.002108 0.000000 
5.000000e-01 5.000000e-01 4.999957e-03 5.000000e-01 5.000000e-01 1.515005e+00 -0.993256 0.002105 0.009961 0.969124 0.009961 0.002105 0.993256 -0.002108 -0.009973 -0.969093 -0.009973 -0.002108 0.000000 
5.000000e-01 5.000000e-01 4.999957e-03 5.000000e-01 5.000000e-01 1.515005e+00 -0.993256 0.002105 0.009961 0.969124 0.009961 0.002105 0.993256 -0.002108 -0.009973 -0.969093 -0.009973 -0.002108 0.000000 
5.000000e-01 5.000000e-01 4.999957e-03 5.000000e-01 5.000000e-01 1.515005e+00 -0.993256 0.002105 0.009961 0.969124 0.009961 0.002105 0.993256 -0.002108 -0.009973 -0.969093 -0.009973 -0.002108 0.000000 
5.000000e-01 5.000000e-01 4.999957e-03 5.000000e-01 5.000000e-01 1.515005e+00 -0.993256 0.002105 0.009961 0.969124 0.009961 0.002105 0.993256 -0.002108 -0.009973 -0.969093 -0.009973 -0.002108 0.000000 
5.000000e-01 5.000000e-01 4.999957e-03 5.000000e-01 5.000000e-01 1.515005e+00 -0.993256 0.002105 0.009961 0.969124 0.009961 0.002105 0.993256 -0.002108 -0.009973 -0.969093 -0.009973 -0.002108 0.000000 
5.000000e-01 5.000000e-01 4.999957e-03 5.000000e-01 5.000000e-01 1.515005e+00 -0.993256 0.002105 0.009961 0.969124 0.009961 0.002105 0.993256 -0.002108 -0.009973 -0.969093 -0.009973 -0.002108 0.000000 
5.000000e-01 5.000000e-01 4.999957e-03 5.000000e-01 5.000000e-01 1.515005e+00 -0.993256 0.002105 0.009961 0.969124 0.009961 0.002105 0.993256 -0.002108 -0.009973 -0.969093 -0.009973 -0.002108 0.000000 
5.000000e-01 5.000000e-01 4.999957e-03 5.000000e-01 5.000000e-01 1.515005e+00 -0.993256 0.002105 0.009961 0.969124 0.009961 0.002105 0.993256 -0.002108 -0.009973 -0.969093 -0.009973 -0.002108 0.000000 
5.000000e-01 5.000000e-01 4.999957e-03 5.000000e-01 5.000000e-01 1.515005e+00 -0.993256 0.002105 0.009961 0.969124 0.009961 0.002105 0.993256 -0.002108 -0.009973 -0.969093 -0.009973 -0.002108 0.000000 
5.000000e-01 5.000000e-01 4.999957e-03 5.000000e-01 5.000000e-01 1.515005e+00 -0.993256 0.002105 0.009961 0.969124 0.009961 0.002105 0.993256 -0.002108 -0.009973 -0.969093 -0.009973 -0.002108 0.000000 
5.000000e-01 5.000000e-01 4.999957e-03 5.000000e-01 5.000000e-01 1.515005e+00 -0.993256 0.002105 0.009961 0.969124 0.009961 0.002105 0.993256 -0.002108 -0.009973 -0.969093 -0.009973 -0.002108 0.000000 
5.000000e-01 5.000000e-01 4.999957e-03 5.000000e-01 5.000000e-01 1.515005e+00 -0.993256 0.002105 0.009961 0.969124 0.009961 0.002105 0.993256 -0.002108 -0.009973 -0.969093 -0.009973 -0.002108 0.000000 
5.000000e-01 5.000000e-01 4.999957e-03 5.000000e-01 5.000000e-01 1.515005e+00 -0.993256 0.002105 0.009961 0.969124 0.009961 0.002105 0.993256 -0.002108 -0.009973 -0.969093 -0.009973 -0.002108 0.000000 
5.000000e-01 5.000000e-01 4.999957e-03 5.000000e-01 5.000000e-01 1.515005e+00 -0.993256 0.002105 0.009961 0.969124 0.009961 0.002105 0.993256 -0.002108 -0.009973 -0.969093 -0.009973 -0.002108 0.000000 
5.000000e-01 5.000000e-01 4.999957e-03 5.000000e-01 5.000000e-01 1.515005e+00 -0.993256 0.002105 0.009961 0.969124 0.009961 0.002105 0.993256 -0.002108 -0.009973 -0.969093 -0.009973 -0.002108 0.000000 
5.000000e-01 5.000000e-01 4.999957e-03 5.000000e-01 5.000000e-01 1.515005e+00 -0.993256 0.002105 0.009961 0.969124 0.009961 0.002105 0.993256 -0.002108 -0.009973 -0.969093 -0.009973 -0.002108 0.000000 
5.000000e-01 5.000000e-01 4.999957e-03 5.000000e-01 5.000000e-01 1.515005e+00 -0.993256 0.002105 0.009961 0.969124 0.009961 0.002105 0.993256 -0.002108 -0.009973 -0.969093 -0.009973 -0.002108 0.000000 
5.000000e-01 5.000000e-01 4.999957e-03 5.000000e-01 5.000000e-01 1.515005e+00 -0.993256 0.002105 0.009961 0.969124 0.009961 0.002105 0.993256 -0.002108 -0.009973 -0.969093 -0.009973 -0.002108 0.000000 
5.000000e-01 5.000000e-01 4.999957e-03 5.000000e-01 5.000000e-01 1.515005e+00 -0.993256 0.002105 0.009961 0.969124 0.009961 0.002105 0.993256 -0.002108 -0.009973 -0.969093 -0.009973 -0.002108 0.000000 
5.000000e-01 5.000000e-01 4.999957e-03 5.000000e-01 5.000000e-01 1.515005e+00 -0.993256 0.002105 0.009961 0.969124 0.009961 0.002105 0.993256 -0.002108 -0.009973 -0.969093 -0.009973 -0.002108 0.000000 
5.000000e-01 5.000000e-01 4.999957e-03 5.000000e-01 5.000000e-01 1.515005e+00 -0.993256 0.002105 0.009961 0.969124 0.009961 0.002105 0.993256 -0.002108 -0.009973 -0.969093 -0.009973 -0.002108 0.000000 
5.000000e-01 5.000000e-01 4.999957e-03 5.000000e-01 5.000000e-01 1.515005e+00 -0.993256 0.002105 0.009961 0.969124 0.009961 0.002105 0.993256 -0.002108 -0.009973 -0.969093 -0.009973 -0.002108 0.000000 
5.000000e-01 5.000000e-01 4.999957e-03 5.000000e-01 5.000000e-01 1.515005e+00 -0.993256 0.002105 0.009961 0.969124 0.009961 0.002105 0.993256 -0.002108 -0.009973 -0.969093 -0.009973 -0.002108 0.000000 
5.000000e-01 5.000000e-01 4.999957e-03 5.000000e-01 5.000000e-01 1.515005e+00 -0.993256 0.002105 0.009961 0.969124 0.009961 0.002105 0.993256 -0.002108 -0.009973 -0.969093 -0.009973 -0.002108 0.000000 
5.000000e-01 5.000000e-01 4.999957e-03 5.000000e-01 5.000000e-01 1.515005e+00 -0.993256 0.002105 0.009961 0.969124 0.009961 0.002105 0.993256 -0.002108 -0.009973 -0.969093 -0.009973 -0.002108 0.000000 
5.000000e-01 5.000000e-01 4.999957e-03 5.000000e-01 5.000000e-01 1.515005e+00 -0.993256 0.002105 0.009961 0.969124 0.009961 0.002105 0.993256 -0.002108 -0.009973 -0.969093 -0.009973 -0.002108 0.000000 
5.000000e-01 5.000000e-01 4.999957e-03 5.000000e-01 5.000000e-01 1.515005e+00 -0.993256 0.002105 0.009961 0.969124 0.009961 0.002105 0.993256 -0.002108 -0.009973 -0.969093 -0.009973 -0.002108 0.000000 
5.000000e-01 5.000000e-01 4.999957e-03 5.000000e-01 5.000000e-01 1.515005e+00 -0.993256 0.002105 0.009961 0.969124 0.009961 0.002105 0.993256 -0.002108 -0.009973 -0.969093 -0.009973 -0.002108 0.000000 
5.000000e-01 5.000000e-01 4.999957e-03 5.000000e-01 5.000000e-01 1.515005e+00 -0.993256 0.002105 0.009961 0.969124 0.009961 0.002105 0.993256 -0.002108 -0.009973 -0.969093 -0.009973 -0.002108 0.000000 
5.000000e-01 5.000000e-01 4.999957e-03 5.000000e-01 5.000000e-01 1.515005e+00 -0.993256 0.002105 0.009961 0.969124 0.009961 0.002105 0.993256 -0.002108 -0.009973 -0.969093 -0.009973 -0.002108 0.000000 
5.000000e-01 5.000000e-01 4.999957e-03 5.000000e-01 5.000000e-01 1.515005e+00 -0.993256 0.002105 0.009961 0.969124 0.009961 0.002105 0.993256 -0.002108 -0.009973 -0.969093 -0.009973 -0.002108 0.000000 
5.000000e-01 5.000000e-01 4.999957e-03 5.000000e-01 5.000000e-01 1.515005e+00 -0.993256 0.002105 0.009961 0.969124 0.009961 0.002105 0.993256 -0.002108 -0.009973 -0.969093 -0.009973 -0.002108 0.000000 
5.000000e-01 5.000000e-01 4.999957e-03 5.000000e-01 5.000000e-01 1.515005e+00 -0.993256 0.002105 0.009961 0.969124 0.009961 0.002105 0.993256 -0.002108 -0.009973 -0.969093 -0.009973 -0.002108 0.000000 
5.000000e-01 5.000000e-01 4.999957e-03 5.000000e-01 5.000000e-01 1.515005e+00 -0.993256 0.002105 0.009961 0.969124 0.009961 0.002105 0.993256 -0.002108 -0.009973 -0.969093 -0.009973 -0.002108 0.000000 
5.000000e-01 5.000000e-01 4.999957e-03 5.000000e-01 5.000000e-01 1.515005e+00 -0.993256 0.002105 0.009961 0.969124 0.009961 0.002105 0.993256 -0.002108 -0.009973 -0.969093 -0.009973 -0.002108 0.000000 
5.000000e-01 5.000000e-01 4.999957e-03 5.000000e-01 5.000000e-01 1.515005e+00 -0.993256 0.002105 0.009961 0.969124 0.009961 0.002105 0.993256 -0.002108 -0.009973 -0.969093 -0.009973 -0.002108 0.000000 
5.000000e-01 5.000000e-01 4.999957e-03 5.000000e-01 5.000000e-01 1.515005e+00 -0.993256 0.002105 0.009961 0.969124 0.009961 0.002105 0.993256 -0.002108 -0.009973 -0.969093 -0.009973 -0.002108 0.000000 
5.000000e-01 5.000000e-01 4.999957e-03 5.000000e-01 5.000000e-01 1.515005e+00 -0.993256 0.002105 0.009961 0.969124 0.009961 0.002105 0.993256 -0.002108 -0.009973 -0.969093 -0.009973 -0.002108 0.000000 
5.000000e-01 5.000000e-01 4.999957e-03 5.000000e-01 5.000000e-01 1.515005e+00 -0.993256 0.002105 0.009961 0.969124 0.009961 0.002105 0.993256 -0.002108 -0.009973 -0.969093 -0.009973 -0.002108 0.000000 
5.000000e-01 5.000000e-01 4.999957e-03 5.000000e-01 5.000000e-01 1.515005e+00 -0.993256 0.002105 0.009961 0.969124 0.009961 0.002105 0.993256 -0.002108 -0.009973 -0.969093 -0.009973 -0.002108 0.000000 
5.000000e-01 5.000000e-01 4.999957e-03 5.000000e-01 5.000000e-01 1.515005e+00 -0.993256 0.002105 0.009961 0.969124 0.009961 0.002105 0.993256 -0.002108 -0.009973 -0.969093 -0.009973 -0.002108 0.000000 
5.000000e-01 5.000000e-01 4.999957e-03 5.000000e-01 5.000000e-01 1.515005e+00 -0.993256 0.002105 0.009961 0.969124 0.009961 0.002105 0.993256 -0.002108 -0.009973 -0.969093 -0.009973 -0.002108 0.000000 
5.000000e-01 5.000000e-01 4.999957e-03 5.000000e-01 5.000000e-01 1.515005e+00 -0.993256 0.002105 0.009961 0.969124 0.009961 0.002105 0.993256 -0.002108 -0.009973 -0.969093 -0.009973 -0.002108 0.000000 
5.000000e-01 5.000000e-01 4.999957e-03 5.000000e-01 5.000000e-01 1.515005e+00 -0.993256 0.002105 0.009961 0.969124 0.009961 0.002105 0.993256 -0.002108 -0.009973 -0.969093 -0.009973 -0.002108 0.000000 
5.000000e-01 5.000000e-01 4.999957e-03 5.000000e-01 5.000000e-01 1.515005e+00 -0.993256 0.002105 0.009961 0.969124 0.009961 0.002105 0.993256 -0.002108 -0.009973 -0.969093 -0.009973 -0.002108 0.000000 
5.000000e-01 5.000000e-01 4.999957e-03 5.000000e-01 5.000000e-01 1.515005e+00 -0.993256 0.002105 0.009961 0.969124 0.009961 0.002105 0.993256 -0.002108 -0.009973 -0.969093 -0.009973 -0.002108 0.000000 
5.000000e-01 5.000000e-01 4.999957e-03 5.000000e-01 5.000000e-01 1.515005e+00 -0.993256 0.002105 0.009961 0.969124 0.009961 0.002105 0.993256 -0.002108 -0.009973 -0.969093 -0.009973 -0.002108 0.000000 
5.000000e-01 5.000000e-01 4.999957e-03 5.000000e-01 5.000000e-01 1.515005e+00 -0.993256 0.002105 0.009961 0.969124 0.009961 0.002105 0.993256 -0.002108 -0.009973 -0.969093 -0.009973 -0.002108 0.000000 
5.000000e-01 5.000000e-01 4.999957e-03 5.000000e-01 5.000000e-01 1.515005e+00 -0.993256 0.002105 0.009961 0.969124 0.009961 0.002105 0.993256 -0.002108 -0.009973 -0.969093 -0.009973 -0.002108 0.000000 
5.000000e-01 5.000000e-01 4.999957e-03 5.000000e-01 5.000000e-01 1.515005e+00 -0.993256 0.002105 0.009961 0.969124 0.009961 0.002105 0.993256 -0.002108 -0.009973 -0.969093 -0.009973 -0.002108 0.000000 
5.000000e-01 5.000000e-01 4.999957e-03 5.000000e-01 5.000000e-01 1.515005e+00 -0.993256 0.002105 0.009961 0.969124 0.009961 0.002105 0.993256 -0.002108 -0.009973 -0.969093 -0.009973 -0.002108 0.000000 
5.000000e-01 5.000000e-01 4.999957e-03 5.000000e-01 5.000000e-01 1.515005e+00 -0.993256 0.002105 0.009961 0.969124 0.009961 0.002105 0.993256 -0.002108 -0.009973 -0.969093 -0.009973 -0.002108 0.000000 
5.000000e-01 5.000000e-01 4.999957e-03 5.000000e-01 5.000000e-01 1.515005e+00 -0.993256 0.002105 0.009961 0.969124 0.009961 0.002105 0.993256 -0.002108 -0.009973 -0.969093 -0.009973 -0.002108 0.000000 
5.000000e-01 5.000000e-01 4.999957e-03 5.000000e-01 5.000000e-01 1.515005e+00 -0.993256 0.002105 0.009961 0.969124 0.009961 0.002105 0.993256 -0.002108 -0.009973 -0.969093 -0.009973 -0.002108 0.000000 
5.000000e-01 5.000000e-01 4.999957e-03 5.000000e-01 5.000000e-01 1.515005e+00 -0.993256 0.002105 0.009961 0.969124 0.009961 0.002105 0.993256 -0.002108 -0.009973 -0.969093 -0.009973 -0.002108 0.000000 
5.000000e-01 5.000000e-01 4.999957e-03 5.000000e-01 5.000000e-01 1.515005e+00 -0.993256 0.002105 0.009961 0.969124 0.009961 0.002105 0.993256 -0.002108 -0.009973 -0.969093 -0.009973 -0.002108 0.000000 
5.000000e-01 5.000000e-01 4.999957e-03 5.000000e-01 5.000000e-01 1.515005e+00 -0.993256 0.002105 0.009961 0.969124 0.009961 0.002105 0.993256 -0.002108 -0.009973 -0.969093 -0.009973 -0.002108 0.000000 
5.000000e-01 5.000000e-01 4.999957e-03 5.000000e-01 5.000000e-01 1.515005e+00 -0.993256 0.002105 0.009961 0.969124 0.009961 0.002105 0.993256 -0.002108 -0.009973 -0.969093 -0.009973 -0.002108 0.000000 
5.000000e-01 5.000000e-01 4.999957e-03 5.000000e-01 5.000000e-01 1.515005e+00 -0.993256 0.002105 0.009961 0.969124 0.009961 0.002105 0.993256 -0.002108 -0.009973 -0.969093 -0.009973 -0.002108 0.000000 
5.000000e-01 5.000000e-01 4.999957e-03 5.000000e-01 5.000000e-01 1.515005e+00 -0.993256 0.002105 0.009961 0.969124 0.009961 0.002105 0.993256 -0.002108 -0.009973 -0.969093 -0.009973 -0.002108 0.000000 
5.000000e-01 5.000000e-01 4.999957e-03 5.000000e-01 5.000000e-01 1.515005e+00 -0.993256 0.002105 0.009961 0.969124 0.009961 0.002105 0.993256 -0.002108 -0.009973 -0.969093 -0.009973 -0.002108 0.000000 
5.000000e-01 5.000000e-01 4.999957e-03 5.000000e-01 5.000000e-01 1.515005e+00 -0.993256 0.002105 0.009961 0.969124 0.009961 0.002105 0.993256 -0.002108 -0.009973 -0.969093 -0.009973 -0.002108 0.000000 
5.000000e-01 5.000000e-01 4.999957e-03 5.000000e-01 5.000000e-01 1.515005e+00 -0.993256 0.002105 0.009961 0.969124 0.009961 0.002105 0.993256 -0.002108 -0.009973 -0.969093 -0.009973 -0.002108 0.000000 
5.000000e-01 5.000000e-01 4.999957e-03 5.000000e-01 5.000000e-01 1.515005e+00 -0.993256 0.002105 0.009961 0.969124 0.009961 0.002105 0.993256 -0.002108 -0.009973 -0.969093 -0.009973 -0.002108 0.000000 
5.000000e-01 5.000000e-01 4.999957e-03 5.000000e-01 5.000000e-01 1.515005e+00 -0.993256 0.002105 0.009961 0.969124 0.009961 0.002105 0.993256 -0.002108 -0.009973 -0.969093 -0.009973 -0.002108 0.000000 
5.000000e-01 5.000000e-01 4.999957e-03 5.000000e-01 5.000000e-01 1.515005e+00 -0.993256 0.002105 0.009961 0.969124 0.009961 0.002105 0.993256 -0.002108 -0.009973 -0.969093 -0.009973 -0.002108 0.000000 
5.000000e-01 5.000000e-01 4.999957e-03 5.000000e-01 5.000000e-01 1.515005e+00 -0.993256 0.002105 0.009961 0.969124 0.009961 0.002105 0.993256 -0.002108 -0.009973 -0.969093 -0.009973 -0.002108 0.000000 
5.000000e-01 5.000000e-01 4.999957e-03 5.000000e-01 5.000000e-01 1.515005e+00 -0.993256 0.002105 0.009961 0.969124 0.009961 0.002105 0.993256 -0.002108 -0.009973 -0.969093 -0.009973 -0.002108 0.000000 
5.000000e-01 5.000000e-01 4.999957e-03 5.000000e-01 5.000000e-01 1.515005e+00 -0.993256 0.002105 0.009961 0.969124 0.009961 0.002105 0.993256 -0.002108 -0.009973 -0.969093 -0.009973 -0.002108 0.000000 
5.000000e-01 5.000000e-01 4.999957e-03 5.000000e-01 5.000000e-01 1.515005e+00 -0.993256 0.002105 0.009961 0.969124 0.009961 0.002105 0.993256 -0.002108 -0.009973 -0.969093 -0.009973 -0.002108 0.000000 
5.000000e-01 5.000000e-01 4.999957e-03 5.000000e-01 5.000000e-01 1.515005e+00 -0.993256 0.002105 0.009961 0.969124 0.009961 0.002105 0.993256 -0.002108 -0.009973 -0.969093 -0.009973 -0.002108 0.000000 
5.000000e-01 5.000000e-01 4.999957e-03 5.000000e-01 5.000000e-01 1.515005e+00 -0.993256 0.002105 0.009961 0.969124 0.009961 0.002105 0.993256 -0.002108 -0.009973 -0.969093 -0.009973 -0.002108 0.000000 
5.000000e-01 5.000000e-01 4.999957e-03 5.000000e-01 5.000000e-01 1.515005e+00 -0.993256 0.002105 0.009961 0.969124 0.009961 0.002105 0.993256 -0.002108 -0.009973 -0.969093 -0.009973 -0.002108 0.000000 
5.000000e-01 5.000000e-01 4.999957e-03 5.000000e-01 5.000000e-01 1.515005e+00 -0.993256 0.002105 0.009961 0.969124 0.009961 0.002105 0.993256 -0.002108 -0.009973 -0.969093 -0.009973 -0.002108 0.000000 
5.000000e-01 5.000000e-01 4.999957e-03 5.000000e-01 5.000000e-01 1.515005e+00 -0.993256 0.002105 0.009961 0.969124 0.009961 0.002105 0.993256 -0.002108 -0.009973 -0.969093 -0.009973 -0.002108 0.000000 
5.000000e-01 5.000000e-01 4.999957e-03 5.000000e-01 5.000000e-01 1.515005e+00 -0.993256 0.002105 0.009961 0.969124 0.009961 0.002105 0.993256 -0.002108 -0.009973 -0.969093 -0.009973 -0.002108 0.000000 
5.000000e-01 5.000000e-01 4.999957e-03 5.000000e-01 5.000000e-01 1.515005e+00 -0.993256 0.002105 0.009961 0.969124 0.009961 0.002105 0.993256 -0.002108 -0.009973 -0.969093 -0.009973 -0.002108 0.000000 
5.000000e-01 5.000000e-01 4.999957e-03 5.000000e-01 5.000000e-01 1.515005e+00 -0.993256 0.002105 0.009961 0.969124 0.009961 0.002105 0.993256 -0.002108 -0.009973 -0.969093 -0.009973 -0.002108 0.000000 
5.000000e-01 5.000000e-01 4.999957e-03 5.000000e-01 5.000000e-01 1.515005e+00 -0.993256 0.002105 0.009961 0.969124 0.009961 0.002105 0.993256 -0.002108 -0.009973 -0.969093 -0.009973 -0.002108 0.000000 
5.000000e-01 5.000000e-01 4.999957e-03 5.000000e-01 5.000000e-01 1.515005e+00 -0.993256 0.002105 0.009961 0.969124 0.009961 0.002105 0.993256 -0.002108 -0.009973 -0.969093 -0.009973 -0.002108 0.000000 
5.000000e-01 5.000000e-01 4.999957e-03 5.000000e-01 5.000000e-01 1.515005e+00 -0.993256 0.002105 0.009961 0.969124 0.009961 0.002105 0.993256 -0.002108 -0.009973 -0.969093 -0.009973 -0.002108 0.000000 
5.000000e-01 5.000000e-01 4.999957e-03 5.000000e-01 5.000000e-01 1.515005e+00 -0.993256 0.002105 0.009961 0.969124 0.009961 0.002105 0.993256 -0.002108 -0.009973 -0.969093 -0.009973 -0.002108 0.000000 
5.000000e-01 5.000000e-01 4.999957e-03 5.000000e-01 5.000000e-01 1.515005e+00 -0.993256 0.002105 0.009961 0.969124 0.009961 0.002105 0.993256 -0.002108 -0.009973 -0.969093 -0.009973 -0.002108 0.000000 
5.000000e-01 5.000000e-01 4.999957e-03 5.000000e-01 5.000000e-01 1.515005e+00 -0.993256 0.002105 0.009961 0.969124 0.009961 0.002105 0.993256 -0.002108 -0.009973 -0.969093 -0.009973 -0.002108 0.000000 
5.000000e-01 5.000000e-01 4.999957e-03 5.000000e-01 5.000000e-01 1.515005e+00 -0.993256 0.002105 0.009961 0.969124 0.009961 0.002105 0.993256 -0.002108 -0.009973 -0.969093 -0.009973 -0.002108 0.000000 
5.000000e-01 5.000000e-01 4.999957e-03 5.000000e-01 5.000000e-01 1.515005e+00 -0.993256 0.002105 0.009961 0.969124 0.009961 0.002105 0.993256 -0.002108 -0.009973 -0.969093 -0.009973 -0.002108 0.000000 
5.000000e-01 5.000000e-01 4.999957e-03 5.000000e-01 5.000000e-01 1.515005e+00 -0.993256 0.002105 0.009961 0.969124 0.009961 0.002105 0.993256 -0.002108 -0.009973 -0.969093 -0.009973 -0.002108 0.000000 
5.000000e-01 5.000000e-01 4.999957e-03 5.000000e-01 5.000000e-01 1.515005e+00 -0.993256 0.002105 0.009961 0.969124 0.009961 0.002105 0.993256 -0.002108 -0.009973 -0.969093 -0.009973 -0.002108 0.000000 
5.000000e-01 5.000000e-01 4.999957e-03 5.000000e-01 5.000000e-01 1.515005e+00 -0.993256 0.002105 0.009961 0.969124 0.009961 0.002105 0.993256 -0.002108 -0.009973 -0.969093 -0.009973 -0.002108 0.000000 
5.000000e-01 5.000000e-01 4.999957e-03 5.000000e-01 5.000000e-01 1.515005e+00 -0.993256 0.002105 0.009961 0.969124 0.009961 0.002105 0.993256 -0.002108 -0.009973 -0.969093 -0.009973 -0.002108 0.000000 
5.000000e-01 5.000000e-01 4.999957e-03 5.000000e-01 5.000000e-01 1.515005e+00 -0.993256 0.002105 0.009961 0.969124 0.009961 0.002105 0.993256 -0.002108 -0.009973 -0.969093 -0.009973 -0.002108 0.000000 
5.000000e-01 5.000000e-01 4.999957e-03 5.000000e-01 5.000000e-01 1.515005e+00 -0.993256 0.002105 0.009961 0.969124 0.009961 0.002105 0.993256 -0.002108 -0.009973 -0.969093 -0.009973 -0.002108 0.000000 
5.000000e-01 5.000000e-01 4.999957e-03 5.000000e-01 5.000000e-01 1.515005e+00 -0.993256 0.002105 0.009961 0.969124 0.009961 0.002105 0.993256 -0.002108 -0.009973 -0.969093 -0.009973 -0.002108 0.000000 
5.000000e-01 5.000000e-01 4.999957e-03 5.000000e-01 5.000000e-01 1.515005e+00 -0.993256 0.002105 0.009961 0.969124 0.009961 0.002105 0.993256 -0.002108 -0.009973 -0.969093 -0.009973 -0.002108 0.000000 
5.000000e-01 5.000000e-01 4.999957e-03 5.000000e-01 5.000000e-01 1.515005e+00 -0.993256 0.002105 0.009961 0.969124 0.009961 0.002105 0.993256 -0.002108 -0.009973 -0.969093 -0.009973 -0.002108 0.000000 
5.000000e-01 5.000000e-01 4.999957e-03 5.000000e-01 5.000000e-01 1.515005e+00 -0.993256 0.002105 0.009961 0.969124 0.009961 0.002105 0.993256 -0.002108 -0.009973 -0.969093 -0.009973 -0.002108 0.000000 
5.000000e-01 5.000000e-01 4.999957e-03 5.000000e-01 5.000000e-01 1.515005e+00 -0.993256 0.002105 0.009961 0.969124 0.009961 0.002105 0.993256 -0.002108 -0.009973 -0.969093 -0.009973 -0.002108 0.000000 
5.000000e-01 5.000000e-01 4.999957e-03 5.000000e-01 5.000000e-01 1.515005e+00 -0.993256 0.002105 0.009961 0.969124 0.009961 0.002105 0.993256 -0.002108 -0.009973 -0.969093 -0.009973 -0.002108 0.000000 
5.000000e-01 5.000000e-01 4.999957e-03 5.000000e-01 5.000000e-01 1.515005e+00 -0.993256 0.002105 0.009961 0.969124 0.009961 0.002105 0.993256 -0.002108 -0.009973 -0.969093 -0.009973 -0.002108 0.000000 
5.000000e-01 5.000000e-01 4.999957e-03 5.000000e-01 5.000000e-01 1.515005e+00 -0.993256 0.002105 0.009961 0.969124 0.009961 0.002105 0.993256 -0.002108 -0.009973 -0.969093 -0.009973 -0.002108 0.000000 
5.000000e-01 5.000000e-01 4.999957e-03 5.000000e-01 5.000000e-01 1.515005e+00 -0.993256 0.002105 0.009961 0.969124 0.009961 0.002105 0.993256 -0.002108 -0.009973 -0.969093 -0.009973 -0.002108 0.000000 
5.000000e-01 5.000000e-01 4.999957e-03 5.000000e-01 5.000000e-01 1.515005e+00 -0.993256 0.002105 0.009961 0.969124 0.009961 0.002105 0.993256 -0.002108 -0.009973 -0.969093 -0.009973 -0.002108 0.000000 
5.000000e-01 5.000000e-01 4.999957e-03 5.000000e-01 5.000000e-01 1.515005e+00 -0.993256 0.002105 0.009961 0.969124 0.009961 0.002105 0.993256 -0.002108 -0.009973 -0.969093 -0.009973 -0.002108 0.000000 
5.000000e-01 5.000000e-01 4.999957e-03 5.000000e-01 5.000000e-01 1.515005e+00 -0.993256 0.002105 0.009961 0.969124 0.009961 0.002105 0.993256 -0.002108 -0.009973 -0.969093 -0.009973 -0.002108 0.000000 
5.000000e-01 5.000000e-01 4.999957e-03 5.000000e-01 5.000000e-01 1.515005e+00 -0.993256 0.002105 0.009961 0.969124 0.009961 0.002105 0.993256 -0.002108 -0.009973 -0.969093 -0.009973 -0.002108 0.000000 
5.000000e-01 5.000000e-01 4.999957e-03 5.000000e-01 5.000000e-01 1.515005e+00 -0.993256 0.002105 0.009961 0.969124 0.009961 0.002105 0.993256 -0.002108 -0.009973 -0.969093 -0.009973 -0.002108 0.000000 
5.000000e-01 5.000000e-01 4.999957e-03 5.000000e-01 5.000000e-01 1.515005e+00 -0.993256 0.002105 0.009961 0.969124 0.009961 0.002105 0.993256 -0.002108 -0.009973 -0.969093 -0.009973 -0.002108 0.000000 
5.000000e-01 5.000000e-01 4.999957e-03 5.000000e-01 5.000000e-01 1.515005e+00 -0.993256 0.002105 0.009961 0.969124 0.009961 0.002105 0.993256 -0.002108 -0.009973 -0.969093 -0.009973 -0.002108 0.000000 
5.000000e-01 5.000000e-01 4.999957e-03 5.000000e-01 5.000000e-01 1.515005e+00 -0.993256 0.002105 0.009961 0.969124 0.009961 0.002105 0.993256 -0.002108 -0.009973 -0.969093 -0.009973 -0.002108 0.000000 
5.000000e-01 5.000000e-01 4.999957e-03 5.000000e-01 5.000000e-01 1.515005e+00 -0.993256 0.002105 0.009961 0.969124 0.009961 0.002105 0.993256 -0.002108 -0.009973 -0.969093 -0.009973 -0.002108 0.000000 
