# TeX TeY TeZ ThX ThY THZ P1 P2
5.000000e-01 5.000000e-01 5.300000e-01 5.000000e-01 5.000000e-01 5.300000e-01 0.000000 0.000000 0.000000 0.000000 0.000000 0.000000 0.000000 0.000000 0.000000 0.000000 0.000000 0.000000 0.000000 
5.000000e-01 5.000000e-01 5.177474e-01 5.000000e-01 5.000000e-01 5.387267e-01 -0.013771 0.002439 0.002939 0.003015 0.002939 0.002439 0.013771 -0.001204 -0.003257 -0.004848 -0.003257 -0.001204 0.000000 
5.000000e-01 5.000000e-01 5.054577e-01 5.000000e-01 5.000000e-01 5.474425e-01 -0.027559 0.004882 0.005881 0.006032 0.005881 0.004882 0.027559 -0.002377 -0.006524 -0.009757 -0.006524 -0.002377 0.000000 
5.000000e-01 5.000000e-01 4.931311e-01 5.000000e-01 5.000000e-01 5.561471e-01 -0.041364 0.007329 0.008827 0.009051 0.008827 0.007329 0.041364 -0.003512 -0.009800 -0.014740 -0.009800 -0.003512 0.000000 
5.000000e-01 5.000000e-01 4.807680e-01 5.000000e-01 5.000000e-01 5.648405e-01 -0.055185 0.009780 0.011776 0.012074 0.011776 0.009780 0.055185 -0.004603 -0.013086 -0.019807 -0.013086 -0.004603 0.000000 
5.000000e-01 5.000000e-01 4.683687e-01 5.000000e-01 5.000000e-01 5.735226e-01 -0.069023 0.012234 0.014728 0.015099 0.014728 0.012234 0.069023 -0.005634 -0.016384 -0.024987 -0.016384 -0.005634 0.000000 
5.000000e-01 5.000000e-01 4.559335e-01 5.000000e-01 5.000000e-01 5.821933e-01 -0.082876 0.014691 0.017684 0.018127 0.017684 0.014691 0.082876 -0.006602 -0.019690 -0.030291 -0.019690 -0.006602 0.000000 
5.000000e-01 5.000000e-01 4.434627e-01 5.000000e-01 5.000000e-01 5.908525e-01 -0.096746 0.017151 0.020643 0.021158 0.020643 0.017151 0.096746 -0.007504 -0.023006 -0.035726 -0.023006 -0.007504 0.000000 
5.000000e-01 5.000000e-01 4.309566e-01 5.000000e-01 5.000000e-01 5.995000e-01 -0.110631 0.019613 0.023605 0.024194 0.023605 0.019613 0.110631 -0.008333 -0.026329 -0.041308 -0.026329 -0.008333 0.000000 
5.000000e-01 5.000000e-01 4.184155e-01 5.000000e-01 5.000000e-01 6.081359e-01 -0.124531 0.022077 0.026571 0.027235 0.026571 0.022077 0.124531 -0.009070 -0.029658 -0.047076 -0.029658 -0.009070 0.000000 
5.000000e-01 5.000000e-01 4.058396e-01 5.000000e-01 5.000000e-01 6.167599e-01 -0.138446 0.024543 0.029540 0.030279 0.029540 0.024543 0.138446 -0.009707 -0.032991 -0.053050 -0.032991 -0.009707 0.000000 
5.000000e-01 5.000000e-01 3.932294e-01 5.000000e-01 5.000000e-01 6.253720e-01 -0.152375 0.027010 0.032513 0.033329 0.032513 0.027010 0.152375 -0.010242 -0.036325 -0.059241 -0.036325 -0.010242 0.000000 
5.000000e-01 5.000000e-01 3.805850e-01 5.000000e-01 5.000000e-01 6.339720e-01 -0.166319 0.029479 0.035489 0.036383 0.035489 0.029479 0.166319 -0.010666 -0.039656 -0.065674 -0.039656 -0.010666 0.000000 
5.000000e-01 5.000000e-01 3.679067e-01 5.000000e-01 5.000000e-01 6.425600e-01 -0.180277 0.031948 0.038469 0.039443 0.038469 0.031948 0.180277 -0.010950 -0.042978 -0.072420 -0.042978 -0.010950 0.000000 
5.000000e-01 5.000000e-01 3.551949e-01 5.000000e-01 5.000000e-01 6.511356e-01 -0.194249 0.034418 0.041452 0.042508 0.041452 0.034418 0.194249 -0.011095 -0.046285 -0.079488 -0.046285 -0.011095 0.000000 
5.000000e-01 5.000000e-01 3.424498e-01 5.000000e-01 5.000000e-01 6.596989e-01 -0.208235 0.036889 0.044439 0.045579 0.044439 0.036889 0.208235 -0.011096 -0.049570 -0.086903 -0.049570 -0.011096 0.000000 
5.000000e-01 5.000000e-01 3.296716e-01 5.000000e-01 5.000000e-01 6.682497e-01 -0.222234 0.039359 0.047429 0.048657 0.047429 0.039359 0.222233 -0.010941 -0.052820 -0.094712 -0.052820 -0.010941 0.000000 
5.000000e-01 5.000000e-01 3.168607e-01 5.000000e-01 5.000000e-01 6.767879e-01 -0.236245 0.041829 0.050423 0.051742 0.050423 0.041829 0.236245 -0.010589 -0.056018 -0.103032 -0.056018 -0.010589 0.000000 
5.000000e-01 5.000000e-01 3.040173e-01 5.000000e-01 5.000000e-01 6.853134e-01 -0.250270 0.044298 0.053421 0.054833 0.053421 0.044298 0.250270 -0.010056 -0.059152 -0.111853 -0.059152 -0.010056 0.000000 
5.000000e-01 5.000000e-01 2.911416e-01 5.000000e-01 5.000000e-01 6.938260e-01 -0.264307 0.046766 0.056422 0.057931 0.056422 0.046766 0.264307 -0.009330 -0.062205 -0.121236 -0.062205 -0.009330 0.000000 
5.000000e-01 5.000000e-01 2.782340e-01 5.000000e-01 5.000000e-01 7.023257e-01 -0.278357 0.049233 0.059427 0.061037 0.059427 0.049233 0.278357 -0.008375 -0.065140 -0.131326 -0.065140 -0.008375 0.000000 
5.000000e-01 5.000000e-01 2.652945e-01 5.000000e-01 5.000000e-01 7.108124e-01 -0.292419 0.051699 0.062435 0.064150 0.062435 0.051699 0.292419 -0.007185 -0.067926 -0.142196 -0.067926 -0.007185 0.000000 
5.000000e-01 5.000000e-01 2.523236e-01 5.000000e-01 5.000000e-01 7.192858e-01 -0.306493 0.054162 0.065448 0.067272 0.065448 0.054162 0.306493 -0.005763 -0.070537 -0.153892 -0.070537 -0.005763 0.000000 
5.000000e-01 5.000000e-01 2.393214e-01 5.000000e-01 5.000000e-01 7.277459e-01 -0.320578 0.056623 0.068464 0.070404 0.068464 0.056623 0.320578 -0.004088 -0.072918 -0.166565 -0.072918 -0.004088 0.000000 
5.000000e-01 5.000000e-01 2.262881e-01 5.000000e-01 5.000000e-01 7.361925e-01 -0.334675 0.059082 0.071484 0.073544 0.071484 0.059082 0.334675 -0.002120 -0.074980 -0.180476 -0.074980 -0.002120 0.000000 
5.000000e-01 5.000000e-01 2.132238e-01 5.000000e-01 5.000000e-01 7.446256e-01 -0.348784 0.061537 0.074508 0.076693 0.074508 0.061537 0.348784 0.000117 -0.076691 -0.195636 -0.076691 0.000117 0.000000 
5.000000e-01 5.000000e-01 2.001288e-01 5.000000e-01 5.000000e-01 7.530449e-01 -0.362904 0.063990 0.077536 0.079852 0.077536 0.063990 0.362904 0.002630 -0.077974 -0.212218 -0.077974 0.002630 0.000000 
5.000000e-01 5.000000e-01 1.870030e-01 5.000000e-01 5.000000e-01 7.614504e-01 -0.377037 0.066440 0.080568 0.083021 0.080568 0.066440 0.377037 0.005483 -0.078621 -0.230760 -0.078621 0.005483 0.000000 
5.000000e-01 5.000000e-01 1.738466e-01 5.000000e-01 5.000000e-01 7.698420e-01 -0.391181 0.068886 0.083604 0.086201 0.083604 0.068886 0.391181 0.008631 -0.078594 -0.251255 -0.078594 0.008631 0.000000 
5.000000e-01 5.000000e-01 1.606594e-01 5.000000e-01 5.000000e-01 7.782194e-01 -0.405338 0.071326 0.086645 0.089395 0.086645 0.071326 0.405338 0.012076 -0.077757 -0.273976 -0.077757 0.012076 0.000000 
5.000000e-01 5.000000e-01 1.474412e-01 5.000000e-01 5.000000e-01 7.865826e-01 -0.419509 0.073763 0.089691 0.092600 0.089691 0.073763 0.419509 0.015868 -0.075769 -0.299708 -0.075769 0.015868 0.000000 
5.000000e-01 5.000000e-01 1.341917e-01 5.000000e-01 5.000000e-01 7.949313e-01 -0.433696 0.076196 0.092743 0.095819 0.092743 0.076196 0.433696 0.019973 -0.072509 -0.328625 -0.072509 0.019973 0.000000 
5.000000e-01 5.000000e-01 1.209101e-01 5.000000e-01 5.000000e-01 8.032656e-01 -0.447901 0.078625 0.095800 0.099051 0.095800 0.078625 0.447901 0.024378 -0.067786 -0.361085 -0.067786 0.024378 0.000000 
5.000000e-01 5.000000e-01 1.075953e-01 5.000000e-01 5.000000e-01 8.115852e-01 -0.462128 0.081050 0.098864 0.102299 0.098864 0.081050 0.462127 0.029115 -0.061048 -0.398261 -0.061048 0.029115 0.000000 
5.000000e-01 5.000000e-01 9.424610e-02 5.000000e-01 5.000000e-01 8.198899e-01 -0.476381 0.083473 0.101935 0.105564 0.101935 0.083473 0.476381 0.034151 -0.052101 -0.440481 -0.052101 0.034151 0.000000 
5.000000e-01 5.000000e-01 8.086042e-02 5.000000e-01 5.000000e-01 8.281797e-01 -0.490666 0.085890 0.105017 0.108851 0.105017 0.085890 0.490666 0.039458 -0.040732 -0.488117 -0.040732 0.039458 0.000000 
5.000000e-01 5.000000e-01 6.743606e-02 5.000000e-01 5.000000e-01 8.364544e-01 -0.504993 0.088307 0.108110 0.112160 0.108110 0.088307 0.504993 0.045058 -0.026205 -0.542699 -0.026205 0.045058 0.000000 
5.000000e-01 5.000000e-01 5.397071e-02 5.000000e-01 5.000000e-01 8.447138e-01 -0.519369 0.090723 0.111216 0.115492 0.111216 0.090723 0.519369 0.050906 -0.008530 -0.604122 -0.008530 0.050906 0.000000 
5.000000e-01 5.000000e-01 4.046260e-02 5.000000e-01 5.000000e-01 8.529577e-01 -0.533798 0.093139 0.114335 0.118850 0.114335 0.093139 0.533798 0.056967 0.012222 -0.672177 0.012222 0.056967 0.000000 
5.000000e-01 5.000000e-01 2.691162e-02 5.000000e-01 5.000000e-01 8.611861e-01 -0.548289 0.095556 0.117471 0.122235 0.117471 0.095556 0.548289 0.063236 0.036334 -0.747430 0.036334 0.063236 0.000000 
5.000000e-01 5.000000e-01 1.332033e-02 5.000000e-01 5.000000e-01 8.693988e-01 -0.562829 0.097971 0.120620 0.125648 0.120620 0.097971 0.562829 0.069641 0.062763 -0.827637 0.062763 0.069641 0.000000 
5.000000e-01 5.000000e-01 4.999887e-03 5.000000e-01 5.000000e-01 8.775956e-01 -0.573821 0.099726 0.123020 0.128327 0.123020 0.099726 0.573821 0.073239 0.079207 -0.878713 0.079207 0.073239 0.000000 
5.000000e-01 5.000000e-01 4.999887e-03 5.000000e-01 5.000000e-01 8.857762e-01 -0.579191 0.100448 0.124233 0.129829 0.124233 0.100448 0.579191 0.072315 0.078052 -0.879926 0.078052 0.072315 0.000000 
5.000000e-01 5.000000e-01 4.999887e-03 5.000000e-01 5.000000e-01 8.939407e-01 -0.584551 0.101155 0.125446 0.131348 0.125446 0.101155 0.584551 0.071391 0.076900 -0.881134 0.076900 0.071391 0.000000 
5.000000e-01 5.000000e-01 4.999887e-03 5.000000e-01 5.000000e-01 9.020888e-01 -0.589899 0.101847 0.126661 0.132883 0.126661 0.101847 0.589899 0.070466 0.075752 -0.882336 0.075752 0.070466 0.000000 
5.000000e-01 5.000000e-01 4.999887e-03 5.000000e-01 5.000000e-01 9.102203e-01 -0.595237 0.102524 0.127876 0.134435 0.127876 0.102524 0.595237 0.069541 0.074606 -0.883532 0.074606 0.069541 0.000000 
5.000000e-01 5.000000e-01 4.999887e-03 5.000000e-01 5.000000e-01 9.183350e-01 -0.600564 0.103182 0.129094 0.136012 0.129094 0.103182 0.600564 0.068615 0.073464 -0.884722 0.073464 0.068615 0.000000 
5.000000e-01 5.000000e-01 4.999887e-03 5.000000e-01 5.000000e-01 9.264329e-01 -0.605880 0.103822 0.130313 0.137610 0.130313 0.103822 0.605879 0.067688 0.072325 -0.885906 0.072325 0.067688 0.000000 
5.000000e-01 5.000000e-01 4.999887e-03 5.000000e-01 5.000000e-01 9.345136e-01 -0.611184 0.104445 0.131533 0.139228 0.131533 0.104445 0.611184 0.066762 0.071189 -0.887085 0.071189 0.066762 0.000000 
5.000000e-01 5.000000e-01 4.999887e-03 5.000000e-01 5.000000e-01 9.425771e-01 -0.616477 0.105049 0.132754 0.140869 0.132754 0.105049 0.616477 0.065835 0.070056 -0.888259 0.070056 0.065835 0.000000 
5.000000e-01 5.000000e-01 4.999887e-03 5.000000e-01 5.000000e-01 9.506231e-01 -0.621759 0.105636 0.133977 0.142532 0.133977 0.105636 0.621758 0.064909 0.068925 -0.889428 0.068925 0.064909 0.000000 
5.000000e-01 5.000000e-01 4.999887e-03 5.000000e-01 5.000000e-01 9.586515e-01 -0.627029 0.106199 0.135202 0.144226 0.135202 0.106199 0.627028 0.063983 0.067798 -0.890592 0.067798 0.063983 0.000000 
5.000000e-01 5.000000e-01 4.999887e-03 5.000000e-01 5.000000e-01 9.666620e-01 -0.632287 0.106739 0.136429 0.145949 0.136429 0.106739 0.632287 0.063057 0.066675 -0.891750 0.066675 0.063057 0.000000 
5.000000e-01 5.000000e-01 4.999887e-03 5.000000e-01 5.000000e-01 9.746546e-01 -0.637533 0.107259 0.137658 0.147699 0.137658 0.107259 0.637533 0.062132 0.065554 -0.892904 0.065554 0.062132 0.000000 
5.000000e-01 5.000000e-01 4.999887e-03 5.000000e-01 5.000000e-01 9.826288e-01 -0.642767 0.107757 0.138888 0.149478 0.138888 0.107757 0.642767 0.061207 0.064436 -0.894053 0.064436 0.061207 0.000000 
5.000000e-01 5.000000e-01 4.999887e-03 5.000000e-01 5.000000e-01 9.905847e-01 -0.647990 0.108232 0.140119 0.151286 0.140119 0.108232 0.647990 0.060283 0.063321 -0.895198 0.063321 0.060283 0.000000 
5.000000e-01 5.000000e-01 4.999887e-03 5.000000e-01 5.000000e-01 9.985220e-01 -0.653200 0.108679 0.141354 0.153135 0.141354 0.108679 0.653200 0.059360 0.062209 -0.896338 0.062209 0.059360 0.000000 
5.000000e-01 5.000000e-01 4.999887e-03 5.000000e-01 5.000000e-01 1.006440e+00 -0.658397 0.109099 0.142589 0.155021 0.142589 0.109099 0.658397 0.058438 0.061100 -0.897473 0.061100 0.058438 0.000000 
5.000000e-01 5.000000e-01 4.999887e-03 5.000000e-01 5.000000e-01 1.014340e+00 -0.663582 0.109493 0.143827 0.156943 0.143827 0.109493 0.663582 0.057516 0.059995 -0.898605 0.059995 0.057516 0.000000 
5.000000e-01 5.000000e-01 4.999887e-03 5.000000e-01 5.000000e-01 1.022220e+00 -0.668755 0.109861 0.145066 0.158901 0.145066 0.109861 0.668755 0.056596 0.058892 -0.899731 0.058892 0.056596 0.000000 
5.000000e-01 5.000000e-01 4.999887e-03 5.000000e-01 5.000000e-01 1.030081e+00 -0.673915 0.110202 0.146306 0.160898 0.146306 0.110202 0.673914 0.055677 0.057792 -0.900854 0.057792 0.055677 0.000000 
5.000000e-01 5.000000e-01 4.999887e-03 5.000000e-01 5.000000e-01 1.037922e+00 -0.679061 0.110506 0.147548 0.162953 0.147548 0.110506 0.679061 0.054760 0.056696 -0.901972 0.056696 0.054760 0.000000 
5.000000e-01 5.000000e-01 4.999887e-03 5.000000e-01 5.000000e-01 1.045743e+00 -0.684195 0.110779 0.148792 0.165052 0.148792 0.110779 0.684195 0.053843 0.055603 -0.903086 0.055603 0.053843 0.000000 
5.000000e-01 5.000000e-01 4.999887e-03 5.000000e-01 5.000000e-01 1.053544e+00 -0.689315 0.111023 0.150036 0.167197 0.150036 0.111023 0.689315 0.052928 0.054512 -0.904196 0.054512 0.052928 0.000000 
5.000000e-01 5.000000e-01 4.999887e-03 5.000000e-01 5.000000e-01 1.061324e+00 -0.694422 0.111235 0.151281 0.169389 0.151281 0.111235 0.694422 0.052015 0.053425 -0.905302 0.053425 0.052015 0.000000 
5.000000e-01 5.000000e-01 4.999887e-03 5.000000e-01 5.000000e-01 1.069085e+00 -0.699516 0.111410 0.152527 0.171640 0.152527 0.111410 0.699515 0.051103 0.052341 -0.906404 0.052341 0.051103 0.000000 
5.000000e-01 5.000000e-01 4.999887e-03 5.000000e-01 5.000000e-01 1.076824e+00 -0.704595 0.111544 0.153774 0.173959 0.153774 0.111544 0.704595 0.050193 0.051260 -0.907502 0.051260 0.050193 0.000000 
5.000000e-01 5.000000e-01 4.999887e-03 5.000000e-01 5.000000e-01 1.084542e+00 -0.709661 0.111643 0.155020 0.176335 0.155020 0.111643 0.709661 0.049285 0.050183 -0.908596 0.050183 0.049285 0.000000 
5.000000e-01 5.000000e-01 4.999887e-03 5.000000e-01 5.000000e-01 1.092239e+00 -0.714713 0.111706 0.156266 0.178769 0.156266 0.111706 0.714713 0.048378 0.049108 -0.909686 0.049108 0.048378 0.000000 
5.000000e-01 5.000000e-01 4.999887e-03 5.000000e-01 5.000000e-01 1.099914e+00 -0.719751 0.111733 0.157510 0.181265 0.157510 0.111733 0.719751 0.047473 0.048037 -0.910772 0.048037 0.047473 0.000000 
5.000000e-01 5.000000e-01 4.999887e-03 5.000000e-01 5.000000e-01 1.107568e+00 -0.724774 0.111705 0.158753 0.183857 0.158753 0.111705 0.724774 0.046571 0.046969 -0.911853 0.046969 0.046571 0.000000 
5.000000e-01 5.000000e-01 4.999887e-03 5.000000e-01 5.000000e-01 1.115200e+00 -0.729783 0.111639 0.159993 0.186519 0.159993 0.111639 0.729783 0.045670 0.045904 -0.912931 0.045904 0.045670 0.000000 
5.000000e-01 5.000000e-01 4.999887e-03 5.000000e-01 5.000000e-01 1.122809e+00 -0.734777 0.111532 0.161230 0.189254 0.161230 0.111532 0.734777 0.044771 0.044843 -0.914005 0.044843 0.044771 0.000000 
5.000000e-01 5.000000e-01 4.999887e-03 5.000000e-01 5.000000e-01 1.130396e+00 -0.739756 0.111384 0.162463 0.192063 0.162463 0.111384 0.739756 0.043875 0.043785 -0.915076 0.043785 0.043875 0.000000 
5.000000e-01 5.000000e-01 4.999887e-03 5.000000e-01 5.000000e-01 1.137960e+00 -0.744720 0.111176 0.163690 0.194987 0.163690 0.111176 0.744720 0.042980 0.042730 -0.916142 0.042730 0.042980 0.000000 
5.000000e-01 5.000000e-01 4.999887e-03 5.000000e-01 5.000000e-01 1.145500e+00 -0.749669 0.110921 0.164911 0.198005 0.164911 0.110921 0.749669 0.042088 0.041679 -0.917204 0.041679 0.042088 0.000000 
5.000000e-01 5.000000e-01 4.999887e-03 5.000000e-01 5.000000e-01 1.153018e+00 -0.754603 0.110621 0.166125 0.201112 0.166125 0.110621 0.754603 0.041199 0.040631 -0.918262 0.040631 0.041199 0.000000 
5.000000e-01 5.000000e-01 4.999887e-03 5.000000e-01 5.000000e-01 1.160512e+00 -0.759521 0.110275 0.167330 0.204312 0.167330 0.110275 0.759521 0.040311 0.039587 -0.919317 0.039587 0.040311 0.000000 
5.000000e-01 5.000000e-01 4.999887e-03 5.000000e-01 5.000000e-01 1.167982e+00 -0.764423 0.109862 0.168523 0.207654 0.168523 0.109862 0.764423 0.039426 0.038546 -0.920367 0.038546 0.039426 0.000000 
5.000000e-01 5.000000e-01 4.999887e-03 5.000000e-01 5.000000e-01 1.175427e+00 -0.769310 0.109395 0.169702 0.211114 0.169702 0.109395 0.769310 0.038544 0.037508 -0.921414 0.037508 0.038544 0.000000 
5.000000e-01 5.000000e-01 4.999887e-03 5.000000e-01 5.000000e-01 1.182848e+00 -0.774180 0.108879 0.170868 0.214686 0.170868 0.108879 0.774180 0.037664 0.036474 -0.922457 0.036474 0.037664 0.000000 
5.000000e-01 5.000000e-01 4.999887e-03 5.000000e-01 5.000000e-01 1.190245e+00 -0.779034 0.108313 0.172019 0.218370 0.172019 0.108313 0.779034 0.036787 0.035444 -0.923495 0.035444 0.036787 0.000000 
5.000000e-01 5.000000e-01 4.999887e-03 5.000000e-01 5.000000e-01 1.197616e+00 -0.783871 0.107668 0.173145 0.222244 0.173145 0.107668 0.783871 0.035912 0.034417 -0.924530 0.034417 0.035912 0.000000 
5.000000e-01 5.000000e-01 4.999887e-03 5.000000e-01 5.000000e-01 1.204962e+00 -0.788692 0.106967 0.174250 0.226258 0.174250 0.106967 0.788692 0.035040 0.033394 -0.925560 0.033394 0.035040 0.000000 
5.000000e-01 5.000000e-01 4.999887e-03 5.000000e-01 5.000000e-01 1.212282e+00 -0.793496 0.106212 0.175331 0.230408 0.175331 0.106212 0.793495 0.034171 0.032375 -0.926587 0.032375 0.034171 0.000000 
5.000000e-01 5.000000e-01 4.999887e-03 5.000000e-01 5.000000e-01 1.219576e+00 -0.798282 0.105399 0.176385 0.234714 0.176385 0.105399 0.798282 0.033305 0.031359 -0.927610 0.031359 0.033305 0.000000 
5.000000e-01 5.000000e-01 4.999887e-03 5.000000e-01 5.000000e-01 1.226844e+00 -0.803051 0.104500 0.177397 0.239256 0.177397 0.104500 0.803051 0.032441 0.030347 -0.928628 0.030347 0.032441 0.000000 
5.000000e-01 5.000000e-01 4.999887e-03 5.000000e-01 5.000000e-01 1.234085e+00 -0.807803 0.103544 0.178375 0.243963 0.178375 0.103544 0.807803 0.031581 0.029339 -0.929643 0.029339 0.031581 0.000000 
5.000000e-01 5.000000e-01 4.999887e-03 5.000000e-01 5.000000e-01 1.241299e+00 -0.812537 0.102532 0.179317 0.248838 0.179317 0.102532 0.812537 0.030723 0.028335 -0.930653 0.028335 0.030723 0.000000 
5.000000e-01 5.000000e-01 4.999887e-03 5.000000e-01 5.000000e-01 1.248485e+00 -0.817253 0.101441 0.180206 0.253957 0.180206 0.101441 0.817253 0.029869 0.027334 -0.931659 0.027334 0.029869 0.000000 
5.000000e-01 5.000000e-01 4.999887e-03 5.000000e-01 5.000000e-01 1.255644e+00 -0.821950 0.100273 0.181035 0.259332 0.181035 0.100273 0.821950 0.029018 0.026338 -0.932661 0.026338 0.029018 0.000000 
5.000000e-01 5.000000e-01 4.999887e-03 5.000000e-01 5.000000e-01 1.262775e+00 -0.826629 0.099047 0.181813 0.264910 0.181813 0.099047 0.826629 0.028169 0.025345 -0.933659 0.025345 0.028169 0.000000 
5.000000e-01 5.000000e-01 4.999887e-03 5.000000e-01 5.000000e-01 1.269878e+00 -0.831290 0.097760 0.182535 0.270700 0.182535 0.097760 0.831290 0.027324 0.024357 -0.934653 0.024357 0.027324 0.000000 
5.000000e-01 5.000000e-01 4.999887e-03 5.000000e-01 5.000000e-01 1.276951e+00 -0.835932 0.096370 0.183155 0.276881 0.183155 0.096370 0.835932 0.026482 0.023373 -0.935642 0.023373 0.026482 0.000000 
5.000000e-01 5.000000e-01 4.999887e-03 5.000000e-01 5.000000e-01 1.283996e+00 -0.840554 0.094921 0.183702 0.283307 0.183702 0.094921 0.840554 0.025644 0.022392 -0.936627 0.022392 0.025644 0.000000 
5.000000e-01 5.000000e-01 4.999887e-03 5.000000e-01 5.000000e-01 1.291011e+00 -0.845158 0.093413 0.184176 0.289980 0.184176 0.093413 0.845158 0.024809 0.021416 -0.937608 0.021416 0.024809 0.000000 
5.000000e-01 5.000000e-01 4.999887e-03 5.000000e-01 5.000000e-01 1.297996e+00 -0.849741 0.091813 0.184527 0.297061 0.184527 0.091813 0.849741 0.023977 0.020444 -0.938584 0.020444 0.023977 0.000000 
5.000000e-01 5.000000e-01 4.999887e-03 5.000000e-01 5.000000e-01 1.304951e+00 -0.854305 0.090137 0.184759 0.304514 0.184759 0.090137 0.854305 0.023149 0.019477 -0.939556 0.019477 0.023149 0.000000 
5.000000e-01 5.000000e-01 4.999887e-03 5.000000e-01 5.000000e-01 1.311876e+00 -0.858849 0.088402 0.184890 0.312264 0.184890 0.088402 0.858849 0.022324 0.018513 -0.940524 0.018513 0.022324 0.000000 
5.000000e-01 5.000000e-01 4.999887e-03 5.000000e-01 5.000000e-01 1.318769e+00 -0.863373 0.086589 0.184880 0.320434 0.184880 0.086589 0.863373 0.021503 0.017554 -0.941487 0.017554 0.021503 0.000000 
5.000000e-01 5.000000e-01 4.999887e-03 5.000000e-01 5.000000e-01 1.325631e+00 -0.867877 0.084686 0.184686 0.329132 0.184686 0.084686 0.867876 0.020685 0.016599 -0.942445 0.016599 0.020685 0.000000 
5.000000e-01 5.000000e-01 4.999887e-03 5.000000e-01 5.000000e-01 1.332462e+00 -0.872359 0.082727 0.184358 0.338190 0.184358 0.082727 0.872359 0.019871 0.015649 -0.943399 0.015649 0.019871 0.000000 
5.000000e-01 5.000000e-01 4.999887e-03 5.000000e-01 5.000000e-01 1.339260e+00 -0.876821 0.080700 0.183864 0.347693 0.183864 0.080700 0.876821 0.019061 0.014703 -0.944349 0.014703 0.019061 0.000000 
5.000000e-01 5.000000e-01 4.999887e-03 5.000000e-01 5.000000e-01 1.346025e+00 -0.881262 0.078575 0.183103 0.357907 0.183103 0.078575 0.881262 0.018254 0.013762 -0.945294 0.013762 0.018254 0.000000 
5.000000e-01 5.000000e-01 4.999887e-03 5.000000e-01 5.000000e-01 1.352758e+00 -0.885682 0.076397 0.182169 0.368551 0.182169 0.076397 0.885682 0.017451 0.012825 -0.946234 0.012825 0.017451 0.000000 
5.000000e-01 5.000000e-01 4.999887e-03 5.000000e-01 5.000000e-01 1.359457e+00 -0.890081 0.074159 0.181032 0.379698 0.181032 0.074159 0.890081 0.016652 0.011892 -0.947169 0.011892 0.016652 0.000000 
5.000000e-01 5.000000e-01 4.999887e-03 5.000000e-01 5.000000e-01 1.366123e+00 -0.894458 0.071822 0.179530 0.391753 0.179530 0.071822 0.894458 0.015856 0.010965 -0.948100 0.010965 0.015856 0.000000 
5.000000e-01 5.000000e-01 4.999887e-03 5.000000e-01 5.000000e-01 1.372754e+00 -0.898814 0.069439 0.177810 0.404317 0.177810 0.069439 0.898814 0.015065 0.010041 -0.949027 0.010041 0.015065 0.000000 
5.000000e-01 5.000000e-01 4.999887e-03 5.000000e-01 5.000000e-01 1.379351e+00 -0.903148 0.066999 0.175828 0.417496 0.175828 0.066999 0.903148 0.014277 0.009123 -0.949948 0.009123 0.014277 0.000000 
5.000000e-01 5.000000e-01 4.999887e-03 5.000000e-01 5.000000e-01 1.385914e+00 -0.907461 0.064467 0.173377 0.431774 0.173377 0.064467 0.907461 0.013493 0.008209 -0.950865 0.008209 0.013493 0.000000 
5.000000e-01 5.000000e-01 4.999887e-03 5.000000e-01 5.000000e-01 1.392440e+00 -0.911752 0.061894 0.170660 0.446643 0.170660 0.061894 0.911752 0.012713 0.007299 -0.951777 0.007299 0.012713 0.000000 
5.000000e-01 5.000000e-01 4.999887e-03 5.000000e-01 5.000000e-01 1.398932e+00 -0.916021 0.059266 0.167580 0.462329 0.167580 0.059266 0.916021 0.011937 0.006394 -0.952685 0.006394 0.011937 0.000000 
5.000000e-01 5.000000e-01 4.999887e-03 5.000000e-01 5.000000e-01 1.405387e+00 -0.920270 0.056560 0.163946 0.479258 0.163946 0.056560 0.920270 0.011165 0.005494 -0.953588 0.005494 0.011165 0.000000 
5.000000e-01 5.000000e-01 4.999887e-03 5.000000e-01 5.000000e-01 1.411806e+00 -0.924496 0.053822 0.160002 0.496848 0.160002 0.053822 0.924496 0.010397 0.004598 -0.954486 0.004598 0.010397 0.000000 
5.000000e-01 5.000000e-01 4.999887e-03 5.000000e-01 5.000000e-01 1.418189e+00 -0.928702 0.051024 0.155530 0.515594 0.155530 0.051024 0.928702 0.009632 0.003707 -0.955380 0.003707 0.009632 0.000000 
5.000000e-01 5.000000e-01 4.999887e-03 5.000000e-01 5.000000e-01 1.424535e+00 -0.932888 0.048170 0.150473 0.535603 0.150473 0.048170 0.932888 0.008871 0.002820 -0.956269 0.002820 0.008871 0.000000 
5.000000e-01 5.000000e-01 4.999887e-03 5.000000e-01 5.000000e-01 1.430843e+00 -0.937052 0.045291 0.145076 0.556317 0.145076 0.045291 0.937052 0.008114 0.001937 -0.957154 0.001937 0.008114 0.000000 
5.000000e-01 5.000000e-01 4.999887e-03 5.000000e-01 5.000000e-01 1.437115e+00 -0.941197 0.042348 0.138901 0.578700 0.138901 0.042348 0.941197 0.007360 0.001059 -0.958035 0.001059 0.007360 0.000000 
5.000000e-01 5.000000e-01 4.999887e-03 5.000000e-01 5.000000e-01 1.443349e+00 -0.945323 0.039374 0.132219 0.602137 0.132219 0.039374 0.945323 0.006610 0.000185 -0.958911 0.000185 0.006610 0.000000 
5.000000e-01 5.000000e-01 4.999887e-03 5.000000e-01 5.000000e-01 1.449546e+00 -0.949427 0.036377 0.125111 0.626450 0.125111 0.036377 0.949427 0.005863 -0.000685 -0.959784 -0.000685 0.005863 0.000000 
5.000000e-01 5.000000e-01 4.999887e-03 5.000000e-01 5.000000e-01 1.455704e+00 -0.953517 0.033323 0.117062 0.652747 0.117062 0.033323 0.953517 0.005120 -0.001552 -0.960652 -0.001552 0.005120 0.000000 
5.000000e-01 5.000000e-01 4.999887e-03 5.000000e-01 5.000000e-01 1.461825e+00 -0.957585 0.030260 0.108658 0.679749 0.108658 0.030260 0.957585 0.004380 -0.002414 -0.961517 -0.002414 0.004380 0.000000 
5.000000e-01 5.000000e-01 4.999887e-03 5.000000e-01 5.000000e-01 1.467908e+00 -0.961636 0.027164 0.099546 0.708216 0.099546 0.027164 0.961636 0.003643 -0.003272 -0.962377 -0.003272 0.003643 0.000000 
5.000000e-01 5.000000e-01 4.999887e-03 5.000000e-01 5.000000e-01 1.473952e+00 -0.965670 0.024045 0.089794 0.737992 0.089794 0.024045 0.965670 0.002909 -0.004127 -0.963234 -0.004127 0.002909 0.000000 
5.000000e-01 5.000000e-01 4.999887e-03 5.000000e-01 5.000000e-01 1.479957e+00 -0.969683 0.020923 0.079739 0.768359 0.079739 0.020923 0.969683 0.002179 -0.004978 -0.964087 -0.004978 0.002179 0.000000 
5.000000e-01 5.000000e-01 4.999887e-03 5.000000e-01 5.000000e-01 1.485923e+00 -0.973682 0.017767 0.068775 0.800597 0.068775 0.017767 0.973682 0.001452 -0.005825 -0.964936 -0.005825 0.001452 0.000000 
5.000000e-01 5.000000e-01 4.999887e-03 5.000000e-01 5.000000e-01 1.491848e+00 -0.977658 0.014618 0.057618 0.833185 0.057618 0.014618 0.977658 0.000729 -0.006668 -0.965781 -0.006668 0.000729 0.000000 
5.000000e-01 5.000000e-01 4.999887e-03 5.000000e-01 5.000000e-01 1.497734e+00 -0.981615 0.011461 0.045970 0.866752 0.045970 0.011461 0.981615 0.000009 -0.007506 -0.966621 -0.007506 0.000009 0.000000 
5.000000e-01 5.000000e-01 4.999887e-03 5.000000e-01 5.000000e-01 1.503577e+00 -0.985550 0.008308 0.034035 0.900863 0.034035 0.008308 0.985550 -0.000707 -0.008340 -0.967457 -0.008340 -0.000707 0.000000 
5.000000e-01 5.000000e-01 4.999887e-03 5.000000e-01 5.000000e-01 1.509377e+00 -0.989458 0.005167 0.021957 0.935211 0.021957 0.005167 0.989458 -0.001418 -0.009168 -0.968287 -0.009168 -0.001418 0.000000 
5.000000e-01 5.000000e-01 4.999887e-03 5.000000e-01 5.000000e-01 1.515018e+00 -0.993264 0.002098 0.009934 0.969201 0.009934 0.002098 0.993264 -0.002110 -0.009974 -0.969096 -0.009974 -0.002110 0.000000 
5.000000e-01 5.000000e-01 4.999887e-03 5.000000e-01 5.000000e-01 1.515018e+00 -0.993264 0.002098 0.009934 0.969201 0.009934 0.002098 0.993264 -0.002110 -0.009974 -0.969096 -0.009974 -0.002110 0.000000 
5.000000e-01 5.000000e-01 4.999887e-03 5.000000e-01 5.000000e-01 1.515018e+00 -0.993264 0.002098 0.009934 0.969201 0.009934 0.002098 0.993264 -0.002110 -0.009974 -0.969096 -0.009974 -0.002110 0.000000 
5.000000e-01 5.000000e-01 4.999887e-03 5.000000e-01 5.000000e-01 1.515018e+00 -0.993264 0.002098 0.009934 0.969201 0.009934 0.002098 0.993264 -0.002110 -0.009974 -0.969096 -0.009974 -0.002110 0.000000 
5.000000e-01 5.000000e-01 4.999887e-03 5.000000e-01 5.000000e-01 1.515018e+00 -0.993264 0.002098 0.009934 0.969201 0.009934 0.002098 0.993264 -0.002110 -0.009974 -0.969096 -0.009974 -0.002110 0.000000 
5.000000e-01 5.000000e-01 4.999887e-03 5.000000e-01 5.000000e-01 1.515018e+00 -0.993264 0.002098 0.009934 0.969201 0.009934 0.002098 0.993264 -0.002110 -0.009974 -0.969096 -0.009974 -0.002110 0.000000 
5.000000e-01 5.000000e-01 4.999887e-03 5.000000e-01 5.000000e-01 1.515018e+00 -0.993264 0.002098 0.009934 0.969201 0.009934 0.002098 0.993264 -0.002110 -0.009974 -0.969096 -0.009974 -0.002110 0.000000 
5.000000e-01 5.000000e-01 4.999887e-03 5.000000e-01 5.000000e-01 1.515018e+00 -0.993264 0.002098 0.009934 0.969201 0.009934 0.002098 0.993264 -0.002110 -0.009974 -0.969096 -0.009974 -0.002110 0.000000 
5.000000e-01 5.000000e-01 4.999887e-03 5.000000e-01 5.000000e-01 1.515018e+00 -0.993264 0.002098 0.009934 0.969201 0.009934 0.002098 0.993264 -0.002110 -0.009974 -0.969096 -0.009974 -0.002110 0.000000 
5.000000e-01 5.000000e-01 4.999887e-03 5.000000e-01 5.000000e-01 1.515018e+00 -0.993264 0.002098 0.009934 0.969201 0.009934 0.002098 0.993264 -0.002110 -0.009974 -0.969096 -0.009974 -0.002110 0.000000 
5.000000e-01 5.000000e-01 4.999887e-03 5.000000e-01 5.000000e-01 1.515018e+00 -0.993264 0.002098 0.009934 0.969201 0.009934 0.002098 0.993264 -0.002110 -0.009974 -0.969096 -0.009974 -0.002110 0.000000 
5.000000e-01 5.000000e-01 4.999887e-03 5.000000e-01 5.000000e-01 1.515018e+00 -0.993264 0.002098 0.009934 0.969201 0.009934 0.002098 0.993264 -0.002110 -0.009974 -0.969096 -0.009974 -0.002110 0.000000 
5.000000e-01 5.000000e-01 4.999887e-03 5.000000e-01 5.000000e-01 1.515018e+00 -0.993264 0.002098 0.009934 0.969201 0.009934 0.002098 0.993264 -0.002110 -0.009974 -0.969096 -0.009974 -0.002110 0.000000 
5.000000e-01 5.000000e-01 4.999887e-03 5.000000e-01 5.000000e-01 1.515018e+00 -0.993264 0.002098 0.009934 0.969201 0.009934 0.002098 0.993264 -0.002110 -0.009974 -0.969096 -0.009974 -0.002110 0.000000 
5.000000e-01 5.000000e-01 4.999887e-03 5.000000e-01 5.000000e-01 1.515018e+00 -0.993264 0.002098 0.009934 0.969201 0.009934 0.002098 0.993264 -0.002110 -0.009974 -0.969096 -0.009974 -0.002110 0.000000 
5.000000e-01 5.000000e-01 4.999887e-03 5.000000e-01 5.000000e-01 1.515018e+00 -0.993264 0.002098 0.009934 0.969201 0.009934 0.002098 0.993264 -0.002110 -0.009974 -0.969096 -0.009974 -0.002110 0.000000 
5.000000e-01 5.000000e-01 4.999887e-03 5.000000e-01 5.000000e-01 1.515018e+00 -0.993264 0.002098 0.009934 0.969201 0.009934 0.002098 0.993264 -0.002110 -0.009974 -0.969096 -0.009974 -0.002110 0.000000 
5.000000e-01 5.000000e-01 4.999887e-03 5.000000e-01 5.000000e-01 1.515018e+00 -0.993264 0.002098 0.009934 0.969201 0.009934 0.002098 0.993264 -0.002110 -0.009974 -0.969096 -0.009974 -0.002110 0.000000 
5.000000e-01 5.000000e-01 4.999887e-03 5.000000e-01 5.000000e-01 1.515018e+00 -0.993264 0.002098 0.009934 0.969201 0.009934 0.002098 0.993264 -0.002110 -0.009974 -0.969096 -0.009974 -0.002110 0.000000 
5.000000e-01 5.000000e-01 4.999887e-03 5.000000e-01 5.000000e-01 1.515018e+00 -0.993264 0.002098 0.009934 0.969201 0.009934 0.002098 0.993264 -0.002110 -0.009974 -0.969096 -0.009974 -0.002110 0.000000 
5.000000e-01 5.000000e-01 4.999887e-03 5.000000e-01 5.000000e-01 1.515018e+00 -0.993264 0.002098 0.009934 0.969201 0.009934 0.002098 0.993264 -0.002110 -0.009974 -0.969096 -0.009974 -0.002110 0.000000 
5.000000e-01 5.000000e-01 4.999887e-03 5.000000e-01 5.000000e-01 1.515018e+00 -0.993264 0.002098 0.009934 0.969201 0.009934 0.002098 0.993264 -0.002110 -0.009974 -0.969096 -0.009974 -0.002110 0.000000 
5.000000e-01 5.000000e-01 4.999887e-03 5.000000e-01 5.000000e-01 1.515018e+00 -0.993264 0.002098 0.009934 0.969201 0.009934 0.002098 0.993264 -0.002110 -0.009974 -0.969096 -0.009974 -0.002110 0.000000 
5.000000e-01 5.000000e-01 4.999887e-03 5.000000e-01 5.000000e-01 1.515018e+00 -0.993264 0.002098 0.009934 0.969201 0.009934 0.002098 0.993264 -0.002110 -0.009974 -0.969096 -0.009974 -0.002110 0.000000 
5.000000e-01 5.000000e-01 4.999887e-03 5.000000e-01 5.000000e-01 1.515018e+00 -0.993264 0.002098 0.009934 0.969201 0.009934 0.002098 0.993264 -0.002110 -0.009974 -0.969096 -0.009974 -0.002110 0.000000 
5.000000e-01 5.000000e-01 4.999887e-03 5.000000e-01 5.000000e-01 1.515018e+00 -0.993264 0.002098 0.009934 0.969201 0.009934 0.002098 0.993264 -0.002110 -0.009974 -0.969096 -0.009974 -0.002110 0.000000 
5.000000e-01 5.000000e-01 4.999887e-03 5.000000e-01 5.000000e-01 1.515018e+00 -0.993264 0.002098 0.009934 0.969201 0.009934 0.002098 0.993264 -0.002110 -0.009974 -0.969096 -0.009974 -0.002110 0.000000 
5.000000e-01 5.000000e-01 4.999887e-03 5.000000e-01 5.000000e-01 1.515018e+00 -0.993264 0.002098 0.009934 0.969201 0.009934 0.002098 0.993264 -0.002110 -0.009974 -0.969096 -0.009974 -0.002110 0.000000 
5.000000e-01 5.000000e-01 4.999887e-03 5.000000e-01 5.000000e-01 1.515018e+00 -0.993264 0.002098 0.009934 0.969201 0.009934 0.002098 0.993264 -0.002110 -0.009974 -0.969096 -0.009974 -0.002110 0.000000 
5.000000e-01 5.000000e-01 4.999887e-03 5.000000e-01 5.000000e-01 1.515018e+00 -0.993264 0.002098 0.009934 0.969201 0.009934 0.002098 0.993264 -0.002110 -0.009974 -0.969096 -0.009974 -0.002110 0.000000 
5.000000e-01 5.000000e-01 4.999887e-03 5.000000e-01 5.000000e-01 1.515018e+00 -0.993264 0.002098 0.009934 0.969201 0.009934 0.002098 0.993264 -0.002110 -0.009974 -0.969096 -0.009974 -0.002110 0.000000 
5.000000e-01 5.000000e-01 4.999887e-03 5.000000e-01 5.000000e-01 1.515018e+00 -0.993264 0.002098 0.009934 0.969201 0.009934 0.002098 0.993264 -0.002110 -0.009974 -0.969096 -0.009974 -0.002110 0.000000 
5.000000e-01 5.000000e-01 4.999887e-03 5.000000e-01 5.000000e-01 1.515018e+00 -0.993264 0.002098 0.009934 0.969201 0.009934 0.002098 0.993264 -0.002110 -0.009974 -0.969096 -0.009974 -0.002110 0.000000 
5.000000e-01 5.000000e-01 4.999887e-03 5.000000e-01 5.000000e-01 1.515018e+00 -0.993264 0.002098 0.009934 0.969201 0.009934 0.002098 0.993264 -0.002110 -0.009974 -0.969096 -0.009974 -0.002110 0.000000 
5.000000e-01 5.000000e-01 4.999887e-03 5.000000e-01 5.000000e-01 1.515018e+00 -0.993264 0.002098 0.009934 0.969201 0.009934 0.002098 0.993264 -0.002110 -0.009974 -0.969096 -0.009974 -0.002110 0.000000 
5.000000e-01 5.000000e-01 4.999887e-03 5.000000e-01 5.000000e-01 1.515018e+00 -0.993264 0.002098 0.009934 0.969201 0.009934 0.002098 0.993264 -0.002110 -0.009974 -0.969096 -0.009974 -0.002110 0.000000 
5.000000e-01 5.000000e-01 4.999887e-03 5.000000e-01 5.000000e-01 1.515018e+00 -0.993264 0.002098 0.009934 0.969201 0.009934 0.002098 0.993264 -0.002110 -0.009974 -0.969096 -0.009974 -0.002110 0.000000 
5.000000e-01 5.000000e-01 4.999887e-03 5.000000e-01 5.000000e-01 1.515018e+00 -0.993264 0.002098 0.009934 0.969201 0.009934 0.002098 0.993264 -0.002110 -0.009974 -0.969096 -0.009974 -0.002110 0.000000 
5.000000e-01 5.000000e-01 4.999887e-03 5.000000e-01 5.000000e-01 1.515018e+00 -0.993264 0.002098 0.009934 0.969201 0.009934 0.002098 0.993264 -0.002110 -0.009974 -0.969096 -0.009974 -0.002110 0.000000 
5.000000e-01 5.000000e-01 4.999887e-03 5.000000e-01 5.000000e-01 1.515018e+00 -0.993264 0.002098 0.009934 0.969201 0.009934 0.002098 0.993264 -0.002110 -0.009974 -0.969096 -0.009974 -0.002110 0.000000 
5.000000e-01 5.000000e-01 4.999887e-03 5.000000e-01 5.000000e-01 1.515018e+00 -0.993264 0.002098 0.009934 0.969201 0.009934 0.002098 0.993264 -0.002110 -0.009974 -0.969096 -0.009974 -0.002110 0.000000 
5.000000e-01 5.000000e-01 4.999887e-03 5.000000e-01 5.000000e-01 1.515018e+00 -0.993264 0.002098 0.009934 0.969201 0.009934 0.002098 0.993264 -0.002110 -0.009974 -0.969096 -0.009974 -0.002110 0.000000 
5.000000e-01 5.000000e-01 4.999887e-03 5.000000e-01 5.000000e-01 1.515018e+00 -0.993264 0.002098 0.009934 0.969201 0.009934 0.002098 0.993264 -0.002110 -0.009974 -0.969096 -0.009974 -0.002110 0.000000 
5.000000e-01 5.000000e-01 4.999887e-03 5.000000e-01 5.000000e-01 1.515018e+00 -0.993264 0.002098 0.009934 0.969201 0.009934 0.002098 0.993264 -0.002110 -0.009974 -0.969096 -0.009974 -0.002110 0.000000 
5.000000e-01 5.000000e-01 4.999887e-03 5.000000e-01 5.000000e-01 1.515018e+00 -0.993264 0.002098 0.009934 0.969201 0.009934 0.002098 0.993264 -0.002110 -0.009974 -0.969096 -0.009974 -0.002110 0.000000 
5.000000e-01 5.000000e-01 4.999887e-03 5.000000e-01 5.000000e-01 1.515018e+00 -0.993264 0.002098 0.009934 0.969201 0.009934 0.002098 0.993264 -0.002110 -0.009974 -0.969096 -0.009974 -0.002110 0.000000 
5.000000e-01 5.000000e-01 4.999887e-03 5.000000e-01 5.000000e-01 1.515018e+00 -0.993264 0.002098 0.009934 0.969201 0.009934 0.002098 0.993264 -0.002110 -0.009974 -0.969096 -0.009974 -0.002110 0.000000 
5.000000e-01 5.000000e-01 4.999887e-03 5.000000e-01 5.000000e-01 1.515018e+00 -0.993264 0.002098 0.009934 0.969201 0.009934 0.002098 0.993264 -0.002110 -0.009974 -0.969096 -0.009974 -0.002110 0.000000 
5.000000e-01 5.000000e-01 4.999887e-03 5.000000e-01 5.000000e-01 1.515018e+00 -0.993264 0.002098 0.009934 0.969201 0.009934 0.002098 0.993264 -0.002110 -0.009974 -0.969096 -0.009974 -0.002110 0.000000 
5.000000e-01 5.000000e-01 4.999887e-03 5.000000e-01 5.000000e-01 1.515018e+00 -0.993264 0.002098 0.009934 0.969201 0.009934 0.002098 0.993264 -0.002110 -0.009974 -0.969096 -0.009974 -0.002110 0.000000 
5.000000e-01 5.000000e-01 4.999887e-03 5.000000e-01 5.000000e-01 1.515018e+00 -0.993264 0.002098 0.009934 0.969201 0.009934 0.002098 0.993264 -0.002110 -0.009974 -0.969096 -0.009974 -0.002110 0.000000 
5.000000e-01 5.000000e-01 4.999887e-03 5.000000e-01 5.000000e-01 1.515018e+00 -0.993264 0.002098 0.009934 0.969201 0.009934 0.002098 0.993264 -0.002110 -0.009974 -0.969096 -0.009974 -0.002110 0.000000 
5.000000e-01 5.000000e-01 4.999887e-03 5.000000e-01 5.000000e-01 1.515018e+00 -0.993264 0.002098 0.009934 0.969201 0.009934 0.002098 0.993264 -0.002110 -0.009974 -0.969096 -0.009974 -0.002110 0.000000 
5.000000e-01 5.000000e-01 4.999887e-03 5.000000e-01 5.000000e-01 1.515018e+00 -0.993264 0.002098 0.009934 0.969201 0.009934 0.002098 0.993264 -0.002110 -0.009974 -0.969096 -0.009974 -0.002110 0.000000 
5.000000e-01 5.000000e-01 4.999887e-03 5.000000e-01 5.000000e-01 1.515018e+00 -0.993264 0.002098 0.009934 0.969201 0.009934 0.002098 0.993264 -0.002110 -0.009974 -0.969096 -0.009974 -0.002110 0.000000 
5.000000e-01 5.000000e-01 4.999887e-03 5.000000e-01 5.000000e-01 1.515018e+00 -0.993264 0.002098 0.009934 0.969201 0.009934 0.002098 0.993264 -0.002110 -0.009974 -0.969096 -0.009974 -0.002110 0.000000 
5.000000e-01 5.000000e-01 4.999887e-03 5.000000e-01 5.000000e-01 1.515018e+00 -0.993264 0.002098 0.009934 0.969201 0.009934 0.002098 0.993264 -0.002110 -0.009974 -0.969096 -0.009974 -0.002110 0.000000 
5.000000e-01 5.000000e-01 4.999887e-03 5.000000e-01 5.000000e-01 1.515018e+00 -0.993264 0.002098 0.009934 0.969201 0.009934 0.002098 0.993264 -0.002110 -0.009974 -0.969096 -0.009974 -0.002110 0.000000 
5.000000e-01 5.000000e-01 4.999887e-03 5.000000e-01 5.000000e-01 1.515018e+00 -0.993264 0.002098 0.009934 0.969201 0.009934 0.002098 0.993264 -0.002110 -0.009974 -0.969096 -0.009974 -0.002110 0.000000 
5.000000e-01 5.000000e-01 4.999887e-03 5.000000e-01 5.000000e-01 1.515018e+00 -0.993264 0.002098 0.009934 0.969201 0.009934 0.002098 0.993264 -0.002110 -0.009974 -0.969096 -0.009974 -0.002110 0.000000 
5.000000e-01 5.000000e-01 4.999887e-03 5.000000e-01 5.000000e-01 1.515018e+00 -0.993264 0.002098 0.009934 0.969201 0.009934 0.002098 0.993264 -0.002110 -0.009974 -0.969096 -0.009974 -0.002110 0.000000 
5.000000e-01 5.000000e-01 4.999887e-03 5.000000e-01 5.000000e-01 1.515018e+00 -0.993264 0.002098 0.009934 0.969201 0.009934 0.002098 0.993264 -0.002110 -0.009974 -0.969096 -0.009974 -0.002110 0.000000 
5.000000e-01 5.000000e-01 4.999887e-03 5.000000e-01 5.000000e-01 1.515018e+00 -0.993264 0.002098 0.009934 0.969201 0.009934 0.002098 0.993264 -0.002110 -0.009974 -0.969096 -0.009974 -0.002110 0.000000 
5.000000e-01 5.000000e-01 4.999887e-03 5.000000e-01 5.000000e-01 1.515018e+00 -0.993264 0.002098 0.009934 0.969201 0.009934 0.002098 0.993264 -0.002110 -0.009974 -0.969096 -0.009974 -0.002110 0.000000 
5.000000e-01 5.000000e-01 4.999887e-03 5.000000e-01 5.000000e-01 1.515018e+00 -0.993264 0.002098 0.009934 0.969201 0.009934 0.002098 0.993264 -0.002110 -0.009974 -0.969096 -0.009974 -0.002110 0.000000 
5.000000e-01 5.000000e-01 4.999887e-03 5.000000e-01 5.000000e-01 1.515018e+00 -0.993264 0.002098 0.009934 0.969201 0.009934 0.002098 0.993264 -0.002110 -0.009974 -0.969096 -0.009974 -0.002110 0.000000 
5.000000e-01 5.000000e-01 4.999887e-03 5.000000e-01 5.000000e-01 1.515018e+00 -0.993264 0.002098 0.009934 0.969201 0.009934 0.002098 0.993264 -0.002110 -0.009974 -0.969096 -0.009974 -0.002110 0.000000 
5.000000e-01 5.000000e-01 4.999887e-03 5.000000e-01 5.000000e-01 1.515018e+00 -0.993264 0.002098 0.009934 0.969201 0.009934 0.002098 0.993264 -0.002110 -0.009974 -0.969096 -0.009974 -0.002110 0.000000 
5.000000e-01 5.000000e-01 4.999887e-03 5.000000e-01 5.000000e-01 1.515018e+00 -0.993264 0.002098 0.009934 0.969201 0.009934 0.002098 0.993264 -0.002110 -0.009974 -0.969096 -0.009974 -0.002110 0.000000 
5.000000e-01 5.000000e-01 4.999887e-03 5.000000e-01 5.000000e-01 1.515018e+00 -0.993264 0.002098 0.009934 0.969201 0.009934 0.002098 0.993264 -0.002110 -0.009974 -0.969096 -0.009974 -0.002110 0.000000 
5.000000e-01 5.000000e-01 4.999887e-03 5.000000e-01 5.000000e-01 1.515018e+00 -0.993264 0.002098 0.009934 0.969201 0.009934 0.002098 0.993264 -0.002110 -0.009974 -0.969096 -0.009974 -0.002110 0.000000 
5.000000e-01 5.000000e-01 4.999887e-03 5.000000e-01 5.000000e-01 1.515018e+00 -0.993264 0.002098 0.009934 0.969201 0.009934 0.002098 0.993264 -0.002110 -0.009974 -0.969096 -0.009974 -0.002110 0.000000 
5.000000e-01 5.000000e-01 4.999887e-03 5.000000e-01 5.000000e-01 1.515018e+00 -0.993264 0.002098 0.009934 0.969201 0.009934 0.002098 0.993264 -0.002110 -0.009974 -0.969096 -0.009974 -0.002110 0.000000 
5.000000e-01 5.000000e-01 4.999887e-03 5.000000e-01 5.000000e-01 1.515018e+00 -0.993264 0.002098 0.009934 0.969201 0.009934 0.002098 0.993264 -0.002110 -0.009974 -0.969096 -0.009974 -0.002110 0.000000 
5.000000e-01 5.000000e-01 4.999887e-03 5.000000e-01 5.000000e-01 1.515018e+00 -0.993264 0.002098 0.009934 0.969201 0.009934 0.002098 0.993264 -0.002110 -0.009974 -0.969096 -0.009974 -0.002110 0.000000 
5.000000e-01 5.000000e-01 4.999887e-03 5.000000e-01 5.000000e-01 1.515018e+00 -0.993264 0.002098 0.009934 0.969201 0.009934 0.002098 0.993264 -0.002110 -0.009974 -0.969096 -0.009974 -0.002110 0.000000 
5.000000e-01 5.000000e-01 4.999887e-03 5.000000e-01 5.000000e-01 1.515018e+00 -0.993264 0.002098 0.009934 0.969201 0.009934 0.002098 0.993264 -0.002110 -0.009974 -0.969096 -0.009974 -0.002110 0.000000 
5.000000e-01 5.000000e-01 4.999887e-03 5.000000e-01 5.000000e-01 1.515018e+00 -0.993264 0.002098 0.009934 0.969201 0.009934 0.002098 0.993264 -0.002110 -0.009974 -0.969096 -0.009974 -0.002110 0.000000 
5.000000e-01 5.000000e-01 4.999887e-03 5.000000e-01 5.000000e-01 1.515018e+00 -0.993264 0.002098 0.009934 0.969201 0.009934 0.002098 0.993264 -0.002110 -0.009974 -0.969096 -0.009974 -0.002110 0.000000 
5.000000e-01 5.000000e-01 4.999887e-03 5.000000e-01 5.000000e-01 1.515018e+00 -0.993264 0.002098 0.009934 0.969201 0.009934 0.002098 0.993264 -0.002110 -0.009974 -0.969096 -0.009974 -0.002110 0.000000 
5.000000e-01 5.000000e-01 4.999887e-03 5.000000e-01 5.000000e-01 1.515018e+00 -0.993264 0.002098 0.009934 0.969201 0.009934 0.002098 0.993264 -0.002110 -0.009974 -0.969096 -0.009974 -0.002110 0.000000 
5.000000e-01 5.000000e-01 4.999887e-03 5.000000e-01 5.000000e-01 1.515018e+00 -0.993264 0.002098 0.009934 0.969201 0.009934 0.002098 0.993264 -0.002110 -0.009974 -0.969096 -0.009974 -0.002110 0.000000 
5.000000e-01 5.000000e-01 4.999887e-03 5.000000e-01 5.000000e-01 1.515018e+00 -0.993264 0.002098 0.009934 0.969201 0.009934 0.002098 0.993264 -0.002110 -0.009974 -0.969096 -0.009974 -0.002110 0.000000 
5.000000e-01 5.000000e-01 4.999887e-03 5.000000e-01 5.000000e-01 1.515018e+00 -0.993264 0.002098 0.009934 0.969201 0.009934 0.002098 0.993264 -0.002110 -0.009974 -0.969096 -0.009974 -0.002110 0.000000 
5.000000e-01 5.000000e-01 4.999887e-03 5.000000e-01 5.000000e-01 1.515018e+00 -0.993264 0.002098 0.009934 0.969201 0.009934 0.002098 0.993264 -0.002110 -0.009974 -0.969096 -0.009974 -0.002110 0.000000 
5.000000e-01 5.000000e-01 4.999887e-03 5.000000e-01 5.000000e-01 1.515018e+00 -0.993264 0.002098 0.009934 0.969201 0.009934 0.002098 0.993264 -0.002110 -0.009974 -0.969096 -0.009974 -0.002110 0.000000 
5.000000e-01 5.000000e-01 4.999887e-03 5.000000e-01 5.000000e-01 1.515018e+00 -0.993264 0.002098 0.009934 0.969201 0.009934 0.002098 0.993264 -0.002110 -0.009974 -0.969096 -0.009974 -0.002110 0.000000 
5.000000e-01 5.000000e-01 4.999887e-03 5.000000e-01 5.000000e-01 1.515018e+00 -0.993264 0.002098 0.009934 0.969201 0.009934 0.002098 0.993264 -0.002110 -0.009974 -0.969096 -0.009974 -0.002110 0.000000 
5.000000e-01 5.000000e-01 4.999887e-03 5.000000e-01 5.000000e-01 1.515018e+00 -0.993264 0.002098 0.009934 0.969201 0.009934 0.002098 0.993264 -0.002110 -0.009974 -0.969096 -0.009974 -0.002110 0.000000 
5.000000e-01 5.000000e-01 4.999887e-03 5.000000e-01 5.000000e-01 1.515018e+00 -0.993264 0.002098 0.009934 0.969201 0.009934 0.002098 0.993264 -0.002110 -0.009974 -0.969096 -0.009974 -0.002110 0.000000 
5.000000e-01 5.000000e-01 4.999887e-03 5.000000e-01 5.000000e-01 1.515018e+00 -0.993264 0.002098 0.009934 0.969201 0.009934 0.002098 0.993264 -0.002110 -0.009974 -0.969096 -0.009974 -0.002110 0.000000 
5.000000e-01 5.000000e-01 4.999887e-03 5.000000e-01 5.000000e-01 1.515018e+00 -0.993264 0.002098 0.009934 0.969201 0.009934 0.002098 0.993264 -0.002110 -0.009974 -0.969096 -0.009974 -0.002110 0.000000 
5.000000e-01 5.000000e-01 4.999887e-03 5.000000e-01 5.000000e-01 1.515018e+00 -0.993264 0.002098 0.009934 0.969201 0.009934 0.002098 0.993264 -0.002110 -0.009974 -0.969096 -0.009974 -0.002110 0.000000 
5.000000e-01 5.000000e-01 4.999887e-03 5.000000e-01 5.000000e-01 1.515018e+00 -0.993264 0.002098 0.009934 0.969201 0.009934 0.002098 0.993264 -0.002110 -0.009974 -0.969096 -0.009974 -0.002110 0.000000 
5.000000e-01 5.000000e-01 4.999887e-03 5.000000e-01 5.000000e-01 1.515018e+00 -0.993264 0.002098 0.009934 0.969201 0.009934 0.002098 0.993264 -0.002110 -0.009974 -0.969096 -0.009974 -0.002110 0.000000 
5.000000e-01 5.000000e-01 4.999887e-03 5.000000e-01 5.000000e-01 1.515018e+00 -0.993264 0.002098 0.009934 0.969201 0.009934 0.002098 0.993264 -0.002110 -0.009974 -0.969096 -0.009974 -0.002110 0.000000 
5.000000e-01 5.000000e-01 4.999887e-03 5.000000e-01 5.000000e-01 1.515018e+00 -0.993264 0.002098 0.009934 0.969201 0.009934 0.002098 0.993264 -0.002110 -0.009974 -0.969096 -0.009974 -0.002110 0.000000 
5.000000e-01 5.000000e-01 4.999887e-03 5.000000e-01 5.000000e-01 1.515018e+00 -0.993264 0.002098 0.009934 0.969201 0.009934 0.002098 0.993264 -0.002110 -0.009974 -0.969096 -0.009974 -0.002110 0.000000 
5.000000e-01 5.000000e-01 4.999887e-03 5.000000e-01 5.000000e-01 1.515018e+00 -0.993264 0.002098 0.009934 0.969201 0.009934 0.002098 0.993264 -0.002110 -0.009974 -0.969096 -0.009974 -0.002110 0.000000 
5.000000e-01 5.000000e-01 4.999887e-03 5.000000e-01 5.000000e-01 1.515018e+00 -0.993264 0.002098 0.009934 0.969201 0.009934 0.002098 0.993264 -0.002110 -0.009974 -0.969096 -0.009974 -0.002110 0.000000 
5.000000e-01 5.000000e-01 4.999887e-03 5.000000e-01 5.000000e-01 1.515018e+00 -0.993264 0.002098 0.009934 0.969201 0.009934 0.002098 0.993264 -0.002110 -0.009974 -0.969096 -0.009974 -0.002110 0.000000 
5.000000e-01 5.000000e-01 4.999887e-03 5.000000e-01 5.000000e-01 1.515018e+00 -0.993264 0.002098 0.009934 0.969201 0.009934 0.002098 0.993264 -0.002110 -0.009974 -0.969096 -0.009974 -0.002110 0.000000 
5.000000e-01 5.000000e-01 4.999887e-03 5.000000e-01 5.000000e-01 1.515018e+00 -0.993264 0.002098 0.009934 0.969201 0.009934 0.002098 0.993264 -0.002110 -0.009974 -0.969096 -0.009974 -0.002110 0.000000 
5.000000e-01 5.000000e-01 4.999887e-03 5.000000e-01 5.000000e-01 1.515018e+00 -0.993264 0.002098 0.009934 0.969201 0.009934 0.002098 0.993264 -0.002110 -0.009974 -0.969096 -0.009974 -0.002110 0.000000 
5.000000e-01 5.000000e-01 4.999887e-03 5.000000e-01 5.000000e-01 1.515018e+00 -0.993264 0.002098 0.009934 0.969201 0.009934 0.002098 0.993264 -0.002110 -0.009974 -0.969096 -0.009974 -0.002110 0.000000 
5.000000e-01 5.000000e-01 4.999887e-03 5.000000e-01 5.000000e-01 1.515018e+00 -0.993264 0.002098 0.009934 0.969201 0.009934 0.002098 0.993264 -0.002110 -0.009974 -0.969096 -0.009974 -0.002110 0.000000 
5.000000e-01 5.000000e-01 4.999887e-03 5.000000e-01 5.000000e-01 1.515018e+00 -0.993264 0.002098 0.009934 0.969201 0.009934 0.002098 0.993264 -0.002110 -0.009974 -0.969096 -0.009974 -0.002110 0.000000 
5.000000e-01 5.000000e-01 4.999887e-03 5.000000e-01 5.000000e-01 1.515018e+00 -0.993264 0.002098 0.009934 0.969201 0.009934 0.002098 0.993264 -0.002110 -0.009974 -0.969096 -0.009974 -0.002110 0.000000 
5.000000e-01 5.000000e-01 4.999887e-03 5.000000e-01 5.000000e-01 1.515018e+00 -0.993264 0.002098 0.009934 0.969201 0.009934 0.002098 0.993264 -0.002110 -0.009974 -0.969096 -0.009974 -0.002110 0.000000 
5.000000e-01 5.000000e-01 4.999887e-03 5.000000e-01 5.000000e-01 1.515018e+00 -0.993264 0.002098 0.009934 0.969201 0.009934 0.002098 0.993264 -0.002110 -0.009974 -0.969096 -0.009974 -0.002110 0.000000 
5.000000e-01 5.000000e-01 4.999887e-03 5.000000e-01 5.000000e-01 1.515018e+00 -0.993264 0.002098 0.009934 0.969201 0.009934 0.002098 0.993264 -0.002110 -0.009974 -0.969096 -0.009974 -0.002110 0.000000 
5.000000e-01 5.000000e-01 4.999887e-03 5.000000e-01 5.000000e-01 1.515018e+00 -0.993264 0.002098 0.009934 0.969201 0.009934 0.002098 0.993264 -0.002110 -0.009974 -0.969096 -0.009974 -0.002110 0.000000 
5.000000e-01 5.000000e-01 4.999887e-03 5.000000e-01 5.000000e-01 1.515018e+00 -0.993264 0.002098 0.009934 0.969201 0.009934 0.002098 0.993264 -0.002110 -0.009974 -0.969096 -0.009974 -0.002110 0.000000 
5.000000e-01 5.000000e-01 4.999887e-03 5.000000e-01 5.000000e-01 1.515018e+00 -0.993264 0.002098 0.009934 0.969201 0.009934 0.002098 0.993264 -0.002110 -0.009974 -0.969096 -0.009974 -0.002110 0.000000 
5.000000e-01 5.000000e-01 4.999887e-03 5.000000e-01 5.000000e-01 1.515018e+00 -0.993264 0.002098 0.009934 0.969201 0.009934 0.002098 0.993264 -0.002110 -0.009974 -0.969096 -0.009974 -0.002110 0.000000 
5.000000e-01 5.000000e-01 4.999887e-03 5.000000e-01 5.000000e-01 1.515018e+00 -0.993264 0.002098 0.009934 0.969201 0.009934 0.002098 0.993264 -0.002110 -0.009974 -0.969096 -0.009974 -0.002110 0.000000 
5.000000e-01 5.000000e-01 4.999887e-03 5.000000e-01 5.000000e-01 1.515018e+00 -0.993264 0.002098 0.009934 0.969201 0.009934 0.002098 0.993264 -0.002110 -0.009974 -0.969096 -0.009974 -0.002110 0.000000 
5.000000e-01 5.000000e-01 4.999887e-03 5.000000e-01 5.000000e-01 1.515018e+00 -0.993264 0.002098 0.009934 0.969201 0.009934 0.002098 0.993264 -0.002110 -0.009974 -0.969096 -0.009974 -0.002110 0.000000 
5.000000e-01 5.000000e-01 4.999887e-03 5.000000e-01 5.000000e-01 1.515018e+00 -0.993264 0.002098 0.009934 0.969201 0.009934 0.002098 0.993264 -0.002110 -0.009974 -0.969096 -0.009974 -0.002110 0.000000 
5.000000e-01 5.000000e-01 4.999887e-03 5.000000e-01 5.000000e-01 1.515018e+00 -0.993264 0.002098 0.009934 0.969201 0.009934 0.002098 0.993264 -0.002110 -0.009974 -0.969096 -0.009974 -0.002110 0.000000 
5.000000e-01 5.000000e-01 4.999887e-03 5.000000e-01 5.000000e-01 1.515018e+00 -0.993264 0.002098 0.009934 0.969201 0.009934 0.002098 0.993264 -0.002110 -0.009974 -0.969096 -0.009974 -0.002110 0.000000 
5.000000e-01 5.000000e-01 4.999887e-03 5.000000e-01 5.000000e-01 1.515018e+00 -0.993264 0.002098 0.009934 0.969201 0.009934 0.002098 0.993264 -0.002110 -0.009974 -0.969096 -0.009974 -0.002110 0.000000 
5.000000e-01 5.000000e-01 4.999887e-03 5.000000e-01 5.000000e-01 1.515018e+00 -0.993264 0.002098 0.009934 0.969201 0.009934 0.002098 0.993264 -0.002110 -0.009974 -0.969096 -0.009974 -0.002110 0.000000 
5.000000e-01 5.000000e-01 4.999887e-03 5.000000e-01 5.000000e-01 1.515018e+00 -0.993264 0.002098 0.009934 0.969201 0.009934 0.002098 0.993264 -0.002110 -0.009974 -0.969096 -0.009974 -0.002110 0.000000 
5.000000e-01 5.000000e-01 4.999887e-03 5.000000e-01 5.000000e-01 1.515018e+00 -0.993264 0.002098 0.009934 0.969201 0.009934 0.002098 0.993264 -0.002110 -0.009974 -0.969096 -0.009974 -0.002110 0.000000 
5.000000e-01 5.000000e-01 4.999887e-03 5.000000e-01 5.000000e-01 1.515018e+00 -0.993264 0.002098 0.009934 0.969201 0.009934 0.002098 0.993264 -0.002110 -0.009974 -0.969096 -0.009974 -0.002110 0.000000 
5.000000e-01 5.000000e-01 4.999887e-03 5.000000e-01 5.000000e-01 1.515018e+00 -0.993264 0.002098 0.009934 0.969201 0.009934 0.002098 0.993264 -0.002110 -0.009974 -0.969096 -0.009974 -0.002110 0.000000 
5.000000e-01 5.000000e-01 4.999887e-03 5.000000e-01 5.000000e-01 1.515018e+00 -0.993264 0.002098 0.009934 0.969201 0.009934 0.002098 0.993264 -0.002110 -0.009974 -0.969096 -0.009974 -0.002110 0.000000 
5.000000e-01 5.000000e-01 4.999887e-03 5.000000e-01 5.000000e-01 1.515018e+00 -0.993264 0.002098 0.009934 0.969201 0.009934 0.002098 0.993264 -0.002110 -0.009974 -0.969096 -0.009974 -0.002110 0.000000 
5.000000e-01 5.000000e-01 4.999887e-03 5.000000e-01 5.000000e-01 1.515018e+00 -0.993264 0.002098 0.009934 0.969201 0.009934 0.002098 0.993264 -0.002110 -0.009974 -0.969096 -0.009974 -0.002110 0.000000 
5.000000e-01 5.000000e-01 4.999887e-03 5.000000e-01 5.000000e-01 1.515018e+00 -0.993264 0.002098 0.009934 0.969201 0.009934 0.002098 0.993264 -0.002110 -0.009974 -0.969096 -0.009974 -0.002110 0.000000 
5.000000e-01 5.000000e-01 4.999887e-03 5.000000e-01 5.000000e-01 1.515018e+00 -0.993264 0.002098 0.009934 0.969201 0.009934 0.002098 0.993264 -0.002110 -0.009974 -0.969096 -0.009974 -0.002110 0.000000 
5.000000e-01 5.000000e-01 4.999887e-03 5.000000e-01 5.000000e-01 1.515018e+00 -0.993264 0.002098 0.009934 0.969201 0.009934 0.002098 0.993264 -0.002110 -0.009974 -0.969096 -0.009974 -0.002110 0.000000 
5.000000e-01 5.000000e-01 4.999887e-03 5.000000e-01 5.000000e-01 1.515018e+00 -0.993264 0.002098 0.009934 0.969201 0.009934 0.002098 0.993264 -0.002110 -0.009974 -0.969096 -0.009974 -0.002110 0.000000 
5.000000e-01 5.000000e-01 4.999887e-03 5.000000e-01 5.000000e-01 1.515018e+00 -0.993264 0.002098 0.009934 0.969201 0.009934 0.002098 0.993264 -0.002110 -0.009974 -0.969096 -0.009974 -0.002110 0.000000 
5.000000e-01 5.000000e-01 4.999887e-03 5.000000e-01 5.000000e-01 1.515018e+00 -0.993264 0.002098 0.009934 0.969201 0.009934 0.002098 0.993264 -0.002110 -0.009974 -0.969096 -0.009974 -0.002110 0.000000 
5.000000e-01 5.000000e-01 4.999887e-03 5.000000e-01 5.000000e-01 1.515018e+00 -0.993264 0.002098 0.009934 0.969201 0.009934 0.002098 0.993264 -0.002110 -0.009974 -0.969096 -0.009974 -0.002110 0.000000 
5.000000e-01 5.000000e-01 4.999887e-03 5.000000e-01 5.000000e-01 1.515018e+00 -0.993264 0.002098 0.009934 0.969201 0.009934 0.002098 0.993264 -0.002110 -0.009974 -0.969096 -0.009974 -0.002110 0.000000 
5.000000e-01 5.000000e-01 4.999887e-03 5.000000e-01 5.000000e-01 1.515018e+00 -0.993264 0.002098 0.009934 0.969201 0.009934 0.002098 0.993264 -0.002110 -0.009974 -0.969096 -0.009974 -0.002110 0.000000 
5.000000e-01 5.000000e-01 4.999887e-03 5.000000e-01 5.000000e-01 1.515018e+00 -0.993264 0.002098 0.009934 0.969201 0.009934 0.002098 0.993264 -0.002110 -0.009974 -0.969096 -0.009974 -0.002110 0.000000 
5.000000e-01 5.000000e-01 4.999887e-03 5.000000e-01 5.000000e-01 1.515018e+00 -0.993264 0.002098 0.009934 0.969201 0.009934 0.002098 0.993264 -0.002110 -0.009974 -0.969096 -0.009974 -0.002110 0.000000 
5.000000e-01 5.000000e-01 4.999887e-03 5.000000e-01 5.000000e-01 1.515018e+00 -0.993264 0.002098 0.009934 0.969201 0.009934 0.002098 0.993264 -0.002110 -0.009974 -0.969096 -0.009974 -0.002110 0.000000 
5.000000e-01 5.000000e-01 4.999887e-03 5.000000e-01 5.000000e-01 1.515018e+00 -0.993264 0.002098 0.009934 0.969201 0.009934 0.002098 0.993264 -0.002110 -0.009974 -0.969096 -0.009974 -0.002110 0.000000 
5.000000e-01 5.000000e-01 4.999887e-03 5.000000e-01 5.000000e-01 1.515018e+00 -0.993264 0.002098 0.009934 0.969201 0.009934 0.002098 0.993264 -0.002110 -0.009974 -0.969096 -0.009974 -0.002110 0.000000 
5.000000e-01 5.000000e-01 4.999887e-03 5.000000e-01 5.000000e-01 1.515018e+00 -0.993264 0.002098 0.009934 0.969201 0.009934 0.002098 0.993264 -0.002110 -0.009974 -0.969096 -0.009974 -0.002110 0.000000 
5.000000e-01 5.000000e-01 4.999887e-03 5.000000e-01 5.000000e-01 1.515018e+00 -0.993264 0.002098 0.009934 0.969201 0.009934 0.002098 0.993264 -0.002110 -0.009974 -0.969096 -0.009974 -0.002110 0.000000 
5.000000e-01 5.000000e-01 4.999887e-03 5.000000e-01 5.000000e-01 1.515018e+00 -0.993264 0.002098 0.009934 0.969201 0.009934 0.002098 0.993264 -0.002110 -0.009974 -0.969096 -0.009974 -0.002110 0.000000 
5.000000e-01 5.000000e-01 4.999887e-03 5.000000e-01 5.000000e-01 1.515018e+00 -0.993264 0.002098 0.009934 0.969201 0.009934 0.002098 0.993264 -0.002110 -0.009974 -0.969096 -0.009974 -0.002110 0.000000 
5.000000e-01 5.000000e-01 4.999887e-03 5.000000e-01 5.000000e-01 1.515018e+00 -0.993264 0.002098 0.009934 0.969201 0.009934 0.002098 0.993264 -0.002110 -0.009974 -0.969096 -0.009974 -0.002110 0.000000 
5.000000e-01 5.000000e-01 4.999887e-03 5.000000e-01 5.000000e-01 1.515018e+00 -0.993264 0.002098 0.009934 0.969201 0.009934 0.002098 0.993264 -0.002110 -0.009974 -0.969096 -0.009974 -0.002110 0.000000 
5.000000e-01 5.000000e-01 4.999887e-03 5.000000e-01 5.000000e-01 1.515018e+00 -0.993264 0.002098 0.009934 0.969201 0.009934 0.002098 0.993264 -0.002110 -0.009974 -0.969096 -0.009974 -0.002110 0.000000 
5.000000e-01 5.000000e-01 4.999887e-03 5.000000e-01 5.000000e-01 1.515018e+00 -0.993264 0.002098 0.009934 0.969201 0.009934 0.002098 0.993264 -0.002110 -0.009974 -0.969096 -0.009974 -0.002110 0.000000 
5.000000e-01 5.000000e-01 4.999887e-03 5.000000e-01 5.000000e-01 1.515018e+00 -0.993264 0.002098 0.009934 0.969201 0.009934 0.002098 0.993264 -0.002110 -0.009974 -0.969096 -0.009974 -0.002110 0.000000 
5.000000e-01 5.000000e-01 4.999887e-03 5.000000e-01 5.000000e-01 1.515018e+00 -0.993264 0.002098 0.009934 0.969201 0.009934 0.002098 0.993264 -0.002110 -0.009974 -0.969096 -0.009974 -0.002110 0.000000 
5.000000e-01 5.000000e-01 4.999887e-03 5.000000e-01 5.000000e-01 1.515018e+00 -0.993264 0.002098 0.009934 0.969201 0.009934 0.002098 0.993264 -0.002110 -0.009974 -0.969096 -0.009974 -0.002110 0.000000 
5.000000e-01 5.000000e-01 4.999887e-03 5.000000e-01 5.000000e-01 1.515018e+00 -0.993264 0.002098 0.009934 0.969201 0.009934 0.002098 0.993264 -0.002110 -0.009974 -0.969096 -0.009974 -0.002110 0.000000 
5.000000e-01 5.000000e-01 4.999887e-03 5.000000e-01 5.000000e-01 1.515018e+00 -0.993264 0.002098 0.009934 0.969201 0.009934 0.002098 0.993264 -0.002110 -0.009974 -0.969096 -0.009974 -0.002110 0.000000 
5.000000e-01 5.000000e-01 4.999887e-03 5.000000e-01 5.000000e-01 1.515018e+00 -0.993264 0.002098 0.009934 0.969201 0.009934 0.002098 0.993264 -0.002110 -0.009974 -0.969096 -0.009974 -0.002110 0.000000 
5.000000e-01 5.000000e-01 4.999887e-03 5.000000e-01 5.000000e-01 1.515018e+00 -0.993264 0.002098 0.009934 0.969201 0.009934 0.002098 0.993264 -0.002110 -0.009974 -0.969096 -0.009974 -0.002110 0.000000 
5.000000e-01 5.000000e-01 4.999887e-03 5.000000e-01 5.000000e-01 1.515018e+00 -0.993264 0.002098 0.009934 0.969201 0.009934 0.002098 0.993264 -0.002110 -0.009974 -0.969096 -0.009974 -0.002110 0.000000 
5.000000e-01 5.000000e-01 4.999887e-03 5.000000e-01 5.000000e-01 1.515018e+00 -0.993264 0.002098 0.009934 0.969201 0.009934 0.002098 0.993264 -0.002110 -0.009974 -0.969096 -0.009974 -0.002110 0.000000 
5.000000e-01 5.000000e-01 4.999887e-03 5.000000e-01 5.000000e-01 1.515018e+00 -0.993264 0.002098 0.009934 0.969201 0.009934 0.002098 0.993264 -0.002110 -0.009974 -0.969096 -0.009974 -0.002110 0.000000 
5.000000e-01 5.000000e-01 4.999887e-03 5.000000e-01 5.000000e-01 1.515018e+00 -0.993264 0.002098 0.009934 0.969201 0.009934 0.002098 0.993264 -0.002110 -0.009974 -0.969096 -0.009974 -0.002110 0.000000 
5.000000e-01 5.000000e-01 4.999887e-03 5.000000e-01 5.000000e-01 1.515018e+00 -0.993264 0.002098 0.009934 0.969201 0.009934 0.002098 0.993264 -0.002110 -0.009974 -0.969096 -0.009974 -0.002110 0.000000 
5.000000e-01 5.000000e-01 4.999887e-03 5.000000e-01 5.000000e-01 1.515018e+00 -0.993264 0.002098 0.009934 0.969201 0.009934 0.002098 0.993264 -0.002110 -0.009974 -0.969096 -0.009974 -0.002110 0.000000 
5.000000e-01 5.000000e-01 4.999887e-03 5.000000e-01 5.000000e-01 1.515018e+00 -0.993264 0.002098 0.009934 0.969201 0.009934 0.002098 0.993264 -0.002110 -0.009974 -0.969096 -0.009974 -0.002110 0.000000 
5.000000e-01 5.000000e-01 4.999887e-03 5.000000e-01 5.000000e-01 1.515018e+00 -0.993264 0.002098 0.009934 0.969201 0.009934 0.002098 0.993264 -0.002110 -0.009974 -0.969096 -0.009974 -0.002110 0.000000 
5.000000e-01 5.000000e-01 4.999887e-03 5.000000e-01 5.000000e-01 1.515018e+00 -0.993264 0.002098 0.009934 0.969201 0.009934 0.002098 0.993264 -0.002110 -0.009974 -0.969096 -0.009974 -0.002110 0.000000 
5.000000e-01 5.000000e-01 4.999887e-03 5.000000e-01 5.000000e-01 1.515018e+00 -0.993264 0.002098 0.009934 0.969201 0.009934 0.002098 0.993264 -0.002110 -0.009974 -0.969096 -0.009974 -0.002110 0.000000 
5.000000e-01 5.000000e-01 4.999887e-03 5.000000e-01 5.000000e-01 1.515018e+00 -0.993264 0.002098 0.009934 0.969201 0.009934 0.002098 0.993264 -0.002110 -0.009974 -0.969096 -0.009974 -0.002110 0.000000 
5.000000e-01 5.000000e-01 4.999887e-03 5.000000e-01 5.000000e-01 1.515018e+00 -0.993264 0.002098 0.009934 0.969201 0.009934 0.002098 0.993264 -0.002110 -0.009974 -0.969096 -0.009974 -0.002110 0.000000 
