# TeX TeY TeZ ThX ThY THZ P1 P2
5.000000e-01 5.000000e-01 1.250000e+00 5.000000e-01 5.000000e-01 1.250000e+00 0.000000 0.000000 0.000000 0.000000 0.000000 0.000000 0.000000 0.000000 0.000000 0.000000 0.000000 0.000000 0.000000 
5.000000e-01 5.000000e-01 1.241175e+00 5.000000e-01 5.000000e-01 1.257153e+00 -0.010484 -0.002528 0.001905 0.011730 0.001905 -0.002528 0.010484 -0.001900 -0.002224 -0.002237 -0.002224 -0.001900 0.000000 
5.000000e-01 5.000000e-01 1.232284e+00 5.000000e-01 5.000000e-01 1.264278e+00 -0.020994 -0.005018 0.003828 0.023374 0.003828 -0.005018 0.020994 -0.003804 -0.004453 -0.004479 -0.004453 -0.003804 0.000000 
5.000000e-01 5.000000e-01 1.223327e+00 5.000000e-01 5.000000e-01 1.271374e+00 -0.031529 -0.007470 0.005759 0.034952 0.005759 -0.007470 0.031529 -0.005713 -0.006688 -0.006727 -0.006688 -0.005713 0.000000 
5.000000e-01 5.000000e-01 1.214304e+00 5.000000e-01 5.000000e-01 1.278442e+00 -0.042088 -0.009910 0.007662 0.046583 0.007662 -0.009910 0.042088 -0.007626 -0.008928 -0.008980 -0.008928 -0.007626 0.000000 
5.000000e-01 5.000000e-01 1.205215e+00 5.000000e-01 5.000000e-01 1.285480e+00 -0.052670 -0.012336 0.009519 0.058304 0.009519 -0.012336 0.052670 -0.009543 -0.011173 -0.011239 -0.011173 -0.009543 0.000000 
5.000000e-01 5.000000e-01 1.196062e+00 5.000000e-01 5.000000e-01 1.292489e+00 -0.063276 -0.014729 0.011342 0.070051 0.011342 -0.014729 0.063276 -0.011464 -0.013423 -0.013503 -0.013423 -0.011464 0.000000 
5.000000e-01 5.000000e-01 1.186846e+00 5.000000e-01 5.000000e-01 1.299468e+00 -0.073904 -0.017098 0.013110 0.081880 0.013110 -0.017098 0.073904 -0.013388 -0.015678 -0.015772 -0.015678 -0.013388 0.000000 
5.000000e-01 5.000000e-01 1.177565e+00 5.000000e-01 5.000000e-01 1.306417e+00 -0.084554 -0.019479 0.014758 0.093996 0.014758 -0.019479 0.084554 -0.015316 -0.017938 -0.018047 -0.017938 -0.015316 0.000000 
5.000000e-01 5.000000e-01 1.168221e+00 5.000000e-01 5.000000e-01 1.313335e+00 -0.095226 -0.021830 0.016327 0.106232 0.016327 -0.021830 0.095226 -0.017248 -0.020202 -0.020326 -0.020202 -0.017248 0.000000 
5.000000e-01 5.000000e-01 1.158815e+00 5.000000e-01 5.000000e-01 1.320222e+00 -0.105918 -0.024153 0.017813 0.118598 0.017813 -0.024153 0.105918 -0.019182 -0.022471 -0.022611 -0.022471 -0.019182 0.000000 
5.000000e-01 5.000000e-01 1.149347e+00 5.000000e-01 5.000000e-01 1.327077e+00 -0.116631 -0.026501 0.019103 0.131427 0.019103 -0.026501 0.116631 -0.021120 -0.024744 -0.024901 -0.024744 -0.021120 0.000000 
5.000000e-01 5.000000e-01 1.139818e+00 5.000000e-01 5.000000e-01 1.333901e+00 -0.127364 -0.028827 0.020261 0.144496 0.020261 -0.028827 0.127364 -0.023061 -0.027022 -0.027196 -0.027022 -0.023061 0.000000 
5.000000e-01 5.000000e-01 1.130227e+00 5.000000e-01 5.000000e-01 1.340692e+00 -0.138116 -0.031128 0.021294 0.157784 0.021294 -0.031128 0.138116 -0.025005 -0.029305 -0.029497 -0.029305 -0.025005 0.000000 
5.000000e-01 5.000000e-01 1.120577e+00 5.000000e-01 5.000000e-01 1.347451e+00 -0.148886 -0.033450 0.022069 0.171649 0.022069 -0.033450 0.148886 -0.026951 -0.031591 -0.031802 -0.031591 -0.026951 0.000000 
5.000000e-01 5.000000e-01 1.110866e+00 5.000000e-01 5.000000e-01 1.354176e+00 -0.159675 -0.035764 0.022640 0.185923 0.022640 -0.035764 0.159675 -0.028900 -0.033882 -0.034112 -0.033882 -0.028900 0.000000 
5.000000e-01 5.000000e-01 1.101096e+00 5.000000e-01 5.000000e-01 1.360868e+00 -0.170482 -0.038057 0.023039 0.200518 0.023039 -0.038057 0.170482 -0.030851 -0.036176 -0.036428 -0.036176 -0.030851 0.000000 
5.000000e-01 5.000000e-01 1.091266e+00 5.000000e-01 5.000000e-01 1.367527e+00 -0.181306 -0.040375 0.023099 0.215856 0.023099 -0.040375 0.181306 -0.032804 -0.038475 -0.038748 -0.038475 -0.032804 0.000000 
5.000000e-01 5.000000e-01 1.081379e+00 5.000000e-01 5.000000e-01 1.374151e+00 -0.192147 -0.042688 0.022882 0.231761 0.022882 -0.042688 0.192147 -0.034759 -0.040777 -0.041074 -0.040777 -0.034759 0.000000 
5.000000e-01 5.000000e-01 1.071434e+00 5.000000e-01 5.000000e-01 1.380741e+00 -0.203004 -0.044983 0.022445 0.248080 0.022445 -0.044983 0.203004 -0.036716 -0.043084 -0.043405 -0.043084 -0.036716 0.000000 
5.000000e-01 5.000000e-01 1.061431e+00 5.000000e-01 5.000000e-01 1.387295e+00 -0.213877 -0.047306 0.021551 0.265388 0.021551 -0.047306 0.213877 -0.038674 -0.045394 -0.045740 -0.045394 -0.038674 0.000000 
5.000000e-01 5.000000e-01 1.051371e+00 5.000000e-01 5.000000e-01 1.393815e+00 -0.224767 -0.049623 0.020319 0.283376 0.020319 -0.049623 0.224767 -0.040634 -0.047708 -0.048082 -0.047708 -0.040634 0.000000 
5.000000e-01 5.000000e-01 1.041255e+00 5.000000e-01 5.000000e-01 1.400298e+00 -0.235671 -0.051921 0.018823 0.301869 0.018823 -0.051921 0.235671 -0.042595 -0.050026 -0.050428 -0.050026 -0.042595 0.000000 
5.000000e-01 5.000000e-01 1.031083e+00 5.000000e-01 5.000000e-01 1.406746e+00 -0.246592 -0.054255 0.016693 0.321716 0.016693 -0.054255 0.246592 -0.044558 -0.052348 -0.052781 -0.052348 -0.044558 0.000000 
5.000000e-01 5.000000e-01 1.020856e+00 5.000000e-01 5.000000e-01 1.413158e+00 -0.257527 -0.056572 0.014205 0.342262 0.014205 -0.056572 0.257527 -0.046521 -0.054673 -0.055139 -0.054673 -0.046521 0.000000 
5.000000e-01 5.000000e-01 1.010574e+00 5.000000e-01 5.000000e-01 1.419532e+00 -0.268477 -0.058878 0.011353 0.363527 0.011353 -0.058878 0.268477 -0.048485 -0.057002 -0.057502 -0.057002 -0.048485 0.000000 
5.000000e-01 5.000000e-01 1.000237e+00 5.000000e-01 5.000000e-01 1.425871e+00 -0.279444 -0.061212 0.007736 0.386395 0.007736 -0.061212 0.279444 -0.050450 -0.059336 -0.059872 -0.059336 -0.050450 0.000000 
5.000000e-01 5.000000e-01 9.898463e-01 5.000000e-01 5.000000e-01 1.432171e+00 -0.290425 -0.063522 0.003764 0.409942 0.003764 -0.063522 0.290425 -0.052415 -0.061673 -0.062249 -0.061673 -0.052415 0.000000 
5.000000e-01 5.000000e-01 9.794021e-01 5.000000e-01 5.000000e-01 1.438435e+00 -0.301420 -0.065833 -0.000788 0.434662 -0.000788 -0.065833 0.301420 -0.054380 -0.064014 -0.064632 -0.064014 -0.054380 0.000000 
5.000000e-01 5.000000e-01 9.689050e-01 5.000000e-01 5.000000e-01 1.444661e+00 -0.312433 -0.068150 -0.006060 0.460853 -0.006060 -0.068150 0.312433 -0.056346 -0.066359 -0.067022 -0.066359 -0.056346 0.000000 
5.000000e-01 5.000000e-01 9.583553e-01 5.000000e-01 5.000000e-01 1.450850e+00 -0.323459 -0.070443 -0.011689 0.487721 -0.011689 -0.070443 0.323459 -0.058311 -0.068709 -0.069419 -0.068709 -0.058311 0.000000 
5.000000e-01 5.000000e-01 9.477536e-01 5.000000e-01 5.000000e-01 1.457001e+00 -0.334502 -0.072749 -0.018190 0.516380 -0.018190 -0.072749 0.334503 -0.060277 -0.071063 -0.071824 -0.071063 -0.060277 0.000000 
5.000000e-01 5.000000e-01 9.371002e-01 5.000000e-01 5.000000e-01 1.463113e+00 -0.345561 -0.075037 -0.025196 0.546027 -0.025196 -0.075037 0.345561 -0.062241 -0.073421 -0.074237 -0.073421 -0.062241 0.000000 
5.000000e-01 5.000000e-01 9.263957e-01 5.000000e-01 5.000000e-01 1.469188e+00 -0.356634 -0.077307 -0.032679 0.576605 -0.032679 -0.077307 0.356634 -0.064205 -0.075783 -0.076658 -0.075783 -0.064205 0.000000 
5.000000e-01 5.000000e-01 9.156404e-01 5.000000e-01 5.000000e-01 1.475223e+00 -0.367725 -0.079580 -0.041025 0.608935 -0.041025 -0.079580 0.367725 -0.066168 -0.078151 -0.079088 -0.078151 -0.066168 0.000000 
5.000000e-01 5.000000e-01 9.048350e-01 5.000000e-01 5.000000e-01 1.481220e+00 -0.378828 -0.081821 -0.049649 0.641769 -0.049649 -0.081821 0.378828 -0.068129 -0.080522 -0.081526 -0.080522 -0.068129 0.000000 
5.000000e-01 5.000000e-01 8.939797e-01 5.000000e-01 5.000000e-01 1.487178e+00 -0.389947 -0.084055 -0.058986 0.676029 -0.058986 -0.084055 0.389947 -0.070088 -0.082898 -0.083975 -0.082898 -0.070088 0.000000 
5.000000e-01 5.000000e-01 8.830750e-01 5.000000e-01 5.000000e-01 1.493095e+00 -0.401078 -0.086261 -0.068682 0.710965 -0.068682 -0.086261 0.401078 -0.072044 -0.085278 -0.086433 -0.085278 -0.072044 0.000000 
5.000000e-01 5.000000e-01 8.721214e-01 5.000000e-01 5.000000e-01 1.498972e+00 -0.412220 -0.088439 -0.078691 0.746481 -0.078691 -0.088439 0.412220 -0.073997 -0.087662 -0.088900 -0.087662 -0.073997 0.000000 
5.000000e-01 5.000000e-01 8.611193e-01 5.000000e-01 5.000000e-01 1.504806e+00 -0.423372 -0.090592 -0.089113 0.782783 -0.089113 -0.090592 0.423373 -0.075947 -0.090051 -0.091377 -0.090051 -0.075947 0.000000 
5.000000e-01 5.000000e-01 8.500692e-01 5.000000e-01 5.000000e-01 1.510596e+00 -0.434529 -0.092703 -0.099580 0.819095 -0.099580 -0.092703 0.434529 -0.077890 -0.092442 -0.093864 -0.092442 -0.077890 0.000000 
5.000000e-01 5.000000e-01 8.389714e-01 5.000000e-01 5.000000e-01 1.515042e+00 -0.444814 -0.094070 -0.107456 0.847868 -0.107456 -0.094070 0.444814 -0.079668 -0.094650 -0.096176 -0.094650 -0.079668 0.000000 
5.000000e-01 5.000000e-01 8.278264e-01 5.000000e-01 5.000000e-01 1.515042e+00 -0.452130 -0.092995 -0.105829 0.849779 -0.105829 -0.092995 0.452130 -0.080899 -0.096232 -0.097868 -0.096232 -0.080899 0.000000 
5.000000e-01 5.000000e-01 8.166346e-01 5.000000e-01 5.000000e-01 1.515042e+00 -0.459476 -0.091898 -0.104201 0.851673 -0.104201 -0.091898 0.459477 -0.082127 -0.097822 -0.099577 -0.097822 -0.082127 0.000000 
5.000000e-01 5.000000e-01 8.053964e-01 5.000000e-01 5.000000e-01 1.515042e+00 -0.466854 -0.090780 -0.102569 0.853552 -0.102569 -0.090780 0.466854 -0.083353 -0.099422 -0.101304 -0.099422 -0.083353 0.000000 
5.000000e-01 5.000000e-01 7.941122e-01 5.000000e-01 5.000000e-01 1.515042e+00 -0.474261 -0.089641 -0.100936 0.855417 -0.100936 -0.089641 0.474261 -0.084574 -0.101031 -0.103051 -0.101031 -0.084574 0.000000 
5.000000e-01 5.000000e-01 7.827825e-01 5.000000e-01 5.000000e-01 1.515042e+00 -0.481699 -0.088484 -0.099300 0.857268 -0.099300 -0.088484 0.481699 -0.085792 -0.102649 -0.104818 -0.102649 -0.085792 0.000000 
5.000000e-01 5.000000e-01 7.714076e-01 5.000000e-01 5.000000e-01 1.515042e+00 -0.489166 -0.087309 -0.097662 0.859108 -0.097662 -0.087309 0.489166 -0.087003 -0.104276 -0.106606 -0.104276 -0.087003 0.000000 
5.000000e-01 5.000000e-01 7.599880e-01 5.000000e-01 5.000000e-01 1.515042e+00 -0.496662 -0.086116 -0.096021 0.860937 -0.096021 -0.086116 0.496662 -0.088209 -0.105914 -0.108416 -0.105914 -0.088209 0.000000 
5.000000e-01 5.000000e-01 7.485239e-01 5.000000e-01 5.000000e-01 1.515042e+00 -0.504188 -0.084906 -0.094377 0.862755 -0.094377 -0.084906 0.504188 -0.089406 -0.107561 -0.110252 -0.107561 -0.089406 0.000000 
5.000000e-01 5.000000e-01 7.370159e-01 5.000000e-01 5.000000e-01 1.515042e+00 -0.511742 -0.083680 -0.092731 0.864563 -0.092731 -0.083680 0.511742 -0.090595 -0.109219 -0.112114 -0.109219 -0.090595 0.000000 
5.000000e-01 5.000000e-01 7.254643e-01 5.000000e-01 5.000000e-01 1.515042e+00 -0.519325 -0.082438 -0.091081 0.866364 -0.091081 -0.082438 0.519325 -0.091775 -0.110887 -0.114002 -0.110887 -0.091775 0.000000 
5.000000e-01 5.000000e-01 7.138695e-01 5.000000e-01 5.000000e-01 1.515042e+00 -0.526936 -0.081183 -0.089428 0.868159 -0.089428 -0.081183 0.526937 -0.092943 -0.112565 -0.115919 -0.112565 -0.092943 0.000000 
5.000000e-01 5.000000e-01 7.022318e-01 5.000000e-01 5.000000e-01 1.515042e+00 -0.534576 -0.079913 -0.087772 0.869946 -0.087772 -0.079913 0.534576 -0.094100 -0.114254 -0.117867 -0.114254 -0.094100 0.000000 
5.000000e-01 5.000000e-01 6.905517e-01 5.000000e-01 5.000000e-01 1.515042e+00 -0.542243 -0.078630 -0.086112 0.871729 -0.086112 -0.078630 0.542243 -0.095244 -0.115955 -0.119846 -0.115955 -0.095244 0.000000 
5.000000e-01 5.000000e-01 6.788295e-01 5.000000e-01 5.000000e-01 1.515042e+00 -0.549938 -0.077334 -0.084449 0.873506 -0.084449 -0.077334 0.549938 -0.096371 -0.117667 -0.121863 -0.117667 -0.096371 0.000000 
5.000000e-01 5.000000e-01 6.670655e-01 5.000000e-01 5.000000e-01 1.515042e+00 -0.557661 -0.076026 -0.082783 0.875278 -0.082783 -0.076026 0.557661 -0.097480 -0.119392 -0.123918 -0.119392 -0.097480 0.000000 
5.000000e-01 5.000000e-01 6.552602e-01 5.000000e-01 5.000000e-01 1.515042e+00 -0.565410 -0.074706 -0.081112 0.877047 -0.081112 -0.074706 0.565410 -0.098571 -0.121128 -0.126012 -0.121128 -0.098571 0.000000 
5.000000e-01 5.000000e-01 6.434139e-01 5.000000e-01 5.000000e-01 1.515042e+00 -0.573186 -0.073375 -0.079438 0.878813 -0.079438 -0.073375 0.573187 -0.099641 -0.122877 -0.128150 -0.122877 -0.099641 0.000000 
5.000000e-01 5.000000e-01 6.315270e-01 5.000000e-01 5.000000e-01 1.515042e+00 -0.580989 -0.072033 -0.077760 0.880577 -0.077760 -0.072033 0.580990 -0.100689 -0.124639 -0.130333 -0.124639 -0.100689 0.000000 
5.000000e-01 5.000000e-01 6.195998e-01 5.000000e-01 5.000000e-01 1.515042e+00 -0.588819 -0.070681 -0.076078 0.882338 -0.076078 -0.070681 0.588819 -0.101712 -0.126414 -0.132566 -0.126414 -0.101712 0.000000 
5.000000e-01 5.000000e-01 6.076326e-01 5.000000e-01 5.000000e-01 1.515042e+00 -0.596674 -0.069319 -0.074393 0.884098 -0.074393 -0.069319 0.596675 -0.102704 -0.128204 -0.134858 -0.128204 -0.102704 0.000000 
5.000000e-01 5.000000e-01 5.956259e-01 5.000000e-01 5.000000e-01 1.515042e+00 -0.604556 -0.067947 -0.072703 0.885856 -0.072703 -0.067947 0.604556 -0.103665 -0.130009 -0.137208 -0.130009 -0.103665 0.000000 
5.000000e-01 5.000000e-01 5.835799e-01 5.000000e-01 5.000000e-01 1.515042e+00 -0.612463 -0.066566 -0.071009 0.887614 -0.071009 -0.066566 0.612463 -0.104594 -0.131827 -0.139620 -0.131827 -0.104594 0.000000 
5.000000e-01 5.000000e-01 5.714950e-01 5.000000e-01 5.000000e-01 1.515042e+00 -0.620396 -0.065176 -0.069312 0.889371 -0.069312 -0.065176 0.620396 -0.105488 -0.133661 -0.142098 -0.133661 -0.105488 0.000000 
5.000000e-01 5.000000e-01 5.593714e-01 5.000000e-01 5.000000e-01 1.515042e+00 -0.628354 -0.063777 -0.067610 0.891129 -0.067610 -0.063777 0.628354 -0.106340 -0.135510 -0.144652 -0.135510 -0.106340 0.000000 
5.000000e-01 5.000000e-01 5.472097e-01 5.000000e-01 5.000000e-01 1.515042e+00 -0.636337 -0.062370 -0.065904 0.892886 -0.065904 -0.062370 0.636337 -0.107145 -0.137377 -0.147293 -0.137377 -0.107145 0.000000 
5.000000e-01 5.000000e-01 5.350100e-01 5.000000e-01 5.000000e-01 1.515042e+00 -0.644345 -0.060956 -0.064194 0.894644 -0.064194 -0.060956 0.644345 -0.107904 -0.139259 -0.150019 -0.139259 -0.107904 0.000000 
5.000000e-01 5.000000e-01 5.227727e-01 5.000000e-01 5.000000e-01 1.515042e+00 -0.652378 -0.059533 -0.062479 0.896403 -0.062479 -0.059533 0.652378 -0.108611 -0.141158 -0.152839 -0.141158 -0.108611 0.000000 
5.000000e-01 5.000000e-01 5.104982e-01 5.000000e-01 5.000000e-01 1.515042e+00 -0.660435 -0.058103 -0.060760 0.898163 -0.060760 -0.058103 0.660435 -0.109264 -0.143074 -0.155760 -0.143074 -0.109264 0.000000 
5.000000e-01 5.000000e-01 4.981867e-01 5.000000e-01 5.000000e-01 1.515042e+00 -0.668516 -0.056666 -0.059038 0.899924 -0.059038 -0.056666 0.668516 -0.109848 -0.145007 -0.158804 -0.145007 -0.109848 0.000000 
5.000000e-01 5.000000e-01 4.858385e-01 5.000000e-01 5.000000e-01 1.515042e+00 -0.676621 -0.055222 -0.057310 0.901687 -0.057310 -0.055222 0.676621 -0.110365 -0.146958 -0.161973 -0.146958 -0.110365 0.000000 
5.000000e-01 5.000000e-01 4.734540e-01 5.000000e-01 5.000000e-01 1.515042e+00 -0.684750 -0.053772 -0.055579 0.903451 -0.055579 -0.053772 0.684750 -0.110812 -0.148926 -0.165275 -0.148926 -0.110812 0.000000 
5.000000e-01 5.000000e-01 4.610335e-01 5.000000e-01 5.000000e-01 1.515042e+00 -0.692902 -0.052314 -0.053843 0.905218 -0.053843 -0.052314 0.692903 -0.111181 -0.150909 -0.168721 -0.150909 -0.111181 0.000000 
5.000000e-01 5.000000e-01 4.485772e-01 5.000000e-01 5.000000e-01 1.515042e+00 -0.701078 -0.050851 -0.052103 0.906987 -0.052103 -0.050851 0.701078 -0.111460 -0.152909 -0.172340 -0.152909 -0.111460 0.000000 
5.000000e-01 5.000000e-01 4.360856e-01 5.000000e-01 5.000000e-01 1.515042e+00 -0.709277 -0.049381 -0.050359 0.908758 -0.050359 -0.049381 0.709277 -0.111641 -0.154925 -0.176145 -0.154925 -0.111641 0.000000 
5.000000e-01 5.000000e-01 4.235587e-01 5.000000e-01 5.000000e-01 1.515042e+00 -0.717499 -0.047905 -0.048610 0.910531 -0.048610 -0.047905 0.717499 -0.111726 -0.156953 -0.180142 -0.156953 -0.111726 0.000000 
5.000000e-01 5.000000e-01 4.109971e-01 5.000000e-01 5.000000e-01 1.515042e+00 -0.725744 -0.046424 -0.046858 0.912307 -0.046858 -0.046424 0.725744 -0.111705 -0.158992 -0.184349 -0.158992 -0.111705 0.000000 
5.000000e-01 5.000000e-01 3.984009e-01 5.000000e-01 5.000000e-01 1.515042e+00 -0.734011 -0.044937 -0.045100 0.914085 -0.045100 -0.044937 0.734011 -0.111560 -0.161039 -0.188813 -0.161039 -0.111560 0.000000 
5.000000e-01 5.000000e-01 3.857705e-01 5.000000e-01 5.000000e-01 1.515042e+00 -0.742300 -0.043444 -0.043339 0.915867 -0.043339 -0.043444 0.742300 -0.111283 -0.163091 -0.193551 -0.163091 -0.111283 0.000000 
5.000000e-01 5.000000e-01 3.731061e-01 5.000000e-01 5.000000e-01 1.515042e+00 -0.750612 -0.041946 -0.041573 0.917651 -0.041573 -0.041946 0.750612 -0.110875 -0.165143 -0.198576 -0.165143 -0.110875 0.000000 
5.000000e-01 5.000000e-01 3.604080e-01 5.000000e-01 5.000000e-01 1.515042e+00 -0.758946 -0.040443 -0.039803 0.919438 -0.039803 -0.040443 0.758946 -0.110327 -0.167188 -0.203915 -0.167188 -0.110327 0.000000 
5.000000e-01 5.000000e-01 3.476765e-01 5.000000e-01 5.000000e-01 1.515042e+00 -0.767301 -0.038934 -0.038029 0.921228 -0.038029 -0.038934 0.767301 -0.109604 -0.169218 -0.209658 -0.169218 -0.109604 0.000000 
5.000000e-01 5.000000e-01 3.349118e-01 5.000000e-01 5.000000e-01 1.515042e+00 -0.775678 -0.037421 -0.036251 0.923022 -0.036251 -0.037421 0.775678 -0.108713 -0.171223 -0.215805 -0.171223 -0.108713 0.000000 
5.000000e-01 5.000000e-01 3.221143e-01 5.000000e-01 5.000000e-01 1.515042e+00 -0.784076 -0.035903 -0.034468 0.924818 -0.034468 -0.035903 0.784076 -0.107650 -0.173193 -0.222392 -0.173193 -0.107650 0.000000 
5.000000e-01 5.000000e-01 3.092841e-01 5.000000e-01 5.000000e-01 1.515042e+00 -0.792496 -0.034380 -0.032681 0.926618 -0.032681 -0.034380 0.792496 -0.106392 -0.175111 -0.229490 -0.175111 -0.106392 0.000000 
5.000000e-01 5.000000e-01 2.964216e-01 5.000000e-01 5.000000e-01 1.515042e+00 -0.800936 -0.032852 -0.030890 0.928421 -0.030890 -0.032852 0.800937 -0.104911 -0.176950 -0.237214 -0.176950 -0.104911 0.000000 
5.000000e-01 5.000000e-01 2.835271e-01 5.000000e-01 5.000000e-01 1.515042e+00 -0.809398 -0.031320 -0.029095 0.930228 -0.029095 -0.031320 0.809398 -0.103220 -0.178697 -0.245564 -0.178697 -0.103220 0.000000 
5.000000e-01 5.000000e-01 2.706006e-01 5.000000e-01 5.000000e-01 1.515042e+00 -0.817880 -0.029783 -0.027296 0.932038 -0.027296 -0.029783 0.817880 -0.101308 -0.180325 -0.254614 -0.180325 -0.101308 0.000000 
5.000000e-01 5.000000e-01 2.576426e-01 5.000000e-01 5.000000e-01 1.515042e+00 -0.826383 -0.028242 -0.025492 0.933851 -0.025492 -0.028242 0.826383 -0.099127 -0.181776 -0.264576 -0.181776 -0.099127 0.000000 
5.000000e-01 5.000000e-01 2.446532e-01 5.000000e-01 5.000000e-01 1.515042e+00 -0.834907 -0.026696 -0.023685 0.935668 -0.023685 -0.026696 0.834907 -0.096691 -0.183021 -0.275483 -0.183021 -0.096691 0.000000 
5.000000e-01 5.000000e-01 2.316326e-01 5.000000e-01 5.000000e-01 1.515042e+00 -0.843451 -0.025146 -0.021873 0.937489 -0.021873 -0.025146 0.843451 -0.093997 -0.184016 -0.287425 -0.184016 -0.093997 0.000000 
5.000000e-01 5.000000e-01 2.185809e-01 5.000000e-01 5.000000e-01 1.515042e+00 -0.852015 -0.023592 -0.020057 0.939313 -0.020057 -0.023592 0.852015 -0.091010 -0.184671 -0.300652 -0.184671 -0.091010 0.000000 
5.000000e-01 5.000000e-01 2.054985e-01 5.000000e-01 5.000000e-01 1.515042e+00 -0.860600 -0.022034 -0.018237 0.941141 -0.018237 -0.022034 0.860600 -0.087717 -0.184892 -0.315382 -0.184892 -0.087717 0.000000 
5.000000e-01 5.000000e-01 1.923853e-01 5.000000e-01 5.000000e-01 1.515042e+00 -0.869206 -0.020471 -0.016412 0.942973 -0.016412 -0.020471 0.869206 -0.084135 -0.184624 -0.331688 -0.184624 -0.084135 0.000000 
5.000000e-01 5.000000e-01 1.792415e-01 5.000000e-01 5.000000e-01 1.515042e+00 -0.877833 -0.018904 -0.014583 0.944809 -0.014583 -0.018904 0.877833 -0.080244 -0.183728 -0.349889 -0.183728 -0.080244 0.000000 
5.000000e-01 5.000000e-01 1.660669e-01 5.000000e-01 5.000000e-01 1.515042e+00 -0.886482 -0.017333 -0.012750 0.946648 -0.012750 -0.017333 0.886482 -0.076010 -0.181975 -0.370512 -0.181975 -0.076010 0.000000 
5.000000e-01 5.000000e-01 1.528615e-01 5.000000e-01 5.000000e-01 1.515042e+00 -0.895153 -0.015758 -0.010912 0.948493 -0.010912 -0.015758 0.895153 -0.071470 -0.179302 -0.393608 -0.179302 -0.071470 0.000000 
5.000000e-01 5.000000e-01 1.396249e-01 5.000000e-01 5.000000e-01 1.515042e+00 -0.903849 -0.014178 -0.009069 0.950342 -0.009069 -0.014178 0.903849 -0.066618 -0.175496 -0.419621 -0.175496 -0.066618 0.000000 
5.000000e-01 5.000000e-01 1.263565e-01 5.000000e-01 5.000000e-01 1.515042e+00 -0.912571 -0.012592 -0.007220 0.952196 -0.007220 -0.012592 0.912571 -0.061412 -0.170095 -0.449556 -0.170095 -0.061412 0.000000 
5.000000e-01 5.000000e-01 1.130555e-01 5.000000e-01 5.000000e-01 1.515042e+00 -0.921323 -0.011001 -0.005365 0.954056 -0.005365 -0.011001 0.921323 -0.055908 -0.163048 -0.483411 -0.163048 -0.055908 0.000000 
5.000000e-01 5.000000e-01 9.972060e-02 5.000000e-01 5.000000e-01 1.515042e+00 -0.930108 -0.009404 -0.003504 0.955923 -0.003504 -0.009404 0.930108 -0.050108 -0.154034 -0.521825 -0.154034 -0.050108 0.000000 
5.000000e-01 5.000000e-01 8.635012e-02 5.000000e-01 5.000000e-01 1.515042e+00 -0.938935 -0.007799 -0.001633 0.957799 -0.001633 -0.007799 0.938935 -0.043979 -0.142319 -0.566339 -0.142319 -0.043979 0.000000 
5.000000e-01 5.000000e-01 7.294193e-02 5.000000e-01 5.000000e-01 1.515042e+00 -0.947808 -0.006186 0.000247 0.959684 0.000247 -0.006186 0.947808 -0.037585 -0.127971 -0.616695 -0.127971 -0.037585 0.000000 
5.000000e-01 5.000000e-01 5.949363e-02 5.000000e-01 5.000000e-01 1.515042e+00 -0.956735 -0.004562 0.002139 0.961581 0.002139 -0.004562 0.956735 -0.030936 -0.110640 -0.673583 -0.110640 -0.030936 0.000000 
5.000000e-01 5.000000e-01 4.600318e-02 5.000000e-01 5.000000e-01 1.515042e+00 -0.965729 -0.002926 0.004045 0.963491 0.004045 -0.002926 0.965729 -0.024026 -0.089724 -0.738227 -0.089724 -0.024026 0.000000 
5.000000e-01 5.000000e-01 3.246962e-02 5.000000e-01 5.000000e-01 1.515042e+00 -0.974788 -0.001278 0.005965 0.965416 0.005965 -0.001278 0.974788 -0.016922 -0.065824 -0.809296 -0.065824 -0.016922 0.000000 
5.000000e-01 5.000000e-01 1.889438e-02 5.000000e-01 5.000000e-01 1.515042e+00 -0.983912 0.000381 0.007898 0.967354 0.007898 0.000381 0.983912 -0.009652 -0.039188 -0.886233 -0.039188 -0.009652 0.000000 
5.000000e-01 5.000000e-01 5.284426e-03 5.000000e-01 5.000000e-01 1.515042e+00 -0.993088 0.002050 0.009843 0.969303 0.009843 0.002050 0.993088 -0.002268 -0.010586 -0.967381 -0.010586 -0.002268 0.000000 
5.000000e-01 5.000000e-01 4.999895e-03 5.000000e-01 5.000000e-01 1.515042e+00 -0.993280 0.002085 0.009883 0.969344 0.009883 0.002085 0.993280 -0.002113 -0.009978 -0.969099 -0.009978 -0.002113 0.000000 
5.000000e-01 5.000000e-01 4.999895e-03 5.000000e-01 5.000000e-01 1.515042e+00 -0.993280 0.002085 0.009883 0.969344 0.009883 0.002085 0.993280 -0.002113 -0.009978 -0.969099 -0.009978 -0.002113 0.000000 
5.000000e-01 5.000000e-01 4.999895e-03 5.000000e-01 5.000000e-01 1.515042e+00 -0.993280 0.002085 0.009883 0.969344 0.009883 0.002085 0.993280 -0.002113 -0.009978 -0.969099 -0.009978 -0.002113 0.000000 
5.000000e-01 5.000000e-01 4.999895e-03 5.000000e-01 5.000000e-01 1.515042e+00 -0.993280 0.002085 0.009883 0.969344 0.009883 0.002085 0.993280 -0.002113 -0.009978 -0.969099 -0.009978 -0.002113 0.000000 
5.000000e-01 5.000000e-01 4.999895e-03 5.000000e-01 5.000000e-01 1.515042e+00 -0.993280 0.002085 0.009883 0.969344 0.009883 0.002085 0.993280 -0.002113 -0.009978 -0.969099 -0.009978 -0.002113 0.000000 
5.000000e-01 5.000000e-01 4.999895e-03 5.000000e-01 5.000000e-01 1.515042e+00 -0.993280 0.002085 0.009883 0.969344 0.009883 0.002085 0.993280 -0.002113 -0.009978 -0.969099 -0.009978 -0.002113 0.000000 
5.000000e-01 5.000000e-01 4.999895e-03 5.000000e-01 5.000000e-01 1.515042e+00 -0.993280 0.002085 0.009883 0.969344 0.009883 0.002085 0.993280 -0.002113 -0.009978 -0.969099 -0.009978 -0.002113 0.000000 
5.000000e-01 5.000000e-01 4.999895e-03 5.000000e-01 5.000000e-01 1.515042e+00 -0.993280 0.002085 0.009883 0.969344 0.009883 0.002085 0.993280 -0.002113 -0.009978 -0.969099 -0.009978 -0.002113 0.000000 
5.000000e-01 5.000000e-01 4.999895e-03 5.000000e-01 5.000000e-01 1.515042e+00 -0.993280 0.002085 0.009883 0.969344 0.009883 0.002085 0.993280 -0.002113 -0.009978 -0.969099 -0.009978 -0.002113 0.000000 
5.000000e-01 5.000000e-01 4.999895e-03 5.000000e-01 5.000000e-01 1.515042e+00 -0.993280 0.002085 0.009883 0.969344 0.009883 0.002085 0.993280 -0.002113 -0.009978 -0.969099 -0.009978 -0.002113 0.000000 
5.000000e-01 5.000000e-01 4.999895e-03 5.000000e-01 5.000000e-01 1.515042e+00 -0.993280 0.002085 0.009883 0.969344 0.009883 0.002085 0.993280 -0.002113 -0.009978 -0.969099 -0.009978 -0.002113 0.000000 
5.000000e-01 5.000000e-01 4.999895e-03 5.000000e-01 5.000000e-01 1.515042e+00 -0.993280 0.002085 0.009883 0.969344 0.009883 0.002085 0.993280 -0.002113 -0.009978 -0.969099 -0.009978 -0.002113 0.000000 
5.000000e-01 5.000000e-01 4.999895e-03 5.000000e-01 5.000000e-01 1.515042e+00 -0.993280 0.002085 0.009883 0.969344 0.009883 0.002085 0.993280 -0.002113 -0.009978 -0.969099 -0.009978 -0.002113 0.000000 
5.000000e-01 5.000000e-01 4.999895e-03 5.000000e-01 5.000000e-01 1.515042e+00 -0.993280 0.002085 0.009883 0.969344 0.009883 0.002085 0.993280 -0.002113 -0.009978 -0.969099 -0.009978 -0.002113 0.000000 
5.000000e-01 5.000000e-01 4.999895e-03 5.000000e-01 5.000000e-01 1.515042e+00 -0.993280 0.002085 0.009883 0.969344 0.009883 0.002085 0.993280 -0.002113 -0.009978 -0.969099 -0.009978 -0.002113 0.000000 
5.000000e-01 5.000000e-01 4.999895e-03 5.000000e-01 5.000000e-01 1.515042e+00 -0.993280 0.002085 0.009883 0.969344 0.009883 0.002085 0.993280 -0.002113 -0.009978 -0.969099 -0.009978 -0.002113 0.000000 
5.000000e-01 5.000000e-01 4.999895e-03 5.000000e-01 5.000000e-01 1.515042e+00 -0.993280 0.002085 0.009883 0.969344 0.009883 0.002085 0.993280 -0.002113 -0.009978 -0.969099 -0.009978 -0.002113 0.000000 
5.000000e-01 5.000000e-01 4.999895e-03 5.000000e-01 5.000000e-01 1.515042e+00 -0.993280 0.002085 0.009883 0.969344 0.009883 0.002085 0.993280 -0.002113 -0.009978 -0.969099 -0.009978 -0.002113 0.000000 
5.000000e-01 5.000000e-01 4.999895e-03 5.000000e-01 5.000000e-01 1.515042e+00 -0.993280 0.002085 0.009883 0.969344 0.009883 0.002085 0.993280 -0.002113 -0.009978 -0.969099 -0.009978 -0.002113 0.000000 
5.000000e-01 5.000000e-01 4.999895e-03 5.000000e-01 5.000000e-01 1.515042e+00 -0.993280 0.002085 0.009883 0.969344 0.009883 0.002085 0.993280 -0.002113 -0.009978 -0.969099 -0.009978 -0.002113 0.000000 
5.000000e-01 5.000000e-01 4.999895e-03 5.000000e-01 5.000000e-01 1.515042e+00 -0.993280 0.002085 0.009883 0.969344 0.009883 0.002085 0.993280 -0.002113 -0.009978 -0.969099 -0.009978 -0.002113 0.000000 
5.000000e-01 5.000000e-01 4.999895e-03 5.000000e-01 5.000000e-01 1.515042e+00 -0.993280 0.002085 0.009883 0.969344 0.009883 0.002085 0.993280 -0.002113 -0.009978 -0.969099 -0.009978 -0.002113 0.000000 
5.000000e-01 5.000000e-01 4.999895e-03 5.000000e-01 5.000000e-01 1.515042e+00 -0.993280 0.002085 0.009883 0.969344 0.009883 0.002085 0.993280 -0.002113 -0.009978 -0.969099 -0.009978 -0.002113 0.000000 
5.000000e-01 5.000000e-01 4.999895e-03 5.000000e-01 5.000000e-01 1.515042e+00 -0.993280 0.002085 0.009883 0.969344 0.009883 0.002085 0.993280 -0.002113 -0.009978 -0.969099 -0.009978 -0.002113 0.000000 
5.000000e-01 5.000000e-01 4.999895e-03 5.000000e-01 5.000000e-01 1.515042e+00 -0.993280 0.002085 0.009883 0.969344 0.009883 0.002085 0.993280 -0.002113 -0.009978 -0.969099 -0.009978 -0.002113 0.000000 
5.000000e-01 5.000000e-01 4.999895e-03 5.000000e-01 5.000000e-01 1.515042e+00 -0.993280 0.002085 0.009883 0.969344 0.009883 0.002085 0.993280 -0.002113 -0.009978 -0.969099 -0.009978 -0.002113 0.000000 
5.000000e-01 5.000000e-01 4.999895e-03 5.000000e-01 5.000000e-01 1.515042e+00 -0.993280 0.002085 0.009883 0.969344 0.009883 0.002085 0.993280 -0.002113 -0.009978 -0.969099 -0.009978 -0.002113 0.000000 
5.000000e-01 5.000000e-01 4.999895e-03 5.000000e-01 5.000000e-01 1.515042e+00 -0.993280 0.002085 0.009883 0.969344 0.009883 0.002085 0.993280 -0.002113 -0.009978 -0.969099 -0.009978 -0.002113 0.000000 
5.000000e-01 5.000000e-01 4.999895e-03 5.000000e-01 5.000000e-01 1.515042e+00 -0.993280 0.002085 0.009883 0.969344 0.009883 0.002085 0.993280 -0.002113 -0.009978 -0.969099 -0.009978 -0.002113 0.000000 
5.000000e-01 5.000000e-01 4.999895e-03 5.000000e-01 5.000000e-01 1.515042e+00 -0.993280 0.002085 0.009883 0.969344 0.009883 0.002085 0.993280 -0.002113 -0.009978 -0.969099 -0.009978 -0.002113 0.000000 
5.000000e-01 5.000000e-01 4.999895e-03 5.000000e-01 5.000000e-01 1.515042e+00 -0.993280 0.002085 0.009883 0.969344 0.009883 0.002085 0.993280 -0.002113 -0.009978 -0.969099 -0.009978 -0.002113 0.000000 
5.000000e-01 5.000000e-01 4.999895e-03 5.000000e-01 5.000000e-01 1.515042e+00 -0.993280 0.002085 0.009883 0.969344 0.009883 0.002085 0.993280 -0.002113 -0.009978 -0.969099 -0.009978 -0.002113 0.000000 
5.000000e-01 5.000000e-01 4.999895e-03 5.000000e-01 5.000000e-01 1.515042e+00 -0.993280 0.002085 0.009883 0.969344 0.009883 0.002085 0.993280 -0.002113 -0.009978 -0.969099 -0.009978 -0.002113 0.000000 
5.000000e-01 5.000000e-01 4.999895e-03 5.000000e-01 5.000000e-01 1.515042e+00 -0.993280 0.002085 0.009883 0.969344 0.009883 0.002085 0.993280 -0.002113 -0.009978 -0.969099 -0.009978 -0.002113 0.000000 
5.000000e-01 5.000000e-01 4.999895e-03 5.000000e-01 5.000000e-01 1.515042e+00 -0.993280 0.002085 0.009883 0.969344 0.009883 0.002085 0.993280 -0.002113 -0.009978 -0.969099 -0.009978 -0.002113 0.000000 
5.000000e-01 5.000000e-01 4.999895e-03 5.000000e-01 5.000000e-01 1.515042e+00 -0.993280 0.002085 0.009883 0.969344 0.009883 0.002085 0.993280 -0.002113 -0.009978 -0.969099 -0.009978 -0.002113 0.000000 
5.000000e-01 5.000000e-01 4.999895e-03 5.000000e-01 5.000000e-01 1.515042e+00 -0.993280 0.002085 0.009883 0.969344 0.009883 0.002085 0.993280 -0.002113 -0.009978 -0.969099 -0.009978 -0.002113 0.000000 
5.000000e-01 5.000000e-01 4.999895e-03 5.000000e-01 5.000000e-01 1.515042e+00 -0.993280 0.002085 0.009883 0.969344 0.009883 0.002085 0.993280 -0.002113 -0.009978 -0.969099 -0.009978 -0.002113 0.000000 
5.000000e-01 5.000000e-01 4.999895e-03 5.000000e-01 5.000000e-01 1.515042e+00 -0.993280 0.002085 0.009883 0.969344 0.009883 0.002085 0.993280 -0.002113 -0.009978 -0.969099 -0.009978 -0.002113 0.000000 
5.000000e-01 5.000000e-01 4.999895e-03 5.000000e-01 5.000000e-01 1.515042e+00 -0.993280 0.002085 0.009883 0.969344 0.009883 0.002085 0.993280 -0.002113 -0.009978 -0.969099 -0.009978 -0.002113 0.000000 
5.000000e-01 5.000000e-01 4.999895e-03 5.000000e-01 5.000000e-01 1.515042e+00 -0.993280 0.002085 0.009883 0.969344 0.009883 0.002085 0.993280 -0.002113 -0.009978 -0.969099 -0.009978 -0.002113 0.000000 
5.000000e-01 5.000000e-01 4.999895e-03 5.000000e-01 5.000000e-01 1.515042e+00 -0.993280 0.002085 0.009883 0.969344 0.009883 0.002085 0.993280 -0.002113 -0.009978 -0.969099 -0.009978 -0.002113 0.000000 
5.000000e-01 5.000000e-01 4.999895e-03 5.000000e-01 5.000000e-01 1.515042e+00 -0.993280 0.002085 0.009883 0.969344 0.009883 0.002085 0.993280 -0.002113 -0.009978 -0.969099 -0.009978 -0.002113 0.000000 
5.000000e-01 5.000000e-01 4.999895e-03 5.000000e-01 5.000000e-01 1.515042e+00 -0.993280 0.002085 0.009883 0.969344 0.009883 0.002085 0.993280 -0.002113 -0.009978 -0.969099 -0.009978 -0.002113 0.000000 
5.000000e-01 5.000000e-01 4.999895e-03 5.000000e-01 5.000000e-01 1.515042e+00 -0.993280 0.002085 0.009883 0.969344 0.009883 0.002085 0.993280 -0.002113 -0.009978 -0.969099 -0.009978 -0.002113 0.000000 
5.000000e-01 5.000000e-01 4.999895e-03 5.000000e-01 5.000000e-01 1.515042e+00 -0.993280 0.002085 0.009883 0.969344 0.009883 0.002085 0.993280 -0.002113 -0.009978 -0.969099 -0.009978 -0.002113 0.000000 
5.000000e-01 5.000000e-01 4.999895e-03 5.000000e-01 5.000000e-01 1.515042e+00 -0.993280 0.002085 0.009883 0.969344 0.009883 0.002085 0.993280 -0.002113 -0.009978 -0.969099 -0.009978 -0.002113 0.000000 
5.000000e-01 5.000000e-01 4.999895e-03 5.000000e-01 5.000000e-01 1.515042e+00 -0.993280 0.002085 0.009883 0.969344 0.009883 0.002085 0.993280 -0.002113 -0.009978 -0.969099 -0.009978 -0.002113 0.000000 
5.000000e-01 5.000000e-01 4.999895e-03 5.000000e-01 5.000000e-01 1.515042e+00 -0.993280 0.002085 0.009883 0.969344 0.009883 0.002085 0.993280 -0.002113 -0.009978 -0.969099 -0.009978 -0.002113 0.000000 
5.000000e-01 5.000000e-01 4.999895e-03 5.000000e-01 5.000000e-01 1.515042e+00 -0.993280 0.002085 0.009883 0.969344 0.009883 0.002085 0.993280 -0.002113 -0.009978 -0.969099 -0.009978 -0.002113 0.000000 
5.000000e-01 5.000000e-01 4.999895e-03 5.000000e-01 5.000000e-01 1.515042e+00 -0.993280 0.002085 0.009883 0.969344 0.009883 0.002085 0.993280 -0.002113 -0.009978 -0.969099 -0.009978 -0.002113 0.000000 
5.000000e-01 5.000000e-01 4.999895e-03 5.000000e-01 5.000000e-01 1.515042e+00 -0.993280 0.002085 0.009883 0.969344 0.009883 0.002085 0.993280 -0.002113 -0.009978 -0.969099 -0.009978 -0.002113 0.000000 
5.000000e-01 5.000000e-01 4.999895e-03 5.000000e-01 5.000000e-01 1.515042e+00 -0.993280 0.002085 0.009883 0.969344 0.009883 0.002085 0.993280 -0.002113 -0.009978 -0.969099 -0.009978 -0.002113 0.000000 
5.000000e-01 5.000000e-01 4.999895e-03 5.000000e-01 5.000000e-01 1.515042e+00 -0.993280 0.002085 0.009883 0.969344 0.009883 0.002085 0.993280 -0.002113 -0.009978 -0.969099 -0.009978 -0.002113 0.000000 
5.000000e-01 5.000000e-01 4.999895e-03 5.000000e-01 5.000000e-01 1.515042e+00 -0.993280 0.002085 0.009883 0.969344 0.009883 0.002085 0.993280 -0.002113 -0.009978 -0.969099 -0.009978 -0.002113 0.000000 
5.000000e-01 5.000000e-01 4.999895e-03 5.000000e-01 5.000000e-01 1.515042e+00 -0.993280 0.002085 0.009883 0.969344 0.009883 0.002085 0.993280 -0.002113 -0.009978 -0.969099 -0.009978 -0.002113 0.000000 
5.000000e-01 5.000000e-01 4.999895e-03 5.000000e-01 5.000000e-01 1.515042e+00 -0.993280 0.002085 0.009883 0.969344 0.009883 0.002085 0.993280 -0.002113 -0.009978 -0.969099 -0.009978 -0.002113 0.000000 
5.000000e-01 5.000000e-01 4.999895e-03 5.000000e-01 5.000000e-01 1.515042e+00 -0.993280 0.002085 0.009883 0.969344 0.009883 0.002085 0.993280 -0.002113 -0.009978 -0.969099 -0.009978 -0.002113 0.000000 
5.000000e-01 5.000000e-01 4.999895e-03 5.000000e-01 5.000000e-01 1.515042e+00 -0.993280 0.002085 0.009883 0.969344 0.009883 0.002085 0.993280 -0.002113 -0.009978 -0.969099 -0.009978 -0.002113 0.000000 
5.000000e-01 5.000000e-01 4.999895e-03 5.000000e-01 5.000000e-01 1.515042e+00 -0.993280 0.002085 0.009883 0.969344 0.009883 0.002085 0.993280 -0.002113 -0.009978 -0.969099 -0.009978 -0.002113 0.000000 
5.000000e-01 5.000000e-01 4.999895e-03 5.000000e-01 5.000000e-01 1.515042e+00 -0.993280 0.002085 0.009883 0.969344 0.009883 0.002085 0.993280 -0.002113 -0.009978 -0.969099 -0.009978 -0.002113 0.000000 
5.000000e-01 5.000000e-01 4.999895e-03 5.000000e-01 5.000000e-01 1.515042e+00 -0.993280 0.002085 0.009883 0.969344 0.009883 0.002085 0.993280 -0.002113 -0.009978 -0.969099 -0.009978 -0.002113 0.000000 
5.000000e-01 5.000000e-01 4.999895e-03 5.000000e-01 5.000000e-01 1.515042e+00 -0.993280 0.002085 0.009883 0.969344 0.009883 0.002085 0.993280 -0.002113 -0.009978 -0.969099 -0.009978 -0.002113 0.000000 
5.000000e-01 5.000000e-01 4.999895e-03 5.000000e-01 5.000000e-01 1.515042e+00 -0.993280 0.002085 0.009883 0.969344 0.009883 0.002085 0.993280 -0.002113 -0.009978 -0.969099 -0.009978 -0.002113 0.000000 
5.000000e-01 5.000000e-01 4.999895e-03 5.000000e-01 5.000000e-01 1.515042e+00 -0.993280 0.002085 0.009883 0.969344 0.009883 0.002085 0.993280 -0.002113 -0.009978 -0.969099 -0.009978 -0.002113 0.000000 
5.000000e-01 5.000000e-01 4.999895e-03 5.000000e-01 5.000000e-01 1.515042e+00 -0.993280 0.002085 0.009883 0.969344 0.009883 0.002085 0.993280 -0.002113 -0.009978 -0.969099 -0.009978 -0.002113 0.000000 
5.000000e-01 5.000000e-01 4.999895e-03 5.000000e-01 5.000000e-01 1.515042e+00 -0.993280 0.002085 0.009883 0.969344 0.009883 0.002085 0.993280 -0.002113 -0.009978 -0.969099 -0.009978 -0.002113 0.000000 
5.000000e-01 5.000000e-01 4.999895e-03 5.000000e-01 5.000000e-01 1.515042e+00 -0.993280 0.002085 0.009883 0.969344 0.009883 0.002085 0.993280 -0.002113 -0.009978 -0.969099 -0.009978 -0.002113 0.000000 
5.000000e-01 5.000000e-01 4.999895e-03 5.000000e-01 5.000000e-01 1.515042e+00 -0.993280 0.002085 0.009883 0.969344 0.009883 0.002085 0.993280 -0.002113 -0.009978 -0.969099 -0.009978 -0.002113 0.000000 
5.000000e-01 5.000000e-01 4.999895e-03 5.000000e-01 5.000000e-01 1.515042e+00 -0.993280 0.002085 0.009883 0.969344 0.009883 0.002085 0.993280 -0.002113 -0.009978 -0.969099 -0.009978 -0.002113 0.000000 
5.000000e-01 5.000000e-01 4.999895e-03 5.000000e-01 5.000000e-01 1.515042e+00 -0.993280 0.002085 0.009883 0.969344 0.009883 0.002085 0.993280 -0.002113 -0.009978 -0.969099 -0.009978 -0.002113 0.000000 
5.000000e-01 5.000000e-01 4.999895e-03 5.000000e-01 5.000000e-01 1.515042e+00 -0.993280 0.002085 0.009883 0.969344 0.009883 0.002085 0.993280 -0.002113 -0.009978 -0.969099 -0.009978 -0.002113 0.000000 
5.000000e-01 5.000000e-01 4.999895e-03 5.000000e-01 5.000000e-01 1.515042e+00 -0.993280 0.002085 0.009883 0.969344 0.009883 0.002085 0.993280 -0.002113 -0.009978 -0.969099 -0.009978 -0.002113 0.000000 
5.000000e-01 5.000000e-01 4.999895e-03 5.000000e-01 5.000000e-01 1.515042e+00 -0.993280 0.002085 0.009883 0.969344 0.009883 0.002085 0.993280 -0.002113 -0.009978 -0.969099 -0.009978 -0.002113 0.000000 
5.000000e-01 5.000000e-01 4.999895e-03 5.000000e-01 5.000000e-01 1.515042e+00 -0.993280 0.002085 0.009883 0.969344 0.009883 0.002085 0.993280 -0.002113 -0.009978 -0.969099 -0.009978 -0.002113 0.000000 
5.000000e-01 5.000000e-01 4.999895e-03 5.000000e-01 5.000000e-01 1.515042e+00 -0.993280 0.002085 0.009883 0.969344 0.009883 0.002085 0.993280 -0.002113 -0.009978 -0.969099 -0.009978 -0.002113 0.000000 
5.000000e-01 5.000000e-01 4.999895e-03 5.000000e-01 5.000000e-01 1.515042e+00 -0.993280 0.002085 0.009883 0.969344 0.009883 0.002085 0.993280 -0.002113 -0.009978 -0.969099 -0.009978 -0.002113 0.000000 
5.000000e-01 5.000000e-01 4.999895e-03 5.000000e-01 5.000000e-01 1.515042e+00 -0.993280 0.002085 0.009883 0.969344 0.009883 0.002085 0.993280 -0.002113 -0.009978 -0.969099 -0.009978 -0.002113 0.000000 
5.000000e-01 5.000000e-01 4.999895e-03 5.000000e-01 5.000000e-01 1.515042e+00 -0.993280 0.002085 0.009883 0.969344 0.009883 0.002085 0.993280 -0.002113 -0.009978 -0.969099 -0.009978 -0.002113 0.000000 
5.000000e-01 5.000000e-01 4.999895e-03 5.000000e-01 5.000000e-01 1.515042e+00 -0.993280 0.002085 0.009883 0.969344 0.009883 0.002085 0.993280 -0.002113 -0.009978 -0.969099 -0.009978 -0.002113 0.000000 
5.000000e-01 5.000000e-01 4.999895e-03 5.000000e-01 5.000000e-01 1.515042e+00 -0.993280 0.002085 0.009883 0.969344 0.009883 0.002085 0.993280 -0.002113 -0.009978 -0.969099 -0.009978 -0.002113 0.000000 
5.000000e-01 5.000000e-01 4.999895e-03 5.000000e-01 5.000000e-01 1.515042e+00 -0.993280 0.002085 0.009883 0.969344 0.009883 0.002085 0.993280 -0.002113 -0.009978 -0.969099 -0.009978 -0.002113 0.000000 
5.000000e-01 5.000000e-01 4.999895e-03 5.000000e-01 5.000000e-01 1.515042e+00 -0.993280 0.002085 0.009883 0.969344 0.009883 0.002085 0.993280 -0.002113 -0.009978 -0.969099 -0.009978 -0.002113 0.000000 
5.000000e-01 5.000000e-01 4.999895e-03 5.000000e-01 5.000000e-01 1.515042e+00 -0.993280 0.002085 0.009883 0.969344 0.009883 0.002085 0.993280 -0.002113 -0.009978 -0.969099 -0.009978 -0.002113 0.000000 
5.000000e-01 5.000000e-01 4.999895e-03 5.000000e-01 5.000000e-01 1.515042e+00 -0.993280 0.002085 0.009883 0.969344 0.009883 0.002085 0.993280 -0.002113 -0.009978 -0.969099 -0.009978 -0.002113 0.000000 
5.000000e-01 5.000000e-01 4.999895e-03 5.000000e-01 5.000000e-01 1.515042e+00 -0.993280 0.002085 0.009883 0.969344 0.009883 0.002085 0.993280 -0.002113 -0.009978 -0.969099 -0.009978 -0.002113 0.000000 
5.000000e-01 5.000000e-01 4.999895e-03 5.000000e-01 5.000000e-01 1.515042e+00 -0.993280 0.002085 0.009883 0.969344 0.009883 0.002085 0.993280 -0.002113 -0.009978 -0.969099 -0.009978 -0.002113 0.000000 
5.000000e-01 5.000000e-01 4.999895e-03 5.000000e-01 5.000000e-01 1.515042e+00 -0.993280 0.002085 0.009883 0.969344 0.009883 0.002085 0.993280 -0.002113 -0.009978 -0.969099 -0.009978 -0.002113 0.000000 
5.000000e-01 5.000000e-01 4.999895e-03 5.000000e-01 5.000000e-01 1.515042e+00 -0.993280 0.002085 0.009883 0.969344 0.009883 0.002085 0.993280 -0.002113 -0.009978 -0.969099 -0.009978 -0.002113 0.000000 
5.000000e-01 5.000000e-01 4.999895e-03 5.000000e-01 5.000000e-01 1.515042e+00 -0.993280 0.002085 0.009883 0.969344 0.009883 0.002085 0.993280 -0.002113 -0.009978 -0.969099 -0.009978 -0.002113 0.000000 
5.000000e-01 5.000000e-01 4.999895e-03 5.000000e-01 5.000000e-01 1.515042e+00 -0.993280 0.002085 0.009883 0.969344 0.009883 0.002085 0.993280 -0.002113 -0.009978 -0.969099 -0.009978 -0.002113 0.000000 
5.000000e-01 5.000000e-01 4.999895e-03 5.000000e-01 5.000000e-01 1.515042e+00 -0.993280 0.002085 0.009883 0.969344 0.009883 0.002085 0.993280 -0.002113 -0.009978 -0.969099 -0.009978 -0.002113 0.000000 
5.000000e-01 5.000000e-01 4.999895e-03 5.000000e-01 5.000000e-01 1.515042e+00 -0.993280 0.002085 0.009883 0.969344 0.009883 0.002085 0.993280 -0.002113 -0.009978 -0.969099 -0.009978 -0.002113 0.000000 
5.000000e-01 5.000000e-01 4.999895e-03 5.000000e-01 5.000000e-01 1.515042e+00 -0.993280 0.002085 0.009883 0.969344 0.009883 0.002085 0.993280 -0.002113 -0.009978 -0.969099 -0.009978 -0.002113 0.000000 
5.000000e-01 5.000000e-01 4.999895e-03 5.000000e-01 5.000000e-01 1.515042e+00 -0.993280 0.002085 0.009883 0.969344 0.009883 0.002085 0.993280 -0.002113 -0.009978 -0.969099 -0.009978 -0.002113 0.000000 
5.000000e-01 5.000000e-01 4.999895e-03 5.000000e-01 5.000000e-01 1.515042e+00 -0.993280 0.002085 0.009883 0.969344 0.009883 0.002085 0.993280 -0.002113 -0.009978 -0.969099 -0.009978 -0.002113 0.000000 
5.000000e-01 5.000000e-01 4.999895e-03 5.000000e-01 5.000000e-01 1.515042e+00 -0.993280 0.002085 0.009883 0.969344 0.009883 0.002085 0.993280 -0.002113 -0.009978 -0.969099 -0.009978 -0.002113 0.000000 
5.000000e-01 5.000000e-01 4.999895e-03 5.000000e-01 5.000000e-01 1.515042e+00 -0.993280 0.002085 0.009883 0.969344 0.009883 0.002085 0.993280 -0.002113 -0.009978 -0.969099 -0.009978 -0.002113 0.000000 
5.000000e-01 5.000000e-01 4.999895e-03 5.000000e-01 5.000000e-01 1.515042e+00 -0.993280 0.002085 0.009883 0.969344 0.009883 0.002085 0.993280 -0.002113 -0.009978 -0.969099 -0.009978 -0.002113 0.000000 
5.000000e-01 5.000000e-01 4.999895e-03 5.000000e-01 5.000000e-01 1.515042e+00 -0.993280 0.002085 0.009883 0.969344 0.009883 0.002085 0.993280 -0.002113 -0.009978 -0.969099 -0.009978 -0.002113 0.000000 
5.000000e-01 5.000000e-01 4.999895e-03 5.000000e-01 5.000000e-01 1.515042e+00 -0.993280 0.002085 0.009883 0.969344 0.009883 0.002085 0.993280 -0.002113 -0.009978 -0.969099 -0.009978 -0.002113 0.000000 
5.000000e-01 5.000000e-01 4.999895e-03 5.000000e-01 5.000000e-01 1.515042e+00 -0.993280 0.002085 0.009883 0.969344 0.009883 0.002085 0.993280 -0.002113 -0.009978 -0.969099 -0.009978 -0.002113 0.000000 
5.000000e-01 5.000000e-01 4.999895e-03 5.000000e-01 5.000000e-01 1.515042e+00 -0.993280 0.002085 0.009883 0.969344 0.009883 0.002085 0.993280 -0.002113 -0.009978 -0.969099 -0.009978 -0.002113 0.000000 
5.000000e-01 5.000000e-01 4.999895e-03 5.000000e-01 5.000000e-01 1.515042e+00 -0.993280 0.002085 0.009883 0.969344 0.009883 0.002085 0.993280 -0.002113 -0.009978 -0.969099 -0.009978 -0.002113 0.000000 
5.000000e-01 5.000000e-01 4.999895e-03 5.000000e-01 5.000000e-01 1.515042e+00 -0.993280 0.002085 0.009883 0.969344 0.009883 0.002085 0.993280 -0.002113 -0.009978 -0.969099 -0.009978 -0.002113 0.000000 
5.000000e-01 5.000000e-01 4.999895e-03 5.000000e-01 5.000000e-01 1.515042e+00 -0.993280 0.002085 0.009883 0.969344 0.009883 0.002085 0.993280 -0.002113 -0.009978 -0.969099 -0.009978 -0.002113 0.000000 
5.000000e-01 5.000000e-01 4.999895e-03 5.000000e-01 5.000000e-01 1.515042e+00 -0.993280 0.002085 0.009883 0.969344 0.009883 0.002085 0.993280 -0.002113 -0.009978 -0.969099 -0.009978 -0.002113 0.000000 
5.000000e-01 5.000000e-01 4.999895e-03 5.000000e-01 5.000000e-01 1.515042e+00 -0.993280 0.002085 0.009883 0.969344 0.009883 0.002085 0.993280 -0.002113 -0.009978 -0.969099 -0.009978 -0.002113 0.000000 
5.000000e-01 5.000000e-01 4.999895e-03 5.000000e-01 5.000000e-01 1.515042e+00 -0.993280 0.002085 0.009883 0.969344 0.009883 0.002085 0.993280 -0.002113 -0.009978 -0.969099 -0.009978 -0.002113 0.000000 
5.000000e-01 5.000000e-01 4.999895e-03 5.000000e-01 5.000000e-01 1.515042e+00 -0.993280 0.002085 0.009883 0.969344 0.009883 0.002085 0.993280 -0.002113 -0.009978 -0.969099 -0.009978 -0.002113 0.000000 
5.000000e-01 5.000000e-01 4.999895e-03 5.000000e-01 5.000000e-01 1.515042e+00 -0.993280 0.002085 0.009883 0.969344 0.009883 0.002085 0.993280 -0.002113 -0.009978 -0.969099 -0.009978 -0.002113 0.000000 
5.000000e-01 5.000000e-01 4.999895e-03 5.000000e-01 5.000000e-01 1.515042e+00 -0.993280 0.002085 0.009883 0.969344 0.009883 0.002085 0.993280 -0.002113 -0.009978 -0.969099 -0.009978 -0.002113 0.000000 
5.000000e-01 5.000000e-01 4.999895e-03 5.000000e-01 5.000000e-01 1.515042e+00 -0.993280 0.002085 0.009883 0.969344 0.009883 0.002085 0.993280 -0.002113 -0.009978 -0.969099 -0.009978 -0.002113 0.000000 
5.000000e-01 5.000000e-01 4.999895e-03 5.000000e-01 5.000000e-01 1.515042e+00 -0.993280 0.002085 0.009883 0.969344 0.009883 0.002085 0.993280 -0.002113 -0.009978 -0.969099 -0.009978 -0.002113 0.000000 
5.000000e-01 5.000000e-01 4.999895e-03 5.000000e-01 5.000000e-01 1.515042e+00 -0.993280 0.002085 0.009883 0.969344 0.009883 0.002085 0.993280 -0.002113 -0.009978 -0.969099 -0.009978 -0.002113 0.000000 
5.000000e-01 5.000000e-01 4.999895e-03 5.000000e-01 5.000000e-01 1.515042e+00 -0.993280 0.002085 0.009883 0.969344 0.009883 0.002085 0.993280 -0.002113 -0.009978 -0.969099 -0.009978 -0.002113 0.000000 
5.000000e-01 5.000000e-01 4.999895e-03 5.000000e-01 5.000000e-01 1.515042e+00 -0.993280 0.002085 0.009883 0.969344 0.009883 0.002085 0.993280 -0.002113 -0.009978 -0.969099 -0.009978 -0.002113 0.000000 
5.000000e-01 5.000000e-01 4.999895e-03 5.000000e-01 5.000000e-01 1.515042e+00 -0.993280 0.002085 0.009883 0.969344 0.009883 0.002085 0.993280 -0.002113 -0.009978 -0.969099 -0.009978 -0.002113 0.000000 
5.000000e-01 5.000000e-01 4.999895e-03 5.000000e-01 5.000000e-01 1.515042e+00 -0.993280 0.002085 0.009883 0.969344 0.009883 0.002085 0.993280 -0.002113 -0.009978 -0.969099 -0.009978 -0.002113 0.000000 
5.000000e-01 5.000000e-01 4.999895e-03 5.000000e-01 5.000000e-01 1.515042e+00 -0.993280 0.002085 0.009883 0.969344 0.009883 0.002085 0.993280 -0.002113 -0.009978 -0.969099 -0.009978 -0.002113 0.000000 
5.000000e-01 5.000000e-01 4.999895e-03 5.000000e-01 5.000000e-01 1.515042e+00 -0.993280 0.002085 0.009883 0.969344 0.009883 0.002085 0.993280 -0.002113 -0.009978 -0.969099 -0.009978 -0.002113 0.000000 
5.000000e-01 5.000000e-01 4.999895e-03 5.000000e-01 5.000000e-01 1.515042e+00 -0.993280 0.002085 0.009883 0.969344 0.009883 0.002085 0.993280 -0.002113 -0.009978 -0.969099 -0.009978 -0.002113 0.000000 
5.000000e-01 5.000000e-01 4.999895e-03 5.000000e-01 5.000000e-01 1.515042e+00 -0.993280 0.002085 0.009883 0.969344 0.009883 0.002085 0.993280 -0.002113 -0.009978 -0.969099 -0.009978 -0.002113 0.000000 
5.000000e-01 5.000000e-01 4.999895e-03 5.000000e-01 5.000000e-01 1.515042e+00 -0.993280 0.002085 0.009883 0.969344 0.009883 0.002085 0.993280 -0.002113 -0.009978 -0.969099 -0.009978 -0.002113 0.000000 
5.000000e-01 5.000000e-01 4.999895e-03 5.000000e-01 5.000000e-01 1.515042e+00 -0.993280 0.002085 0.009883 0.969344 0.009883 0.002085 0.993280 -0.002113 -0.009978 -0.969099 -0.009978 -0.002113 0.000000 
5.000000e-01 5.000000e-01 4.999895e-03 5.000000e-01 5.000000e-01 1.515042e+00 -0.993280 0.002085 0.009883 0.969344 0.009883 0.002085 0.993280 -0.002113 -0.009978 -0.969099 -0.009978 -0.002113 0.000000 
5.000000e-01 5.000000e-01 4.999895e-03 5.000000e-01 5.000000e-01 1.515042e+00 -0.993280 0.002085 0.009883 0.969344 0.009883 0.002085 0.993280 -0.002113 -0.009978 -0.969099 -0.009978 -0.002113 0.000000 
5.000000e-01 5.000000e-01 4.999895e-03 5.000000e-01 5.000000e-01 1.515042e+00 -0.993280 0.002085 0.009883 0.969344 0.009883 0.002085 0.993280 -0.002113 -0.009978 -0.969099 -0.009978 -0.002113 0.000000 
5.000000e-01 5.000000e-01 4.999895e-03 5.000000e-01 5.000000e-01 1.515042e+00 -0.993280 0.002085 0.009883 0.969344 0.009883 0.002085 0.993280 -0.002113 -0.009978 -0.969099 -0.009978 -0.002113 0.000000 
5.000000e-01 5.000000e-01 4.999895e-03 5.000000e-01 5.000000e-01 1.515042e+00 -0.993280 0.002085 0.009883 0.969344 0.009883 0.002085 0.993280 -0.002113 -0.009978 -0.969099 -0.009978 -0.002113 0.000000 
5.000000e-01 5.000000e-01 4.999895e-03 5.000000e-01 5.000000e-01 1.515042e+00 -0.993280 0.002085 0.009883 0.969344 0.009883 0.002085 0.993280 -0.002113 -0.009978 -0.969099 -0.009978 -0.002113 0.000000 
5.000000e-01 5.000000e-01 4.999895e-03 5.000000e-01 5.000000e-01 1.515042e+00 -0.993280 0.002085 0.009883 0.969344 0.009883 0.002085 0.993280 -0.002113 -0.009978 -0.969099 -0.009978 -0.002113 0.000000 
5.000000e-01 5.000000e-01 4.999895e-03 5.000000e-01 5.000000e-01 1.515042e+00 -0.993280 0.002085 0.009883 0.969344 0.009883 0.002085 0.993280 -0.002113 -0.009978 -0.969099 -0.009978 -0.002113 0.000000 
5.000000e-01 5.000000e-01 4.999895e-03 5.000000e-01 5.000000e-01 1.515042e+00 -0.993280 0.002085 0.009883 0.969344 0.009883 0.002085 0.993280 -0.002113 -0.009978 -0.969099 -0.009978 -0.002113 0.000000 
5.000000e-01 5.000000e-01 4.999895e-03 5.000000e-01 5.000000e-01 1.515042e+00 -0.993280 0.002085 0.009883 0.969344 0.009883 0.002085 0.993280 -0.002113 -0.009978 -0.969099 -0.009978 -0.002113 0.000000 
5.000000e-01 5.000000e-01 4.999895e-03 5.000000e-01 5.000000e-01 1.515042e+00 -0.993280 0.002085 0.009883 0.969344 0.009883 0.002085 0.993280 -0.002113 -0.009978 -0.969099 -0.009978 -0.002113 0.000000 
5.000000e-01 5.000000e-01 4.999895e-03 5.000000e-01 5.000000e-01 1.515042e+00 -0.993280 0.002085 0.009883 0.969344 0.009883 0.002085 0.993280 -0.002113 -0.009978 -0.969099 -0.009978 -0.002113 0.000000 
5.000000e-01 5.000000e-01 4.999895e-03 5.000000e-01 5.000000e-01 1.515042e+00 -0.993280 0.002085 0.009883 0.969344 0.009883 0.002085 0.993280 -0.002113 -0.009978 -0.969099 -0.009978 -0.002113 0.000000 
5.000000e-01 5.000000e-01 4.999895e-03 5.000000e-01 5.000000e-01 1.515042e+00 -0.993280 0.002085 0.009883 0.969344 0.009883 0.002085 0.993280 -0.002113 -0.009978 -0.969099 -0.009978 -0.002113 0.000000 
5.000000e-01 5.000000e-01 4.999895e-03 5.000000e-01 5.000000e-01 1.515042e+00 -0.993280 0.002085 0.009883 0.969344 0.009883 0.002085 0.993280 -0.002113 -0.009978 -0.969099 -0.009978 -0.002113 0.000000 
5.000000e-01 5.000000e-01 4.999895e-03 5.000000e-01 5.000000e-01 1.515042e+00 -0.993280 0.002085 0.009883 0.969344 0.009883 0.002085 0.993280 -0.002113 -0.009978 -0.969099 -0.009978 -0.002113 0.000000 
5.000000e-01 5.000000e-01 4.999895e-03 5.000000e-01 5.000000e-01 1.515042e+00 -0.993280 0.002085 0.009883 0.969344 0.009883 0.002085 0.993280 -0.002113 -0.009978 -0.969099 -0.009978 -0.002113 0.000000 
5.000000e-01 5.000000e-01 4.999895e-03 5.000000e-01 5.000000e-01 1.515042e+00 -0.993280 0.002085 0.009883 0.969344 0.009883 0.002085 0.993280 -0.002113 -0.009978 -0.969099 -0.009978 -0.002113 0.000000 
5.000000e-01 5.000000e-01 4.999895e-03 5.000000e-01 5.000000e-01 1.515042e+00 -0.993280 0.002085 0.009883 0.969344 0.009883 0.002085 0.993280 -0.002113 -0.009978 -0.969099 -0.009978 -0.002113 0.000000 
5.000000e-01 5.000000e-01 4.999895e-03 5.000000e-01 5.000000e-01 1.515042e+00 -0.993280 0.002085 0.009883 0.969344 0.009883 0.002085 0.993280 -0.002113 -0.009978 -0.969099 -0.009978 -0.002113 0.000000 
5.000000e-01 5.000000e-01 4.999895e-03 5.000000e-01 5.000000e-01 1.515042e+00 -0.993280 0.002085 0.009883 0.969344 0.009883 0.002085 0.993280 -0.002113 -0.009978 -0.969099 -0.009978 -0.002113 0.000000 
5.000000e-01 5.000000e-01 4.999895e-03 5.000000e-01 5.000000e-01 1.515042e+00 -0.993280 0.002085 0.009883 0.969344 0.009883 0.002085 0.993280 -0.002113 -0.009978 -0.969099 -0.009978 -0.002113 0.000000 
5.000000e-01 5.000000e-01 4.999895e-03 5.000000e-01 5.000000e-01 1.515042e+00 -0.993280 0.002085 0.009883 0.969344 0.009883 0.002085 0.993280 -0.002113 -0.009978 -0.969099 -0.009978 -0.002113 0.000000 
5.000000e-01 5.000000e-01 4.999895e-03 5.000000e-01 5.000000e-01 1.515042e+00 -0.993280 0.002085 0.009883 0.969344 0.009883 0.002085 0.993280 -0.002113 -0.009978 -0.969099 -0.009978 -0.002113 0.000000 
5.000000e-01 5.000000e-01 4.999895e-03 5.000000e-01 5.000000e-01 1.515042e+00 -0.993280 0.002085 0.009883 0.969344 0.009883 0.002085 0.993280 -0.002113 -0.009978 -0.969099 -0.009978 -0.002113 0.000000 
5.000000e-01 5.000000e-01 4.999895e-03 5.000000e-01 5.000000e-01 1.515042e+00 -0.993280 0.002085 0.009883 0.969344 0.009883 0.002085 0.993280 -0.002113 -0.009978 -0.969099 -0.009978 -0.002113 0.000000 
5.000000e-01 5.000000e-01 4.999895e-03 5.000000e-01 5.000000e-01 1.515042e+00 -0.993280 0.002085 0.009883 0.969344 0.009883 0.002085 0.993280 -0.002113 -0.009978 -0.969099 -0.009978 -0.002113 0.000000 
5.000000e-01 5.000000e-01 4.999895e-03 5.000000e-01 5.000000e-01 1.515042e+00 -0.993280 0.002085 0.009883 0.969344 0.009883 0.002085 0.993280 -0.002113 -0.009978 -0.969099 -0.009978 -0.002113 0.000000 
5.000000e-01 5.000000e-01 4.999895e-03 5.000000e-01 5.000000e-01 1.515042e+00 -0.993280 0.002085 0.009883 0.969344 0.009883 0.002085 0.993280 -0.002113 -0.009978 -0.969099 -0.009978 -0.002113 0.000000 
5.000000e-01 5.000000e-01 4.999895e-03 5.000000e-01 5.000000e-01 1.515042e+00 -0.993280 0.002085 0.009883 0.969344 0.009883 0.002085 0.993280 -0.002113 -0.009978 -0.969099 -0.009978 -0.002113 0.000000 
5.000000e-01 5.000000e-01 4.999895e-03 5.000000e-01 5.000000e-01 1.515042e+00 -0.993280 0.002085 0.009883 0.969344 0.009883 0.002085 0.993280 -0.002113 -0.009978 -0.969099 -0.009978 -0.002113 0.000000 
5.000000e-01 5.000000e-01 4.999895e-03 5.000000e-01 5.000000e-01 1.515042e+00 -0.993280 0.002085 0.009883 0.969344 0.009883 0.002085 0.993280 -0.002113 -0.009978 -0.969099 -0.009978 -0.002113 0.000000 
5.000000e-01 5.000000e-01 4.999895e-03 5.000000e-01 5.000000e-01 1.515042e+00 -0.993280 0.002085 0.009883 0.969344 0.009883 0.002085 0.993280 -0.002113 -0.009978 -0.969099 -0.009978 -0.002113 0.000000 
5.000000e-01 5.000000e-01 4.999895e-03 5.000000e-01 5.000000e-01 1.515042e+00 -0.993280 0.002085 0.009883 0.969344 0.009883 0.002085 0.993280 -0.002113 -0.009978 -0.969099 -0.009978 -0.002113 0.000000 
5.000000e-01 5.000000e-01 4.999895e-03 5.000000e-01 5.000000e-01 1.515042e+00 -0.993280 0.002085 0.009883 0.969344 0.009883 0.002085 0.993280 -0.002113 -0.009978 -0.969099 -0.009978 -0.002113 0.000000 
5.000000e-01 5.000000e-01 4.999895e-03 5.000000e-01 5.000000e-01 1.515042e+00 -0.993280 0.002085 0.009883 0.969344 0.009883 0.002085 0.993280 -0.002113 -0.009978 -0.969099 -0.009978 -0.002113 0.000000 
5.000000e-01 5.000000e-01 4.999895e-03 5.000000e-01 5.000000e-01 1.515042e+00 -0.993280 0.002085 0.009883 0.969344 0.009883 0.002085 0.993280 -0.002113 -0.009978 -0.969099 -0.009978 -0.002113 0.000000 
5.000000e-01 5.000000e-01 4.999895e-03 5.000000e-01 5.000000e-01 1.515042e+00 -0.993280 0.002085 0.009883 0.969344 0.009883 0.002085 0.993280 -0.002113 -0.009978 -0.969099 -0.009978 -0.002113 0.000000 
5.000000e-01 5.000000e-01 4.999895e-03 5.000000e-01 5.000000e-01 1.515042e+00 -0.993280 0.002085 0.009883 0.969344 0.009883 0.002085 0.993280 -0.002113 -0.009978 -0.969099 -0.009978 -0.002113 0.000000 
5.000000e-01 5.000000e-01 4.999895e-03 5.000000e-01 5.000000e-01 1.515042e+00 -0.993280 0.002085 0.009883 0.969344 0.009883 0.002085 0.993280 -0.002113 -0.009978 -0.969099 -0.009978 -0.002113 0.000000 
5.000000e-01 5.000000e-01 4.999895e-03 5.000000e-01 5.000000e-01 1.515042e+00 -0.993280 0.002085 0.009883 0.969344 0.009883 0.002085 0.993280 -0.002113 -0.009978 -0.969099 -0.009978 -0.002113 0.000000 
5.000000e-01 5.000000e-01 4.999895e-03 5.000000e-01 5.000000e-01 1.515042e+00 -0.993280 0.002085 0.009883 0.969344 0.009883 0.002085 0.993280 -0.002113 -0.009978 -0.969099 -0.009978 -0.002113 0.000000 
5.000000e-01 5.000000e-01 4.999895e-03 5.000000e-01 5.000000e-01 1.515042e+00 -0.993280 0.002085 0.009883 0.969344 0.009883 0.002085 0.993280 -0.002113 -0.009978 -0.969099 -0.009978 -0.002113 0.000000 
5.000000e-01 5.000000e-01 4.999895e-03 5.000000e-01 5.000000e-01 1.515042e+00 -0.993280 0.002085 0.009883 0.969344 0.009883 0.002085 0.993280 -0.002113 -0.009978 -0.969099 -0.009978 -0.002113 0.000000 
5.000000e-01 5.000000e-01 4.999895e-03 5.000000e-01 5.000000e-01 1.515042e+00 -0.993280 0.002085 0.009883 0.969344 0.009883 0.002085 0.993280 -0.002113 -0.009978 -0.969099 -0.009978 -0.002113 0.000000 
5.000000e-01 5.000000e-01 4.999895e-03 5.000000e-01 5.000000e-01 1.515042e+00 -0.993280 0.002085 0.009883 0.969344 0.009883 0.002085 0.993280 -0.002113 -0.009978 -0.969099 -0.009978 -0.002113 0.000000 
5.000000e-01 5.000000e-01 4.999895e-03 5.000000e-01 5.000000e-01 1.515042e+00 -0.993280 0.002085 0.009883 0.969344 0.009883 0.002085 0.993280 -0.002113 -0.009978 -0.969099 -0.009978 -0.002113 0.000000 
5.000000e-01 5.000000e-01 4.999895e-03 5.000000e-01 5.000000e-01 1.515042e+00 -0.993280 0.002085 0.009883 0.969344 0.009883 0.002085 0.993280 -0.002113 -0.009978 -0.969099 -0.009978 -0.002113 0.000000 
5.000000e-01 5.000000e-01 4.999895e-03 5.000000e-01 5.000000e-01 1.515042e+00 -0.993280 0.002085 0.009883 0.969344 0.009883 0.002085 0.993280 -0.002113 -0.009978 -0.969099 -0.009978 -0.002113 0.000000 
5.000000e-01 5.000000e-01 4.999895e-03 5.000000e-01 5.000000e-01 1.515042e+00 -0.993280 0.002085 0.009883 0.969344 0.009883 0.002085 0.993280 -0.002113 -0.009978 -0.969099 -0.009978 -0.002113 0.000000 
5.000000e-01 5.000000e-01 4.999895e-03 5.000000e-01 5.000000e-01 1.515042e+00 -0.993280 0.002085 0.009883 0.969344 0.009883 0.002085 0.993280 -0.002113 -0.009978 -0.969099 -0.009978 -0.002113 0.000000 
5.000000e-01 5.000000e-01 4.999895e-03 5.000000e-01 5.000000e-01 1.515042e+00 -0.993280 0.002085 0.009883 0.969344 0.009883 0.002085 0.993280 -0.002113 -0.009978 -0.969099 -0.009978 -0.002113 0.000000 
5.000000e-01 5.000000e-01 4.999895e-03 5.000000e-01 5.000000e-01 1.515042e+00 -0.993280 0.002085 0.009883 0.969344 0.009883 0.002085 0.993280 -0.002113 -0.009978 -0.969099 -0.009978 -0.002113 0.000000 
5.000000e-01 5.000000e-01 4.999895e-03 5.000000e-01 5.000000e-01 1.515042e+00 -0.993280 0.002085 0.009883 0.969344 0.009883 0.002085 0.993280 -0.002113 -0.009978 -0.969099 -0.009978 -0.002113 0.000000 
5.000000e-01 5.000000e-01 4.999895e-03 5.000000e-01 5.000000e-01 1.515042e+00 -0.993280 0.002085 0.009883 0.969344 0.009883 0.002085 0.993280 -0.002113 -0.009978 -0.969099 -0.009978 -0.002113 0.000000 
5.000000e-01 5.000000e-01 4.999895e-03 5.000000e-01 5.000000e-01 1.515042e+00 -0.993280 0.002085 0.009883 0.969344 0.009883 0.002085 0.993280 -0.002113 -0.009978 -0.969099 -0.009978 -0.002113 0.000000 
5.000000e-01 5.000000e-01 4.999895e-03 5.000000e-01 5.000000e-01 1.515042e+00 -0.993280 0.002085 0.009883 0.969344 0.009883 0.002085 0.993280 -0.002113 -0.009978 -0.969099 -0.009978 -0.002113 0.000000 
5.000000e-01 5.000000e-01 4.999895e-03 5.000000e-01 5.000000e-01 1.515042e+00 -0.993280 0.002085 0.009883 0.969344 0.009883 0.002085 0.993280 -0.002113 -0.009978 -0.969099 -0.009978 -0.002113 0.000000 
5.000000e-01 5.000000e-01 4.999895e-03 5.000000e-01 5.000000e-01 1.515042e+00 -0.993280 0.002085 0.009883 0.969344 0.009883 0.002085 0.993280 -0.002113 -0.009978 -0.969099 -0.009978 -0.002113 0.000000 
5.000000e-01 5.000000e-01 4.999895e-03 5.000000e-01 5.000000e-01 1.515042e+00 -0.993280 0.002085 0.009883 0.969344 0.009883 0.002085 0.993280 -0.002113 -0.009978 -0.969099 -0.009978 -0.002113 0.000000 
5.000000e-01 5.000000e-01 4.999895e-03 5.000000e-01 5.000000e-01 1.515042e+00 -0.993280 0.002085 0.009883 0.969344 0.009883 0.002085 0.993280 -0.002113 -0.009978 -0.969099 -0.009978 -0.002113 0.000000 
5.000000e-01 5.000000e-01 4.999895e-03 5.000000e-01 5.000000e-01 1.515042e+00 -0.993280 0.002085 0.009883 0.969344 0.009883 0.002085 0.993280 -0.002113 -0.009978 -0.969099 -0.009978 -0.002113 0.000000 
5.000000e-01 5.000000e-01 4.999895e-03 5.000000e-01 5.000000e-01 1.515042e+00 -0.993280 0.002085 0.009883 0.969344 0.009883 0.002085 0.993280 -0.002113 -0.009978 -0.969099 -0.009978 -0.002113 0.000000 
5.000000e-01 5.000000e-01 4.999895e-03 5.000000e-01 5.000000e-01 1.515042e+00 -0.993280 0.002085 0.009883 0.969344 0.009883 0.002085 0.993280 -0.002113 -0.009978 -0.969099 -0.009978 -0.002113 0.000000 
5.000000e-01 5.000000e-01 4.999895e-03 5.000000e-01 5.000000e-01 1.515042e+00 -0.993280 0.002085 0.009883 0.969344 0.009883 0.002085 0.993280 -0.002113 -0.009978 -0.969099 -0.009978 -0.002113 0.000000 
5.000000e-01 5.000000e-01 4.999895e-03 5.000000e-01 5.000000e-01 1.515042e+00 -0.993280 0.002085 0.009883 0.969344 0.009883 0.002085 0.993280 -0.002113 -0.009978 -0.969099 -0.009978 -0.002113 0.000000 
5.000000e-01 5.000000e-01 4.999895e-03 5.000000e-01 5.000000e-01 1.515042e+00 -0.993280 0.002085 0.009883 0.969344 0.009883 0.002085 0.993280 -0.002113 -0.009978 -0.969099 -0.009978 -0.002113 0.000000 
