# TeX TeY TeZ ThX ThY THZ P1 P2
5.000000e-01 5.000000e-01 4.500000e-01 5.000000e-01 5.000000e-01 4.500000e-01 0.000000 0.000000 0.000000 0.000000 0.000000 0.000000 0.000000 0.000000 0.000000 0.000000 0.000000 0.000000 0.000000 
5.000000e-01 5.000000e-01 4.375123e-01 5.000000e-01 5.000000e-01 4.588229e-01 -0.013987 0.002506 0.002976 0.003023 0.002976 0.002506 0.013987 -0.000390 -0.003430 -0.006347 -0.003430 -0.000390 0.000000 
5.000000e-01 5.000000e-01 4.249895e-01 5.000000e-01 5.000000e-01 4.676355e-01 -0.027991 0.005015 0.005956 0.006049 0.005956 0.005015 0.027991 -0.000726 -0.006867 -0.012804 -0.006867 -0.000726 0.000000 
5.000000e-01 5.000000e-01 4.124319e-01 5.000000e-01 5.000000e-01 4.764379e-01 -0.042011 0.007528 0.008938 0.009078 0.008938 0.007528 0.042011 -0.000999 -0.010308 -0.019396 -0.010308 -0.000999 0.000000 
5.000000e-01 5.000000e-01 3.998396e-01 5.000000e-01 5.000000e-01 4.852300e-01 -0.056046 0.010044 0.011924 0.012109 0.011924 0.010044 0.056046 -0.001198 -0.013751 -0.026149 -0.013751 -0.001198 0.000000 
5.000000e-01 5.000000e-01 3.872130e-01 5.000000e-01 5.000000e-01 4.940116e-01 -0.070097 0.012564 0.014913 0.015143 0.014913 0.012564 0.070097 -0.001293 -0.017191 -0.033129 -0.017191 -0.001293 0.000000 
5.000000e-01 5.000000e-01 3.745525e-01 5.000000e-01 5.000000e-01 5.027826e-01 -0.084163 0.015086 0.017906 0.018180 0.017906 0.015086 0.084163 -0.001292 -0.020624 -0.040332 -0.020624 -0.001292 0.000000 
5.000000e-01 5.000000e-01 3.618582e-01 5.000000e-01 5.000000e-01 5.115430e-01 -0.098245 0.017611 0.020901 0.021221 0.020901 0.017611 0.098245 -0.001184 -0.024045 -0.047788 -0.024045 -0.001184 0.000000 
5.000000e-01 5.000000e-01 3.491305e-01 5.000000e-01 5.000000e-01 5.202927e-01 -0.112341 0.020138 0.023900 0.024265 0.023900 0.020138 0.112341 -0.000948 -0.027444 -0.055556 -0.027444 -0.000948 0.000000 
5.000000e-01 5.000000e-01 3.363696e-01 5.000000e-01 5.000000e-01 5.290316e-01 -0.126452 0.022667 0.026902 0.027313 0.026902 0.022667 0.126452 -0.000566 -0.030811 -0.063699 -0.030811 -0.000566 0.000000 
5.000000e-01 5.000000e-01 3.235758e-01 5.000000e-01 5.000000e-01 5.377595e-01 -0.140577 0.025199 0.029907 0.030365 0.029907 0.025199 0.140577 -0.000039 -0.034135 -0.072228 -0.034135 -0.000039 0.000000 
5.000000e-01 5.000000e-01 3.107494e-01 5.000000e-01 5.000000e-01 5.464765e-01 -0.154716 0.027732 0.032915 0.033421 0.032915 0.027732 0.154716 0.000646 -0.037406 -0.081196 -0.037406 0.000646 0.000000 
5.000000e-01 5.000000e-01 2.978906e-01 5.000000e-01 5.000000e-01 5.551823e-01 -0.168869 0.030266 0.035927 0.036481 0.035927 0.030266 0.168869 0.001527 -0.040593 -0.090736 -0.040593 0.001527 0.000000 
5.000000e-01 5.000000e-01 2.849997e-01 5.000000e-01 5.000000e-01 5.638770e-01 -0.183035 0.032803 0.038942 0.039546 0.038942 0.032803 0.183035 0.002603 -0.043680 -0.100882 -0.043680 0.002603 0.000000 
5.000000e-01 5.000000e-01 2.720768e-01 5.000000e-01 5.000000e-01 5.725603e-01 -0.197215 0.035340 0.041960 0.042615 0.041960 0.035340 0.197215 0.003878 -0.046644 -0.111684 -0.046644 0.003878 0.000000 
5.000000e-01 5.000000e-01 2.591224e-01 5.000000e-01 5.000000e-01 5.812323e-01 -0.211408 0.037878 0.044981 0.045689 0.044981 0.037878 0.211408 0.005377 -0.049443 -0.123276 -0.049443 0.005377 0.000000 
5.000000e-01 5.000000e-01 2.461365e-01 5.000000e-01 5.000000e-01 5.898928e-01 -0.225614 0.040418 0.048006 0.048767 0.048006 0.040418 0.225614 0.007133 -0.052019 -0.135842 -0.052019 0.007133 0.000000 
5.000000e-01 5.000000e-01 2.331195e-01 5.000000e-01 5.000000e-01 5.985416e-01 -0.239833 0.042957 0.051034 0.051851 0.051034 0.042957 0.239833 0.009123 -0.054342 -0.149396 -0.054342 0.009123 0.000000 
5.000000e-01 5.000000e-01 2.200714e-01 5.000000e-01 5.000000e-01 6.071788e-01 -0.254065 0.045497 0.054065 0.054941 0.054065 0.045497 0.254065 0.011365 -0.056357 -0.164080 -0.056357 0.011365 0.000000 
5.000000e-01 5.000000e-01 2.069925e-01 5.000000e-01 5.000000e-01 6.158041e-01 -0.268309 0.048038 0.057099 0.058036 0.057099 0.048038 0.268309 0.013918 -0.057913 -0.180321 -0.057913 0.013918 0.000000 
5.000000e-01 5.000000e-01 1.938828e-01 5.000000e-01 5.000000e-01 6.244175e-01 -0.282567 0.050578 0.060137 0.061136 0.060137 0.050578 0.282567 0.016745 -0.058978 -0.198101 -0.058978 0.016745 0.000000 
5.000000e-01 5.000000e-01 1.807425e-01 5.000000e-01 5.000000e-01 6.330189e-01 -0.296838 0.053118 0.063179 0.064243 0.063179 0.053118 0.296838 0.019853 -0.059453 -0.217638 -0.059453 0.019853 0.000000 
5.000000e-01 5.000000e-01 1.675714e-01 5.000000e-01 5.000000e-01 6.416082e-01 -0.311122 0.055659 0.066224 0.067357 0.066224 0.055659 0.311122 0.023291 -0.059086 -0.239531 -0.059086 0.023291 0.000000 
5.000000e-01 5.000000e-01 1.543695e-01 5.000000e-01 5.000000e-01 6.501852e-01 -0.325421 0.058199 0.069273 0.070477 0.069273 0.058199 0.325421 0.027034 -0.057774 -0.263941 -0.057774 0.027034 0.000000 
5.000000e-01 5.000000e-01 1.411365e-01 5.000000e-01 5.000000e-01 6.587499e-01 -0.339736 0.060739 0.072326 0.073605 0.072326 0.060739 0.339736 0.031068 -0.055366 -0.291139 -0.055366 0.031068 0.000000 
5.000000e-01 5.000000e-01 1.278717e-01 5.000000e-01 5.000000e-01 6.673021e-01 -0.354069 0.063279 0.075385 0.076742 0.075385 0.063279 0.354069 0.035432 -0.051457 -0.322019 -0.051457 0.035432 0.000000 
5.000000e-01 5.000000e-01 1.145745e-01 5.000000e-01 5.000000e-01 6.758417e-01 -0.368424 0.065820 0.078449 0.079887 0.078449 0.065820 0.368423 0.040105 -0.045825 -0.356983 -0.045825 0.040105 0.000000 
5.000000e-01 5.000000e-01 1.012436e-01 5.000000e-01 5.000000e-01 6.843686e-01 -0.382802 0.068361 0.081519 0.083043 0.081519 0.068361 0.382802 0.045060 -0.038281 -0.396360 -0.038281 0.045060 0.000000 
5.000000e-01 5.000000e-01 8.787721e-02 5.000000e-01 5.000000e-01 6.928827e-01 -0.397212 0.070904 0.084596 0.086211 0.084596 0.070904 0.397212 0.050320 -0.028207 -0.441438 -0.028207 0.050320 0.000000 
5.000000e-01 5.000000e-01 7.447344e-02 5.000000e-01 5.000000e-01 7.013838e-01 -0.411660 0.073450 0.087684 0.089392 0.087684 0.073450 0.411660 0.055858 -0.015350 -0.492677 -0.015350 0.055858 0.000000 
5.000000e-01 5.000000e-01 6.102983e-02 5.000000e-01 5.000000e-01 7.098719e-01 -0.426153 0.076001 0.090781 0.092589 0.090781 0.076001 0.426153 0.061638 0.000387 -0.550204 0.000387 0.061638 0.000000 
5.000000e-01 5.000000e-01 4.754425e-02 5.000000e-01 5.000000e-01 7.183468e-01 -0.440702 0.078556 0.093893 0.095805 0.093893 0.078556 0.440701 0.067667 0.019611 -0.615258 0.019611 0.067667 0.000000 
5.000000e-01 5.000000e-01 3.401558e-02 5.000000e-01 5.000000e-01 7.268083e-01 -0.455309 0.081116 0.097018 0.099040 0.097018 0.081116 0.455309 0.073899 0.042025 -0.687157 0.042025 0.073899 0.000000 
5.000000e-01 5.000000e-01 2.044493e-02 5.000000e-01 5.000000e-01 7.352565e-01 -0.469971 0.083682 0.100156 0.102293 0.100156 0.083682 0.469971 0.080286 0.067102 -0.764747 0.067102 0.080286 0.000000 
5.000000e-01 5.000000e-01 6.838132e-03 5.000000e-01 5.000000e-01 7.436911e-01 -0.484680 0.086252 0.103306 0.105564 0.103306 0.086252 0.484680 0.086794 0.094350 -0.846967 0.094350 0.086794 0.000000 
5.000000e-01 5.000000e-01 4.999834e-03 5.000000e-01 5.000000e-01 7.521119e-01 -0.491448 0.087371 0.104775 0.107157 0.104775 0.087371 0.491448 0.086920 0.097067 -0.859423 0.097067 0.086920 0.000000 
5.000000e-01 5.000000e-01 4.999834e-03 5.000000e-01 5.000000e-01 7.605190e-01 -0.496967 0.088257 0.105980 0.108491 0.105980 0.088257 0.496967 0.086040 0.095860 -0.860767 0.095860 0.086040 0.000000 
5.000000e-01 5.000000e-01 4.999834e-03 5.000000e-01 5.000000e-01 7.689121e-01 -0.502477 0.089135 0.107186 0.109834 0.107186 0.089135 0.502476 0.085155 0.094656 -0.862099 0.094656 0.085155 0.000000 
5.000000e-01 5.000000e-01 4.999834e-03 5.000000e-01 5.000000e-01 7.772911e-01 -0.507977 0.090004 0.108392 0.111185 0.108392 0.090004 0.507977 0.084265 0.093456 -0.863420 0.093456 0.084265 0.000000 
5.000000e-01 5.000000e-01 4.999834e-03 5.000000e-01 5.000000e-01 7.856558e-01 -0.513468 0.090864 0.109598 0.112543 0.109598 0.090864 0.513468 0.083371 0.092260 -0.864731 0.092260 0.083371 0.000000 
5.000000e-01 5.000000e-01 4.999834e-03 5.000000e-01 5.000000e-01 7.940062e-01 -0.518950 0.091716 0.110804 0.113909 0.110804 0.091716 0.518949 0.082473 0.091068 -0.866032 0.091068 0.082473 0.000000 
5.000000e-01 5.000000e-01 4.999834e-03 5.000000e-01 5.000000e-01 8.023421e-01 -0.524422 0.092559 0.112010 0.115284 0.112010 0.092559 0.524421 0.081572 0.089879 -0.867324 0.089879 0.081572 0.000000 
5.000000e-01 5.000000e-01 4.999834e-03 5.000000e-01 5.000000e-01 8.106633e-01 -0.529884 0.093392 0.113216 0.116668 0.113216 0.093392 0.529884 0.080667 0.088694 -0.868607 0.088694 0.080667 0.000000 
5.000000e-01 5.000000e-01 4.999834e-03 5.000000e-01 5.000000e-01 8.189697e-01 -0.535337 0.094214 0.114423 0.118062 0.114423 0.094214 0.535337 0.079759 0.087512 -0.869880 0.087512 0.079759 0.000000 
5.000000e-01 5.000000e-01 4.999834e-03 5.000000e-01 5.000000e-01 8.272611e-01 -0.540780 0.095025 0.115630 0.119469 0.115630 0.095025 0.540780 0.078848 0.086334 -0.871145 0.086334 0.078848 0.000000 
5.000000e-01 5.000000e-01 4.999834e-03 5.000000e-01 5.000000e-01 8.355375e-01 -0.546213 0.095825 0.116838 0.120886 0.116838 0.095825 0.546212 0.077935 0.085160 -0.872402 0.085160 0.077935 0.000000 
5.000000e-01 5.000000e-01 4.999834e-03 5.000000e-01 5.000000e-01 8.437986e-01 -0.551636 0.096614 0.118046 0.122314 0.118046 0.096614 0.551635 0.077020 0.083988 -0.873652 0.083988 0.077020 0.000000 
5.000000e-01 5.000000e-01 4.999834e-03 5.000000e-01 5.000000e-01 8.520443e-01 -0.557048 0.097392 0.119255 0.123755 0.119255 0.097392 0.557048 0.076103 0.082820 -0.874894 0.082820 0.076103 0.000000 
5.000000e-01 5.000000e-01 4.999834e-03 5.000000e-01 5.000000e-01 8.602744e-01 -0.562451 0.098158 0.120464 0.125207 0.120464 0.098158 0.562451 0.075184 0.081655 -0.876129 0.081655 0.075184 0.000000 
5.000000e-01 5.000000e-01 4.999834e-03 5.000000e-01 5.000000e-01 8.684888e-01 -0.567843 0.098908 0.121675 0.126677 0.121675 0.098908 0.567843 0.074263 0.080494 -0.877357 0.080494 0.074263 0.000000 
5.000000e-01 5.000000e-01 4.999834e-03 5.000000e-01 5.000000e-01 8.766874e-01 -0.573225 0.099645 0.122886 0.128162 0.122886 0.099645 0.573225 0.073341 0.079335 -0.878578 0.079335 0.073341 0.000000 
5.000000e-01 5.000000e-01 4.999834e-03 5.000000e-01 5.000000e-01 8.848698e-01 -0.578596 0.100368 0.124099 0.129662 0.124099 0.100368 0.578596 0.072418 0.078180 -0.879792 0.078180 0.072418 0.000000 
5.000000e-01 5.000000e-01 4.999834e-03 5.000000e-01 5.000000e-01 8.930361e-01 -0.583957 0.101077 0.125312 0.131178 0.125312 0.101077 0.583957 0.071494 0.077028 -0.881001 0.077028 0.071494 0.000000 
5.000000e-01 5.000000e-01 4.999834e-03 5.000000e-01 5.000000e-01 9.011860e-01 -0.589307 0.101772 0.126526 0.132710 0.126526 0.101772 0.589307 0.070569 0.075879 -0.882204 0.075879 0.070569 0.000000 
5.000000e-01 5.000000e-01 4.999834e-03 5.000000e-01 5.000000e-01 9.093194e-01 -0.594646 0.102450 0.127742 0.134262 0.127742 0.102450 0.594646 0.069644 0.074733 -0.883400 0.074733 0.069644 0.000000 
5.000000e-01 5.000000e-01 4.999834e-03 5.000000e-01 5.000000e-01 9.174360e-01 -0.599974 0.103109 0.128959 0.135837 0.128959 0.103109 0.599974 0.068717 0.073591 -0.884590 0.073591 0.068717 0.000000 
5.000000e-01 5.000000e-01 4.999834e-03 5.000000e-01 5.000000e-01 9.255357e-01 -0.605291 0.103752 0.130178 0.137432 0.130178 0.103752 0.605291 0.067791 0.072451 -0.885775 0.072451 0.067791 0.000000 
5.000000e-01 5.000000e-01 4.999834e-03 5.000000e-01 5.000000e-01 9.336184e-01 -0.610596 0.104377 0.131398 0.139047 0.131398 0.104377 0.610596 0.066865 0.071315 -0.886955 0.071315 0.066865 0.000000 
5.000000e-01 5.000000e-01 4.999834e-03 5.000000e-01 5.000000e-01 9.416838e-01 -0.615891 0.104984 0.132619 0.140684 0.132619 0.104984 0.615891 0.065938 0.070181 -0.888130 0.070181 0.065938 0.000000 
5.000000e-01 5.000000e-01 4.999834e-03 5.000000e-01 5.000000e-01 9.497317e-01 -0.621173 0.105572 0.133841 0.142345 0.133841 0.105572 0.621173 0.065012 0.069051 -0.889299 0.069051 0.065012 0.000000 
5.000000e-01 5.000000e-01 4.999834e-03 5.000000e-01 5.000000e-01 9.577621e-01 -0.626445 0.106136 0.135067 0.144038 0.135067 0.106136 0.626445 0.064086 0.067923 -0.890463 0.067923 0.064086 0.000000 
5.000000e-01 5.000000e-01 4.999834e-03 5.000000e-01 5.000000e-01 9.657746e-01 -0.631704 0.106680 0.136293 0.145757 0.136293 0.106680 0.631704 0.063160 0.066799 -0.891622 0.066799 0.063160 0.000000 
5.000000e-01 5.000000e-01 4.999834e-03 5.000000e-01 5.000000e-01 9.737691e-01 -0.636952 0.107203 0.137522 0.147503 0.137522 0.107203 0.636952 0.062234 0.065678 -0.892777 0.065678 0.062234 0.000000 
5.000000e-01 5.000000e-01 4.999834e-03 5.000000e-01 5.000000e-01 9.817454e-01 -0.642188 0.107704 0.138751 0.149277 0.138751 0.107704 0.642188 0.061310 0.064560 -0.893926 0.064560 0.061310 0.000000 
5.000000e-01 5.000000e-01 4.999834e-03 5.000000e-01 5.000000e-01 9.897034e-01 -0.647411 0.108182 0.139983 0.151082 0.139983 0.108182 0.647411 0.060386 0.063444 -0.895072 0.063444 0.060386 0.000000 
5.000000e-01 5.000000e-01 4.999834e-03 5.000000e-01 5.000000e-01 9.976427e-01 -0.652623 0.108629 0.141217 0.152930 0.141217 0.108629 0.652623 0.059462 0.062332 -0.896212 0.062332 0.059462 0.000000 
5.000000e-01 5.000000e-01 4.999834e-03 5.000000e-01 5.000000e-01 1.005563e+00 -0.657822 0.109053 0.142452 0.154811 0.142452 0.109053 0.657822 0.058540 0.061223 -0.897348 0.061223 0.058540 0.000000 
5.000000e-01 5.000000e-01 4.999834e-03 5.000000e-01 5.000000e-01 1.013465e+00 -0.663008 0.109451 0.143690 0.156727 0.143690 0.109451 0.663008 0.057618 0.060117 -0.898480 0.060117 0.057618 0.000000 
5.000000e-01 5.000000e-01 4.999834e-03 5.000000e-01 5.000000e-01 1.021347e+00 -0.668182 0.109823 0.144928 0.158680 0.144928 0.109823 0.668182 0.056698 0.059014 -0.899607 0.059014 0.056698 0.000000 
5.000000e-01 5.000000e-01 4.999834e-03 5.000000e-01 5.000000e-01 1.029210e+00 -0.673343 0.110165 0.146168 0.160676 0.146168 0.110165 0.673343 0.055779 0.057914 -0.900730 0.057914 0.055779 0.000000 
5.000000e-01 5.000000e-01 4.999834e-03 5.000000e-01 5.000000e-01 1.037053e+00 -0.678491 0.110472 0.147411 0.162725 0.147411 0.110472 0.678491 0.054861 0.056817 -0.901849 0.056817 0.054861 0.000000 
5.000000e-01 5.000000e-01 4.999834e-03 5.000000e-01 5.000000e-01 1.044876e+00 -0.683626 0.110750 0.148654 0.164817 0.148654 0.110750 0.683626 0.053945 0.055724 -0.902963 0.055724 0.053945 0.000000 
5.000000e-01 5.000000e-01 4.999834e-03 5.000000e-01 5.000000e-01 1.052680e+00 -0.688748 0.110998 0.149898 0.166955 0.149898 0.110998 0.688748 0.053030 0.054633 -0.904074 0.054633 0.053030 0.000000 
5.000000e-01 5.000000e-01 4.999834e-03 5.000000e-01 5.000000e-01 1.060463e+00 -0.693857 0.111216 0.151143 0.169139 0.151143 0.111216 0.693856 0.052116 0.053546 -0.905180 0.053546 0.052116 0.000000 
5.000000e-01 5.000000e-01 4.999834e-03 5.000000e-01 5.000000e-01 1.068225e+00 -0.698951 0.111391 0.152389 0.171391 0.152389 0.111391 0.698951 0.051204 0.052461 -0.906283 0.052461 0.051204 0.000000 
5.000000e-01 5.000000e-01 4.999834e-03 5.000000e-01 5.000000e-01 1.075967e+00 -0.704033 0.111530 0.153636 0.173701 0.153636 0.111530 0.704033 0.050294 0.051380 -0.907381 0.051380 0.050294 0.000000 
5.000000e-01 5.000000e-01 4.999834e-03 5.000000e-01 5.000000e-01 1.083687e+00 -0.709100 0.111634 0.154882 0.176068 0.154882 0.111634 0.709100 0.049385 0.050302 -0.908475 0.050302 0.049385 0.000000 
5.000000e-01 5.000000e-01 4.999834e-03 5.000000e-01 5.000000e-01 1.091387e+00 -0.714154 0.111703 0.156127 0.178492 0.156127 0.111703 0.714153 0.048479 0.049227 -0.909565 0.049227 0.048479 0.000000 
5.000000e-01 5.000000e-01 4.999834e-03 5.000000e-01 5.000000e-01 1.099064e+00 -0.719193 0.111730 0.157372 0.180989 0.157372 0.111730 0.719193 0.047574 0.048156 -0.910652 0.048156 0.047574 0.000000 
5.000000e-01 5.000000e-01 4.999834e-03 5.000000e-01 5.000000e-01 1.106720e+00 -0.724218 0.111709 0.158615 0.183570 0.158615 0.111709 0.724218 0.046671 0.047087 -0.911734 0.047087 0.046671 0.000000 
5.000000e-01 5.000000e-01 4.999834e-03 5.000000e-01 5.000000e-01 1.114354e+00 -0.729228 0.111648 0.159856 0.186221 0.159856 0.111648 0.729228 0.045770 0.046022 -0.912812 0.046022 0.045770 0.000000 
5.000000e-01 5.000000e-01 4.999834e-03 5.000000e-01 5.000000e-01 1.121966e+00 -0.734224 0.111548 0.161093 0.188943 0.161093 0.111548 0.734224 0.044871 0.044961 -0.913887 0.044961 0.044871 0.000000 
5.000000e-01 5.000000e-01 4.999834e-03 5.000000e-01 5.000000e-01 1.129555e+00 -0.739205 0.111403 0.162326 0.191746 0.162326 0.111403 0.739205 0.043974 0.043902 -0.914958 0.043902 0.043974 0.000000 
5.000000e-01 5.000000e-01 4.999834e-03 5.000000e-01 5.000000e-01 1.137122e+00 -0.744171 0.111199 0.163554 0.194663 0.163554 0.111199 0.744171 0.043079 0.042847 -0.916024 0.042847 0.043079 0.000000 
5.000000e-01 5.000000e-01 4.999834e-03 5.000000e-01 5.000000e-01 1.144665e+00 -0.749121 0.110951 0.164776 0.197667 0.164776 0.110951 0.749121 0.042187 0.041795 -0.917087 0.041795 0.042187 0.000000 
5.000000e-01 5.000000e-01 4.999834e-03 5.000000e-01 5.000000e-01 1.152185e+00 -0.754057 0.110658 0.165991 0.200758 0.165991 0.110658 0.754057 0.041297 0.040747 -0.918146 0.040747 0.041297 0.000000 
5.000000e-01 5.000000e-01 4.999834e-03 5.000000e-01 5.000000e-01 1.159682e+00 -0.758977 0.110317 0.167197 0.203947 0.167197 0.110317 0.758977 0.040410 0.039702 -0.919201 0.039702 0.040410 0.000000 
5.000000e-01 5.000000e-01 4.999834e-03 5.000000e-01 5.000000e-01 1.167154e+00 -0.763881 0.109908 0.168391 0.207284 0.168391 0.109908 0.763881 0.039524 0.038661 -0.920251 0.038661 0.039524 0.000000 
5.000000e-01 5.000000e-01 4.999834e-03 5.000000e-01 5.000000e-01 1.174603e+00 -0.768769 0.109449 0.169572 0.210726 0.169572 0.109449 0.768769 0.038642 0.037623 -0.921298 0.037623 0.038642 0.000000 
5.000000e-01 5.000000e-01 4.999834e-03 5.000000e-01 5.000000e-01 1.182027e+00 -0.773641 0.108942 0.170740 0.214277 0.170740 0.108942 0.773641 0.037761 0.036589 -0.922341 0.036589 0.037761 0.000000 
5.000000e-01 5.000000e-01 4.999834e-03 5.000000e-01 5.000000e-01 1.189426e+00 -0.778496 0.108378 0.171892 0.217956 0.171892 0.108378 0.778496 0.036884 0.035558 -0.923381 0.035558 0.036884 0.000000 
5.000000e-01 5.000000e-01 4.999834e-03 5.000000e-01 5.000000e-01 1.196800e+00 -0.783336 0.107739 0.173021 0.221815 0.173021 0.107739 0.783336 0.036009 0.034531 -0.924416 0.034531 0.036009 0.000000 
5.000000e-01 5.000000e-01 4.999834e-03 5.000000e-01 5.000000e-01 1.204148e+00 -0.788158 0.107048 0.174128 0.225805 0.174128 0.107048 0.788158 0.035137 0.033507 -0.925447 0.033507 0.035137 0.000000 
5.000000e-01 5.000000e-01 4.999834e-03 5.000000e-01 5.000000e-01 1.211471e+00 -0.792964 0.106303 0.175214 0.229930 0.175214 0.106303 0.792964 0.034267 0.032488 -0.926474 0.032488 0.034267 0.000000 
5.000000e-01 5.000000e-01 4.999834e-03 5.000000e-01 5.000000e-01 1.218768e+00 -0.797752 0.105489 0.176269 0.234237 0.176269 0.105489 0.797752 0.033401 0.031472 -0.927497 0.031472 0.033401 0.000000 
5.000000e-01 5.000000e-01 4.999834e-03 5.000000e-01 5.000000e-01 1.226039e+00 -0.802523 0.104600 0.177286 0.238752 0.177286 0.104600 0.802523 0.032537 0.030459 -0.928516 0.030459 0.032537 0.000000 
5.000000e-01 5.000000e-01 4.999834e-03 5.000000e-01 5.000000e-01 1.233283e+00 -0.807277 0.103655 0.178269 0.243428 0.178269 0.103655 0.807277 0.031676 0.029451 -0.929531 0.029451 0.031676 0.000000 
5.000000e-01 5.000000e-01 4.999834e-03 5.000000e-01 5.000000e-01 1.240500e+00 -0.812013 0.102653 0.179218 0.248269 0.179218 0.102653 0.812013 0.030818 0.028446 -0.930542 0.028446 0.030818 0.000000 
5.000000e-01 5.000000e-01 4.999834e-03 5.000000e-01 5.000000e-01 1.247690e+00 -0.816731 0.101562 0.180108 0.253390 0.180108 0.101562 0.816730 0.029964 0.027445 -0.931548 0.027445 0.029964 0.000000 
5.000000e-01 5.000000e-01 4.999834e-03 5.000000e-01 5.000000e-01 1.254852e+00 -0.821430 0.100405 0.180945 0.258729 0.180945 0.100405 0.821430 0.029112 0.026448 -0.932551 0.026448 0.029112 0.000000 
5.000000e-01 5.000000e-01 4.999834e-03 5.000000e-01 5.000000e-01 1.261986e+00 -0.826111 0.099190 0.181733 0.264267 0.181733 0.099190 0.826111 0.028263 0.025455 -0.933549 0.025455 0.028263 0.000000 
5.000000e-01 5.000000e-01 4.999834e-03 5.000000e-01 5.000000e-01 1.269091e+00 -0.830774 0.097902 0.182455 0.270059 0.182455 0.097902 0.830774 0.027418 0.024467 -0.934543 0.024467 0.027418 0.000000 
5.000000e-01 5.000000e-01 4.999834e-03 5.000000e-01 5.000000e-01 1.276168e+00 -0.835418 0.096524 0.183086 0.276196 0.183086 0.096524 0.835418 0.026576 0.023482 -0.935533 0.023482 0.026576 0.000000 
5.000000e-01 5.000000e-01 4.999834e-03 5.000000e-01 5.000000e-01 1.283216e+00 -0.840043 0.095087 0.183648 0.282573 0.183648 0.095087 0.840043 0.025737 0.022501 -0.936518 0.022501 0.025737 0.000000 
5.000000e-01 5.000000e-01 4.999834e-03 5.000000e-01 5.000000e-01 1.290235e+00 -0.844648 0.093591 0.184137 0.289193 0.184137 0.093591 0.844648 0.024901 0.021524 -0.937500 0.021524 0.024901 0.000000 
5.000000e-01 5.000000e-01 4.999834e-03 5.000000e-01 5.000000e-01 1.297223e+00 -0.849234 0.091990 0.184488 0.296278 0.184488 0.091990 0.849234 0.024069 0.020552 -0.938476 0.020552 0.024069 0.000000 
5.000000e-01 5.000000e-01 4.999834e-03 5.000000e-01 5.000000e-01 1.304182e+00 -0.853800 0.090326 0.184738 0.303671 0.184738 0.090326 0.853800 0.023240 0.019584 -0.939449 0.019584 0.023240 0.000000 
5.000000e-01 5.000000e-01 4.999834e-03 5.000000e-01 5.000000e-01 1.311110e+00 -0.858346 0.088604 0.184891 0.311356 0.184891 0.088604 0.858346 0.022415 0.018620 -0.940417 0.018620 0.022415 0.000000 
5.000000e-01 5.000000e-01 4.999834e-03 5.000000e-01 5.000000e-01 1.318006e+00 -0.862872 0.086790 0.184881 0.319530 0.184881 0.086790 0.862872 0.021594 0.017660 -0.941380 0.017660 0.021594 0.000000 
5.000000e-01 5.000000e-01 4.999834e-03 5.000000e-01 5.000000e-01 1.324872e+00 -0.867378 0.084899 0.184712 0.328156 0.184712 0.084899 0.867378 0.020776 0.016705 -0.942339 0.016705 0.020776 0.000000 
5.000000e-01 5.000000e-01 4.999834e-03 5.000000e-01 5.000000e-01 1.331706e+00 -0.871863 0.082952 0.184413 0.337133 0.184413 0.082952 0.871863 0.019961 0.015754 -0.943294 0.015754 0.019961 0.000000 
5.000000e-01 5.000000e-01 4.999834e-03 5.000000e-01 5.000000e-01 1.338508e+00 -0.876328 0.080924 0.183919 0.346641 0.183919 0.080924 0.876328 0.019150 0.014808 -0.944244 0.014808 0.019150 0.000000 
5.000000e-01 5.000000e-01 4.999834e-03 5.000000e-01 5.000000e-01 1.345277e+00 -0.880771 0.078811 0.183191 0.356766 0.183191 0.078811 0.880771 0.018343 0.013866 -0.945189 0.013866 0.018343 0.000000 
5.000000e-01 5.000000e-01 4.999834e-03 5.000000e-01 5.000000e-01 1.352013e+00 -0.885193 0.076646 0.182295 0.367311 0.182295 0.076646 0.885193 0.017540 0.012929 -0.946130 0.012929 0.017540 0.000000 
5.000000e-01 5.000000e-01 4.999834e-03 5.000000e-01 5.000000e-01 1.358716e+00 -0.889594 0.074407 0.181158 0.378465 0.181158 0.074407 0.889594 0.016740 0.011996 -0.947066 0.011996 0.016740 0.000000 
5.000000e-01 5.000000e-01 4.999834e-03 5.000000e-01 5.000000e-01 1.365385e+00 -0.893974 0.072082 0.179700 0.390409 0.179700 0.072082 0.893974 0.015944 0.011067 -0.947998 0.011067 0.015944 0.000000 
5.000000e-01 5.000000e-01 4.999834e-03 5.000000e-01 5.000000e-01 1.372021e+00 -0.898332 0.069710 0.178030 0.402851 0.178030 0.069710 0.898332 0.015153 0.010144 -0.948924 0.010144 0.015153 0.000000 
5.000000e-01 5.000000e-01 4.999834e-03 5.000000e-01 5.000000e-01 1.378622e+00 -0.902669 0.067268 0.176047 0.416038 0.176047 0.067268 0.902669 0.014364 0.009224 -0.949846 0.009224 0.014364 0.000000 
5.000000e-01 5.000000e-01 4.999834e-03 5.000000e-01 5.000000e-01 1.385188e+00 -0.906984 0.064748 0.173654 0.430180 0.173654 0.064748 0.906984 0.013580 0.008310 -0.950764 0.008310 0.013580 0.000000 
5.000000e-01 5.000000e-01 4.999834e-03 5.000000e-01 5.000000e-01 1.391718e+00 -0.911277 0.062187 0.171003 0.444898 0.171003 0.062187 0.911277 0.012800 0.007400 -0.951677 0.007400 0.012800 0.000000 
5.000000e-01 5.000000e-01 4.999834e-03 5.000000e-01 5.000000e-01 1.398214e+00 -0.915549 0.059557 0.167921 0.460594 0.167921 0.059557 0.915549 0.012023 0.006495 -0.952585 0.006495 0.012023 0.000000 
5.000000e-01 5.000000e-01 4.999834e-03 5.000000e-01 5.000000e-01 1.404673e+00 -0.919800 0.056861 0.164361 0.477356 0.164361 0.056861 0.919800 0.011251 0.005594 -0.953488 0.005594 0.011251 0.000000 
5.000000e-01 5.000000e-01 4.999834e-03 5.000000e-01 5.000000e-01 1.411096e+00 -0.924029 0.054133 0.160500 0.494762 0.160500 0.054133 0.924028 0.010482 0.004697 -0.954387 0.004697 0.010482 0.000000 
5.000000e-01 5.000000e-01 4.999834e-03 5.000000e-01 5.000000e-01 1.417483e+00 -0.928237 0.051333 0.156025 0.513521 0.156025 0.051333 0.928237 0.009717 0.003806 -0.955281 0.003806 0.009717 0.000000 
5.000000e-01 5.000000e-01 4.999834e-03 5.000000e-01 5.000000e-01 1.423833e+00 -0.932425 0.048489 0.151059 0.533329 0.151059 0.048489 0.932425 0.008955 0.002918 -0.956171 0.002918 0.008955 0.000000 
5.000000e-01 5.000000e-01 4.999834e-03 5.000000e-01 5.000000e-01 1.430146e+00 -0.936590 0.045619 0.145763 0.553826 0.145763 0.045619 0.936590 0.008198 0.002035 -0.957056 0.002035 0.008198 0.000000 
5.000000e-01 5.000000e-01 4.999834e-03 5.000000e-01 5.000000e-01 1.436421e+00 -0.940739 0.042673 0.139584 0.576224 0.139584 0.042673 0.940739 0.007443 0.001156 -0.957938 0.001156 0.007443 0.000000 
5.000000e-01 5.000000e-01 4.999834e-03 5.000000e-01 5.000000e-01 1.442660e+00 -0.944866 0.039707 0.133010 0.599432 0.133010 0.039707 0.944866 0.006693 0.000282 -0.958815 0.000282 0.006693 0.000000 
5.000000e-01 5.000000e-01 4.999834e-03 5.000000e-01 5.000000e-01 1.448860e+00 -0.948973 0.036709 0.125897 0.623761 0.125897 0.036709 0.948973 0.005946 -0.000589 -0.959687 -0.000589 0.005946 0.000000 
5.000000e-01 5.000000e-01 4.999834e-03 5.000000e-01 5.000000e-01 1.455023e+00 -0.953064 0.033662 0.117960 0.649820 0.117960 0.033662 0.953064 0.005202 -0.001456 -0.960557 -0.001456 0.005202 0.000000 
5.000000e-01 5.000000e-01 4.999834e-03 5.000000e-01 5.000000e-01 1.461148e+00 -0.957134 0.030605 0.109672 0.676581 0.109672 0.030605 0.957134 0.004462 -0.002318 -0.961421 -0.002318 0.004462 0.000000 
5.000000e-01 5.000000e-01 4.999834e-03 5.000000e-01 5.000000e-01 1.467235e+00 -0.961188 0.027506 0.100554 0.705068 0.100554 0.027506 0.961188 0.003724 -0.003177 -0.962282 -0.003177 0.003724 0.000000 
5.000000e-01 5.000000e-01 4.999834e-03 5.000000e-01 5.000000e-01 1.473283e+00 -0.965224 0.024392 0.090914 0.734612 0.090914 0.024392 0.965224 0.002990 -0.004032 -0.963140 -0.004032 0.002990 0.000000 
5.000000e-01 5.000000e-01 4.999834e-03 5.000000e-01 5.000000e-01 1.479293e+00 -0.969239 0.021268 0.080851 0.765001 0.080851 0.021268 0.969239 0.002260 -0.004883 -0.963993 -0.004883 0.002260 0.000000 
5.000000e-01 5.000000e-01 4.999834e-03 5.000000e-01 5.000000e-01 1.485263e+00 -0.973240 0.018116 0.069988 0.797031 0.069988 0.018116 0.973240 0.001532 -0.005731 -0.964842 -0.005731 0.001532 0.000000 
5.000000e-01 5.000000e-01 4.999834e-03 5.000000e-01 5.000000e-01 1.491193e+00 -0.977218 0.014970 0.058915 0.829448 0.058915 0.014970 0.977218 0.000809 -0.006574 -0.965687 -0.006574 0.000809 0.000000 
5.000000e-01 5.000000e-01 4.999834e-03 5.000000e-01 5.000000e-01 1.497083e+00 -0.981178 0.011810 0.047258 0.863042 0.047258 0.011810 0.981178 0.000089 -0.007413 -0.966529 -0.007413 0.000089 0.000000 
5.000000e-01 5.000000e-01 4.999834e-03 5.000000e-01 5.000000e-01 1.502931e+00 -0.985114 0.008658 0.035380 0.897038 0.035380 0.008658 0.985114 -0.000627 -0.008247 -0.967365 -0.008247 -0.000627 0.000000 
5.000000e-01 5.000000e-01 4.999834e-03 5.000000e-01 5.000000e-01 1.508736e+00 -0.989027 0.005514 0.023292 0.931416 0.023292 0.005514 0.989027 -0.001339 -0.009076 -0.968196 -0.009076 -0.001339 0.000000 
5.000000e-01 5.000000e-01 4.999834e-03 5.000000e-01 5.000000e-01 1.514517e+00 -0.992926 0.002371 0.011005 0.966174 0.011005 0.002371 0.992926 -0.002048 -0.009903 -0.969024 -0.009903 -0.002048 0.000000 
5.000000e-01 5.000000e-01 4.999834e-03 5.000000e-01 5.000000e-01 1.515009e+00 -0.993258 0.002103 0.009953 0.969147 0.009953 0.002103 0.993258 -0.002109 -0.009973 -0.969095 -0.009973 -0.002109 0.000000 
5.000000e-01 5.000000e-01 4.999834e-03 5.000000e-01 5.000000e-01 1.515009e+00 -0.993258 0.002103 0.009953 0.969147 0.009953 0.002103 0.993258 -0.002109 -0.009973 -0.969095 -0.009973 -0.002109 0.000000 
5.000000e-01 5.000000e-01 4.999834e-03 5.000000e-01 5.000000e-01 1.515009e+00 -0.993258 0.002103 0.009953 0.969147 0.009953 0.002103 0.993258 -0.002109 -0.009973 -0.969095 -0.009973 -0.002109 0.000000 
5.000000e-01 5.000000e-01 4.999834e-03 5.000000e-01 5.000000e-01 1.515009e+00 -0.993258 0.002103 0.009953 0.969147 0.009953 0.002103 0.993258 -0.002109 -0.009973 -0.969095 -0.009973 -0.002109 0.000000 
5.000000e-01 5.000000e-01 4.999834e-03 5.000000e-01 5.000000e-01 1.515009e+00 -0.993258 0.002103 0.009953 0.969147 0.009953 0.002103 0.993258 -0.002109 -0.009973 -0.969095 -0.009973 -0.002109 0.000000 
5.000000e-01 5.000000e-01 4.999834e-03 5.000000e-01 5.000000e-01 1.515009e+00 -0.993258 0.002103 0.009953 0.969147 0.009953 0.002103 0.993258 -0.002109 -0.009973 -0.969095 -0.009973 -0.002109 0.000000 
5.000000e-01 5.000000e-01 4.999834e-03 5.000000e-01 5.000000e-01 1.515009e+00 -0.993258 0.002103 0.009953 0.969147 0.009953 0.002103 0.993258 -0.002109 -0.009973 -0.969095 -0.009973 -0.002109 0.000000 
5.000000e-01 5.000000e-01 4.999834e-03 5.000000e-01 5.000000e-01 1.515009e+00 -0.993258 0.002103 0.009953 0.969147 0.009953 0.002103 0.993258 -0.002109 -0.009973 -0.969095 -0.009973 -0.002109 0.000000 
5.000000e-01 5.000000e-01 4.999834e-03 5.000000e-01 5.000000e-01 1.515009e+00 -0.993258 0.002103 0.009953 0.969147 0.009953 0.002103 0.993258 -0.002109 -0.009973 -0.969095 -0.009973 -0.002109 0.000000 
5.000000e-01 5.000000e-01 4.999834e-03 5.000000e-01 5.000000e-01 1.515009e+00 -0.993258 0.002103 0.009953 0.969147 0.009953 0.002103 0.993258 -0.002109 -0.009973 -0.969095 -0.009973 -0.002109 0.000000 
5.000000e-01 5.000000e-01 4.999834e-03 5.000000e-01 5.000000e-01 1.515009e+00 -0.993258 0.002103 0.009953 0.969147 0.009953 0.002103 0.993258 -0.002109 -0.009973 -0.969095 -0.009973 -0.002109 0.000000 
5.000000e-01 5.000000e-01 4.999834e-03 5.000000e-01 5.000000e-01 1.515009e+00 -0.993258 0.002103 0.009953 0.969147 0.009953 0.002103 0.993258 -0.002109 -0.009973 -0.969095 -0.009973 -0.002109 0.000000 
5.000000e-01 5.000000e-01 4.999834e-03 5.000000e-01 5.000000e-01 1.515009e+00 -0.993258 0.002103 0.009953 0.969147 0.009953 0.002103 0.993258 -0.002109 -0.009973 -0.969095 -0.009973 -0.002109 0.000000 
5.000000e-01 5.000000e-01 4.999834e-03 5.000000e-01 5.000000e-01 1.515009e+00 -0.993258 0.002103 0.009953 0.969147 0.009953 0.002103 0.993258 -0.002109 -0.009973 -0.969095 -0.009973 -0.002109 0.000000 
5.000000e-01 5.000000e-01 4.999834e-03 5.000000e-01 5.000000e-01 1.515009e+00 -0.993258 0.002103 0.009953 0.969147 0.009953 0.002103 0.993258 -0.002109 -0.009973 -0.969095 -0.009973 -0.002109 0.000000 
5.000000e-01 5.000000e-01 4.999834e-03 5.000000e-01 5.000000e-01 1.515009e+00 -0.993258 0.002103 0.009953 0.969147 0.009953 0.002103 0.993258 -0.002109 -0.009973 -0.969095 -0.009973 -0.002109 0.000000 
5.000000e-01 5.000000e-01 4.999834e-03 5.000000e-01 5.000000e-01 1.515009e+00 -0.993258 0.002103 0.009953 0.969147 0.009953 0.002103 0.993258 -0.002109 -0.009973 -0.969095 -0.009973 -0.002109 0.000000 
5.000000e-01 5.000000e-01 4.999834e-03 5.000000e-01 5.000000e-01 1.515009e+00 -0.993258 0.002103 0.009953 0.969147 0.009953 0.002103 0.993258 -0.002109 -0.009973 -0.969095 -0.009973 -0.002109 0.000000 
5.000000e-01 5.000000e-01 4.999834e-03 5.000000e-01 5.000000e-01 1.515009e+00 -0.993258 0.002103 0.009953 0.969147 0.009953 0.002103 0.993258 -0.002109 -0.009973 -0.969095 -0.009973 -0.002109 0.000000 
5.000000e-01 5.000000e-01 4.999834e-03 5.000000e-01 5.000000e-01 1.515009e+00 -0.993258 0.002103 0.009953 0.969147 0.009953 0.002103 0.993258 -0.002109 -0.009973 -0.969095 -0.009973 -0.002109 0.000000 
5.000000e-01 5.000000e-01 4.999834e-03 5.000000e-01 5.000000e-01 1.515009e+00 -0.993258 0.002103 0.009953 0.969147 0.009953 0.002103 0.993258 -0.002109 -0.009973 -0.969095 -0.009973 -0.002109 0.000000 
5.000000e-01 5.000000e-01 4.999834e-03 5.000000e-01 5.000000e-01 1.515009e+00 -0.993258 0.002103 0.009953 0.969147 0.009953 0.002103 0.993258 -0.002109 -0.009973 -0.969095 -0.009973 -0.002109 0.000000 
5.000000e-01 5.000000e-01 4.999834e-03 5.000000e-01 5.000000e-01 1.515009e+00 -0.993258 0.002103 0.009953 0.969147 0.009953 0.002103 0.993258 -0.002109 -0.009973 -0.969095 -0.009973 -0.002109 0.000000 
5.000000e-01 5.000000e-01 4.999834e-03 5.000000e-01 5.000000e-01 1.515009e+00 -0.993258 0.002103 0.009953 0.969147 0.009953 0.002103 0.993258 -0.002109 -0.009973 -0.969095 -0.009973 -0.002109 0.000000 
5.000000e-01 5.000000e-01 4.999834e-03 5.000000e-01 5.000000e-01 1.515009e+00 -0.993258 0.002103 0.009953 0.969147 0.009953 0.002103 0.993258 -0.002109 -0.009973 -0.969095 -0.009973 -0.002109 0.000000 
5.000000e-01 5.000000e-01 4.999834e-03 5.000000e-01 5.000000e-01 1.515009e+00 -0.993258 0.002103 0.009953 0.969147 0.009953 0.002103 0.993258 -0.002109 -0.009973 -0.969095 -0.009973 -0.002109 0.000000 
5.000000e-01 5.000000e-01 4.999834e-03 5.000000e-01 5.000000e-01 1.515009e+00 -0.993258 0.002103 0.009953 0.969147 0.009953 0.002103 0.993258 -0.002109 -0.009973 -0.969095 -0.009973 -0.002109 0.000000 
5.000000e-01 5.000000e-01 4.999834e-03 5.000000e-01 5.000000e-01 1.515009e+00 -0.993258 0.002103 0.009953 0.969147 0.009953 0.002103 0.993258 -0.002109 -0.009973 -0.969095 -0.009973 -0.002109 0.000000 
5.000000e-01 5.000000e-01 4.999834e-03 5.000000e-01 5.000000e-01 1.515009e+00 -0.993258 0.002103 0.009953 0.969147 0.009953 0.002103 0.993258 -0.002109 -0.009973 -0.969095 -0.009973 -0.002109 0.000000 
5.000000e-01 5.000000e-01 4.999834e-03 5.000000e-01 5.000000e-01 1.515009e+00 -0.993258 0.002103 0.009953 0.969147 0.009953 0.002103 0.993258 -0.002109 -0.009973 -0.969095 -0.009973 -0.002109 0.000000 
5.000000e-01 5.000000e-01 4.999834e-03 5.000000e-01 5.000000e-01 1.515009e+00 -0.993258 0.002103 0.009953 0.969147 0.009953 0.002103 0.993258 -0.002109 -0.009973 -0.969095 -0.009973 -0.002109 0.000000 
5.000000e-01 5.000000e-01 4.999834e-03 5.000000e-01 5.000000e-01 1.515009e+00 -0.993258 0.002103 0.009953 0.969147 0.009953 0.002103 0.993258 -0.002109 -0.009973 -0.969095 -0.009973 -0.002109 0.000000 
5.000000e-01 5.000000e-01 4.999834e-03 5.000000e-01 5.000000e-01 1.515009e+00 -0.993258 0.002103 0.009953 0.969147 0.009953 0.002103 0.993258 -0.002109 -0.009973 -0.969095 -0.009973 -0.002109 0.000000 
5.000000e-01 5.000000e-01 4.999834e-03 5.000000e-01 5.000000e-01 1.515009e+00 -0.993258 0.002103 0.009953 0.969147 0.009953 0.002103 0.993258 -0.002109 -0.009973 -0.969095 -0.009973 -0.002109 0.000000 
5.000000e-01 5.000000e-01 4.999834e-03 5.000000e-01 5.000000e-01 1.515009e+00 -0.993258 0.002103 0.009953 0.969147 0.009953 0.002103 0.993258 -0.002109 -0.009973 -0.969095 -0.009973 -0.002109 0.000000 
5.000000e-01 5.000000e-01 4.999834e-03 5.000000e-01 5.000000e-01 1.515009e+00 -0.993258 0.002103 0.009953 0.969147 0.009953 0.002103 0.993258 -0.002109 -0.009973 -0.969095 -0.009973 -0.002109 0.000000 
5.000000e-01 5.000000e-01 4.999834e-03 5.000000e-01 5.000000e-01 1.515009e+00 -0.993258 0.002103 0.009953 0.969147 0.009953 0.002103 0.993258 -0.002109 -0.009973 -0.969095 -0.009973 -0.002109 0.000000 
5.000000e-01 5.000000e-01 4.999834e-03 5.000000e-01 5.000000e-01 1.515009e+00 -0.993258 0.002103 0.009953 0.969147 0.009953 0.002103 0.993258 -0.002109 -0.009973 -0.969095 -0.009973 -0.002109 0.000000 
5.000000e-01 5.000000e-01 4.999834e-03 5.000000e-01 5.000000e-01 1.515009e+00 -0.993258 0.002103 0.009953 0.969147 0.009953 0.002103 0.993258 -0.002109 -0.009973 -0.969095 -0.009973 -0.002109 0.000000 
5.000000e-01 5.000000e-01 4.999834e-03 5.000000e-01 5.000000e-01 1.515009e+00 -0.993258 0.002103 0.009953 0.969147 0.009953 0.002103 0.993258 -0.002109 -0.009973 -0.969095 -0.009973 -0.002109 0.000000 
5.000000e-01 5.000000e-01 4.999834e-03 5.000000e-01 5.000000e-01 1.515009e+00 -0.993258 0.002103 0.009953 0.969147 0.009953 0.002103 0.993258 -0.002109 -0.009973 -0.969095 -0.009973 -0.002109 0.000000 
5.000000e-01 5.000000e-01 4.999834e-03 5.000000e-01 5.000000e-01 1.515009e+00 -0.993258 0.002103 0.009953 0.969147 0.009953 0.002103 0.993258 -0.002109 -0.009973 -0.969095 -0.009973 -0.002109 0.000000 
5.000000e-01 5.000000e-01 4.999834e-03 5.000000e-01 5.000000e-01 1.515009e+00 -0.993258 0.002103 0.009953 0.969147 0.009953 0.002103 0.993258 -0.002109 -0.009973 -0.969095 -0.009973 -0.002109 0.000000 
5.000000e-01 5.000000e-01 4.999834e-03 5.000000e-01 5.000000e-01 1.515009e+00 -0.993258 0.002103 0.009953 0.969147 0.009953 0.002103 0.993258 -0.002109 -0.009973 -0.969095 -0.009973 -0.002109 0.000000 
5.000000e-01 5.000000e-01 4.999834e-03 5.000000e-01 5.000000e-01 1.515009e+00 -0.993258 0.002103 0.009953 0.969147 0.009953 0.002103 0.993258 -0.002109 -0.009973 -0.969095 -0.009973 -0.002109 0.000000 
5.000000e-01 5.000000e-01 4.999834e-03 5.000000e-01 5.000000e-01 1.515009e+00 -0.993258 0.002103 0.009953 0.969147 0.009953 0.002103 0.993258 -0.002109 -0.009973 -0.969095 -0.009973 -0.002109 0.000000 
5.000000e-01 5.000000e-01 4.999834e-03 5.000000e-01 5.000000e-01 1.515009e+00 -0.993258 0.002103 0.009953 0.969147 0.009953 0.002103 0.993258 -0.002109 -0.009973 -0.969095 -0.009973 -0.002109 0.000000 
5.000000e-01 5.000000e-01 4.999834e-03 5.000000e-01 5.000000e-01 1.515009e+00 -0.993258 0.002103 0.009953 0.969147 0.009953 0.002103 0.993258 -0.002109 -0.009973 -0.969095 -0.009973 -0.002109 0.000000 
5.000000e-01 5.000000e-01 4.999834e-03 5.000000e-01 5.000000e-01 1.515009e+00 -0.993258 0.002103 0.009953 0.969147 0.009953 0.002103 0.993258 -0.002109 -0.009973 -0.969095 -0.009973 -0.002109 0.000000 
5.000000e-01 5.000000e-01 4.999834e-03 5.000000e-01 5.000000e-01 1.515009e+00 -0.993258 0.002103 0.009953 0.969147 0.009953 0.002103 0.993258 -0.002109 -0.009973 -0.969095 -0.009973 -0.002109 0.000000 
5.000000e-01 5.000000e-01 4.999834e-03 5.000000e-01 5.000000e-01 1.515009e+00 -0.993258 0.002103 0.009953 0.969147 0.009953 0.002103 0.993258 -0.002109 -0.009973 -0.969095 -0.009973 -0.002109 0.000000 
5.000000e-01 5.000000e-01 4.999834e-03 5.000000e-01 5.000000e-01 1.515009e+00 -0.993258 0.002103 0.009953 0.969147 0.009953 0.002103 0.993258 -0.002109 -0.009973 -0.969095 -0.009973 -0.002109 0.000000 
5.000000e-01 5.000000e-01 4.999834e-03 5.000000e-01 5.000000e-01 1.515009e+00 -0.993258 0.002103 0.009953 0.969147 0.009953 0.002103 0.993258 -0.002109 -0.009973 -0.969095 -0.009973 -0.002109 0.000000 
5.000000e-01 5.000000e-01 4.999834e-03 5.000000e-01 5.000000e-01 1.515009e+00 -0.993258 0.002103 0.009953 0.969147 0.009953 0.002103 0.993258 -0.002109 -0.009973 -0.969095 -0.009973 -0.002109 0.000000 
5.000000e-01 5.000000e-01 4.999834e-03 5.000000e-01 5.000000e-01 1.515009e+00 -0.993258 0.002103 0.009953 0.969147 0.009953 0.002103 0.993258 -0.002109 -0.009973 -0.969095 -0.009973 -0.002109 0.000000 
5.000000e-01 5.000000e-01 4.999834e-03 5.000000e-01 5.000000e-01 1.515009e+00 -0.993258 0.002103 0.009953 0.969147 0.009953 0.002103 0.993258 -0.002109 -0.009973 -0.969095 -0.009973 -0.002109 0.000000 
5.000000e-01 5.000000e-01 4.999834e-03 5.000000e-01 5.000000e-01 1.515009e+00 -0.993258 0.002103 0.009953 0.969147 0.009953 0.002103 0.993258 -0.002109 -0.009973 -0.969095 -0.009973 -0.002109 0.000000 
5.000000e-01 5.000000e-01 4.999834e-03 5.000000e-01 5.000000e-01 1.515009e+00 -0.993258 0.002103 0.009953 0.969147 0.009953 0.002103 0.993258 -0.002109 -0.009973 -0.969095 -0.009973 -0.002109 0.000000 
5.000000e-01 5.000000e-01 4.999834e-03 5.000000e-01 5.000000e-01 1.515009e+00 -0.993258 0.002103 0.009953 0.969147 0.009953 0.002103 0.993258 -0.002109 -0.009973 -0.969095 -0.009973 -0.002109 0.000000 
5.000000e-01 5.000000e-01 4.999834e-03 5.000000e-01 5.000000e-01 1.515009e+00 -0.993258 0.002103 0.009953 0.969147 0.009953 0.002103 0.993258 -0.002109 -0.009973 -0.969095 -0.009973 -0.002109 0.000000 
5.000000e-01 5.000000e-01 4.999834e-03 5.000000e-01 5.000000e-01 1.515009e+00 -0.993258 0.002103 0.009953 0.969147 0.009953 0.002103 0.993258 -0.002109 -0.009973 -0.969095 -0.009973 -0.002109 0.000000 
5.000000e-01 5.000000e-01 4.999834e-03 5.000000e-01 5.000000e-01 1.515009e+00 -0.993258 0.002103 0.009953 0.969147 0.009953 0.002103 0.993258 -0.002109 -0.009973 -0.969095 -0.009973 -0.002109 0.000000 
5.000000e-01 5.000000e-01 4.999834e-03 5.000000e-01 5.000000e-01 1.515009e+00 -0.993258 0.002103 0.009953 0.969147 0.009953 0.002103 0.993258 -0.002109 -0.009973 -0.969095 -0.009973 -0.002109 0.000000 
5.000000e-01 5.000000e-01 4.999834e-03 5.000000e-01 5.000000e-01 1.515009e+00 -0.993258 0.002103 0.009953 0.969147 0.009953 0.002103 0.993258 -0.002109 -0.009973 -0.969095 -0.009973 -0.002109 0.000000 
5.000000e-01 5.000000e-01 4.999834e-03 5.000000e-01 5.000000e-01 1.515009e+00 -0.993258 0.002103 0.009953 0.969147 0.009953 0.002103 0.993258 -0.002109 -0.009973 -0.969095 -0.009973 -0.002109 0.000000 
5.000000e-01 5.000000e-01 4.999834e-03 5.000000e-01 5.000000e-01 1.515009e+00 -0.993258 0.002103 0.009953 0.969147 0.009953 0.002103 0.993258 -0.002109 -0.009973 -0.969095 -0.009973 -0.002109 0.000000 
5.000000e-01 5.000000e-01 4.999834e-03 5.000000e-01 5.000000e-01 1.515009e+00 -0.993258 0.002103 0.009953 0.969147 0.009953 0.002103 0.993258 -0.002109 -0.009973 -0.969095 -0.009973 -0.002109 0.000000 
5.000000e-01 5.000000e-01 4.999834e-03 5.000000e-01 5.000000e-01 1.515009e+00 -0.993258 0.002103 0.009953 0.969147 0.009953 0.002103 0.993258 -0.002109 -0.009973 -0.969095 -0.009973 -0.002109 0.000000 
5.000000e-01 5.000000e-01 4.999834e-03 5.000000e-01 5.000000e-01 1.515009e+00 -0.993258 0.002103 0.009953 0.969147 0.009953 0.002103 0.993258 -0.002109 -0.009973 -0.969095 -0.009973 -0.002109 0.000000 
5.000000e-01 5.000000e-01 4.999834e-03 5.000000e-01 5.000000e-01 1.515009e+00 -0.993258 0.002103 0.009953 0.969147 0.009953 0.002103 0.993258 -0.002109 -0.009973 -0.969095 -0.009973 -0.002109 0.000000 
5.000000e-01 5.000000e-01 4.999834e-03 5.000000e-01 5.000000e-01 1.515009e+00 -0.993258 0.002103 0.009953 0.969147 0.009953 0.002103 0.993258 -0.002109 -0.009973 -0.969095 -0.009973 -0.002109 0.000000 
5.000000e-01 5.000000e-01 4.999834e-03 5.000000e-01 5.000000e-01 1.515009e+00 -0.993258 0.002103 0.009953 0.969147 0.009953 0.002103 0.993258 -0.002109 -0.009973 -0.969095 -0.009973 -0.002109 0.000000 
5.000000e-01 5.000000e-01 4.999834e-03 5.000000e-01 5.000000e-01 1.515009e+00 -0.993258 0.002103 0.009953 0.969147 0.009953 0.002103 0.993258 -0.002109 -0.009973 -0.969095 -0.009973 -0.002109 0.000000 
5.000000e-01 5.000000e-01 4.999834e-03 5.000000e-01 5.000000e-01 1.515009e+00 -0.993258 0.002103 0.009953 0.969147 0.009953 0.002103 0.993258 -0.002109 -0.009973 -0.969095 -0.009973 -0.002109 0.000000 
5.000000e-01 5.000000e-01 4.999834e-03 5.000000e-01 5.000000e-01 1.515009e+00 -0.993258 0.002103 0.009953 0.969147 0.009953 0.002103 0.993258 -0.002109 -0.009973 -0.969095 -0.009973 -0.002109 0.000000 
5.000000e-01 5.000000e-01 4.999834e-03 5.000000e-01 5.000000e-01 1.515009e+00 -0.993258 0.002103 0.009953 0.969147 0.009953 0.002103 0.993258 -0.002109 -0.009973 -0.969095 -0.009973 -0.002109 0.000000 
5.000000e-01 5.000000e-01 4.999834e-03 5.000000e-01 5.000000e-01 1.515009e+00 -0.993258 0.002103 0.009953 0.969147 0.009953 0.002103 0.993258 -0.002109 -0.009973 -0.969095 -0.009973 -0.002109 0.000000 
5.000000e-01 5.000000e-01 4.999834e-03 5.000000e-01 5.000000e-01 1.515009e+00 -0.993258 0.002103 0.009953 0.969147 0.009953 0.002103 0.993258 -0.002109 -0.009973 -0.969095 -0.009973 -0.002109 0.000000 
5.000000e-01 5.000000e-01 4.999834e-03 5.000000e-01 5.000000e-01 1.515009e+00 -0.993258 0.002103 0.009953 0.969147 0.009953 0.002103 0.993258 -0.002109 -0.009973 -0.969095 -0.009973 -0.002109 0.000000 
5.000000e-01 5.000000e-01 4.999834e-03 5.000000e-01 5.000000e-01 1.515009e+00 -0.993258 0.002103 0.009953 0.969147 0.009953 0.002103 0.993258 -0.002109 -0.009973 -0.969095 -0.009973 -0.002109 0.000000 
5.000000e-01 5.000000e-01 4.999834e-03 5.000000e-01 5.000000e-01 1.515009e+00 -0.993258 0.002103 0.009953 0.969147 0.009953 0.002103 0.993258 -0.002109 -0.009973 -0.969095 -0.009973 -0.002109 0.000000 
5.000000e-01 5.000000e-01 4.999834e-03 5.000000e-01 5.000000e-01 1.515009e+00 -0.993258 0.002103 0.009953 0.969147 0.009953 0.002103 0.993258 -0.002109 -0.009973 -0.969095 -0.009973 -0.002109 0.000000 
5.000000e-01 5.000000e-01 4.999834e-03 5.000000e-01 5.000000e-01 1.515009e+00 -0.993258 0.002103 0.009953 0.969147 0.009953 0.002103 0.993258 -0.002109 -0.009973 -0.969095 -0.009973 -0.002109 0.000000 
5.000000e-01 5.000000e-01 4.999834e-03 5.000000e-01 5.000000e-01 1.515009e+00 -0.993258 0.002103 0.009953 0.969147 0.009953 0.002103 0.993258 -0.002109 -0.009973 -0.969095 -0.009973 -0.002109 0.000000 
5.000000e-01 5.000000e-01 4.999834e-03 5.000000e-01 5.000000e-01 1.515009e+00 -0.993258 0.002103 0.009953 0.969147 0.009953 0.002103 0.993258 -0.002109 -0.009973 -0.969095 -0.009973 -0.002109 0.000000 
5.000000e-01 5.000000e-01 4.999834e-03 5.000000e-01 5.000000e-01 1.515009e+00 -0.993258 0.002103 0.009953 0.969147 0.009953 0.002103 0.993258 -0.002109 -0.009973 -0.969095 -0.009973 -0.002109 0.000000 
5.000000e-01 5.000000e-01 4.999834e-03 5.000000e-01 5.000000e-01 1.515009e+00 -0.993258 0.002103 0.009953 0.969147 0.009953 0.002103 0.993258 -0.002109 -0.009973 -0.969095 -0.009973 -0.002109 0.000000 
5.000000e-01 5.000000e-01 4.999834e-03 5.000000e-01 5.000000e-01 1.515009e+00 -0.993258 0.002103 0.009953 0.969147 0.009953 0.002103 0.993258 -0.002109 -0.009973 -0.969095 -0.009973 -0.002109 0.000000 
5.000000e-01 5.000000e-01 4.999834e-03 5.000000e-01 5.000000e-01 1.515009e+00 -0.993258 0.002103 0.009953 0.969147 0.009953 0.002103 0.993258 -0.002109 -0.009973 -0.969095 -0.009973 -0.002109 0.000000 
5.000000e-01 5.000000e-01 4.999834e-03 5.000000e-01 5.000000e-01 1.515009e+00 -0.993258 0.002103 0.009953 0.969147 0.009953 0.002103 0.993258 -0.002109 -0.009973 -0.969095 -0.009973 -0.002109 0.000000 
5.000000e-01 5.000000e-01 4.999834e-03 5.000000e-01 5.000000e-01 1.515009e+00 -0.993258 0.002103 0.009953 0.969147 0.009953 0.002103 0.993258 -0.002109 -0.009973 -0.969095 -0.009973 -0.002109 0.000000 
5.000000e-01 5.000000e-01 4.999834e-03 5.000000e-01 5.000000e-01 1.515009e+00 -0.993258 0.002103 0.009953 0.969147 0.009953 0.002103 0.993258 -0.002109 -0.009973 -0.969095 -0.009973 -0.002109 0.000000 
5.000000e-01 5.000000e-01 4.999834e-03 5.000000e-01 5.000000e-01 1.515009e+00 -0.993258 0.002103 0.009953 0.969147 0.009953 0.002103 0.993258 -0.002109 -0.009973 -0.969095 -0.009973 -0.002109 0.000000 
5.000000e-01 5.000000e-01 4.999834e-03 5.000000e-01 5.000000e-01 1.515009e+00 -0.993258 0.002103 0.009953 0.969147 0.009953 0.002103 0.993258 -0.002109 -0.009973 -0.969095 -0.009973 -0.002109 0.000000 
5.000000e-01 5.000000e-01 4.999834e-03 5.000000e-01 5.000000e-01 1.515009e+00 -0.993258 0.002103 0.009953 0.969147 0.009953 0.002103 0.993258 -0.002109 -0.009973 -0.969095 -0.009973 -0.002109 0.000000 
5.000000e-01 5.000000e-01 4.999834e-03 5.000000e-01 5.000000e-01 1.515009e+00 -0.993258 0.002103 0.009953 0.969147 0.009953 0.002103 0.993258 -0.002109 -0.009973 -0.969095 -0.009973 -0.002109 0.000000 
5.000000e-01 5.000000e-01 4.999834e-03 5.000000e-01 5.000000e-01 1.515009e+00 -0.993258 0.002103 0.009953 0.969147 0.009953 0.002103 0.993258 -0.002109 -0.009973 -0.969095 -0.009973 -0.002109 0.000000 
5.000000e-01 5.000000e-01 4.999834e-03 5.000000e-01 5.000000e-01 1.515009e+00 -0.993258 0.002103 0.009953 0.969147 0.009953 0.002103 0.993258 -0.002109 -0.009973 -0.969095 -0.009973 -0.002109 0.000000 
5.000000e-01 5.000000e-01 4.999834e-03 5.000000e-01 5.000000e-01 1.515009e+00 -0.993258 0.002103 0.009953 0.969147 0.009953 0.002103 0.993258 -0.002109 -0.009973 -0.969095 -0.009973 -0.002109 0.000000 
5.000000e-01 5.000000e-01 4.999834e-03 5.000000e-01 5.000000e-01 1.515009e+00 -0.993258 0.002103 0.009953 0.969147 0.009953 0.002103 0.993258 -0.002109 -0.009973 -0.969095 -0.009973 -0.002109 0.000000 
5.000000e-01 5.000000e-01 4.999834e-03 5.000000e-01 5.000000e-01 1.515009e+00 -0.993258 0.002103 0.009953 0.969147 0.009953 0.002103 0.993258 -0.002109 -0.009973 -0.969095 -0.009973 -0.002109 0.000000 
5.000000e-01 5.000000e-01 4.999834e-03 5.000000e-01 5.000000e-01 1.515009e+00 -0.993258 0.002103 0.009953 0.969147 0.009953 0.002103 0.993258 -0.002109 -0.009973 -0.969095 -0.009973 -0.002109 0.000000 
5.000000e-01 5.000000e-01 4.999834e-03 5.000000e-01 5.000000e-01 1.515009e+00 -0.993258 0.002103 0.009953 0.969147 0.009953 0.002103 0.993258 -0.002109 -0.009973 -0.969095 -0.009973 -0.002109 0.000000 
5.000000e-01 5.000000e-01 4.999834e-03 5.000000e-01 5.000000e-01 1.515009e+00 -0.993258 0.002103 0.009953 0.969147 0.009953 0.002103 0.993258 -0.002109 -0.009973 -0.969095 -0.009973 -0.002109 0.000000 
5.000000e-01 5.000000e-01 4.999834e-03 5.000000e-01 5.000000e-01 1.515009e+00 -0.993258 0.002103 0.009953 0.969147 0.009953 0.002103 0.993258 -0.002109 -0.009973 -0.969095 -0.009973 -0.002109 0.000000 
5.000000e-01 5.000000e-01 4.999834e-03 5.000000e-01 5.000000e-01 1.515009e+00 -0.993258 0.002103 0.009953 0.969147 0.009953 0.002103 0.993258 -0.002109 -0.009973 -0.969095 -0.009973 -0.002109 0.000000 
5.000000e-01 5.000000e-01 4.999834e-03 5.000000e-01 5.000000e-01 1.515009e+00 -0.993258 0.002103 0.009953 0.969147 0.009953 0.002103 0.993258 -0.002109 -0.009973 -0.969095 -0.009973 -0.002109 0.000000 
5.000000e-01 5.000000e-01 4.999834e-03 5.000000e-01 5.000000e-01 1.515009e+00 -0.993258 0.002103 0.009953 0.969147 0.009953 0.002103 0.993258 -0.002109 -0.009973 -0.969095 -0.009973 -0.002109 0.000000 
5.000000e-01 5.000000e-01 4.999834e-03 5.000000e-01 5.000000e-01 1.515009e+00 -0.993258 0.002103 0.009953 0.969147 0.009953 0.002103 0.993258 -0.002109 -0.009973 -0.969095 -0.009973 -0.002109 0.000000 
5.000000e-01 5.000000e-01 4.999834e-03 5.000000e-01 5.000000e-01 1.515009e+00 -0.993258 0.002103 0.009953 0.969147 0.009953 0.002103 0.993258 -0.002109 -0.009973 -0.969095 -0.009973 -0.002109 0.000000 
5.000000e-01 5.000000e-01 4.999834e-03 5.000000e-01 5.000000e-01 1.515009e+00 -0.993258 0.002103 0.009953 0.969147 0.009953 0.002103 0.993258 -0.002109 -0.009973 -0.969095 -0.009973 -0.002109 0.000000 
5.000000e-01 5.000000e-01 4.999834e-03 5.000000e-01 5.000000e-01 1.515009e+00 -0.993258 0.002103 0.009953 0.969147 0.009953 0.002103 0.993258 -0.002109 -0.009973 -0.969095 -0.009973 -0.002109 0.000000 
5.000000e-01 5.000000e-01 4.999834e-03 5.000000e-01 5.000000e-01 1.515009e+00 -0.993258 0.002103 0.009953 0.969147 0.009953 0.002103 0.993258 -0.002109 -0.009973 -0.969095 -0.009973 -0.002109 0.000000 
5.000000e-01 5.000000e-01 4.999834e-03 5.000000e-01 5.000000e-01 1.515009e+00 -0.993258 0.002103 0.009953 0.969147 0.009953 0.002103 0.993258 -0.002109 -0.009973 -0.969095 -0.009973 -0.002109 0.000000 
5.000000e-01 5.000000e-01 4.999834e-03 5.000000e-01 5.000000e-01 1.515009e+00 -0.993258 0.002103 0.009953 0.969147 0.009953 0.002103 0.993258 -0.002109 -0.009973 -0.969095 -0.009973 -0.002109 0.000000 
5.000000e-01 5.000000e-01 4.999834e-03 5.000000e-01 5.000000e-01 1.515009e+00 -0.993258 0.002103 0.009953 0.969147 0.009953 0.002103 0.993258 -0.002109 -0.009973 -0.969095 -0.009973 -0.002109 0.000000 
5.000000e-01 5.000000e-01 4.999834e-03 5.000000e-01 5.000000e-01 1.515009e+00 -0.993258 0.002103 0.009953 0.969147 0.009953 0.002103 0.993258 -0.002109 -0.009973 -0.969095 -0.009973 -0.002109 0.000000 
5.000000e-01 5.000000e-01 4.999834e-03 5.000000e-01 5.000000e-01 1.515009e+00 -0.993258 0.002103 0.009953 0.969147 0.009953 0.002103 0.993258 -0.002109 -0.009973 -0.969095 -0.009973 -0.002109 0.000000 
5.000000e-01 5.000000e-01 4.999834e-03 5.000000e-01 5.000000e-01 1.515009e+00 -0.993258 0.002103 0.009953 0.969147 0.009953 0.002103 0.993258 -0.002109 -0.009973 -0.969095 -0.009973 -0.002109 0.000000 
5.000000e-01 5.000000e-01 4.999834e-03 5.000000e-01 5.000000e-01 1.515009e+00 -0.993258 0.002103 0.009953 0.969147 0.009953 0.002103 0.993258 -0.002109 -0.009973 -0.969095 -0.009973 -0.002109 0.000000 
5.000000e-01 5.000000e-01 4.999834e-03 5.000000e-01 5.000000e-01 1.515009e+00 -0.993258 0.002103 0.009953 0.969147 0.009953 0.002103 0.993258 -0.002109 -0.009973 -0.969095 -0.009973 -0.002109 0.000000 
5.000000e-01 5.000000e-01 4.999834e-03 5.000000e-01 5.000000e-01 1.515009e+00 -0.993258 0.002103 0.009953 0.969147 0.009953 0.002103 0.993258 -0.002109 -0.009973 -0.969095 -0.009973 -0.002109 0.000000 
5.000000e-01 5.000000e-01 4.999834e-03 5.000000e-01 5.000000e-01 1.515009e+00 -0.993258 0.002103 0.009953 0.969147 0.009953 0.002103 0.993258 -0.002109 -0.009973 -0.969095 -0.009973 -0.002109 0.000000 
5.000000e-01 5.000000e-01 4.999834e-03 5.000000e-01 5.000000e-01 1.515009e+00 -0.993258 0.002103 0.009953 0.969147 0.009953 0.002103 0.993258 -0.002109 -0.009973 -0.969095 -0.009973 -0.002109 0.000000 
5.000000e-01 5.000000e-01 4.999834e-03 5.000000e-01 5.000000e-01 1.515009e+00 -0.993258 0.002103 0.009953 0.969147 0.009953 0.002103 0.993258 -0.002109 -0.009973 -0.969095 -0.009973 -0.002109 0.000000 
5.000000e-01 5.000000e-01 4.999834e-03 5.000000e-01 5.000000e-01 1.515009e+00 -0.993258 0.002103 0.009953 0.969147 0.009953 0.002103 0.993258 -0.002109 -0.009973 -0.969095 -0.009973 -0.002109 0.000000 
5.000000e-01 5.000000e-01 4.999834e-03 5.000000e-01 5.000000e-01 1.515009e+00 -0.993258 0.002103 0.009953 0.969147 0.009953 0.002103 0.993258 -0.002109 -0.009973 -0.969095 -0.009973 -0.002109 0.000000 
5.000000e-01 5.000000e-01 4.999834e-03 5.000000e-01 5.000000e-01 1.515009e+00 -0.993258 0.002103 0.009953 0.969147 0.009953 0.002103 0.993258 -0.002109 -0.009973 -0.969095 -0.009973 -0.002109 0.000000 
5.000000e-01 5.000000e-01 4.999834e-03 5.000000e-01 5.000000e-01 1.515009e+00 -0.993258 0.002103 0.009953 0.969147 0.009953 0.002103 0.993258 -0.002109 -0.009973 -0.969095 -0.009973 -0.002109 0.000000 
5.000000e-01 5.000000e-01 4.999834e-03 5.000000e-01 5.000000e-01 1.515009e+00 -0.993258 0.002103 0.009953 0.969147 0.009953 0.002103 0.993258 -0.002109 -0.009973 -0.969095 -0.009973 -0.002109 0.000000 
5.000000e-01 5.000000e-01 4.999834e-03 5.000000e-01 5.000000e-01 1.515009e+00 -0.993258 0.002103 0.009953 0.969147 0.009953 0.002103 0.993258 -0.002109 -0.009973 -0.969095 -0.009973 -0.002109 0.000000 
5.000000e-01 5.000000e-01 4.999834e-03 5.000000e-01 5.000000e-01 1.515009e+00 -0.993258 0.002103 0.009953 0.969147 0.009953 0.002103 0.993258 -0.002109 -0.009973 -0.969095 -0.009973 -0.002109 0.000000 
5.000000e-01 5.000000e-01 4.999834e-03 5.000000e-01 5.000000e-01 1.515009e+00 -0.993258 0.002103 0.009953 0.969147 0.009953 0.002103 0.993258 -0.002109 -0.009973 -0.969095 -0.009973 -0.002109 0.000000 
5.000000e-01 5.000000e-01 4.999834e-03 5.000000e-01 5.000000e-01 1.515009e+00 -0.993258 0.002103 0.009953 0.969147 0.009953 0.002103 0.993258 -0.002109 -0.009973 -0.969095 -0.009973 -0.002109 0.000000 
5.000000e-01 5.000000e-01 4.999834e-03 5.000000e-01 5.000000e-01 1.515009e+00 -0.993258 0.002103 0.009953 0.969147 0.009953 0.002103 0.993258 -0.002109 -0.009973 -0.969095 -0.009973 -0.002109 0.000000 
5.000000e-01 5.000000e-01 4.999834e-03 5.000000e-01 5.000000e-01 1.515009e+00 -0.993258 0.002103 0.009953 0.969147 0.009953 0.002103 0.993258 -0.002109 -0.009973 -0.969095 -0.009973 -0.002109 0.000000 
5.000000e-01 5.000000e-01 4.999834e-03 5.000000e-01 5.000000e-01 1.515009e+00 -0.993258 0.002103 0.009953 0.969147 0.009953 0.002103 0.993258 -0.002109 -0.009973 -0.969095 -0.009973 -0.002109 0.000000 
5.000000e-01 5.000000e-01 4.999834e-03 5.000000e-01 5.000000e-01 1.515009e+00 -0.993258 0.002103 0.009953 0.969147 0.009953 0.002103 0.993258 -0.002109 -0.009973 -0.969095 -0.009973 -0.002109 0.000000 
5.000000e-01 5.000000e-01 4.999834e-03 5.000000e-01 5.000000e-01 1.515009e+00 -0.993258 0.002103 0.009953 0.969147 0.009953 0.002103 0.993258 -0.002109 -0.009973 -0.969095 -0.009973 -0.002109 0.000000 
5.000000e-01 5.000000e-01 4.999834e-03 5.000000e-01 5.000000e-01 1.515009e+00 -0.993258 0.002103 0.009953 0.969147 0.009953 0.002103 0.993258 -0.002109 -0.009973 -0.969095 -0.009973 -0.002109 0.000000 
5.000000e-01 5.000000e-01 4.999834e-03 5.000000e-01 5.000000e-01 1.515009e+00 -0.993258 0.002103 0.009953 0.969147 0.009953 0.002103 0.993258 -0.002109 -0.009973 -0.969095 -0.009973 -0.002109 0.000000 
5.000000e-01 5.000000e-01 4.999834e-03 5.000000e-01 5.000000e-01 1.515009e+00 -0.993258 0.002103 0.009953 0.969147 0.009953 0.002103 0.993258 -0.002109 -0.009973 -0.969095 -0.009973 -0.002109 0.000000 
5.000000e-01 5.000000e-01 4.999834e-03 5.000000e-01 5.000000e-01 1.515009e+00 -0.993258 0.002103 0.009953 0.969147 0.009953 0.002103 0.993258 -0.002109 -0.009973 -0.969095 -0.009973 -0.002109 0.000000 
5.000000e-01 5.000000e-01 4.999834e-03 5.000000e-01 5.000000e-01 1.515009e+00 -0.993258 0.002103 0.009953 0.969147 0.009953 0.002103 0.993258 -0.002109 -0.009973 -0.969095 -0.009973 -0.002109 0.000000 
5.000000e-01 5.000000e-01 4.999834e-03 5.000000e-01 5.000000e-01 1.515009e+00 -0.993258 0.002103 0.009953 0.969147 0.009953 0.002103 0.993258 -0.002109 -0.009973 -0.969095 -0.009973 -0.002109 0.000000 
5.000000e-01 5.000000e-01 4.999834e-03 5.000000e-01 5.000000e-01 1.515009e+00 -0.993258 0.002103 0.009953 0.969147 0.009953 0.002103 0.993258 -0.002109 -0.009973 -0.969095 -0.009973 -0.002109 0.000000 
5.000000e-01 5.000000e-01 4.999834e-03 5.000000e-01 5.000000e-01 1.515009e+00 -0.993258 0.002103 0.009953 0.969147 0.009953 0.002103 0.993258 -0.002109 -0.009973 -0.969095 -0.009973 -0.002109 0.000000 
5.000000e-01 5.000000e-01 4.999834e-03 5.000000e-01 5.000000e-01 1.515009e+00 -0.993258 0.002103 0.009953 0.969147 0.009953 0.002103 0.993258 -0.002109 -0.009973 -0.969095 -0.009973 -0.002109 0.000000 
5.000000e-01 5.000000e-01 4.999834e-03 5.000000e-01 5.000000e-01 1.515009e+00 -0.993258 0.002103 0.009953 0.969147 0.009953 0.002103 0.993258 -0.002109 -0.009973 -0.969095 -0.009973 -0.002109 0.000000 
5.000000e-01 5.000000e-01 4.999834e-03 5.000000e-01 5.000000e-01 1.515009e+00 -0.993258 0.002103 0.009953 0.969147 0.009953 0.002103 0.993258 -0.002109 -0.009973 -0.969095 -0.009973 -0.002109 0.000000 
5.000000e-01 5.000000e-01 4.999834e-03 5.000000e-01 5.000000e-01 1.515009e+00 -0.993258 0.002103 0.009953 0.969147 0.009953 0.002103 0.993258 -0.002109 -0.009973 -0.969095 -0.009973 -0.002109 0.000000 
5.000000e-01 5.000000e-01 4.999834e-03 5.000000e-01 5.000000e-01 1.515009e+00 -0.993258 0.002103 0.009953 0.969147 0.009953 0.002103 0.993258 -0.002109 -0.009973 -0.969095 -0.009973 -0.002109 0.000000 
5.000000e-01 5.000000e-01 4.999834e-03 5.000000e-01 5.000000e-01 1.515009e+00 -0.993258 0.002103 0.009953 0.969147 0.009953 0.002103 0.993258 -0.002109 -0.009973 -0.969095 -0.009973 -0.002109 0.000000 
5.000000e-01 5.000000e-01 4.999834e-03 5.000000e-01 5.000000e-01 1.515009e+00 -0.993258 0.002103 0.009953 0.969147 0.009953 0.002103 0.993258 -0.002109 -0.009973 -0.969095 -0.009973 -0.002109 0.000000 
5.000000e-01 5.000000e-01 4.999834e-03 5.000000e-01 5.000000e-01 1.515009e+00 -0.993258 0.002103 0.009953 0.969147 0.009953 0.002103 0.993258 -0.002109 -0.009973 -0.969095 -0.009973 -0.002109 0.000000 
5.000000e-01 5.000000e-01 4.999834e-03 5.000000e-01 5.000000e-01 1.515009e+00 -0.993258 0.002103 0.009953 0.969147 0.009953 0.002103 0.993258 -0.002109 -0.009973 -0.969095 -0.009973 -0.002109 0.000000 
5.000000e-01 5.000000e-01 4.999834e-03 5.000000e-01 5.000000e-01 1.515009e+00 -0.993258 0.002103 0.009953 0.969147 0.009953 0.002103 0.993258 -0.002109 -0.009973 -0.969095 -0.009973 -0.002109 0.000000 
5.000000e-01 5.000000e-01 4.999834e-03 5.000000e-01 5.000000e-01 1.515009e+00 -0.993258 0.002103 0.009953 0.969147 0.009953 0.002103 0.993258 -0.002109 -0.009973 -0.969095 -0.009973 -0.002109 0.000000 
5.000000e-01 5.000000e-01 4.999834e-03 5.000000e-01 5.000000e-01 1.515009e+00 -0.993258 0.002103 0.009953 0.969147 0.009953 0.002103 0.993258 -0.002109 -0.009973 -0.969095 -0.009973 -0.002109 0.000000 
5.000000e-01 5.000000e-01 4.999834e-03 5.000000e-01 5.000000e-01 1.515009e+00 -0.993258 0.002103 0.009953 0.969147 0.009953 0.002103 0.993258 -0.002109 -0.009973 -0.969095 -0.009973 -0.002109 0.000000 
5.000000e-01 5.000000e-01 4.999834e-03 5.000000e-01 5.000000e-01 1.515009e+00 -0.993258 0.002103 0.009953 0.969147 0.009953 0.002103 0.993258 -0.002109 -0.009973 -0.969095 -0.009973 -0.002109 0.000000 
