# TeX TeY TeZ ThX ThY THZ P1 P2
5.000000e-01 5.000000e-01 6.000000e-01 5.000000e-01 5.000000e-01 6.000000e-01 0.000000 0.000000 0.000000 0.000000 0.000000 0.000000 0.000000 0.000000 0.000000 0.000000 0.000000 0.000000 0.000000 
5.000000e-01 5.000000e-01 5.879682e-01 5.000000e-01 5.000000e-01 6.086352e-01 -0.013566 0.002364 0.002908 0.003024 0.002908 0.002364 0.013566 -0.001639 -0.003109 -0.004069 -0.003109 -0.001639 0.000000 
5.000000e-01 5.000000e-01 5.758974e-01 5.000000e-01 5.000000e-01 6.172585e-01 -0.027150 0.004732 0.005819 0.006049 0.005819 0.004732 0.027150 -0.003259 -0.006228 -0.008176 -0.006228 -0.003259 0.000000 
5.000000e-01 5.000000e-01 5.637879e-01 5.000000e-01 5.000000e-01 6.258699e-01 -0.040752 0.007105 0.008733 0.009076 0.008733 0.007105 0.040752 -0.004857 -0.009355 -0.012328 -0.009355 -0.004857 0.000000 
5.000000e-01 5.000000e-01 5.516401e-01 5.000000e-01 5.000000e-01 6.344693e-01 -0.054371 0.009482 0.011650 0.012105 0.011650 0.009482 0.054371 -0.006427 -0.012493 -0.016531 -0.012493 -0.006427 0.000000 
5.000000e-01 5.000000e-01 5.394542e-01 5.000000e-01 5.000000e-01 6.430565e-01 -0.068007 0.011863 0.014571 0.015138 0.014571 0.011863 0.068007 -0.007964 -0.015642 -0.020796 -0.015642 -0.007964 0.000000 
5.000000e-01 5.000000e-01 5.272305e-01 5.000000e-01 5.000000e-01 6.516314e-01 -0.081660 0.014248 0.017496 0.018173 0.017496 0.014248 0.081660 -0.009458 -0.018802 -0.025139 -0.018802 -0.009458 0.000000 
5.000000e-01 5.000000e-01 5.149695e-01 5.000000e-01 5.000000e-01 6.601940e-01 -0.095329 0.016635 0.020423 0.021212 0.020423 0.016635 0.095329 -0.010910 -0.021974 -0.029559 -0.021974 -0.010910 0.000000 
5.000000e-01 5.000000e-01 5.026714e-01 5.000000e-01 5.000000e-01 6.687441e-01 -0.109014 0.019023 0.023355 0.024257 0.023355 0.019023 0.109014 -0.012318 -0.025157 -0.034064 -0.025157 -0.012318 0.000000 
5.000000e-01 5.000000e-01 4.903365e-01 5.000000e-01 5.000000e-01 6.772815e-01 -0.122714 0.021414 0.026290 0.027306 0.026290 0.021414 0.122714 -0.013673 -0.028352 -0.038665 -0.028352 -0.013673 0.000000 
5.000000e-01 5.000000e-01 4.779652e-01 5.000000e-01 5.000000e-01 6.858063e-01 -0.136431 0.023806 0.029229 0.030360 0.029229 0.023806 0.136431 -0.014959 -0.031560 -0.043393 -0.031560 -0.014959 0.000000 
5.000000e-01 5.000000e-01 4.655578e-01 5.000000e-01 5.000000e-01 6.943182e-01 -0.150162 0.026199 0.032172 0.033420 0.032172 0.026199 0.150162 -0.016177 -0.034780 -0.048248 -0.034780 -0.016177 0.000000 
5.000000e-01 5.000000e-01 4.531145e-01 5.000000e-01 5.000000e-01 7.028171e-01 -0.163908 0.028593 0.035118 0.036486 0.035118 0.028593 0.163908 -0.017323 -0.038011 -0.053240 -0.038011 -0.017323 0.000000 
5.000000e-01 5.000000e-01 4.406357e-01 5.000000e-01 5.000000e-01 7.113030e-01 -0.177670 0.030987 0.038068 0.039559 0.038068 0.030987 0.177670 -0.018390 -0.041252 -0.058384 -0.041252 -0.018390 0.000000 
5.000000e-01 5.000000e-01 4.281216e-01 5.000000e-01 5.000000e-01 7.197756e-01 -0.191445 0.033381 0.041022 0.042638 0.041022 0.033381 0.191445 -0.019359 -0.044504 -0.063720 -0.044504 -0.019359 0.000000 
5.000000e-01 5.000000e-01 4.155726e-01 5.000000e-01 5.000000e-01 7.282349e-01 -0.205234 0.035774 0.043980 0.045726 0.043980 0.035774 0.205234 -0.020228 -0.047763 -0.069252 -0.047763 -0.020228 0.000000 
5.000000e-01 5.000000e-01 4.029890e-01 5.000000e-01 5.000000e-01 7.366808e-01 -0.219038 0.038165 0.046943 0.048822 0.046943 0.038165 0.219038 -0.020994 -0.051026 -0.074997 -0.051026 -0.020994 0.000000 
5.000000e-01 5.000000e-01 3.903710e-01 5.000000e-01 5.000000e-01 7.451131e-01 -0.232854 0.040555 0.049909 0.051927 0.049909 0.040555 0.232854 -0.021647 -0.054292 -0.080976 -0.054292 -0.021647 0.000000 
5.000000e-01 5.000000e-01 3.777189e-01 5.000000e-01 5.000000e-01 7.535316e-01 -0.246684 0.042944 0.052879 0.055040 0.052879 0.042944 0.246684 -0.022158 -0.057555 -0.087257 -0.057555 -0.022158 0.000000 
5.000000e-01 5.000000e-01 3.650330e-01 5.000000e-01 5.000000e-01 7.619363e-01 -0.260527 0.045330 0.055853 0.058162 0.055853 0.045330 0.260527 -0.022533 -0.060810 -0.093840 -0.060810 -0.022533 0.000000 
5.000000e-01 5.000000e-01 3.523136e-01 5.000000e-01 5.000000e-01 7.703271e-01 -0.274383 0.047713 0.058831 0.061294 0.058831 0.047713 0.274383 -0.022765 -0.064050 -0.100752 -0.064050 -0.022765 0.000000 
5.000000e-01 5.000000e-01 3.395610e-01 5.000000e-01 5.000000e-01 7.787037e-01 -0.288251 0.050092 0.061814 0.064438 0.061814 0.050092 0.288251 -0.022840 -0.067267 -0.108037 -0.067267 -0.022840 0.000000 
5.000000e-01 5.000000e-01 3.267754e-01 5.000000e-01 5.000000e-01 7.870660e-01 -0.302131 0.052468 0.064801 0.067593 0.064801 0.052468 0.302131 -0.022725 -0.070444 -0.115794 -0.070444 -0.022725 0.000000 
5.000000e-01 5.000000e-01 3.139571e-01 5.000000e-01 5.000000e-01 7.954139e-01 -0.316023 0.054839 0.067792 0.070760 0.067792 0.054839 0.316023 -0.022431 -0.073572 -0.124017 -0.073572 -0.022431 0.000000 
5.000000e-01 5.000000e-01 3.011064e-01 5.000000e-01 5.000000e-01 8.037474e-01 -0.329926 0.057206 0.070788 0.073939 0.070788 0.057206 0.329926 -0.021948 -0.076636 -0.132758 -0.076636 -0.021948 0.000000 
5.000000e-01 5.000000e-01 2.882234e-01 5.000000e-01 5.000000e-01 8.120661e-01 -0.343841 0.059568 0.073788 0.077130 0.073788 0.059568 0.343841 -0.021241 -0.079604 -0.142151 -0.079604 -0.021241 0.000000 
5.000000e-01 5.000000e-01 2.753086e-01 5.000000e-01 5.000000e-01 8.203700e-01 -0.357767 0.061924 0.076792 0.080333 0.076792 0.061924 0.357767 -0.020303 -0.082452 -0.152256 -0.082452 -0.020303 0.000000 
5.000000e-01 5.000000e-01 2.623620e-01 5.000000e-01 5.000000e-01 8.286589e-01 -0.371703 0.064273 0.079802 0.083553 0.079802 0.064273 0.371703 -0.019140 -0.085154 -0.163115 -0.085154 -0.019140 0.000000 
5.000000e-01 5.000000e-01 2.493840e-01 5.000000e-01 5.000000e-01 8.369327e-01 -0.385651 0.066615 0.082816 0.086789 0.082816 0.066615 0.385651 -0.017728 -0.087668 -0.174860 -0.087668 -0.017728 0.000000 
5.000000e-01 5.000000e-01 2.363747e-01 5.000000e-01 5.000000e-01 8.451912e-01 -0.399608 0.068950 0.085834 0.090039 0.085834 0.068950 0.399608 -0.016027 -0.089914 -0.187727 -0.089914 -0.016027 0.000000 
5.000000e-01 5.000000e-01 2.233343e-01 5.000000e-01 5.000000e-01 8.534343e-01 -0.413576 0.071278 0.088858 0.093305 0.088858 0.071278 0.413576 -0.014062 -0.091865 -0.201722 -0.091865 -0.014062 0.000000 
5.000000e-01 5.000000e-01 2.102631e-01 5.000000e-01 5.000000e-01 8.616617e-01 -0.427555 0.073598 0.091886 0.096587 0.091886 0.073598 0.427555 -0.011824 -0.093455 -0.216997 -0.093455 -0.011824 0.000000 
5.000000e-01 5.000000e-01 1.971611e-01 5.000000e-01 5.000000e-01 8.698735e-01 -0.441544 0.075909 0.094919 0.099887 0.094919 0.075909 0.441544 -0.009254 -0.094512 -0.234013 -0.094512 -0.009254 0.000000 
5.000000e-01 5.000000e-01 1.840284e-01 5.000000e-01 5.000000e-01 8.780693e-01 -0.455543 0.078209 0.097958 0.103210 0.097958 0.078209 0.455543 -0.006387 -0.094991 -0.252786 -0.094991 -0.006387 0.000000 
5.000000e-01 5.000000e-01 1.708650e-01 5.000000e-01 5.000000e-01 8.862491e-01 -0.469553 0.080498 0.101002 0.106552 0.101002 0.080498 0.469553 -0.003222 -0.094781 -0.273547 -0.094781 -0.003222 0.000000 
5.000000e-01 5.000000e-01 1.576709e-01 5.000000e-01 5.000000e-01 8.944126e-01 -0.483575 0.082778 0.104052 0.109914 0.104052 0.082778 0.483575 0.000288 -0.093598 -0.296954 -0.093598 0.000288 0.000000 
5.000000e-01 5.000000e-01 1.444457e-01 5.000000e-01 5.000000e-01 9.025597e-01 -0.497610 0.085048 0.107108 0.113297 0.107108 0.085048 0.497610 0.004118 -0.091311 -0.323223 -0.091311 0.004118 0.000000 
5.000000e-01 5.000000e-01 1.311889e-01 5.000000e-01 5.000000e-01 9.106903e-01 -0.511659 0.087308 0.110170 0.116703 0.110170 0.087308 0.511659 0.008252 -0.087759 -0.352644 -0.087759 0.008252 0.000000 
5.000000e-01 5.000000e-01 1.178999e-01 5.000000e-01 5.000000e-01 9.188040e-01 -0.525726 0.089554 0.113240 0.120138 0.113240 0.089554 0.525726 0.012722 -0.082484 -0.386202 -0.082484 0.012722 0.000000 
5.000000e-01 5.000000e-01 1.045775e-01 5.000000e-01 5.000000e-01 9.269009e-01 -0.539814 0.091788 0.116318 0.123602 0.116318 0.091788 0.539814 0.017506 -0.075238 -0.424351 -0.075238 0.017506 0.000000 
5.000000e-01 5.000000e-01 9.122020e-02 5.000000e-01 5.000000e-01 9.349807e-01 -0.553927 0.094011 0.119406 0.127094 0.119406 0.094011 0.553927 0.022575 -0.065831 -0.467414 -0.065831 0.022575 0.000000 
5.000000e-01 5.000000e-01 7.782596e-02 5.000000e-01 5.000000e-01 9.430431e-01 -0.568075 0.096224 0.122504 0.130618 0.122504 0.096224 0.568075 0.027947 -0.053605 -0.516760 -0.053605 0.027947 0.000000 
5.000000e-01 5.000000e-01 6.439255e-02 5.000000e-01 5.000000e-01 9.510881e-01 -0.582264 0.098429 0.125614 0.134176 0.125614 0.098429 0.582264 0.033592 -0.038357 -0.572733 -0.038357 0.033592 0.000000 
5.000000e-01 5.000000e-01 5.091762e-02 5.000000e-01 5.000000e-01 9.591155e-01 -0.596499 0.100623 0.128739 0.137774 0.128739 0.100623 0.596499 0.039471 -0.020081 -0.635281 -0.020081 0.039471 0.000000 
5.000000e-01 5.000000e-01 3.739974e-02 5.000000e-01 5.000000e-01 9.671250e-01 -0.610793 0.102806 0.131881 0.141419 0.131881 0.102806 0.610793 0.045586 0.001697 -0.705360 0.001697 0.045586 0.000000 
5.000000e-01 5.000000e-01 2.383926e-02 5.000000e-01 5.000000e-01 9.751164e-01 -0.625142 0.104979 0.135039 0.145105 0.135039 0.104979 0.625142 0.051881 0.026378 -0.781659 0.026378 0.051881 0.000000 
5.000000e-01 5.000000e-01 1.023968e-02 5.000000e-01 5.000000e-01 9.830897e-01 -0.639534 0.107141 0.138210 0.148831 0.138210 0.107141 0.639534 0.058302 0.053185 -0.862508 0.053185 0.058302 0.000000 
5.000000e-01 5.000000e-01 4.999654e-03 5.000000e-01 5.000000e-01 9.910445e-01 -0.648292 0.108258 0.140191 0.151393 0.140191 0.108258 0.648292 0.060230 0.063257 -0.895266 0.063257 0.060230 0.000000 
5.000000e-01 5.000000e-01 4.999654e-03 5.000000e-01 5.000000e-01 9.989806e-01 -0.653501 0.108705 0.141425 0.153241 0.141425 0.108705 0.653501 0.059307 0.062145 -0.896405 0.062145 0.059307 0.000000 
5.000000e-01 5.000000e-01 4.999654e-03 5.000000e-01 5.000000e-01 1.006898e+00 -0.658698 0.109123 0.142661 0.155131 0.142661 0.109123 0.658698 0.058384 0.061037 -0.897540 0.061037 0.058384 0.000000 
5.000000e-01 5.000000e-01 4.999654e-03 5.000000e-01 5.000000e-01 1.014796e+00 -0.663882 0.109515 0.143899 0.157055 0.143899 0.109515 0.663882 0.057463 0.059931 -0.898671 0.059931 0.057463 0.000000 
5.000000e-01 5.000000e-01 4.999654e-03 5.000000e-01 5.000000e-01 1.022675e+00 -0.669054 0.109881 0.145137 0.159017 0.145137 0.109881 0.669054 0.056543 0.058829 -0.899798 0.058829 0.056543 0.000000 
5.000000e-01 5.000000e-01 4.999654e-03 5.000000e-01 5.000000e-01 1.030535e+00 -0.674213 0.110220 0.146378 0.161017 0.146378 0.110220 0.674213 0.055624 0.057729 -0.900920 0.057729 0.055624 0.000000 
5.000000e-01 5.000000e-01 4.999654e-03 5.000000e-01 5.000000e-01 1.038375e+00 -0.679359 0.110523 0.147620 0.163071 0.147620 0.110523 0.679359 0.054707 0.056633 -0.902038 0.056633 0.054707 0.000000 
5.000000e-01 5.000000e-01 4.999654e-03 5.000000e-01 5.000000e-01 1.046195e+00 -0.684492 0.110795 0.148864 0.165174 0.148864 0.110795 0.684492 0.053790 0.055540 -0.903152 0.055540 0.053790 0.000000 
5.000000e-01 5.000000e-01 4.999654e-03 5.000000e-01 5.000000e-01 1.053995e+00 -0.689611 0.111036 0.150108 0.167323 0.150108 0.111036 0.689611 0.052876 0.054450 -0.904262 0.054450 0.052876 0.000000 
5.000000e-01 5.000000e-01 4.999654e-03 5.000000e-01 5.000000e-01 1.061774e+00 -0.694717 0.111245 0.151354 0.169519 0.151354 0.111245 0.694717 0.051962 0.053363 -0.905368 0.053363 0.051962 0.000000 
5.000000e-01 5.000000e-01 4.999654e-03 5.000000e-01 5.000000e-01 1.069533e+00 -0.699810 0.111420 0.152599 0.171770 0.152599 0.111420 0.699810 0.051051 0.052279 -0.906469 0.052279 0.051051 0.000000 
5.000000e-01 5.000000e-01 4.999654e-03 5.000000e-01 5.000000e-01 1.077271e+00 -0.704889 0.111551 0.153846 0.174094 0.153846 0.111551 0.704889 0.050141 0.051198 -0.907567 0.051198 0.050141 0.000000 
5.000000e-01 5.000000e-01 4.999654e-03 5.000000e-01 5.000000e-01 1.084988e+00 -0.709954 0.111647 0.155092 0.176474 0.155092 0.111647 0.709954 0.049232 0.050121 -0.908660 0.050121 0.049232 0.000000 
5.000000e-01 5.000000e-01 4.999654e-03 5.000000e-01 5.000000e-01 1.092684e+00 -0.715005 0.111708 0.156338 0.178914 0.156338 0.111708 0.715005 0.048326 0.049047 -0.909750 0.049047 0.048326 0.000000 
5.000000e-01 5.000000e-01 4.999654e-03 5.000000e-01 5.000000e-01 1.100358e+00 -0.720042 0.111732 0.157582 0.181415 0.157582 0.111732 0.720042 0.047421 0.047976 -0.910836 0.047976 0.047421 0.000000 
5.000000e-01 5.000000e-01 4.999654e-03 5.000000e-01 5.000000e-01 1.108010e+00 -0.725064 0.111704 0.158825 0.184007 0.158825 0.111704 0.725064 0.046519 0.046908 -0.911917 0.046908 0.046519 0.000000 
5.000000e-01 5.000000e-01 4.999654e-03 5.000000e-01 5.000000e-01 1.115641e+00 -0.730072 0.111634 0.160065 0.186675 0.160065 0.111634 0.730072 0.045618 0.045843 -0.912995 0.045843 0.045618 0.000000 
5.000000e-01 5.000000e-01 4.999654e-03 5.000000e-01 5.000000e-01 1.123249e+00 -0.735066 0.111523 0.161301 0.189416 0.161301 0.111523 0.735065 0.044719 0.044782 -0.914069 0.044782 0.044719 0.000000 
5.000000e-01 5.000000e-01 4.999654e-03 5.000000e-01 5.000000e-01 1.130834e+00 -0.740044 0.111372 0.162534 0.192233 0.162534 0.111372 0.740044 0.043823 0.043724 -0.915139 0.043724 0.043823 0.000000 
5.000000e-01 5.000000e-01 4.999654e-03 5.000000e-01 5.000000e-01 1.138397e+00 -0.745007 0.111164 0.163761 0.195156 0.163761 0.111164 0.745007 0.042929 0.042670 -0.916205 0.042670 0.042929 0.000000 
5.000000e-01 5.000000e-01 4.999654e-03 5.000000e-01 5.000000e-01 1.145936e+00 -0.749955 0.110905 0.164982 0.198181 0.164982 0.110905 0.749955 0.042037 0.041619 -0.917267 0.041619 0.042037 0.000000 
5.000000e-01 5.000000e-01 4.999654e-03 5.000000e-01 5.000000e-01 1.153452e+00 -0.754888 0.110601 0.166195 0.201297 0.166195 0.110601 0.754888 0.041147 0.040571 -0.918325 0.040571 0.041147 0.000000 
5.000000e-01 5.000000e-01 4.999654e-03 5.000000e-01 5.000000e-01 1.160945e+00 -0.759805 0.110251 0.167399 0.204505 0.167399 0.110251 0.759805 0.040260 0.039527 -0.919379 0.039527 0.040260 0.000000 
5.000000e-01 5.000000e-01 4.999654e-03 5.000000e-01 5.000000e-01 1.168413e+00 -0.764707 0.109838 0.168592 0.207847 0.168592 0.109838 0.764707 0.039375 0.038486 -0.920429 0.038486 0.039375 0.000000 
5.000000e-01 5.000000e-01 4.999654e-03 5.000000e-01 5.000000e-01 1.175857e+00 -0.769592 0.109367 0.169770 0.211317 0.169770 0.109367 0.769592 0.038493 0.037449 -0.921476 0.037449 0.038493 0.000000 
5.000000e-01 5.000000e-01 4.999654e-03 5.000000e-01 5.000000e-01 1.183277e+00 -0.774461 0.108846 0.170935 0.214899 0.170935 0.108846 0.774461 0.037613 0.036415 -0.922518 0.036415 0.037613 0.000000 
5.000000e-01 5.000000e-01 4.999654e-03 5.000000e-01 5.000000e-01 1.190672e+00 -0.779314 0.108275 0.172084 0.218595 0.172084 0.108275 0.779314 0.036736 0.035385 -0.923557 0.035385 0.036736 0.000000 
5.000000e-01 5.000000e-01 4.999654e-03 5.000000e-01 5.000000e-01 1.198042e+00 -0.784151 0.107631 0.173211 0.222468 0.173211 0.107631 0.784151 0.035862 0.034358 -0.924591 0.034358 0.035862 0.000000 
5.000000e-01 5.000000e-01 4.999654e-03 5.000000e-01 5.000000e-01 1.205386e+00 -0.788970 0.106925 0.174313 0.226494 0.174313 0.106925 0.788970 0.034990 0.033335 -0.925621 0.033335 0.034990 0.000000 
5.000000e-01 5.000000e-01 4.999654e-03 5.000000e-01 5.000000e-01 1.212705e+00 -0.793773 0.106165 0.175392 0.230658 0.175392 0.106165 0.793773 0.034121 0.032316 -0.926648 0.032316 0.034121 0.000000 
5.000000e-01 5.000000e-01 4.999654e-03 5.000000e-01 5.000000e-01 1.219997e+00 -0.798559 0.105352 0.176446 0.234962 0.176446 0.105352 0.798559 0.033255 0.031301 -0.927670 0.031301 0.033255 0.000000 
5.000000e-01 5.000000e-01 4.999654e-03 5.000000e-01 5.000000e-01 1.227263e+00 -0.803327 0.104448 0.177456 0.239519 0.177456 0.104448 0.803327 0.032392 0.030289 -0.928689 0.030289 0.032392 0.000000 
5.000000e-01 5.000000e-01 4.999654e-03 5.000000e-01 5.000000e-01 1.234503e+00 -0.808077 0.103487 0.178431 0.244243 0.178431 0.103487 0.808077 0.031531 0.029281 -0.929703 0.029281 0.031531 0.000000 
5.000000e-01 5.000000e-01 4.999654e-03 5.000000e-01 5.000000e-01 1.241715e+00 -0.812810 0.102469 0.179369 0.249135 0.179369 0.102469 0.812810 0.030674 0.028277 -0.930713 0.028277 0.030674 0.000000 
5.000000e-01 5.000000e-01 4.999654e-03 5.000000e-01 5.000000e-01 1.248900e+00 -0.817525 0.101379 0.180258 0.254253 0.180258 0.101379 0.817525 0.029820 0.027277 -0.931719 0.027277 0.029820 0.000000 
5.000000e-01 5.000000e-01 4.999654e-03 5.000000e-01 5.000000e-01 1.256058e+00 -0.822222 0.100205 0.181082 0.259647 0.181082 0.100205 0.822222 0.028968 0.026281 -0.932721 0.026281 0.028968 0.000000 
5.000000e-01 5.000000e-01 4.999654e-03 5.000000e-01 5.000000e-01 1.263187e+00 -0.826900 0.098972 0.181855 0.265246 0.181855 0.098972 0.826900 0.028120 0.025289 -0.933718 0.025289 0.028120 0.000000 
5.000000e-01 5.000000e-01 4.999654e-03 5.000000e-01 5.000000e-01 1.270288e+00 -0.831559 0.097681 0.182573 0.271052 0.182573 0.097681 0.831559 0.027276 0.024300 -0.934712 0.024300 0.027276 0.000000 
5.000000e-01 5.000000e-01 4.999654e-03 5.000000e-01 5.000000e-01 1.277360e+00 -0.836200 0.096290 0.183191 0.277238 0.183191 0.096290 0.836200 0.026434 0.023316 -0.935701 0.023316 0.026434 0.000000 
5.000000e-01 5.000000e-01 4.999654e-03 5.000000e-01 5.000000e-01 1.284403e+00 -0.840821 0.094835 0.183731 0.283690 0.183731 0.094835 0.840821 0.025596 0.022336 -0.936685 0.022336 0.025596 0.000000 
5.000000e-01 5.000000e-01 4.999654e-03 5.000000e-01 5.000000e-01 1.291416e+00 -0.845423 0.093320 0.184196 0.290391 0.184196 0.093320 0.845423 0.024761 0.021360 -0.937666 0.021360 0.024761 0.000000 
5.000000e-01 5.000000e-01 4.999654e-03 5.000000e-01 5.000000e-01 1.298400e+00 -0.850006 0.091721 0.184547 0.297470 0.184547 0.091721 0.850006 0.023929 0.020389 -0.938642 0.020389 0.023929 0.000000 
5.000000e-01 5.000000e-01 4.999654e-03 5.000000e-01 5.000000e-01 1.305353e+00 -0.854569 0.090038 0.184769 0.304953 0.184769 0.090038 0.854569 0.023101 0.019421 -0.939614 0.019421 0.023101 0.000000 
5.000000e-01 5.000000e-01 4.999654e-03 5.000000e-01 5.000000e-01 1.312276e+00 -0.859112 0.088297 0.184889 0.312738 0.184889 0.088297 0.859112 0.022276 0.018458 -0.940581 0.018458 0.022276 0.000000 
5.000000e-01 5.000000e-01 4.999654e-03 5.000000e-01 5.000000e-01 1.319167e+00 -0.863634 0.086485 0.184880 0.320905 0.184880 0.086485 0.863634 0.021455 0.017499 -0.941544 0.017499 0.021455 0.000000 
5.000000e-01 5.000000e-01 4.999654e-03 5.000000e-01 5.000000e-01 1.326027e+00 -0.868137 0.084575 0.184672 0.329641 0.184672 0.084575 0.868137 0.020638 0.016545 -0.942502 0.016545 0.020638 0.000000 
5.000000e-01 5.000000e-01 4.999654e-03 5.000000e-01 5.000000e-01 1.332856e+00 -0.872618 0.082609 0.184329 0.338741 0.184329 0.082609 0.872618 0.019824 0.015595 -0.943456 0.015595 0.019824 0.000000 
5.000000e-01 5.000000e-01 4.999654e-03 5.000000e-01 5.000000e-01 1.339652e+00 -0.877079 0.080583 0.183836 0.348241 0.183836 0.080583 0.877079 0.019014 0.014649 -0.944405 0.014649 0.019014 0.000000 
5.000000e-01 5.000000e-01 4.999654e-03 5.000000e-01 5.000000e-01 1.346416e+00 -0.881519 0.078451 0.183057 0.358502 0.183057 0.078451 0.881519 0.018207 0.013708 -0.945349 0.013708 0.018207 0.000000 
5.000000e-01 5.000000e-01 4.999654e-03 5.000000e-01 5.000000e-01 1.353147e+00 -0.885938 0.076267 0.182103 0.369197 0.182103 0.076267 0.885938 0.017405 0.012771 -0.946289 0.012771 0.017405 0.000000 
5.000000e-01 5.000000e-01 4.999654e-03 5.000000e-01 5.000000e-01 1.359844e+00 -0.890335 0.074030 0.180967 0.380341 0.180967 0.074030 0.890335 0.016606 0.011839 -0.947225 0.011839 0.016606 0.000000 
5.000000e-01 5.000000e-01 4.999654e-03 5.000000e-01 5.000000e-01 1.366508e+00 -0.894711 0.071687 0.179442 0.392453 0.179442 0.071687 0.894711 0.015811 0.010911 -0.948155 0.010911 0.015811 0.000000 
5.000000e-01 5.000000e-01 4.999654e-03 5.000000e-01 5.000000e-01 1.373137e+00 -0.899066 0.069297 0.177695 0.405081 0.177695 0.069297 0.899066 0.015019 0.009988 -0.949081 0.009988 0.015019 0.000000 
5.000000e-01 5.000000e-01 4.999654e-03 5.000000e-01 5.000000e-01 1.379732e+00 -0.903398 0.066858 0.175713 0.418256 0.175713 0.066858 0.903398 0.014232 0.009070 -0.950003 0.009070 0.014232 0.000000 
5.000000e-01 5.000000e-01 4.999654e-03 5.000000e-01 5.000000e-01 1.386292e+00 -0.907710 0.064320 0.173232 0.432605 0.173232 0.064320 0.907710 0.013448 0.008156 -0.950919 0.008156 0.013448 0.000000 
5.000000e-01 5.000000e-01 4.999654e-03 5.000000e-01 5.000000e-01 1.392817e+00 -0.912000 0.061742 0.170481 0.447553 0.170481 0.061742 0.912000 0.012669 0.007247 -0.951831 0.007247 0.012669 0.000000 
5.000000e-01 5.000000e-01 4.999654e-03 5.000000e-01 5.000000e-01 1.399306e+00 -0.916268 0.059114 0.167403 0.463234 0.167403 0.059114 0.916268 0.011893 0.006343 -0.952738 0.006343 0.011893 0.000000 
5.000000e-01 5.000000e-01 4.999654e-03 5.000000e-01 5.000000e-01 1.405759e+00 -0.920515 0.056403 0.163730 0.480249 0.163730 0.056403 0.920515 0.011121 0.005442 -0.953641 0.005442 0.011121 0.000000 
5.000000e-01 5.000000e-01 4.999654e-03 5.000000e-01 5.000000e-01 1.412176e+00 -0.924741 0.053659 0.159743 0.497935 0.159743 0.053659 0.924741 0.010352 0.004547 -0.954539 0.004547 0.010352 0.000000 
5.000000e-01 5.000000e-01 4.999654e-03 5.000000e-01 5.000000e-01 1.418557e+00 -0.928945 0.050862 0.155272 0.516676 0.155272 0.050862 0.928945 0.009588 0.003656 -0.955433 0.003656 0.009588 0.000000 
5.000000e-01 5.000000e-01 4.999654e-03 5.000000e-01 5.000000e-01 1.424901e+00 -0.933130 0.048003 0.150167 0.536789 0.150167 0.048003 0.933129 0.008827 0.002769 -0.956322 0.002769 0.008827 0.000000 
5.000000e-01 5.000000e-01 4.999654e-03 5.000000e-01 5.000000e-01 1.431207e+00 -0.937292 0.045120 0.144718 0.557615 0.144718 0.045120 0.937292 0.008070 0.001887 -0.957207 0.001887 0.008070 0.000000 
5.000000e-01 5.000000e-01 4.999654e-03 5.000000e-01 5.000000e-01 1.437477e+00 -0.941436 0.042178 0.138545 0.579991 0.138545 0.042178 0.941436 0.007317 0.001009 -0.958087 0.001009 0.007317 0.000000 
5.000000e-01 5.000000e-01 4.999654e-03 5.000000e-01 5.000000e-01 1.443709e+00 -0.945561 0.039200 0.131806 0.603548 0.131806 0.039200 0.945561 0.006567 0.000135 -0.958963 0.000135 0.006567 0.000000 
5.000000e-01 5.000000e-01 4.999654e-03 5.000000e-01 5.000000e-01 1.449903e+00 -0.949664 0.036205 0.124701 0.627852 0.124701 0.036205 0.949664 0.005820 -0.000735 -0.959835 -0.000735 0.005820 0.000000 
5.000000e-01 5.000000e-01 4.999654e-03 5.000000e-01 5.000000e-01 1.456060e+00 -0.953753 0.033147 0.116593 0.654273 0.116593 0.033147 0.953753 0.005077 -0.001601 -0.960704 -0.001601 0.005077 0.000000 
5.000000e-01 5.000000e-01 4.999654e-03 5.000000e-01 5.000000e-01 1.462178e+00 -0.957820 0.030080 0.108129 0.681401 0.108129 0.030080 0.957820 0.004337 -0.002463 -0.961568 -0.002463 0.004337 0.000000 
5.000000e-01 5.000000e-01 4.999654e-03 5.000000e-01 5.000000e-01 1.468258e+00 -0.961870 0.026986 0.099021 0.709858 0.099021 0.026986 0.961870 0.003601 -0.003321 -0.962428 -0.003321 0.003601 0.000000 
5.000000e-01 5.000000e-01 4.999654e-03 5.000000e-01 5.000000e-01 1.474300e+00 -0.965903 0.023864 0.089211 0.739754 0.089211 0.023864 0.965903 0.002867 -0.004176 -0.963285 -0.004176 0.002867 0.000000 
5.000000e-01 5.000000e-01 4.999654e-03 5.000000e-01 5.000000e-01 1.480303e+00 -0.969915 0.020740 0.079109 0.770216 0.079109 0.020740 0.969915 0.002137 -0.005026 -0.964137 -0.005026 0.002137 0.000000 
5.000000e-01 5.000000e-01 4.999654e-03 5.000000e-01 5.000000e-01 1.486266e+00 -0.973913 0.017585 0.068143 0.802457 0.068143 0.017585 0.973913 0.001410 -0.005873 -0.964986 -0.005873 0.001410 0.000000 
5.000000e-01 5.000000e-01 4.999654e-03 5.000000e-01 5.000000e-01 1.492190e+00 -0.977888 0.014435 0.056942 0.835133 0.056942 0.014435 0.977888 0.000687 -0.006716 -0.965831 -0.006716 0.000687 0.000000 
5.000000e-01 5.000000e-01 4.999654e-03 5.000000e-01 5.000000e-01 1.498073e+00 -0.981843 0.011279 0.045299 0.868687 0.045299 0.011279 0.981843 -0.000032 -0.007554 -0.966671 -0.007554 -0.000032 0.000000 
5.000000e-01 5.000000e-01 4.999654e-03 5.000000e-01 5.000000e-01 1.503914e+00 -0.985777 0.008126 0.033334 0.902858 0.033334 0.008126 0.985777 -0.000748 -0.008387 -0.967506 -0.008387 -0.000748 0.000000 
5.000000e-01 5.000000e-01 4.999654e-03 5.000000e-01 5.000000e-01 1.509711e+00 -0.989684 0.004986 0.021261 0.937190 0.021261 0.004986 0.989684 -0.001458 -0.009215 -0.968336 -0.009215 -0.001458 0.000000 
5.000000e-01 5.000000e-01 4.999654e-03 5.000000e-01 5.000000e-01 1.515050e+00 -0.993286 0.002081 0.009865 0.969394 0.009865 0.002081 0.993286 -0.002114 -0.009979 -0.969102 -0.009979 -0.002114 0.000000 
5.000000e-01 5.000000e-01 4.999654e-03 5.000000e-01 5.000000e-01 1.515050e+00 -0.993286 0.002081 0.009865 0.969394 0.009865 0.002081 0.993286 -0.002114 -0.009979 -0.969102 -0.009979 -0.002114 0.000000 
5.000000e-01 5.000000e-01 4.999654e-03 5.000000e-01 5.000000e-01 1.515050e+00 -0.993286 0.002081 0.009865 0.969394 0.009865 0.002081 0.993286 -0.002114 -0.009979 -0.969102 -0.009979 -0.002114 0.000000 
5.000000e-01 5.000000e-01 4.999654e-03 5.000000e-01 5.000000e-01 1.515050e+00 -0.993286 0.002081 0.009865 0.969394 0.009865 0.002081 0.993286 -0.002114 -0.009979 -0.969102 -0.009979 -0.002114 0.000000 
5.000000e-01 5.000000e-01 4.999654e-03 5.000000e-01 5.000000e-01 1.515050e+00 -0.993286 0.002081 0.009865 0.969394 0.009865 0.002081 0.993286 -0.002114 -0.009979 -0.969102 -0.009979 -0.002114 0.000000 
5.000000e-01 5.000000e-01 4.999654e-03 5.000000e-01 5.000000e-01 1.515050e+00 -0.993286 0.002081 0.009865 0.969394 0.009865 0.002081 0.993286 -0.002114 -0.009979 -0.969102 -0.009979 -0.002114 0.000000 
5.000000e-01 5.000000e-01 4.999654e-03 5.000000e-01 5.000000e-01 1.515050e+00 -0.993286 0.002081 0.009865 0.969394 0.009865 0.002081 0.993286 -0.002114 -0.009979 -0.969102 -0.009979 -0.002114 0.000000 
5.000000e-01 5.000000e-01 4.999654e-03 5.000000e-01 5.000000e-01 1.515050e+00 -0.993286 0.002081 0.009865 0.969394 0.009865 0.002081 0.993286 -0.002114 -0.009979 -0.969102 -0.009979 -0.002114 0.000000 
5.000000e-01 5.000000e-01 4.999654e-03 5.000000e-01 5.000000e-01 1.515050e+00 -0.993286 0.002081 0.009865 0.969394 0.009865 0.002081 0.993286 -0.002114 -0.009979 -0.969102 -0.009979 -0.002114 0.000000 
5.000000e-01 5.000000e-01 4.999654e-03 5.000000e-01 5.000000e-01 1.515050e+00 -0.993286 0.002081 0.009865 0.969394 0.009865 0.002081 0.993286 -0.002114 -0.009979 -0.969102 -0.009979 -0.002114 0.000000 
5.000000e-01 5.000000e-01 4.999654e-03 5.000000e-01 5.000000e-01 1.515050e+00 -0.993286 0.002081 0.009865 0.969394 0.009865 0.002081 0.993286 -0.002114 -0.009979 -0.969102 -0.009979 -0.002114 0.000000 
5.000000e-01 5.000000e-01 4.999654e-03 5.000000e-01 5.000000e-01 1.515050e+00 -0.993286 0.002081 0.009865 0.969394 0.009865 0.002081 0.993286 -0.002114 -0.009979 -0.969102 -0.009979 -0.002114 0.000000 
5.000000e-01 5.000000e-01 4.999654e-03 5.000000e-01 5.000000e-01 1.515050e+00 -0.993286 0.002081 0.009865 0.969394 0.009865 0.002081 0.993286 -0.002114 -0.009979 -0.969102 -0.009979 -0.002114 0.000000 
5.000000e-01 5.000000e-01 4.999654e-03 5.000000e-01 5.000000e-01 1.515050e+00 -0.993286 0.002081 0.009865 0.969394 0.009865 0.002081 0.993286 -0.002114 -0.009979 -0.969102 -0.009979 -0.002114 0.000000 
5.000000e-01 5.000000e-01 4.999654e-03 5.000000e-01 5.000000e-01 1.515050e+00 -0.993286 0.002081 0.009865 0.969394 0.009865 0.002081 0.993286 -0.002114 -0.009979 -0.969102 -0.009979 -0.002114 0.000000 
5.000000e-01 5.000000e-01 4.999654e-03 5.000000e-01 5.000000e-01 1.515050e+00 -0.993286 0.002081 0.009865 0.969394 0.009865 0.002081 0.993286 -0.002114 -0.009979 -0.969102 -0.009979 -0.002114 0.000000 
5.000000e-01 5.000000e-01 4.999654e-03 5.000000e-01 5.000000e-01 1.515050e+00 -0.993286 0.002081 0.009865 0.969394 0.009865 0.002081 0.993286 -0.002114 -0.009979 -0.969102 -0.009979 -0.002114 0.000000 
5.000000e-01 5.000000e-01 4.999654e-03 5.000000e-01 5.000000e-01 1.515050e+00 -0.993286 0.002081 0.009865 0.969394 0.009865 0.002081 0.993286 -0.002114 -0.009979 -0.969102 -0.009979 -0.002114 0.000000 
5.000000e-01 5.000000e-01 4.999654e-03 5.000000e-01 5.000000e-01 1.515050e+00 -0.993286 0.002081 0.009865 0.969394 0.009865 0.002081 0.993286 -0.002114 -0.009979 -0.969102 -0.009979 -0.002114 0.000000 
5.000000e-01 5.000000e-01 4.999654e-03 5.000000e-01 5.000000e-01 1.515050e+00 -0.993286 0.002081 0.009865 0.969394 0.009865 0.002081 0.993286 -0.002114 -0.009979 -0.969102 -0.009979 -0.002114 0.000000 
5.000000e-01 5.000000e-01 4.999654e-03 5.000000e-01 5.000000e-01 1.515050e+00 -0.993286 0.002081 0.009865 0.969394 0.009865 0.002081 0.993286 -0.002114 -0.009979 -0.969102 -0.009979 -0.002114 0.000000 
5.000000e-01 5.000000e-01 4.999654e-03 5.000000e-01 5.000000e-01 1.515050e+00 -0.993286 0.002081 0.009865 0.969394 0.009865 0.002081 0.993286 -0.002114 -0.009979 -0.969102 -0.009979 -0.002114 0.000000 
5.000000e-01 5.000000e-01 4.999654e-03 5.000000e-01 5.000000e-01 1.515050e+00 -0.993286 0.002081 0.009865 0.969394 0.009865 0.002081 0.993286 -0.002114 -0.009979 -0.969102 -0.009979 -0.002114 0.000000 
5.000000e-01 5.000000e-01 4.999654e-03 5.000000e-01 5.000000e-01 1.515050e+00 -0.993286 0.002081 0.009865 0.969394 0.009865 0.002081 0.993286 -0.002114 -0.009979 -0.969102 -0.009979 -0.002114 0.000000 
5.000000e-01 5.000000e-01 4.999654e-03 5.000000e-01 5.000000e-01 1.515050e+00 -0.993286 0.002081 0.009865 0.969394 0.009865 0.002081 0.993286 -0.002114 -0.009979 -0.969102 -0.009979 -0.002114 0.000000 
5.000000e-01 5.000000e-01 4.999654e-03 5.000000e-01 5.000000e-01 1.515050e+00 -0.993286 0.002081 0.009865 0.969394 0.009865 0.002081 0.993286 -0.002114 -0.009979 -0.969102 -0.009979 -0.002114 0.000000 
5.000000e-01 5.000000e-01 4.999654e-03 5.000000e-01 5.000000e-01 1.515050e+00 -0.993286 0.002081 0.009865 0.969394 0.009865 0.002081 0.993286 -0.002114 -0.009979 -0.969102 -0.009979 -0.002114 0.000000 
5.000000e-01 5.000000e-01 4.999654e-03 5.000000e-01 5.000000e-01 1.515050e+00 -0.993286 0.002081 0.009865 0.969394 0.009865 0.002081 0.993286 -0.002114 -0.009979 -0.969102 -0.009979 -0.002114 0.000000 
5.000000e-01 5.000000e-01 4.999654e-03 5.000000e-01 5.000000e-01 1.515050e+00 -0.993286 0.002081 0.009865 0.969394 0.009865 0.002081 0.993286 -0.002114 -0.009979 -0.969102 -0.009979 -0.002114 0.000000 
5.000000e-01 5.000000e-01 4.999654e-03 5.000000e-01 5.000000e-01 1.515050e+00 -0.993286 0.002081 0.009865 0.969394 0.009865 0.002081 0.993286 -0.002114 -0.009979 -0.969102 -0.009979 -0.002114 0.000000 
5.000000e-01 5.000000e-01 4.999654e-03 5.000000e-01 5.000000e-01 1.515050e+00 -0.993286 0.002081 0.009865 0.969394 0.009865 0.002081 0.993286 -0.002114 -0.009979 -0.969102 -0.009979 -0.002114 0.000000 
5.000000e-01 5.000000e-01 4.999654e-03 5.000000e-01 5.000000e-01 1.515050e+00 -0.993286 0.002081 0.009865 0.969394 0.009865 0.002081 0.993286 -0.002114 -0.009979 -0.969102 -0.009979 -0.002114 0.000000 
5.000000e-01 5.000000e-01 4.999654e-03 5.000000e-01 5.000000e-01 1.515050e+00 -0.993286 0.002081 0.009865 0.969394 0.009865 0.002081 0.993286 -0.002114 -0.009979 -0.969102 -0.009979 -0.002114 0.000000 
5.000000e-01 5.000000e-01 4.999654e-03 5.000000e-01 5.000000e-01 1.515050e+00 -0.993286 0.002081 0.009865 0.969394 0.009865 0.002081 0.993286 -0.002114 -0.009979 -0.969102 -0.009979 -0.002114 0.000000 
5.000000e-01 5.000000e-01 4.999654e-03 5.000000e-01 5.000000e-01 1.515050e+00 -0.993286 0.002081 0.009865 0.969394 0.009865 0.002081 0.993286 -0.002114 -0.009979 -0.969102 -0.009979 -0.002114 0.000000 
5.000000e-01 5.000000e-01 4.999654e-03 5.000000e-01 5.000000e-01 1.515050e+00 -0.993286 0.002081 0.009865 0.969394 0.009865 0.002081 0.993286 -0.002114 -0.009979 -0.969102 -0.009979 -0.002114 0.000000 
5.000000e-01 5.000000e-01 4.999654e-03 5.000000e-01 5.000000e-01 1.515050e+00 -0.993286 0.002081 0.009865 0.969394 0.009865 0.002081 0.993286 -0.002114 -0.009979 -0.969102 -0.009979 -0.002114 0.000000 
5.000000e-01 5.000000e-01 4.999654e-03 5.000000e-01 5.000000e-01 1.515050e+00 -0.993286 0.002081 0.009865 0.969394 0.009865 0.002081 0.993286 -0.002114 -0.009979 -0.969102 -0.009979 -0.002114 0.000000 
5.000000e-01 5.000000e-01 4.999654e-03 5.000000e-01 5.000000e-01 1.515050e+00 -0.993286 0.002081 0.009865 0.969394 0.009865 0.002081 0.993286 -0.002114 -0.009979 -0.969102 -0.009979 -0.002114 0.000000 
5.000000e-01 5.000000e-01 4.999654e-03 5.000000e-01 5.000000e-01 1.515050e+00 -0.993286 0.002081 0.009865 0.969394 0.009865 0.002081 0.993286 -0.002114 -0.009979 -0.969102 -0.009979 -0.002114 0.000000 
5.000000e-01 5.000000e-01 4.999654e-03 5.000000e-01 5.000000e-01 1.515050e+00 -0.993286 0.002081 0.009865 0.969394 0.009865 0.002081 0.993286 -0.002114 -0.009979 -0.969102 -0.009979 -0.002114 0.000000 
5.000000e-01 5.000000e-01 4.999654e-03 5.000000e-01 5.000000e-01 1.515050e+00 -0.993286 0.002081 0.009865 0.969394 0.009865 0.002081 0.993286 -0.002114 -0.009979 -0.969102 -0.009979 -0.002114 0.000000 
5.000000e-01 5.000000e-01 4.999654e-03 5.000000e-01 5.000000e-01 1.515050e+00 -0.993286 0.002081 0.009865 0.969394 0.009865 0.002081 0.993286 -0.002114 -0.009979 -0.969102 -0.009979 -0.002114 0.000000 
5.000000e-01 5.000000e-01 4.999654e-03 5.000000e-01 5.000000e-01 1.515050e+00 -0.993286 0.002081 0.009865 0.969394 0.009865 0.002081 0.993286 -0.002114 -0.009979 -0.969102 -0.009979 -0.002114 0.000000 
5.000000e-01 5.000000e-01 4.999654e-03 5.000000e-01 5.000000e-01 1.515050e+00 -0.993286 0.002081 0.009865 0.969394 0.009865 0.002081 0.993286 -0.002114 -0.009979 -0.969102 -0.009979 -0.002114 0.000000 
5.000000e-01 5.000000e-01 4.999654e-03 5.000000e-01 5.000000e-01 1.515050e+00 -0.993286 0.002081 0.009865 0.969394 0.009865 0.002081 0.993286 -0.002114 -0.009979 -0.969102 -0.009979 -0.002114 0.000000 
5.000000e-01 5.000000e-01 4.999654e-03 5.000000e-01 5.000000e-01 1.515050e+00 -0.993286 0.002081 0.009865 0.969394 0.009865 0.002081 0.993286 -0.002114 -0.009979 -0.969102 -0.009979 -0.002114 0.000000 
5.000000e-01 5.000000e-01 4.999654e-03 5.000000e-01 5.000000e-01 1.515050e+00 -0.993286 0.002081 0.009865 0.969394 0.009865 0.002081 0.993286 -0.002114 -0.009979 -0.969102 -0.009979 -0.002114 0.000000 
5.000000e-01 5.000000e-01 4.999654e-03 5.000000e-01 5.000000e-01 1.515050e+00 -0.993286 0.002081 0.009865 0.969394 0.009865 0.002081 0.993286 -0.002114 -0.009979 -0.969102 -0.009979 -0.002114 0.000000 
5.000000e-01 5.000000e-01 4.999654e-03 5.000000e-01 5.000000e-01 1.515050e+00 -0.993286 0.002081 0.009865 0.969394 0.009865 0.002081 0.993286 -0.002114 -0.009979 -0.969102 -0.009979 -0.002114 0.000000 
5.000000e-01 5.000000e-01 4.999654e-03 5.000000e-01 5.000000e-01 1.515050e+00 -0.993286 0.002081 0.009865 0.969394 0.009865 0.002081 0.993286 -0.002114 -0.009979 -0.969102 -0.009979 -0.002114 0.000000 
5.000000e-01 5.000000e-01 4.999654e-03 5.000000e-01 5.000000e-01 1.515050e+00 -0.993286 0.002081 0.009865 0.969394 0.009865 0.002081 0.993286 -0.002114 -0.009979 -0.969102 -0.009979 -0.002114 0.000000 
5.000000e-01 5.000000e-01 4.999654e-03 5.000000e-01 5.000000e-01 1.515050e+00 -0.993286 0.002081 0.009865 0.969394 0.009865 0.002081 0.993286 -0.002114 -0.009979 -0.969102 -0.009979 -0.002114 0.000000 
5.000000e-01 5.000000e-01 4.999654e-03 5.000000e-01 5.000000e-01 1.515050e+00 -0.993286 0.002081 0.009865 0.969394 0.009865 0.002081 0.993286 -0.002114 -0.009979 -0.969102 -0.009979 -0.002114 0.000000 
5.000000e-01 5.000000e-01 4.999654e-03 5.000000e-01 5.000000e-01 1.515050e+00 -0.993286 0.002081 0.009865 0.969394 0.009865 0.002081 0.993286 -0.002114 -0.009979 -0.969102 -0.009979 -0.002114 0.000000 
5.000000e-01 5.000000e-01 4.999654e-03 5.000000e-01 5.000000e-01 1.515050e+00 -0.993286 0.002081 0.009865 0.969394 0.009865 0.002081 0.993286 -0.002114 -0.009979 -0.969102 -0.009979 -0.002114 0.000000 
5.000000e-01 5.000000e-01 4.999654e-03 5.000000e-01 5.000000e-01 1.515050e+00 -0.993286 0.002081 0.009865 0.969394 0.009865 0.002081 0.993286 -0.002114 -0.009979 -0.969102 -0.009979 -0.002114 0.000000 
5.000000e-01 5.000000e-01 4.999654e-03 5.000000e-01 5.000000e-01 1.515050e+00 -0.993286 0.002081 0.009865 0.969394 0.009865 0.002081 0.993286 -0.002114 -0.009979 -0.969102 -0.009979 -0.002114 0.000000 
5.000000e-01 5.000000e-01 4.999654e-03 5.000000e-01 5.000000e-01 1.515050e+00 -0.993286 0.002081 0.009865 0.969394 0.009865 0.002081 0.993286 -0.002114 -0.009979 -0.969102 -0.009979 -0.002114 0.000000 
5.000000e-01 5.000000e-01 4.999654e-03 5.000000e-01 5.000000e-01 1.515050e+00 -0.993286 0.002081 0.009865 0.969394 0.009865 0.002081 0.993286 -0.002114 -0.009979 -0.969102 -0.009979 -0.002114 0.000000 
5.000000e-01 5.000000e-01 4.999654e-03 5.000000e-01 5.000000e-01 1.515050e+00 -0.993286 0.002081 0.009865 0.969394 0.009865 0.002081 0.993286 -0.002114 -0.009979 -0.969102 -0.009979 -0.002114 0.000000 
5.000000e-01 5.000000e-01 4.999654e-03 5.000000e-01 5.000000e-01 1.515050e+00 -0.993286 0.002081 0.009865 0.969394 0.009865 0.002081 0.993286 -0.002114 -0.009979 -0.969102 -0.009979 -0.002114 0.000000 
5.000000e-01 5.000000e-01 4.999654e-03 5.000000e-01 5.000000e-01 1.515050e+00 -0.993286 0.002081 0.009865 0.969394 0.009865 0.002081 0.993286 -0.002114 -0.009979 -0.969102 -0.009979 -0.002114 0.000000 
5.000000e-01 5.000000e-01 4.999654e-03 5.000000e-01 5.000000e-01 1.515050e+00 -0.993286 0.002081 0.009865 0.969394 0.009865 0.002081 0.993286 -0.002114 -0.009979 -0.969102 -0.009979 -0.002114 0.000000 
5.000000e-01 5.000000e-01 4.999654e-03 5.000000e-01 5.000000e-01 1.515050e+00 -0.993286 0.002081 0.009865 0.969394 0.009865 0.002081 0.993286 -0.002114 -0.009979 -0.969102 -0.009979 -0.002114 0.000000 
5.000000e-01 5.000000e-01 4.999654e-03 5.000000e-01 5.000000e-01 1.515050e+00 -0.993286 0.002081 0.009865 0.969394 0.009865 0.002081 0.993286 -0.002114 -0.009979 -0.969102 -0.009979 -0.002114 0.000000 
5.000000e-01 5.000000e-01 4.999654e-03 5.000000e-01 5.000000e-01 1.515050e+00 -0.993286 0.002081 0.009865 0.969394 0.009865 0.002081 0.993286 -0.002114 -0.009979 -0.969102 -0.009979 -0.002114 0.000000 
5.000000e-01 5.000000e-01 4.999654e-03 5.000000e-01 5.000000e-01 1.515050e+00 -0.993286 0.002081 0.009865 0.969394 0.009865 0.002081 0.993286 -0.002114 -0.009979 -0.969102 -0.009979 -0.002114 0.000000 
5.000000e-01 5.000000e-01 4.999654e-03 5.000000e-01 5.000000e-01 1.515050e+00 -0.993286 0.002081 0.009865 0.969394 0.009865 0.002081 0.993286 -0.002114 -0.009979 -0.969102 -0.009979 -0.002114 0.000000 
5.000000e-01 5.000000e-01 4.999654e-03 5.000000e-01 5.000000e-01 1.515050e+00 -0.993286 0.002081 0.009865 0.969394 0.009865 0.002081 0.993286 -0.002114 -0.009979 -0.969102 -0.009979 -0.002114 0.000000 
5.000000e-01 5.000000e-01 4.999654e-03 5.000000e-01 5.000000e-01 1.515050e+00 -0.993286 0.002081 0.009865 0.969394 0.009865 0.002081 0.993286 -0.002114 -0.009979 -0.969102 -0.009979 -0.002114 0.000000 
5.000000e-01 5.000000e-01 4.999654e-03 5.000000e-01 5.000000e-01 1.515050e+00 -0.993286 0.002081 0.009865 0.969394 0.009865 0.002081 0.993286 -0.002114 -0.009979 -0.969102 -0.009979 -0.002114 0.000000 
5.000000e-01 5.000000e-01 4.999654e-03 5.000000e-01 5.000000e-01 1.515050e+00 -0.993286 0.002081 0.009865 0.969394 0.009865 0.002081 0.993286 -0.002114 -0.009979 -0.969102 -0.009979 -0.002114 0.000000 
5.000000e-01 5.000000e-01 4.999654e-03 5.000000e-01 5.000000e-01 1.515050e+00 -0.993286 0.002081 0.009865 0.969394 0.009865 0.002081 0.993286 -0.002114 -0.009979 -0.969102 -0.009979 -0.002114 0.000000 
5.000000e-01 5.000000e-01 4.999654e-03 5.000000e-01 5.000000e-01 1.515050e+00 -0.993286 0.002081 0.009865 0.969394 0.009865 0.002081 0.993286 -0.002114 -0.009979 -0.969102 -0.009979 -0.002114 0.000000 
5.000000e-01 5.000000e-01 4.999654e-03 5.000000e-01 5.000000e-01 1.515050e+00 -0.993286 0.002081 0.009865 0.969394 0.009865 0.002081 0.993286 -0.002114 -0.009979 -0.969102 -0.009979 -0.002114 0.000000 
5.000000e-01 5.000000e-01 4.999654e-03 5.000000e-01 5.000000e-01 1.515050e+00 -0.993286 0.002081 0.009865 0.969394 0.009865 0.002081 0.993286 -0.002114 -0.009979 -0.969102 -0.009979 -0.002114 0.000000 
5.000000e-01 5.000000e-01 4.999654e-03 5.000000e-01 5.000000e-01 1.515050e+00 -0.993286 0.002081 0.009865 0.969394 0.009865 0.002081 0.993286 -0.002114 -0.009979 -0.969102 -0.009979 -0.002114 0.000000 
5.000000e-01 5.000000e-01 4.999654e-03 5.000000e-01 5.000000e-01 1.515050e+00 -0.993286 0.002081 0.009865 0.969394 0.009865 0.002081 0.993286 -0.002114 -0.009979 -0.969102 -0.009979 -0.002114 0.000000 
5.000000e-01 5.000000e-01 4.999654e-03 5.000000e-01 5.000000e-01 1.515050e+00 -0.993286 0.002081 0.009865 0.969394 0.009865 0.002081 0.993286 -0.002114 -0.009979 -0.969102 -0.009979 -0.002114 0.000000 
5.000000e-01 5.000000e-01 4.999654e-03 5.000000e-01 5.000000e-01 1.515050e+00 -0.993286 0.002081 0.009865 0.969394 0.009865 0.002081 0.993286 -0.002114 -0.009979 -0.969102 -0.009979 -0.002114 0.000000 
5.000000e-01 5.000000e-01 4.999654e-03 5.000000e-01 5.000000e-01 1.515050e+00 -0.993286 0.002081 0.009865 0.969394 0.009865 0.002081 0.993286 -0.002114 -0.009979 -0.969102 -0.009979 -0.002114 0.000000 
5.000000e-01 5.000000e-01 4.999654e-03 5.000000e-01 5.000000e-01 1.515050e+00 -0.993286 0.002081 0.009865 0.969394 0.009865 0.002081 0.993286 -0.002114 -0.009979 -0.969102 -0.009979 -0.002114 0.000000 
5.000000e-01 5.000000e-01 4.999654e-03 5.000000e-01 5.000000e-01 1.515050e+00 -0.993286 0.002081 0.009865 0.969394 0.009865 0.002081 0.993286 -0.002114 -0.009979 -0.969102 -0.009979 -0.002114 0.000000 
5.000000e-01 5.000000e-01 4.999654e-03 5.000000e-01 5.000000e-01 1.515050e+00 -0.993286 0.002081 0.009865 0.969394 0.009865 0.002081 0.993286 -0.002114 -0.009979 -0.969102 -0.009979 -0.002114 0.000000 
5.000000e-01 5.000000e-01 4.999654e-03 5.000000e-01 5.000000e-01 1.515050e+00 -0.993286 0.002081 0.009865 0.969394 0.009865 0.002081 0.993286 -0.002114 -0.009979 -0.969102 -0.009979 -0.002114 0.000000 
5.000000e-01 5.000000e-01 4.999654e-03 5.000000e-01 5.000000e-01 1.515050e+00 -0.993286 0.002081 0.009865 0.969394 0.009865 0.002081 0.993286 -0.002114 -0.009979 -0.969102 -0.009979 -0.002114 0.000000 
5.000000e-01 5.000000e-01 4.999654e-03 5.000000e-01 5.000000e-01 1.515050e+00 -0.993286 0.002081 0.009865 0.969394 0.009865 0.002081 0.993286 -0.002114 -0.009979 -0.969102 -0.009979 -0.002114 0.000000 
5.000000e-01 5.000000e-01 4.999654e-03 5.000000e-01 5.000000e-01 1.515050e+00 -0.993286 0.002081 0.009865 0.969394 0.009865 0.002081 0.993286 -0.002114 -0.009979 -0.969102 -0.009979 -0.002114 0.000000 
5.000000e-01 5.000000e-01 4.999654e-03 5.000000e-01 5.000000e-01 1.515050e+00 -0.993286 0.002081 0.009865 0.969394 0.009865 0.002081 0.993286 -0.002114 -0.009979 -0.969102 -0.009979 -0.002114 0.000000 
5.000000e-01 5.000000e-01 4.999654e-03 5.000000e-01 5.000000e-01 1.515050e+00 -0.993286 0.002081 0.009865 0.969394 0.009865 0.002081 0.993286 -0.002114 -0.009979 -0.969102 -0.009979 -0.002114 0.000000 
5.000000e-01 5.000000e-01 4.999654e-03 5.000000e-01 5.000000e-01 1.515050e+00 -0.993286 0.002081 0.009865 0.969394 0.009865 0.002081 0.993286 -0.002114 -0.009979 -0.969102 -0.009979 -0.002114 0.000000 
5.000000e-01 5.000000e-01 4.999654e-03 5.000000e-01 5.000000e-01 1.515050e+00 -0.993286 0.002081 0.009865 0.969394 0.009865 0.002081 0.993286 -0.002114 -0.009979 -0.969102 -0.009979 -0.002114 0.000000 
5.000000e-01 5.000000e-01 4.999654e-03 5.000000e-01 5.000000e-01 1.515050e+00 -0.993286 0.002081 0.009865 0.969394 0.009865 0.002081 0.993286 -0.002114 -0.009979 -0.969102 -0.009979 -0.002114 0.000000 
5.000000e-01 5.000000e-01 4.999654e-03 5.000000e-01 5.000000e-01 1.515050e+00 -0.993286 0.002081 0.009865 0.969394 0.009865 0.002081 0.993286 -0.002114 -0.009979 -0.969102 -0.009979 -0.002114 0.000000 
5.000000e-01 5.000000e-01 4.999654e-03 5.000000e-01 5.000000e-01 1.515050e+00 -0.993286 0.002081 0.009865 0.969394 0.009865 0.002081 0.993286 -0.002114 -0.009979 -0.969102 -0.009979 -0.002114 0.000000 
5.000000e-01 5.000000e-01 4.999654e-03 5.000000e-01 5.000000e-01 1.515050e+00 -0.993286 0.002081 0.009865 0.969394 0.009865 0.002081 0.993286 -0.002114 -0.009979 -0.969102 -0.009979 -0.002114 0.000000 
5.000000e-01 5.000000e-01 4.999654e-03 5.000000e-01 5.000000e-01 1.515050e+00 -0.993286 0.002081 0.009865 0.969394 0.009865 0.002081 0.993286 -0.002114 -0.009979 -0.969102 -0.009979 -0.002114 0.000000 
5.000000e-01 5.000000e-01 4.999654e-03 5.000000e-01 5.000000e-01 1.515050e+00 -0.993286 0.002081 0.009865 0.969394 0.009865 0.002081 0.993286 -0.002114 -0.009979 -0.969102 -0.009979 -0.002114 0.000000 
5.000000e-01 5.000000e-01 4.999654e-03 5.000000e-01 5.000000e-01 1.515050e+00 -0.993286 0.002081 0.009865 0.969394 0.009865 0.002081 0.993286 -0.002114 -0.009979 -0.969102 -0.009979 -0.002114 0.000000 
5.000000e-01 5.000000e-01 4.999654e-03 5.000000e-01 5.000000e-01 1.515050e+00 -0.993286 0.002081 0.009865 0.969394 0.009865 0.002081 0.993286 -0.002114 -0.009979 -0.969102 -0.009979 -0.002114 0.000000 
5.000000e-01 5.000000e-01 4.999654e-03 5.000000e-01 5.000000e-01 1.515050e+00 -0.993286 0.002081 0.009865 0.969394 0.009865 0.002081 0.993286 -0.002114 -0.009979 -0.969102 -0.009979 -0.002114 0.000000 
5.000000e-01 5.000000e-01 4.999654e-03 5.000000e-01 5.000000e-01 1.515050e+00 -0.993286 0.002081 0.009865 0.969394 0.009865 0.002081 0.993286 -0.002114 -0.009979 -0.969102 -0.009979 -0.002114 0.000000 
5.000000e-01 5.000000e-01 4.999654e-03 5.000000e-01 5.000000e-01 1.515050e+00 -0.993286 0.002081 0.009865 0.969394 0.009865 0.002081 0.993286 -0.002114 -0.009979 -0.969102 -0.009979 -0.002114 0.000000 
5.000000e-01 5.000000e-01 4.999654e-03 5.000000e-01 5.000000e-01 1.515050e+00 -0.993286 0.002081 0.009865 0.969394 0.009865 0.002081 0.993286 -0.002114 -0.009979 -0.969102 -0.009979 -0.002114 0.000000 
5.000000e-01 5.000000e-01 4.999654e-03 5.000000e-01 5.000000e-01 1.515050e+00 -0.993286 0.002081 0.009865 0.969394 0.009865 0.002081 0.993286 -0.002114 -0.009979 -0.969102 -0.009979 -0.002114 0.000000 
5.000000e-01 5.000000e-01 4.999654e-03 5.000000e-01 5.000000e-01 1.515050e+00 -0.993286 0.002081 0.009865 0.969394 0.009865 0.002081 0.993286 -0.002114 -0.009979 -0.969102 -0.009979 -0.002114 0.000000 
5.000000e-01 5.000000e-01 4.999654e-03 5.000000e-01 5.000000e-01 1.515050e+00 -0.993286 0.002081 0.009865 0.969394 0.009865 0.002081 0.993286 -0.002114 -0.009979 -0.969102 -0.009979 -0.002114 0.000000 
5.000000e-01 5.000000e-01 4.999654e-03 5.000000e-01 5.000000e-01 1.515050e+00 -0.993286 0.002081 0.009865 0.969394 0.009865 0.002081 0.993286 -0.002114 -0.009979 -0.969102 -0.009979 -0.002114 0.000000 
5.000000e-01 5.000000e-01 4.999654e-03 5.000000e-01 5.000000e-01 1.515050e+00 -0.993286 0.002081 0.009865 0.969394 0.009865 0.002081 0.993286 -0.002114 -0.009979 -0.969102 -0.009979 -0.002114 0.000000 
5.000000e-01 5.000000e-01 4.999654e-03 5.000000e-01 5.000000e-01 1.515050e+00 -0.993286 0.002081 0.009865 0.969394 0.009865 0.002081 0.993286 -0.002114 -0.009979 -0.969102 -0.009979 -0.002114 0.000000 
5.000000e-01 5.000000e-01 4.999654e-03 5.000000e-01 5.000000e-01 1.515050e+00 -0.993286 0.002081 0.009865 0.969394 0.009865 0.002081 0.993286 -0.002114 -0.009979 -0.969102 -0.009979 -0.002114 0.000000 
5.000000e-01 5.000000e-01 4.999654e-03 5.000000e-01 5.000000e-01 1.515050e+00 -0.993286 0.002081 0.009865 0.969394 0.009865 0.002081 0.993286 -0.002114 -0.009979 -0.969102 -0.009979 -0.002114 0.000000 
5.000000e-01 5.000000e-01 4.999654e-03 5.000000e-01 5.000000e-01 1.515050e+00 -0.993286 0.002081 0.009865 0.969394 0.009865 0.002081 0.993286 -0.002114 -0.009979 -0.969102 -0.009979 -0.002114 0.000000 
5.000000e-01 5.000000e-01 4.999654e-03 5.000000e-01 5.000000e-01 1.515050e+00 -0.993286 0.002081 0.009865 0.969394 0.009865 0.002081 0.993286 -0.002114 -0.009979 -0.969102 -0.009979 -0.002114 0.000000 
5.000000e-01 5.000000e-01 4.999654e-03 5.000000e-01 5.000000e-01 1.515050e+00 -0.993286 0.002081 0.009865 0.969394 0.009865 0.002081 0.993286 -0.002114 -0.009979 -0.969102 -0.009979 -0.002114 0.000000 
5.000000e-01 5.000000e-01 4.999654e-03 5.000000e-01 5.000000e-01 1.515050e+00 -0.993286 0.002081 0.009865 0.969394 0.009865 0.002081 0.993286 -0.002114 -0.009979 -0.969102 -0.009979 -0.002114 0.000000 
5.000000e-01 5.000000e-01 4.999654e-03 5.000000e-01 5.000000e-01 1.515050e+00 -0.993286 0.002081 0.009865 0.969394 0.009865 0.002081 0.993286 -0.002114 -0.009979 -0.969102 -0.009979 -0.002114 0.000000 
5.000000e-01 5.000000e-01 4.999654e-03 5.000000e-01 5.000000e-01 1.515050e+00 -0.993286 0.002081 0.009865 0.969394 0.009865 0.002081 0.993286 -0.002114 -0.009979 -0.969102 -0.009979 -0.002114 0.000000 
5.000000e-01 5.000000e-01 4.999654e-03 5.000000e-01 5.000000e-01 1.515050e+00 -0.993286 0.002081 0.009865 0.969394 0.009865 0.002081 0.993286 -0.002114 -0.009979 -0.969102 -0.009979 -0.002114 0.000000 
5.000000e-01 5.000000e-01 4.999654e-03 5.000000e-01 5.000000e-01 1.515050e+00 -0.993286 0.002081 0.009865 0.969394 0.009865 0.002081 0.993286 -0.002114 -0.009979 -0.969102 -0.009979 -0.002114 0.000000 
5.000000e-01 5.000000e-01 4.999654e-03 5.000000e-01 5.000000e-01 1.515050e+00 -0.993286 0.002081 0.009865 0.969394 0.009865 0.002081 0.993286 -0.002114 -0.009979 -0.969102 -0.009979 -0.002114 0.000000 
5.000000e-01 5.000000e-01 4.999654e-03 5.000000e-01 5.000000e-01 1.515050e+00 -0.993286 0.002081 0.009865 0.969394 0.009865 0.002081 0.993286 -0.002114 -0.009979 -0.969102 -0.009979 -0.002114 0.000000 
5.000000e-01 5.000000e-01 4.999654e-03 5.000000e-01 5.000000e-01 1.515050e+00 -0.993286 0.002081 0.009865 0.969394 0.009865 0.002081 0.993286 -0.002114 -0.009979 -0.969102 -0.009979 -0.002114 0.000000 
5.000000e-01 5.000000e-01 4.999654e-03 5.000000e-01 5.000000e-01 1.515050e+00 -0.993286 0.002081 0.009865 0.969394 0.009865 0.002081 0.993286 -0.002114 -0.009979 -0.969102 -0.009979 -0.002114 0.000000 
5.000000e-01 5.000000e-01 4.999654e-03 5.000000e-01 5.000000e-01 1.515050e+00 -0.993286 0.002081 0.009865 0.969394 0.009865 0.002081 0.993286 -0.002114 -0.009979 -0.969102 -0.009979 -0.002114 0.000000 
5.000000e-01 5.000000e-01 4.999654e-03 5.000000e-01 5.000000e-01 1.515050e+00 -0.993286 0.002081 0.009865 0.969394 0.009865 0.002081 0.993286 -0.002114 -0.009979 -0.969102 -0.009979 -0.002114 0.000000 
5.000000e-01 5.000000e-01 4.999654e-03 5.000000e-01 5.000000e-01 1.515050e+00 -0.993286 0.002081 0.009865 0.969394 0.009865 0.002081 0.993286 -0.002114 -0.009979 -0.969102 -0.009979 -0.002114 0.000000 
5.000000e-01 5.000000e-01 4.999654e-03 5.000000e-01 5.000000e-01 1.515050e+00 -0.993286 0.002081 0.009865 0.969394 0.009865 0.002081 0.993286 -0.002114 -0.009979 -0.969102 -0.009979 -0.002114 0.000000 
5.000000e-01 5.000000e-01 4.999654e-03 5.000000e-01 5.000000e-01 1.515050e+00 -0.993286 0.002081 0.009865 0.969394 0.009865 0.002081 0.993286 -0.002114 -0.009979 -0.969102 -0.009979 -0.002114 0.000000 
5.000000e-01 5.000000e-01 4.999654e-03 5.000000e-01 5.000000e-01 1.515050e+00 -0.993286 0.002081 0.009865 0.969394 0.009865 0.002081 0.993286 -0.002114 -0.009979 -0.969102 -0.009979 -0.002114 0.000000 
5.000000e-01 5.000000e-01 4.999654e-03 5.000000e-01 5.000000e-01 1.515050e+00 -0.993286 0.002081 0.009865 0.969394 0.009865 0.002081 0.993286 -0.002114 -0.009979 -0.969102 -0.009979 -0.002114 0.000000 
5.000000e-01 5.000000e-01 4.999654e-03 5.000000e-01 5.000000e-01 1.515050e+00 -0.993286 0.002081 0.009865 0.969394 0.009865 0.002081 0.993286 -0.002114 -0.009979 -0.969102 -0.009979 -0.002114 0.000000 
5.000000e-01 5.000000e-01 4.999654e-03 5.000000e-01 5.000000e-01 1.515050e+00 -0.993286 0.002081 0.009865 0.969394 0.009865 0.002081 0.993286 -0.002114 -0.009979 -0.969102 -0.009979 -0.002114 0.000000 
5.000000e-01 5.000000e-01 4.999654e-03 5.000000e-01 5.000000e-01 1.515050e+00 -0.993286 0.002081 0.009865 0.969394 0.009865 0.002081 0.993286 -0.002114 -0.009979 -0.969102 -0.009979 -0.002114 0.000000 
5.000000e-01 5.000000e-01 4.999654e-03 5.000000e-01 5.000000e-01 1.515050e+00 -0.993286 0.002081 0.009865 0.969394 0.009865 0.002081 0.993286 -0.002114 -0.009979 -0.969102 -0.009979 -0.002114 0.000000 
5.000000e-01 5.000000e-01 4.999654e-03 5.000000e-01 5.000000e-01 1.515050e+00 -0.993286 0.002081 0.009865 0.969394 0.009865 0.002081 0.993286 -0.002114 -0.009979 -0.969102 -0.009979 -0.002114 0.000000 
5.000000e-01 5.000000e-01 4.999654e-03 5.000000e-01 5.000000e-01 1.515050e+00 -0.993286 0.002081 0.009865 0.969394 0.009865 0.002081 0.993286 -0.002114 -0.009979 -0.969102 -0.009979 -0.002114 0.000000 
5.000000e-01 5.000000e-01 4.999654e-03 5.000000e-01 5.000000e-01 1.515050e+00 -0.993286 0.002081 0.009865 0.969394 0.009865 0.002081 0.993286 -0.002114 -0.009979 -0.969102 -0.009979 -0.002114 0.000000 
5.000000e-01 5.000000e-01 4.999654e-03 5.000000e-01 5.000000e-01 1.515050e+00 -0.993286 0.002081 0.009865 0.969394 0.009865 0.002081 0.993286 -0.002114 -0.009979 -0.969102 -0.009979 -0.002114 0.000000 
5.000000e-01 5.000000e-01 4.999654e-03 5.000000e-01 5.000000e-01 1.515050e+00 -0.993286 0.002081 0.009865 0.969394 0.009865 0.002081 0.993286 -0.002114 -0.009979 -0.969102 -0.009979 -0.002114 0.000000 
5.000000e-01 5.000000e-01 4.999654e-03 5.000000e-01 5.000000e-01 1.515050e+00 -0.993286 0.002081 0.009865 0.969394 0.009865 0.002081 0.993286 -0.002114 -0.009979 -0.969102 -0.009979 -0.002114 0.000000 
5.000000e-01 5.000000e-01 4.999654e-03 5.000000e-01 5.000000e-01 1.515050e+00 -0.993286 0.002081 0.009865 0.969394 0.009865 0.002081 0.993286 -0.002114 -0.009979 -0.969102 -0.009979 -0.002114 0.000000 
5.000000e-01 5.000000e-01 4.999654e-03 5.000000e-01 5.000000e-01 1.515050e+00 -0.993286 0.002081 0.009865 0.969394 0.009865 0.002081 0.993286 -0.002114 -0.009979 -0.969102 -0.009979 -0.002114 0.000000 
5.000000e-01 5.000000e-01 4.999654e-03 5.000000e-01 5.000000e-01 1.515050e+00 -0.993286 0.002081 0.009865 0.969394 0.009865 0.002081 0.993286 -0.002114 -0.009979 -0.969102 -0.009979 -0.002114 0.000000 
5.000000e-01 5.000000e-01 4.999654e-03 5.000000e-01 5.000000e-01 1.515050e+00 -0.993286 0.002081 0.009865 0.969394 0.009865 0.002081 0.993286 -0.002114 -0.009979 -0.969102 -0.009979 -0.002114 0.000000 
5.000000e-01 5.000000e-01 4.999654e-03 5.000000e-01 5.000000e-01 1.515050e+00 -0.993286 0.002081 0.009865 0.969394 0.009865 0.002081 0.993286 -0.002114 -0.009979 -0.969102 -0.009979 -0.002114 0.000000 
5.000000e-01 5.000000e-01 4.999654e-03 5.000000e-01 5.000000e-01 1.515050e+00 -0.993286 0.002081 0.009865 0.969394 0.009865 0.002081 0.993286 -0.002114 -0.009979 -0.969102 -0.009979 -0.002114 0.000000 
5.000000e-01 5.000000e-01 4.999654e-03 5.000000e-01 5.000000e-01 1.515050e+00 -0.993286 0.002081 0.009865 0.969394 0.009865 0.002081 0.993286 -0.002114 -0.009979 -0.969102 -0.009979 -0.002114 0.000000 
5.000000e-01 5.000000e-01 4.999654e-03 5.000000e-01 5.000000e-01 1.515050e+00 -0.993286 0.002081 0.009865 0.969394 0.009865 0.002081 0.993286 -0.002114 -0.009979 -0.969102 -0.009979 -0.002114 0.000000 
5.000000e-01 5.000000e-01 4.999654e-03 5.000000e-01 5.000000e-01 1.515050e+00 -0.993286 0.002081 0.009865 0.969394 0.009865 0.002081 0.993286 -0.002114 -0.009979 -0.969102 -0.009979 -0.002114 0.000000 
5.000000e-01 5.000000e-01 4.999654e-03 5.000000e-01 5.000000e-01 1.515050e+00 -0.993286 0.002081 0.009865 0.969394 0.009865 0.002081 0.993286 -0.002114 -0.009979 -0.969102 -0.009979 -0.002114 0.000000 
5.000000e-01 5.000000e-01 4.999654e-03 5.000000e-01 5.000000e-01 1.515050e+00 -0.993286 0.002081 0.009865 0.969394 0.009865 0.002081 0.993286 -0.002114 -0.009979 -0.969102 -0.009979 -0.002114 0.000000 
5.000000e-01 5.000000e-01 4.999654e-03 5.000000e-01 5.000000e-01 1.515050e+00 -0.993286 0.002081 0.009865 0.969394 0.009865 0.002081 0.993286 -0.002114 -0.009979 -0.969102 -0.009979 -0.002114 0.000000 
5.000000e-01 5.000000e-01 4.999654e-03 5.000000e-01 5.000000e-01 1.515050e+00 -0.993286 0.002081 0.009865 0.969394 0.009865 0.002081 0.993286 -0.002114 -0.009979 -0.969102 -0.009979 -0.002114 0.000000 
5.000000e-01 5.000000e-01 4.999654e-03 5.000000e-01 5.000000e-01 1.515050e+00 -0.993286 0.002081 0.009865 0.969394 0.009865 0.002081 0.993286 -0.002114 -0.009979 -0.969102 -0.009979 -0.002114 0.000000 
5.000000e-01 5.000000e-01 4.999654e-03 5.000000e-01 5.000000e-01 1.515050e+00 -0.993286 0.002081 0.009865 0.969394 0.009865 0.002081 0.993286 -0.002114 -0.009979 -0.969102 -0.009979 -0.002114 0.000000 
5.000000e-01 5.000000e-01 4.999654e-03 5.000000e-01 5.000000e-01 1.515050e+00 -0.993286 0.002081 0.009865 0.969394 0.009865 0.002081 0.993286 -0.002114 -0.009979 -0.969102 -0.009979 -0.002114 0.000000 
5.000000e-01 5.000000e-01 4.999654e-03 5.000000e-01 5.000000e-01 1.515050e+00 -0.993286 0.002081 0.009865 0.969394 0.009865 0.002081 0.993286 -0.002114 -0.009979 -0.969102 -0.009979 -0.002114 0.000000 
5.000000e-01 5.000000e-01 4.999654e-03 5.000000e-01 5.000000e-01 1.515050e+00 -0.993286 0.002081 0.009865 0.969394 0.009865 0.002081 0.993286 -0.002114 -0.009979 -0.969102 -0.009979 -0.002114 0.000000 
5.000000e-01 5.000000e-01 4.999654e-03 5.000000e-01 5.000000e-01 1.515050e+00 -0.993286 0.002081 0.009865 0.969394 0.009865 0.002081 0.993286 -0.002114 -0.009979 -0.969102 -0.009979 -0.002114 0.000000 
5.000000e-01 5.000000e-01 4.999654e-03 5.000000e-01 5.000000e-01 1.515050e+00 -0.993286 0.002081 0.009865 0.969394 0.009865 0.002081 0.993286 -0.002114 -0.009979 -0.969102 -0.009979 -0.002114 0.000000 
5.000000e-01 5.000000e-01 4.999654e-03 5.000000e-01 5.000000e-01 1.515050e+00 -0.993286 0.002081 0.009865 0.969394 0.009865 0.002081 0.993286 -0.002114 -0.009979 -0.969102 -0.009979 -0.002114 0.000000 
5.000000e-01 5.000000e-01 4.999654e-03 5.000000e-01 5.000000e-01 1.515050e+00 -0.993286 0.002081 0.009865 0.969394 0.009865 0.002081 0.993286 -0.002114 -0.009979 -0.969102 -0.009979 -0.002114 0.000000 
5.000000e-01 5.000000e-01 4.999654e-03 5.000000e-01 5.000000e-01 1.515050e+00 -0.993286 0.002081 0.009865 0.969394 0.009865 0.002081 0.993286 -0.002114 -0.009979 -0.969102 -0.009979 -0.002114 0.000000 
5.000000e-01 5.000000e-01 4.999654e-03 5.000000e-01 5.000000e-01 1.515050e+00 -0.993286 0.002081 0.009865 0.969394 0.009865 0.002081 0.993286 -0.002114 -0.009979 -0.969102 -0.009979 -0.002114 0.000000 
5.000000e-01 5.000000e-01 4.999654e-03 5.000000e-01 5.000000e-01 1.515050e+00 -0.993286 0.002081 0.009865 0.969394 0.009865 0.002081 0.993286 -0.002114 -0.009979 -0.969102 -0.009979 -0.002114 0.000000 
5.000000e-01 5.000000e-01 4.999654e-03 5.000000e-01 5.000000e-01 1.515050e+00 -0.993286 0.002081 0.009865 0.969394 0.009865 0.002081 0.993286 -0.002114 -0.009979 -0.969102 -0.009979 -0.002114 0.000000 
5.000000e-01 5.000000e-01 4.999654e-03 5.000000e-01 5.000000e-01 1.515050e+00 -0.993286 0.002081 0.009865 0.969394 0.009865 0.002081 0.993286 -0.002114 -0.009979 -0.969102 -0.009979 -0.002114 0.000000 
5.000000e-01 5.000000e-01 4.999654e-03 5.000000e-01 5.000000e-01 1.515050e+00 -0.993286 0.002081 0.009865 0.969394 0.009865 0.002081 0.993286 -0.002114 -0.009979 -0.969102 -0.009979 -0.002114 0.000000 
5.000000e-01 5.000000e-01 4.999654e-03 5.000000e-01 5.000000e-01 1.515050e+00 -0.993286 0.002081 0.009865 0.969394 0.009865 0.002081 0.993286 -0.002114 -0.009979 -0.969102 -0.009979 -0.002114 0.000000 
5.000000e-01 5.000000e-01 4.999654e-03 5.000000e-01 5.000000e-01 1.515050e+00 -0.993286 0.002081 0.009865 0.969394 0.009865 0.002081 0.993286 -0.002114 -0.009979 -0.969102 -0.009979 -0.002114 0.000000 
5.000000e-01 5.000000e-01 4.999654e-03 5.000000e-01 5.000000e-01 1.515050e+00 -0.993286 0.002081 0.009865 0.969394 0.009865 0.002081 0.993286 -0.002114 -0.009979 -0.969102 -0.009979 -0.002114 0.000000 
5.000000e-01 5.000000e-01 4.999654e-03 5.000000e-01 5.000000e-01 1.515050e+00 -0.993286 0.002081 0.009865 0.969394 0.009865 0.002081 0.993286 -0.002114 -0.009979 -0.969102 -0.009979 -0.002114 0.000000 
5.000000e-01 5.000000e-01 4.999654e-03 5.000000e-01 5.000000e-01 1.515050e+00 -0.993286 0.002081 0.009865 0.969394 0.009865 0.002081 0.993286 -0.002114 -0.009979 -0.969102 -0.009979 -0.002114 0.000000 
5.000000e-01 5.000000e-01 4.999654e-03 5.000000e-01 5.000000e-01 1.515050e+00 -0.993286 0.002081 0.009865 0.969394 0.009865 0.002081 0.993286 -0.002114 -0.009979 -0.969102 -0.009979 -0.002114 0.000000 
5.000000e-01 5.000000e-01 4.999654e-03 5.000000e-01 5.000000e-01 1.515050e+00 -0.993286 0.002081 0.009865 0.969394 0.009865 0.002081 0.993286 -0.002114 -0.009979 -0.969102 -0.009979 -0.002114 0.000000 
5.000000e-01 5.000000e-01 4.999654e-03 5.000000e-01 5.000000e-01 1.515050e+00 -0.993286 0.002081 0.009865 0.969394 0.009865 0.002081 0.993286 -0.002114 -0.009979 -0.969102 -0.009979 -0.002114 0.000000 
5.000000e-01 5.000000e-01 4.999654e-03 5.000000e-01 5.000000e-01 1.515050e+00 -0.993286 0.002081 0.009865 0.969394 0.009865 0.002081 0.993286 -0.002114 -0.009979 -0.969102 -0.009979 -0.002114 0.000000 
