# TeX TeY TeZ ThX ThY THZ P1 P2
5.000000e-01 5.000000e-01 1.100000e-01 5.000000e-01 5.000000e-01 1.100000e-01 0.000000 0.000000 0.000000 0.000000 0.000000 0.000000 0.000000 0.000000 0.000000 0.000000 0.000000 0.000000 0.000000 
5.000000e-01 5.000000e-01 9.665711e-02 5.000000e-01 5.000000e-01 1.191590e-01 -0.014824 0.002695 0.003142 0.003150 0.003142 0.002695 0.014824 0.009767 0.015117 -0.064592 0.015117 0.009767 0.000000 
5.000000e-01 5.000000e-01 8.327819e-02 5.000000e-01 5.000000e-01 1.283092e-01 -0.029678 0.005396 0.006290 0.006307 0.006290 0.005396 0.029678 0.019666 0.031727 -0.132465 0.031727 0.019666 0.000000 
5.000000e-01 5.000000e-01 6.986099e-02 5.000000e-01 5.000000e-01 1.374508e-01 -0.044571 0.008104 0.009446 0.009472 0.009446 0.008104 0.044571 0.029682 0.050254 -0.204442 0.050254 0.029682 0.000000 
5.000000e-01 5.000000e-01 5.640319e-02 5.000000e-01 5.000000e-01 1.465841e-01 -0.059516 0.010821 0.012613 0.012648 0.012613 0.010821 0.059516 0.039836 0.071607 -0.282403 0.071607 0.039836 0.000000 
5.000000e-01 5.000000e-01 4.290287e-02 5.000000e-01 5.000000e-01 1.557090e-01 -0.074517 0.013548 0.015792 0.015836 0.015792 0.013548 0.074517 0.050058 0.095425 -0.365483 0.095425 0.050058 0.000000 
5.000000e-01 5.000000e-01 2.935952e-02 5.000000e-01 5.000000e-01 1.648257e-01 -0.089577 0.016286 0.018984 0.019037 0.018984 0.016286 0.089577 0.060323 0.121750 -0.453724 0.121750 0.060323 0.000000 
5.000000e-01 5.000000e-01 1.577517e-02 5.000000e-01 5.000000e-01 1.739341e-01 -0.104697 0.019035 0.022188 0.022250 0.022188 0.019035 0.104697 0.070604 0.150413 -0.546731 0.150413 0.070604 0.000000 
5.000000e-01 5.000000e-01 4.999838e-03 5.000000e-01 5.000000e-01 1.830344e-01 -0.117937 0.021442 0.024994 0.025065 0.024994 0.021442 0.117937 0.079276 0.174059 -0.624608 0.174059 0.079276 0.000000 
5.000000e-01 5.000000e-01 4.999838e-03 5.000000e-01 5.000000e-01 1.921265e-01 -0.123904 0.022526 0.026259 0.026335 0.026259 0.022526 0.123904 0.081950 0.174637 -0.637079 0.174637 0.081950 0.000000 
5.000000e-01 5.000000e-01 4.999838e-03 5.000000e-01 5.000000e-01 2.012104e-01 -0.129866 0.023608 0.027523 0.027603 0.027523 0.023608 0.129866 0.084476 0.174908 -0.648636 0.174908 0.084476 0.000000 
5.000000e-01 5.000000e-01 4.999838e-03 5.000000e-01 5.000000e-01 2.102860e-01 -0.135822 0.024689 0.028786 0.028871 0.028786 0.024689 0.135822 0.086858 0.174913 -0.659365 0.174913 0.086858 0.000000 
5.000000e-01 5.000000e-01 4.999838e-03 5.000000e-01 5.000000e-01 2.193534e-01 -0.141772 0.025769 0.030047 0.030138 0.030047 0.025769 0.141772 0.089088 0.174673 -0.669293 0.174673 0.089088 0.000000 
5.000000e-01 5.000000e-01 4.999838e-03 5.000000e-01 5.000000e-01 2.284125e-01 -0.147717 0.026848 0.031308 0.031405 0.031308 0.026848 0.147717 0.091173 0.174233 -0.678529 0.174233 0.091173 0.000000 
5.000000e-01 5.000000e-01 4.999838e-03 5.000000e-01 5.000000e-01 2.374632e-01 -0.153656 0.027925 0.032567 0.032670 0.032567 0.027925 0.153656 0.093124 0.173628 -0.687159 0.173628 0.093124 0.000000 
5.000000e-01 5.000000e-01 4.999838e-03 5.000000e-01 5.000000e-01 2.465055e-01 -0.159589 0.029002 0.033826 0.033934 0.033826 0.029002 0.159589 0.094943 0.172881 -0.695236 0.172881 0.094943 0.000000 
5.000000e-01 5.000000e-01 4.999838e-03 5.000000e-01 5.000000e-01 2.555394e-01 -0.165517 0.030077 0.035083 0.035198 0.035083 0.030077 0.165517 0.096634 0.172012 -0.702809 0.172012 0.096634 0.000000 
5.000000e-01 5.000000e-01 4.999838e-03 5.000000e-01 5.000000e-01 2.645648e-01 -0.171439 0.031150 0.036339 0.036461 0.036339 0.031150 0.171439 0.098200 0.171040 -0.709920 0.171040 0.098200 0.000000 
5.000000e-01 5.000000e-01 4.999838e-03 5.000000e-01 5.000000e-01 2.735815e-01 -0.177356 0.032222 0.037594 0.037723 0.037594 0.032222 0.177356 0.099647 0.169979 -0.716608 0.169979 0.099647 0.000000 
5.000000e-01 5.000000e-01 4.999838e-03 5.000000e-01 5.000000e-01 2.825897e-01 -0.183267 0.033293 0.038848 0.038984 0.038848 0.033293 0.183267 0.100978 0.168843 -0.722909 0.168843 0.100978 0.000000 
5.000000e-01 5.000000e-01 4.999838e-03 5.000000e-01 5.000000e-01 2.915892e-01 -0.189173 0.034363 0.040101 0.040245 0.040101 0.034363 0.189173 0.102197 0.167643 -0.728854 0.167643 0.102197 0.000000 
5.000000e-01 5.000000e-01 4.999838e-03 5.000000e-01 5.000000e-01 3.005799e-01 -0.195073 0.035431 0.041353 0.041505 0.041353 0.035431 0.195073 0.103308 0.166391 -0.734472 0.166391 0.103308 0.000000 
5.000000e-01 5.000000e-01 4.999838e-03 5.000000e-01 5.000000e-01 3.095618e-01 -0.200967 0.036498 0.042603 0.042764 0.042603 0.036498 0.200967 0.104310 0.165093 -0.739773 0.165093 0.104310 0.000000 
5.000000e-01 5.000000e-01 4.999838e-03 5.000000e-01 5.000000e-01 3.185348e-01 -0.206855 0.037563 0.043853 0.044023 0.043853 0.037563 0.206855 0.105206 0.163756 -0.744781 0.163756 0.105206 0.000000 
5.000000e-01 5.000000e-01 4.999838e-03 5.000000e-01 5.000000e-01 3.274988e-01 -0.212738 0.038627 0.045101 0.045281 0.045101 0.038627 0.212738 0.106008 0.162392 -0.749537 0.162392 0.106008 0.000000 
5.000000e-01 5.000000e-01 4.999838e-03 5.000000e-01 5.000000e-01 3.364538e-01 -0.218614 0.039689 0.046349 0.046538 0.046349 0.039689 0.218614 0.106718 0.161005 -0.754061 0.161005 0.106718 0.000000 
5.000000e-01 5.000000e-01 4.999838e-03 5.000000e-01 5.000000e-01 3.453997e-01 -0.224485 0.040750 0.047595 0.047795 0.047595 0.040750 0.224485 0.107342 0.159600 -0.758369 0.159600 0.107342 0.000000 
5.000000e-01 5.000000e-01 4.999838e-03 5.000000e-01 5.000000e-01 3.543364e-01 -0.230350 0.041809 0.048841 0.049052 0.048841 0.041809 0.230350 0.107882 0.158181 -0.762477 0.158181 0.107882 0.000000 
5.000000e-01 5.000000e-01 4.999838e-03 5.000000e-01 5.000000e-01 3.632638e-01 -0.236209 0.042866 0.050085 0.050307 0.050085 0.042866 0.236209 0.108344 0.156751 -0.766399 0.156751 0.108344 0.000000 
5.000000e-01 5.000000e-01 4.999838e-03 5.000000e-01 5.000000e-01 3.721819e-01 -0.242062 0.043922 0.051328 0.051562 0.051328 0.043922 0.242062 0.108729 0.155314 -0.770149 0.155314 0.108729 0.000000 
5.000000e-01 5.000000e-01 4.999838e-03 5.000000e-01 5.000000e-01 3.810907e-01 -0.247909 0.044976 0.052570 0.052817 0.052570 0.044976 0.247909 0.109042 0.153873 -0.773739 0.153873 0.109042 0.000000 
5.000000e-01 5.000000e-01 4.999838e-03 5.000000e-01 5.000000e-01 3.899899e-01 -0.253749 0.046028 0.053811 0.054072 0.053811 0.046028 0.253749 0.109286 0.152429 -0.777179 0.152429 0.109286 0.000000 
5.000000e-01 5.000000e-01 4.999838e-03 5.000000e-01 5.000000e-01 3.988796e-01 -0.259584 0.047078 0.055050 0.055326 0.055050 0.047078 0.259584 0.109456 0.150984 -0.780463 0.150984 0.109456 0.000000 
5.000000e-01 5.000000e-01 4.999838e-03 5.000000e-01 5.000000e-01 4.077597e-01 -0.265412 0.048127 0.056289 0.056579 0.056289 0.048127 0.265412 0.109564 0.149540 -0.783620 0.149540 0.109564 0.000000 
5.000000e-01 5.000000e-01 4.999838e-03 5.000000e-01 5.000000e-01 4.166300e-01 -0.271234 0.049174 0.057527 0.057833 0.057527 0.049174 0.271234 0.109613 0.148099 -0.786658 0.148099 0.109613 0.000000 
5.000000e-01 5.000000e-01 4.999838e-03 5.000000e-01 5.000000e-01 4.254905e-01 -0.277049 0.050218 0.058763 0.059086 0.058763 0.050218 0.277049 0.109606 0.146662 -0.789586 0.146662 0.109606 0.000000 
5.000000e-01 5.000000e-01 4.999838e-03 5.000000e-01 5.000000e-01 4.343412e-01 -0.282858 0.051261 0.059999 0.060339 0.059999 0.051261 0.282858 0.109546 0.145229 -0.792409 0.145229 0.109546 0.000000 
5.000000e-01 5.000000e-01 4.999838e-03 5.000000e-01 5.000000e-01 4.431819e-01 -0.288661 0.052301 0.061233 0.061592 0.061233 0.052301 0.288661 0.109436 0.143801 -0.795136 0.143801 0.109436 0.000000 
5.000000e-01 5.000000e-01 4.999838e-03 5.000000e-01 5.000000e-01 4.520126e-01 -0.294457 0.053340 0.062466 0.062844 0.062466 0.053340 0.294457 0.109278 0.142379 -0.797771 0.142379 0.109278 0.000000 
5.000000e-01 5.000000e-01 4.999838e-03 5.000000e-01 5.000000e-01 4.608332e-01 -0.300246 0.054376 0.063698 0.064097 0.063698 0.054376 0.300246 0.109074 0.140964 -0.800322 0.140964 0.109074 0.000000 
5.000000e-01 5.000000e-01 4.999838e-03 5.000000e-01 5.000000e-01 4.696435e-01 -0.306029 0.055410 0.064930 0.065350 0.064930 0.055410 0.306029 0.108825 0.139555 -0.802789 0.139555 0.108825 0.000000 
5.000000e-01 5.000000e-01 4.999838e-03 5.000000e-01 5.000000e-01 4.784435e-01 -0.311805 0.056442 0.066160 0.066603 0.066160 0.056442 0.311805 0.108531 0.138154 -0.805175 0.138154 0.108531 0.000000 
5.000000e-01 5.000000e-01 4.999838e-03 5.000000e-01 5.000000e-01 4.872332e-01 -0.317575 0.057471 0.067389 0.067856 0.067389 0.057471 0.317575 0.108199 0.136759 -0.807491 0.136759 0.108199 0.000000 
5.000000e-01 5.000000e-01 4.999838e-03 5.000000e-01 5.000000e-01 4.960124e-01 -0.323337 0.058497 0.068617 0.069109 0.068617 0.058497 0.323337 0.107830 0.135373 -0.809743 0.135373 0.107830 0.000000 
5.000000e-01 5.000000e-01 4.999838e-03 5.000000e-01 5.000000e-01 5.047810e-01 -0.329093 0.059521 0.069843 0.070363 0.069843 0.059521 0.329093 0.107427 0.133993 -0.811934 0.133993 0.107427 0.000000 
5.000000e-01 5.000000e-01 4.999838e-03 5.000000e-01 5.000000e-01 5.135390e-01 -0.334842 0.060543 0.071069 0.071617 0.071069 0.060543 0.334841 0.106992 0.132621 -0.814067 0.132621 0.106992 0.000000 
5.000000e-01 5.000000e-01 4.999838e-03 5.000000e-01 5.000000e-01 5.222862e-01 -0.340583 0.061562 0.072294 0.072871 0.072294 0.061562 0.340583 0.106526 0.131256 -0.816147 0.131256 0.106526 0.000000 
5.000000e-01 5.000000e-01 4.999838e-03 5.000000e-01 5.000000e-01 5.310226e-01 -0.346318 0.062578 0.073518 0.074126 0.073518 0.062578 0.346318 0.106030 0.129898 -0.818176 0.129898 0.106030 0.000000 
5.000000e-01 5.000000e-01 4.999838e-03 5.000000e-01 5.000000e-01 5.397481e-01 -0.352045 0.063591 0.074741 0.075382 0.074741 0.063591 0.352045 0.105506 0.128548 -0.820155 0.128548 0.105506 0.000000 
5.000000e-01 5.000000e-01 4.999838e-03 5.000000e-01 5.000000e-01 5.484625e-01 -0.357765 0.064601 0.075963 0.076639 0.075963 0.064601 0.357765 0.104953 0.127206 -0.822084 0.127206 0.104953 0.000000 
5.000000e-01 5.000000e-01 4.999838e-03 5.000000e-01 5.000000e-01 5.571658e-01 -0.363478 0.065607 0.077184 0.077896 0.077184 0.065607 0.363478 0.104375 0.125871 -0.823971 0.125871 0.104375 0.000000 
5.000000e-01 5.000000e-01 4.999838e-03 5.000000e-01 5.000000e-01 5.658579e-01 -0.369184 0.066611 0.078403 0.079155 0.078403 0.066611 0.369184 0.103775 0.124542 -0.825819 0.124542 0.103775 0.000000 
5.000000e-01 5.000000e-01 4.999838e-03 5.000000e-01 5.000000e-01 5.745387e-01 -0.374882 0.067611 0.079622 0.080415 0.079622 0.067611 0.374882 0.103153 0.123221 -0.827629 0.123221 0.103153 0.000000 
5.000000e-01 5.000000e-01 4.999838e-03 5.000000e-01 5.000000e-01 5.832080e-01 -0.380573 0.068608 0.080840 0.081676 0.080840 0.068608 0.380573 0.102510 0.121906 -0.829405 0.121906 0.102510 0.000000 
5.000000e-01 5.000000e-01 4.999838e-03 5.000000e-01 5.000000e-01 5.918658e-01 -0.386256 0.069601 0.082058 0.082938 0.082058 0.069601 0.386256 0.101848 0.120597 -0.831147 0.120597 0.101848 0.000000 
5.000000e-01 5.000000e-01 4.999838e-03 5.000000e-01 5.000000e-01 6.005120e-01 -0.391932 0.070591 0.083274 0.084202 0.083274 0.070591 0.391932 0.101168 0.119295 -0.832857 0.119295 0.101168 0.000000 
5.000000e-01 5.000000e-01 4.999838e-03 5.000000e-01 5.000000e-01 6.091465e-01 -0.397600 0.071577 0.084489 0.085468 0.084489 0.071577 0.397600 0.100468 0.118000 -0.834535 0.118000 0.100468 0.000000 
5.000000e-01 5.000000e-01 4.999838e-03 5.000000e-01 5.000000e-01 6.177691e-01 -0.403260 0.072558 0.085704 0.086736 0.085704 0.072558 0.403260 0.099751 0.116710 -0.836183 0.116710 0.099751 0.000000 
5.000000e-01 5.000000e-01 4.999838e-03 5.000000e-01 5.000000e-01 6.263798e-01 -0.408912 0.073535 0.086918 0.088006 0.086918 0.073535 0.408912 0.099020 0.115427 -0.837806 0.115427 0.099020 0.000000 
5.000000e-01 5.000000e-01 4.999838e-03 5.000000e-01 5.000000e-01 6.349785e-01 -0.414557 0.074508 0.088130 0.089278 0.088130 0.074508 0.414556 0.098274 0.114149 -0.839403 0.114149 0.098274 0.000000 
5.000000e-01 5.000000e-01 4.999838e-03 5.000000e-01 5.000000e-01 6.435649e-01 -0.420193 0.075477 0.089343 0.090553 0.089343 0.075477 0.420193 0.097515 0.112877 -0.840977 0.112877 0.097515 0.000000 
5.000000e-01 5.000000e-01 4.999838e-03 5.000000e-01 5.000000e-01 6.521392e-01 -0.425822 0.076441 0.090554 0.091830 0.090554 0.076441 0.425821 0.096743 0.111610 -0.842528 0.111610 0.096743 0.000000 
5.000000e-01 5.000000e-01 4.999838e-03 5.000000e-01 5.000000e-01 6.607010e-01 -0.431442 0.077401 0.091765 0.093110 0.091765 0.077401 0.431442 0.095960 0.110349 -0.844059 0.110349 0.095960 0.000000 
5.000000e-01 5.000000e-01 4.999838e-03 5.000000e-01 5.000000e-01 6.692503e-01 -0.437054 0.078355 0.092975 0.094393 0.092975 0.078355 0.437054 0.095164 0.109093 -0.845567 0.109093 0.095164 0.000000 
5.000000e-01 5.000000e-01 4.999838e-03 5.000000e-01 5.000000e-01 6.777870e-01 -0.442658 0.079304 0.094185 0.095681 0.094185 0.079304 0.442658 0.094356 0.107842 -0.847055 0.107842 0.094356 0.000000 
5.000000e-01 5.000000e-01 4.999838e-03 5.000000e-01 5.000000e-01 6.863110e-01 -0.448253 0.080247 0.095394 0.096971 0.095394 0.080247 0.448253 0.093540 0.106596 -0.848525 0.106596 0.093540 0.000000 
5.000000e-01 5.000000e-01 4.999838e-03 5.000000e-01 5.000000e-01 6.948222e-01 -0.453840 0.081185 0.096602 0.098266 0.096602 0.081185 0.453840 0.092714 0.105355 -0.849978 0.105355 0.092714 0.000000 
5.000000e-01 5.000000e-01 4.999838e-03 5.000000e-01 5.000000e-01 7.033203e-01 -0.459419 0.082117 0.097810 0.099564 0.097810 0.082117 0.459419 0.091880 0.104118 -0.851415 0.104118 0.091880 0.000000 
5.000000e-01 5.000000e-01 4.999838e-03 5.000000e-01 5.000000e-01 7.118054e-01 -0.464989 0.083044 0.099017 0.100867 0.099017 0.083044 0.464989 0.091037 0.102886 -0.852837 0.102886 0.091037 0.000000 
5.000000e-01 5.000000e-01 4.999838e-03 5.000000e-01 5.000000e-01 7.202773e-01 -0.470550 0.083964 0.100224 0.102174 0.100224 0.083964 0.470550 0.090188 0.101659 -0.854244 0.101659 0.090188 0.000000 
5.000000e-01 5.000000e-01 4.999838e-03 5.000000e-01 5.000000e-01 7.287358e-01 -0.476103 0.084877 0.101431 0.103487 0.101431 0.084877 0.476103 0.089330 0.100436 -0.855635 0.100436 0.089330 0.000000 
5.000000e-01 5.000000e-01 4.999838e-03 5.000000e-01 5.000000e-01 7.371809e-01 -0.481647 0.085783 0.102638 0.104806 0.102638 0.085783 0.481647 0.088466 0.099217 -0.857012 0.099217 0.088466 0.000000 
5.000000e-01 5.000000e-01 4.999838e-03 5.000000e-01 5.000000e-01 7.456123e-01 -0.487181 0.086681 0.103844 0.106131 0.103844 0.086681 0.487181 0.087595 0.098002 -0.858377 0.098002 0.087595 0.000000 
5.000000e-01 5.000000e-01 4.999838e-03 5.000000e-01 5.000000e-01 7.540301e-01 -0.492707 0.087573 0.105050 0.107461 0.105050 0.087573 0.492707 0.086719 0.096792 -0.859730 0.096792 0.086719 0.000000 
5.000000e-01 5.000000e-01 4.999838e-03 5.000000e-01 5.000000e-01 7.624339e-01 -0.498224 0.088457 0.106256 0.108798 0.106256 0.088457 0.498224 0.085838 0.095585 -0.861071 0.095585 0.085838 0.000000 
5.000000e-01 5.000000e-01 4.999838e-03 5.000000e-01 5.000000e-01 7.708238e-01 -0.503732 0.089334 0.107461 0.110141 0.107461 0.089334 0.503731 0.084953 0.094382 -0.862402 0.094382 0.084953 0.000000 
5.000000e-01 5.000000e-01 4.999838e-03 5.000000e-01 5.000000e-01 7.791996e-01 -0.509230 0.090201 0.108667 0.111493 0.108667 0.090201 0.509230 0.084062 0.093183 -0.863720 0.093183 0.084062 0.000000 
5.000000e-01 5.000000e-01 4.999838e-03 5.000000e-01 5.000000e-01 7.875611e-01 -0.514719 0.091059 0.109873 0.112853 0.109873 0.091059 0.514719 0.083167 0.091988 -0.865029 0.091988 0.083167 0.000000 
5.000000e-01 5.000000e-01 4.999838e-03 5.000000e-01 5.000000e-01 7.959082e-01 -0.520198 0.091909 0.111079 0.114222 0.111079 0.091909 0.520198 0.082268 0.090797 -0.866327 0.090797 0.082268 0.000000 
5.000000e-01 5.000000e-01 4.999838e-03 5.000000e-01 5.000000e-01 8.042407e-01 -0.525668 0.092749 0.112285 0.115599 0.112285 0.092749 0.525668 0.081365 0.089609 -0.867617 0.089609 0.081365 0.000000 
5.000000e-01 5.000000e-01 4.999838e-03 5.000000e-01 5.000000e-01 8.125585e-01 -0.531128 0.093579 0.113492 0.116986 0.113492 0.093579 0.531128 0.080460 0.088424 -0.868897 0.088424 0.080460 0.000000 
5.000000e-01 5.000000e-01 4.999838e-03 5.000000e-01 5.000000e-01 8.208616e-01 -0.536579 0.094400 0.114698 0.118382 0.114698 0.094400 0.536579 0.079552 0.087243 -0.870170 0.087243 0.079552 0.000000 
5.000000e-01 5.000000e-01 4.999838e-03 5.000000e-01 5.000000e-01 8.291496e-01 -0.542019 0.095209 0.115905 0.119789 0.115905 0.095209 0.542019 0.078641 0.086066 -0.871433 0.086066 0.078641 0.000000 
5.000000e-01 5.000000e-01 4.999838e-03 5.000000e-01 5.000000e-01 8.374225e-01 -0.547450 0.096007 0.117113 0.121210 0.117113 0.096007 0.547450 0.077727 0.084892 -0.872688 0.084892 0.077727 0.000000 
5.000000e-01 5.000000e-01 4.999838e-03 5.000000e-01 5.000000e-01 8.456801e-01 -0.552871 0.096793 0.118322 0.122642 0.118322 0.096793 0.552870 0.076811 0.083721 -0.873936 0.083721 0.076811 0.000000 
5.000000e-01 5.000000e-01 4.999838e-03 5.000000e-01 5.000000e-01 8.539222e-01 -0.558281 0.097567 0.119531 0.124086 0.119531 0.097567 0.558281 0.075893 0.082554 -0.875176 0.082554 0.075893 0.000000 
5.000000e-01 5.000000e-01 4.999838e-03 5.000000e-01 5.000000e-01 8.621488e-01 -0.563681 0.098329 0.120740 0.125543 0.120740 0.098329 0.563681 0.074974 0.081390 -0.876410 0.081390 0.074974 0.000000 
5.000000e-01 5.000000e-01 4.999838e-03 5.000000e-01 5.000000e-01 8.703596e-01 -0.569071 0.099078 0.121951 0.127013 0.121951 0.099078 0.569071 0.074053 0.080229 -0.877636 0.080229 0.074053 0.000000 
5.000000e-01 5.000000e-01 4.999838e-03 5.000000e-01 5.000000e-01 8.785545e-01 -0.574451 0.099812 0.123162 0.128501 0.123162 0.099812 0.574451 0.073131 0.079071 -0.878856 0.079071 0.073131 0.000000 
5.000000e-01 5.000000e-01 4.999838e-03 5.000000e-01 5.000000e-01 8.867333e-01 -0.579820 0.100532 0.124375 0.130006 0.124375 0.100532 0.579819 0.072207 0.077917 -0.880069 0.077917 0.072207 0.000000 
5.000000e-01 5.000000e-01 4.999838e-03 5.000000e-01 5.000000e-01 8.948958e-01 -0.585178 0.101237 0.125589 0.131527 0.125589 0.101237 0.585178 0.071283 0.076766 -0.881276 0.076766 0.071283 0.000000 
5.000000e-01 5.000000e-01 4.999838e-03 5.000000e-01 5.000000e-01 9.030420e-01 -0.590525 0.101927 0.126803 0.133065 0.126803 0.101927 0.590525 0.070358 0.075618 -0.882477 0.075618 0.070358 0.000000 
5.000000e-01 5.000000e-01 4.999838e-03 5.000000e-01 5.000000e-01 9.111715e-01 -0.595862 0.102602 0.128019 0.134620 0.128019 0.102602 0.595861 0.069433 0.074473 -0.883672 0.074473 0.069433 0.000000 
5.000000e-01 5.000000e-01 4.999838e-03 5.000000e-01 5.000000e-01 9.192843e-01 -0.601187 0.103259 0.129236 0.136196 0.129236 0.103259 0.601187 0.068506 0.073331 -0.884861 0.073331 0.068506 0.000000 
5.000000e-01 5.000000e-01 4.999838e-03 5.000000e-01 5.000000e-01 9.273802e-01 -0.606501 0.103896 0.130456 0.137797 0.130456 0.103896 0.606501 0.067580 0.072192 -0.886045 0.072192 0.067580 0.000000 
5.000000e-01 5.000000e-01 4.999838e-03 5.000000e-01 5.000000e-01 9.354589e-01 -0.611804 0.104516 0.131676 0.139419 0.131676 0.104516 0.611804 0.066653 0.071056 -0.887223 0.071056 0.066653 0.000000 
5.000000e-01 5.000000e-01 4.999838e-03 5.000000e-01 5.000000e-01 9.435203e-01 -0.617096 0.105118 0.132898 0.141063 0.132898 0.105118 0.617096 0.065727 0.069923 -0.888397 0.069923 0.065727 0.000000 
5.000000e-01 5.000000e-01 4.999838e-03 5.000000e-01 5.000000e-01 9.515643e-01 -0.622376 0.105702 0.134121 0.142731 0.134121 0.105702 0.622376 0.064801 0.068793 -0.889565 0.068793 0.064801 0.000000 
5.000000e-01 5.000000e-01 4.999838e-03 5.000000e-01 5.000000e-01 9.595906e-01 -0.627645 0.106265 0.135346 0.144424 0.135346 0.106265 0.627645 0.063875 0.067667 -0.890728 0.067667 0.063875 0.000000 
5.000000e-01 5.000000e-01 4.999838e-03 5.000000e-01 5.000000e-01 9.675990e-01 -0.632902 0.106802 0.136573 0.146151 0.136573 0.106802 0.632902 0.062949 0.066543 -0.891886 0.066543 0.062949 0.000000 
5.000000e-01 5.000000e-01 4.999838e-03 5.000000e-01 5.000000e-01 9.755894e-01 -0.638147 0.107318 0.137802 0.147906 0.137802 0.107318 0.638147 0.062023 0.065423 -0.893039 0.065423 0.062023 0.000000 
5.000000e-01 5.000000e-01 4.999838e-03 5.000000e-01 5.000000e-01 9.835616e-01 -0.643380 0.107813 0.139032 0.149689 0.139032 0.107813 0.643380 0.061099 0.064305 -0.894188 0.064305 0.061099 0.000000 
5.000000e-01 5.000000e-01 4.999838e-03 5.000000e-01 5.000000e-01 9.915153e-01 -0.648601 0.108285 0.140264 0.151503 0.140264 0.108285 0.648600 0.060175 0.063191 -0.895332 0.063191 0.060175 0.000000 
5.000000e-01 5.000000e-01 4.999838e-03 5.000000e-01 5.000000e-01 9.994503e-01 -0.653809 0.108731 0.141498 0.153351 0.141498 0.108731 0.653809 0.059252 0.062079 -0.896472 0.062079 0.059252 0.000000 
5.000000e-01 5.000000e-01 4.999838e-03 5.000000e-01 5.000000e-01 1.007367e+00 -0.659005 0.109147 0.142734 0.155243 0.142734 0.109147 0.659005 0.058330 0.060971 -0.897606 0.060971 0.058330 0.000000 
5.000000e-01 5.000000e-01 4.999838e-03 5.000000e-01 5.000000e-01 1.015264e+00 -0.664189 0.109537 0.143972 0.157170 0.143972 0.109537 0.664189 0.057409 0.059865 -0.898737 0.059865 0.057409 0.000000 
5.000000e-01 5.000000e-01 4.999838e-03 5.000000e-01 5.000000e-01 1.023142e+00 -0.669360 0.109901 0.145211 0.159135 0.145211 0.109901 0.669360 0.056489 0.058763 -0.899863 0.058763 0.056489 0.000000 
5.000000e-01 5.000000e-01 4.999838e-03 5.000000e-01 5.000000e-01 1.031000e+00 -0.674518 0.110238 0.146451 0.161139 0.146451 0.110238 0.674518 0.055570 0.057664 -0.900986 0.057664 0.055570 0.000000 
5.000000e-01 5.000000e-01 4.999838e-03 5.000000e-01 5.000000e-01 1.038839e+00 -0.679663 0.110541 0.147694 0.163193 0.147694 0.110541 0.679663 0.054652 0.056568 -0.902103 0.056568 0.054652 0.000000 
5.000000e-01 5.000000e-01 4.999838e-03 5.000000e-01 5.000000e-01 1.046657e+00 -0.684795 0.110810 0.148938 0.165299 0.148938 0.110810 0.684795 0.053736 0.055475 -0.903217 0.055475 0.053736 0.000000 
5.000000e-01 5.000000e-01 4.999838e-03 5.000000e-01 5.000000e-01 1.054456e+00 -0.689914 0.111049 0.150182 0.167452 0.150182 0.111049 0.689914 0.052821 0.054385 -0.904326 0.054385 0.052821 0.000000 
5.000000e-01 5.000000e-01 4.999838e-03 5.000000e-01 5.000000e-01 1.062234e+00 -0.695019 0.111256 0.151427 0.169653 0.151427 0.111256 0.695019 0.051908 0.053298 -0.905432 0.053298 0.051908 0.000000 
5.000000e-01 5.000000e-01 4.999838e-03 5.000000e-01 5.000000e-01 1.069992e+00 -0.700111 0.111431 0.152673 0.171903 0.152673 0.111431 0.700111 0.050997 0.052214 -0.906533 0.052214 0.050997 0.000000 
5.000000e-01 5.000000e-01 4.999838e-03 5.000000e-01 5.000000e-01 1.077729e+00 -0.705189 0.111559 0.153920 0.174232 0.153920 0.111559 0.705189 0.050087 0.051134 -0.907631 0.051134 0.050087 0.000000 
5.000000e-01 5.000000e-01 4.999838e-03 5.000000e-01 5.000000e-01 1.085445e+00 -0.710254 0.111652 0.155166 0.176617 0.155166 0.111652 0.710253 0.049178 0.050057 -0.908724 0.050057 0.049178 0.000000 
5.000000e-01 5.000000e-01 4.999838e-03 5.000000e-01 5.000000e-01 1.093139e+00 -0.715304 0.111709 0.156411 0.179062 0.156411 0.111709 0.715304 0.048272 0.048983 -0.909813 0.048983 0.048272 0.000000 
5.000000e-01 5.000000e-01 4.999838e-03 5.000000e-01 5.000000e-01 1.100812e+00 -0.720340 0.111730 0.157655 0.181568 0.157655 0.111730 0.720340 0.047368 0.047912 -0.910899 0.047912 0.047368 0.000000 
5.000000e-01 5.000000e-01 4.999838e-03 5.000000e-01 5.000000e-01 1.108463e+00 -0.725361 0.111702 0.158898 0.184161 0.158898 0.111702 0.725361 0.046465 0.046844 -0.911980 0.046844 0.046465 0.000000 
5.000000e-01 5.000000e-01 4.999838e-03 5.000000e-01 5.000000e-01 1.116092e+00 -0.730368 0.111629 0.160138 0.186835 0.160138 0.111629 0.730368 0.045565 0.045780 -0.913058 0.045780 0.045565 0.000000 
5.000000e-01 5.000000e-01 4.999838e-03 5.000000e-01 5.000000e-01 1.123699e+00 -0.735361 0.111515 0.161375 0.189583 0.161375 0.111515 0.735361 0.044666 0.044719 -0.914131 0.044719 0.044666 0.000000 
5.000000e-01 5.000000e-01 4.999838e-03 5.000000e-01 5.000000e-01 1.131283e+00 -0.740338 0.111359 0.162607 0.192406 0.162607 0.111359 0.740338 0.043770 0.043661 -0.915201 0.043661 0.043770 0.000000 
5.000000e-01 5.000000e-01 4.999838e-03 5.000000e-01 5.000000e-01 1.138844e+00 -0.745301 0.111152 0.163834 0.195329 0.163834 0.111152 0.745301 0.042876 0.042607 -0.916267 0.042607 0.042876 0.000000 
5.000000e-01 5.000000e-01 4.999838e-03 5.000000e-01 5.000000e-01 1.146382e+00 -0.750248 0.110889 0.165054 0.198362 0.165054 0.110889 0.750248 0.041984 0.041556 -0.917329 0.041556 0.041984 0.000000 
5.000000e-01 5.000000e-01 4.999838e-03 5.000000e-01 5.000000e-01 1.153897e+00 -0.755180 0.110581 0.166266 0.201486 0.166266 0.110581 0.755180 0.041095 0.040509 -0.918386 0.040509 0.041095 0.000000 
5.000000e-01 5.000000e-01 4.999838e-03 5.000000e-01 5.000000e-01 1.161388e+00 -0.760096 0.110226 0.167470 0.204704 0.167470 0.110226 0.760096 0.040207 0.039465 -0.919440 0.039465 0.040207 0.000000 
5.000000e-01 5.000000e-01 4.999838e-03 5.000000e-01 5.000000e-01 1.168855e+00 -0.764997 0.109814 0.168662 0.208044 0.168662 0.109814 0.764997 0.039323 0.038424 -0.920490 0.038424 0.039323 0.000000 
5.000000e-01 5.000000e-01 4.999838e-03 5.000000e-01 5.000000e-01 1.176298e+00 -0.769881 0.109338 0.169840 0.211524 0.169840 0.109338 0.769881 0.038441 0.037387 -0.921537 0.037387 0.038441 0.000000 
5.000000e-01 5.000000e-01 4.999838e-03 5.000000e-01 5.000000e-01 1.183716e+00 -0.774749 0.108813 0.171003 0.215117 0.171003 0.108813 0.774749 0.037561 0.036353 -0.922579 0.036353 0.037561 0.000000 
5.000000e-01 5.000000e-01 4.999838e-03 5.000000e-01 5.000000e-01 1.191109e+00 -0.779601 0.108237 0.172151 0.218825 0.172151 0.108237 0.779601 0.036684 0.035324 -0.923617 0.035324 0.036684 0.000000 
5.000000e-01 5.000000e-01 4.999838e-03 5.000000e-01 5.000000e-01 1.198478e+00 -0.784437 0.107593 0.173277 0.222697 0.173277 0.107593 0.784437 0.035810 0.034297 -0.924651 0.034297 0.035810 0.000000 
5.000000e-01 5.000000e-01 4.999838e-03 5.000000e-01 5.000000e-01 1.205820e+00 -0.789255 0.106882 0.174378 0.226736 0.174378 0.106882 0.789255 0.034938 0.033275 -0.925681 0.033275 0.034938 0.000000 
5.000000e-01 5.000000e-01 4.999838e-03 5.000000e-01 5.000000e-01 1.213138e+00 -0.794057 0.106117 0.175455 0.230913 0.175455 0.106117 0.794057 0.034070 0.032256 -0.926707 0.032256 0.034070 0.000000 
5.000000e-01 5.000000e-01 4.999838e-03 5.000000e-01 5.000000e-01 1.220429e+00 -0.798842 0.105298 0.176506 0.235233 0.176506 0.105298 0.798842 0.033204 0.031240 -0.927730 0.031240 0.033204 0.000000 
5.000000e-01 5.000000e-01 4.999838e-03 5.000000e-01 5.000000e-01 1.227693e+00 -0.803609 0.104394 0.177515 0.239789 0.177515 0.104394 0.803609 0.032340 0.030229 -0.928748 0.030229 0.032340 0.000000 
5.000000e-01 5.000000e-01 4.999838e-03 5.000000e-01 5.000000e-01 1.234931e+00 -0.808358 0.103428 0.178487 0.244528 0.178487 0.103428 0.808358 0.031480 0.029221 -0.929762 0.029221 0.031480 0.000000 
5.000000e-01 5.000000e-01 4.999838e-03 5.000000e-01 5.000000e-01 1.242142e+00 -0.813090 0.102404 0.179421 0.249439 0.179421 0.102404 0.813090 0.030623 0.028217 -0.930771 0.028217 0.030623 0.000000 
5.000000e-01 5.000000e-01 4.999838e-03 5.000000e-01 5.000000e-01 1.249325e+00 -0.817804 0.101314 0.180310 0.254555 0.180310 0.101314 0.817804 0.029769 0.027218 -0.931777 0.027218 0.029769 0.000000 
5.000000e-01 5.000000e-01 4.999838e-03 5.000000e-01 5.000000e-01 1.256481e+00 -0.822499 0.100134 0.181130 0.259969 0.181130 0.100134 0.822499 0.028918 0.026222 -0.932779 0.026222 0.028918 0.000000 
5.000000e-01 5.000000e-01 4.999838e-03 5.000000e-01 5.000000e-01 1.263608e+00 -0.827176 0.098896 0.181898 0.265590 0.181898 0.098896 0.827176 0.028070 0.025230 -0.933776 0.025230 0.028070 0.000000 
5.000000e-01 5.000000e-01 4.999838e-03 5.000000e-01 5.000000e-01 1.270708e+00 -0.831835 0.097598 0.182609 0.271419 0.182609 0.097598 0.831835 0.027226 0.024242 -0.934769 0.024242 0.027226 0.000000 
5.000000e-01 5.000000e-01 4.999838e-03 5.000000e-01 5.000000e-01 1.277778e+00 -0.836474 0.096208 0.183227 0.277604 0.183227 0.096208 0.836474 0.026384 0.023258 -0.935758 0.023258 0.026384 0.000000 
5.000000e-01 5.000000e-01 4.999838e-03 5.000000e-01 5.000000e-01 1.284819e+00 -0.841094 0.094746 0.183760 0.284081 0.183760 0.094746 0.841094 0.025546 0.022278 -0.936742 0.022278 0.025546 0.000000 
5.000000e-01 5.000000e-01 4.999838e-03 5.000000e-01 5.000000e-01 1.291831e+00 -0.845695 0.093225 0.184217 0.290811 0.184217 0.093225 0.845695 0.024711 0.021302 -0.937723 0.021302 0.024711 0.000000 
5.000000e-01 5.000000e-01 4.999838e-03 5.000000e-01 5.000000e-01 1.298812e+00 -0.850277 0.091626 0.184568 0.297889 0.184568 0.091626 0.850277 0.023880 0.020331 -0.938699 0.020331 0.023880 0.000000 
5.000000e-01 5.000000e-01 4.999838e-03 5.000000e-01 5.000000e-01 1.305764e+00 -0.854839 0.089937 0.184780 0.305403 0.184780 0.089937 0.854838 0.023052 0.019364 -0.939670 0.019364 0.023052 0.000000 
5.000000e-01 5.000000e-01 4.999838e-03 5.000000e-01 5.000000e-01 1.312685e+00 -0.859380 0.088190 0.184889 0.313223 0.184889 0.088190 0.859380 0.022228 0.018401 -0.940637 0.018401 0.022228 0.000000 
5.000000e-01 5.000000e-01 4.999838e-03 5.000000e-01 5.000000e-01 1.319575e+00 -0.863902 0.086378 0.184879 0.321388 0.184879 0.086378 0.863902 0.021407 0.017442 -0.941599 0.017442 0.021407 0.000000 
5.000000e-01 5.000000e-01 4.999838e-03 5.000000e-01 5.000000e-01 1.326433e+00 -0.868403 0.084461 0.184658 0.330163 0.184658 0.084461 0.868403 0.020589 0.016488 -0.942557 0.016488 0.020589 0.000000 
5.000000e-01 5.000000e-01 4.999838e-03 5.000000e-01 5.000000e-01 1.333260e+00 -0.872883 0.082489 0.184300 0.339305 0.184300 0.082489 0.872883 0.019776 0.015538 -0.943511 0.015538 0.019776 0.000000 
5.000000e-01 5.000000e-01 4.999838e-03 5.000000e-01 5.000000e-01 1.340054e+00 -0.877343 0.080462 0.183804 0.348810 0.183804 0.080462 0.877343 0.018966 0.014593 -0.944460 0.014593 0.018966 0.000000 
5.000000e-01 5.000000e-01 4.999838e-03 5.000000e-01 5.000000e-01 1.346816e+00 -0.881781 0.078325 0.183010 0.359111 0.183010 0.078325 0.881781 0.018160 0.013652 -0.945404 0.013652 0.018160 0.000000 
5.000000e-01 5.000000e-01 4.999838e-03 5.000000e-01 5.000000e-01 1.353544e+00 -0.886199 0.076134 0.182035 0.369859 0.182035 0.076134 0.886199 0.017357 0.012715 -0.946344 0.012715 0.017357 0.000000 
5.000000e-01 5.000000e-01 4.999838e-03 5.000000e-01 5.000000e-01 1.360240e+00 -0.890595 0.073893 0.180885 0.381037 0.180885 0.073893 0.890595 0.016558 0.011784 -0.947279 0.011784 0.016558 0.000000 
5.000000e-01 5.000000e-01 4.999838e-03 5.000000e-01 5.000000e-01 1.366901e+00 -0.894970 0.071548 0.179351 0.393170 0.179351 0.071548 0.894970 0.015764 0.010856 -0.948209 0.010856 0.015764 0.000000 
5.000000e-01 5.000000e-01 4.999838e-03 5.000000e-01 5.000000e-01 1.373529e+00 -0.899323 0.069152 0.177577 0.405864 0.177577 0.069152 0.899323 0.014972 0.009934 -0.949135 0.009934 0.014972 0.000000 
5.000000e-01 5.000000e-01 4.999838e-03 5.000000e-01 5.000000e-01 1.380122e+00 -0.903654 0.066711 0.175586 0.419059 0.175586 0.066711 0.903654 0.014185 0.009016 -0.950056 0.009016 0.014185 0.000000 
5.000000e-01 5.000000e-01 4.999838e-03 5.000000e-01 5.000000e-01 1.386680e+00 -0.907965 0.064170 0.173085 0.433456 0.173085 0.064170 0.907965 0.013402 0.008102 -0.950972 0.008102 0.013402 0.000000 
5.000000e-01 5.000000e-01 4.999838e-03 5.000000e-01 5.000000e-01 1.393202e+00 -0.912253 0.061586 0.170299 0.448484 0.170299 0.061586 0.912253 0.012622 0.007193 -0.951884 0.007193 0.012622 0.000000 
5.000000e-01 5.000000e-01 4.999838e-03 5.000000e-01 5.000000e-01 1.399690e+00 -0.916520 0.058959 0.167221 0.464161 0.167221 0.058959 0.916520 0.011847 0.006289 -0.952791 0.006289 0.011847 0.000000 
5.000000e-01 5.000000e-01 4.999838e-03 5.000000e-01 5.000000e-01 1.406141e+00 -0.920766 0.056242 0.163509 0.481265 0.163509 0.056242 0.920766 0.011075 0.005389 -0.953693 0.005389 0.011075 0.000000 
5.000000e-01 5.000000e-01 4.999838e-03 5.000000e-01 5.000000e-01 1.412556e+00 -0.924990 0.053493 0.159477 0.499049 0.159477 0.053493 0.924990 0.010307 0.004494 -0.954591 0.004494 0.010307 0.000000 
5.000000e-01 5.000000e-01 4.999838e-03 5.000000e-01 5.000000e-01 1.418934e+00 -0.929193 0.050697 0.155008 0.517783 0.155008 0.050697 0.929193 0.009543 0.003603 -0.955484 0.003603 0.009543 0.000000 
5.000000e-01 5.000000e-01 4.999838e-03 5.000000e-01 5.000000e-01 1.425275e+00 -0.933377 0.047833 0.149854 0.538003 0.149854 0.047833 0.933377 0.008782 0.002716 -0.956373 0.002716 0.008782 0.000000 
5.000000e-01 5.000000e-01 4.999838e-03 5.000000e-01 5.000000e-01 1.431580e+00 -0.937539 0.044946 0.144351 0.558945 0.144351 0.044946 0.937538 0.008025 0.001834 -0.957258 0.001834 0.008025 0.000000 
5.000000e-01 5.000000e-01 4.999838e-03 5.000000e-01 5.000000e-01 1.437847e+00 -0.941681 0.042004 0.138180 0.581312 0.138180 0.042004 0.941681 0.007272 0.000956 -0.958138 0.000956 0.007272 0.000000 
5.000000e-01 5.000000e-01 4.999838e-03 5.000000e-01 5.000000e-01 1.444077e+00 -0.945805 0.039022 0.131384 0.604992 0.131384 0.039022 0.945805 0.006522 0.000083 -0.959014 0.000083 0.006522 0.000000 
5.000000e-01 5.000000e-01 4.999838e-03 5.000000e-01 5.000000e-01 1.450269e+00 -0.949907 0.036024 0.124235 0.629388 0.124235 0.036024 0.949907 0.005776 -0.000787 -0.959886 -0.000787 0.005776 0.000000 
5.000000e-01 5.000000e-01 4.999838e-03 5.000000e-01 5.000000e-01 1.456423e+00 -0.953994 0.032966 0.116113 0.655836 0.116113 0.032966 0.953994 0.005033 -0.001653 -0.960754 -0.001653 0.005033 0.000000 
5.000000e-01 5.000000e-01 4.999838e-03 5.000000e-01 5.000000e-01 1.462539e+00 -0.958061 0.029896 0.107588 0.683092 0.107588 0.029896 0.958061 0.004293 -0.002515 -0.961618 -0.002515 0.004293 0.000000 
5.000000e-01 5.000000e-01 4.999838e-03 5.000000e-01 5.000000e-01 1.468617e+00 -0.962109 0.026803 0.098483 0.711538 0.098483 0.026803 0.962109 0.003557 -0.003372 -0.962478 -0.003372 0.003557 0.000000 
5.000000e-01 5.000000e-01 4.999838e-03 5.000000e-01 5.000000e-01 1.474657e+00 -0.966142 0.023678 0.088613 0.741558 0.088613 0.023678 0.966142 0.002823 -0.004227 -0.963335 -0.004227 0.002823 0.000000 
5.000000e-01 5.000000e-01 4.999838e-03 5.000000e-01 5.000000e-01 1.480657e+00 -0.970153 0.020553 0.078457 0.772132 0.078457 0.020553 0.970153 0.002094 -0.005077 -0.964187 -0.005077 0.002094 0.000000 
5.000000e-01 5.000000e-01 4.999838e-03 5.000000e-01 5.000000e-01 1.486619e+00 -0.974149 0.017399 0.067495 0.804361 0.067495 0.017399 0.974149 0.001367 -0.005924 -0.965035 -0.005924 0.001367 0.000000 
5.000000e-01 5.000000e-01 4.999838e-03 5.000000e-01 5.000000e-01 1.492540e+00 -0.978123 0.014248 0.056250 0.837128 0.056250 0.014248 0.978123 0.000644 -0.006766 -0.965880 -0.006766 0.000644 0.000000 
5.000000e-01 5.000000e-01 4.999838e-03 5.000000e-01 5.000000e-01 1.498420e+00 -0.982077 0.011093 0.044611 0.870668 0.044611 0.011093 0.982077 -0.000075 -0.007604 -0.966719 -0.007604 -0.000075 0.000000 
5.000000e-01 5.000000e-01 4.999838e-03 5.000000e-01 5.000000e-01 1.504259e+00 -0.986009 0.007939 0.032616 0.904899 0.032616 0.007939 0.986009 -0.000790 -0.008437 -0.967555 -0.008437 -0.000790 0.000000 
5.000000e-01 5.000000e-01 4.999838e-03 5.000000e-01 5.000000e-01 1.510053e+00 -0.989914 0.004800 0.020546 0.939222 0.020546 0.004800 0.989914 -0.001501 -0.009264 -0.968384 -0.009264 -0.001501 0.000000 
5.000000e-01 5.000000e-01 4.999838e-03 5.000000e-01 5.000000e-01 1.515095e+00 -0.993316 0.002056 0.009770 0.969663 0.009770 0.002056 0.993316 -0.002119 -0.009985 -0.969107 -0.009985 -0.002119 0.000000 
5.000000e-01 5.000000e-01 4.999838e-03 5.000000e-01 5.000000e-01 1.515095e+00 -0.993316 0.002056 0.009770 0.969663 0.009770 0.002056 0.993316 -0.002119 -0.009985 -0.969107 -0.009985 -0.002119 0.000000 
5.000000e-01 5.000000e-01 4.999838e-03 5.000000e-01 5.000000e-01 1.515095e+00 -0.993316 0.002056 0.009770 0.969663 0.009770 0.002056 0.993316 -0.002119 -0.009985 -0.969107 -0.009985 -0.002119 0.000000 
5.000000e-01 5.000000e-01 4.999838e-03 5.000000e-01 5.000000e-01 1.515095e+00 -0.993316 0.002056 0.009770 0.969663 0.009770 0.002056 0.993316 -0.002119 -0.009985 -0.969107 -0.009985 -0.002119 0.000000 
5.000000e-01 5.000000e-01 4.999838e-03 5.000000e-01 5.000000e-01 1.515095e+00 -0.993316 0.002056 0.009770 0.969663 0.009770 0.002056 0.993316 -0.002119 -0.009985 -0.969107 -0.009985 -0.002119 0.000000 
5.000000e-01 5.000000e-01 4.999838e-03 5.000000e-01 5.000000e-01 1.515095e+00 -0.993316 0.002056 0.009770 0.969663 0.009770 0.002056 0.993316 -0.002119 -0.009985 -0.969107 -0.009985 -0.002119 0.000000 
5.000000e-01 5.000000e-01 4.999838e-03 5.000000e-01 5.000000e-01 1.515095e+00 -0.993316 0.002056 0.009770 0.969663 0.009770 0.002056 0.993316 -0.002119 -0.009985 -0.969107 -0.009985 -0.002119 0.000000 
5.000000e-01 5.000000e-01 4.999838e-03 5.000000e-01 5.000000e-01 1.515095e+00 -0.993316 0.002056 0.009770 0.969663 0.009770 0.002056 0.993316 -0.002119 -0.009985 -0.969107 -0.009985 -0.002119 0.000000 
5.000000e-01 5.000000e-01 4.999838e-03 5.000000e-01 5.000000e-01 1.515095e+00 -0.993316 0.002056 0.009770 0.969663 0.009770 0.002056 0.993316 -0.002119 -0.009985 -0.969107 -0.009985 -0.002119 0.000000 
5.000000e-01 5.000000e-01 4.999838e-03 5.000000e-01 5.000000e-01 1.515095e+00 -0.993316 0.002056 0.009770 0.969663 0.009770 0.002056 0.993316 -0.002119 -0.009985 -0.969107 -0.009985 -0.002119 0.000000 
5.000000e-01 5.000000e-01 4.999838e-03 5.000000e-01 5.000000e-01 1.515095e+00 -0.993316 0.002056 0.009770 0.969663 0.009770 0.002056 0.993316 -0.002119 -0.009985 -0.969107 -0.009985 -0.002119 0.000000 
5.000000e-01 5.000000e-01 4.999838e-03 5.000000e-01 5.000000e-01 1.515095e+00 -0.993316 0.002056 0.009770 0.969663 0.009770 0.002056 0.993316 -0.002119 -0.009985 -0.969107 -0.009985 -0.002119 0.000000 
5.000000e-01 5.000000e-01 4.999838e-03 5.000000e-01 5.000000e-01 1.515095e+00 -0.993316 0.002056 0.009770 0.969663 0.009770 0.002056 0.993316 -0.002119 -0.009985 -0.969107 -0.009985 -0.002119 0.000000 
5.000000e-01 5.000000e-01 4.999838e-03 5.000000e-01 5.000000e-01 1.515095e+00 -0.993316 0.002056 0.009770 0.969663 0.009770 0.002056 0.993316 -0.002119 -0.009985 -0.969107 -0.009985 -0.002119 0.000000 
5.000000e-01 5.000000e-01 4.999838e-03 5.000000e-01 5.000000e-01 1.515095e+00 -0.993316 0.002056 0.009770 0.969663 0.009770 0.002056 0.993316 -0.002119 -0.009985 -0.969107 -0.009985 -0.002119 0.000000 
5.000000e-01 5.000000e-01 4.999838e-03 5.000000e-01 5.000000e-01 1.515095e+00 -0.993316 0.002056 0.009770 0.969663 0.009770 0.002056 0.993316 -0.002119 -0.009985 -0.969107 -0.009985 -0.002119 0.000000 
5.000000e-01 5.000000e-01 4.999838e-03 5.000000e-01 5.000000e-01 1.515095e+00 -0.993316 0.002056 0.009770 0.969663 0.009770 0.002056 0.993316 -0.002119 -0.009985 -0.969107 -0.009985 -0.002119 0.000000 
5.000000e-01 5.000000e-01 4.999838e-03 5.000000e-01 5.000000e-01 1.515095e+00 -0.993316 0.002056 0.009770 0.969663 0.009770 0.002056 0.993316 -0.002119 -0.009985 -0.969107 -0.009985 -0.002119 0.000000 
5.000000e-01 5.000000e-01 4.999838e-03 5.000000e-01 5.000000e-01 1.515095e+00 -0.993316 0.002056 0.009770 0.969663 0.009770 0.002056 0.993316 -0.002119 -0.009985 -0.969107 -0.009985 -0.002119 0.000000 
5.000000e-01 5.000000e-01 4.999838e-03 5.000000e-01 5.000000e-01 1.515095e+00 -0.993316 0.002056 0.009770 0.969663 0.009770 0.002056 0.993316 -0.002119 -0.009985 -0.969107 -0.009985 -0.002119 0.000000 
5.000000e-01 5.000000e-01 4.999838e-03 5.000000e-01 5.000000e-01 1.515095e+00 -0.993316 0.002056 0.009770 0.969663 0.009770 0.002056 0.993316 -0.002119 -0.009985 -0.969107 -0.009985 -0.002119 0.000000 
5.000000e-01 5.000000e-01 4.999838e-03 5.000000e-01 5.000000e-01 1.515095e+00 -0.993316 0.002056 0.009770 0.969663 0.009770 0.002056 0.993316 -0.002119 -0.009985 -0.969107 -0.009985 -0.002119 0.000000 
5.000000e-01 5.000000e-01 4.999838e-03 5.000000e-01 5.000000e-01 1.515095e+00 -0.993316 0.002056 0.009770 0.969663 0.009770 0.002056 0.993316 -0.002119 -0.009985 -0.969107 -0.009985 -0.002119 0.000000 
5.000000e-01 5.000000e-01 4.999838e-03 5.000000e-01 5.000000e-01 1.515095e+00 -0.993316 0.002056 0.009770 0.969663 0.009770 0.002056 0.993316 -0.002119 -0.009985 -0.969107 -0.009985 -0.002119 0.000000 
5.000000e-01 5.000000e-01 4.999838e-03 5.000000e-01 5.000000e-01 1.515095e+00 -0.993316 0.002056 0.009770 0.969663 0.009770 0.002056 0.993316 -0.002119 -0.009985 -0.969107 -0.009985 -0.002119 0.000000 
5.000000e-01 5.000000e-01 4.999838e-03 5.000000e-01 5.000000e-01 1.515095e+00 -0.993316 0.002056 0.009770 0.969663 0.009770 0.002056 0.993316 -0.002119 -0.009985 -0.969107 -0.009985 -0.002119 0.000000 
5.000000e-01 5.000000e-01 4.999838e-03 5.000000e-01 5.000000e-01 1.515095e+00 -0.993316 0.002056 0.009770 0.969663 0.009770 0.002056 0.993316 -0.002119 -0.009985 -0.969107 -0.009985 -0.002119 0.000000 
5.000000e-01 5.000000e-01 4.999838e-03 5.000000e-01 5.000000e-01 1.515095e+00 -0.993316 0.002056 0.009770 0.969663 0.009770 0.002056 0.993316 -0.002119 -0.009985 -0.969107 -0.009985 -0.002119 0.000000 
5.000000e-01 5.000000e-01 4.999838e-03 5.000000e-01 5.000000e-01 1.515095e+00 -0.993316 0.002056 0.009770 0.969663 0.009770 0.002056 0.993316 -0.002119 -0.009985 -0.969107 -0.009985 -0.002119 0.000000 
5.000000e-01 5.000000e-01 4.999838e-03 5.000000e-01 5.000000e-01 1.515095e+00 -0.993316 0.002056 0.009770 0.969663 0.009770 0.002056 0.993316 -0.002119 -0.009985 -0.969107 -0.009985 -0.002119 0.000000 
5.000000e-01 5.000000e-01 4.999838e-03 5.000000e-01 5.000000e-01 1.515095e+00 -0.993316 0.002056 0.009770 0.969663 0.009770 0.002056 0.993316 -0.002119 -0.009985 -0.969107 -0.009985 -0.002119 0.000000 
5.000000e-01 5.000000e-01 4.999838e-03 5.000000e-01 5.000000e-01 1.515095e+00 -0.993316 0.002056 0.009770 0.969663 0.009770 0.002056 0.993316 -0.002119 -0.009985 -0.969107 -0.009985 -0.002119 0.000000 
5.000000e-01 5.000000e-01 4.999838e-03 5.000000e-01 5.000000e-01 1.515095e+00 -0.993316 0.002056 0.009770 0.969663 0.009770 0.002056 0.993316 -0.002119 -0.009985 -0.969107 -0.009985 -0.002119 0.000000 
5.000000e-01 5.000000e-01 4.999838e-03 5.000000e-01 5.000000e-01 1.515095e+00 -0.993316 0.002056 0.009770 0.969663 0.009770 0.002056 0.993316 -0.002119 -0.009985 -0.969107 -0.009985 -0.002119 0.000000 
5.000000e-01 5.000000e-01 4.999838e-03 5.000000e-01 5.000000e-01 1.515095e+00 -0.993316 0.002056 0.009770 0.969663 0.009770 0.002056 0.993316 -0.002119 -0.009985 -0.969107 -0.009985 -0.002119 0.000000 
5.000000e-01 5.000000e-01 4.999838e-03 5.000000e-01 5.000000e-01 1.515095e+00 -0.993316 0.002056 0.009770 0.969663 0.009770 0.002056 0.993316 -0.002119 -0.009985 -0.969107 -0.009985 -0.002119 0.000000 
5.000000e-01 5.000000e-01 4.999838e-03 5.000000e-01 5.000000e-01 1.515095e+00 -0.993316 0.002056 0.009770 0.969663 0.009770 0.002056 0.993316 -0.002119 -0.009985 -0.969107 -0.009985 -0.002119 0.000000 
5.000000e-01 5.000000e-01 4.999838e-03 5.000000e-01 5.000000e-01 1.515095e+00 -0.993316 0.002056 0.009770 0.969663 0.009770 0.002056 0.993316 -0.002119 -0.009985 -0.969107 -0.009985 -0.002119 0.000000 
5.000000e-01 5.000000e-01 4.999838e-03 5.000000e-01 5.000000e-01 1.515095e+00 -0.993316 0.002056 0.009770 0.969663 0.009770 0.002056 0.993316 -0.002119 -0.009985 -0.969107 -0.009985 -0.002119 0.000000 
5.000000e-01 5.000000e-01 4.999838e-03 5.000000e-01 5.000000e-01 1.515095e+00 -0.993316 0.002056 0.009770 0.969663 0.009770 0.002056 0.993316 -0.002119 -0.009985 -0.969107 -0.009985 -0.002119 0.000000 
5.000000e-01 5.000000e-01 4.999838e-03 5.000000e-01 5.000000e-01 1.515095e+00 -0.993316 0.002056 0.009770 0.969663 0.009770 0.002056 0.993316 -0.002119 -0.009985 -0.969107 -0.009985 -0.002119 0.000000 
5.000000e-01 5.000000e-01 4.999838e-03 5.000000e-01 5.000000e-01 1.515095e+00 -0.993316 0.002056 0.009770 0.969663 0.009770 0.002056 0.993316 -0.002119 -0.009985 -0.969107 -0.009985 -0.002119 0.000000 
5.000000e-01 5.000000e-01 4.999838e-03 5.000000e-01 5.000000e-01 1.515095e+00 -0.993316 0.002056 0.009770 0.969663 0.009770 0.002056 0.993316 -0.002119 -0.009985 -0.969107 -0.009985 -0.002119 0.000000 
5.000000e-01 5.000000e-01 4.999838e-03 5.000000e-01 5.000000e-01 1.515095e+00 -0.993316 0.002056 0.009770 0.969663 0.009770 0.002056 0.993316 -0.002119 -0.009985 -0.969107 -0.009985 -0.002119 0.000000 
5.000000e-01 5.000000e-01 4.999838e-03 5.000000e-01 5.000000e-01 1.515095e+00 -0.993316 0.002056 0.009770 0.969663 0.009770 0.002056 0.993316 -0.002119 -0.009985 -0.969107 -0.009985 -0.002119 0.000000 
5.000000e-01 5.000000e-01 4.999838e-03 5.000000e-01 5.000000e-01 1.515095e+00 -0.993316 0.002056 0.009770 0.969663 0.009770 0.002056 0.993316 -0.002119 -0.009985 -0.969107 -0.009985 -0.002119 0.000000 
5.000000e-01 5.000000e-01 4.999838e-03 5.000000e-01 5.000000e-01 1.515095e+00 -0.993316 0.002056 0.009770 0.969663 0.009770 0.002056 0.993316 -0.002119 -0.009985 -0.969107 -0.009985 -0.002119 0.000000 
5.000000e-01 5.000000e-01 4.999838e-03 5.000000e-01 5.000000e-01 1.515095e+00 -0.993316 0.002056 0.009770 0.969663 0.009770 0.002056 0.993316 -0.002119 -0.009985 -0.969107 -0.009985 -0.002119 0.000000 
5.000000e-01 5.000000e-01 4.999838e-03 5.000000e-01 5.000000e-01 1.515095e+00 -0.993316 0.002056 0.009770 0.969663 0.009770 0.002056 0.993316 -0.002119 -0.009985 -0.969107 -0.009985 -0.002119 0.000000 
5.000000e-01 5.000000e-01 4.999838e-03 5.000000e-01 5.000000e-01 1.515095e+00 -0.993316 0.002056 0.009770 0.969663 0.009770 0.002056 0.993316 -0.002119 -0.009985 -0.969107 -0.009985 -0.002119 0.000000 
5.000000e-01 5.000000e-01 4.999838e-03 5.000000e-01 5.000000e-01 1.515095e+00 -0.993316 0.002056 0.009770 0.969663 0.009770 0.002056 0.993316 -0.002119 -0.009985 -0.969107 -0.009985 -0.002119 0.000000 
5.000000e-01 5.000000e-01 4.999838e-03 5.000000e-01 5.000000e-01 1.515095e+00 -0.993316 0.002056 0.009770 0.969663 0.009770 0.002056 0.993316 -0.002119 -0.009985 -0.969107 -0.009985 -0.002119 0.000000 
5.000000e-01 5.000000e-01 4.999838e-03 5.000000e-01 5.000000e-01 1.515095e+00 -0.993316 0.002056 0.009770 0.969663 0.009770 0.002056 0.993316 -0.002119 -0.009985 -0.969107 -0.009985 -0.002119 0.000000 
5.000000e-01 5.000000e-01 4.999838e-03 5.000000e-01 5.000000e-01 1.515095e+00 -0.993316 0.002056 0.009770 0.969663 0.009770 0.002056 0.993316 -0.002119 -0.009985 -0.969107 -0.009985 -0.002119 0.000000 
5.000000e-01 5.000000e-01 4.999838e-03 5.000000e-01 5.000000e-01 1.515095e+00 -0.993316 0.002056 0.009770 0.969663 0.009770 0.002056 0.993316 -0.002119 -0.009985 -0.969107 -0.009985 -0.002119 0.000000 
5.000000e-01 5.000000e-01 4.999838e-03 5.000000e-01 5.000000e-01 1.515095e+00 -0.993316 0.002056 0.009770 0.969663 0.009770 0.002056 0.993316 -0.002119 -0.009985 -0.969107 -0.009985 -0.002119 0.000000 
5.000000e-01 5.000000e-01 4.999838e-03 5.000000e-01 5.000000e-01 1.515095e+00 -0.993316 0.002056 0.009770 0.969663 0.009770 0.002056 0.993316 -0.002119 -0.009985 -0.969107 -0.009985 -0.002119 0.000000 
5.000000e-01 5.000000e-01 4.999838e-03 5.000000e-01 5.000000e-01 1.515095e+00 -0.993316 0.002056 0.009770 0.969663 0.009770 0.002056 0.993316 -0.002119 -0.009985 -0.969107 -0.009985 -0.002119 0.000000 
5.000000e-01 5.000000e-01 4.999838e-03 5.000000e-01 5.000000e-01 1.515095e+00 -0.993316 0.002056 0.009770 0.969663 0.009770 0.002056 0.993316 -0.002119 -0.009985 -0.969107 -0.009985 -0.002119 0.000000 
5.000000e-01 5.000000e-01 4.999838e-03 5.000000e-01 5.000000e-01 1.515095e+00 -0.993316 0.002056 0.009770 0.969663 0.009770 0.002056 0.993316 -0.002119 -0.009985 -0.969107 -0.009985 -0.002119 0.000000 
5.000000e-01 5.000000e-01 4.999838e-03 5.000000e-01 5.000000e-01 1.515095e+00 -0.993316 0.002056 0.009770 0.969663 0.009770 0.002056 0.993316 -0.002119 -0.009985 -0.969107 -0.009985 -0.002119 0.000000 
5.000000e-01 5.000000e-01 4.999838e-03 5.000000e-01 5.000000e-01 1.515095e+00 -0.993316 0.002056 0.009770 0.969663 0.009770 0.002056 0.993316 -0.002119 -0.009985 -0.969107 -0.009985 -0.002119 0.000000 
5.000000e-01 5.000000e-01 4.999838e-03 5.000000e-01 5.000000e-01 1.515095e+00 -0.993316 0.002056 0.009770 0.969663 0.009770 0.002056 0.993316 -0.002119 -0.009985 -0.969107 -0.009985 -0.002119 0.000000 
5.000000e-01 5.000000e-01 4.999838e-03 5.000000e-01 5.000000e-01 1.515095e+00 -0.993316 0.002056 0.009770 0.969663 0.009770 0.002056 0.993316 -0.002119 -0.009985 -0.969107 -0.009985 -0.002119 0.000000 
5.000000e-01 5.000000e-01 4.999838e-03 5.000000e-01 5.000000e-01 1.515095e+00 -0.993316 0.002056 0.009770 0.969663 0.009770 0.002056 0.993316 -0.002119 -0.009985 -0.969107 -0.009985 -0.002119 0.000000 
5.000000e-01 5.000000e-01 4.999838e-03 5.000000e-01 5.000000e-01 1.515095e+00 -0.993316 0.002056 0.009770 0.969663 0.009770 0.002056 0.993316 -0.002119 -0.009985 -0.969107 -0.009985 -0.002119 0.000000 
5.000000e-01 5.000000e-01 4.999838e-03 5.000000e-01 5.000000e-01 1.515095e+00 -0.993316 0.002056 0.009770 0.969663 0.009770 0.002056 0.993316 -0.002119 -0.009985 -0.969107 -0.009985 -0.002119 0.000000 
5.000000e-01 5.000000e-01 4.999838e-03 5.000000e-01 5.000000e-01 1.515095e+00 -0.993316 0.002056 0.009770 0.969663 0.009770 0.002056 0.993316 -0.002119 -0.009985 -0.969107 -0.009985 -0.002119 0.000000 
5.000000e-01 5.000000e-01 4.999838e-03 5.000000e-01 5.000000e-01 1.515095e+00 -0.993316 0.002056 0.009770 0.969663 0.009770 0.002056 0.993316 -0.002119 -0.009985 -0.969107 -0.009985 -0.002119 0.000000 
5.000000e-01 5.000000e-01 4.999838e-03 5.000000e-01 5.000000e-01 1.515095e+00 -0.993316 0.002056 0.009770 0.969663 0.009770 0.002056 0.993316 -0.002119 -0.009985 -0.969107 -0.009985 -0.002119 0.000000 
5.000000e-01 5.000000e-01 4.999838e-03 5.000000e-01 5.000000e-01 1.515095e+00 -0.993316 0.002056 0.009770 0.969663 0.009770 0.002056 0.993316 -0.002119 -0.009985 -0.969107 -0.009985 -0.002119 0.000000 
5.000000e-01 5.000000e-01 4.999838e-03 5.000000e-01 5.000000e-01 1.515095e+00 -0.993316 0.002056 0.009770 0.969663 0.009770 0.002056 0.993316 -0.002119 -0.009985 -0.969107 -0.009985 -0.002119 0.000000 
5.000000e-01 5.000000e-01 4.999838e-03 5.000000e-01 5.000000e-01 1.515095e+00 -0.993316 0.002056 0.009770 0.969663 0.009770 0.002056 0.993316 -0.002119 -0.009985 -0.969107 -0.009985 -0.002119 0.000000 
5.000000e-01 5.000000e-01 4.999838e-03 5.000000e-01 5.000000e-01 1.515095e+00 -0.993316 0.002056 0.009770 0.969663 0.009770 0.002056 0.993316 -0.002119 -0.009985 -0.969107 -0.009985 -0.002119 0.000000 
5.000000e-01 5.000000e-01 4.999838e-03 5.000000e-01 5.000000e-01 1.515095e+00 -0.993316 0.002056 0.009770 0.969663 0.009770 0.002056 0.993316 -0.002119 -0.009985 -0.969107 -0.009985 -0.002119 0.000000 
5.000000e-01 5.000000e-01 4.999838e-03 5.000000e-01 5.000000e-01 1.515095e+00 -0.993316 0.002056 0.009770 0.969663 0.009770 0.002056 0.993316 -0.002119 -0.009985 -0.969107 -0.009985 -0.002119 0.000000 
5.000000e-01 5.000000e-01 4.999838e-03 5.000000e-01 5.000000e-01 1.515095e+00 -0.993316 0.002056 0.009770 0.969663 0.009770 0.002056 0.993316 -0.002119 -0.009985 -0.969107 -0.009985 -0.002119 0.000000 
5.000000e-01 5.000000e-01 4.999838e-03 5.000000e-01 5.000000e-01 1.515095e+00 -0.993316 0.002056 0.009770 0.969663 0.009770 0.002056 0.993316 -0.002119 -0.009985 -0.969107 -0.009985 -0.002119 0.000000 
5.000000e-01 5.000000e-01 4.999838e-03 5.000000e-01 5.000000e-01 1.515095e+00 -0.993316 0.002056 0.009770 0.969663 0.009770 0.002056 0.993316 -0.002119 -0.009985 -0.969107 -0.009985 -0.002119 0.000000 
5.000000e-01 5.000000e-01 4.999838e-03 5.000000e-01 5.000000e-01 1.515095e+00 -0.993316 0.002056 0.009770 0.969663 0.009770 0.002056 0.993316 -0.002119 -0.009985 -0.969107 -0.009985 -0.002119 0.000000 
5.000000e-01 5.000000e-01 4.999838e-03 5.000000e-01 5.000000e-01 1.515095e+00 -0.993316 0.002056 0.009770 0.969663 0.009770 0.002056 0.993316 -0.002119 -0.009985 -0.969107 -0.009985 -0.002119 0.000000 
5.000000e-01 5.000000e-01 4.999838e-03 5.000000e-01 5.000000e-01 1.515095e+00 -0.993316 0.002056 0.009770 0.969663 0.009770 0.002056 0.993316 -0.002119 -0.009985 -0.969107 -0.009985 -0.002119 0.000000 
5.000000e-01 5.000000e-01 4.999838e-03 5.000000e-01 5.000000e-01 1.515095e+00 -0.993316 0.002056 0.009770 0.969663 0.009770 0.002056 0.993316 -0.002119 -0.009985 -0.969107 -0.009985 -0.002119 0.000000 
5.000000e-01 5.000000e-01 4.999838e-03 5.000000e-01 5.000000e-01 1.515095e+00 -0.993316 0.002056 0.009770 0.969663 0.009770 0.002056 0.993316 -0.002119 -0.009985 -0.969107 -0.009985 -0.002119 0.000000 
5.000000e-01 5.000000e-01 4.999838e-03 5.000000e-01 5.000000e-01 1.515095e+00 -0.993316 0.002056 0.009770 0.969663 0.009770 0.002056 0.993316 -0.002119 -0.009985 -0.969107 -0.009985 -0.002119 0.000000 
5.000000e-01 5.000000e-01 4.999838e-03 5.000000e-01 5.000000e-01 1.515095e+00 -0.993316 0.002056 0.009770 0.969663 0.009770 0.002056 0.993316 -0.002119 -0.009985 -0.969107 -0.009985 -0.002119 0.000000 
5.000000e-01 5.000000e-01 4.999838e-03 5.000000e-01 5.000000e-01 1.515095e+00 -0.993316 0.002056 0.009770 0.969663 0.009770 0.002056 0.993316 -0.002119 -0.009985 -0.969107 -0.009985 -0.002119 0.000000 
5.000000e-01 5.000000e-01 4.999838e-03 5.000000e-01 5.000000e-01 1.515095e+00 -0.993316 0.002056 0.009770 0.969663 0.009770 0.002056 0.993316 -0.002119 -0.009985 -0.969107 -0.009985 -0.002119 0.000000 
5.000000e-01 5.000000e-01 4.999838e-03 5.000000e-01 5.000000e-01 1.515095e+00 -0.993316 0.002056 0.009770 0.969663 0.009770 0.002056 0.993316 -0.002119 -0.009985 -0.969107 -0.009985 -0.002119 0.000000 
5.000000e-01 5.000000e-01 4.999838e-03 5.000000e-01 5.000000e-01 1.515095e+00 -0.993316 0.002056 0.009770 0.969663 0.009770 0.002056 0.993316 -0.002119 -0.009985 -0.969107 -0.009985 -0.002119 0.000000 
5.000000e-01 5.000000e-01 4.999838e-03 5.000000e-01 5.000000e-01 1.515095e+00 -0.993316 0.002056 0.009770 0.969663 0.009770 0.002056 0.993316 -0.002119 -0.009985 -0.969107 -0.009985 -0.002119 0.000000 
5.000000e-01 5.000000e-01 4.999838e-03 5.000000e-01 5.000000e-01 1.515095e+00 -0.993316 0.002056 0.009770 0.969663 0.009770 0.002056 0.993316 -0.002119 -0.009985 -0.969107 -0.009985 -0.002119 0.000000 
5.000000e-01 5.000000e-01 4.999838e-03 5.000000e-01 5.000000e-01 1.515095e+00 -0.993316 0.002056 0.009770 0.969663 0.009770 0.002056 0.993316 -0.002119 -0.009985 -0.969107 -0.009985 -0.002119 0.000000 
5.000000e-01 5.000000e-01 4.999838e-03 5.000000e-01 5.000000e-01 1.515095e+00 -0.993316 0.002056 0.009770 0.969663 0.009770 0.002056 0.993316 -0.002119 -0.009985 -0.969107 -0.009985 -0.002119 0.000000 
5.000000e-01 5.000000e-01 4.999838e-03 5.000000e-01 5.000000e-01 1.515095e+00 -0.993316 0.002056 0.009770 0.969663 0.009770 0.002056 0.993316 -0.002119 -0.009985 -0.969107 -0.009985 -0.002119 0.000000 
5.000000e-01 5.000000e-01 4.999838e-03 5.000000e-01 5.000000e-01 1.515095e+00 -0.993316 0.002056 0.009770 0.969663 0.009770 0.002056 0.993316 -0.002119 -0.009985 -0.969107 -0.009985 -0.002119 0.000000 
5.000000e-01 5.000000e-01 4.999838e-03 5.000000e-01 5.000000e-01 1.515095e+00 -0.993316 0.002056 0.009770 0.969663 0.009770 0.002056 0.993316 -0.002119 -0.009985 -0.969107 -0.009985 -0.002119 0.000000 
5.000000e-01 5.000000e-01 4.999838e-03 5.000000e-01 5.000000e-01 1.515095e+00 -0.993316 0.002056 0.009770 0.969663 0.009770 0.002056 0.993316 -0.002119 -0.009985 -0.969107 -0.009985 -0.002119 0.000000 
5.000000e-01 5.000000e-01 4.999838e-03 5.000000e-01 5.000000e-01 1.515095e+00 -0.993316 0.002056 0.009770 0.969663 0.009770 0.002056 0.993316 -0.002119 -0.009985 -0.969107 -0.009985 -0.002119 0.000000 
5.000000e-01 5.000000e-01 4.999838e-03 5.000000e-01 5.000000e-01 1.515095e+00 -0.993316 0.002056 0.009770 0.969663 0.009770 0.002056 0.993316 -0.002119 -0.009985 -0.969107 -0.009985 -0.002119 0.000000 
5.000000e-01 5.000000e-01 4.999838e-03 5.000000e-01 5.000000e-01 1.515095e+00 -0.993316 0.002056 0.009770 0.969663 0.009770 0.002056 0.993316 -0.002119 -0.009985 -0.969107 -0.009985 -0.002119 0.000000 
5.000000e-01 5.000000e-01 4.999838e-03 5.000000e-01 5.000000e-01 1.515095e+00 -0.993316 0.002056 0.009770 0.969663 0.009770 0.002056 0.993316 -0.002119 -0.009985 -0.969107 -0.009985 -0.002119 0.000000 
5.000000e-01 5.000000e-01 4.999838e-03 5.000000e-01 5.000000e-01 1.515095e+00 -0.993316 0.002056 0.009770 0.969663 0.009770 0.002056 0.993316 -0.002119 -0.009985 -0.969107 -0.009985 -0.002119 0.000000 
5.000000e-01 5.000000e-01 4.999838e-03 5.000000e-01 5.000000e-01 1.515095e+00 -0.993316 0.002056 0.009770 0.969663 0.009770 0.002056 0.993316 -0.002119 -0.009985 -0.969107 -0.009985 -0.002119 0.000000 
5.000000e-01 5.000000e-01 4.999838e-03 5.000000e-01 5.000000e-01 1.515095e+00 -0.993316 0.002056 0.009770 0.969663 0.009770 0.002056 0.993316 -0.002119 -0.009985 -0.969107 -0.009985 -0.002119 0.000000 
5.000000e-01 5.000000e-01 4.999838e-03 5.000000e-01 5.000000e-01 1.515095e+00 -0.993316 0.002056 0.009770 0.969663 0.009770 0.002056 0.993316 -0.002119 -0.009985 -0.969107 -0.009985 -0.002119 0.000000 
5.000000e-01 5.000000e-01 4.999838e-03 5.000000e-01 5.000000e-01 1.515095e+00 -0.993316 0.002056 0.009770 0.969663 0.009770 0.002056 0.993316 -0.002119 -0.009985 -0.969107 -0.009985 -0.002119 0.000000 
5.000000e-01 5.000000e-01 4.999838e-03 5.000000e-01 5.000000e-01 1.515095e+00 -0.993316 0.002056 0.009770 0.969663 0.009770 0.002056 0.993316 -0.002119 -0.009985 -0.969107 -0.009985 -0.002119 0.000000 
5.000000e-01 5.000000e-01 4.999838e-03 5.000000e-01 5.000000e-01 1.515095e+00 -0.993316 0.002056 0.009770 0.969663 0.009770 0.002056 0.993316 -0.002119 -0.009985 -0.969107 -0.009985 -0.002119 0.000000 
5.000000e-01 5.000000e-01 4.999838e-03 5.000000e-01 5.000000e-01 1.515095e+00 -0.993316 0.002056 0.009770 0.969663 0.009770 0.002056 0.993316 -0.002119 -0.009985 -0.969107 -0.009985 -0.002119 0.000000 
5.000000e-01 5.000000e-01 4.999838e-03 5.000000e-01 5.000000e-01 1.515095e+00 -0.993316 0.002056 0.009770 0.969663 0.009770 0.002056 0.993316 -0.002119 -0.009985 -0.969107 -0.009985 -0.002119 0.000000 
5.000000e-01 5.000000e-01 4.999838e-03 5.000000e-01 5.000000e-01 1.515095e+00 -0.993316 0.002056 0.009770 0.969663 0.009770 0.002056 0.993316 -0.002119 -0.009985 -0.969107 -0.009985 -0.002119 0.000000 
5.000000e-01 5.000000e-01 4.999838e-03 5.000000e-01 5.000000e-01 1.515095e+00 -0.993316 0.002056 0.009770 0.969663 0.009770 0.002056 0.993316 -0.002119 -0.009985 -0.969107 -0.009985 -0.002119 0.000000 
5.000000e-01 5.000000e-01 4.999838e-03 5.000000e-01 5.000000e-01 1.515095e+00 -0.993316 0.002056 0.009770 0.969663 0.009770 0.002056 0.993316 -0.002119 -0.009985 -0.969107 -0.009985 -0.002119 0.000000 
5.000000e-01 5.000000e-01 4.999838e-03 5.000000e-01 5.000000e-01 1.515095e+00 -0.993316 0.002056 0.009770 0.969663 0.009770 0.002056 0.993316 -0.002119 -0.009985 -0.969107 -0.009985 -0.002119 0.000000 
5.000000e-01 5.000000e-01 4.999838e-03 5.000000e-01 5.000000e-01 1.515095e+00 -0.993316 0.002056 0.009770 0.969663 0.009770 0.002056 0.993316 -0.002119 -0.009985 -0.969107 -0.009985 -0.002119 0.000000 
5.000000e-01 5.000000e-01 4.999838e-03 5.000000e-01 5.000000e-01 1.515095e+00 -0.993316 0.002056 0.009770 0.969663 0.009770 0.002056 0.993316 -0.002119 -0.009985 -0.969107 -0.009985 -0.002119 0.000000 
5.000000e-01 5.000000e-01 4.999838e-03 5.000000e-01 5.000000e-01 1.515095e+00 -0.993316 0.002056 0.009770 0.969663 0.009770 0.002056 0.993316 -0.002119 -0.009985 -0.969107 -0.009985 -0.002119 0.000000 
5.000000e-01 5.000000e-01 4.999838e-03 5.000000e-01 5.000000e-01 1.515095e+00 -0.993316 0.002056 0.009770 0.969663 0.009770 0.002056 0.993316 -0.002119 -0.009985 -0.969107 -0.009985 -0.002119 0.000000 
5.000000e-01 5.000000e-01 4.999838e-03 5.000000e-01 5.000000e-01 1.515095e+00 -0.993316 0.002056 0.009770 0.969663 0.009770 0.002056 0.993316 -0.002119 -0.009985 -0.969107 -0.009985 -0.002119 0.000000 
5.000000e-01 5.000000e-01 4.999838e-03 5.000000e-01 5.000000e-01 1.515095e+00 -0.993316 0.002056 0.009770 0.969663 0.009770 0.002056 0.993316 -0.002119 -0.009985 -0.969107 -0.009985 -0.002119 0.000000 
5.000000e-01 5.000000e-01 4.999838e-03 5.000000e-01 5.000000e-01 1.515095e+00 -0.993316 0.002056 0.009770 0.969663 0.009770 0.002056 0.993316 -0.002119 -0.009985 -0.969107 -0.009985 -0.002119 0.000000 
5.000000e-01 5.000000e-01 4.999838e-03 5.000000e-01 5.000000e-01 1.515095e+00 -0.993316 0.002056 0.009770 0.969663 0.009770 0.002056 0.993316 -0.002119 -0.009985 -0.969107 -0.009985 -0.002119 0.000000 
5.000000e-01 5.000000e-01 4.999838e-03 5.000000e-01 5.000000e-01 1.515095e+00 -0.993316 0.002056 0.009770 0.969663 0.009770 0.002056 0.993316 -0.002119 -0.009985 -0.969107 -0.009985 -0.002119 0.000000 
