# TeX TeY TeZ ThX ThY THZ P1 P2
5.000000e-01 5.000000e-01 5.700000e-01 5.000000e-01 5.000000e-01 5.700000e-01 0.000000 0.000000 0.000000 0.000000 0.000000 0.000000 0.000000 0.000000 0.000000 0.000000 0.000000 0.000000 0.000000 
5.000000e-01 5.000000e-01 5.578718e-01 5.000000e-01 5.000000e-01 5.786753e-01 -0.013656 0.002398 0.002921 0.003018 0.002921 0.002398 0.013656 -0.001478 -0.003170 -0.004360 -0.003170 -0.001478 0.000000 
5.000000e-01 5.000000e-01 5.457053e-01 5.000000e-01 5.000000e-01 5.873392e-01 -0.027329 0.004801 0.005845 0.006037 0.005845 0.004801 0.027329 -0.002932 -0.006350 -0.008765 -0.006350 -0.002932 0.000000 
5.000000e-01 5.000000e-01 5.335010e-01 5.000000e-01 5.000000e-01 5.959915e-01 -0.041020 0.007208 0.008773 0.009058 0.008773 0.007208 0.041020 -0.004358 -0.009539 -0.013226 -0.009539 -0.004358 0.000000 
5.000000e-01 5.000000e-01 5.212591e-01 5.000000e-01 5.000000e-01 6.046321e-01 -0.054727 0.009619 0.011703 0.012083 0.011703 0.009619 0.054727 -0.005750 -0.012739 -0.017750 -0.012739 -0.005750 0.000000 
5.000000e-01 5.000000e-01 5.089799e-01 5.000000e-01 5.000000e-01 6.132609e-01 -0.068452 0.012033 0.014638 0.015109 0.014638 0.012033 0.068451 -0.007099 -0.015950 -0.022355 -0.015950 -0.007099 0.000000 
5.000000e-01 5.000000e-01 4.966639e-01 5.000000e-01 5.000000e-01 6.218779e-01 -0.082192 0.014451 0.017575 0.018139 0.017575 0.014451 0.082192 -0.008397 -0.019173 -0.027053 -0.019173 -0.008397 0.000000 
5.000000e-01 5.000000e-01 4.843112e-01 5.000000e-01 5.000000e-01 6.304828e-01 -0.095949 0.016872 0.020516 0.021173 0.020516 0.016872 0.095949 -0.009644 -0.022406 -0.031848 -0.022406 -0.009644 0.000000 
5.000000e-01 5.000000e-01 4.719222e-01 5.000000e-01 5.000000e-01 6.390757e-01 -0.109721 0.019294 0.023461 0.024211 0.023461 0.019294 0.109721 -0.010835 -0.025651 -0.036750 -0.025651 -0.010835 0.000000 
5.000000e-01 5.000000e-01 4.594973e-01 5.000000e-01 5.000000e-01 6.476563e-01 -0.123509 0.021718 0.026409 0.027255 0.026409 0.021718 0.123509 -0.011960 -0.028906 -0.041777 -0.028906 -0.011960 0.000000 
5.000000e-01 5.000000e-01 4.470366e-01 5.000000e-01 5.000000e-01 6.562247e-01 -0.137312 0.024145 0.029361 0.030302 0.029361 0.024145 0.137312 -0.013003 -0.032172 -0.046964 -0.032172 -0.013003 0.000000 
5.000000e-01 5.000000e-01 4.345406e-01 5.000000e-01 5.000000e-01 6.647805e-01 -0.151131 0.026572 0.032316 0.033355 0.032316 0.026572 0.151131 -0.013965 -0.035447 -0.052307 -0.035447 -0.013965 0.000000 
5.000000e-01 5.000000e-01 4.220095e-01 5.000000e-01 5.000000e-01 6.733239e-01 -0.164964 0.029000 0.035275 0.036414 0.035275 0.029000 0.164964 -0.014839 -0.038730 -0.057825 -0.038730 -0.014839 0.000000 
5.000000e-01 5.000000e-01 4.094436e-01 5.000000e-01 5.000000e-01 6.818545e-01 -0.178811 0.031429 0.038237 0.039478 0.038237 0.031429 0.178811 -0.015614 -0.042019 -0.063544 -0.042019 -0.015614 0.000000 
5.000000e-01 5.000000e-01 3.968431e-01 5.000000e-01 5.000000e-01 6.903724e-01 -0.192672 0.033858 0.041204 0.042549 0.041204 0.033858 0.192672 -0.016269 -0.045311 -0.069512 -0.045311 -0.016269 0.000000 
5.000000e-01 5.000000e-01 3.842085e-01 5.000000e-01 5.000000e-01 6.988774e-01 -0.206548 0.036286 0.044174 0.045627 0.044174 0.036286 0.206548 -0.016810 -0.048602 -0.075723 -0.048602 -0.016810 0.000000 
5.000000e-01 5.000000e-01 3.715399e-01 5.000000e-01 5.000000e-01 7.073693e-01 -0.220436 0.038714 0.047148 0.048713 0.047148 0.038714 0.220436 -0.017227 -0.051888 -0.082206 -0.051888 -0.017227 0.000000 
5.000000e-01 5.000000e-01 3.588377e-01 5.000000e-01 5.000000e-01 7.158481e-01 -0.234339 0.041141 0.050125 0.051806 0.050125 0.041141 0.234339 -0.017499 -0.055161 -0.089018 -0.055161 -0.017499 0.000000 
5.000000e-01 5.000000e-01 3.461020e-01 5.000000e-01 5.000000e-01 7.243136e-01 -0.248254 0.043567 0.053107 0.054907 0.053107 0.043567 0.248254 -0.017609 -0.058414 -0.096208 -0.058414 -0.017609 0.000000 
5.000000e-01 5.000000e-01 3.333333e-01 5.000000e-01 5.000000e-01 7.327657e-01 -0.262182 0.045991 0.056092 0.058016 0.056092 0.045991 0.262182 -0.017562 -0.061637 -0.103784 -0.061637 -0.017562 0.000000 
5.000000e-01 5.000000e-01 3.205317e-01 5.000000e-01 5.000000e-01 7.412043e-01 -0.276122 0.048413 0.059082 0.061133 0.059082 0.048413 0.276122 -0.017347 -0.064820 -0.111790 -0.064820 -0.017347 0.000000 
5.000000e-01 5.000000e-01 3.076976e-01 5.000000e-01 5.000000e-01 7.496293e-01 -0.290075 0.050832 0.062075 0.064260 0.062075 0.050832 0.290075 -0.016923 -0.067938 -0.120352 -0.067938 -0.016923 0.000000 
5.000000e-01 5.000000e-01 2.948311e-01 5.000000e-01 5.000000e-01 7.580404e-01 -0.304040 0.053248 0.065073 0.067398 0.065073 0.053248 0.304040 -0.016301 -0.070977 -0.129484 -0.070977 -0.016301 0.000000 
5.000000e-01 5.000000e-01 2.819326e-01 5.000000e-01 5.000000e-01 7.664376e-01 -0.318016 0.055661 0.068074 0.070546 0.068074 0.055661 0.318016 -0.015472 -0.073919 -0.139236 -0.073919 -0.015472 0.000000 
5.000000e-01 5.000000e-01 2.690023e-01 5.000000e-01 5.000000e-01 7.748208e-01 -0.332004 0.058070 0.071080 0.073704 0.071080 0.058070 0.332004 -0.014410 -0.076725 -0.149733 -0.076725 -0.014410 0.000000 
5.000000e-01 5.000000e-01 2.560403e-01 5.000000e-01 5.000000e-01 7.831898e-01 -0.346003 0.060475 0.074090 0.076873 0.074090 0.060475 0.346003 -0.013089 -0.079349 -0.161128 -0.079349 -0.013089 0.000000 
5.000000e-01 5.000000e-01 2.430470e-01 5.000000e-01 5.000000e-01 7.915444e-01 -0.360014 0.062876 0.077104 0.080054 0.077104 0.062876 0.360014 -0.011524 -0.081764 -0.173439 -0.081764 -0.011524 0.000000 
5.000000e-01 5.000000e-01 2.300226e-01 5.000000e-01 5.000000e-01 7.998846e-01 -0.374035 0.065272 0.080122 0.083246 0.080122 0.065272 0.374035 -0.009703 -0.083922 -0.186785 -0.083922 -0.009703 0.000000 
5.000000e-01 5.000000e-01 2.169672e-01 5.000000e-01 5.000000e-01 8.082101e-01 -0.388068 0.067662 0.083145 0.086454 0.083145 0.067662 0.388067 -0.007567 -0.085693 -0.201549 -0.085693 -0.007567 0.000000 
5.000000e-01 5.000000e-01 2.038809e-01 5.000000e-01 5.000000e-01 8.165209e-01 -0.402111 0.070045 0.086172 0.089675 0.086172 0.070045 0.402111 -0.005152 -0.087051 -0.217704 -0.087051 -0.005152 0.000000 
5.000000e-01 5.000000e-01 1.907640e-01 5.000000e-01 5.000000e-01 8.248168e-01 -0.416165 0.072423 0.089205 0.092909 0.089205 0.072423 0.416165 -0.002450 -0.087909 -0.235446 -0.087909 -0.002450 0.000000 
5.000000e-01 5.000000e-01 1.776163e-01 5.000000e-01 5.000000e-01 8.330976e-01 -0.430230 0.074795 0.092241 0.096158 0.092241 0.074795 0.430230 0.000587 -0.088053 -0.255298 -0.088053 0.000587 0.000000 
5.000000e-01 5.000000e-01 1.644380e-01 5.000000e-01 5.000000e-01 8.413632e-01 -0.444308 0.077159 0.095283 0.099423 0.095283 0.077159 0.444308 0.003938 -0.087388 -0.277408 -0.087388 0.003938 0.000000 
5.000000e-01 5.000000e-01 1.512287e-01 5.000000e-01 5.000000e-01 8.496135e-01 -0.458398 0.079517 0.098330 0.102704 0.098330 0.079517 0.458398 0.007592 -0.085785 -0.302012 -0.085785 0.007592 0.000000 
5.000000e-01 5.000000e-01 1.379882e-01 5.000000e-01 5.000000e-01 8.578482e-01 -0.472502 0.081865 0.101383 0.106005 0.101383 0.081865 0.472502 0.011584 -0.082895 -0.329880 -0.082895 0.011584 0.000000 
5.000000e-01 5.000000e-01 1.247159e-01 5.000000e-01 5.000000e-01 8.660673e-01 -0.486624 0.084206 0.104443 0.109326 0.104443 0.084206 0.486623 0.015900 -0.078503 -0.361417 -0.078503 0.015900 0.000000 
5.000000e-01 5.000000e-01 1.114107e-01 5.000000e-01 5.000000e-01 8.742705e-01 -0.500764 0.086539 0.107510 0.112666 0.107510 0.086539 0.500764 0.020512 -0.072439 -0.396911 -0.072439 0.020512 0.000000 
5.000000e-01 5.000000e-01 9.807153e-02 5.000000e-01 5.000000e-01 8.824578e-01 -0.514929 0.088866 0.110585 0.116028 0.110585 0.088866 0.514929 0.025445 -0.064158 -0.437503 -0.064158 0.025445 0.000000 
5.000000e-01 5.000000e-01 8.469652e-02 5.000000e-01 5.000000e-01 8.906288e-01 -0.529124 0.091186 0.113669 0.119414 0.113669 0.091186 0.529124 0.030677 -0.053345 -0.483787 -0.053345 0.030677 0.000000 
5.000000e-01 5.000000e-01 7.128348e-02 5.000000e-01 5.000000e-01 8.987836e-01 -0.543355 0.093498 0.116764 0.122830 0.116764 0.093498 0.543355 0.036171 -0.039873 -0.535953 -0.039873 0.036171 0.000000 
5.000000e-01 5.000000e-01 5.783007e-02 5.000000e-01 5.000000e-01 9.069218e-01 -0.557634 0.095804 0.119874 0.126277 0.119874 0.095804 0.557634 0.041940 -0.023099 -0.595317 -0.023099 0.041940 0.000000 
5.000000e-01 5.000000e-01 4.433431e-02 5.000000e-01 5.000000e-01 9.150434e-01 -0.571966 0.098107 0.122998 0.129757 0.122998 0.098107 0.571966 0.047944 -0.003025 -0.661806 -0.003025 0.047944 0.000000 
5.000000e-01 5.000000e-01 3.079547e-02 5.000000e-01 5.000000e-01 9.231481e-01 -0.586353 0.100404 0.126137 0.133269 0.126137 0.100404 0.586353 0.054141 0.020019 -0.734674 0.020019 0.054141 0.000000 
5.000000e-01 5.000000e-01 1.721533e-02 5.000000e-01 5.000000e-01 9.312358e-01 -0.600796 0.102698 0.129292 0.136816 0.129292 0.102698 0.600796 0.060509 0.045936 -0.813686 0.045936 0.060509 0.000000 
5.000000e-01 5.000000e-01 4.999665e-03 5.000000e-01 5.000000e-01 9.393063e-01 -0.614330 0.104808 0.132258 0.140197 0.132258 0.104808 0.614330 0.066212 0.070516 -0.887785 0.070516 0.066212 0.000000 
5.000000e-01 5.000000e-01 4.999665e-03 5.000000e-01 5.000000e-01 9.473595e-01 -0.619616 0.105399 0.133481 0.141856 0.133481 0.105399 0.619616 0.065285 0.069384 -0.888955 0.069384 0.065285 0.000000 
5.000000e-01 5.000000e-01 4.999665e-03 5.000000e-01 5.000000e-01 9.553950e-01 -0.624891 0.105970 0.134705 0.143539 0.134705 0.105970 0.624891 0.064359 0.068256 -0.890121 0.068256 0.064359 0.000000 
5.000000e-01 5.000000e-01 4.999665e-03 5.000000e-01 5.000000e-01 9.634128e-01 -0.630154 0.106522 0.135931 0.145247 0.135931 0.106522 0.630154 0.063433 0.067131 -0.891282 0.067131 0.063433 0.000000 
5.000000e-01 5.000000e-01 4.999665e-03 5.000000e-01 5.000000e-01 9.714127e-01 -0.635405 0.107053 0.137159 0.146982 0.137159 0.107053 0.635405 0.062507 0.066009 -0.892438 0.066009 0.062507 0.000000 
5.000000e-01 5.000000e-01 4.999665e-03 5.000000e-01 5.000000e-01 9.793944e-01 -0.640645 0.107560 0.138388 0.148747 0.138388 0.107560 0.640644 0.061583 0.064890 -0.893589 0.064890 0.061583 0.000000 
5.000000e-01 5.000000e-01 4.999665e-03 5.000000e-01 5.000000e-01 9.873578e-01 -0.645872 0.108041 0.139620 0.150550 0.139620 0.108041 0.645872 0.060658 0.063773 -0.894735 0.063773 0.060658 0.000000 
5.000000e-01 5.000000e-01 4.999665e-03 5.000000e-01 5.000000e-01 9.953026e-01 -0.651087 0.108498 0.140853 0.152385 0.140853 0.108498 0.651087 0.059735 0.062660 -0.895877 0.062660 0.059735 0.000000 
5.000000e-01 5.000000e-01 4.999665e-03 5.000000e-01 5.000000e-01 1.003229e+00 -0.656289 0.108931 0.142088 0.154252 0.142088 0.108931 0.656289 0.058812 0.061550 -0.897014 0.061550 0.058812 0.000000 
5.000000e-01 5.000000e-01 4.999665e-03 5.000000e-01 5.000000e-01 1.011136e+00 -0.661480 0.109339 0.143324 0.156153 0.143324 0.109339 0.661479 0.057890 0.060443 -0.898147 0.060443 0.057890 0.000000 
5.000000e-01 5.000000e-01 4.999665e-03 5.000000e-01 5.000000e-01 1.019024e+00 -0.666657 0.109718 0.144562 0.158097 0.144562 0.109718 0.666657 0.056970 0.059340 -0.899276 0.059340 0.056970 0.000000 
5.000000e-01 5.000000e-01 4.999665e-03 5.000000e-01 5.000000e-01 1.026892e+00 -0.671822 0.110064 0.145803 0.160088 0.145803 0.110064 0.671822 0.056050 0.058239 -0.900400 0.058239 0.056050 0.000000 
5.000000e-01 5.000000e-01 4.999665e-03 5.000000e-01 5.000000e-01 1.034741e+00 -0.676974 0.110383 0.147044 0.162119 0.147044 0.110383 0.676974 0.055132 0.057141 -0.901520 0.057141 0.055132 0.000000 
5.000000e-01 5.000000e-01 4.999665e-03 5.000000e-01 5.000000e-01 1.042571e+00 -0.682113 0.110673 0.148287 0.164193 0.148287 0.110673 0.682113 0.054215 0.056046 -0.902636 0.056046 0.054215 0.000000 
5.000000e-01 5.000000e-01 4.999665e-03 5.000000e-01 5.000000e-01 1.050380e+00 -0.687239 0.110933 0.149530 0.166311 0.149530 0.110933 0.687239 0.053300 0.054955 -0.903748 0.054955 0.053300 0.000000 
5.000000e-01 5.000000e-01 4.999665e-03 5.000000e-01 5.000000e-01 1.058169e+00 -0.692351 0.111153 0.150776 0.168492 0.150776 0.111153 0.692351 0.052386 0.053866 -0.904855 0.053866 0.052386 0.000000 
5.000000e-01 5.000000e-01 4.999665e-03 5.000000e-01 5.000000e-01 1.065937e+00 -0.697450 0.111339 0.152022 0.170727 0.152022 0.111339 0.697450 0.051473 0.052781 -0.905959 0.052781 0.051473 0.000000 
5.000000e-01 5.000000e-01 4.999665e-03 5.000000e-01 5.000000e-01 1.073685e+00 -0.702535 0.111492 0.153268 0.173015 0.153268 0.111492 0.702535 0.050562 0.051699 -0.907058 0.051699 0.050562 0.000000 
5.000000e-01 5.000000e-01 4.999665e-03 5.000000e-01 5.000000e-01 1.081412e+00 -0.707607 0.111611 0.154514 0.175356 0.154514 0.111611 0.707607 0.049653 0.050620 -0.908154 0.050620 0.049653 0.000000 
5.000000e-01 5.000000e-01 4.999665e-03 5.000000e-01 5.000000e-01 1.089118e+00 -0.712664 0.111689 0.155760 0.177765 0.155760 0.111689 0.712664 0.048746 0.049544 -0.909245 0.049544 0.048746 0.000000 
5.000000e-01 5.000000e-01 4.999665e-03 5.000000e-01 5.000000e-01 1.096802e+00 -0.717708 0.111722 0.157005 0.180253 0.157005 0.111722 0.717708 0.047840 0.048472 -0.910333 0.048472 0.047840 0.000000 
5.000000e-01 5.000000e-01 4.999665e-03 5.000000e-01 5.000000e-01 1.104464e+00 -0.722737 0.111717 0.158249 0.182806 0.158249 0.111717 0.722737 0.046937 0.047403 -0.911416 0.047403 0.046937 0.000000 
5.000000e-01 5.000000e-01 4.999665e-03 5.000000e-01 5.000000e-01 1.112105e+00 -0.727752 0.111673 0.159490 0.185425 0.159490 0.111673 0.727752 0.046035 0.046337 -0.912496 0.046337 0.046035 0.000000 
5.000000e-01 5.000000e-01 4.999665e-03 5.000000e-01 5.000000e-01 1.119723e+00 -0.732752 0.111588 0.160728 0.188118 0.160728 0.111588 0.732752 0.045136 0.045274 -0.913571 0.045274 0.045136 0.000000 
5.000000e-01 5.000000e-01 4.999665e-03 5.000000e-01 5.000000e-01 1.127319e+00 -0.737737 0.111446 0.161963 0.190920 0.161963 0.111446 0.737737 0.044238 0.044214 -0.914643 0.044214 0.044238 0.000000 
5.000000e-01 5.000000e-01 4.999665e-03 5.000000e-01 5.000000e-01 1.134892e+00 -0.742707 0.111260 0.163193 0.193801 0.163193 0.111260 0.742707 0.043343 0.043158 -0.915711 0.043158 0.043343 0.000000 
5.000000e-01 5.000000e-01 4.999665e-03 5.000000e-01 5.000000e-01 1.142443e+00 -0.747663 0.111032 0.164417 0.196766 0.164417 0.111032 0.747663 0.042450 0.042106 -0.916775 0.042106 0.042450 0.000000 
5.000000e-01 5.000000e-01 4.999665e-03 5.000000e-01 5.000000e-01 1.149969e+00 -0.752603 0.110759 0.165634 0.199816 0.165634 0.110759 0.752603 0.041560 0.041056 -0.917835 0.041056 0.041560 0.000000 
5.000000e-01 5.000000e-01 4.999665e-03 5.000000e-01 5.000000e-01 1.157473e+00 -0.757527 0.110418 0.166842 0.203008 0.166842 0.110418 0.757527 0.040671 0.040011 -0.918891 0.040011 0.040671 0.000000 
5.000000e-01 5.000000e-01 4.999665e-03 5.000000e-01 5.000000e-01 1.164953e+00 -0.762436 0.110030 0.168039 0.206298 0.168039 0.110030 0.762436 0.039785 0.038968 -0.919943 0.038968 0.039785 0.000000 
5.000000e-01 5.000000e-01 4.999665e-03 5.000000e-01 5.000000e-01 1.172408e+00 -0.767329 0.109593 0.169225 0.209691 0.169225 0.109593 0.767329 0.038902 0.037929 -0.920991 0.037929 0.038902 0.000000 
5.000000e-01 5.000000e-01 4.999665e-03 5.000000e-01 5.000000e-01 1.179839e+00 -0.772205 0.109107 0.170399 0.213193 0.170399 0.109107 0.772205 0.038021 0.036894 -0.922035 0.036894 0.038021 0.000000 
5.000000e-01 5.000000e-01 4.999665e-03 5.000000e-01 5.000000e-01 1.187246e+00 -0.777066 0.108544 0.171553 0.216872 0.171553 0.108544 0.777066 0.037143 0.035862 -0.923075 0.035862 0.037143 0.000000 
5.000000e-01 5.000000e-01 4.999665e-03 5.000000e-01 5.000000e-01 1.194627e+00 -0.781910 0.107929 0.172689 0.220673 0.172689 0.107929 0.781910 0.036267 0.034834 -0.924112 0.034834 0.036267 0.000000 
5.000000e-01 5.000000e-01 4.999665e-03 5.000000e-01 5.000000e-01 1.201983e+00 -0.786737 0.107263 0.173806 0.224601 0.173806 0.107263 0.786737 0.035394 0.033809 -0.925144 0.033809 0.035394 0.000000 
5.000000e-01 5.000000e-01 4.999665e-03 5.000000e-01 5.000000e-01 1.209314e+00 -0.791548 0.106535 0.174899 0.228680 0.174899 0.106535 0.791548 0.034524 0.032788 -0.926172 0.032788 0.034524 0.000000 
5.000000e-01 5.000000e-01 4.999665e-03 5.000000e-01 5.000000e-01 1.216619e+00 -0.796342 0.105729 0.175958 0.232968 0.175958 0.105729 0.796341 0.033656 0.031771 -0.927197 0.031771 0.033656 0.000000 
5.000000e-01 5.000000e-01 4.999665e-03 5.000000e-01 5.000000e-01 1.223897e+00 -0.801118 0.104867 0.176988 0.237408 0.176988 0.104867 0.801118 0.032792 0.030758 -0.928217 0.030758 0.032792 0.000000 
5.000000e-01 5.000000e-01 4.999665e-03 5.000000e-01 5.000000e-01 1.231149e+00 -0.805877 0.103949 0.177988 0.242003 0.177988 0.103949 0.805876 0.031930 0.029748 -0.929233 0.029748 0.031930 0.000000 
5.000000e-01 5.000000e-01 4.999665e-03 5.000000e-01 5.000000e-01 1.238374e+00 -0.810618 0.102953 0.178942 0.246827 0.178942 0.102953 0.810618 0.031071 0.028742 -0.930245 0.028742 0.031071 0.000000 
5.000000e-01 5.000000e-01 4.999665e-03 5.000000e-01 5.000000e-01 1.245572e+00 -0.815341 0.101884 0.179846 0.251882 0.179846 0.101884 0.815341 0.030215 0.027740 -0.931253 0.027740 0.030215 0.000000 
5.000000e-01 5.000000e-01 4.999665e-03 5.000000e-01 5.000000e-01 1.252742e+00 -0.820046 0.100756 0.180705 0.257123 0.180705 0.100756 0.820046 0.029363 0.026742 -0.932256 0.026742 0.029363 0.000000 
5.000000e-01 5.000000e-01 4.999665e-03 5.000000e-01 5.000000e-01 1.259884e+00 -0.824733 0.099569 0.181517 0.262560 0.181517 0.099569 0.824733 0.028513 0.025748 -0.933256 0.025748 0.028513 0.000000 
5.000000e-01 5.000000e-01 4.999665e-03 5.000000e-01 5.000000e-01 1.266998e+00 -0.829401 0.098282 0.182242 0.268353 0.182242 0.098282 0.829401 0.027667 0.024758 -0.934251 0.024758 0.027667 0.000000 
5.000000e-01 5.000000e-01 4.999665e-03 5.000000e-01 5.000000e-01 1.274084e+00 -0.834050 0.096934 0.182904 0.274372 0.182904 0.096934 0.834050 0.026824 0.023772 -0.935242 0.023772 0.026824 0.000000 
5.000000e-01 5.000000e-01 4.999665e-03 5.000000e-01 5.000000e-01 1.281140e+00 -0.838680 0.095528 0.183501 0.280621 0.183501 0.095528 0.838680 0.025984 0.022790 -0.936229 0.022790 0.025984 0.000000 
5.000000e-01 5.000000e-01 4.999665e-03 5.000000e-01 5.000000e-01 1.288167e+00 -0.843292 0.094034 0.183996 0.287231 0.183996 0.094034 0.843292 0.025148 0.021812 -0.937212 0.021812 0.025148 0.000000 
5.000000e-01 5.000000e-01 4.999665e-03 5.000000e-01 5.000000e-01 1.295165e+00 -0.847883 0.092462 0.184384 0.294191 0.184384 0.092462 0.847883 0.024314 0.020839 -0.938190 0.020839 0.024314 0.000000 
5.000000e-01 5.000000e-01 4.999665e-03 5.000000e-01 5.000000e-01 1.302132e+00 -0.852455 0.090830 0.184684 0.301427 0.184684 0.090830 0.852455 0.023485 0.019869 -0.939164 0.019869 0.023485 0.000000 
5.000000e-01 5.000000e-01 4.999665e-03 5.000000e-01 5.000000e-01 1.309069e+00 -0.857007 0.089125 0.184868 0.309022 0.184868 0.089125 0.857007 0.022658 0.018904 -0.940133 0.018904 0.022658 0.000000 
5.000000e-01 5.000000e-01 4.999665e-03 5.000000e-01 5.000000e-01 1.315975e+00 -0.861540 0.087324 0.184884 0.317122 0.184884 0.087324 0.861540 0.021836 0.017943 -0.941098 0.017943 0.021836 0.000000 
5.000000e-01 5.000000e-01 4.999665e-03 5.000000e-01 5.000000e-01 1.322850e+00 -0.866051 0.085466 0.184781 0.325556 0.184781 0.085466 0.866051 0.021017 0.016987 -0.942058 0.016987 0.021017 0.000000 
5.000000e-01 5.000000e-01 4.999665e-03 5.000000e-01 5.000000e-01 1.329693e+00 -0.870542 0.083547 0.184547 0.334354 0.184547 0.083547 0.870542 0.020201 0.016035 -0.943014 0.016035 0.020201 0.000000 
5.000000e-01 5.000000e-01 4.999665e-03 5.000000e-01 5.000000e-01 1.336505e+00 -0.875013 0.081521 0.184064 0.343841 0.184064 0.081521 0.875013 0.019389 0.015087 -0.943965 0.015087 0.019389 0.000000 
5.000000e-01 5.000000e-01 4.999665e-03 5.000000e-01 5.000000e-01 1.343283e+00 -0.879463 0.079441 0.183425 0.353729 0.183425 0.079441 0.879463 0.018581 0.014144 -0.944912 0.014144 0.018581 0.000000 
5.000000e-01 5.000000e-01 4.999665e-03 5.000000e-01 5.000000e-01 1.350029e+00 -0.883891 0.077309 0.182632 0.364011 0.182632 0.077309 0.883891 0.017777 0.013205 -0.945854 0.013205 0.017777 0.000000 
5.000000e-01 5.000000e-01 4.999665e-03 5.000000e-01 5.000000e-01 1.356742e+00 -0.888298 0.075066 0.181493 0.375180 0.181493 0.075066 0.888298 0.016976 0.012271 -0.946791 0.012271 0.016976 0.000000 
5.000000e-01 5.000000e-01 4.999665e-03 5.000000e-01 5.000000e-01 1.363422e+00 -0.892684 0.072773 0.180152 0.386833 0.180152 0.072773 0.892684 0.016179 0.011341 -0.947724 0.011341 0.016179 0.000000 
5.000000e-01 5.000000e-01 4.999665e-03 5.000000e-01 5.000000e-01 1.370067e+00 -0.897049 0.070433 0.178618 0.398948 0.178618 0.070433 0.897049 0.015386 0.010416 -0.948652 0.010416 0.015386 0.000000 
5.000000e-01 5.000000e-01 4.999665e-03 5.000000e-01 5.000000e-01 1.376678e+00 -0.901392 0.067987 0.176631 0.412155 0.176631 0.067987 0.901392 0.014597 0.009495 -0.949576 0.009495 0.014597 0.000000 
5.000000e-01 5.000000e-01 4.999665e-03 5.000000e-01 5.000000e-01 1.383254e+00 -0.905713 0.065497 0.174391 0.425936 0.174391 0.065497 0.905713 0.013811 0.008579 -0.950495 0.008579 0.013811 0.000000 
5.000000e-01 5.000000e-01 4.999665e-03 5.000000e-01 5.000000e-01 1.389795e+00 -0.910013 0.062962 0.171896 0.440297 0.171896 0.062962 0.910013 0.013030 0.007668 -0.951409 0.007668 0.013030 0.000000 
5.000000e-01 5.000000e-01 4.999665e-03 5.000000e-01 5.000000e-01 1.396301e+00 -0.914291 0.060331 0.168828 0.455973 0.168828 0.060331 0.914291 0.012252 0.006761 -0.952318 0.006761 0.012252 0.000000 
5.000000e-01 5.000000e-01 4.999665e-03 5.000000e-01 5.000000e-01 1.402771e+00 -0.918548 0.057664 0.165465 0.472291 0.165465 0.057664 0.918548 0.011478 0.005859 -0.953223 0.005859 0.011478 0.000000 
5.000000e-01 5.000000e-01 4.999665e-03 5.000000e-01 5.000000e-01 1.409205e+00 -0.922783 0.054949 0.161730 0.489426 0.161730 0.054949 0.922783 0.010708 0.004962 -0.954123 0.004962 0.010708 0.000000 
5.000000e-01 5.000000e-01 4.999665e-03 5.000000e-01 5.000000e-01 1.415603e+00 -0.926998 0.052157 0.157342 0.507998 0.157342 0.052157 0.926998 0.009942 0.004068 -0.955019 0.004068 0.009942 0.000000 
5.000000e-01 5.000000e-01 4.999665e-03 5.000000e-01 5.000000e-01 1.421963e+00 -0.931191 0.049338 0.152621 0.527274 0.152621 0.049338 0.931191 0.009180 0.003180 -0.955910 0.003180 0.009180 0.000000 
5.000000e-01 5.000000e-01 4.999665e-03 5.000000e-01 5.000000e-01 1.428287e+00 -0.935364 0.046465 0.147338 0.547759 0.147338 0.046465 0.935364 0.008421 0.002295 -0.956797 0.002295 0.008421 0.000000 
5.000000e-01 5.000000e-01 4.999665e-03 5.000000e-01 5.000000e-01 1.434574e+00 -0.939518 0.043540 0.141403 0.569631 0.141403 0.043540 0.939518 0.007666 0.001415 -0.957679 0.001415 0.007666 0.000000 
5.000000e-01 5.000000e-01 4.999665e-03 5.000000e-01 5.000000e-01 1.440823e+00 -0.943650 0.040596 0.135116 0.592227 0.135116 0.040596 0.943650 0.006914 0.000540 -0.958557 0.000540 0.006914 0.000000 
5.000000e-01 5.000000e-01 4.999665e-03 5.000000e-01 5.000000e-01 1.447035e+00 -0.947764 0.037592 0.127991 0.616599 0.127991 0.037592 0.947764 0.006166 -0.000332 -0.959432 -0.000332 0.006166 0.000000 
5.000000e-01 5.000000e-01 4.999665e-03 5.000000e-01 5.000000e-01 1.453209e+00 -0.951860 0.034563 0.120355 0.642024 0.120355 0.034563 0.951860 0.005421 -0.001200 -0.960302 -0.001200 0.005421 0.000000 
5.000000e-01 5.000000e-01 4.999665e-03 5.000000e-01 5.000000e-01 1.459345e+00 -0.955935 0.031514 0.112256 0.668393 0.112256 0.031514 0.955935 0.004680 -0.002064 -0.961167 -0.002064 0.004680 0.000000 
5.000000e-01 5.000000e-01 4.999665e-03 5.000000e-01 5.000000e-01 1.465443e+00 -0.959995 0.028418 0.103238 0.696683 0.103238 0.028418 0.959995 0.003942 -0.002924 -0.962030 -0.002924 0.003942 0.000000 
5.000000e-01 5.000000e-01 4.999665e-03 5.000000e-01 5.000000e-01 1.471503e+00 -0.964034 0.025318 0.093894 0.725610 0.093894 0.025318 0.964034 0.003207 -0.003780 -0.962888 -0.003780 0.003207 0.000000 
5.000000e-01 5.000000e-01 4.999665e-03 5.000000e-01 5.000000e-01 1.477524e+00 -0.968057 0.022188 0.083812 0.756057 0.083812 0.022188 0.968057 0.002475 -0.004633 -0.963743 -0.004633 0.002475 0.000000 
5.000000e-01 5.000000e-01 4.999665e-03 5.000000e-01 5.000000e-01 1.483506e+00 -0.972062 0.019046 0.073219 0.787532 0.073219 0.019046 0.972062 0.001747 -0.005481 -0.964593 -0.005481 0.001747 0.000000 
5.000000e-01 5.000000e-01 4.999665e-03 5.000000e-01 5.000000e-01 1.489448e+00 -0.976046 0.015902 0.062292 0.819658 0.062292 0.015902 0.976046 0.001022 -0.006325 -0.965439 -0.006325 0.001022 0.000000 
5.000000e-01 5.000000e-01 4.999665e-03 5.000000e-01 5.000000e-01 1.495350e+00 -0.980013 0.012740 0.050688 0.853156 0.050688 0.012740 0.980013 0.000301 -0.007166 -0.966282 -0.007166 0.000301 0.000000 
5.000000e-01 5.000000e-01 4.999665e-03 5.000000e-01 5.000000e-01 1.501210e+00 -0.983955 0.009590 0.038964 0.886847 0.038964 0.009590 0.983955 -0.000416 -0.008001 -0.967119 -0.008001 -0.000416 0.000000 
5.000000e-01 5.000000e-01 4.999665e-03 5.000000e-01 5.000000e-01 1.507028e+00 -0.987876 0.006439 0.026848 0.921302 0.026848 0.006439 0.987876 -0.001130 -0.008832 -0.967952 -0.008832 -0.001130 0.000000 
5.000000e-01 5.000000e-01 4.999665e-03 5.000000e-01 5.000000e-01 1.512815e+00 -0.991778 0.003297 0.014642 0.955899 0.014642 0.003297 0.991778 -0.001839 -0.009659 -0.968781 -0.009659 -0.001839 0.000000 
5.000000e-01 5.000000e-01 4.999665e-03 5.000000e-01 5.000000e-01 1.515070e+00 -0.993300 0.002070 0.009822 0.969518 0.009822 0.002070 0.993300 -0.002116 -0.009982 -0.969104 -0.009982 -0.002116 0.000000 
5.000000e-01 5.000000e-01 4.999665e-03 5.000000e-01 5.000000e-01 1.515070e+00 -0.993300 0.002070 0.009822 0.969518 0.009822 0.002070 0.993300 -0.002116 -0.009982 -0.969104 -0.009982 -0.002116 0.000000 
5.000000e-01 5.000000e-01 4.999665e-03 5.000000e-01 5.000000e-01 1.515070e+00 -0.993300 0.002070 0.009822 0.969518 0.009822 0.002070 0.993300 -0.002116 -0.009982 -0.969104 -0.009982 -0.002116 0.000000 
5.000000e-01 5.000000e-01 4.999665e-03 5.000000e-01 5.000000e-01 1.515070e+00 -0.993300 0.002070 0.009822 0.969518 0.009822 0.002070 0.993300 -0.002116 -0.009982 -0.969104 -0.009982 -0.002116 0.000000 
5.000000e-01 5.000000e-01 4.999665e-03 5.000000e-01 5.000000e-01 1.515070e+00 -0.993300 0.002070 0.009822 0.969518 0.009822 0.002070 0.993300 -0.002116 -0.009982 -0.969104 -0.009982 -0.002116 0.000000 
5.000000e-01 5.000000e-01 4.999665e-03 5.000000e-01 5.000000e-01 1.515070e+00 -0.993300 0.002070 0.009822 0.969518 0.009822 0.002070 0.993300 -0.002116 -0.009982 -0.969104 -0.009982 -0.002116 0.000000 
5.000000e-01 5.000000e-01 4.999665e-03 5.000000e-01 5.000000e-01 1.515070e+00 -0.993300 0.002070 0.009822 0.969518 0.009822 0.002070 0.993300 -0.002116 -0.009982 -0.969104 -0.009982 -0.002116 0.000000 
5.000000e-01 5.000000e-01 4.999665e-03 5.000000e-01 5.000000e-01 1.515070e+00 -0.993300 0.002070 0.009822 0.969518 0.009822 0.002070 0.993300 -0.002116 -0.009982 -0.969104 -0.009982 -0.002116 0.000000 
5.000000e-01 5.000000e-01 4.999665e-03 5.000000e-01 5.000000e-01 1.515070e+00 -0.993300 0.002070 0.009822 0.969518 0.009822 0.002070 0.993300 -0.002116 -0.009982 -0.969104 -0.009982 -0.002116 0.000000 
5.000000e-01 5.000000e-01 4.999665e-03 5.000000e-01 5.000000e-01 1.515070e+00 -0.993300 0.002070 0.009822 0.969518 0.009822 0.002070 0.993300 -0.002116 -0.009982 -0.969104 -0.009982 -0.002116 0.000000 
5.000000e-01 5.000000e-01 4.999665e-03 5.000000e-01 5.000000e-01 1.515070e+00 -0.993300 0.002070 0.009822 0.969518 0.009822 0.002070 0.993300 -0.002116 -0.009982 -0.969104 -0.009982 -0.002116 0.000000 
5.000000e-01 5.000000e-01 4.999665e-03 5.000000e-01 5.000000e-01 1.515070e+00 -0.993300 0.002070 0.009822 0.969518 0.009822 0.002070 0.993300 -0.002116 -0.009982 -0.969104 -0.009982 -0.002116 0.000000 
5.000000e-01 5.000000e-01 4.999665e-03 5.000000e-01 5.000000e-01 1.515070e+00 -0.993300 0.002070 0.009822 0.969518 0.009822 0.002070 0.993300 -0.002116 -0.009982 -0.969104 -0.009982 -0.002116 0.000000 
5.000000e-01 5.000000e-01 4.999665e-03 5.000000e-01 5.000000e-01 1.515070e+00 -0.993300 0.002070 0.009822 0.969518 0.009822 0.002070 0.993300 -0.002116 -0.009982 -0.969104 -0.009982 -0.002116 0.000000 
5.000000e-01 5.000000e-01 4.999665e-03 5.000000e-01 5.000000e-01 1.515070e+00 -0.993300 0.002070 0.009822 0.969518 0.009822 0.002070 0.993300 -0.002116 -0.009982 -0.969104 -0.009982 -0.002116 0.000000 
5.000000e-01 5.000000e-01 4.999665e-03 5.000000e-01 5.000000e-01 1.515070e+00 -0.993300 0.002070 0.009822 0.969518 0.009822 0.002070 0.993300 -0.002116 -0.009982 -0.969104 -0.009982 -0.002116 0.000000 
5.000000e-01 5.000000e-01 4.999665e-03 5.000000e-01 5.000000e-01 1.515070e+00 -0.993300 0.002070 0.009822 0.969518 0.009822 0.002070 0.993300 -0.002116 -0.009982 -0.969104 -0.009982 -0.002116 0.000000 
5.000000e-01 5.000000e-01 4.999665e-03 5.000000e-01 5.000000e-01 1.515070e+00 -0.993300 0.002070 0.009822 0.969518 0.009822 0.002070 0.993300 -0.002116 -0.009982 -0.969104 -0.009982 -0.002116 0.000000 
5.000000e-01 5.000000e-01 4.999665e-03 5.000000e-01 5.000000e-01 1.515070e+00 -0.993300 0.002070 0.009822 0.969518 0.009822 0.002070 0.993300 -0.002116 -0.009982 -0.969104 -0.009982 -0.002116 0.000000 
5.000000e-01 5.000000e-01 4.999665e-03 5.000000e-01 5.000000e-01 1.515070e+00 -0.993300 0.002070 0.009822 0.969518 0.009822 0.002070 0.993300 -0.002116 -0.009982 -0.969104 -0.009982 -0.002116 0.000000 
5.000000e-01 5.000000e-01 4.999665e-03 5.000000e-01 5.000000e-01 1.515070e+00 -0.993300 0.002070 0.009822 0.969518 0.009822 0.002070 0.993300 -0.002116 -0.009982 -0.969104 -0.009982 -0.002116 0.000000 
5.000000e-01 5.000000e-01 4.999665e-03 5.000000e-01 5.000000e-01 1.515070e+00 -0.993300 0.002070 0.009822 0.969518 0.009822 0.002070 0.993300 -0.002116 -0.009982 -0.969104 -0.009982 -0.002116 0.000000 
5.000000e-01 5.000000e-01 4.999665e-03 5.000000e-01 5.000000e-01 1.515070e+00 -0.993300 0.002070 0.009822 0.969518 0.009822 0.002070 0.993300 -0.002116 -0.009982 -0.969104 -0.009982 -0.002116 0.000000 
5.000000e-01 5.000000e-01 4.999665e-03 5.000000e-01 5.000000e-01 1.515070e+00 -0.993300 0.002070 0.009822 0.969518 0.009822 0.002070 0.993300 -0.002116 -0.009982 -0.969104 -0.009982 -0.002116 0.000000 
5.000000e-01 5.000000e-01 4.999665e-03 5.000000e-01 5.000000e-01 1.515070e+00 -0.993300 0.002070 0.009822 0.969518 0.009822 0.002070 0.993300 -0.002116 -0.009982 -0.969104 -0.009982 -0.002116 0.000000 
5.000000e-01 5.000000e-01 4.999665e-03 5.000000e-01 5.000000e-01 1.515070e+00 -0.993300 0.002070 0.009822 0.969518 0.009822 0.002070 0.993300 -0.002116 -0.009982 -0.969104 -0.009982 -0.002116 0.000000 
5.000000e-01 5.000000e-01 4.999665e-03 5.000000e-01 5.000000e-01 1.515070e+00 -0.993300 0.002070 0.009822 0.969518 0.009822 0.002070 0.993300 -0.002116 -0.009982 -0.969104 -0.009982 -0.002116 0.000000 
5.000000e-01 5.000000e-01 4.999665e-03 5.000000e-01 5.000000e-01 1.515070e+00 -0.993300 0.002070 0.009822 0.969518 0.009822 0.002070 0.993300 -0.002116 -0.009982 -0.969104 -0.009982 -0.002116 0.000000 
5.000000e-01 5.000000e-01 4.999665e-03 5.000000e-01 5.000000e-01 1.515070e+00 -0.993300 0.002070 0.009822 0.969518 0.009822 0.002070 0.993300 -0.002116 -0.009982 -0.969104 -0.009982 -0.002116 0.000000 
5.000000e-01 5.000000e-01 4.999665e-03 5.000000e-01 5.000000e-01 1.515070e+00 -0.993300 0.002070 0.009822 0.969518 0.009822 0.002070 0.993300 -0.002116 -0.009982 -0.969104 -0.009982 -0.002116 0.000000 
5.000000e-01 5.000000e-01 4.999665e-03 5.000000e-01 5.000000e-01 1.515070e+00 -0.993300 0.002070 0.009822 0.969518 0.009822 0.002070 0.993300 -0.002116 -0.009982 -0.969104 -0.009982 -0.002116 0.000000 
5.000000e-01 5.000000e-01 4.999665e-03 5.000000e-01 5.000000e-01 1.515070e+00 -0.993300 0.002070 0.009822 0.969518 0.009822 0.002070 0.993300 -0.002116 -0.009982 -0.969104 -0.009982 -0.002116 0.000000 
5.000000e-01 5.000000e-01 4.999665e-03 5.000000e-01 5.000000e-01 1.515070e+00 -0.993300 0.002070 0.009822 0.969518 0.009822 0.002070 0.993300 -0.002116 -0.009982 -0.969104 -0.009982 -0.002116 0.000000 
5.000000e-01 5.000000e-01 4.999665e-03 5.000000e-01 5.000000e-01 1.515070e+00 -0.993300 0.002070 0.009822 0.969518 0.009822 0.002070 0.993300 -0.002116 -0.009982 -0.969104 -0.009982 -0.002116 0.000000 
5.000000e-01 5.000000e-01 4.999665e-03 5.000000e-01 5.000000e-01 1.515070e+00 -0.993300 0.002070 0.009822 0.969518 0.009822 0.002070 0.993300 -0.002116 -0.009982 -0.969104 -0.009982 -0.002116 0.000000 
5.000000e-01 5.000000e-01 4.999665e-03 5.000000e-01 5.000000e-01 1.515070e+00 -0.993300 0.002070 0.009822 0.969518 0.009822 0.002070 0.993300 -0.002116 -0.009982 -0.969104 -0.009982 -0.002116 0.000000 
5.000000e-01 5.000000e-01 4.999665e-03 5.000000e-01 5.000000e-01 1.515070e+00 -0.993300 0.002070 0.009822 0.969518 0.009822 0.002070 0.993300 -0.002116 -0.009982 -0.969104 -0.009982 -0.002116 0.000000 
5.000000e-01 5.000000e-01 4.999665e-03 5.000000e-01 5.000000e-01 1.515070e+00 -0.993300 0.002070 0.009822 0.969518 0.009822 0.002070 0.993300 -0.002116 -0.009982 -0.969104 -0.009982 -0.002116 0.000000 
5.000000e-01 5.000000e-01 4.999665e-03 5.000000e-01 5.000000e-01 1.515070e+00 -0.993300 0.002070 0.009822 0.969518 0.009822 0.002070 0.993300 -0.002116 -0.009982 -0.969104 -0.009982 -0.002116 0.000000 
5.000000e-01 5.000000e-01 4.999665e-03 5.000000e-01 5.000000e-01 1.515070e+00 -0.993300 0.002070 0.009822 0.969518 0.009822 0.002070 0.993300 -0.002116 -0.009982 -0.969104 -0.009982 -0.002116 0.000000 
5.000000e-01 5.000000e-01 4.999665e-03 5.000000e-01 5.000000e-01 1.515070e+00 -0.993300 0.002070 0.009822 0.969518 0.009822 0.002070 0.993300 -0.002116 -0.009982 -0.969104 -0.009982 -0.002116 0.000000 
5.000000e-01 5.000000e-01 4.999665e-03 5.000000e-01 5.000000e-01 1.515070e+00 -0.993300 0.002070 0.009822 0.969518 0.009822 0.002070 0.993300 -0.002116 -0.009982 -0.969104 -0.009982 -0.002116 0.000000 
5.000000e-01 5.000000e-01 4.999665e-03 5.000000e-01 5.000000e-01 1.515070e+00 -0.993300 0.002070 0.009822 0.969518 0.009822 0.002070 0.993300 -0.002116 -0.009982 -0.969104 -0.009982 -0.002116 0.000000 
5.000000e-01 5.000000e-01 4.999665e-03 5.000000e-01 5.000000e-01 1.515070e+00 -0.993300 0.002070 0.009822 0.969518 0.009822 0.002070 0.993300 -0.002116 -0.009982 -0.969104 -0.009982 -0.002116 0.000000 
5.000000e-01 5.000000e-01 4.999665e-03 5.000000e-01 5.000000e-01 1.515070e+00 -0.993300 0.002070 0.009822 0.969518 0.009822 0.002070 0.993300 -0.002116 -0.009982 -0.969104 -0.009982 -0.002116 0.000000 
5.000000e-01 5.000000e-01 4.999665e-03 5.000000e-01 5.000000e-01 1.515070e+00 -0.993300 0.002070 0.009822 0.969518 0.009822 0.002070 0.993300 -0.002116 -0.009982 -0.969104 -0.009982 -0.002116 0.000000 
5.000000e-01 5.000000e-01 4.999665e-03 5.000000e-01 5.000000e-01 1.515070e+00 -0.993300 0.002070 0.009822 0.969518 0.009822 0.002070 0.993300 -0.002116 -0.009982 -0.969104 -0.009982 -0.002116 0.000000 
5.000000e-01 5.000000e-01 4.999665e-03 5.000000e-01 5.000000e-01 1.515070e+00 -0.993300 0.002070 0.009822 0.969518 0.009822 0.002070 0.993300 -0.002116 -0.009982 -0.969104 -0.009982 -0.002116 0.000000 
5.000000e-01 5.000000e-01 4.999665e-03 5.000000e-01 5.000000e-01 1.515070e+00 -0.993300 0.002070 0.009822 0.969518 0.009822 0.002070 0.993300 -0.002116 -0.009982 -0.969104 -0.009982 -0.002116 0.000000 
5.000000e-01 5.000000e-01 4.999665e-03 5.000000e-01 5.000000e-01 1.515070e+00 -0.993300 0.002070 0.009822 0.969518 0.009822 0.002070 0.993300 -0.002116 -0.009982 -0.969104 -0.009982 -0.002116 0.000000 
5.000000e-01 5.000000e-01 4.999665e-03 5.000000e-01 5.000000e-01 1.515070e+00 -0.993300 0.002070 0.009822 0.969518 0.009822 0.002070 0.993300 -0.002116 -0.009982 -0.969104 -0.009982 -0.002116 0.000000 
5.000000e-01 5.000000e-01 4.999665e-03 5.000000e-01 5.000000e-01 1.515070e+00 -0.993300 0.002070 0.009822 0.969518 0.009822 0.002070 0.993300 -0.002116 -0.009982 -0.969104 -0.009982 -0.002116 0.000000 
5.000000e-01 5.000000e-01 4.999665e-03 5.000000e-01 5.000000e-01 1.515070e+00 -0.993300 0.002070 0.009822 0.969518 0.009822 0.002070 0.993300 -0.002116 -0.009982 -0.969104 -0.009982 -0.002116 0.000000 
5.000000e-01 5.000000e-01 4.999665e-03 5.000000e-01 5.000000e-01 1.515070e+00 -0.993300 0.002070 0.009822 0.969518 0.009822 0.002070 0.993300 -0.002116 -0.009982 -0.969104 -0.009982 -0.002116 0.000000 
5.000000e-01 5.000000e-01 4.999665e-03 5.000000e-01 5.000000e-01 1.515070e+00 -0.993300 0.002070 0.009822 0.969518 0.009822 0.002070 0.993300 -0.002116 -0.009982 -0.969104 -0.009982 -0.002116 0.000000 
5.000000e-01 5.000000e-01 4.999665e-03 5.000000e-01 5.000000e-01 1.515070e+00 -0.993300 0.002070 0.009822 0.969518 0.009822 0.002070 0.993300 -0.002116 -0.009982 -0.969104 -0.009982 -0.002116 0.000000 
5.000000e-01 5.000000e-01 4.999665e-03 5.000000e-01 5.000000e-01 1.515070e+00 -0.993300 0.002070 0.009822 0.969518 0.009822 0.002070 0.993300 -0.002116 -0.009982 -0.969104 -0.009982 -0.002116 0.000000 
5.000000e-01 5.000000e-01 4.999665e-03 5.000000e-01 5.000000e-01 1.515070e+00 -0.993300 0.002070 0.009822 0.969518 0.009822 0.002070 0.993300 -0.002116 -0.009982 -0.969104 -0.009982 -0.002116 0.000000 
5.000000e-01 5.000000e-01 4.999665e-03 5.000000e-01 5.000000e-01 1.515070e+00 -0.993300 0.002070 0.009822 0.969518 0.009822 0.002070 0.993300 -0.002116 -0.009982 -0.969104 -0.009982 -0.002116 0.000000 
5.000000e-01 5.000000e-01 4.999665e-03 5.000000e-01 5.000000e-01 1.515070e+00 -0.993300 0.002070 0.009822 0.969518 0.009822 0.002070 0.993300 -0.002116 -0.009982 -0.969104 -0.009982 -0.002116 0.000000 
5.000000e-01 5.000000e-01 4.999665e-03 5.000000e-01 5.000000e-01 1.515070e+00 -0.993300 0.002070 0.009822 0.969518 0.009822 0.002070 0.993300 -0.002116 -0.009982 -0.969104 -0.009982 -0.002116 0.000000 
5.000000e-01 5.000000e-01 4.999665e-03 5.000000e-01 5.000000e-01 1.515070e+00 -0.993300 0.002070 0.009822 0.969518 0.009822 0.002070 0.993300 -0.002116 -0.009982 -0.969104 -0.009982 -0.002116 0.000000 
5.000000e-01 5.000000e-01 4.999665e-03 5.000000e-01 5.000000e-01 1.515070e+00 -0.993300 0.002070 0.009822 0.969518 0.009822 0.002070 0.993300 -0.002116 -0.009982 -0.969104 -0.009982 -0.002116 0.000000 
5.000000e-01 5.000000e-01 4.999665e-03 5.000000e-01 5.000000e-01 1.515070e+00 -0.993300 0.002070 0.009822 0.969518 0.009822 0.002070 0.993300 -0.002116 -0.009982 -0.969104 -0.009982 -0.002116 0.000000 
5.000000e-01 5.000000e-01 4.999665e-03 5.000000e-01 5.000000e-01 1.515070e+00 -0.993300 0.002070 0.009822 0.969518 0.009822 0.002070 0.993300 -0.002116 -0.009982 -0.969104 -0.009982 -0.002116 0.000000 
5.000000e-01 5.000000e-01 4.999665e-03 5.000000e-01 5.000000e-01 1.515070e+00 -0.993300 0.002070 0.009822 0.969518 0.009822 0.002070 0.993300 -0.002116 -0.009982 -0.969104 -0.009982 -0.002116 0.000000 
5.000000e-01 5.000000e-01 4.999665e-03 5.000000e-01 5.000000e-01 1.515070e+00 -0.993300 0.002070 0.009822 0.969518 0.009822 0.002070 0.993300 -0.002116 -0.009982 -0.969104 -0.009982 -0.002116 0.000000 
5.000000e-01 5.000000e-01 4.999665e-03 5.000000e-01 5.000000e-01 1.515070e+00 -0.993300 0.002070 0.009822 0.969518 0.009822 0.002070 0.993300 -0.002116 -0.009982 -0.969104 -0.009982 -0.002116 0.000000 
5.000000e-01 5.000000e-01 4.999665e-03 5.000000e-01 5.000000e-01 1.515070e+00 -0.993300 0.002070 0.009822 0.969518 0.009822 0.002070 0.993300 -0.002116 -0.009982 -0.969104 -0.009982 -0.002116 0.000000 
5.000000e-01 5.000000e-01 4.999665e-03 5.000000e-01 5.000000e-01 1.515070e+00 -0.993300 0.002070 0.009822 0.969518 0.009822 0.002070 0.993300 -0.002116 -0.009982 -0.969104 -0.009982 -0.002116 0.000000 
5.000000e-01 5.000000e-01 4.999665e-03 5.000000e-01 5.000000e-01 1.515070e+00 -0.993300 0.002070 0.009822 0.969518 0.009822 0.002070 0.993300 -0.002116 -0.009982 -0.969104 -0.009982 -0.002116 0.000000 
5.000000e-01 5.000000e-01 4.999665e-03 5.000000e-01 5.000000e-01 1.515070e+00 -0.993300 0.002070 0.009822 0.969518 0.009822 0.002070 0.993300 -0.002116 -0.009982 -0.969104 -0.009982 -0.002116 0.000000 
5.000000e-01 5.000000e-01 4.999665e-03 5.000000e-01 5.000000e-01 1.515070e+00 -0.993300 0.002070 0.009822 0.969518 0.009822 0.002070 0.993300 -0.002116 -0.009982 -0.969104 -0.009982 -0.002116 0.000000 
5.000000e-01 5.000000e-01 4.999665e-03 5.000000e-01 5.000000e-01 1.515070e+00 -0.993300 0.002070 0.009822 0.969518 0.009822 0.002070 0.993300 -0.002116 -0.009982 -0.969104 -0.009982 -0.002116 0.000000 
5.000000e-01 5.000000e-01 4.999665e-03 5.000000e-01 5.000000e-01 1.515070e+00 -0.993300 0.002070 0.009822 0.969518 0.009822 0.002070 0.993300 -0.002116 -0.009982 -0.969104 -0.009982 -0.002116 0.000000 
5.000000e-01 5.000000e-01 4.999665e-03 5.000000e-01 5.000000e-01 1.515070e+00 -0.993300 0.002070 0.009822 0.969518 0.009822 0.002070 0.993300 -0.002116 -0.009982 -0.969104 -0.009982 -0.002116 0.000000 
5.000000e-01 5.000000e-01 4.999665e-03 5.000000e-01 5.000000e-01 1.515070e+00 -0.993300 0.002070 0.009822 0.969518 0.009822 0.002070 0.993300 -0.002116 -0.009982 -0.969104 -0.009982 -0.002116 0.000000 
5.000000e-01 5.000000e-01 4.999665e-03 5.000000e-01 5.000000e-01 1.515070e+00 -0.993300 0.002070 0.009822 0.969518 0.009822 0.002070 0.993300 -0.002116 -0.009982 -0.969104 -0.009982 -0.002116 0.000000 
5.000000e-01 5.000000e-01 4.999665e-03 5.000000e-01 5.000000e-01 1.515070e+00 -0.993300 0.002070 0.009822 0.969518 0.009822 0.002070 0.993300 -0.002116 -0.009982 -0.969104 -0.009982 -0.002116 0.000000 
5.000000e-01 5.000000e-01 4.999665e-03 5.000000e-01 5.000000e-01 1.515070e+00 -0.993300 0.002070 0.009822 0.969518 0.009822 0.002070 0.993300 -0.002116 -0.009982 -0.969104 -0.009982 -0.002116 0.000000 
5.000000e-01 5.000000e-01 4.999665e-03 5.000000e-01 5.000000e-01 1.515070e+00 -0.993300 0.002070 0.009822 0.969518 0.009822 0.002070 0.993300 -0.002116 -0.009982 -0.969104 -0.009982 -0.002116 0.000000 
5.000000e-01 5.000000e-01 4.999665e-03 5.000000e-01 5.000000e-01 1.515070e+00 -0.993300 0.002070 0.009822 0.969518 0.009822 0.002070 0.993300 -0.002116 -0.009982 -0.969104 -0.009982 -0.002116 0.000000 
5.000000e-01 5.000000e-01 4.999665e-03 5.000000e-01 5.000000e-01 1.515070e+00 -0.993300 0.002070 0.009822 0.969518 0.009822 0.002070 0.993300 -0.002116 -0.009982 -0.969104 -0.009982 -0.002116 0.000000 
5.000000e-01 5.000000e-01 4.999665e-03 5.000000e-01 5.000000e-01 1.515070e+00 -0.993300 0.002070 0.009822 0.969518 0.009822 0.002070 0.993300 -0.002116 -0.009982 -0.969104 -0.009982 -0.002116 0.000000 
5.000000e-01 5.000000e-01 4.999665e-03 5.000000e-01 5.000000e-01 1.515070e+00 -0.993300 0.002070 0.009822 0.969518 0.009822 0.002070 0.993300 -0.002116 -0.009982 -0.969104 -0.009982 -0.002116 0.000000 
5.000000e-01 5.000000e-01 4.999665e-03 5.000000e-01 5.000000e-01 1.515070e+00 -0.993300 0.002070 0.009822 0.969518 0.009822 0.002070 0.993300 -0.002116 -0.009982 -0.969104 -0.009982 -0.002116 0.000000 
5.000000e-01 5.000000e-01 4.999665e-03 5.000000e-01 5.000000e-01 1.515070e+00 -0.993300 0.002070 0.009822 0.969518 0.009822 0.002070 0.993300 -0.002116 -0.009982 -0.969104 -0.009982 -0.002116 0.000000 
5.000000e-01 5.000000e-01 4.999665e-03 5.000000e-01 5.000000e-01 1.515070e+00 -0.993300 0.002070 0.009822 0.969518 0.009822 0.002070 0.993300 -0.002116 -0.009982 -0.969104 -0.009982 -0.002116 0.000000 
5.000000e-01 5.000000e-01 4.999665e-03 5.000000e-01 5.000000e-01 1.515070e+00 -0.993300 0.002070 0.009822 0.969518 0.009822 0.002070 0.993300 -0.002116 -0.009982 -0.969104 -0.009982 -0.002116 0.000000 
5.000000e-01 5.000000e-01 4.999665e-03 5.000000e-01 5.000000e-01 1.515070e+00 -0.993300 0.002070 0.009822 0.969518 0.009822 0.002070 0.993300 -0.002116 -0.009982 -0.969104 -0.009982 -0.002116 0.000000 
5.000000e-01 5.000000e-01 4.999665e-03 5.000000e-01 5.000000e-01 1.515070e+00 -0.993300 0.002070 0.009822 0.969518 0.009822 0.002070 0.993300 -0.002116 -0.009982 -0.969104 -0.009982 -0.002116 0.000000 
5.000000e-01 5.000000e-01 4.999665e-03 5.000000e-01 5.000000e-01 1.515070e+00 -0.993300 0.002070 0.009822 0.969518 0.009822 0.002070 0.993300 -0.002116 -0.009982 -0.969104 -0.009982 -0.002116 0.000000 
5.000000e-01 5.000000e-01 4.999665e-03 5.000000e-01 5.000000e-01 1.515070e+00 -0.993300 0.002070 0.009822 0.969518 0.009822 0.002070 0.993300 -0.002116 -0.009982 -0.969104 -0.009982 -0.002116 0.000000 
5.000000e-01 5.000000e-01 4.999665e-03 5.000000e-01 5.000000e-01 1.515070e+00 -0.993300 0.002070 0.009822 0.969518 0.009822 0.002070 0.993300 -0.002116 -0.009982 -0.969104 -0.009982 -0.002116 0.000000 
5.000000e-01 5.000000e-01 4.999665e-03 5.000000e-01 5.000000e-01 1.515070e+00 -0.993300 0.002070 0.009822 0.969518 0.009822 0.002070 0.993300 -0.002116 -0.009982 -0.969104 -0.009982 -0.002116 0.000000 
5.000000e-01 5.000000e-01 4.999665e-03 5.000000e-01 5.000000e-01 1.515070e+00 -0.993300 0.002070 0.009822 0.969518 0.009822 0.002070 0.993300 -0.002116 -0.009982 -0.969104 -0.009982 -0.002116 0.000000 
5.000000e-01 5.000000e-01 4.999665e-03 5.000000e-01 5.000000e-01 1.515070e+00 -0.993300 0.002070 0.009822 0.969518 0.009822 0.002070 0.993300 -0.002116 -0.009982 -0.969104 -0.009982 -0.002116 0.000000 
5.000000e-01 5.000000e-01 4.999665e-03 5.000000e-01 5.000000e-01 1.515070e+00 -0.993300 0.002070 0.009822 0.969518 0.009822 0.002070 0.993300 -0.002116 -0.009982 -0.969104 -0.009982 -0.002116 0.000000 
5.000000e-01 5.000000e-01 4.999665e-03 5.000000e-01 5.000000e-01 1.515070e+00 -0.993300 0.002070 0.009822 0.969518 0.009822 0.002070 0.993300 -0.002116 -0.009982 -0.969104 -0.009982 -0.002116 0.000000 
5.000000e-01 5.000000e-01 4.999665e-03 5.000000e-01 5.000000e-01 1.515070e+00 -0.993300 0.002070 0.009822 0.969518 0.009822 0.002070 0.993300 -0.002116 -0.009982 -0.969104 -0.009982 -0.002116 0.000000 
5.000000e-01 5.000000e-01 4.999665e-03 5.000000e-01 5.000000e-01 1.515070e+00 -0.993300 0.002070 0.009822 0.969518 0.009822 0.002070 0.993300 -0.002116 -0.009982 -0.969104 -0.009982 -0.002116 0.000000 
5.000000e-01 5.000000e-01 4.999665e-03 5.000000e-01 5.000000e-01 1.515070e+00 -0.993300 0.002070 0.009822 0.969518 0.009822 0.002070 0.993300 -0.002116 -0.009982 -0.969104 -0.009982 -0.002116 0.000000 
5.000000e-01 5.000000e-01 4.999665e-03 5.000000e-01 5.000000e-01 1.515070e+00 -0.993300 0.002070 0.009822 0.969518 0.009822 0.002070 0.993300 -0.002116 -0.009982 -0.969104 -0.009982 -0.002116 0.000000 
5.000000e-01 5.000000e-01 4.999665e-03 5.000000e-01 5.000000e-01 1.515070e+00 -0.993300 0.002070 0.009822 0.969518 0.009822 0.002070 0.993300 -0.002116 -0.009982 -0.969104 -0.009982 -0.002116 0.000000 
5.000000e-01 5.000000e-01 4.999665e-03 5.000000e-01 5.000000e-01 1.515070e+00 -0.993300 0.002070 0.009822 0.969518 0.009822 0.002070 0.993300 -0.002116 -0.009982 -0.969104 -0.009982 -0.002116 0.000000 
5.000000e-01 5.000000e-01 4.999665e-03 5.000000e-01 5.000000e-01 1.515070e+00 -0.993300 0.002070 0.009822 0.969518 0.009822 0.002070 0.993300 -0.002116 -0.009982 -0.969104 -0.009982 -0.002116 0.000000 
5.000000e-01 5.000000e-01 4.999665e-03 5.000000e-01 5.000000e-01 1.515070e+00 -0.993300 0.002070 0.009822 0.969518 0.009822 0.002070 0.993300 -0.002116 -0.009982 -0.969104 -0.009982 -0.002116 0.000000 
5.000000e-01 5.000000e-01 4.999665e-03 5.000000e-01 5.000000e-01 1.515070e+00 -0.993300 0.002070 0.009822 0.969518 0.009822 0.002070 0.993300 -0.002116 -0.009982 -0.969104 -0.009982 -0.002116 0.000000 
5.000000e-01 5.000000e-01 4.999665e-03 5.000000e-01 5.000000e-01 1.515070e+00 -0.993300 0.002070 0.009822 0.969518 0.009822 0.002070 0.993300 -0.002116 -0.009982 -0.969104 -0.009982 -0.002116 0.000000 
5.000000e-01 5.000000e-01 4.999665e-03 5.000000e-01 5.000000e-01 1.515070e+00 -0.993300 0.002070 0.009822 0.969518 0.009822 0.002070 0.993300 -0.002116 -0.009982 -0.969104 -0.009982 -0.002116 0.000000 
5.000000e-01 5.000000e-01 4.999665e-03 5.000000e-01 5.000000e-01 1.515070e+00 -0.993300 0.002070 0.009822 0.969518 0.009822 0.002070 0.993300 -0.002116 -0.009982 -0.969104 -0.009982 -0.002116 0.000000 
5.000000e-01 5.000000e-01 4.999665e-03 5.000000e-01 5.000000e-01 1.515070e+00 -0.993300 0.002070 0.009822 0.969518 0.009822 0.002070 0.993300 -0.002116 -0.009982 -0.969104 -0.009982 -0.002116 0.000000 
5.000000e-01 5.000000e-01 4.999665e-03 5.000000e-01 5.000000e-01 1.515070e+00 -0.993300 0.002070 0.009822 0.969518 0.009822 0.002070 0.993300 -0.002116 -0.009982 -0.969104 -0.009982 -0.002116 0.000000 
5.000000e-01 5.000000e-01 4.999665e-03 5.000000e-01 5.000000e-01 1.515070e+00 -0.993300 0.002070 0.009822 0.969518 0.009822 0.002070 0.993300 -0.002116 -0.009982 -0.969104 -0.009982 -0.002116 0.000000 
5.000000e-01 5.000000e-01 4.999665e-03 5.000000e-01 5.000000e-01 1.515070e+00 -0.993300 0.002070 0.009822 0.969518 0.009822 0.002070 0.993300 -0.002116 -0.009982 -0.969104 -0.009982 -0.002116 0.000000 
5.000000e-01 5.000000e-01 4.999665e-03 5.000000e-01 5.000000e-01 1.515070e+00 -0.993300 0.002070 0.009822 0.969518 0.009822 0.002070 0.993300 -0.002116 -0.009982 -0.969104 -0.009982 -0.002116 0.000000 
5.000000e-01 5.000000e-01 4.999665e-03 5.000000e-01 5.000000e-01 1.515070e+00 -0.993300 0.002070 0.009822 0.969518 0.009822 0.002070 0.993300 -0.002116 -0.009982 -0.969104 -0.009982 -0.002116 0.000000 
5.000000e-01 5.000000e-01 4.999665e-03 5.000000e-01 5.000000e-01 1.515070e+00 -0.993300 0.002070 0.009822 0.969518 0.009822 0.002070 0.993300 -0.002116 -0.009982 -0.969104 -0.009982 -0.002116 0.000000 
5.000000e-01 5.000000e-01 4.999665e-03 5.000000e-01 5.000000e-01 1.515070e+00 -0.993300 0.002070 0.009822 0.969518 0.009822 0.002070 0.993300 -0.002116 -0.009982 -0.969104 -0.009982 -0.002116 0.000000 
5.000000e-01 5.000000e-01 4.999665e-03 5.000000e-01 5.000000e-01 1.515070e+00 -0.993300 0.002070 0.009822 0.969518 0.009822 0.002070 0.993300 -0.002116 -0.009982 -0.969104 -0.009982 -0.002116 0.000000 
5.000000e-01 5.000000e-01 4.999665e-03 5.000000e-01 5.000000e-01 1.515070e+00 -0.993300 0.002070 0.009822 0.969518 0.009822 0.002070 0.993300 -0.002116 -0.009982 -0.969104 -0.009982 -0.002116 0.000000 
5.000000e-01 5.000000e-01 4.999665e-03 5.000000e-01 5.000000e-01 1.515070e+00 -0.993300 0.002070 0.009822 0.969518 0.009822 0.002070 0.993300 -0.002116 -0.009982 -0.969104 -0.009982 -0.002116 0.000000 
5.000000e-01 5.000000e-01 4.999665e-03 5.000000e-01 5.000000e-01 1.515070e+00 -0.993300 0.002070 0.009822 0.969518 0.009822 0.002070 0.993300 -0.002116 -0.009982 -0.969104 -0.009982 -0.002116 0.000000 
5.000000e-01 5.000000e-01 4.999665e-03 5.000000e-01 5.000000e-01 1.515070e+00 -0.993300 0.002070 0.009822 0.969518 0.009822 0.002070 0.993300 -0.002116 -0.009982 -0.969104 -0.009982 -0.002116 0.000000 
5.000000e-01 5.000000e-01 4.999665e-03 5.000000e-01 5.000000e-01 1.515070e+00 -0.993300 0.002070 0.009822 0.969518 0.009822 0.002070 0.993300 -0.002116 -0.009982 -0.969104 -0.009982 -0.002116 0.000000 
5.000000e-01 5.000000e-01 4.999665e-03 5.000000e-01 5.000000e-01 1.515070e+00 -0.993300 0.002070 0.009822 0.969518 0.009822 0.002070 0.993300 -0.002116 -0.009982 -0.969104 -0.009982 -0.002116 0.000000 
5.000000e-01 5.000000e-01 4.999665e-03 5.000000e-01 5.000000e-01 1.515070e+00 -0.993300 0.002070 0.009822 0.969518 0.009822 0.002070 0.993300 -0.002116 -0.009982 -0.969104 -0.009982 -0.002116 0.000000 
5.000000e-01 5.000000e-01 4.999665e-03 5.000000e-01 5.000000e-01 1.515070e+00 -0.993300 0.002070 0.009822 0.969518 0.009822 0.002070 0.993300 -0.002116 -0.009982 -0.969104 -0.009982 -0.002116 0.000000 
5.000000e-01 5.000000e-01 4.999665e-03 5.000000e-01 5.000000e-01 1.515070e+00 -0.993300 0.002070 0.009822 0.969518 0.009822 0.002070 0.993300 -0.002116 -0.009982 -0.969104 -0.009982 -0.002116 0.000000 
5.000000e-01 5.000000e-01 4.999665e-03 5.000000e-01 5.000000e-01 1.515070e+00 -0.993300 0.002070 0.009822 0.969518 0.009822 0.002070 0.993300 -0.002116 -0.009982 -0.969104 -0.009982 -0.002116 0.000000 
5.000000e-01 5.000000e-01 4.999665e-03 5.000000e-01 5.000000e-01 1.515070e+00 -0.993300 0.002070 0.009822 0.969518 0.009822 0.002070 0.993300 -0.002116 -0.009982 -0.969104 -0.009982 -0.002116 0.000000 
5.000000e-01 5.000000e-01 4.999665e-03 5.000000e-01 5.000000e-01 1.515070e+00 -0.993300 0.002070 0.009822 0.969518 0.009822 0.002070 0.993300 -0.002116 -0.009982 -0.969104 -0.009982 -0.002116 0.000000 
5.000000e-01 5.000000e-01 4.999665e-03 5.000000e-01 5.000000e-01 1.515070e+00 -0.993300 0.002070 0.009822 0.969518 0.009822 0.002070 0.993300 -0.002116 -0.009982 -0.969104 -0.009982 -0.002116 0.000000 
5.000000e-01 5.000000e-01 4.999665e-03 5.000000e-01 5.000000e-01 1.515070e+00 -0.993300 0.002070 0.009822 0.969518 0.009822 0.002070 0.993300 -0.002116 -0.009982 -0.969104 -0.009982 -0.002116 0.000000 
5.000000e-01 5.000000e-01 4.999665e-03 5.000000e-01 5.000000e-01 1.515070e+00 -0.993300 0.002070 0.009822 0.969518 0.009822 0.002070 0.993300 -0.002116 -0.009982 -0.969104 -0.009982 -0.002116 0.000000 
5.000000e-01 5.000000e-01 4.999665e-03 5.000000e-01 5.000000e-01 1.515070e+00 -0.993300 0.002070 0.009822 0.969518 0.009822 0.002070 0.993300 -0.002116 -0.009982 -0.969104 -0.009982 -0.002116 0.000000 
5.000000e-01 5.000000e-01 4.999665e-03 5.000000e-01 5.000000e-01 1.515070e+00 -0.993300 0.002070 0.009822 0.969518 0.009822 0.002070 0.993300 -0.002116 -0.009982 -0.969104 -0.009982 -0.002116 0.000000 
5.000000e-01 5.000000e-01 4.999665e-03 5.000000e-01 5.000000e-01 1.515070e+00 -0.993300 0.002070 0.009822 0.969518 0.009822 0.002070 0.993300 -0.002116 -0.009982 -0.969104 -0.009982 -0.002116 0.000000 
5.000000e-01 5.000000e-01 4.999665e-03 5.000000e-01 5.000000e-01 1.515070e+00 -0.993300 0.002070 0.009822 0.969518 0.009822 0.002070 0.993300 -0.002116 -0.009982 -0.969104 -0.009982 -0.002116 0.000000 
5.000000e-01 5.000000e-01 4.999665e-03 5.000000e-01 5.000000e-01 1.515070e+00 -0.993300 0.002070 0.009822 0.969518 0.009822 0.002070 0.993300 -0.002116 -0.009982 -0.969104 -0.009982 -0.002116 0.000000 
5.000000e-01 5.000000e-01 4.999665e-03 5.000000e-01 5.000000e-01 1.515070e+00 -0.993300 0.002070 0.009822 0.969518 0.009822 0.002070 0.993300 -0.002116 -0.009982 -0.969104 -0.009982 -0.002116 0.000000 
5.000000e-01 5.000000e-01 4.999665e-03 5.000000e-01 5.000000e-01 1.515070e+00 -0.993300 0.002070 0.009822 0.969518 0.009822 0.002070 0.993300 -0.002116 -0.009982 -0.969104 -0.009982 -0.002116 0.000000 
5.000000e-01 5.000000e-01 4.999665e-03 5.000000e-01 5.000000e-01 1.515070e+00 -0.993300 0.002070 0.009822 0.969518 0.009822 0.002070 0.993300 -0.002116 -0.009982 -0.969104 -0.009982 -0.002116 0.000000 
5.000000e-01 5.000000e-01 4.999665e-03 5.000000e-01 5.000000e-01 1.515070e+00 -0.993300 0.002070 0.009822 0.969518 0.009822 0.002070 0.993300 -0.002116 -0.009982 -0.969104 -0.009982 -0.002116 0.000000 
5.000000e-01 5.000000e-01 4.999665e-03 5.000000e-01 5.000000e-01 1.515070e+00 -0.993300 0.002070 0.009822 0.969518 0.009822 0.002070 0.993300 -0.002116 -0.009982 -0.969104 -0.009982 -0.002116 0.000000 
5.000000e-01 5.000000e-01 4.999665e-03 5.000000e-01 5.000000e-01 1.515070e+00 -0.993300 0.002070 0.009822 0.969518 0.009822 0.002070 0.993300 -0.002116 -0.009982 -0.969104 -0.009982 -0.002116 0.000000 
5.000000e-01 5.000000e-01 4.999665e-03 5.000000e-01 5.000000e-01 1.515070e+00 -0.993300 0.002070 0.009822 0.969518 0.009822 0.002070 0.993300 -0.002116 -0.009982 -0.969104 -0.009982 -0.002116 0.000000 
5.000000e-01 5.000000e-01 4.999665e-03 5.000000e-01 5.000000e-01 1.515070e+00 -0.993300 0.002070 0.009822 0.969518 0.009822 0.002070 0.993300 -0.002116 -0.009982 -0.969104 -0.009982 -0.002116 0.000000 
5.000000e-01 5.000000e-01 4.999665e-03 5.000000e-01 5.000000e-01 1.515070e+00 -0.993300 0.002070 0.009822 0.969518 0.009822 0.002070 0.993300 -0.002116 -0.009982 -0.969104 -0.009982 -0.002116 0.000000 
5.000000e-01 5.000000e-01 4.999665e-03 5.000000e-01 5.000000e-01 1.515070e+00 -0.993300 0.002070 0.009822 0.969518 0.009822 0.002070 0.993300 -0.002116 -0.009982 -0.969104 -0.009982 -0.002116 0.000000 
5.000000e-01 5.000000e-01 4.999665e-03 5.000000e-01 5.000000e-01 1.515070e+00 -0.993300 0.002070 0.009822 0.969518 0.009822 0.002070 0.993300 -0.002116 -0.009982 -0.969104 -0.009982 -0.002116 0.000000 
5.000000e-01 5.000000e-01 4.999665e-03 5.000000e-01 5.000000e-01 1.515070e+00 -0.993300 0.002070 0.009822 0.969518 0.009822 0.002070 0.993300 -0.002116 -0.009982 -0.969104 -0.009982 -0.002116 0.000000 
5.000000e-01 5.000000e-01 4.999665e-03 5.000000e-01 5.000000e-01 1.515070e+00 -0.993300 0.002070 0.009822 0.969518 0.009822 0.002070 0.993300 -0.002116 -0.009982 -0.969104 -0.009982 -0.002116 0.000000 
5.000000e-01 5.000000e-01 4.999665e-03 5.000000e-01 5.000000e-01 1.515070e+00 -0.993300 0.002070 0.009822 0.969518 0.009822 0.002070 0.993300 -0.002116 -0.009982 -0.969104 -0.009982 -0.002116 0.000000 
5.000000e-01 5.000000e-01 4.999665e-03 5.000000e-01 5.000000e-01 1.515070e+00 -0.993300 0.002070 0.009822 0.969518 0.009822 0.002070 0.993300 -0.002116 -0.009982 -0.969104 -0.009982 -0.002116 0.000000 
5.000000e-01 5.000000e-01 4.999665e-03 5.000000e-01 5.000000e-01 1.515070e+00 -0.993300 0.002070 0.009822 0.969518 0.009822 0.002070 0.993300 -0.002116 -0.009982 -0.969104 -0.009982 -0.002116 0.000000 
5.000000e-01 5.000000e-01 4.999665e-03 5.000000e-01 5.000000e-01 1.515070e+00 -0.993300 0.002070 0.009822 0.969518 0.009822 0.002070 0.993300 -0.002116 -0.009982 -0.969104 -0.009982 -0.002116 0.000000 
5.000000e-01 5.000000e-01 4.999665e-03 5.000000e-01 5.000000e-01 1.515070e+00 -0.993300 0.002070 0.009822 0.969518 0.009822 0.002070 0.993300 -0.002116 -0.009982 -0.969104 -0.009982 -0.002116 0.000000 
5.000000e-01 5.000000e-01 4.999665e-03 5.000000e-01 5.000000e-01 1.515070e+00 -0.993300 0.002070 0.009822 0.969518 0.009822 0.002070 0.993300 -0.002116 -0.009982 -0.969104 -0.009982 -0.002116 0.000000 
5.000000e-01 5.000000e-01 4.999665e-03 5.000000e-01 5.000000e-01 1.515070e+00 -0.993300 0.002070 0.009822 0.969518 0.009822 0.002070 0.993300 -0.002116 -0.009982 -0.969104 -0.009982 -0.002116 0.000000 
5.000000e-01 5.000000e-01 4.999665e-03 5.000000e-01 5.000000e-01 1.515070e+00 -0.993300 0.002070 0.009822 0.969518 0.009822 0.002070 0.993300 -0.002116 -0.009982 -0.969104 -0.009982 -0.002116 0.000000 
5.000000e-01 5.000000e-01 4.999665e-03 5.000000e-01 5.000000e-01 1.515070e+00 -0.993300 0.002070 0.009822 0.969518 0.009822 0.002070 0.993300 -0.002116 -0.009982 -0.969104 -0.009982 -0.002116 0.000000 
5.000000e-01 5.000000e-01 4.999665e-03 5.000000e-01 5.000000e-01 1.515070e+00 -0.993300 0.002070 0.009822 0.969518 0.009822 0.002070 0.993300 -0.002116 -0.009982 -0.969104 -0.009982 -0.002116 0.000000 
5.000000e-01 5.000000e-01 4.999665e-03 5.000000e-01 5.000000e-01 1.515070e+00 -0.993300 0.002070 0.009822 0.969518 0.009822 0.002070 0.993300 -0.002116 -0.009982 -0.969104 -0.009982 -0.002116 0.000000 
5.000000e-01 5.000000e-01 4.999665e-03 5.000000e-01 5.000000e-01 1.515070e+00 -0.993300 0.002070 0.009822 0.969518 0.009822 0.002070 0.993300 -0.002116 -0.009982 -0.969104 -0.009982 -0.002116 0.000000 
5.000000e-01 5.000000e-01 4.999665e-03 5.000000e-01 5.000000e-01 1.515070e+00 -0.993300 0.002070 0.009822 0.969518 0.009822 0.002070 0.993300 -0.002116 -0.009982 -0.969104 -0.009982 -0.002116 0.000000 
5.000000e-01 5.000000e-01 4.999665e-03 5.000000e-01 5.000000e-01 1.515070e+00 -0.993300 0.002070 0.009822 0.969518 0.009822 0.002070 0.993300 -0.002116 -0.009982 -0.969104 -0.009982 -0.002116 0.000000 
5.000000e-01 5.000000e-01 4.999665e-03 5.000000e-01 5.000000e-01 1.515070e+00 -0.993300 0.002070 0.009822 0.969518 0.009822 0.002070 0.993300 -0.002116 -0.009982 -0.969104 -0.009982 -0.002116 0.000000 
5.000000e-01 5.000000e-01 4.999665e-03 5.000000e-01 5.000000e-01 1.515070e+00 -0.993300 0.002070 0.009822 0.969518 0.009822 0.002070 0.993300 -0.002116 -0.009982 -0.969104 -0.009982 -0.002116 0.000000 
5.000000e-01 5.000000e-01 4.999665e-03 5.000000e-01 5.000000e-01 1.515070e+00 -0.993300 0.002070 0.009822 0.969518 0.009822 0.002070 0.993300 -0.002116 -0.009982 -0.969104 -0.009982 -0.002116 0.000000 
5.000000e-01 5.000000e-01 4.999665e-03 5.000000e-01 5.000000e-01 1.515070e+00 -0.993300 0.002070 0.009822 0.969518 0.009822 0.002070 0.993300 -0.002116 -0.009982 -0.969104 -0.009982 -0.002116 0.000000 
5.000000e-01 5.000000e-01 4.999665e-03 5.000000e-01 5.000000e-01 1.515070e+00 -0.993300 0.002070 0.009822 0.969518 0.009822 0.002070 0.993300 -0.002116 -0.009982 -0.969104 -0.009982 -0.002116 0.000000 
5.000000e-01 5.000000e-01 4.999665e-03 5.000000e-01 5.000000e-01 1.515070e+00 -0.993300 0.002070 0.009822 0.969518 0.009822 0.002070 0.993300 -0.002116 -0.009982 -0.969104 -0.009982 -0.002116 0.000000 
5.000000e-01 5.000000e-01 4.999665e-03 5.000000e-01 5.000000e-01 1.515070e+00 -0.993300 0.002070 0.009822 0.969518 0.009822 0.002070 0.993300 -0.002116 -0.009982 -0.969104 -0.009982 -0.002116 0.000000 
5.000000e-01 5.000000e-01 4.999665e-03 5.000000e-01 5.000000e-01 1.515070e+00 -0.993300 0.002070 0.009822 0.969518 0.009822 0.002070 0.993300 -0.002116 -0.009982 -0.969104 -0.009982 -0.002116 0.000000 
