# TeX TeY TeZ ThX ThY THZ P1 P2
5.000000e-01 5.000000e-01 1.200000e-01 5.000000e-01 5.000000e-01 1.200000e-01 0.000000 0.000000 0.000000 0.000000 0.000000 0.000000 0.000000 0.000000 0.000000 0.000000 0.000000 0.000000 0.000000 
5.000000e-01 5.000000e-01 1.066830e-01 5.000000e-01 5.000000e-01 1.291494e-01 -0.014786 0.002688 0.003134 0.003143 0.003134 0.002688 0.014786 0.009379 0.012471 -0.058484 0.012471 0.009379 0.000000 
5.000000e-01 5.000000e-01 9.333131e-02 5.000000e-01 5.000000e-01 1.382903e-01 -0.029598 0.005381 0.006273 0.006291 0.006273 0.005381 0.029598 0.018896 0.026291 -0.119971 0.026291 0.018896 0.000000 
5.000000e-01 5.000000e-01 7.994306e-02 5.000000e-01 5.000000e-01 1.474228e-01 -0.044444 0.008080 0.009419 0.009446 0.009419 0.008080 0.044444 0.028538 0.041868 -0.185257 0.041868 0.028538 0.000000 
5.000000e-01 5.000000e-01 6.651598e-02 5.000000e-01 5.000000e-01 1.565469e-01 -0.059337 0.010787 0.012575 0.012612 0.012575 0.010787 0.059337 0.038336 0.060153 -0.256315 0.060153 0.038336 0.000000 
5.000000e-01 5.000000e-01 5.304776e-02 5.000000e-01 5.000000e-01 1.656629e-01 -0.074281 0.013504 0.015743 0.015788 0.015743 0.013504 0.074281 0.048219 0.080924 -0.332567 0.080924 0.048219 0.000000 
5.000000e-01 5.000000e-01 3.953669e-02 5.000000e-01 5.000000e-01 1.747706e-01 -0.089282 0.016231 0.018922 0.018976 0.018922 0.016231 0.089282 0.058171 0.104382 -0.414389 0.104382 0.058171 0.000000 
5.000000e-01 5.000000e-01 2.598281e-02 5.000000e-01 5.000000e-01 1.838701e-01 -0.104350 0.018970 0.022115 0.022179 0.022115 0.018970 0.104349 0.068178 0.130766 -0.502238 0.130766 0.068178 0.000000 
5.000000e-01 5.000000e-01 1.238901e-02 5.000000e-01 5.000000e-01 1.929614e-01 -0.119468 0.021718 0.025319 0.025393 0.025319 0.021718 0.119468 0.078168 0.159003 -0.593812 0.159003 0.078168 0.000000 
5.000000e-01 5.000000e-01 4.999945e-03 5.000000e-01 5.000000e-01 2.020445e-01 -0.130413 0.023707 0.027639 0.027720 0.027639 0.023707 0.130413 0.084696 0.174909 -0.649623 0.174909 0.084696 0.000000 
5.000000e-01 5.000000e-01 4.999945e-03 5.000000e-01 5.000000e-01 2.111194e-01 -0.136369 0.024789 0.028902 0.028988 0.028902 0.024789 0.136369 0.087063 0.174891 -0.660277 0.174891 0.087063 0.000000 
5.000000e-01 5.000000e-01 4.999945e-03 5.000000e-01 5.000000e-01 2.201860e-01 -0.142318 0.025868 0.030163 0.030255 0.030163 0.025868 0.142318 0.089289 0.174646 -0.670189 0.174646 0.089289 0.000000 
5.000000e-01 5.000000e-01 4.999945e-03 5.000000e-01 5.000000e-01 2.292443e-01 -0.148262 0.026947 0.031424 0.031521 0.031424 0.026947 0.148262 0.091364 0.174191 -0.679371 0.174191 0.091364 0.000000 
5.000000e-01 5.000000e-01 4.999945e-03 5.000000e-01 5.000000e-01 2.382943e-01 -0.154201 0.028024 0.032683 0.032786 0.032683 0.028024 0.154201 0.093300 0.173569 -0.687940 0.173569 0.093300 0.000000 
5.000000e-01 5.000000e-01 4.999945e-03 5.000000e-01 5.000000e-01 2.473359e-01 -0.160134 0.029100 0.033941 0.034050 0.033941 0.029100 0.160134 0.095106 0.172808 -0.695962 0.172808 0.095106 0.000000 
5.000000e-01 5.000000e-01 4.999945e-03 5.000000e-01 5.000000e-01 2.563689e-01 -0.166061 0.030175 0.035198 0.035314 0.035198 0.030175 0.166061 0.096784 0.171928 -0.703484 0.171928 0.096784 0.000000 
5.000000e-01 5.000000e-01 4.999945e-03 5.000000e-01 5.000000e-01 2.653935e-01 -0.171983 0.031249 0.036454 0.036577 0.036454 0.031249 0.171983 0.098338 0.170945 -0.710550 0.170945 0.098338 0.000000 
5.000000e-01 5.000000e-01 4.999945e-03 5.000000e-01 5.000000e-01 2.744095e-01 -0.177899 0.032321 0.037709 0.037839 0.037709 0.032321 0.177899 0.099773 0.169876 -0.717198 0.169876 0.099773 0.000000 
5.000000e-01 5.000000e-01 4.999945e-03 5.000000e-01 5.000000e-01 2.834169e-01 -0.183810 0.033392 0.038963 0.039100 0.038963 0.033392 0.183810 0.101092 0.168733 -0.723461 0.168733 0.101092 0.000000 
5.000000e-01 5.000000e-01 4.999945e-03 5.000000e-01 5.000000e-01 2.924156e-01 -0.189715 0.034461 0.040216 0.040361 0.040216 0.034461 0.189715 0.102300 0.167528 -0.729372 0.167528 0.102300 0.000000 
5.000000e-01 5.000000e-01 4.999945e-03 5.000000e-01 5.000000e-01 3.014055e-01 -0.195614 0.035529 0.041468 0.041621 0.041468 0.035529 0.195614 0.103400 0.166271 -0.734958 0.166271 0.103400 0.000000 
5.000000e-01 5.000000e-01 4.999945e-03 5.000000e-01 5.000000e-01 3.103865e-01 -0.201508 0.036596 0.042718 0.042880 0.042718 0.036596 0.201508 0.104398 0.164971 -0.740246 0.164971 0.104398 0.000000 
5.000000e-01 5.000000e-01 4.999945e-03 5.000000e-01 5.000000e-01 3.193587e-01 -0.207396 0.037661 0.043968 0.044139 0.043968 0.037661 0.207396 0.105288 0.163633 -0.745239 0.163633 0.105288 0.000000 
5.000000e-01 5.000000e-01 4.999945e-03 5.000000e-01 5.000000e-01 3.283219e-01 -0.213278 0.038724 0.045216 0.045396 0.045216 0.038724 0.213278 0.106080 0.162266 -0.749969 0.162266 0.106080 0.000000 
5.000000e-01 5.000000e-01 4.999945e-03 5.000000e-01 5.000000e-01 3.372761e-01 -0.219154 0.039786 0.046463 0.046654 0.046463 0.039786 0.219154 0.106781 0.160877 -0.754469 0.160877 0.106781 0.000000 
5.000000e-01 5.000000e-01 4.999945e-03 5.000000e-01 5.000000e-01 3.462211e-01 -0.225024 0.040847 0.047710 0.047911 0.047710 0.040847 0.225024 0.107396 0.159470 -0.758755 0.159470 0.107396 0.000000 
5.000000e-01 5.000000e-01 4.999945e-03 5.000000e-01 5.000000e-01 3.551570e-01 -0.230889 0.041906 0.048955 0.049167 0.048955 0.041906 0.230889 0.107928 0.158049 -0.762843 0.158049 0.107928 0.000000 
5.000000e-01 5.000000e-01 4.999945e-03 5.000000e-01 5.000000e-01 3.640836e-01 -0.236747 0.042963 0.050199 0.050423 0.050199 0.042963 0.236747 0.108381 0.156619 -0.766747 0.156619 0.108381 0.000000 
5.000000e-01 5.000000e-01 4.999945e-03 5.000000e-01 5.000000e-01 3.730008e-01 -0.242599 0.044019 0.051442 0.051678 0.051442 0.044019 0.242599 0.108759 0.155182 -0.770480 0.155182 0.108759 0.000000 
5.000000e-01 5.000000e-01 4.999945e-03 5.000000e-01 5.000000e-01 3.819087e-01 -0.248445 0.045073 0.052684 0.052933 0.052684 0.045073 0.248445 0.109065 0.153740 -0.774054 0.153740 0.109065 0.000000 
5.000000e-01 5.000000e-01 4.999945e-03 5.000000e-01 5.000000e-01 3.908070e-01 -0.254286 0.046125 0.053925 0.054187 0.053925 0.046125 0.254285 0.109302 0.152295 -0.777481 0.152295 0.109302 0.000000 
5.000000e-01 5.000000e-01 4.999945e-03 5.000000e-01 5.000000e-01 3.996959e-01 -0.260119 0.047175 0.055164 0.055441 0.055164 0.047175 0.260119 0.109471 0.150851 -0.780764 0.150851 0.109471 0.000000 
5.000000e-01 5.000000e-01 4.999945e-03 5.000000e-01 5.000000e-01 4.085750e-01 -0.265947 0.048223 0.056403 0.056695 0.056403 0.048223 0.265947 0.109573 0.149407 -0.783908 0.149407 0.109573 0.000000 
5.000000e-01 5.000000e-01 4.999945e-03 5.000000e-01 5.000000e-01 4.174445e-01 -0.271768 0.049270 0.057640 0.057948 0.057640 0.049270 0.271768 0.109616 0.147967 -0.786934 0.147967 0.109616 0.000000 
5.000000e-01 5.000000e-01 4.999945e-03 5.000000e-01 5.000000e-01 4.263041e-01 -0.277583 0.050314 0.058877 0.059201 0.058877 0.050314 0.277583 0.109603 0.146530 -0.789849 0.146530 0.109603 0.000000 
5.000000e-01 5.000000e-01 4.999945e-03 5.000000e-01 5.000000e-01 4.351539e-01 -0.283392 0.051357 0.060112 0.060454 0.060112 0.051357 0.283392 0.109538 0.145097 -0.792663 0.145097 0.109538 0.000000 
5.000000e-01 5.000000e-01 4.999945e-03 5.000000e-01 5.000000e-01 4.439937e-01 -0.289194 0.052397 0.061346 0.061707 0.061346 0.052397 0.289194 0.109423 0.143670 -0.795379 0.143670 0.109423 0.000000 
5.000000e-01 5.000000e-01 4.999945e-03 5.000000e-01 5.000000e-01 4.528234e-01 -0.294989 0.053435 0.062580 0.062960 0.062580 0.053435 0.294989 0.109259 0.142249 -0.798006 0.142249 0.109259 0.000000 
5.000000e-01 5.000000e-01 4.999945e-03 5.000000e-01 5.000000e-01 4.616430e-01 -0.300778 0.054471 0.063812 0.064212 0.063812 0.054471 0.300778 0.109051 0.140834 -0.800548 0.140834 0.109051 0.000000 
5.000000e-01 5.000000e-01 4.999945e-03 5.000000e-01 5.000000e-01 4.704524e-01 -0.306560 0.055505 0.065043 0.065465 0.065043 0.055505 0.306560 0.108800 0.139426 -0.803011 0.139426 0.108800 0.000000 
5.000000e-01 5.000000e-01 4.999945e-03 5.000000e-01 5.000000e-01 4.792515e-01 -0.312336 0.056536 0.066273 0.066718 0.066273 0.056536 0.312336 0.108504 0.138025 -0.805393 0.138025 0.108504 0.000000 
5.000000e-01 5.000000e-01 4.999945e-03 5.000000e-01 5.000000e-01 4.880402e-01 -0.318104 0.057565 0.067501 0.067971 0.067501 0.057565 0.318104 0.108167 0.136631 -0.807702 0.136631 0.108167 0.000000 
5.000000e-01 5.000000e-01 4.999945e-03 5.000000e-01 5.000000e-01 4.968185e-01 -0.323866 0.058592 0.068729 0.069224 0.068729 0.058592 0.323866 0.107795 0.135245 -0.809947 0.135245 0.107795 0.000000 
5.000000e-01 5.000000e-01 4.999945e-03 5.000000e-01 5.000000e-01 5.055861e-01 -0.329621 0.059615 0.069956 0.070478 0.069956 0.059615 0.329621 0.107389 0.133866 -0.812132 0.133866 0.107389 0.000000 
5.000000e-01 5.000000e-01 4.999945e-03 5.000000e-01 5.000000e-01 5.143431e-01 -0.335369 0.060637 0.071182 0.071732 0.071182 0.060637 0.335369 0.106950 0.132495 -0.814259 0.132495 0.106950 0.000000 
5.000000e-01 5.000000e-01 4.999945e-03 5.000000e-01 5.000000e-01 5.230893e-01 -0.341110 0.061655 0.072407 0.072986 0.072407 0.061655 0.341110 0.106480 0.131131 -0.816333 0.131131 0.106480 0.000000 
5.000000e-01 5.000000e-01 4.999945e-03 5.000000e-01 5.000000e-01 5.318247e-01 -0.346844 0.062671 0.073630 0.074241 0.073630 0.062671 0.346844 0.105982 0.129774 -0.818357 0.129774 0.105982 0.000000 
5.000000e-01 5.000000e-01 4.999945e-03 5.000000e-01 5.000000e-01 5.405492e-01 -0.352571 0.063684 0.074853 0.075497 0.074853 0.063684 0.352571 0.105456 0.128425 -0.820333 0.128425 0.105456 0.000000 
5.000000e-01 5.000000e-01 4.999945e-03 5.000000e-01 5.000000e-01 5.492626e-01 -0.358291 0.064693 0.076075 0.076754 0.076075 0.064693 0.358290 0.104902 0.127083 -0.822260 0.127083 0.104902 0.000000 
5.000000e-01 5.000000e-01 4.999945e-03 5.000000e-01 5.000000e-01 5.579649e-01 -0.364003 0.065700 0.077296 0.078012 0.077296 0.065700 0.364003 0.104322 0.125748 -0.824143 0.125748 0.104322 0.000000 
5.000000e-01 5.000000e-01 4.999945e-03 5.000000e-01 5.000000e-01 5.666559e-01 -0.369708 0.066703 0.078515 0.079271 0.078515 0.066703 0.369708 0.103719 0.124420 -0.825986 0.124420 0.103719 0.000000 
5.000000e-01 5.000000e-01 4.999945e-03 5.000000e-01 5.000000e-01 5.753356e-01 -0.375405 0.067703 0.079734 0.080530 0.079734 0.067703 0.375405 0.103094 0.123099 -0.827793 0.123099 0.103094 0.000000 
5.000000e-01 5.000000e-01 4.999945e-03 5.000000e-01 5.000000e-01 5.840039e-01 -0.381095 0.068699 0.080952 0.081792 0.080952 0.068699 0.381095 0.102449 0.121785 -0.829565 0.121785 0.102449 0.000000 
5.000000e-01 5.000000e-01 4.999945e-03 5.000000e-01 5.000000e-01 5.926607e-01 -0.386778 0.069692 0.082169 0.083054 0.082169 0.069692 0.386778 0.101785 0.120477 -0.831303 0.120477 0.101785 0.000000 
5.000000e-01 5.000000e-01 4.999945e-03 5.000000e-01 5.000000e-01 6.013058e-01 -0.392453 0.070682 0.083385 0.084318 0.083385 0.070682 0.392453 0.101103 0.119176 -0.833011 0.119176 0.101103 0.000000 
5.000000e-01 5.000000e-01 4.999945e-03 5.000000e-01 5.000000e-01 6.099392e-01 -0.398120 0.071667 0.084601 0.085584 0.084601 0.071667 0.398120 0.100404 0.117880 -0.834688 0.117880 0.100404 0.000000 
5.000000e-01 5.000000e-01 4.999945e-03 5.000000e-01 5.000000e-01 6.185607e-01 -0.403779 0.072648 0.085815 0.086852 0.085815 0.072648 0.403779 0.099685 0.116592 -0.836334 0.116592 0.099685 0.000000 
5.000000e-01 5.000000e-01 4.999945e-03 5.000000e-01 5.000000e-01 6.271703e-01 -0.409431 0.073625 0.087029 0.088123 0.087029 0.073625 0.409431 0.098952 0.115309 -0.837953 0.115309 0.098952 0.000000 
5.000000e-01 5.000000e-01 4.999945e-03 5.000000e-01 5.000000e-01 6.357679e-01 -0.415075 0.074598 0.088242 0.089395 0.088242 0.074598 0.415075 0.098205 0.114032 -0.839548 0.114032 0.098205 0.000000 
5.000000e-01 5.000000e-01 4.999945e-03 5.000000e-01 5.000000e-01 6.443532e-01 -0.420710 0.075566 0.089454 0.090670 0.089454 0.075566 0.420710 0.097444 0.112760 -0.841119 0.112760 0.097444 0.000000 
5.000000e-01 5.000000e-01 4.999945e-03 5.000000e-01 5.000000e-01 6.529263e-01 -0.426338 0.076530 0.090665 0.091948 0.090665 0.076530 0.426338 0.096671 0.111494 -0.842669 0.111494 0.096671 0.000000 
5.000000e-01 5.000000e-01 4.999945e-03 5.000000e-01 5.000000e-01 6.614870e-01 -0.431958 0.077489 0.091876 0.093228 0.091876 0.077489 0.431958 0.095886 0.110233 -0.844197 0.110233 0.095886 0.000000 
5.000000e-01 5.000000e-01 4.999945e-03 5.000000e-01 5.000000e-01 6.700352e-01 -0.437569 0.078443 0.093086 0.094511 0.093086 0.078443 0.437569 0.095090 0.108977 -0.845705 0.108977 0.095090 0.000000 
5.000000e-01 5.000000e-01 4.999945e-03 5.000000e-01 5.000000e-01 6.785707e-01 -0.443172 0.079391 0.094296 0.095799 0.094296 0.079391 0.443172 0.094282 0.107727 -0.847191 0.107727 0.094282 0.000000 
5.000000e-01 5.000000e-01 4.999945e-03 5.000000e-01 5.000000e-01 6.870935e-01 -0.448767 0.080334 0.095505 0.097090 0.095505 0.080334 0.448767 0.093464 0.106482 -0.848659 0.106482 0.093464 0.000000 
5.000000e-01 5.000000e-01 4.999945e-03 5.000000e-01 5.000000e-01 6.956035e-01 -0.454353 0.081271 0.096713 0.098385 0.096713 0.081271 0.454353 0.092637 0.105241 -0.850110 0.105241 0.092637 0.000000 
5.000000e-01 5.000000e-01 4.999945e-03 5.000000e-01 5.000000e-01 7.041004e-01 -0.459931 0.082203 0.097921 0.099684 0.097921 0.082203 0.459931 0.091802 0.104005 -0.851546 0.104005 0.091802 0.000000 
5.000000e-01 5.000000e-01 4.999945e-03 5.000000e-01 5.000000e-01 7.125843e-01 -0.465500 0.083128 0.099128 0.100987 0.099128 0.083128 0.465500 0.090959 0.102773 -0.852966 0.102773 0.090959 0.000000 
5.000000e-01 5.000000e-01 4.999945e-03 5.000000e-01 5.000000e-01 7.210550e-01 -0.471061 0.084048 0.100335 0.102295 0.100335 0.084048 0.471061 0.090109 0.101546 -0.854371 0.101546 0.090109 0.000000 
5.000000e-01 5.000000e-01 4.999945e-03 5.000000e-01 5.000000e-01 7.295123e-01 -0.476613 0.084960 0.101542 0.103608 0.101542 0.084960 0.476612 0.089251 0.100323 -0.855762 0.100323 0.089251 0.000000 
5.000000e-01 5.000000e-01 4.999945e-03 5.000000e-01 5.000000e-01 7.379561e-01 -0.482155 0.085866 0.102748 0.104927 0.102748 0.085866 0.482155 0.088386 0.099105 -0.857138 0.099105 0.088386 0.000000 
5.000000e-01 5.000000e-01 4.999945e-03 5.000000e-01 5.000000e-01 7.463863e-01 -0.487689 0.086764 0.103955 0.106252 0.103955 0.086764 0.487689 0.087515 0.097891 -0.858501 0.097891 0.087515 0.000000 
5.000000e-01 5.000000e-01 4.999945e-03 5.000000e-01 5.000000e-01 7.548027e-01 -0.493214 0.087655 0.105161 0.107584 0.105161 0.087655 0.493214 0.086638 0.096681 -0.859853 0.096681 0.086638 0.000000 
5.000000e-01 5.000000e-01 4.999945e-03 5.000000e-01 5.000000e-01 7.632053e-01 -0.498730 0.088538 0.106366 0.108921 0.106366 0.088538 0.498730 0.085757 0.095474 -0.861193 0.095474 0.085757 0.000000 
5.000000e-01 5.000000e-01 4.999945e-03 5.000000e-01 5.000000e-01 7.715939e-01 -0.504237 0.089414 0.107572 0.110265 0.107572 0.089414 0.504237 0.084871 0.094272 -0.862522 0.094272 0.084871 0.000000 
5.000000e-01 5.000000e-01 4.999945e-03 5.000000e-01 5.000000e-01 7.799684e-01 -0.509734 0.090281 0.108778 0.111617 0.108778 0.090281 0.509734 0.083980 0.093073 -0.863841 0.093073 0.083980 0.000000 
5.000000e-01 5.000000e-01 4.999945e-03 5.000000e-01 5.000000e-01 7.883286e-01 -0.515222 0.091138 0.109984 0.112978 0.109984 0.091138 0.515222 0.083084 0.091878 -0.865148 0.091878 0.083084 0.000000 
5.000000e-01 5.000000e-01 4.999945e-03 5.000000e-01 5.000000e-01 7.966743e-01 -0.520701 0.091986 0.111190 0.114348 0.111190 0.091986 0.520701 0.082185 0.090687 -0.866445 0.090687 0.082185 0.000000 
5.000000e-01 5.000000e-01 4.999945e-03 5.000000e-01 5.000000e-01 8.050055e-01 -0.526170 0.092826 0.112396 0.115726 0.112396 0.092826 0.526170 0.081282 0.089500 -0.867734 0.089500 0.081282 0.000000 
5.000000e-01 5.000000e-01 4.999945e-03 5.000000e-01 5.000000e-01 8.133220e-01 -0.531629 0.093655 0.113602 0.117114 0.113602 0.093655 0.531629 0.080377 0.088316 -0.869014 0.088316 0.080377 0.000000 
5.000000e-01 5.000000e-01 4.999945e-03 5.000000e-01 5.000000e-01 8.216237e-01 -0.537079 0.094475 0.114809 0.118511 0.114809 0.094475 0.537079 0.079468 0.087135 -0.870285 0.087135 0.079468 0.000000 
5.000000e-01 5.000000e-01 4.999945e-03 5.000000e-01 5.000000e-01 8.299103e-01 -0.542519 0.095284 0.116016 0.119919 0.116016 0.095284 0.542518 0.078557 0.085958 -0.871548 0.085958 0.078557 0.000000 
5.000000e-01 5.000000e-01 4.999945e-03 5.000000e-01 5.000000e-01 8.381818e-01 -0.547948 0.096080 0.117224 0.121340 0.117224 0.096080 0.547948 0.077643 0.084784 -0.872803 0.084784 0.077643 0.000000 
5.000000e-01 5.000000e-01 4.999945e-03 5.000000e-01 5.000000e-01 8.464380e-01 -0.553368 0.096864 0.118433 0.122774 0.118433 0.096864 0.553368 0.076727 0.083614 -0.874049 0.083614 0.076727 0.000000 
5.000000e-01 5.000000e-01 4.999945e-03 5.000000e-01 5.000000e-01 8.546787e-01 -0.558778 0.097637 0.119642 0.124219 0.119642 0.097637 0.558777 0.075809 0.082447 -0.875289 0.082447 0.075809 0.000000 
5.000000e-01 5.000000e-01 4.999945e-03 5.000000e-01 5.000000e-01 8.629038e-01 -0.564177 0.098398 0.120852 0.125678 0.120852 0.098398 0.564177 0.074889 0.081283 -0.876522 0.081283 0.074889 0.000000 
5.000000e-01 5.000000e-01 4.999945e-03 5.000000e-01 5.000000e-01 8.711132e-01 -0.569566 0.099146 0.122062 0.127150 0.122062 0.099146 0.569566 0.073968 0.080122 -0.877748 0.080122 0.073968 0.000000 
5.000000e-01 5.000000e-01 4.999945e-03 5.000000e-01 5.000000e-01 8.793066e-01 -0.574944 0.099880 0.123273 0.128638 0.123273 0.099880 0.574944 0.073046 0.078965 -0.878967 0.078965 0.073046 0.000000 
5.000000e-01 5.000000e-01 4.999945e-03 5.000000e-01 5.000000e-01 8.874839e-01 -0.580312 0.100597 0.124486 0.130144 0.124486 0.100597 0.580312 0.072122 0.077811 -0.880179 0.077811 0.072122 0.000000 
5.000000e-01 5.000000e-01 4.999945e-03 5.000000e-01 5.000000e-01 8.956450e-01 -0.585669 0.101301 0.125700 0.131667 0.125700 0.101301 0.585669 0.071198 0.076660 -0.881385 0.076660 0.071198 0.000000 
5.000000e-01 5.000000e-01 4.999945e-03 5.000000e-01 5.000000e-01 9.037896e-01 -0.591016 0.101989 0.126915 0.133207 0.126915 0.101989 0.591016 0.070273 0.075512 -0.882586 0.075512 0.070273 0.000000 
5.000000e-01 5.000000e-01 4.999945e-03 5.000000e-01 5.000000e-01 9.119176e-01 -0.596351 0.102662 0.128131 0.134765 0.128131 0.102662 0.596351 0.069347 0.074367 -0.883781 0.074367 0.069347 0.000000 
5.000000e-01 5.000000e-01 4.999945e-03 5.000000e-01 5.000000e-01 9.200288e-01 -0.601676 0.103319 0.129348 0.136341 0.129348 0.103319 0.601676 0.068421 0.073226 -0.884970 0.073226 0.068421 0.000000 
5.000000e-01 5.000000e-01 4.999945e-03 5.000000e-01 5.000000e-01 9.281231e-01 -0.606989 0.103955 0.130567 0.137944 0.130567 0.103955 0.606989 0.067495 0.072087 -0.886153 0.072087 0.067495 0.000000 
5.000000e-01 5.000000e-01 4.999945e-03 5.000000e-01 5.000000e-01 9.362003e-01 -0.612291 0.104573 0.131788 0.139569 0.131788 0.104573 0.612291 0.066568 0.070952 -0.887331 0.070952 0.066568 0.000000 
5.000000e-01 5.000000e-01 4.999945e-03 5.000000e-01 5.000000e-01 9.442601e-01 -0.617582 0.105172 0.133010 0.141216 0.133010 0.105172 0.617582 0.065642 0.069819 -0.888503 0.069819 0.065642 0.000000 
5.000000e-01 5.000000e-01 4.999945e-03 5.000000e-01 5.000000e-01 9.523025e-01 -0.622861 0.105754 0.134234 0.142886 0.134234 0.105754 0.622861 0.064715 0.068690 -0.889671 0.068690 0.064715 0.000000 
5.000000e-01 5.000000e-01 4.999945e-03 5.000000e-01 5.000000e-01 9.603271e-01 -0.628128 0.106315 0.135458 0.144581 0.135458 0.106315 0.628128 0.063790 0.067563 -0.890834 0.067563 0.063790 0.000000 
5.000000e-01 5.000000e-01 4.999945e-03 5.000000e-01 5.000000e-01 9.683339e-01 -0.633384 0.106851 0.136686 0.146310 0.136686 0.106851 0.633384 0.062864 0.066440 -0.891991 0.066440 0.062864 0.000000 
5.000000e-01 5.000000e-01 4.999945e-03 5.000000e-01 5.000000e-01 9.763226e-01 -0.638628 0.107365 0.137915 0.148068 0.137915 0.107365 0.638628 0.061938 0.065320 -0.893144 0.065320 0.061938 0.000000 
5.000000e-01 5.000000e-01 4.999945e-03 5.000000e-01 5.000000e-01 9.842931e-01 -0.643860 0.107857 0.139145 0.149855 0.139145 0.107857 0.643860 0.061014 0.064202 -0.894292 0.064202 0.061014 0.000000 
5.000000e-01 5.000000e-01 4.999945e-03 5.000000e-01 5.000000e-01 9.922451e-01 -0.649080 0.108326 0.140378 0.151673 0.140378 0.108326 0.649079 0.060090 0.063088 -0.895436 0.063088 0.060090 0.000000 
5.000000e-01 5.000000e-01 4.999945e-03 5.000000e-01 5.000000e-01 1.000178e+00 -0.654287 0.108771 0.141611 0.153522 0.141611 0.108771 0.654287 0.059167 0.061977 -0.896575 0.061977 0.059167 0.000000 
5.000000e-01 5.000000e-01 4.999945e-03 5.000000e-01 5.000000e-01 1.008093e+00 -0.659482 0.109185 0.142848 0.155417 0.142848 0.109185 0.659482 0.058245 0.060869 -0.897710 0.060869 0.058245 0.000000 
5.000000e-01 5.000000e-01 4.999945e-03 5.000000e-01 5.000000e-01 1.015988e+00 -0.664664 0.109572 0.144086 0.157349 0.144086 0.109572 0.664664 0.057324 0.059764 -0.898840 0.059764 0.057324 0.000000 
5.000000e-01 5.000000e-01 4.999945e-03 5.000000e-01 5.000000e-01 1.023864e+00 -0.669834 0.109933 0.145325 0.159319 0.145325 0.109933 0.669834 0.056404 0.058662 -0.899966 0.058662 0.056404 0.000000 
5.000000e-01 5.000000e-01 4.999945e-03 5.000000e-01 5.000000e-01 1.031721e+00 -0.674991 0.110266 0.146566 0.161328 0.146566 0.110266 0.674991 0.055485 0.057563 -0.901088 0.057563 0.055485 0.000000 
5.000000e-01 5.000000e-01 4.999945e-03 5.000000e-01 5.000000e-01 1.039558e+00 -0.680135 0.110569 0.147808 0.163381 0.147808 0.110569 0.680135 0.054568 0.056467 -0.902205 0.056467 0.054568 0.000000 
5.000000e-01 5.000000e-01 4.999945e-03 5.000000e-01 5.000000e-01 1.047375e+00 -0.685266 0.110834 0.149052 0.165494 0.149052 0.110834 0.685266 0.053652 0.055374 -0.903318 0.055374 0.053652 0.000000 
5.000000e-01 5.000000e-01 4.999945e-03 5.000000e-01 5.000000e-01 1.055172e+00 -0.690384 0.111069 0.150297 0.167653 0.150297 0.111069 0.690383 0.052737 0.054285 -0.904428 0.054285 0.052737 0.000000 
5.000000e-01 5.000000e-01 4.999945e-03 5.000000e-01 5.000000e-01 1.062948e+00 -0.695488 0.111272 0.151542 0.169860 0.151542 0.111272 0.695488 0.051824 0.053198 -0.905533 0.053198 0.051824 0.000000 
5.000000e-01 5.000000e-01 4.999945e-03 5.000000e-01 5.000000e-01 1.070704e+00 -0.700578 0.111443 0.152788 0.172118 0.152788 0.111443 0.700578 0.050913 0.052115 -0.906634 0.052115 0.050913 0.000000 
5.000000e-01 5.000000e-01 4.999945e-03 5.000000e-01 5.000000e-01 1.078439e+00 -0.705655 0.111571 0.154034 0.174445 0.154034 0.111571 0.705655 0.050003 0.051035 -0.907731 0.051035 0.050003 0.000000 
5.000000e-01 5.000000e-01 4.999945e-03 5.000000e-01 5.000000e-01 1.086152e+00 -0.710718 0.111659 0.155280 0.176838 0.155280 0.111659 0.710718 0.049095 0.049958 -0.908824 0.049958 0.049095 0.000000 
5.000000e-01 5.000000e-01 4.999945e-03 5.000000e-01 5.000000e-01 1.093845e+00 -0.715767 0.111712 0.156526 0.179292 0.156526 0.111712 0.715767 0.048189 0.048884 -0.909913 0.048884 0.048189 0.000000 
5.000000e-01 5.000000e-01 4.999945e-03 5.000000e-01 5.000000e-01 1.101516e+00 -0.720802 0.111728 0.157770 0.181807 0.157770 0.111728 0.720802 0.047285 0.047813 -0.910998 0.047813 0.047285 0.000000 
5.000000e-01 5.000000e-01 4.999945e-03 5.000000e-01 5.000000e-01 1.109165e+00 -0.725822 0.111700 0.159012 0.184398 0.159012 0.111700 0.725822 0.046382 0.046746 -0.912079 0.046746 0.046382 0.000000 
5.000000e-01 5.000000e-01 4.999945e-03 5.000000e-01 5.000000e-01 1.116792e+00 -0.730828 0.111621 0.160252 0.187082 0.160252 0.111621 0.730828 0.045482 0.045682 -0.913156 0.045682 0.045482 0.000000 
5.000000e-01 5.000000e-01 4.999945e-03 5.000000e-01 5.000000e-01 1.124396e+00 -0.735819 0.111501 0.161488 0.189840 0.161488 0.111501 0.735819 0.044584 0.044621 -0.914229 0.044621 0.044584 0.000000 
5.000000e-01 5.000000e-01 4.999945e-03 5.000000e-01 5.000000e-01 1.131978e+00 -0.740795 0.111340 0.162720 0.192675 0.162720 0.111340 0.740795 0.043688 0.043564 -0.915298 0.043564 0.043688 0.000000 
5.000000e-01 5.000000e-01 4.999945e-03 5.000000e-01 5.000000e-01 1.139537e+00 -0.745756 0.111133 0.163946 0.195597 0.163946 0.111133 0.745756 0.042794 0.042510 -0.916364 0.042510 0.042794 0.000000 
5.000000e-01 5.000000e-01 4.999945e-03 5.000000e-01 5.000000e-01 1.147073e+00 -0.750702 0.110864 0.165166 0.198642 0.165166 0.110864 0.750702 0.041902 0.041460 -0.917425 0.041460 0.041902 0.000000 
5.000000e-01 5.000000e-01 4.999945e-03 5.000000e-01 5.000000e-01 1.154586e+00 -0.755632 0.110549 0.166377 0.201779 0.166377 0.110549 0.755632 0.041013 0.040412 -0.918483 0.040412 0.041013 0.000000 
5.000000e-01 5.000000e-01 4.999945e-03 5.000000e-01 5.000000e-01 1.162075e+00 -0.760547 0.110188 0.167579 0.205011 0.167579 0.110188 0.760547 0.040126 0.039369 -0.919536 0.039369 0.040126 0.000000 
5.000000e-01 5.000000e-01 4.999945e-03 5.000000e-01 5.000000e-01 1.169540e+00 -0.765446 0.109776 0.168771 0.208351 0.168771 0.109776 0.765446 0.039242 0.038328 -0.920586 0.038328 0.039242 0.000000 
5.000000e-01 5.000000e-01 4.999945e-03 5.000000e-01 5.000000e-01 1.176980e+00 -0.770329 0.109294 0.169948 0.211846 0.169948 0.109294 0.770329 0.038360 0.037292 -0.921632 0.037292 0.038360 0.000000 
5.000000e-01 5.000000e-01 4.999945e-03 5.000000e-01 5.000000e-01 1.184396e+00 -0.775196 0.108761 0.171109 0.215455 0.171109 0.108761 0.775196 0.037480 0.036258 -0.922674 0.036258 0.037480 0.000000 
5.000000e-01 5.000000e-01 4.999945e-03 5.000000e-01 5.000000e-01 1.191787e+00 -0.780046 0.108178 0.172255 0.219181 0.172255 0.108178 0.780046 0.036604 0.035229 -0.923711 0.035229 0.036604 0.000000 
5.000000e-01 5.000000e-01 4.999945e-03 5.000000e-01 5.000000e-01 1.199153e+00 -0.784880 0.107534 0.173380 0.223052 0.173380 0.107534 0.784880 0.035730 0.034203 -0.924745 0.034203 0.035730 0.000000 
5.000000e-01 5.000000e-01 4.999945e-03 5.000000e-01 5.000000e-01 1.206494e+00 -0.789697 0.106815 0.174478 0.227111 0.174478 0.106815 0.789697 0.034858 0.033181 -0.925775 0.033181 0.034858 0.000000 
5.000000e-01 5.000000e-01 4.999945e-03 5.000000e-01 5.000000e-01 1.213808e+00 -0.794497 0.106042 0.175552 0.231309 0.175552 0.106042 0.794497 0.033990 0.032162 -0.926801 0.032162 0.033990 0.000000 
5.000000e-01 5.000000e-01 4.999945e-03 5.000000e-01 5.000000e-01 1.221097e+00 -0.799280 0.105215 0.176599 0.235652 0.176599 0.105215 0.799280 0.033124 0.031147 -0.927823 0.031147 0.033124 0.000000 
5.000000e-01 5.000000e-01 4.999945e-03 5.000000e-01 5.000000e-01 1.228359e+00 -0.804046 0.104311 0.177608 0.240207 0.177608 0.104311 0.804046 0.032261 0.030136 -0.928840 0.030136 0.032261 0.000000 
5.000000e-01 5.000000e-01 4.999945e-03 5.000000e-01 5.000000e-01 1.235595e+00 -0.808794 0.103336 0.178575 0.244972 0.178575 0.103336 0.808794 0.031401 0.029129 -0.929854 0.029129 0.031401 0.000000 
5.000000e-01 5.000000e-01 4.999945e-03 5.000000e-01 5.000000e-01 1.242803e+00 -0.813524 0.102304 0.179503 0.249910 0.179503 0.102304 0.813524 0.030545 0.028125 -0.930863 0.028125 0.030545 0.000000 
5.000000e-01 5.000000e-01 4.999945e-03 5.000000e-01 5.000000e-01 1.249984e+00 -0.818236 0.101214 0.180392 0.255024 0.180392 0.101214 0.818236 0.029691 0.027126 -0.931869 0.027126 0.029691 0.000000 
5.000000e-01 5.000000e-01 4.999945e-03 5.000000e-01 5.000000e-01 1.257137e+00 -0.822930 0.100025 0.181205 0.260469 0.181205 0.100025 0.822930 0.028840 0.026130 -0.932870 0.026130 0.028840 0.000000 
5.000000e-01 5.000000e-01 4.999945e-03 5.000000e-01 5.000000e-01 1.264262e+00 -0.827605 0.098777 0.181964 0.266122 0.181964 0.098777 0.827605 0.027992 0.025138 -0.933867 0.025138 0.027992 0.000000 
5.000000e-01 5.000000e-01 4.999945e-03 5.000000e-01 5.000000e-01 1.271358e+00 -0.832262 0.097470 0.182666 0.271988 0.182666 0.097470 0.832262 0.027148 0.024151 -0.934860 0.024151 0.027148 0.000000 
5.000000e-01 5.000000e-01 4.999945e-03 5.000000e-01 5.000000e-01 1.278426e+00 -0.836899 0.096080 0.183284 0.278171 0.183284 0.096080 0.836899 0.026307 0.023167 -0.935848 0.023167 0.026307 0.000000 
5.000000e-01 5.000000e-01 4.999945e-03 5.000000e-01 5.000000e-01 1.285465e+00 -0.841518 0.094609 0.183806 0.284688 0.183806 0.094609 0.841518 0.025469 0.022188 -0.936832 0.022188 0.025469 0.000000 
5.000000e-01 5.000000e-01 4.999945e-03 5.000000e-01 5.000000e-01 1.292473e+00 -0.846117 0.093078 0.184249 0.291462 0.184249 0.093078 0.846117 0.024635 0.021213 -0.937812 0.021213 0.024635 0.000000 
5.000000e-01 5.000000e-01 4.999945e-03 5.000000e-01 5.000000e-01 1.299452e+00 -0.850697 0.091480 0.184600 0.298537 0.184600 0.091480 0.850697 0.023804 0.020242 -0.938787 0.020242 0.023804 0.000000 
5.000000e-01 5.000000e-01 4.999945e-03 5.000000e-01 5.000000e-01 1.306401e+00 -0.855257 0.089781 0.184797 0.306101 0.184797 0.089781 0.855257 0.022976 0.019275 -0.939758 0.019275 0.022976 0.000000 
5.000000e-01 5.000000e-01 4.999945e-03 5.000000e-01 5.000000e-01 1.313319e+00 -0.859796 0.088023 0.184888 0.313975 0.184888 0.088023 0.859796 0.022152 0.018312 -0.940725 0.018312 0.022152 0.000000 
5.000000e-01 5.000000e-01 4.999945e-03 5.000000e-01 5.000000e-01 1.320206e+00 -0.864316 0.086208 0.184871 0.322157 0.184871 0.086208 0.864316 0.021331 0.017354 -0.941687 0.017354 0.021331 0.000000 
5.000000e-01 5.000000e-01 4.999945e-03 5.000000e-01 5.000000e-01 1.327062e+00 -0.868815 0.084285 0.184637 0.330971 0.184637 0.084285 0.868815 0.020515 0.016400 -0.942645 0.016400 0.020515 0.000000 
5.000000e-01 5.000000e-01 4.999945e-03 5.000000e-01 5.000000e-01 1.333885e+00 -0.873294 0.082302 0.184254 0.340180 0.184254 0.082302 0.873294 0.019701 0.015451 -0.943598 0.015451 0.019701 0.000000 
5.000000e-01 5.000000e-01 4.999945e-03 5.000000e-01 5.000000e-01 1.340677e+00 -0.877751 0.080265 0.183731 0.349758 0.183731 0.080265 0.877751 0.018892 0.014506 -0.944546 0.014506 0.018892 0.000000 
5.000000e-01 5.000000e-01 4.999945e-03 5.000000e-01 5.000000e-01 1.347435e+00 -0.882188 0.078129 0.182938 0.360054 0.182938 0.078129 0.882188 0.018086 0.013565 -0.945490 0.013565 0.018086 0.000000 
5.000000e-01 5.000000e-01 4.999945e-03 5.000000e-01 5.000000e-01 1.354161e+00 -0.886603 0.075928 0.181931 0.370885 0.181931 0.075928 0.886603 0.017284 0.012629 -0.946429 0.012629 0.017284 0.000000 
5.000000e-01 5.000000e-01 4.999945e-03 5.000000e-01 5.000000e-01 1.360853e+00 -0.890998 0.073677 0.180744 0.382155 0.180744 0.073677 0.890997 0.016485 0.011698 -0.947364 0.011698 0.016485 0.000000 
5.000000e-01 5.000000e-01 4.999945e-03 5.000000e-01 5.000000e-01 1.367512e+00 -0.895370 0.071334 0.179211 0.394282 0.179211 0.071334 0.895370 0.015691 0.010771 -0.948294 0.010771 0.015691 0.000000 
5.000000e-01 5.000000e-01 4.999945e-03 5.000000e-01 5.000000e-01 1.374136e+00 -0.899722 0.068928 0.177395 0.407077 0.177395 0.068928 0.899722 0.014900 0.009849 -0.949219 0.009849 0.014900 0.000000 
5.000000e-01 5.000000e-01 4.999945e-03 5.000000e-01 5.000000e-01 1.380726e+00 -0.904051 0.066477 0.175356 0.420385 0.175356 0.066477 0.904051 0.014113 0.008931 -0.950140 0.008931 0.014113 0.000000 
5.000000e-01 5.000000e-01 4.999945e-03 5.000000e-01 5.000000e-01 1.387280e+00 -0.908359 0.063937 0.172855 0.434775 0.172855 0.063937 0.908359 0.013330 0.008018 -0.951056 0.008018 0.013330 0.000000 
5.000000e-01 5.000000e-01 4.999945e-03 5.000000e-01 5.000000e-01 1.393800e+00 -0.912646 0.061344 0.170015 0.449928 0.170015 0.061344 0.912646 0.012551 0.007109 -0.951967 0.007109 0.012551 0.000000 
5.000000e-01 5.000000e-01 4.999945e-03 5.000000e-01 5.000000e-01 1.400284e+00 -0.916911 0.058713 0.166909 0.465666 0.166909 0.058713 0.916911 0.011776 0.006206 -0.952873 0.006206 0.011776 0.000000 
5.000000e-01 5.000000e-01 4.999945e-03 5.000000e-01 5.000000e-01 1.406732e+00 -0.921155 0.055993 0.163165 0.482838 0.163165 0.055993 0.921155 0.011004 0.005306 -0.953775 0.005306 0.011004 0.000000 
5.000000e-01 5.000000e-01 4.999945e-03 5.000000e-01 5.000000e-01 1.413143e+00 -0.925377 0.053236 0.159066 0.500775 0.159066 0.053236 0.925377 0.010236 0.004411 -0.954673 0.004411 0.010236 0.000000 
5.000000e-01 5.000000e-01 4.999945e-03 5.000000e-01 5.000000e-01 1.419518e+00 -0.929578 0.050441 0.154599 0.519499 0.154599 0.050441 0.929578 0.009473 0.003521 -0.955566 0.003521 0.009473 0.000000 
5.000000e-01 5.000000e-01 4.999945e-03 5.000000e-01 5.000000e-01 1.425856e+00 -0.933760 0.047569 0.149369 0.539884 0.149369 0.047569 0.933760 0.008712 0.002635 -0.956454 0.002635 0.008712 0.000000 
5.000000e-01 5.000000e-01 4.999945e-03 5.000000e-01 5.000000e-01 1.432157e+00 -0.937920 0.044675 0.143783 0.561006 0.143783 0.044675 0.937920 0.007956 0.001753 -0.957338 0.001753 0.007956 0.000000 
5.000000e-01 5.000000e-01 4.999945e-03 5.000000e-01 5.000000e-01 1.438421e+00 -0.942060 0.041735 0.137615 0.583361 0.137615 0.041735 0.942060 0.007203 0.000876 -0.958218 0.000876 0.007203 0.000000 
5.000000e-01 5.000000e-01 4.999945e-03 5.000000e-01 5.000000e-01 1.444647e+00 -0.946183 0.038746 0.130730 0.607230 0.130730 0.038746 0.946183 0.006453 0.000002 -0.959094 0.000002 0.006453 0.000000 
5.000000e-01 5.000000e-01 4.999945e-03 5.000000e-01 5.000000e-01 1.450836e+00 -0.950283 0.035742 0.123487 0.631825 0.123487 0.035742 0.950283 0.005708 -0.000867 -0.959965 -0.000867 0.005708 0.000000 
5.000000e-01 5.000000e-01 4.999945e-03 5.000000e-01 5.000000e-01 1.456987e+00 -0.954368 0.032686 0.115369 0.658257 0.115369 0.032686 0.954368 0.004965 -0.001732 -0.960833 -0.001732 0.004965 0.000000 
5.000000e-01 5.000000e-01 4.999945e-03 5.000000e-01 5.000000e-01 1.463099e+00 -0.958434 0.029611 0.106749 0.685713 0.106749 0.029611 0.958434 0.004225 -0.002594 -0.961697 -0.002594 0.004225 0.000000 
5.000000e-01 5.000000e-01 4.999945e-03 5.000000e-01 5.000000e-01 1.469174e+00 -0.962480 0.026519 0.097649 0.714143 0.097649 0.026519 0.962480 0.003489 -0.003451 -0.962556 -0.003451 0.003489 0.000000 
5.000000e-01 5.000000e-01 4.999945e-03 5.000000e-01 5.000000e-01 1.475210e+00 -0.966511 0.023391 0.087687 0.744354 0.087687 0.023391 0.966511 0.002756 -0.004306 -0.963412 -0.004306 0.002756 0.000000 
5.000000e-01 5.000000e-01 4.999945e-03 5.000000e-01 5.000000e-01 1.481207e+00 -0.970521 0.020262 0.077447 0.775102 0.077447 0.020262 0.970521 0.002027 -0.005155 -0.964264 -0.005155 0.002027 0.000000 
5.000000e-01 5.000000e-01 4.999945e-03 5.000000e-01 5.000000e-01 1.487164e+00 -0.974514 0.017110 0.066491 0.807311 0.066491 0.017110 0.974514 0.001301 -0.006001 -0.965113 -0.006001 0.001301 0.000000 
5.000000e-01 5.000000e-01 4.999945e-03 5.000000e-01 5.000000e-01 1.493082e+00 -0.978487 0.013957 0.055177 0.840219 0.055177 0.013957 0.978487 0.000578 -0.006843 -0.965956 -0.006843 0.000578 0.000000 
5.000000e-01 5.000000e-01 4.999945e-03 5.000000e-01 5.000000e-01 1.498958e+00 -0.982439 0.010804 0.043546 0.873738 0.043546 0.010804 0.982439 -0.000141 -0.007681 -0.966796 -0.007681 -0.000141 0.000000 
5.000000e-01 5.000000e-01 4.999945e-03 5.000000e-01 5.000000e-01 1.504793e+00 -0.986369 0.007650 0.031503 0.908064 0.031503 0.007650 0.986369 -0.000856 -0.008513 -0.967631 -0.008513 -0.000856 0.000000 
5.000000e-01 5.000000e-01 4.999945e-03 5.000000e-01 5.000000e-01 1.510583e+00 -0.990272 0.004512 0.019413 0.942422 0.019413 0.004512 0.990272 -0.001566 -0.009340 -0.968460 -0.009340 -0.001566 0.000000 
5.000000e-01 5.000000e-01 4.999945e-03 5.000000e-01 5.000000e-01 1.515029e+00 -0.993272 0.002092 0.009910 0.969268 0.009910 0.002092 0.993272 -0.002111 -0.009976 -0.969097 -0.009976 -0.002111 0.000000 
5.000000e-01 5.000000e-01 4.999945e-03 5.000000e-01 5.000000e-01 1.515029e+00 -0.993272 0.002092 0.009910 0.969268 0.009910 0.002092 0.993272 -0.002111 -0.009976 -0.969097 -0.009976 -0.002111 0.000000 
5.000000e-01 5.000000e-01 4.999945e-03 5.000000e-01 5.000000e-01 1.515029e+00 -0.993272 0.002092 0.009910 0.969268 0.009910 0.002092 0.993272 -0.002111 -0.009976 -0.969097 -0.009976 -0.002111 0.000000 
5.000000e-01 5.000000e-01 4.999945e-03 5.000000e-01 5.000000e-01 1.515029e+00 -0.993272 0.002092 0.009910 0.969268 0.009910 0.002092 0.993272 -0.002111 -0.009976 -0.969097 -0.009976 -0.002111 0.000000 
5.000000e-01 5.000000e-01 4.999945e-03 5.000000e-01 5.000000e-01 1.515029e+00 -0.993272 0.002092 0.009910 0.969268 0.009910 0.002092 0.993272 -0.002111 -0.009976 -0.969097 -0.009976 -0.002111 0.000000 
5.000000e-01 5.000000e-01 4.999945e-03 5.000000e-01 5.000000e-01 1.515029e+00 -0.993272 0.002092 0.009910 0.969268 0.009910 0.002092 0.993272 -0.002111 -0.009976 -0.969097 -0.009976 -0.002111 0.000000 
5.000000e-01 5.000000e-01 4.999945e-03 5.000000e-01 5.000000e-01 1.515029e+00 -0.993272 0.002092 0.009910 0.969268 0.009910 0.002092 0.993272 -0.002111 -0.009976 -0.969097 -0.009976 -0.002111 0.000000 
5.000000e-01 5.000000e-01 4.999945e-03 5.000000e-01 5.000000e-01 1.515029e+00 -0.993272 0.002092 0.009910 0.969268 0.009910 0.002092 0.993272 -0.002111 -0.009976 -0.969097 -0.009976 -0.002111 0.000000 
5.000000e-01 5.000000e-01 4.999945e-03 5.000000e-01 5.000000e-01 1.515029e+00 -0.993272 0.002092 0.009910 0.969268 0.009910 0.002092 0.993272 -0.002111 -0.009976 -0.969097 -0.009976 -0.002111 0.000000 
5.000000e-01 5.000000e-01 4.999945e-03 5.000000e-01 5.000000e-01 1.515029e+00 -0.993272 0.002092 0.009910 0.969268 0.009910 0.002092 0.993272 -0.002111 -0.009976 -0.969097 -0.009976 -0.002111 0.000000 
5.000000e-01 5.000000e-01 4.999945e-03 5.000000e-01 5.000000e-01 1.515029e+00 -0.993272 0.002092 0.009910 0.969268 0.009910 0.002092 0.993272 -0.002111 -0.009976 -0.969097 -0.009976 -0.002111 0.000000 
5.000000e-01 5.000000e-01 4.999945e-03 5.000000e-01 5.000000e-01 1.515029e+00 -0.993272 0.002092 0.009910 0.969268 0.009910 0.002092 0.993272 -0.002111 -0.009976 -0.969097 -0.009976 -0.002111 0.000000 
5.000000e-01 5.000000e-01 4.999945e-03 5.000000e-01 5.000000e-01 1.515029e+00 -0.993272 0.002092 0.009910 0.969268 0.009910 0.002092 0.993272 -0.002111 -0.009976 -0.969097 -0.009976 -0.002111 0.000000 
5.000000e-01 5.000000e-01 4.999945e-03 5.000000e-01 5.000000e-01 1.515029e+00 -0.993272 0.002092 0.009910 0.969268 0.009910 0.002092 0.993272 -0.002111 -0.009976 -0.969097 -0.009976 -0.002111 0.000000 
5.000000e-01 5.000000e-01 4.999945e-03 5.000000e-01 5.000000e-01 1.515029e+00 -0.993272 0.002092 0.009910 0.969268 0.009910 0.002092 0.993272 -0.002111 -0.009976 -0.969097 -0.009976 -0.002111 0.000000 
5.000000e-01 5.000000e-01 4.999945e-03 5.000000e-01 5.000000e-01 1.515029e+00 -0.993272 0.002092 0.009910 0.969268 0.009910 0.002092 0.993272 -0.002111 -0.009976 -0.969097 -0.009976 -0.002111 0.000000 
5.000000e-01 5.000000e-01 4.999945e-03 5.000000e-01 5.000000e-01 1.515029e+00 -0.993272 0.002092 0.009910 0.969268 0.009910 0.002092 0.993272 -0.002111 -0.009976 -0.969097 -0.009976 -0.002111 0.000000 
5.000000e-01 5.000000e-01 4.999945e-03 5.000000e-01 5.000000e-01 1.515029e+00 -0.993272 0.002092 0.009910 0.969268 0.009910 0.002092 0.993272 -0.002111 -0.009976 -0.969097 -0.009976 -0.002111 0.000000 
5.000000e-01 5.000000e-01 4.999945e-03 5.000000e-01 5.000000e-01 1.515029e+00 -0.993272 0.002092 0.009910 0.969268 0.009910 0.002092 0.993272 -0.002111 -0.009976 -0.969097 -0.009976 -0.002111 0.000000 
5.000000e-01 5.000000e-01 4.999945e-03 5.000000e-01 5.000000e-01 1.515029e+00 -0.993272 0.002092 0.009910 0.969268 0.009910 0.002092 0.993272 -0.002111 -0.009976 -0.969097 -0.009976 -0.002111 0.000000 
5.000000e-01 5.000000e-01 4.999945e-03 5.000000e-01 5.000000e-01 1.515029e+00 -0.993272 0.002092 0.009910 0.969268 0.009910 0.002092 0.993272 -0.002111 -0.009976 -0.969097 -0.009976 -0.002111 0.000000 
5.000000e-01 5.000000e-01 4.999945e-03 5.000000e-01 5.000000e-01 1.515029e+00 -0.993272 0.002092 0.009910 0.969268 0.009910 0.002092 0.993272 -0.002111 -0.009976 -0.969097 -0.009976 -0.002111 0.000000 
5.000000e-01 5.000000e-01 4.999945e-03 5.000000e-01 5.000000e-01 1.515029e+00 -0.993272 0.002092 0.009910 0.969268 0.009910 0.002092 0.993272 -0.002111 -0.009976 -0.969097 -0.009976 -0.002111 0.000000 
5.000000e-01 5.000000e-01 4.999945e-03 5.000000e-01 5.000000e-01 1.515029e+00 -0.993272 0.002092 0.009910 0.969268 0.009910 0.002092 0.993272 -0.002111 -0.009976 -0.969097 -0.009976 -0.002111 0.000000 
5.000000e-01 5.000000e-01 4.999945e-03 5.000000e-01 5.000000e-01 1.515029e+00 -0.993272 0.002092 0.009910 0.969268 0.009910 0.002092 0.993272 -0.002111 -0.009976 -0.969097 -0.009976 -0.002111 0.000000 
5.000000e-01 5.000000e-01 4.999945e-03 5.000000e-01 5.000000e-01 1.515029e+00 -0.993272 0.002092 0.009910 0.969268 0.009910 0.002092 0.993272 -0.002111 -0.009976 -0.969097 -0.009976 -0.002111 0.000000 
5.000000e-01 5.000000e-01 4.999945e-03 5.000000e-01 5.000000e-01 1.515029e+00 -0.993272 0.002092 0.009910 0.969268 0.009910 0.002092 0.993272 -0.002111 -0.009976 -0.969097 -0.009976 -0.002111 0.000000 
5.000000e-01 5.000000e-01 4.999945e-03 5.000000e-01 5.000000e-01 1.515029e+00 -0.993272 0.002092 0.009910 0.969268 0.009910 0.002092 0.993272 -0.002111 -0.009976 -0.969097 -0.009976 -0.002111 0.000000 
5.000000e-01 5.000000e-01 4.999945e-03 5.000000e-01 5.000000e-01 1.515029e+00 -0.993272 0.002092 0.009910 0.969268 0.009910 0.002092 0.993272 -0.002111 -0.009976 -0.969097 -0.009976 -0.002111 0.000000 
5.000000e-01 5.000000e-01 4.999945e-03 5.000000e-01 5.000000e-01 1.515029e+00 -0.993272 0.002092 0.009910 0.969268 0.009910 0.002092 0.993272 -0.002111 -0.009976 -0.969097 -0.009976 -0.002111 0.000000 
5.000000e-01 5.000000e-01 4.999945e-03 5.000000e-01 5.000000e-01 1.515029e+00 -0.993272 0.002092 0.009910 0.969268 0.009910 0.002092 0.993272 -0.002111 -0.009976 -0.969097 -0.009976 -0.002111 0.000000 
5.000000e-01 5.000000e-01 4.999945e-03 5.000000e-01 5.000000e-01 1.515029e+00 -0.993272 0.002092 0.009910 0.969268 0.009910 0.002092 0.993272 -0.002111 -0.009976 -0.969097 -0.009976 -0.002111 0.000000 
5.000000e-01 5.000000e-01 4.999945e-03 5.000000e-01 5.000000e-01 1.515029e+00 -0.993272 0.002092 0.009910 0.969268 0.009910 0.002092 0.993272 -0.002111 -0.009976 -0.969097 -0.009976 -0.002111 0.000000 
5.000000e-01 5.000000e-01 4.999945e-03 5.000000e-01 5.000000e-01 1.515029e+00 -0.993272 0.002092 0.009910 0.969268 0.009910 0.002092 0.993272 -0.002111 -0.009976 -0.969097 -0.009976 -0.002111 0.000000 
5.000000e-01 5.000000e-01 4.999945e-03 5.000000e-01 5.000000e-01 1.515029e+00 -0.993272 0.002092 0.009910 0.969268 0.009910 0.002092 0.993272 -0.002111 -0.009976 -0.969097 -0.009976 -0.002111 0.000000 
5.000000e-01 5.000000e-01 4.999945e-03 5.000000e-01 5.000000e-01 1.515029e+00 -0.993272 0.002092 0.009910 0.969268 0.009910 0.002092 0.993272 -0.002111 -0.009976 -0.969097 -0.009976 -0.002111 0.000000 
5.000000e-01 5.000000e-01 4.999945e-03 5.000000e-01 5.000000e-01 1.515029e+00 -0.993272 0.002092 0.009910 0.969268 0.009910 0.002092 0.993272 -0.002111 -0.009976 -0.969097 -0.009976 -0.002111 0.000000 
5.000000e-01 5.000000e-01 4.999945e-03 5.000000e-01 5.000000e-01 1.515029e+00 -0.993272 0.002092 0.009910 0.969268 0.009910 0.002092 0.993272 -0.002111 -0.009976 -0.969097 -0.009976 -0.002111 0.000000 
5.000000e-01 5.000000e-01 4.999945e-03 5.000000e-01 5.000000e-01 1.515029e+00 -0.993272 0.002092 0.009910 0.969268 0.009910 0.002092 0.993272 -0.002111 -0.009976 -0.969097 -0.009976 -0.002111 0.000000 
5.000000e-01 5.000000e-01 4.999945e-03 5.000000e-01 5.000000e-01 1.515029e+00 -0.993272 0.002092 0.009910 0.969268 0.009910 0.002092 0.993272 -0.002111 -0.009976 -0.969097 -0.009976 -0.002111 0.000000 
5.000000e-01 5.000000e-01 4.999945e-03 5.000000e-01 5.000000e-01 1.515029e+00 -0.993272 0.002092 0.009910 0.969268 0.009910 0.002092 0.993272 -0.002111 -0.009976 -0.969097 -0.009976 -0.002111 0.000000 
5.000000e-01 5.000000e-01 4.999945e-03 5.000000e-01 5.000000e-01 1.515029e+00 -0.993272 0.002092 0.009910 0.969268 0.009910 0.002092 0.993272 -0.002111 -0.009976 -0.969097 -0.009976 -0.002111 0.000000 
5.000000e-01 5.000000e-01 4.999945e-03 5.000000e-01 5.000000e-01 1.515029e+00 -0.993272 0.002092 0.009910 0.969268 0.009910 0.002092 0.993272 -0.002111 -0.009976 -0.969097 -0.009976 -0.002111 0.000000 
5.000000e-01 5.000000e-01 4.999945e-03 5.000000e-01 5.000000e-01 1.515029e+00 -0.993272 0.002092 0.009910 0.969268 0.009910 0.002092 0.993272 -0.002111 -0.009976 -0.969097 -0.009976 -0.002111 0.000000 
5.000000e-01 5.000000e-01 4.999945e-03 5.000000e-01 5.000000e-01 1.515029e+00 -0.993272 0.002092 0.009910 0.969268 0.009910 0.002092 0.993272 -0.002111 -0.009976 -0.969097 -0.009976 -0.002111 0.000000 
5.000000e-01 5.000000e-01 4.999945e-03 5.000000e-01 5.000000e-01 1.515029e+00 -0.993272 0.002092 0.009910 0.969268 0.009910 0.002092 0.993272 -0.002111 -0.009976 -0.969097 -0.009976 -0.002111 0.000000 
5.000000e-01 5.000000e-01 4.999945e-03 5.000000e-01 5.000000e-01 1.515029e+00 -0.993272 0.002092 0.009910 0.969268 0.009910 0.002092 0.993272 -0.002111 -0.009976 -0.969097 -0.009976 -0.002111 0.000000 
5.000000e-01 5.000000e-01 4.999945e-03 5.000000e-01 5.000000e-01 1.515029e+00 -0.993272 0.002092 0.009910 0.969268 0.009910 0.002092 0.993272 -0.002111 -0.009976 -0.969097 -0.009976 -0.002111 0.000000 
5.000000e-01 5.000000e-01 4.999945e-03 5.000000e-01 5.000000e-01 1.515029e+00 -0.993272 0.002092 0.009910 0.969268 0.009910 0.002092 0.993272 -0.002111 -0.009976 -0.969097 -0.009976 -0.002111 0.000000 
5.000000e-01 5.000000e-01 4.999945e-03 5.000000e-01 5.000000e-01 1.515029e+00 -0.993272 0.002092 0.009910 0.969268 0.009910 0.002092 0.993272 -0.002111 -0.009976 -0.969097 -0.009976 -0.002111 0.000000 
5.000000e-01 5.000000e-01 4.999945e-03 5.000000e-01 5.000000e-01 1.515029e+00 -0.993272 0.002092 0.009910 0.969268 0.009910 0.002092 0.993272 -0.002111 -0.009976 -0.969097 -0.009976 -0.002111 0.000000 
5.000000e-01 5.000000e-01 4.999945e-03 5.000000e-01 5.000000e-01 1.515029e+00 -0.993272 0.002092 0.009910 0.969268 0.009910 0.002092 0.993272 -0.002111 -0.009976 -0.969097 -0.009976 -0.002111 0.000000 
5.000000e-01 5.000000e-01 4.999945e-03 5.000000e-01 5.000000e-01 1.515029e+00 -0.993272 0.002092 0.009910 0.969268 0.009910 0.002092 0.993272 -0.002111 -0.009976 -0.969097 -0.009976 -0.002111 0.000000 
5.000000e-01 5.000000e-01 4.999945e-03 5.000000e-01 5.000000e-01 1.515029e+00 -0.993272 0.002092 0.009910 0.969268 0.009910 0.002092 0.993272 -0.002111 -0.009976 -0.969097 -0.009976 -0.002111 0.000000 
5.000000e-01 5.000000e-01 4.999945e-03 5.000000e-01 5.000000e-01 1.515029e+00 -0.993272 0.002092 0.009910 0.969268 0.009910 0.002092 0.993272 -0.002111 -0.009976 -0.969097 -0.009976 -0.002111 0.000000 
5.000000e-01 5.000000e-01 4.999945e-03 5.000000e-01 5.000000e-01 1.515029e+00 -0.993272 0.002092 0.009910 0.969268 0.009910 0.002092 0.993272 -0.002111 -0.009976 -0.969097 -0.009976 -0.002111 0.000000 
5.000000e-01 5.000000e-01 4.999945e-03 5.000000e-01 5.000000e-01 1.515029e+00 -0.993272 0.002092 0.009910 0.969268 0.009910 0.002092 0.993272 -0.002111 -0.009976 -0.969097 -0.009976 -0.002111 0.000000 
5.000000e-01 5.000000e-01 4.999945e-03 5.000000e-01 5.000000e-01 1.515029e+00 -0.993272 0.002092 0.009910 0.969268 0.009910 0.002092 0.993272 -0.002111 -0.009976 -0.969097 -0.009976 -0.002111 0.000000 
5.000000e-01 5.000000e-01 4.999945e-03 5.000000e-01 5.000000e-01 1.515029e+00 -0.993272 0.002092 0.009910 0.969268 0.009910 0.002092 0.993272 -0.002111 -0.009976 -0.969097 -0.009976 -0.002111 0.000000 
5.000000e-01 5.000000e-01 4.999945e-03 5.000000e-01 5.000000e-01 1.515029e+00 -0.993272 0.002092 0.009910 0.969268 0.009910 0.002092 0.993272 -0.002111 -0.009976 -0.969097 -0.009976 -0.002111 0.000000 
5.000000e-01 5.000000e-01 4.999945e-03 5.000000e-01 5.000000e-01 1.515029e+00 -0.993272 0.002092 0.009910 0.969268 0.009910 0.002092 0.993272 -0.002111 -0.009976 -0.969097 -0.009976 -0.002111 0.000000 
5.000000e-01 5.000000e-01 4.999945e-03 5.000000e-01 5.000000e-01 1.515029e+00 -0.993272 0.002092 0.009910 0.969268 0.009910 0.002092 0.993272 -0.002111 -0.009976 -0.969097 -0.009976 -0.002111 0.000000 
5.000000e-01 5.000000e-01 4.999945e-03 5.000000e-01 5.000000e-01 1.515029e+00 -0.993272 0.002092 0.009910 0.969268 0.009910 0.002092 0.993272 -0.002111 -0.009976 -0.969097 -0.009976 -0.002111 0.000000 
5.000000e-01 5.000000e-01 4.999945e-03 5.000000e-01 5.000000e-01 1.515029e+00 -0.993272 0.002092 0.009910 0.969268 0.009910 0.002092 0.993272 -0.002111 -0.009976 -0.969097 -0.009976 -0.002111 0.000000 
5.000000e-01 5.000000e-01 4.999945e-03 5.000000e-01 5.000000e-01 1.515029e+00 -0.993272 0.002092 0.009910 0.969268 0.009910 0.002092 0.993272 -0.002111 -0.009976 -0.969097 -0.009976 -0.002111 0.000000 
5.000000e-01 5.000000e-01 4.999945e-03 5.000000e-01 5.000000e-01 1.515029e+00 -0.993272 0.002092 0.009910 0.969268 0.009910 0.002092 0.993272 -0.002111 -0.009976 -0.969097 -0.009976 -0.002111 0.000000 
5.000000e-01 5.000000e-01 4.999945e-03 5.000000e-01 5.000000e-01 1.515029e+00 -0.993272 0.002092 0.009910 0.969268 0.009910 0.002092 0.993272 -0.002111 -0.009976 -0.969097 -0.009976 -0.002111 0.000000 
5.000000e-01 5.000000e-01 4.999945e-03 5.000000e-01 5.000000e-01 1.515029e+00 -0.993272 0.002092 0.009910 0.969268 0.009910 0.002092 0.993272 -0.002111 -0.009976 -0.969097 -0.009976 -0.002111 0.000000 
5.000000e-01 5.000000e-01 4.999945e-03 5.000000e-01 5.000000e-01 1.515029e+00 -0.993272 0.002092 0.009910 0.969268 0.009910 0.002092 0.993272 -0.002111 -0.009976 -0.969097 -0.009976 -0.002111 0.000000 
5.000000e-01 5.000000e-01 4.999945e-03 5.000000e-01 5.000000e-01 1.515029e+00 -0.993272 0.002092 0.009910 0.969268 0.009910 0.002092 0.993272 -0.002111 -0.009976 -0.969097 -0.009976 -0.002111 0.000000 
5.000000e-01 5.000000e-01 4.999945e-03 5.000000e-01 5.000000e-01 1.515029e+00 -0.993272 0.002092 0.009910 0.969268 0.009910 0.002092 0.993272 -0.002111 -0.009976 -0.969097 -0.009976 -0.002111 0.000000 
5.000000e-01 5.000000e-01 4.999945e-03 5.000000e-01 5.000000e-01 1.515029e+00 -0.993272 0.002092 0.009910 0.969268 0.009910 0.002092 0.993272 -0.002111 -0.009976 -0.969097 -0.009976 -0.002111 0.000000 
5.000000e-01 5.000000e-01 4.999945e-03 5.000000e-01 5.000000e-01 1.515029e+00 -0.993272 0.002092 0.009910 0.969268 0.009910 0.002092 0.993272 -0.002111 -0.009976 -0.969097 -0.009976 -0.002111 0.000000 
5.000000e-01 5.000000e-01 4.999945e-03 5.000000e-01 5.000000e-01 1.515029e+00 -0.993272 0.002092 0.009910 0.969268 0.009910 0.002092 0.993272 -0.002111 -0.009976 -0.969097 -0.009976 -0.002111 0.000000 
5.000000e-01 5.000000e-01 4.999945e-03 5.000000e-01 5.000000e-01 1.515029e+00 -0.993272 0.002092 0.009910 0.969268 0.009910 0.002092 0.993272 -0.002111 -0.009976 -0.969097 -0.009976 -0.002111 0.000000 
5.000000e-01 5.000000e-01 4.999945e-03 5.000000e-01 5.000000e-01 1.515029e+00 -0.993272 0.002092 0.009910 0.969268 0.009910 0.002092 0.993272 -0.002111 -0.009976 -0.969097 -0.009976 -0.002111 0.000000 
5.000000e-01 5.000000e-01 4.999945e-03 5.000000e-01 5.000000e-01 1.515029e+00 -0.993272 0.002092 0.009910 0.969268 0.009910 0.002092 0.993272 -0.002111 -0.009976 -0.969097 -0.009976 -0.002111 0.000000 
5.000000e-01 5.000000e-01 4.999945e-03 5.000000e-01 5.000000e-01 1.515029e+00 -0.993272 0.002092 0.009910 0.969268 0.009910 0.002092 0.993272 -0.002111 -0.009976 -0.969097 -0.009976 -0.002111 0.000000 
5.000000e-01 5.000000e-01 4.999945e-03 5.000000e-01 5.000000e-01 1.515029e+00 -0.993272 0.002092 0.009910 0.969268 0.009910 0.002092 0.993272 -0.002111 -0.009976 -0.969097 -0.009976 -0.002111 0.000000 
5.000000e-01 5.000000e-01 4.999945e-03 5.000000e-01 5.000000e-01 1.515029e+00 -0.993272 0.002092 0.009910 0.969268 0.009910 0.002092 0.993272 -0.002111 -0.009976 -0.969097 -0.009976 -0.002111 0.000000 
5.000000e-01 5.000000e-01 4.999945e-03 5.000000e-01 5.000000e-01 1.515029e+00 -0.993272 0.002092 0.009910 0.969268 0.009910 0.002092 0.993272 -0.002111 -0.009976 -0.969097 -0.009976 -0.002111 0.000000 
5.000000e-01 5.000000e-01 4.999945e-03 5.000000e-01 5.000000e-01 1.515029e+00 -0.993272 0.002092 0.009910 0.969268 0.009910 0.002092 0.993272 -0.002111 -0.009976 -0.969097 -0.009976 -0.002111 0.000000 
5.000000e-01 5.000000e-01 4.999945e-03 5.000000e-01 5.000000e-01 1.515029e+00 -0.993272 0.002092 0.009910 0.969268 0.009910 0.002092 0.993272 -0.002111 -0.009976 -0.969097 -0.009976 -0.002111 0.000000 
5.000000e-01 5.000000e-01 4.999945e-03 5.000000e-01 5.000000e-01 1.515029e+00 -0.993272 0.002092 0.009910 0.969268 0.009910 0.002092 0.993272 -0.002111 -0.009976 -0.969097 -0.009976 -0.002111 0.000000 
5.000000e-01 5.000000e-01 4.999945e-03 5.000000e-01 5.000000e-01 1.515029e+00 -0.993272 0.002092 0.009910 0.969268 0.009910 0.002092 0.993272 -0.002111 -0.009976 -0.969097 -0.009976 -0.002111 0.000000 
5.000000e-01 5.000000e-01 4.999945e-03 5.000000e-01 5.000000e-01 1.515029e+00 -0.993272 0.002092 0.009910 0.969268 0.009910 0.002092 0.993272 -0.002111 -0.009976 -0.969097 -0.009976 -0.002111 0.000000 
5.000000e-01 5.000000e-01 4.999945e-03 5.000000e-01 5.000000e-01 1.515029e+00 -0.993272 0.002092 0.009910 0.969268 0.009910 0.002092 0.993272 -0.002111 -0.009976 -0.969097 -0.009976 -0.002111 0.000000 
5.000000e-01 5.000000e-01 4.999945e-03 5.000000e-01 5.000000e-01 1.515029e+00 -0.993272 0.002092 0.009910 0.969268 0.009910 0.002092 0.993272 -0.002111 -0.009976 -0.969097 -0.009976 -0.002111 0.000000 
5.000000e-01 5.000000e-01 4.999945e-03 5.000000e-01 5.000000e-01 1.515029e+00 -0.993272 0.002092 0.009910 0.969268 0.009910 0.002092 0.993272 -0.002111 -0.009976 -0.969097 -0.009976 -0.002111 0.000000 
5.000000e-01 5.000000e-01 4.999945e-03 5.000000e-01 5.000000e-01 1.515029e+00 -0.993272 0.002092 0.009910 0.969268 0.009910 0.002092 0.993272 -0.002111 -0.009976 -0.969097 -0.009976 -0.002111 0.000000 
5.000000e-01 5.000000e-01 4.999945e-03 5.000000e-01 5.000000e-01 1.515029e+00 -0.993272 0.002092 0.009910 0.969268 0.009910 0.002092 0.993272 -0.002111 -0.009976 -0.969097 -0.009976 -0.002111 0.000000 
5.000000e-01 5.000000e-01 4.999945e-03 5.000000e-01 5.000000e-01 1.515029e+00 -0.993272 0.002092 0.009910 0.969268 0.009910 0.002092 0.993272 -0.002111 -0.009976 -0.969097 -0.009976 -0.002111 0.000000 
5.000000e-01 5.000000e-01 4.999945e-03 5.000000e-01 5.000000e-01 1.515029e+00 -0.993272 0.002092 0.009910 0.969268 0.009910 0.002092 0.993272 -0.002111 -0.009976 -0.969097 -0.009976 -0.002111 0.000000 
5.000000e-01 5.000000e-01 4.999945e-03 5.000000e-01 5.000000e-01 1.515029e+00 -0.993272 0.002092 0.009910 0.969268 0.009910 0.002092 0.993272 -0.002111 -0.009976 -0.969097 -0.009976 -0.002111 0.000000 
5.000000e-01 5.000000e-01 4.999945e-03 5.000000e-01 5.000000e-01 1.515029e+00 -0.993272 0.002092 0.009910 0.969268 0.009910 0.002092 0.993272 -0.002111 -0.009976 -0.969097 -0.009976 -0.002111 0.000000 
5.000000e-01 5.000000e-01 4.999945e-03 5.000000e-01 5.000000e-01 1.515029e+00 -0.993272 0.002092 0.009910 0.969268 0.009910 0.002092 0.993272 -0.002111 -0.009976 -0.969097 -0.009976 -0.002111 0.000000 
5.000000e-01 5.000000e-01 4.999945e-03 5.000000e-01 5.000000e-01 1.515029e+00 -0.993272 0.002092 0.009910 0.969268 0.009910 0.002092 0.993272 -0.002111 -0.009976 -0.969097 -0.009976 -0.002111 0.000000 
5.000000e-01 5.000000e-01 4.999945e-03 5.000000e-01 5.000000e-01 1.515029e+00 -0.993272 0.002092 0.009910 0.969268 0.009910 0.002092 0.993272 -0.002111 -0.009976 -0.969097 -0.009976 -0.002111 0.000000 
5.000000e-01 5.000000e-01 4.999945e-03 5.000000e-01 5.000000e-01 1.515029e+00 -0.993272 0.002092 0.009910 0.969268 0.009910 0.002092 0.993272 -0.002111 -0.009976 -0.969097 -0.009976 -0.002111 0.000000 
5.000000e-01 5.000000e-01 4.999945e-03 5.000000e-01 5.000000e-01 1.515029e+00 -0.993272 0.002092 0.009910 0.969268 0.009910 0.002092 0.993272 -0.002111 -0.009976 -0.969097 -0.009976 -0.002111 0.000000 
5.000000e-01 5.000000e-01 4.999945e-03 5.000000e-01 5.000000e-01 1.515029e+00 -0.993272 0.002092 0.009910 0.969268 0.009910 0.002092 0.993272 -0.002111 -0.009976 -0.969097 -0.009976 -0.002111 0.000000 
5.000000e-01 5.000000e-01 4.999945e-03 5.000000e-01 5.000000e-01 1.515029e+00 -0.993272 0.002092 0.009910 0.969268 0.009910 0.002092 0.993272 -0.002111 -0.009976 -0.969097 -0.009976 -0.002111 0.000000 
5.000000e-01 5.000000e-01 4.999945e-03 5.000000e-01 5.000000e-01 1.515029e+00 -0.993272 0.002092 0.009910 0.969268 0.009910 0.002092 0.993272 -0.002111 -0.009976 -0.969097 -0.009976 -0.002111 0.000000 
5.000000e-01 5.000000e-01 4.999945e-03 5.000000e-01 5.000000e-01 1.515029e+00 -0.993272 0.002092 0.009910 0.969268 0.009910 0.002092 0.993272 -0.002111 -0.009976 -0.969097 -0.009976 -0.002111 0.000000 
5.000000e-01 5.000000e-01 4.999945e-03 5.000000e-01 5.000000e-01 1.515029e+00 -0.993272 0.002092 0.009910 0.969268 0.009910 0.002092 0.993272 -0.002111 -0.009976 -0.969097 -0.009976 -0.002111 0.000000 
5.000000e-01 5.000000e-01 4.999945e-03 5.000000e-01 5.000000e-01 1.515029e+00 -0.993272 0.002092 0.009910 0.969268 0.009910 0.002092 0.993272 -0.002111 -0.009976 -0.969097 -0.009976 -0.002111 0.000000 
5.000000e-01 5.000000e-01 4.999945e-03 5.000000e-01 5.000000e-01 1.515029e+00 -0.993272 0.002092 0.009910 0.969268 0.009910 0.002092 0.993272 -0.002111 -0.009976 -0.969097 -0.009976 -0.002111 0.000000 
5.000000e-01 5.000000e-01 4.999945e-03 5.000000e-01 5.000000e-01 1.515029e+00 -0.993272 0.002092 0.009910 0.969268 0.009910 0.002092 0.993272 -0.002111 -0.009976 -0.969097 -0.009976 -0.002111 0.000000 
5.000000e-01 5.000000e-01 4.999945e-03 5.000000e-01 5.000000e-01 1.515029e+00 -0.993272 0.002092 0.009910 0.969268 0.009910 0.002092 0.993272 -0.002111 -0.009976 -0.969097 -0.009976 -0.002111 0.000000 
5.000000e-01 5.000000e-01 4.999945e-03 5.000000e-01 5.000000e-01 1.515029e+00 -0.993272 0.002092 0.009910 0.969268 0.009910 0.002092 0.993272 -0.002111 -0.009976 -0.969097 -0.009976 -0.002111 0.000000 
5.000000e-01 5.000000e-01 4.999945e-03 5.000000e-01 5.000000e-01 1.515029e+00 -0.993272 0.002092 0.009910 0.969268 0.009910 0.002092 0.993272 -0.002111 -0.009976 -0.969097 -0.009976 -0.002111 0.000000 
5.000000e-01 5.000000e-01 4.999945e-03 5.000000e-01 5.000000e-01 1.515029e+00 -0.993272 0.002092 0.009910 0.969268 0.009910 0.002092 0.993272 -0.002111 -0.009976 -0.969097 -0.009976 -0.002111 0.000000 
5.000000e-01 5.000000e-01 4.999945e-03 5.000000e-01 5.000000e-01 1.515029e+00 -0.993272 0.002092 0.009910 0.969268 0.009910 0.002092 0.993272 -0.002111 -0.009976 -0.969097 -0.009976 -0.002111 0.000000 
5.000000e-01 5.000000e-01 4.999945e-03 5.000000e-01 5.000000e-01 1.515029e+00 -0.993272 0.002092 0.009910 0.969268 0.009910 0.002092 0.993272 -0.002111 -0.009976 -0.969097 -0.009976 -0.002111 0.000000 
5.000000e-01 5.000000e-01 4.999945e-03 5.000000e-01 5.000000e-01 1.515029e+00 -0.993272 0.002092 0.009910 0.969268 0.009910 0.002092 0.993272 -0.002111 -0.009976 -0.969097 -0.009976 -0.002111 0.000000 
5.000000e-01 5.000000e-01 4.999945e-03 5.000000e-01 5.000000e-01 1.515029e+00 -0.993272 0.002092 0.009910 0.969268 0.009910 0.002092 0.993272 -0.002111 -0.009976 -0.969097 -0.009976 -0.002111 0.000000 
5.000000e-01 5.000000e-01 4.999945e-03 5.000000e-01 5.000000e-01 1.515029e+00 -0.993272 0.002092 0.009910 0.969268 0.009910 0.002092 0.993272 -0.002111 -0.009976 -0.969097 -0.009976 -0.002111 0.000000 
5.000000e-01 5.000000e-01 4.999945e-03 5.000000e-01 5.000000e-01 1.515029e+00 -0.993272 0.002092 0.009910 0.969268 0.009910 0.002092 0.993272 -0.002111 -0.009976 -0.969097 -0.009976 -0.002111 0.000000 
5.000000e-01 5.000000e-01 4.999945e-03 5.000000e-01 5.000000e-01 1.515029e+00 -0.993272 0.002092 0.009910 0.969268 0.009910 0.002092 0.993272 -0.002111 -0.009976 -0.969097 -0.009976 -0.002111 0.000000 
5.000000e-01 5.000000e-01 4.999945e-03 5.000000e-01 5.000000e-01 1.515029e+00 -0.993272 0.002092 0.009910 0.969268 0.009910 0.002092 0.993272 -0.002111 -0.009976 -0.969097 -0.009976 -0.002111 0.000000 
5.000000e-01 5.000000e-01 4.999945e-03 5.000000e-01 5.000000e-01 1.515029e+00 -0.993272 0.002092 0.009910 0.969268 0.009910 0.002092 0.993272 -0.002111 -0.009976 -0.969097 -0.009976 -0.002111 0.000000 
5.000000e-01 5.000000e-01 4.999945e-03 5.000000e-01 5.000000e-01 1.515029e+00 -0.993272 0.002092 0.009910 0.969268 0.009910 0.002092 0.993272 -0.002111 -0.009976 -0.969097 -0.009976 -0.002111 0.000000 
5.000000e-01 5.000000e-01 4.999945e-03 5.000000e-01 5.000000e-01 1.515029e+00 -0.993272 0.002092 0.009910 0.969268 0.009910 0.002092 0.993272 -0.002111 -0.009976 -0.969097 -0.009976 -0.002111 0.000000 
5.000000e-01 5.000000e-01 4.999945e-03 5.000000e-01 5.000000e-01 1.515029e+00 -0.993272 0.002092 0.009910 0.969268 0.009910 0.002092 0.993272 -0.002111 -0.009976 -0.969097 -0.009976 -0.002111 0.000000 
5.000000e-01 5.000000e-01 4.999945e-03 5.000000e-01 5.000000e-01 1.515029e+00 -0.993272 0.002092 0.009910 0.969268 0.009910 0.002092 0.993272 -0.002111 -0.009976 -0.969097 -0.009976 -0.002111 0.000000 
