# TeX TeY TeZ ThX ThY THZ P1 P2
5.000000e-01 5.000000e-01 1.120000e+00 5.000000e-01 5.000000e-01 1.120000e+00 0.000000 0.000000 0.000000 0.000000 0.000000 0.000000 0.000000 0.000000 0.000000 0.000000 0.000000 0.000000 0.000000 
5.000000e-01 5.000000e-01 1.110286e+00 5.000000e-01 5.000000e-01 1.127595e+00 -0.011361 -0.000253 0.002814 0.006240 0.002814 -0.000253 0.011361 -0.002044 -0.002414 -0.002443 -0.002414 -0.002044 0.000000 
5.000000e-01 5.000000e-01 1.100512e+00 5.000000e-01 5.000000e-01 1.135167e+00 -0.022745 -0.000479 0.005631 0.012441 0.005631 -0.000479 0.022745 -0.004092 -0.004834 -0.004892 -0.004834 -0.004092 0.000000 
5.000000e-01 5.000000e-01 1.090679e+00 5.000000e-01 5.000000e-01 1.142717e+00 -0.034153 -0.000679 0.008448 0.018615 0.008448 -0.000679 0.034153 -0.006144 -0.007259 -0.007347 -0.007259 -0.006144 0.000000 
5.000000e-01 5.000000e-01 1.080788e+00 5.000000e-01 5.000000e-01 1.150243e+00 -0.045585 -0.000858 0.011265 0.024770 0.011265 -0.000858 0.045585 -0.008199 -0.009689 -0.009808 -0.009689 -0.008199 0.000000 
5.000000e-01 5.000000e-01 1.070840e+00 5.000000e-01 5.000000e-01 1.157746e+00 -0.057038 -0.001039 0.014076 0.030965 0.014076 -0.001039 0.057038 -0.010258 -0.012124 -0.012274 -0.012124 -0.010258 0.000000 
5.000000e-01 5.000000e-01 1.060833e+00 5.000000e-01 5.000000e-01 1.165224e+00 -0.068514 -0.001210 0.016880 0.037174 0.016880 -0.001210 0.068514 -0.012320 -0.014564 -0.014747 -0.014564 -0.012320 0.000000 
5.000000e-01 5.000000e-01 1.050770e+00 5.000000e-01 5.000000e-01 1.172679e+00 -0.080011 -0.001369 0.019675 0.043399 0.019675 -0.001369 0.080011 -0.014384 -0.017009 -0.017226 -0.017009 -0.014384 0.000000 
5.000000e-01 5.000000e-01 1.040651e+00 5.000000e-01 5.000000e-01 1.180109e+00 -0.091530 -0.001520 0.022460 0.049650 0.022460 -0.001520 0.091530 -0.016451 -0.019458 -0.019710 -0.019458 -0.016451 0.000000 
5.000000e-01 5.000000e-01 1.030476e+00 5.000000e-01 5.000000e-01 1.187515e+00 -0.103068 -0.001694 0.025226 0.056004 0.025226 -0.001694 0.103068 -0.018521 -0.021913 -0.022201 -0.021913 -0.018521 0.000000 
5.000000e-01 5.000000e-01 1.020245e+00 5.000000e-01 5.000000e-01 1.194895e+00 -0.114627 -0.001869 0.027976 0.062414 0.027976 -0.001869 0.114627 -0.020592 -0.024372 -0.024699 -0.024372 -0.020592 0.000000 
5.000000e-01 5.000000e-01 1.009960e+00 5.000000e-01 5.000000e-01 1.202251e+00 -0.126205 -0.002046 0.030706 0.068886 0.030706 -0.002046 0.126205 -0.022665 -0.026836 -0.027202 -0.026836 -0.022665 0.000000 
5.000000e-01 5.000000e-01 9.996197e-01 5.000000e-01 5.000000e-01 1.209580e+00 -0.137802 -0.002232 0.033414 0.075438 0.033414 -0.002232 0.137802 -0.024740 -0.029304 -0.029713 -0.029304 -0.024740 0.000000 
5.000000e-01 5.000000e-01 9.892259e-01 5.000000e-01 5.000000e-01 1.216884e+00 -0.149418 -0.002454 0.036088 0.082151 0.036088 -0.002454 0.149418 -0.026817 -0.031777 -0.032230 -0.031777 -0.026817 0.000000 
5.000000e-01 5.000000e-01 9.787786e-01 5.000000e-01 5.000000e-01 1.224161e+00 -0.161051 -0.002688 0.038732 0.088963 0.038732 -0.002688 0.161051 -0.028894 -0.034255 -0.034754 -0.034255 -0.028894 0.000000 
5.000000e-01 5.000000e-01 9.682783e-01 5.000000e-01 5.000000e-01 1.231412e+00 -0.172702 -0.002935 0.041345 0.095881 0.041345 -0.002935 0.172702 -0.030972 -0.036737 -0.037285 -0.036737 -0.030972 0.000000 
5.000000e-01 5.000000e-01 9.577255e-01 5.000000e-01 5.000000e-01 1.238636e+00 -0.184369 -0.003217 0.043915 0.102972 0.043915 -0.003217 0.184369 -0.033050 -0.039223 -0.039823 -0.039223 -0.033050 0.000000 
5.000000e-01 5.000000e-01 9.471207e-01 5.000000e-01 5.000000e-01 1.245833e+00 -0.196053 -0.003538 0.046433 0.110261 0.046433 -0.003538 0.196053 -0.035128 -0.041714 -0.042369 -0.041714 -0.035128 0.000000 
5.000000e-01 5.000000e-01 9.364642e-01 5.000000e-01 5.000000e-01 1.253002e+00 -0.207752 -0.003880 0.048907 0.117699 0.048907 -0.003880 0.207752 -0.037206 -0.044209 -0.044922 -0.044209 -0.037206 0.000000 
5.000000e-01 5.000000e-01 9.257567e-01 5.000000e-01 5.000000e-01 1.260144e+00 -0.219467 -0.004245 0.051334 0.125289 0.051334 -0.004245 0.219467 -0.039283 -0.046708 -0.047484 -0.046708 -0.039283 0.000000 
5.000000e-01 5.000000e-01 9.149984e-01 5.000000e-01 5.000000e-01 1.267257e+00 -0.231196 -0.004677 0.053675 0.133200 0.053675 -0.004677 0.231197 -0.041360 -0.049212 -0.050053 -0.049212 -0.041360 0.000000 
5.000000e-01 5.000000e-01 9.041900e-01 5.000000e-01 5.000000e-01 1.274341e+00 -0.242940 -0.005139 0.055952 0.141314 0.055952 -0.005139 0.242940 -0.043434 -0.051720 -0.052632 -0.051720 -0.043434 0.000000 
5.000000e-01 5.000000e-01 8.933317e-01 5.000000e-01 5.000000e-01 1.281396e+00 -0.254698 -0.005629 0.058164 0.149628 0.058164 -0.005629 0.254698 -0.045507 -0.054232 -0.055219 -0.054232 -0.045507 0.000000 
5.000000e-01 5.000000e-01 8.824241e-01 5.000000e-01 5.000000e-01 1.288423e+00 -0.266468 -0.006174 0.060278 0.158260 0.060278 -0.006174 0.266468 -0.047577 -0.056749 -0.057816 -0.056749 -0.047577 0.000000 
5.000000e-01 5.000000e-01 8.714677e-01 5.000000e-01 5.000000e-01 1.295419e+00 -0.278251 -0.006774 0.062283 0.167234 0.062283 -0.006774 0.278251 -0.049645 -0.059269 -0.060423 -0.059269 -0.049645 0.000000 
5.000000e-01 5.000000e-01 8.604627e-01 5.000000e-01 5.000000e-01 1.302385e+00 -0.290047 -0.007407 0.064199 0.176463 0.064199 -0.007407 0.290047 -0.051709 -0.061795 -0.063040 -0.061795 -0.051709 0.000000 
5.000000e-01 5.000000e-01 8.494097e-01 5.000000e-01 5.000000e-01 1.309321e+00 -0.301854 -0.008083 0.066007 0.186007 0.066007 -0.008083 0.301854 -0.053768 -0.064324 -0.065669 -0.064324 -0.053768 0.000000 
5.000000e-01 5.000000e-01 8.383091e-01 5.000000e-01 5.000000e-01 1.316226e+00 -0.313672 -0.008834 0.067641 0.196057 0.067641 -0.008834 0.313672 -0.055823 -0.066858 -0.068309 -0.066858 -0.055823 0.000000 
5.000000e-01 5.000000e-01 8.271613e-01 5.000000e-01 5.000000e-01 1.323100e+00 -0.325501 -0.009619 0.069157 0.206425 0.069157 -0.009619 0.325501 -0.057873 -0.069397 -0.070962 -0.069397 -0.057873 0.000000 
5.000000e-01 5.000000e-01 8.159667e-01 5.000000e-01 5.000000e-01 1.329942e+00 -0.337340 -0.010439 0.070552 0.217115 0.070552 -0.010439 0.337340 -0.059916 -0.071940 -0.073628 -0.071940 -0.059916 0.000000 
5.000000e-01 5.000000e-01 8.047258e-01 5.000000e-01 5.000000e-01 1.336752e+00 -0.349189 -0.011350 0.071691 0.228507 0.071691 -0.011350 0.349189 -0.061953 -0.074488 -0.076307 -0.074488 -0.061953 0.000000 
5.000000e-01 5.000000e-01 7.934389e-01 5.000000e-01 5.000000e-01 1.343529e+00 -0.361047 -0.012295 0.072674 0.240288 0.072674 -0.012295 0.361047 -0.063983 -0.077040 -0.079001 -0.077040 -0.063983 0.000000 
5.000000e-01 5.000000e-01 7.821065e-01 5.000000e-01 5.000000e-01 1.350274e+00 -0.372914 -0.013274 0.073504 0.252453 0.073504 -0.013274 0.372914 -0.066004 -0.079597 -0.081711 -0.079597 -0.066004 0.000000 
5.000000e-01 5.000000e-01 7.707289e-01 5.000000e-01 5.000000e-01 1.356986e+00 -0.384789 -0.014339 0.074004 0.265460 0.074004 -0.014339 0.384789 -0.068016 -0.082159 -0.084438 -0.082159 -0.068016 0.000000 
5.000000e-01 5.000000e-01 7.593066e-01 5.000000e-01 5.000000e-01 1.363664e+00 -0.396672 -0.015442 0.074290 0.278976 0.074290 -0.015442 0.396673 -0.070018 -0.084727 -0.087183 -0.084727 -0.070018 0.000000 
5.000000e-01 5.000000e-01 7.478399e-01 5.000000e-01 5.000000e-01 1.370308e+00 -0.408563 -0.016575 0.074382 0.292948 0.074382 -0.016575 0.408563 -0.072007 -0.087300 -0.089949 -0.087300 -0.072007 0.000000 
5.000000e-01 5.000000e-01 7.363293e-01 5.000000e-01 5.000000e-01 1.376918e+00 -0.420462 -0.017793 0.074043 0.307961 0.074043 -0.017793 0.420462 -0.073985 -0.089878 -0.092735 -0.089878 -0.073985 0.000000 
5.000000e-01 5.000000e-01 7.247751e-01 5.000000e-01 5.000000e-01 1.383493e+00 -0.432367 -0.019044 0.073434 0.323588 0.073434 -0.019044 0.432367 -0.075949 -0.092463 -0.095544 -0.092463 -0.075949 0.000000 
5.000000e-01 5.000000e-01 7.131777e-01 5.000000e-01 5.000000e-01 1.390033e+00 -0.444279 -0.020323 0.072589 0.339747 0.072589 -0.020323 0.444279 -0.077899 -0.095053 -0.098376 -0.095053 -0.077899 0.000000 
5.000000e-01 5.000000e-01 7.015375e-01 5.000000e-01 5.000000e-01 1.396537e+00 -0.456198 -0.021687 0.071160 0.357253 0.071160 -0.021687 0.456198 -0.079832 -0.097649 -0.101234 -0.097649 -0.079832 0.000000 
5.000000e-01 5.000000e-01 6.898548e-01 5.000000e-01 5.000000e-01 1.403006e+00 -0.468123 -0.023074 0.069432 0.375408 0.069432 -0.023074 0.468123 -0.081749 -0.100252 -0.104120 -0.100252 -0.081749 0.000000 
5.000000e-01 5.000000e-01 6.781301e-01 5.000000e-01 5.000000e-01 1.409439e+00 -0.480054 -0.024491 0.067361 0.394315 0.067361 -0.024491 0.480054 -0.083644 -0.102863 -0.107040 -0.102863 -0.083644 0.000000 
5.000000e-01 5.000000e-01 6.663637e-01 5.000000e-01 5.000000e-01 1.415835e+00 -0.491992 -0.025977 0.064613 0.414720 0.064613 -0.025977 0.491992 -0.085518 -0.105481 -0.109993 -0.105481 -0.085518 0.000000 
5.000000e-01 5.000000e-01 6.545560e-01 5.000000e-01 5.000000e-01 1.422194e+00 -0.503935 -0.027479 0.061532 0.435831 0.061532 -0.027479 0.503936 -0.087370 -0.108107 -0.112981 -0.108107 -0.087370 0.000000 
5.000000e-01 5.000000e-01 6.427073e-01 5.000000e-01 5.000000e-01 1.428517e+00 -0.515885 -0.029020 0.057924 0.458077 0.057924 -0.029020 0.515885 -0.089198 -0.110741 -0.116007 -0.110741 -0.089198 0.000000 
5.000000e-01 5.000000e-01 6.308179e-01 5.000000e-01 5.000000e-01 1.434802e+00 -0.527843 -0.030605 0.053635 0.481783 0.053635 -0.030605 0.527843 -0.091000 -0.113384 -0.119075 -0.113384 -0.091000 0.000000 
5.000000e-01 5.000000e-01 6.188883e-01 5.000000e-01 5.000000e-01 1.441050e+00 -0.539805 -0.032200 0.048995 0.506216 0.048995 -0.032200 0.539805 -0.092771 -0.116036 -0.122191 -0.116036 -0.092771 0.000000 
5.000000e-01 5.000000e-01 6.069188e-01 5.000000e-01 5.000000e-01 1.447260e+00 -0.551776 -0.033840 0.043557 0.532342 0.043557 -0.033840 0.551776 -0.094510 -0.118698 -0.125360 -0.118698 -0.094510 0.000000 
5.000000e-01 5.000000e-01 5.949097e-01 5.000000e-01 5.000000e-01 1.453433e+00 -0.563754 -0.035498 0.037573 0.559603 0.037573 -0.035498 0.563754 -0.096215 -0.121371 -0.128583 -0.121371 -0.096215 0.000000 
5.000000e-01 5.000000e-01 5.828614e-01 5.000000e-01 5.000000e-01 1.459568e+00 -0.575737 -0.037165 0.031171 0.587725 0.031171 -0.037165 0.575737 -0.097883 -0.124054 -0.131863 -0.124054 -0.097883 0.000000 
5.000000e-01 5.000000e-01 5.707741e-01 5.000000e-01 5.000000e-01 1.465665e+00 -0.587731 -0.038872 0.023813 0.617851 0.023813 -0.038872 0.587731 -0.099513 -0.126748 -0.135208 -0.126748 -0.099513 0.000000 
5.000000e-01 5.000000e-01 5.586483e-01 5.000000e-01 5.000000e-01 1.471723e+00 -0.599730 -0.040575 0.016135 0.648611 0.016135 -0.040575 0.599730 -0.101096 -0.129455 -0.138627 -0.129455 -0.101096 0.000000 
5.000000e-01 5.000000e-01 5.464843e-01 5.000000e-01 5.000000e-01 1.477742e+00 -0.611736 -0.042297 0.007761 0.680808 0.007761 -0.042297 0.611736 -0.102630 -0.132175 -0.142126 -0.132175 -0.102630 0.000000 
5.000000e-01 5.000000e-01 5.342824e-01 5.000000e-01 5.000000e-01 1.483723e+00 -0.623750 -0.044025 -0.001155 0.714110 -0.001155 -0.044025 0.623750 -0.104114 -0.134906 -0.145708 -0.134906 -0.104114 0.000000 
5.000000e-01 5.000000e-01 5.220429e-01 5.000000e-01 5.000000e-01 1.489664e+00 -0.635766 -0.045745 -0.010365 0.747987 -0.010365 -0.045745 0.635767 -0.105544 -0.137650 -0.149379 -0.137650 -0.105544 0.000000 
5.000000e-01 5.000000e-01 5.097661e-01 5.000000e-01 5.000000e-01 1.495564e+00 -0.647791 -0.047478 -0.020277 0.783301 -0.020277 -0.047478 0.647791 -0.106914 -0.140407 -0.153149 -0.140407 -0.106914 0.000000 
5.000000e-01 5.000000e-01 4.974524e-01 5.000000e-01 5.000000e-01 1.501423e+00 -0.659815 -0.049191 -0.030297 0.818791 -0.030297 -0.049191 0.659816 -0.108210 -0.143177 -0.157040 -0.143177 -0.108210 0.000000 
5.000000e-01 5.000000e-01 4.851021e-01 5.000000e-01 5.000000e-01 1.507239e+00 -0.671842 -0.050897 -0.040682 0.855000 -0.040682 -0.050897 0.671842 -0.109437 -0.145960 -0.161049 -0.145960 -0.109437 0.000000 
5.000000e-01 5.000000e-01 4.727154e-01 5.000000e-01 5.000000e-01 1.513023e+00 -0.683873 -0.052587 -0.051162 0.891371 -0.051162 -0.052587 0.683873 -0.110589 -0.148755 -0.165186 -0.148755 -0.110589 0.000000 
5.000000e-01 5.000000e-01 4.602928e-01 5.000000e-01 5.000000e-01 1.515040e+00 -0.693387 -0.052227 -0.053736 0.905313 -0.053736 -0.052227 0.693388 -0.111202 -0.151028 -0.168928 -0.151028 -0.111202 0.000000 
5.000000e-01 5.000000e-01 4.478344e-01 5.000000e-01 5.000000e-01 1.515040e+00 -0.701565 -0.050763 -0.051996 0.907082 -0.051996 -0.050763 0.701565 -0.111472 -0.153029 -0.172563 -0.153029 -0.111472 0.000000 
5.000000e-01 5.000000e-01 4.353406e-01 5.000000e-01 5.000000e-01 1.515040e+00 -0.709765 -0.049292 -0.050251 0.908853 -0.050251 -0.049292 0.709765 -0.111649 -0.155045 -0.176377 -0.155045 -0.111649 0.000000 
5.000000e-01 5.000000e-01 4.228117e-01 5.000000e-01 5.000000e-01 1.515040e+00 -0.717988 -0.047816 -0.048502 0.910626 -0.048502 -0.047816 0.717988 -0.111728 -0.157073 -0.180385 -0.157073 -0.111728 0.000000 
5.000000e-01 5.000000e-01 4.102480e-01 5.000000e-01 5.000000e-01 1.515040e+00 -0.726234 -0.046335 -0.046749 0.912402 -0.046749 -0.046335 0.726234 -0.111702 -0.159113 -0.184603 -0.159113 -0.111702 0.000000 
5.000000e-01 5.000000e-01 3.976498e-01 5.000000e-01 5.000000e-01 1.515040e+00 -0.734503 -0.044847 -0.044992 0.914181 -0.044992 -0.044847 0.734503 -0.111545 -0.161161 -0.189090 -0.161161 -0.111545 0.000000 
5.000000e-01 5.000000e-01 3.850173e-01 5.000000e-01 5.000000e-01 1.515040e+00 -0.742793 -0.043354 -0.043230 0.915962 -0.043230 -0.043354 0.742793 -0.111263 -0.163213 -0.193842 -0.163213 -0.111263 0.000000 
5.000000e-01 5.000000e-01 3.723509e-01 5.000000e-01 5.000000e-01 1.515040e+00 -0.751106 -0.041856 -0.041464 0.917747 -0.041464 -0.041856 0.751106 -0.110848 -0.165265 -0.198881 -0.165265 -0.110848 0.000000 
5.000000e-01 5.000000e-01 3.596508e-01 5.000000e-01 5.000000e-01 1.515040e+00 -0.759441 -0.040352 -0.039694 0.919534 -0.039694 -0.040352 0.759441 -0.110289 -0.167310 -0.204245 -0.167310 -0.110289 0.000000 
5.000000e-01 5.000000e-01 3.469173e-01 5.000000e-01 5.000000e-01 1.515040e+00 -0.767798 -0.038843 -0.037920 0.921325 -0.037920 -0.038843 0.767798 -0.109554 -0.169338 -0.210015 -0.169338 -0.109554 0.000000 
5.000000e-01 5.000000e-01 3.341507e-01 5.000000e-01 5.000000e-01 1.515040e+00 -0.776176 -0.037330 -0.036141 0.923118 -0.036141 -0.037330 0.776176 -0.108655 -0.171341 -0.216183 -0.171341 -0.108655 0.000000 
5.000000e-01 5.000000e-01 3.213512e-01 5.000000e-01 5.000000e-01 1.515040e+00 -0.784576 -0.035811 -0.034358 0.924915 -0.034358 -0.035811 0.784576 -0.107583 -0.173309 -0.222793 -0.173309 -0.107583 0.000000 
5.000000e-01 5.000000e-01 3.085191e-01 5.000000e-01 5.000000e-01 1.515040e+00 -0.792997 -0.034288 -0.032571 0.926715 -0.032571 -0.034288 0.792997 -0.106307 -0.175221 -0.229941 -0.175221 -0.106307 0.000000 
5.000000e-01 5.000000e-01 2.956547e-01 5.000000e-01 5.000000e-01 1.515040e+00 -0.801439 -0.032760 -0.030780 0.928518 -0.030780 -0.032760 0.801439 -0.104816 -0.177056 -0.237695 -0.177056 -0.104816 0.000000 
5.000000e-01 5.000000e-01 2.827583e-01 5.000000e-01 5.000000e-01 1.515040e+00 -0.809901 -0.031227 -0.028984 0.930325 -0.028984 -0.031227 0.809901 -0.103114 -0.178798 -0.246077 -0.178798 -0.103114 0.000000 
5.000000e-01 5.000000e-01 2.698299e-01 5.000000e-01 5.000000e-01 1.515040e+00 -0.818385 -0.029690 -0.027185 0.932135 -0.027185 -0.029690 0.818385 -0.101188 -0.180419 -0.255171 -0.180419 -0.101188 0.000000 
5.000000e-01 5.000000e-01 2.568700e-01 5.000000e-01 5.000000e-01 1.515040e+00 -0.826889 -0.028149 -0.025381 0.933949 -0.025381 -0.028149 0.826889 -0.098987 -0.181855 -0.265205 -0.181855 -0.098987 0.000000 
5.000000e-01 5.000000e-01 2.438787e-01 5.000000e-01 5.000000e-01 1.515040e+00 -0.835414 -0.026603 -0.023573 0.935766 -0.023573 -0.026603 0.835414 -0.096539 -0.183088 -0.276161 -0.183088 -0.096539 0.000000 
5.000000e-01 5.000000e-01 2.308563e-01 5.000000e-01 5.000000e-01 1.515040e+00 -0.843959 -0.025053 -0.021761 0.937587 -0.021761 -0.025053 0.843959 -0.093831 -0.184070 -0.288155 -0.184070 -0.093831 0.000000 
5.000000e-01 5.000000e-01 2.178028e-01 5.000000e-01 5.000000e-01 1.515040e+00 -0.852525 -0.023498 -0.019945 0.939411 -0.019945 -0.023498 0.852525 -0.090819 -0.184691 -0.301504 -0.184691 -0.090819 0.000000 
5.000000e-01 5.000000e-01 2.047185e-01 5.000000e-01 5.000000e-01 1.515040e+00 -0.861111 -0.021940 -0.018124 0.941240 -0.018124 -0.021940 0.861111 -0.087512 -0.184891 -0.316306 -0.184891 -0.087512 0.000000 
5.000000e-01 5.000000e-01 1.916035e-01 5.000000e-01 5.000000e-01 1.515040e+00 -0.869718 -0.020377 -0.016300 0.943072 -0.016300 -0.020377 0.869718 -0.083916 -0.184597 -0.332693 -0.184597 -0.083916 0.000000 
5.000000e-01 5.000000e-01 1.784579e-01 5.000000e-01 5.000000e-01 1.515040e+00 -0.878346 -0.018810 -0.014470 0.944908 -0.014470 -0.018810 0.878346 -0.079997 -0.183635 -0.351082 -0.183635 -0.079997 0.000000 
5.000000e-01 5.000000e-01 1.652815e-01 5.000000e-01 5.000000e-01 1.515040e+00 -0.886996 -0.017239 -0.012637 0.946748 -0.012637 -0.017239 0.886996 -0.075747 -0.181842 -0.371818 -0.181842 -0.075747 0.000000 
5.000000e-01 5.000000e-01 1.520742e-01 5.000000e-01 5.000000e-01 1.515040e+00 -0.895669 -0.015663 -0.010799 0.948592 -0.010799 -0.015663 0.895669 -0.071193 -0.179121 -0.395042 -0.179121 -0.071193 0.000000 
5.000000e-01 5.000000e-01 1.388357e-01 5.000000e-01 5.000000e-01 1.515040e+00 -0.904366 -0.014082 -0.008955 0.950441 -0.008955 -0.014082 0.904366 -0.066312 -0.175194 -0.421353 -0.175194 -0.066312 0.000000 
5.000000e-01 5.000000e-01 1.255654e-01 5.000000e-01 5.000000e-01 1.515040e+00 -0.913090 -0.012497 -0.007106 0.952296 -0.007106 -0.012497 0.913090 -0.061092 -0.169720 -0.451468 -0.169720 -0.061092 0.000000 
5.000000e-01 5.000000e-01 1.122624e-01 5.000000e-01 5.000000e-01 1.515040e+00 -0.921844 -0.010905 -0.005251 0.954157 -0.005251 -0.010905 0.921844 -0.055573 -0.162587 -0.485523 -0.162587 -0.055573 0.000000 
5.000000e-01 5.000000e-01 9.892546e-02 5.000000e-01 5.000000e-01 1.515040e+00 -0.930631 -0.009308 -0.003389 0.956024 -0.003389 -0.009308 0.930632 -0.049746 -0.153369 -0.524401 -0.153369 -0.049746 0.000000 
5.000000e-01 5.000000e-01 8.555282e-02 5.000000e-01 5.000000e-01 1.515040e+00 -0.939461 -0.007702 -0.001518 0.957900 -0.001518 -0.007702 0.939461 -0.043605 -0.141534 -0.569184 -0.141534 -0.043605 0.000000 
5.000000e-01 5.000000e-01 7.214229e-02 5.000000e-01 5.000000e-01 1.515040e+00 -0.948336 -0.006088 0.000363 0.959786 0.000363 -0.006088 0.948336 -0.037199 -0.127053 -0.619833 -0.127053 -0.037199 0.000000 
5.000000e-01 5.000000e-01 5.869152e-02 5.000000e-01 5.000000e-01 1.515040e+00 -0.957268 -0.004464 0.002256 0.961684 0.002256 -0.004464 0.957268 -0.030528 -0.109438 -0.677337 -0.109438 -0.030528 0.000000 
5.000000e-01 5.000000e-01 4.519852e-02 5.000000e-01 5.000000e-01 1.515040e+00 -0.966265 -0.002828 0.004163 0.963595 0.004163 -0.002828 0.966265 -0.023608 -0.088377 -0.742295 -0.088377 -0.023608 0.000000 
5.000000e-01 5.000000e-01 3.166242e-02 5.000000e-01 5.000000e-01 1.515040e+00 -0.975328 -0.001179 0.006083 0.965520 0.006083 -0.001179 0.975328 -0.016494 -0.064339 -0.813660 -0.064339 -0.016494 0.000000 
5.000000e-01 5.000000e-01 1.808481e-02 5.000000e-01 5.000000e-01 1.515040e+00 -0.984457 0.000481 0.008017 0.967459 0.008017 0.000481 0.984457 -0.009213 -0.037501 -0.891027 -0.037501 -0.009213 0.000000 
5.000000e-01 5.000000e-01 4.999615e-03 5.000000e-01 5.000000e-01 1.515040e+00 -0.993279 0.002086 0.009887 0.969333 0.009887 0.002086 0.993279 -0.002112 -0.009977 -0.969100 -0.009977 -0.002112 0.000000 
5.000000e-01 5.000000e-01 4.999615e-03 5.000000e-01 5.000000e-01 1.515040e+00 -0.993279 0.002086 0.009887 0.969333 0.009887 0.002086 0.993279 -0.002112 -0.009977 -0.969100 -0.009977 -0.002112 0.000000 
5.000000e-01 5.000000e-01 4.999615e-03 5.000000e-01 5.000000e-01 1.515040e+00 -0.993279 0.002086 0.009887 0.969333 0.009887 0.002086 0.993279 -0.002112 -0.009977 -0.969100 -0.009977 -0.002112 0.000000 
5.000000e-01 5.000000e-01 4.999615e-03 5.000000e-01 5.000000e-01 1.515040e+00 -0.993279 0.002086 0.009887 0.969333 0.009887 0.002086 0.993279 -0.002112 -0.009977 -0.969100 -0.009977 -0.002112 0.000000 
5.000000e-01 5.000000e-01 4.999615e-03 5.000000e-01 5.000000e-01 1.515040e+00 -0.993279 0.002086 0.009887 0.969333 0.009887 0.002086 0.993279 -0.002112 -0.009977 -0.969100 -0.009977 -0.002112 0.000000 
5.000000e-01 5.000000e-01 4.999615e-03 5.000000e-01 5.000000e-01 1.515040e+00 -0.993279 0.002086 0.009887 0.969333 0.009887 0.002086 0.993279 -0.002112 -0.009977 -0.969100 -0.009977 -0.002112 0.000000 
5.000000e-01 5.000000e-01 4.999615e-03 5.000000e-01 5.000000e-01 1.515040e+00 -0.993279 0.002086 0.009887 0.969333 0.009887 0.002086 0.993279 -0.002112 -0.009977 -0.969100 -0.009977 -0.002112 0.000000 
5.000000e-01 5.000000e-01 4.999615e-03 5.000000e-01 5.000000e-01 1.515040e+00 -0.993279 0.002086 0.009887 0.969333 0.009887 0.002086 0.993279 -0.002112 -0.009977 -0.969100 -0.009977 -0.002112 0.000000 
5.000000e-01 5.000000e-01 4.999615e-03 5.000000e-01 5.000000e-01 1.515040e+00 -0.993279 0.002086 0.009887 0.969333 0.009887 0.002086 0.993279 -0.002112 -0.009977 -0.969100 -0.009977 -0.002112 0.000000 
5.000000e-01 5.000000e-01 4.999615e-03 5.000000e-01 5.000000e-01 1.515040e+00 -0.993279 0.002086 0.009887 0.969333 0.009887 0.002086 0.993279 -0.002112 -0.009977 -0.969100 -0.009977 -0.002112 0.000000 
5.000000e-01 5.000000e-01 4.999615e-03 5.000000e-01 5.000000e-01 1.515040e+00 -0.993279 0.002086 0.009887 0.969333 0.009887 0.002086 0.993279 -0.002112 -0.009977 -0.969100 -0.009977 -0.002112 0.000000 
5.000000e-01 5.000000e-01 4.999615e-03 5.000000e-01 5.000000e-01 1.515040e+00 -0.993279 0.002086 0.009887 0.969333 0.009887 0.002086 0.993279 -0.002112 -0.009977 -0.969100 -0.009977 -0.002112 0.000000 
5.000000e-01 5.000000e-01 4.999615e-03 5.000000e-01 5.000000e-01 1.515040e+00 -0.993279 0.002086 0.009887 0.969333 0.009887 0.002086 0.993279 -0.002112 -0.009977 -0.969100 -0.009977 -0.002112 0.000000 
5.000000e-01 5.000000e-01 4.999615e-03 5.000000e-01 5.000000e-01 1.515040e+00 -0.993279 0.002086 0.009887 0.969333 0.009887 0.002086 0.993279 -0.002112 -0.009977 -0.969100 -0.009977 -0.002112 0.000000 
5.000000e-01 5.000000e-01 4.999615e-03 5.000000e-01 5.000000e-01 1.515040e+00 -0.993279 0.002086 0.009887 0.969333 0.009887 0.002086 0.993279 -0.002112 -0.009977 -0.969100 -0.009977 -0.002112 0.000000 
5.000000e-01 5.000000e-01 4.999615e-03 5.000000e-01 5.000000e-01 1.515040e+00 -0.993279 0.002086 0.009887 0.969333 0.009887 0.002086 0.993279 -0.002112 -0.009977 -0.969100 -0.009977 -0.002112 0.000000 
5.000000e-01 5.000000e-01 4.999615e-03 5.000000e-01 5.000000e-01 1.515040e+00 -0.993279 0.002086 0.009887 0.969333 0.009887 0.002086 0.993279 -0.002112 -0.009977 -0.969100 -0.009977 -0.002112 0.000000 
5.000000e-01 5.000000e-01 4.999615e-03 5.000000e-01 5.000000e-01 1.515040e+00 -0.993279 0.002086 0.009887 0.969333 0.009887 0.002086 0.993279 -0.002112 -0.009977 -0.969100 -0.009977 -0.002112 0.000000 
5.000000e-01 5.000000e-01 4.999615e-03 5.000000e-01 5.000000e-01 1.515040e+00 -0.993279 0.002086 0.009887 0.969333 0.009887 0.002086 0.993279 -0.002112 -0.009977 -0.969100 -0.009977 -0.002112 0.000000 
5.000000e-01 5.000000e-01 4.999615e-03 5.000000e-01 5.000000e-01 1.515040e+00 -0.993279 0.002086 0.009887 0.969333 0.009887 0.002086 0.993279 -0.002112 -0.009977 -0.969100 -0.009977 -0.002112 0.000000 
5.000000e-01 5.000000e-01 4.999615e-03 5.000000e-01 5.000000e-01 1.515040e+00 -0.993279 0.002086 0.009887 0.969333 0.009887 0.002086 0.993279 -0.002112 -0.009977 -0.969100 -0.009977 -0.002112 0.000000 
5.000000e-01 5.000000e-01 4.999615e-03 5.000000e-01 5.000000e-01 1.515040e+00 -0.993279 0.002086 0.009887 0.969333 0.009887 0.002086 0.993279 -0.002112 -0.009977 -0.969100 -0.009977 -0.002112 0.000000 
5.000000e-01 5.000000e-01 4.999615e-03 5.000000e-01 5.000000e-01 1.515040e+00 -0.993279 0.002086 0.009887 0.969333 0.009887 0.002086 0.993279 -0.002112 -0.009977 -0.969100 -0.009977 -0.002112 0.000000 
5.000000e-01 5.000000e-01 4.999615e-03 5.000000e-01 5.000000e-01 1.515040e+00 -0.993279 0.002086 0.009887 0.969333 0.009887 0.002086 0.993279 -0.002112 -0.009977 -0.969100 -0.009977 -0.002112 0.000000 
5.000000e-01 5.000000e-01 4.999615e-03 5.000000e-01 5.000000e-01 1.515040e+00 -0.993279 0.002086 0.009887 0.969333 0.009887 0.002086 0.993279 -0.002112 -0.009977 -0.969100 -0.009977 -0.002112 0.000000 
5.000000e-01 5.000000e-01 4.999615e-03 5.000000e-01 5.000000e-01 1.515040e+00 -0.993279 0.002086 0.009887 0.969333 0.009887 0.002086 0.993279 -0.002112 -0.009977 -0.969100 -0.009977 -0.002112 0.000000 
5.000000e-01 5.000000e-01 4.999615e-03 5.000000e-01 5.000000e-01 1.515040e+00 -0.993279 0.002086 0.009887 0.969333 0.009887 0.002086 0.993279 -0.002112 -0.009977 -0.969100 -0.009977 -0.002112 0.000000 
5.000000e-01 5.000000e-01 4.999615e-03 5.000000e-01 5.000000e-01 1.515040e+00 -0.993279 0.002086 0.009887 0.969333 0.009887 0.002086 0.993279 -0.002112 -0.009977 -0.969100 -0.009977 -0.002112 0.000000 
5.000000e-01 5.000000e-01 4.999615e-03 5.000000e-01 5.000000e-01 1.515040e+00 -0.993279 0.002086 0.009887 0.969333 0.009887 0.002086 0.993279 -0.002112 -0.009977 -0.969100 -0.009977 -0.002112 0.000000 
5.000000e-01 5.000000e-01 4.999615e-03 5.000000e-01 5.000000e-01 1.515040e+00 -0.993279 0.002086 0.009887 0.969333 0.009887 0.002086 0.993279 -0.002112 -0.009977 -0.969100 -0.009977 -0.002112 0.000000 
5.000000e-01 5.000000e-01 4.999615e-03 5.000000e-01 5.000000e-01 1.515040e+00 -0.993279 0.002086 0.009887 0.969333 0.009887 0.002086 0.993279 -0.002112 -0.009977 -0.969100 -0.009977 -0.002112 0.000000 
5.000000e-01 5.000000e-01 4.999615e-03 5.000000e-01 5.000000e-01 1.515040e+00 -0.993279 0.002086 0.009887 0.969333 0.009887 0.002086 0.993279 -0.002112 -0.009977 -0.969100 -0.009977 -0.002112 0.000000 
5.000000e-01 5.000000e-01 4.999615e-03 5.000000e-01 5.000000e-01 1.515040e+00 -0.993279 0.002086 0.009887 0.969333 0.009887 0.002086 0.993279 -0.002112 -0.009977 -0.969100 -0.009977 -0.002112 0.000000 
5.000000e-01 5.000000e-01 4.999615e-03 5.000000e-01 5.000000e-01 1.515040e+00 -0.993279 0.002086 0.009887 0.969333 0.009887 0.002086 0.993279 -0.002112 -0.009977 -0.969100 -0.009977 -0.002112 0.000000 
5.000000e-01 5.000000e-01 4.999615e-03 5.000000e-01 5.000000e-01 1.515040e+00 -0.993279 0.002086 0.009887 0.969333 0.009887 0.002086 0.993279 -0.002112 -0.009977 -0.969100 -0.009977 -0.002112 0.000000 
5.000000e-01 5.000000e-01 4.999615e-03 5.000000e-01 5.000000e-01 1.515040e+00 -0.993279 0.002086 0.009887 0.969333 0.009887 0.002086 0.993279 -0.002112 -0.009977 -0.969100 -0.009977 -0.002112 0.000000 
5.000000e-01 5.000000e-01 4.999615e-03 5.000000e-01 5.000000e-01 1.515040e+00 -0.993279 0.002086 0.009887 0.969333 0.009887 0.002086 0.993279 -0.002112 -0.009977 -0.969100 -0.009977 -0.002112 0.000000 
5.000000e-01 5.000000e-01 4.999615e-03 5.000000e-01 5.000000e-01 1.515040e+00 -0.993279 0.002086 0.009887 0.969333 0.009887 0.002086 0.993279 -0.002112 -0.009977 -0.969100 -0.009977 -0.002112 0.000000 
5.000000e-01 5.000000e-01 4.999615e-03 5.000000e-01 5.000000e-01 1.515040e+00 -0.993279 0.002086 0.009887 0.969333 0.009887 0.002086 0.993279 -0.002112 -0.009977 -0.969100 -0.009977 -0.002112 0.000000 
5.000000e-01 5.000000e-01 4.999615e-03 5.000000e-01 5.000000e-01 1.515040e+00 -0.993279 0.002086 0.009887 0.969333 0.009887 0.002086 0.993279 -0.002112 -0.009977 -0.969100 -0.009977 -0.002112 0.000000 
5.000000e-01 5.000000e-01 4.999615e-03 5.000000e-01 5.000000e-01 1.515040e+00 -0.993279 0.002086 0.009887 0.969333 0.009887 0.002086 0.993279 -0.002112 -0.009977 -0.969100 -0.009977 -0.002112 0.000000 
5.000000e-01 5.000000e-01 4.999615e-03 5.000000e-01 5.000000e-01 1.515040e+00 -0.993279 0.002086 0.009887 0.969333 0.009887 0.002086 0.993279 -0.002112 -0.009977 -0.969100 -0.009977 -0.002112 0.000000 
5.000000e-01 5.000000e-01 4.999615e-03 5.000000e-01 5.000000e-01 1.515040e+00 -0.993279 0.002086 0.009887 0.969333 0.009887 0.002086 0.993279 -0.002112 -0.009977 -0.969100 -0.009977 -0.002112 0.000000 
5.000000e-01 5.000000e-01 4.999615e-03 5.000000e-01 5.000000e-01 1.515040e+00 -0.993279 0.002086 0.009887 0.969333 0.009887 0.002086 0.993279 -0.002112 -0.009977 -0.969100 -0.009977 -0.002112 0.000000 
5.000000e-01 5.000000e-01 4.999615e-03 5.000000e-01 5.000000e-01 1.515040e+00 -0.993279 0.002086 0.009887 0.969333 0.009887 0.002086 0.993279 -0.002112 -0.009977 -0.969100 -0.009977 -0.002112 0.000000 
5.000000e-01 5.000000e-01 4.999615e-03 5.000000e-01 5.000000e-01 1.515040e+00 -0.993279 0.002086 0.009887 0.969333 0.009887 0.002086 0.993279 -0.002112 -0.009977 -0.969100 -0.009977 -0.002112 0.000000 
5.000000e-01 5.000000e-01 4.999615e-03 5.000000e-01 5.000000e-01 1.515040e+00 -0.993279 0.002086 0.009887 0.969333 0.009887 0.002086 0.993279 -0.002112 -0.009977 -0.969100 -0.009977 -0.002112 0.000000 
5.000000e-01 5.000000e-01 4.999615e-03 5.000000e-01 5.000000e-01 1.515040e+00 -0.993279 0.002086 0.009887 0.969333 0.009887 0.002086 0.993279 -0.002112 -0.009977 -0.969100 -0.009977 -0.002112 0.000000 
5.000000e-01 5.000000e-01 4.999615e-03 5.000000e-01 5.000000e-01 1.515040e+00 -0.993279 0.002086 0.009887 0.969333 0.009887 0.002086 0.993279 -0.002112 -0.009977 -0.969100 -0.009977 -0.002112 0.000000 
5.000000e-01 5.000000e-01 4.999615e-03 5.000000e-01 5.000000e-01 1.515040e+00 -0.993279 0.002086 0.009887 0.969333 0.009887 0.002086 0.993279 -0.002112 -0.009977 -0.969100 -0.009977 -0.002112 0.000000 
5.000000e-01 5.000000e-01 4.999615e-03 5.000000e-01 5.000000e-01 1.515040e+00 -0.993279 0.002086 0.009887 0.969333 0.009887 0.002086 0.993279 -0.002112 -0.009977 -0.969100 -0.009977 -0.002112 0.000000 
5.000000e-01 5.000000e-01 4.999615e-03 5.000000e-01 5.000000e-01 1.515040e+00 -0.993279 0.002086 0.009887 0.969333 0.009887 0.002086 0.993279 -0.002112 -0.009977 -0.969100 -0.009977 -0.002112 0.000000 
5.000000e-01 5.000000e-01 4.999615e-03 5.000000e-01 5.000000e-01 1.515040e+00 -0.993279 0.002086 0.009887 0.969333 0.009887 0.002086 0.993279 -0.002112 -0.009977 -0.969100 -0.009977 -0.002112 0.000000 
5.000000e-01 5.000000e-01 4.999615e-03 5.000000e-01 5.000000e-01 1.515040e+00 -0.993279 0.002086 0.009887 0.969333 0.009887 0.002086 0.993279 -0.002112 -0.009977 -0.969100 -0.009977 -0.002112 0.000000 
5.000000e-01 5.000000e-01 4.999615e-03 5.000000e-01 5.000000e-01 1.515040e+00 -0.993279 0.002086 0.009887 0.969333 0.009887 0.002086 0.993279 -0.002112 -0.009977 -0.969100 -0.009977 -0.002112 0.000000 
5.000000e-01 5.000000e-01 4.999615e-03 5.000000e-01 5.000000e-01 1.515040e+00 -0.993279 0.002086 0.009887 0.969333 0.009887 0.002086 0.993279 -0.002112 -0.009977 -0.969100 -0.009977 -0.002112 0.000000 
5.000000e-01 5.000000e-01 4.999615e-03 5.000000e-01 5.000000e-01 1.515040e+00 -0.993279 0.002086 0.009887 0.969333 0.009887 0.002086 0.993279 -0.002112 -0.009977 -0.969100 -0.009977 -0.002112 0.000000 
5.000000e-01 5.000000e-01 4.999615e-03 5.000000e-01 5.000000e-01 1.515040e+00 -0.993279 0.002086 0.009887 0.969333 0.009887 0.002086 0.993279 -0.002112 -0.009977 -0.969100 -0.009977 -0.002112 0.000000 
5.000000e-01 5.000000e-01 4.999615e-03 5.000000e-01 5.000000e-01 1.515040e+00 -0.993279 0.002086 0.009887 0.969333 0.009887 0.002086 0.993279 -0.002112 -0.009977 -0.969100 -0.009977 -0.002112 0.000000 
5.000000e-01 5.000000e-01 4.999615e-03 5.000000e-01 5.000000e-01 1.515040e+00 -0.993279 0.002086 0.009887 0.969333 0.009887 0.002086 0.993279 -0.002112 -0.009977 -0.969100 -0.009977 -0.002112 0.000000 
5.000000e-01 5.000000e-01 4.999615e-03 5.000000e-01 5.000000e-01 1.515040e+00 -0.993279 0.002086 0.009887 0.969333 0.009887 0.002086 0.993279 -0.002112 -0.009977 -0.969100 -0.009977 -0.002112 0.000000 
5.000000e-01 5.000000e-01 4.999615e-03 5.000000e-01 5.000000e-01 1.515040e+00 -0.993279 0.002086 0.009887 0.969333 0.009887 0.002086 0.993279 -0.002112 -0.009977 -0.969100 -0.009977 -0.002112 0.000000 
5.000000e-01 5.000000e-01 4.999615e-03 5.000000e-01 5.000000e-01 1.515040e+00 -0.993279 0.002086 0.009887 0.969333 0.009887 0.002086 0.993279 -0.002112 -0.009977 -0.969100 -0.009977 -0.002112 0.000000 
5.000000e-01 5.000000e-01 4.999615e-03 5.000000e-01 5.000000e-01 1.515040e+00 -0.993279 0.002086 0.009887 0.969333 0.009887 0.002086 0.993279 -0.002112 -0.009977 -0.969100 -0.009977 -0.002112 0.000000 
5.000000e-01 5.000000e-01 4.999615e-03 5.000000e-01 5.000000e-01 1.515040e+00 -0.993279 0.002086 0.009887 0.969333 0.009887 0.002086 0.993279 -0.002112 -0.009977 -0.969100 -0.009977 -0.002112 0.000000 
5.000000e-01 5.000000e-01 4.999615e-03 5.000000e-01 5.000000e-01 1.515040e+00 -0.993279 0.002086 0.009887 0.969333 0.009887 0.002086 0.993279 -0.002112 -0.009977 -0.969100 -0.009977 -0.002112 0.000000 
5.000000e-01 5.000000e-01 4.999615e-03 5.000000e-01 5.000000e-01 1.515040e+00 -0.993279 0.002086 0.009887 0.969333 0.009887 0.002086 0.993279 -0.002112 -0.009977 -0.969100 -0.009977 -0.002112 0.000000 
5.000000e-01 5.000000e-01 4.999615e-03 5.000000e-01 5.000000e-01 1.515040e+00 -0.993279 0.002086 0.009887 0.969333 0.009887 0.002086 0.993279 -0.002112 -0.009977 -0.969100 -0.009977 -0.002112 0.000000 
5.000000e-01 5.000000e-01 4.999615e-03 5.000000e-01 5.000000e-01 1.515040e+00 -0.993279 0.002086 0.009887 0.969333 0.009887 0.002086 0.993279 -0.002112 -0.009977 -0.969100 -0.009977 -0.002112 0.000000 
5.000000e-01 5.000000e-01 4.999615e-03 5.000000e-01 5.000000e-01 1.515040e+00 -0.993279 0.002086 0.009887 0.969333 0.009887 0.002086 0.993279 -0.002112 -0.009977 -0.969100 -0.009977 -0.002112 0.000000 
5.000000e-01 5.000000e-01 4.999615e-03 5.000000e-01 5.000000e-01 1.515040e+00 -0.993279 0.002086 0.009887 0.969333 0.009887 0.002086 0.993279 -0.002112 -0.009977 -0.969100 -0.009977 -0.002112 0.000000 
5.000000e-01 5.000000e-01 4.999615e-03 5.000000e-01 5.000000e-01 1.515040e+00 -0.993279 0.002086 0.009887 0.969333 0.009887 0.002086 0.993279 -0.002112 -0.009977 -0.969100 -0.009977 -0.002112 0.000000 
5.000000e-01 5.000000e-01 4.999615e-03 5.000000e-01 5.000000e-01 1.515040e+00 -0.993279 0.002086 0.009887 0.969333 0.009887 0.002086 0.993279 -0.002112 -0.009977 -0.969100 -0.009977 -0.002112 0.000000 
5.000000e-01 5.000000e-01 4.999615e-03 5.000000e-01 5.000000e-01 1.515040e+00 -0.993279 0.002086 0.009887 0.969333 0.009887 0.002086 0.993279 -0.002112 -0.009977 -0.969100 -0.009977 -0.002112 0.000000 
5.000000e-01 5.000000e-01 4.999615e-03 5.000000e-01 5.000000e-01 1.515040e+00 -0.993279 0.002086 0.009887 0.969333 0.009887 0.002086 0.993279 -0.002112 -0.009977 -0.969100 -0.009977 -0.002112 0.000000 
5.000000e-01 5.000000e-01 4.999615e-03 5.000000e-01 5.000000e-01 1.515040e+00 -0.993279 0.002086 0.009887 0.969333 0.009887 0.002086 0.993279 -0.002112 -0.009977 -0.969100 -0.009977 -0.002112 0.000000 
5.000000e-01 5.000000e-01 4.999615e-03 5.000000e-01 5.000000e-01 1.515040e+00 -0.993279 0.002086 0.009887 0.969333 0.009887 0.002086 0.993279 -0.002112 -0.009977 -0.969100 -0.009977 -0.002112 0.000000 
5.000000e-01 5.000000e-01 4.999615e-03 5.000000e-01 5.000000e-01 1.515040e+00 -0.993279 0.002086 0.009887 0.969333 0.009887 0.002086 0.993279 -0.002112 -0.009977 -0.969100 -0.009977 -0.002112 0.000000 
5.000000e-01 5.000000e-01 4.999615e-03 5.000000e-01 5.000000e-01 1.515040e+00 -0.993279 0.002086 0.009887 0.969333 0.009887 0.002086 0.993279 -0.002112 -0.009977 -0.969100 -0.009977 -0.002112 0.000000 
5.000000e-01 5.000000e-01 4.999615e-03 5.000000e-01 5.000000e-01 1.515040e+00 -0.993279 0.002086 0.009887 0.969333 0.009887 0.002086 0.993279 -0.002112 -0.009977 -0.969100 -0.009977 -0.002112 0.000000 
5.000000e-01 5.000000e-01 4.999615e-03 5.000000e-01 5.000000e-01 1.515040e+00 -0.993279 0.002086 0.009887 0.969333 0.009887 0.002086 0.993279 -0.002112 -0.009977 -0.969100 -0.009977 -0.002112 0.000000 
5.000000e-01 5.000000e-01 4.999615e-03 5.000000e-01 5.000000e-01 1.515040e+00 -0.993279 0.002086 0.009887 0.969333 0.009887 0.002086 0.993279 -0.002112 -0.009977 -0.969100 -0.009977 -0.002112 0.000000 
5.000000e-01 5.000000e-01 4.999615e-03 5.000000e-01 5.000000e-01 1.515040e+00 -0.993279 0.002086 0.009887 0.969333 0.009887 0.002086 0.993279 -0.002112 -0.009977 -0.969100 -0.009977 -0.002112 0.000000 
5.000000e-01 5.000000e-01 4.999615e-03 5.000000e-01 5.000000e-01 1.515040e+00 -0.993279 0.002086 0.009887 0.969333 0.009887 0.002086 0.993279 -0.002112 -0.009977 -0.969100 -0.009977 -0.002112 0.000000 
5.000000e-01 5.000000e-01 4.999615e-03 5.000000e-01 5.000000e-01 1.515040e+00 -0.993279 0.002086 0.009887 0.969333 0.009887 0.002086 0.993279 -0.002112 -0.009977 -0.969100 -0.009977 -0.002112 0.000000 
5.000000e-01 5.000000e-01 4.999615e-03 5.000000e-01 5.000000e-01 1.515040e+00 -0.993279 0.002086 0.009887 0.969333 0.009887 0.002086 0.993279 -0.002112 -0.009977 -0.969100 -0.009977 -0.002112 0.000000 
5.000000e-01 5.000000e-01 4.999615e-03 5.000000e-01 5.000000e-01 1.515040e+00 -0.993279 0.002086 0.009887 0.969333 0.009887 0.002086 0.993279 -0.002112 -0.009977 -0.969100 -0.009977 -0.002112 0.000000 
5.000000e-01 5.000000e-01 4.999615e-03 5.000000e-01 5.000000e-01 1.515040e+00 -0.993279 0.002086 0.009887 0.969333 0.009887 0.002086 0.993279 -0.002112 -0.009977 -0.969100 -0.009977 -0.002112 0.000000 
5.000000e-01 5.000000e-01 4.999615e-03 5.000000e-01 5.000000e-01 1.515040e+00 -0.993279 0.002086 0.009887 0.969333 0.009887 0.002086 0.993279 -0.002112 -0.009977 -0.969100 -0.009977 -0.002112 0.000000 
5.000000e-01 5.000000e-01 4.999615e-03 5.000000e-01 5.000000e-01 1.515040e+00 -0.993279 0.002086 0.009887 0.969333 0.009887 0.002086 0.993279 -0.002112 -0.009977 -0.969100 -0.009977 -0.002112 0.000000 
5.000000e-01 5.000000e-01 4.999615e-03 5.000000e-01 5.000000e-01 1.515040e+00 -0.993279 0.002086 0.009887 0.969333 0.009887 0.002086 0.993279 -0.002112 -0.009977 -0.969100 -0.009977 -0.002112 0.000000 
5.000000e-01 5.000000e-01 4.999615e-03 5.000000e-01 5.000000e-01 1.515040e+00 -0.993279 0.002086 0.009887 0.969333 0.009887 0.002086 0.993279 -0.002112 -0.009977 -0.969100 -0.009977 -0.002112 0.000000 
5.000000e-01 5.000000e-01 4.999615e-03 5.000000e-01 5.000000e-01 1.515040e+00 -0.993279 0.002086 0.009887 0.969333 0.009887 0.002086 0.993279 -0.002112 -0.009977 -0.969100 -0.009977 -0.002112 0.000000 
5.000000e-01 5.000000e-01 4.999615e-03 5.000000e-01 5.000000e-01 1.515040e+00 -0.993279 0.002086 0.009887 0.969333 0.009887 0.002086 0.993279 -0.002112 -0.009977 -0.969100 -0.009977 -0.002112 0.000000 
5.000000e-01 5.000000e-01 4.999615e-03 5.000000e-01 5.000000e-01 1.515040e+00 -0.993279 0.002086 0.009887 0.969333 0.009887 0.002086 0.993279 -0.002112 -0.009977 -0.969100 -0.009977 -0.002112 0.000000 
5.000000e-01 5.000000e-01 4.999615e-03 5.000000e-01 5.000000e-01 1.515040e+00 -0.993279 0.002086 0.009887 0.969333 0.009887 0.002086 0.993279 -0.002112 -0.009977 -0.969100 -0.009977 -0.002112 0.000000 
5.000000e-01 5.000000e-01 4.999615e-03 5.000000e-01 5.000000e-01 1.515040e+00 -0.993279 0.002086 0.009887 0.969333 0.009887 0.002086 0.993279 -0.002112 -0.009977 -0.969100 -0.009977 -0.002112 0.000000 
5.000000e-01 5.000000e-01 4.999615e-03 5.000000e-01 5.000000e-01 1.515040e+00 -0.993279 0.002086 0.009887 0.969333 0.009887 0.002086 0.993279 -0.002112 -0.009977 -0.969100 -0.009977 -0.002112 0.000000 
5.000000e-01 5.000000e-01 4.999615e-03 5.000000e-01 5.000000e-01 1.515040e+00 -0.993279 0.002086 0.009887 0.969333 0.009887 0.002086 0.993279 -0.002112 -0.009977 -0.969100 -0.009977 -0.002112 0.000000 
5.000000e-01 5.000000e-01 4.999615e-03 5.000000e-01 5.000000e-01 1.515040e+00 -0.993279 0.002086 0.009887 0.969333 0.009887 0.002086 0.993279 -0.002112 -0.009977 -0.969100 -0.009977 -0.002112 0.000000 
5.000000e-01 5.000000e-01 4.999615e-03 5.000000e-01 5.000000e-01 1.515040e+00 -0.993279 0.002086 0.009887 0.969333 0.009887 0.002086 0.993279 -0.002112 -0.009977 -0.969100 -0.009977 -0.002112 0.000000 
5.000000e-01 5.000000e-01 4.999615e-03 5.000000e-01 5.000000e-01 1.515040e+00 -0.993279 0.002086 0.009887 0.969333 0.009887 0.002086 0.993279 -0.002112 -0.009977 -0.969100 -0.009977 -0.002112 0.000000 
5.000000e-01 5.000000e-01 4.999615e-03 5.000000e-01 5.000000e-01 1.515040e+00 -0.993279 0.002086 0.009887 0.969333 0.009887 0.002086 0.993279 -0.002112 -0.009977 -0.969100 -0.009977 -0.002112 0.000000 
5.000000e-01 5.000000e-01 4.999615e-03 5.000000e-01 5.000000e-01 1.515040e+00 -0.993279 0.002086 0.009887 0.969333 0.009887 0.002086 0.993279 -0.002112 -0.009977 -0.969100 -0.009977 -0.002112 0.000000 
5.000000e-01 5.000000e-01 4.999615e-03 5.000000e-01 5.000000e-01 1.515040e+00 -0.993279 0.002086 0.009887 0.969333 0.009887 0.002086 0.993279 -0.002112 -0.009977 -0.969100 -0.009977 -0.002112 0.000000 
5.000000e-01 5.000000e-01 4.999615e-03 5.000000e-01 5.000000e-01 1.515040e+00 -0.993279 0.002086 0.009887 0.969333 0.009887 0.002086 0.993279 -0.002112 -0.009977 -0.969100 -0.009977 -0.002112 0.000000 
5.000000e-01 5.000000e-01 4.999615e-03 5.000000e-01 5.000000e-01 1.515040e+00 -0.993279 0.002086 0.009887 0.969333 0.009887 0.002086 0.993279 -0.002112 -0.009977 -0.969100 -0.009977 -0.002112 0.000000 
5.000000e-01 5.000000e-01 4.999615e-03 5.000000e-01 5.000000e-01 1.515040e+00 -0.993279 0.002086 0.009887 0.969333 0.009887 0.002086 0.993279 -0.002112 -0.009977 -0.969100 -0.009977 -0.002112 0.000000 
5.000000e-01 5.000000e-01 4.999615e-03 5.000000e-01 5.000000e-01 1.515040e+00 -0.993279 0.002086 0.009887 0.969333 0.009887 0.002086 0.993279 -0.002112 -0.009977 -0.969100 -0.009977 -0.002112 0.000000 
5.000000e-01 5.000000e-01 4.999615e-03 5.000000e-01 5.000000e-01 1.515040e+00 -0.993279 0.002086 0.009887 0.969333 0.009887 0.002086 0.993279 -0.002112 -0.009977 -0.969100 -0.009977 -0.002112 0.000000 
5.000000e-01 5.000000e-01 4.999615e-03 5.000000e-01 5.000000e-01 1.515040e+00 -0.993279 0.002086 0.009887 0.969333 0.009887 0.002086 0.993279 -0.002112 -0.009977 -0.969100 -0.009977 -0.002112 0.000000 
5.000000e-01 5.000000e-01 4.999615e-03 5.000000e-01 5.000000e-01 1.515040e+00 -0.993279 0.002086 0.009887 0.969333 0.009887 0.002086 0.993279 -0.002112 -0.009977 -0.969100 -0.009977 -0.002112 0.000000 
5.000000e-01 5.000000e-01 4.999615e-03 5.000000e-01 5.000000e-01 1.515040e+00 -0.993279 0.002086 0.009887 0.969333 0.009887 0.002086 0.993279 -0.002112 -0.009977 -0.969100 -0.009977 -0.002112 0.000000 
5.000000e-01 5.000000e-01 4.999615e-03 5.000000e-01 5.000000e-01 1.515040e+00 -0.993279 0.002086 0.009887 0.969333 0.009887 0.002086 0.993279 -0.002112 -0.009977 -0.969100 -0.009977 -0.002112 0.000000 
5.000000e-01 5.000000e-01 4.999615e-03 5.000000e-01 5.000000e-01 1.515040e+00 -0.993279 0.002086 0.009887 0.969333 0.009887 0.002086 0.993279 -0.002112 -0.009977 -0.969100 -0.009977 -0.002112 0.000000 
5.000000e-01 5.000000e-01 4.999615e-03 5.000000e-01 5.000000e-01 1.515040e+00 -0.993279 0.002086 0.009887 0.969333 0.009887 0.002086 0.993279 -0.002112 -0.009977 -0.969100 -0.009977 -0.002112 0.000000 
5.000000e-01 5.000000e-01 4.999615e-03 5.000000e-01 5.000000e-01 1.515040e+00 -0.993279 0.002086 0.009887 0.969333 0.009887 0.002086 0.993279 -0.002112 -0.009977 -0.969100 -0.009977 -0.002112 0.000000 
5.000000e-01 5.000000e-01 4.999615e-03 5.000000e-01 5.000000e-01 1.515040e+00 -0.993279 0.002086 0.009887 0.969333 0.009887 0.002086 0.993279 -0.002112 -0.009977 -0.969100 -0.009977 -0.002112 0.000000 
5.000000e-01 5.000000e-01 4.999615e-03 5.000000e-01 5.000000e-01 1.515040e+00 -0.993279 0.002086 0.009887 0.969333 0.009887 0.002086 0.993279 -0.002112 -0.009977 -0.969100 -0.009977 -0.002112 0.000000 
5.000000e-01 5.000000e-01 4.999615e-03 5.000000e-01 5.000000e-01 1.515040e+00 -0.993279 0.002086 0.009887 0.969333 0.009887 0.002086 0.993279 -0.002112 -0.009977 -0.969100 -0.009977 -0.002112 0.000000 
5.000000e-01 5.000000e-01 4.999615e-03 5.000000e-01 5.000000e-01 1.515040e+00 -0.993279 0.002086 0.009887 0.969333 0.009887 0.002086 0.993279 -0.002112 -0.009977 -0.969100 -0.009977 -0.002112 0.000000 
5.000000e-01 5.000000e-01 4.999615e-03 5.000000e-01 5.000000e-01 1.515040e+00 -0.993279 0.002086 0.009887 0.969333 0.009887 0.002086 0.993279 -0.002112 -0.009977 -0.969100 -0.009977 -0.002112 0.000000 
5.000000e-01 5.000000e-01 4.999615e-03 5.000000e-01 5.000000e-01 1.515040e+00 -0.993279 0.002086 0.009887 0.969333 0.009887 0.002086 0.993279 -0.002112 -0.009977 -0.969100 -0.009977 -0.002112 0.000000 
5.000000e-01 5.000000e-01 4.999615e-03 5.000000e-01 5.000000e-01 1.515040e+00 -0.993279 0.002086 0.009887 0.969333 0.009887 0.002086 0.993279 -0.002112 -0.009977 -0.969100 -0.009977 -0.002112 0.000000 
5.000000e-01 5.000000e-01 4.999615e-03 5.000000e-01 5.000000e-01 1.515040e+00 -0.993279 0.002086 0.009887 0.969333 0.009887 0.002086 0.993279 -0.002112 -0.009977 -0.969100 -0.009977 -0.002112 0.000000 
5.000000e-01 5.000000e-01 4.999615e-03 5.000000e-01 5.000000e-01 1.515040e+00 -0.993279 0.002086 0.009887 0.969333 0.009887 0.002086 0.993279 -0.002112 -0.009977 -0.969100 -0.009977 -0.002112 0.000000 
5.000000e-01 5.000000e-01 4.999615e-03 5.000000e-01 5.000000e-01 1.515040e+00 -0.993279 0.002086 0.009887 0.969333 0.009887 0.002086 0.993279 -0.002112 -0.009977 -0.969100 -0.009977 -0.002112 0.000000 
5.000000e-01 5.000000e-01 4.999615e-03 5.000000e-01 5.000000e-01 1.515040e+00 -0.993279 0.002086 0.009887 0.969333 0.009887 0.002086 0.993279 -0.002112 -0.009977 -0.969100 -0.009977 -0.002112 0.000000 
5.000000e-01 5.000000e-01 4.999615e-03 5.000000e-01 5.000000e-01 1.515040e+00 -0.993279 0.002086 0.009887 0.969333 0.009887 0.002086 0.993279 -0.002112 -0.009977 -0.969100 -0.009977 -0.002112 0.000000 
5.000000e-01 5.000000e-01 4.999615e-03 5.000000e-01 5.000000e-01 1.515040e+00 -0.993279 0.002086 0.009887 0.969333 0.009887 0.002086 0.993279 -0.002112 -0.009977 -0.969100 -0.009977 -0.002112 0.000000 
5.000000e-01 5.000000e-01 4.999615e-03 5.000000e-01 5.000000e-01 1.515040e+00 -0.993279 0.002086 0.009887 0.969333 0.009887 0.002086 0.993279 -0.002112 -0.009977 -0.969100 -0.009977 -0.002112 0.000000 
5.000000e-01 5.000000e-01 4.999615e-03 5.000000e-01 5.000000e-01 1.515040e+00 -0.993279 0.002086 0.009887 0.969333 0.009887 0.002086 0.993279 -0.002112 -0.009977 -0.969100 -0.009977 -0.002112 0.000000 
5.000000e-01 5.000000e-01 4.999615e-03 5.000000e-01 5.000000e-01 1.515040e+00 -0.993279 0.002086 0.009887 0.969333 0.009887 0.002086 0.993279 -0.002112 -0.009977 -0.969100 -0.009977 -0.002112 0.000000 
5.000000e-01 5.000000e-01 4.999615e-03 5.000000e-01 5.000000e-01 1.515040e+00 -0.993279 0.002086 0.009887 0.969333 0.009887 0.002086 0.993279 -0.002112 -0.009977 -0.969100 -0.009977 -0.002112 0.000000 
5.000000e-01 5.000000e-01 4.999615e-03 5.000000e-01 5.000000e-01 1.515040e+00 -0.993279 0.002086 0.009887 0.969333 0.009887 0.002086 0.993279 -0.002112 -0.009977 -0.969100 -0.009977 -0.002112 0.000000 
5.000000e-01 5.000000e-01 4.999615e-03 5.000000e-01 5.000000e-01 1.515040e+00 -0.993279 0.002086 0.009887 0.969333 0.009887 0.002086 0.993279 -0.002112 -0.009977 -0.969100 -0.009977 -0.002112 0.000000 
5.000000e-01 5.000000e-01 4.999615e-03 5.000000e-01 5.000000e-01 1.515040e+00 -0.993279 0.002086 0.009887 0.969333 0.009887 0.002086 0.993279 -0.002112 -0.009977 -0.969100 -0.009977 -0.002112 0.000000 
5.000000e-01 5.000000e-01 4.999615e-03 5.000000e-01 5.000000e-01 1.515040e+00 -0.993279 0.002086 0.009887 0.969333 0.009887 0.002086 0.993279 -0.002112 -0.009977 -0.969100 -0.009977 -0.002112 0.000000 
5.000000e-01 5.000000e-01 4.999615e-03 5.000000e-01 5.000000e-01 1.515040e+00 -0.993279 0.002086 0.009887 0.969333 0.009887 0.002086 0.993279 -0.002112 -0.009977 -0.969100 -0.009977 -0.002112 0.000000 
5.000000e-01 5.000000e-01 4.999615e-03 5.000000e-01 5.000000e-01 1.515040e+00 -0.993279 0.002086 0.009887 0.969333 0.009887 0.002086 0.993279 -0.002112 -0.009977 -0.969100 -0.009977 -0.002112 0.000000 
5.000000e-01 5.000000e-01 4.999615e-03 5.000000e-01 5.000000e-01 1.515040e+00 -0.993279 0.002086 0.009887 0.969333 0.009887 0.002086 0.993279 -0.002112 -0.009977 -0.969100 -0.009977 -0.002112 0.000000 
5.000000e-01 5.000000e-01 4.999615e-03 5.000000e-01 5.000000e-01 1.515040e+00 -0.993279 0.002086 0.009887 0.969333 0.009887 0.002086 0.993279 -0.002112 -0.009977 -0.969100 -0.009977 -0.002112 0.000000 
5.000000e-01 5.000000e-01 4.999615e-03 5.000000e-01 5.000000e-01 1.515040e+00 -0.993279 0.002086 0.009887 0.969333 0.009887 0.002086 0.993279 -0.002112 -0.009977 -0.969100 -0.009977 -0.002112 0.000000 
5.000000e-01 5.000000e-01 4.999615e-03 5.000000e-01 5.000000e-01 1.515040e+00 -0.993279 0.002086 0.009887 0.969333 0.009887 0.002086 0.993279 -0.002112 -0.009977 -0.969100 -0.009977 -0.002112 0.000000 
5.000000e-01 5.000000e-01 4.999615e-03 5.000000e-01 5.000000e-01 1.515040e+00 -0.993279 0.002086 0.009887 0.969333 0.009887 0.002086 0.993279 -0.002112 -0.009977 -0.969100 -0.009977 -0.002112 0.000000 
5.000000e-01 5.000000e-01 4.999615e-03 5.000000e-01 5.000000e-01 1.515040e+00 -0.993279 0.002086 0.009887 0.969333 0.009887 0.002086 0.993279 -0.002112 -0.009977 -0.969100 -0.009977 -0.002112 0.000000 
5.000000e-01 5.000000e-01 4.999615e-03 5.000000e-01 5.000000e-01 1.515040e+00 -0.993279 0.002086 0.009887 0.969333 0.009887 0.002086 0.993279 -0.002112 -0.009977 -0.969100 -0.009977 -0.002112 0.000000 
5.000000e-01 5.000000e-01 4.999615e-03 5.000000e-01 5.000000e-01 1.515040e+00 -0.993279 0.002086 0.009887 0.969333 0.009887 0.002086 0.993279 -0.002112 -0.009977 -0.969100 -0.009977 -0.002112 0.000000 
5.000000e-01 5.000000e-01 4.999615e-03 5.000000e-01 5.000000e-01 1.515040e+00 -0.993279 0.002086 0.009887 0.969333 0.009887 0.002086 0.993279 -0.002112 -0.009977 -0.969100 -0.009977 -0.002112 0.000000 
5.000000e-01 5.000000e-01 4.999615e-03 5.000000e-01 5.000000e-01 1.515040e+00 -0.993279 0.002086 0.009887 0.969333 0.009887 0.002086 0.993279 -0.002112 -0.009977 -0.969100 -0.009977 -0.002112 0.000000 
5.000000e-01 5.000000e-01 4.999615e-03 5.000000e-01 5.000000e-01 1.515040e+00 -0.993279 0.002086 0.009887 0.969333 0.009887 0.002086 0.993279 -0.002112 -0.009977 -0.969100 -0.009977 -0.002112 0.000000 
5.000000e-01 5.000000e-01 4.999615e-03 5.000000e-01 5.000000e-01 1.515040e+00 -0.993279 0.002086 0.009887 0.969333 0.009887 0.002086 0.993279 -0.002112 -0.009977 -0.969100 -0.009977 -0.002112 0.000000 
5.000000e-01 5.000000e-01 4.999615e-03 5.000000e-01 5.000000e-01 1.515040e+00 -0.993279 0.002086 0.009887 0.969333 0.009887 0.002086 0.993279 -0.002112 -0.009977 -0.969100 -0.009977 -0.002112 0.000000 
5.000000e-01 5.000000e-01 4.999615e-03 5.000000e-01 5.000000e-01 1.515040e+00 -0.993279 0.002086 0.009887 0.969333 0.009887 0.002086 0.993279 -0.002112 -0.009977 -0.969100 -0.009977 -0.002112 0.000000 
5.000000e-01 5.000000e-01 4.999615e-03 5.000000e-01 5.000000e-01 1.515040e+00 -0.993279 0.002086 0.009887 0.969333 0.009887 0.002086 0.993279 -0.002112 -0.009977 -0.969100 -0.009977 -0.002112 0.000000 
5.000000e-01 5.000000e-01 4.999615e-03 5.000000e-01 5.000000e-01 1.515040e+00 -0.993279 0.002086 0.009887 0.969333 0.009887 0.002086 0.993279 -0.002112 -0.009977 -0.969100 -0.009977 -0.002112 0.000000 
5.000000e-01 5.000000e-01 4.999615e-03 5.000000e-01 5.000000e-01 1.515040e+00 -0.993279 0.002086 0.009887 0.969333 0.009887 0.002086 0.993279 -0.002112 -0.009977 -0.969100 -0.009977 -0.002112 0.000000 
5.000000e-01 5.000000e-01 4.999615e-03 5.000000e-01 5.000000e-01 1.515040e+00 -0.993279 0.002086 0.009887 0.969333 0.009887 0.002086 0.993279 -0.002112 -0.009977 -0.969100 -0.009977 -0.002112 0.000000 
5.000000e-01 5.000000e-01 4.999615e-03 5.000000e-01 5.000000e-01 1.515040e+00 -0.993279 0.002086 0.009887 0.969333 0.009887 0.002086 0.993279 -0.002112 -0.009977 -0.969100 -0.009977 -0.002112 0.000000 
5.000000e-01 5.000000e-01 4.999615e-03 5.000000e-01 5.000000e-01 1.515040e+00 -0.993279 0.002086 0.009887 0.969333 0.009887 0.002086 0.993279 -0.002112 -0.009977 -0.969100 -0.009977 -0.002112 0.000000 
5.000000e-01 5.000000e-01 4.999615e-03 5.000000e-01 5.000000e-01 1.515040e+00 -0.993279 0.002086 0.009887 0.969333 0.009887 0.002086 0.993279 -0.002112 -0.009977 -0.969100 -0.009977 -0.002112 0.000000 
5.000000e-01 5.000000e-01 4.999615e-03 5.000000e-01 5.000000e-01 1.515040e+00 -0.993279 0.002086 0.009887 0.969333 0.009887 0.002086 0.993279 -0.002112 -0.009977 -0.969100 -0.009977 -0.002112 0.000000 
5.000000e-01 5.000000e-01 4.999615e-03 5.000000e-01 5.000000e-01 1.515040e+00 -0.993279 0.002086 0.009887 0.969333 0.009887 0.002086 0.993279 -0.002112 -0.009977 -0.969100 -0.009977 -0.002112 0.000000 
5.000000e-01 5.000000e-01 4.999615e-03 5.000000e-01 5.000000e-01 1.515040e+00 -0.993279 0.002086 0.009887 0.969333 0.009887 0.002086 0.993279 -0.002112 -0.009977 -0.969100 -0.009977 -0.002112 0.000000 
5.000000e-01 5.000000e-01 4.999615e-03 5.000000e-01 5.000000e-01 1.515040e+00 -0.993279 0.002086 0.009887 0.969333 0.009887 0.002086 0.993279 -0.002112 -0.009977 -0.969100 -0.009977 -0.002112 0.000000 
5.000000e-01 5.000000e-01 4.999615e-03 5.000000e-01 5.000000e-01 1.515040e+00 -0.993279 0.002086 0.009887 0.969333 0.009887 0.002086 0.993279 -0.002112 -0.009977 -0.969100 -0.009977 -0.002112 0.000000 
5.000000e-01 5.000000e-01 4.999615e-03 5.000000e-01 5.000000e-01 1.515040e+00 -0.993279 0.002086 0.009887 0.969333 0.009887 0.002086 0.993279 -0.002112 -0.009977 -0.969100 -0.009977 -0.002112 0.000000 
5.000000e-01 5.000000e-01 4.999615e-03 5.000000e-01 5.000000e-01 1.515040e+00 -0.993279 0.002086 0.009887 0.969333 0.009887 0.002086 0.993279 -0.002112 -0.009977 -0.969100 -0.009977 -0.002112 0.000000 
5.000000e-01 5.000000e-01 4.999615e-03 5.000000e-01 5.000000e-01 1.515040e+00 -0.993279 0.002086 0.009887 0.969333 0.009887 0.002086 0.993279 -0.002112 -0.009977 -0.969100 -0.009977 -0.002112 0.000000 
5.000000e-01 5.000000e-01 4.999615e-03 5.000000e-01 5.000000e-01 1.515040e+00 -0.993279 0.002086 0.009887 0.969333 0.009887 0.002086 0.993279 -0.002112 -0.009977 -0.969100 -0.009977 -0.002112 0.000000 
5.000000e-01 5.000000e-01 4.999615e-03 5.000000e-01 5.000000e-01 1.515040e+00 -0.993279 0.002086 0.009887 0.969333 0.009887 0.002086 0.993279 -0.002112 -0.009977 -0.969100 -0.009977 -0.002112 0.000000 
5.000000e-01 5.000000e-01 4.999615e-03 5.000000e-01 5.000000e-01 1.515040e+00 -0.993279 0.002086 0.009887 0.969333 0.009887 0.002086 0.993279 -0.002112 -0.009977 -0.969100 -0.009977 -0.002112 0.000000 
5.000000e-01 5.000000e-01 4.999615e-03 5.000000e-01 5.000000e-01 1.515040e+00 -0.993279 0.002086 0.009887 0.969333 0.009887 0.002086 0.993279 -0.002112 -0.009977 -0.969100 -0.009977 -0.002112 0.000000 
5.000000e-01 5.000000e-01 4.999615e-03 5.000000e-01 5.000000e-01 1.515040e+00 -0.993279 0.002086 0.009887 0.969333 0.009887 0.002086 0.993279 -0.002112 -0.009977 -0.969100 -0.009977 -0.002112 0.000000 
5.000000e-01 5.000000e-01 4.999615e-03 5.000000e-01 5.000000e-01 1.515040e+00 -0.993279 0.002086 0.009887 0.969333 0.009887 0.002086 0.993279 -0.002112 -0.009977 -0.969100 -0.009977 -0.002112 0.000000 
5.000000e-01 5.000000e-01 4.999615e-03 5.000000e-01 5.000000e-01 1.515040e+00 -0.993279 0.002086 0.009887 0.969333 0.009887 0.002086 0.993279 -0.002112 -0.009977 -0.969100 -0.009977 -0.002112 0.000000 
5.000000e-01 5.000000e-01 4.999615e-03 5.000000e-01 5.000000e-01 1.515040e+00 -0.993279 0.002086 0.009887 0.969333 0.009887 0.002086 0.993279 -0.002112 -0.009977 -0.969100 -0.009977 -0.002112 0.000000 
5.000000e-01 5.000000e-01 4.999615e-03 5.000000e-01 5.000000e-01 1.515040e+00 -0.993279 0.002086 0.009887 0.969333 0.009887 0.002086 0.993279 -0.002112 -0.009977 -0.969100 -0.009977 -0.002112 0.000000 
5.000000e-01 5.000000e-01 4.999615e-03 5.000000e-01 5.000000e-01 1.515040e+00 -0.993279 0.002086 0.009887 0.969333 0.009887 0.002086 0.993279 -0.002112 -0.009977 -0.969100 -0.009977 -0.002112 0.000000 
5.000000e-01 5.000000e-01 4.999615e-03 5.000000e-01 5.000000e-01 1.515040e+00 -0.993279 0.002086 0.009887 0.969333 0.009887 0.002086 0.993279 -0.002112 -0.009977 -0.969100 -0.009977 -0.002112 0.000000 
5.000000e-01 5.000000e-01 4.999615e-03 5.000000e-01 5.000000e-01 1.515040e+00 -0.993279 0.002086 0.009887 0.969333 0.009887 0.002086 0.993279 -0.002112 -0.009977 -0.969100 -0.009977 -0.002112 0.000000 
5.000000e-01 5.000000e-01 4.999615e-03 5.000000e-01 5.000000e-01 1.515040e+00 -0.993279 0.002086 0.009887 0.969333 0.009887 0.002086 0.993279 -0.002112 -0.009977 -0.969100 -0.009977 -0.002112 0.000000 
5.000000e-01 5.000000e-01 4.999615e-03 5.000000e-01 5.000000e-01 1.515040e+00 -0.993279 0.002086 0.009887 0.969333 0.009887 0.002086 0.993279 -0.002112 -0.009977 -0.969100 -0.009977 -0.002112 0.000000 
5.000000e-01 5.000000e-01 4.999615e-03 5.000000e-01 5.000000e-01 1.515040e+00 -0.993279 0.002086 0.009887 0.969333 0.009887 0.002086 0.993279 -0.002112 -0.009977 -0.969100 -0.009977 -0.002112 0.000000 
5.000000e-01 5.000000e-01 4.999615e-03 5.000000e-01 5.000000e-01 1.515040e+00 -0.993279 0.002086 0.009887 0.969333 0.009887 0.002086 0.993279 -0.002112 -0.009977 -0.969100 -0.009977 -0.002112 0.000000 
5.000000e-01 5.000000e-01 4.999615e-03 5.000000e-01 5.000000e-01 1.515040e+00 -0.993279 0.002086 0.009887 0.969333 0.009887 0.002086 0.993279 -0.002112 -0.009977 -0.969100 -0.009977 -0.002112 0.000000 
5.000000e-01 5.000000e-01 4.999615e-03 5.000000e-01 5.000000e-01 1.515040e+00 -0.993279 0.002086 0.009887 0.969333 0.009887 0.002086 0.993279 -0.002112 -0.009977 -0.969100 -0.009977 -0.002112 0.000000 
5.000000e-01 5.000000e-01 4.999615e-03 5.000000e-01 5.000000e-01 1.515040e+00 -0.993279 0.002086 0.009887 0.969333 0.009887 0.002086 0.993279 -0.002112 -0.009977 -0.969100 -0.009977 -0.002112 0.000000 
5.000000e-01 5.000000e-01 4.999615e-03 5.000000e-01 5.000000e-01 1.515040e+00 -0.993279 0.002086 0.009887 0.969333 0.009887 0.002086 0.993279 -0.002112 -0.009977 -0.969100 -0.009977 -0.002112 0.000000 
5.000000e-01 5.000000e-01 4.999615e-03 5.000000e-01 5.000000e-01 1.515040e+00 -0.993279 0.002086 0.009887 0.969333 0.009887 0.002086 0.993279 -0.002112 -0.009977 -0.969100 -0.009977 -0.002112 0.000000 
5.000000e-01 5.000000e-01 4.999615e-03 5.000000e-01 5.000000e-01 1.515040e+00 -0.993279 0.002086 0.009887 0.969333 0.009887 0.002086 0.993279 -0.002112 -0.009977 -0.969100 -0.009977 -0.002112 0.000000 
5.000000e-01 5.000000e-01 4.999615e-03 5.000000e-01 5.000000e-01 1.515040e+00 -0.993279 0.002086 0.009887 0.969333 0.009887 0.002086 0.993279 -0.002112 -0.009977 -0.969100 -0.009977 -0.002112 0.000000 
5.000000e-01 5.000000e-01 4.999615e-03 5.000000e-01 5.000000e-01 1.515040e+00 -0.993279 0.002086 0.009887 0.969333 0.009887 0.002086 0.993279 -0.002112 -0.009977 -0.969100 -0.009977 -0.002112 0.000000 
5.000000e-01 5.000000e-01 4.999615e-03 5.000000e-01 5.000000e-01 1.515040e+00 -0.993279 0.002086 0.009887 0.969333 0.009887 0.002086 0.993279 -0.002112 -0.009977 -0.969100 -0.009977 -0.002112 0.000000 
5.000000e-01 5.000000e-01 4.999615e-03 5.000000e-01 5.000000e-01 1.515040e+00 -0.993279 0.002086 0.009887 0.969333 0.009887 0.002086 0.993279 -0.002112 -0.009977 -0.969100 -0.009977 -0.002112 0.000000 
5.000000e-01 5.000000e-01 4.999615e-03 5.000000e-01 5.000000e-01 1.515040e+00 -0.993279 0.002086 0.009887 0.969333 0.009887 0.002086 0.993279 -0.002112 -0.009977 -0.969100 -0.009977 -0.002112 0.000000 
5.000000e-01 5.000000e-01 4.999615e-03 5.000000e-01 5.000000e-01 1.515040e+00 -0.993279 0.002086 0.009887 0.969333 0.009887 0.002086 0.993279 -0.002112 -0.009977 -0.969100 -0.009977 -0.002112 0.000000 
5.000000e-01 5.000000e-01 4.999615e-03 5.000000e-01 5.000000e-01 1.515040e+00 -0.993279 0.002086 0.009887 0.969333 0.009887 0.002086 0.993279 -0.002112 -0.009977 -0.969100 -0.009977 -0.002112 0.000000 
5.000000e-01 5.000000e-01 4.999615e-03 5.000000e-01 5.000000e-01 1.515040e+00 -0.993279 0.002086 0.009887 0.969333 0.009887 0.002086 0.993279 -0.002112 -0.009977 -0.969100 -0.009977 -0.002112 0.000000 
5.000000e-01 5.000000e-01 4.999615e-03 5.000000e-01 5.000000e-01 1.515040e+00 -0.993279 0.002086 0.009887 0.969333 0.009887 0.002086 0.993279 -0.002112 -0.009977 -0.969100 -0.009977 -0.002112 0.000000 
5.000000e-01 5.000000e-01 4.999615e-03 5.000000e-01 5.000000e-01 1.515040e+00 -0.993279 0.002086 0.009887 0.969333 0.009887 0.002086 0.993279 -0.002112 -0.009977 -0.969100 -0.009977 -0.002112 0.000000 
5.000000e-01 5.000000e-01 4.999615e-03 5.000000e-01 5.000000e-01 1.515040e+00 -0.993279 0.002086 0.009887 0.969333 0.009887 0.002086 0.993279 -0.002112 -0.009977 -0.969100 -0.009977 -0.002112 0.000000 
5.000000e-01 5.000000e-01 4.999615e-03 5.000000e-01 5.000000e-01 1.515040e+00 -0.993279 0.002086 0.009887 0.969333 0.009887 0.002086 0.993279 -0.002112 -0.009977 -0.969100 -0.009977 -0.002112 0.000000 
5.000000e-01 5.000000e-01 4.999615e-03 5.000000e-01 5.000000e-01 1.515040e+00 -0.993279 0.002086 0.009887 0.969333 0.009887 0.002086 0.993279 -0.002112 -0.009977 -0.969100 -0.009977 -0.002112 0.000000 
5.000000e-01 5.000000e-01 4.999615e-03 5.000000e-01 5.000000e-01 1.515040e+00 -0.993279 0.002086 0.009887 0.969333 0.009887 0.002086 0.993279 -0.002112 -0.009977 -0.969100 -0.009977 -0.002112 0.000000 
5.000000e-01 5.000000e-01 4.999615e-03 5.000000e-01 5.000000e-01 1.515040e+00 -0.993279 0.002086 0.009887 0.969333 0.009887 0.002086 0.993279 -0.002112 -0.009977 -0.969100 -0.009977 -0.002112 0.000000 
5.000000e-01 5.000000e-01 4.999615e-03 5.000000e-01 5.000000e-01 1.515040e+00 -0.993279 0.002086 0.009887 0.969333 0.009887 0.002086 0.993279 -0.002112 -0.009977 -0.969100 -0.009977 -0.002112 0.000000 
