# TeX TeY TeZ ThX ThY THZ P1 P2
5.000000e-01 5.000000e-01 1.090000e+00 5.000000e-01 5.000000e-01 1.090000e+00 0.000000 0.000000 0.000000 0.000000 0.000000 0.000000 0.000000 0.000000 0.000000 0.000000 0.000000 0.000000 0.000000 
5.000000e-01 5.000000e-01 1.080105e+00 5.000000e-01 5.000000e-01 1.097682e+00 -0.011536 0.000127 0.002845 0.005591 0.002845 0.000127 0.011536 -0.002070 -0.002454 -0.002488 -0.002454 -0.002070 0.000000 
5.000000e-01 5.000000e-01 1.070152e+00 5.000000e-01 5.000000e-01 1.105342e+00 -0.023096 0.000280 0.005692 0.011151 0.005692 0.000280 0.023096 -0.004144 -0.004912 -0.004983 -0.004912 -0.004144 0.000000 
5.000000e-01 5.000000e-01 1.060142e+00 5.000000e-01 5.000000e-01 1.112980e+00 -0.034680 0.000455 0.008541 0.016689 0.008541 0.000455 0.034680 -0.006222 -0.007376 -0.007483 -0.007376 -0.006222 0.000000 
5.000000e-01 5.000000e-01 1.050075e+00 5.000000e-01 5.000000e-01 1.120596e+00 -0.046286 0.000649 0.011388 0.022211 0.011388 0.000649 0.046286 -0.008303 -0.009845 -0.009990 -0.009845 -0.008303 0.000000 
5.000000e-01 5.000000e-01 1.039952e+00 5.000000e-01 5.000000e-01 1.128189e+00 -0.057914 0.000844 0.014234 0.027756 0.014234 0.000844 0.057914 -0.010386 -0.012319 -0.012503 -0.012319 -0.010386 0.000000 
5.000000e-01 5.000000e-01 1.029773e+00 5.000000e-01 5.000000e-01 1.135759e+00 -0.069564 0.001047 0.017076 0.033317 0.017076 0.001047 0.069564 -0.012473 -0.014798 -0.015021 -0.014798 -0.012473 0.000000 
5.000000e-01 5.000000e-01 1.019539e+00 5.000000e-01 5.000000e-01 1.143307e+00 -0.081235 0.001258 0.019913 0.038892 0.019913 0.001258 0.081235 -0.014562 -0.017282 -0.017547 -0.017282 -0.014562 0.000000 
5.000000e-01 5.000000e-01 1.009249e+00 5.000000e-01 5.000000e-01 1.150831e+00 -0.092927 0.001475 0.022745 0.044488 0.022745 0.001475 0.092927 -0.016653 -0.019771 -0.020079 -0.019771 -0.016653 0.000000 
5.000000e-01 5.000000e-01 9.989056e-01 5.000000e-01 5.000000e-01 1.158332e+00 -0.104639 0.001678 0.025567 0.050149 0.025567 0.001678 0.104639 -0.018746 -0.022265 -0.022617 -0.022265 -0.018746 0.000000 
5.000000e-01 5.000000e-01 9.885081e-01 5.000000e-01 5.000000e-01 1.165809e+00 -0.116371 0.001872 0.028378 0.055870 0.028378 0.001872 0.116371 -0.020841 -0.024763 -0.025162 -0.024763 -0.020841 0.000000 
5.000000e-01 5.000000e-01 9.780571e-01 5.000000e-01 5.000000e-01 1.173262e+00 -0.128122 0.002062 0.031178 0.061642 0.031178 0.002062 0.128122 -0.022937 -0.027267 -0.027715 -0.027267 -0.022937 0.000000 
5.000000e-01 5.000000e-01 9.675532e-01 5.000000e-01 5.000000e-01 1.180690e+00 -0.139892 0.002244 0.033966 0.067471 0.033966 0.002244 0.139892 -0.025034 -0.029775 -0.030274 -0.029775 -0.025034 0.000000 
5.000000e-01 5.000000e-01 9.569968e-01 5.000000e-01 5.000000e-01 1.188094e+00 -0.151680 0.002397 0.036735 0.073417 0.036735 0.002397 0.151680 -0.027132 -0.032287 -0.032841 -0.032287 -0.027132 0.000000 
5.000000e-01 5.000000e-01 9.463884e-01 5.000000e-01 5.000000e-01 1.195472e+00 -0.163486 0.002527 0.039484 0.079462 0.039484 0.002527 0.163486 -0.029230 -0.034805 -0.035416 -0.034805 -0.029230 0.000000 
5.000000e-01 5.000000e-01 9.357284e-01 5.000000e-01 5.000000e-01 1.202825e+00 -0.175309 0.002642 0.042214 0.085595 0.042214 0.002642 0.175309 -0.031329 -0.037326 -0.037999 -0.037326 -0.031329 0.000000 
5.000000e-01 5.000000e-01 9.250174e-01 5.000000e-01 5.000000e-01 1.210153e+00 -0.187148 0.002739 0.044924 0.091823 0.044924 0.002739 0.187148 -0.033426 -0.039853 -0.040589 -0.039853 -0.033426 0.000000 
5.000000e-01 5.000000e-01 9.142557e-01 5.000000e-01 5.000000e-01 1.217455e+00 -0.199004 0.002784 0.047597 0.098242 0.047597 0.002784 0.199004 -0.035524 -0.042384 -0.043189 -0.042384 -0.035524 0.000000 
5.000000e-01 5.000000e-01 9.034438e-01 5.000000e-01 5.000000e-01 1.224730e+00 -0.210876 0.002803 0.050240 0.104789 0.050240 0.002803 0.210876 -0.037620 -0.044920 -0.045797 -0.044920 -0.037620 0.000000 
5.000000e-01 5.000000e-01 8.925821e-01 5.000000e-01 5.000000e-01 1.231979e+00 -0.222762 0.002796 0.052853 0.111464 0.052853 0.002796 0.222762 -0.039714 -0.047460 -0.048414 -0.047460 -0.039714 0.000000 
5.000000e-01 5.000000e-01 8.816712e-01 5.000000e-01 5.000000e-01 1.239201e+00 -0.234664 0.002751 0.055427 0.118307 0.055427 0.002751 0.234664 -0.041807 -0.050005 -0.051041 -0.050005 -0.041807 0.000000 
5.000000e-01 5.000000e-01 8.707113e-01 5.000000e-01 5.000000e-01 1.246395e+00 -0.246579 0.002649 0.057945 0.125392 0.057945 0.002649 0.246579 -0.043896 -0.052554 -0.053678 -0.052554 -0.043896 0.000000 
5.000000e-01 5.000000e-01 8.597030e-01 5.000000e-01 5.000000e-01 1.253563e+00 -0.258508 0.002515 0.060419 0.132642 0.060419 0.002515 0.258508 -0.045983 -0.055108 -0.056326 -0.055108 -0.045983 0.000000 
5.000000e-01 5.000000e-01 8.486467e-01 5.000000e-01 5.000000e-01 1.260702e+00 -0.270451 0.002349 0.062846 0.140062 0.062846 0.002349 0.270451 -0.048065 -0.057667 -0.058986 -0.057667 -0.048065 0.000000 
5.000000e-01 5.000000e-01 8.375429e-01 5.000000e-01 5.000000e-01 1.267812e+00 -0.282406 0.002116 0.065194 0.147786 0.065194 0.002116 0.282406 -0.050143 -0.060230 -0.061658 -0.060230 -0.050143 0.000000 
5.000000e-01 5.000000e-01 8.263918e-01 5.000000e-01 5.000000e-01 1.274895e+00 -0.294373 0.001835 0.067471 0.155761 0.067471 0.001835 0.294373 -0.052217 -0.062799 -0.064342 -0.062799 -0.052217 0.000000 
5.000000e-01 5.000000e-01 8.151940e-01 5.000000e-01 5.000000e-01 1.281948e+00 -0.306352 0.001516 0.069684 0.163952 0.069684 0.001516 0.306352 -0.054284 -0.065372 -0.067040 -0.065372 -0.054284 0.000000 
5.000000e-01 5.000000e-01 8.039499e-01 5.000000e-01 5.000000e-01 1.288971e+00 -0.318342 0.001144 0.071809 0.172436 0.071809 0.001144 0.318342 -0.056345 -0.067950 -0.069751 -0.067950 -0.056345 0.000000 
5.000000e-01 5.000000e-01 7.926599e-01 5.000000e-01 5.000000e-01 1.295965e+00 -0.330343 0.000699 0.073815 0.181315 0.073815 0.000699 0.330343 -0.058399 -0.070533 -0.072478 -0.070533 -0.058399 0.000000 
5.000000e-01 5.000000e-01 7.813243e-01 5.000000e-01 5.000000e-01 1.302929e+00 -0.342354 0.000214 0.075732 0.190462 0.075732 0.000214 0.342354 -0.060445 -0.073121 -0.075220 -0.073121 -0.060445 0.000000 
5.000000e-01 5.000000e-01 7.699437e-01 5.000000e-01 5.000000e-01 1.309863e+00 -0.354374 -0.000313 0.077554 0.199892 0.077554 -0.000313 0.354375 -0.062482 -0.075715 -0.077980 -0.075715 -0.062482 0.000000 
5.000000e-01 5.000000e-01 7.585183e-01 5.000000e-01 5.000000e-01 1.316765e+00 -0.366404 -0.000930 0.079190 0.209885 0.079190 -0.000930 0.366404 -0.064509 -0.078314 -0.080759 -0.078314 -0.064509 0.000000 
5.000000e-01 5.000000e-01 7.470486e-01 5.000000e-01 5.000000e-01 1.323637e+00 -0.378443 -0.001588 0.080705 0.220211 0.080705 -0.001588 0.378443 -0.066524 -0.080919 -0.083558 -0.080919 -0.066524 0.000000 
5.000000e-01 5.000000e-01 7.355349e-01 5.000000e-01 5.000000e-01 1.330476e+00 -0.390490 -0.002287 0.082100 0.230865 0.082100 -0.002287 0.390490 -0.068527 -0.083529 -0.086378 -0.083529 -0.068527 0.000000 
5.000000e-01 5.000000e-01 7.239778e-01 5.000000e-01 5.000000e-01 1.337284e+00 -0.402545 -0.003074 0.083256 0.242182 0.083256 -0.003074 0.402545 -0.070516 -0.086146 -0.089221 -0.086146 -0.070516 0.000000 
5.000000e-01 5.000000e-01 7.123774e-01 5.000000e-01 5.000000e-01 1.344059e+00 -0.414607 -0.003910 0.084235 0.253956 0.084235 -0.003910 0.414607 -0.072492 -0.088768 -0.092087 -0.088768 -0.072492 0.000000 
5.000000e-01 5.000000e-01 7.007343e-01 5.000000e-01 5.000000e-01 1.350801e+00 -0.426676 -0.004784 0.085059 0.266127 0.085059 -0.004784 0.426676 -0.074451 -0.091397 -0.094980 -0.091397 -0.074451 0.000000 
5.000000e-01 5.000000e-01 6.890487e-01 5.000000e-01 5.000000e-01 1.357510e+00 -0.438752 -0.005740 0.085581 0.279072 0.085581 -0.005740 0.438752 -0.076392 -0.094033 -0.097902 -0.094033 -0.076392 0.000000 
5.000000e-01 5.000000e-01 6.773211e-01 5.000000e-01 5.000000e-01 1.364186e+00 -0.450834 -0.006748 0.085858 0.292614 0.085858 -0.006748 0.450834 -0.078313 -0.096676 -0.100856 -0.096676 -0.078313 0.000000 
5.000000e-01 5.000000e-01 6.655519e-01 5.000000e-01 5.000000e-01 1.370827e+00 -0.462922 -0.007791 0.085938 0.306628 0.085938 -0.007791 0.462922 -0.080213 -0.099326 -0.103843 -0.099326 -0.080213 0.000000 
5.000000e-01 5.000000e-01 6.537413e-01 5.000000e-01 5.000000e-01 1.377434e+00 -0.475015 -0.008913 0.085623 0.321596 0.085623 -0.008913 0.475015 -0.082090 -0.101984 -0.106865 -0.101984 -0.082090 0.000000 
5.000000e-01 5.000000e-01 6.418898e-01 5.000000e-01 5.000000e-01 1.384006e+00 -0.487114 -0.010083 0.084998 0.337283 0.084998 -0.010083 0.487114 -0.083943 -0.104650 -0.109926 -0.104650 -0.083943 0.000000 
5.000000e-01 5.000000e-01 6.299976e-01 5.000000e-01 5.000000e-01 1.390543e+00 -0.499217 -0.011283 0.084132 0.353519 0.084132 -0.011283 0.499218 -0.085770 -0.107325 -0.113028 -0.107325 -0.085770 0.000000 
5.000000e-01 5.000000e-01 6.180653e-01 5.000000e-01 5.000000e-01 1.397045e+00 -0.511326 -0.012562 0.082730 0.370991 0.082730 -0.012562 0.511326 -0.087564 -0.110009 -0.116181 -0.110009 -0.087564 0.000000 
5.000000e-01 5.000000e-01 6.060930e-01 5.000000e-01 5.000000e-01 1.403511e+00 -0.523440 -0.013876 0.080976 0.389241 0.080976 -0.013876 0.523440 -0.089326 -0.112702 -0.119384 -0.112702 -0.089326 0.000000 
5.000000e-01 5.000000e-01 5.940812e-01 5.000000e-01 5.000000e-01 1.409941e+00 -0.535557 -0.015216 0.078933 0.408123 0.078933 -0.015216 0.535557 -0.091054 -0.115405 -0.122640 -0.115405 -0.091054 0.000000 
5.000000e-01 5.000000e-01 5.820302e-01 5.000000e-01 5.000000e-01 1.416334e+00 -0.547680 -0.016636 0.076155 0.428643 0.076155 -0.016636 0.547680 -0.092745 -0.118118 -0.125954 -0.118118 -0.092745 0.000000 
5.000000e-01 5.000000e-01 5.699403e-01 5.000000e-01 5.000000e-01 1.422691e+00 -0.559807 -0.018075 0.073037 0.449883 0.073037 -0.018075 0.559807 -0.094396 -0.120842 -0.129331 -0.120842 -0.094396 0.000000 
5.000000e-01 5.000000e-01 5.578119e-01 5.000000e-01 5.000000e-01 1.429010e+00 -0.571939 -0.019545 0.069459 0.472111 0.069459 -0.019545 0.571939 -0.095998 -0.123578 -0.132787 -0.123578 -0.095998 0.000000 
5.000000e-01 5.000000e-01 5.456452e-01 5.000000e-01 5.000000e-01 1.435293e+00 -0.584077 -0.021071 0.065128 0.495964 0.065128 -0.021071 0.584077 -0.097553 -0.126326 -0.136319 -0.126326 -0.097553 0.000000 
5.000000e-01 5.000000e-01 5.334407e-01 5.000000e-01 5.000000e-01 1.441538e+00 -0.596218 -0.022609 0.060440 0.520556 0.060440 -0.022609 0.596218 -0.099057 -0.129085 -0.139933 -0.129085 -0.099057 0.000000 
5.000000e-01 5.000000e-01 5.211986e-01 5.000000e-01 5.000000e-01 1.447745e+00 -0.608365 -0.024187 0.055035 0.546671 0.055035 -0.024187 0.608366 -0.100507 -0.131858 -0.143637 -0.131858 -0.100507 0.000000 
5.000000e-01 5.000000e-01 5.089193e-01 5.000000e-01 5.000000e-01 1.453915e+00 -0.620519 -0.025792 0.049001 0.574102 0.049001 -0.025792 0.620519 -0.101893 -0.134643 -0.147446 -0.134643 -0.101893 0.000000 
5.000000e-01 5.000000e-01 4.966030e-01 5.000000e-01 5.000000e-01 1.460047e+00 -0.632676 -0.027401 0.042623 0.602232 0.042623 -0.027401 0.632676 -0.103209 -0.137442 -0.151372 -0.137442 -0.103209 0.000000 
5.000000e-01 5.000000e-01 4.842502e-01 5.000000e-01 5.000000e-01 1.466140e+00 -0.644842 -0.029058 0.035222 0.632515 0.035222 -0.029058 0.644843 -0.104457 -0.140255 -0.155418 -0.140255 -0.104457 0.000000 
5.000000e-01 5.000000e-01 4.718611e-01 5.000000e-01 5.000000e-01 1.472196e+00 -0.657012 -0.030712 0.027495 0.663447 0.027495 -0.030712 0.657012 -0.105630 -0.143080 -0.159592 -0.143080 -0.105630 0.000000 
5.000000e-01 5.000000e-01 4.594359e-01 5.000000e-01 5.000000e-01 1.478212e+00 -0.669188 -0.032382 0.019157 0.695638 0.019157 -0.032382 0.669188 -0.106719 -0.145918 -0.163914 -0.145918 -0.106719 0.000000 
5.000000e-01 5.000000e-01 4.469751e-01 5.000000e-01 5.000000e-01 1.484189e+00 -0.681370 -0.034063 0.010199 0.729098 0.010199 -0.034063 0.681370 -0.107710 -0.148769 -0.168412 -0.148769 -0.107710 0.000000 
5.000000e-01 5.000000e-01 4.344789e-01 5.000000e-01 5.000000e-01 1.490127e+00 -0.693552 -0.035735 0.001007 0.763008 0.001007 -0.035735 0.693552 -0.108606 -0.151629 -0.173083 -0.151629 -0.108606 0.000000 
5.000000e-01 5.000000e-01 4.219476e-01 5.000000e-01 5.000000e-01 1.496024e+00 -0.705742 -0.037422 -0.008915 0.798418 -0.008915 -0.037422 0.705742 -0.109401 -0.154498 -0.177944 -0.154498 -0.109401 0.000000 
5.000000e-01 5.000000e-01 4.093815e-01 5.000000e-01 5.000000e-01 1.501880e+00 -0.717930 -0.039091 -0.018946 0.834004 -0.018946 -0.039091 0.717930 -0.110081 -0.157374 -0.183021 -0.157374 -0.110081 0.000000 
5.000000e-01 5.000000e-01 3.967809e-01 5.000000e-01 5.000000e-01 1.507693e+00 -0.730117 -0.040752 -0.029294 0.870208 -0.029294 -0.040752 0.730117 -0.110627 -0.160252 -0.188358 -0.160252 -0.110627 0.000000 
5.000000e-01 5.000000e-01 3.841461e-01 5.000000e-01 5.000000e-01 1.513472e+00 -0.742307 -0.042397 -0.039757 0.906616 -0.039757 -0.042397 0.742307 -0.111046 -0.163130 -0.193954 -0.163130 -0.111046 0.000000 
5.000000e-01 5.000000e-01 3.714773e-01 5.000000e-01 5.000000e-01 1.515010e+00 -0.751660 -0.041736 -0.041279 0.917689 -0.041279 -0.041736 0.751660 -0.110813 -0.165402 -0.199231 -0.165402 -0.110813 0.000000 
5.000000e-01 5.000000e-01 3.587749e-01 5.000000e-01 5.000000e-01 1.515010e+00 -0.759996 -0.040232 -0.039508 0.919477 -0.039508 -0.040232 0.759996 -0.110237 -0.167445 -0.204632 -0.167445 -0.110237 0.000000 
5.000000e-01 5.000000e-01 3.460392e-01 5.000000e-01 5.000000e-01 1.515010e+00 -0.768354 -0.038723 -0.037734 0.921268 -0.037734 -0.038723 0.768354 -0.109493 -0.169472 -0.210425 -0.169472 -0.109493 0.000000 
5.000000e-01 5.000000e-01 3.332703e-01 5.000000e-01 5.000000e-01 1.515010e+00 -0.776734 -0.037209 -0.035955 0.923061 -0.035955 -0.037209 0.776734 -0.108584 -0.171474 -0.216617 -0.171474 -0.108584 0.000000 
5.000000e-01 5.000000e-01 3.204685e-01 5.000000e-01 5.000000e-01 1.515010e+00 -0.785135 -0.035690 -0.034171 0.924858 -0.034171 -0.035690 0.785135 -0.107502 -0.173440 -0.223252 -0.173440 -0.107502 0.000000 
5.000000e-01 5.000000e-01 3.076342e-01 5.000000e-01 5.000000e-01 1.515010e+00 -0.793557 -0.034167 -0.032384 0.926659 -0.032384 -0.034167 0.793557 -0.106204 -0.175345 -0.230459 -0.175345 -0.106204 0.000000 
5.000000e-01 5.000000e-01 2.947676e-01 5.000000e-01 5.000000e-01 1.515010e+00 -0.802001 -0.032638 -0.030593 0.928462 -0.030593 -0.032638 0.802001 -0.104702 -0.177175 -0.238247 -0.177175 -0.104702 0.000000 
5.000000e-01 5.000000e-01 2.818689e-01 5.000000e-01 5.000000e-01 1.515010e+00 -0.810465 -0.031105 -0.028797 0.930269 -0.028797 -0.031105 0.810465 -0.102988 -0.178911 -0.246667 -0.178911 -0.102988 0.000000 
5.000000e-01 5.000000e-01 2.689384e-01 5.000000e-01 5.000000e-01 1.515010e+00 -0.818950 -0.029568 -0.026997 0.932080 -0.026997 -0.029568 0.818950 -0.101036 -0.180516 -0.255845 -0.180516 -0.101036 0.000000 
5.000000e-01 5.000000e-01 2.559763e-01 5.000000e-01 5.000000e-01 1.515010e+00 -0.827455 -0.028026 -0.025193 0.933894 -0.025193 -0.028026 0.827455 -0.098822 -0.181941 -0.265930 -0.181941 -0.098822 0.000000 
5.000000e-01 5.000000e-01 2.429829e-01 5.000000e-01 5.000000e-01 1.515010e+00 -0.835981 -0.026480 -0.023385 0.935711 -0.023385 -0.026480 0.835982 -0.096359 -0.183162 -0.276940 -0.183162 -0.096359 0.000000 
5.000000e-01 5.000000e-01 2.299583e-01 5.000000e-01 5.000000e-01 1.515010e+00 -0.844528 -0.024930 -0.021572 0.937532 -0.021572 -0.024930 0.844528 -0.093636 -0.184128 -0.288999 -0.184128 -0.093636 0.000000 
5.000000e-01 5.000000e-01 2.169027e-01 5.000000e-01 5.000000e-01 1.515010e+00 -0.853095 -0.023375 -0.019756 0.939357 -0.019756 -0.023375 0.853095 -0.090594 -0.184711 -0.302485 -0.184711 -0.090594 0.000000 
5.000000e-01 5.000000e-01 2.038163e-01 5.000000e-01 5.000000e-01 1.515010e+00 -0.861683 -0.021816 -0.017935 0.941185 -0.017935 -0.021816 0.861683 -0.087271 -0.184885 -0.317371 -0.184885 -0.087271 0.000000 
5.000000e-01 5.000000e-01 1.906992e-01 5.000000e-01 5.000000e-01 1.515010e+00 -0.870291 -0.020253 -0.016110 0.943017 -0.016110 -0.020253 0.870291 -0.083658 -0.184562 -0.333851 -0.184562 -0.083658 0.000000 
5.000000e-01 5.000000e-01 1.775514e-01 5.000000e-01 5.000000e-01 1.515010e+00 -0.878921 -0.018686 -0.014281 0.944854 -0.014281 -0.018686 0.878921 -0.079706 -0.183525 -0.352459 -0.183525 -0.079706 0.000000 
5.000000e-01 5.000000e-01 1.643729e-01 5.000000e-01 5.000000e-01 1.515010e+00 -0.887573 -0.017114 -0.012447 0.946694 -0.012447 -0.017114 0.887573 -0.075440 -0.181684 -0.373326 -0.181684 -0.075440 0.000000 
5.000000e-01 5.000000e-01 1.511635e-01 5.000000e-01 5.000000e-01 1.515010e+00 -0.896247 -0.015538 -0.010608 0.948539 -0.010608 -0.015538 0.896247 -0.070868 -0.178907 -0.396696 -0.178907 -0.070868 0.000000 
5.000000e-01 5.000000e-01 1.379228e-01 5.000000e-01 5.000000e-01 1.515010e+00 -0.904946 -0.013957 -0.008764 0.950389 -0.008764 -0.013957 0.904946 -0.065955 -0.174842 -0.423353 -0.174842 -0.065955 0.000000 
5.000000e-01 5.000000e-01 1.246503e-01 5.000000e-01 5.000000e-01 1.515010e+00 -0.913672 -0.012371 -0.006915 0.952244 -0.006915 -0.012371 0.913672 -0.060718 -0.169281 -0.453675 -0.169281 -0.060718 0.000000 
5.000000e-01 5.000000e-01 1.113450e-01 5.000000e-01 5.000000e-01 1.515010e+00 -0.922428 -0.010779 -0.005059 0.954105 -0.005059 -0.010779 0.922428 -0.055182 -0.162050 -0.487962 -0.162050 -0.055182 0.000000 
5.000000e-01 5.000000e-01 9.800566e-02 5.000000e-01 5.000000e-01 1.515010e+00 -0.931218 -0.009181 -0.003196 0.955973 -0.003196 -0.009181 0.931218 -0.049325 -0.152596 -0.527376 -0.152596 -0.049325 0.000000 
5.000000e-01 5.000000e-01 8.463047e-02 5.000000e-01 5.000000e-01 1.515010e+00 -0.940050 -0.007575 -0.001325 0.957849 -0.001325 -0.007575 0.940050 -0.043168 -0.140621 -0.572472 -0.140621 -0.043168 0.000000 
5.000000e-01 5.000000e-01 7.121724e-02 5.000000e-01 5.000000e-01 1.515010e+00 -0.948929 -0.005961 0.000557 0.959736 0.000557 -0.005961 0.948929 -0.036748 -0.125988 -0.623458 -0.125988 -0.036748 0.000000 
5.000000e-01 5.000000e-01 5.776362e-02 5.000000e-01 5.000000e-01 1.515010e+00 -0.957866 -0.004335 0.002451 0.961635 0.002451 -0.004335 0.957866 -0.030052 -0.108043 -0.681675 -0.108043 -0.030052 0.000000 
5.000000e-01 5.000000e-01 4.426765e-02 5.000000e-01 5.000000e-01 1.515010e+00 -0.966867 -0.002698 0.004358 0.963547 0.004358 -0.002698 0.966867 -0.023120 -0.086814 -0.746998 -0.086814 -0.023120 0.000000 
5.000000e-01 5.000000e-01 3.072860e-02 5.000000e-01 5.000000e-01 1.515010e+00 -0.975934 -0.001049 0.006280 0.965473 0.006280 -0.001049 0.975934 -0.015997 -0.062618 -0.818704 -0.062618 -0.015997 0.000000 
5.000000e-01 5.000000e-01 1.714826e-02 5.000000e-01 5.000000e-01 1.515010e+00 -0.985068 0.000612 0.008215 0.967413 0.008215 0.000612 0.985068 -0.008702 -0.035547 -0.896570 -0.035547 -0.008702 0.000000 
5.000000e-01 5.000000e-01 4.999971e-03 5.000000e-01 5.000000e-01 1.515010e+00 -0.993259 0.002102 0.009951 0.969153 0.009951 0.002102 0.993259 -0.002109 -0.009974 -0.969094 -0.009974 -0.002109 0.000000 
5.000000e-01 5.000000e-01 4.999971e-03 5.000000e-01 5.000000e-01 1.515010e+00 -0.993259 0.002102 0.009951 0.969153 0.009951 0.002102 0.993259 -0.002109 -0.009974 -0.969094 -0.009974 -0.002109 0.000000 
5.000000e-01 5.000000e-01 4.999971e-03 5.000000e-01 5.000000e-01 1.515010e+00 -0.993259 0.002102 0.009951 0.969153 0.009951 0.002102 0.993259 -0.002109 -0.009974 -0.969094 -0.009974 -0.002109 0.000000 
5.000000e-01 5.000000e-01 4.999971e-03 5.000000e-01 5.000000e-01 1.515010e+00 -0.993259 0.002102 0.009951 0.969153 0.009951 0.002102 0.993259 -0.002109 -0.009974 -0.969094 -0.009974 -0.002109 0.000000 
5.000000e-01 5.000000e-01 4.999971e-03 5.000000e-01 5.000000e-01 1.515010e+00 -0.993259 0.002102 0.009951 0.969153 0.009951 0.002102 0.993259 -0.002109 -0.009974 -0.969094 -0.009974 -0.002109 0.000000 
5.000000e-01 5.000000e-01 4.999971e-03 5.000000e-01 5.000000e-01 1.515010e+00 -0.993259 0.002102 0.009951 0.969153 0.009951 0.002102 0.993259 -0.002109 -0.009974 -0.969094 -0.009974 -0.002109 0.000000 
5.000000e-01 5.000000e-01 4.999971e-03 5.000000e-01 5.000000e-01 1.515010e+00 -0.993259 0.002102 0.009951 0.969153 0.009951 0.002102 0.993259 -0.002109 -0.009974 -0.969094 -0.009974 -0.002109 0.000000 
5.000000e-01 5.000000e-01 4.999971e-03 5.000000e-01 5.000000e-01 1.515010e+00 -0.993259 0.002102 0.009951 0.969153 0.009951 0.002102 0.993259 -0.002109 -0.009974 -0.969094 -0.009974 -0.002109 0.000000 
5.000000e-01 5.000000e-01 4.999971e-03 5.000000e-01 5.000000e-01 1.515010e+00 -0.993259 0.002102 0.009951 0.969153 0.009951 0.002102 0.993259 -0.002109 -0.009974 -0.969094 -0.009974 -0.002109 0.000000 
5.000000e-01 5.000000e-01 4.999971e-03 5.000000e-01 5.000000e-01 1.515010e+00 -0.993259 0.002102 0.009951 0.969153 0.009951 0.002102 0.993259 -0.002109 -0.009974 -0.969094 -0.009974 -0.002109 0.000000 
5.000000e-01 5.000000e-01 4.999971e-03 5.000000e-01 5.000000e-01 1.515010e+00 -0.993259 0.002102 0.009951 0.969153 0.009951 0.002102 0.993259 -0.002109 -0.009974 -0.969094 -0.009974 -0.002109 0.000000 
5.000000e-01 5.000000e-01 4.999971e-03 5.000000e-01 5.000000e-01 1.515010e+00 -0.993259 0.002102 0.009951 0.969153 0.009951 0.002102 0.993259 -0.002109 -0.009974 -0.969094 -0.009974 -0.002109 0.000000 
5.000000e-01 5.000000e-01 4.999971e-03 5.000000e-01 5.000000e-01 1.515010e+00 -0.993259 0.002102 0.009951 0.969153 0.009951 0.002102 0.993259 -0.002109 -0.009974 -0.969094 -0.009974 -0.002109 0.000000 
5.000000e-01 5.000000e-01 4.999971e-03 5.000000e-01 5.000000e-01 1.515010e+00 -0.993259 0.002102 0.009951 0.969153 0.009951 0.002102 0.993259 -0.002109 -0.009974 -0.969094 -0.009974 -0.002109 0.000000 
5.000000e-01 5.000000e-01 4.999971e-03 5.000000e-01 5.000000e-01 1.515010e+00 -0.993259 0.002102 0.009951 0.969153 0.009951 0.002102 0.993259 -0.002109 -0.009974 -0.969094 -0.009974 -0.002109 0.000000 
5.000000e-01 5.000000e-01 4.999971e-03 5.000000e-01 5.000000e-01 1.515010e+00 -0.993259 0.002102 0.009951 0.969153 0.009951 0.002102 0.993259 -0.002109 -0.009974 -0.969094 -0.009974 -0.002109 0.000000 
5.000000e-01 5.000000e-01 4.999971e-03 5.000000e-01 5.000000e-01 1.515010e+00 -0.993259 0.002102 0.009951 0.969153 0.009951 0.002102 0.993259 -0.002109 -0.009974 -0.969094 -0.009974 -0.002109 0.000000 
5.000000e-01 5.000000e-01 4.999971e-03 5.000000e-01 5.000000e-01 1.515010e+00 -0.993259 0.002102 0.009951 0.969153 0.009951 0.002102 0.993259 -0.002109 -0.009974 -0.969094 -0.009974 -0.002109 0.000000 
5.000000e-01 5.000000e-01 4.999971e-03 5.000000e-01 5.000000e-01 1.515010e+00 -0.993259 0.002102 0.009951 0.969153 0.009951 0.002102 0.993259 -0.002109 -0.009974 -0.969094 -0.009974 -0.002109 0.000000 
5.000000e-01 5.000000e-01 4.999971e-03 5.000000e-01 5.000000e-01 1.515010e+00 -0.993259 0.002102 0.009951 0.969153 0.009951 0.002102 0.993259 -0.002109 -0.009974 -0.969094 -0.009974 -0.002109 0.000000 
5.000000e-01 5.000000e-01 4.999971e-03 5.000000e-01 5.000000e-01 1.515010e+00 -0.993259 0.002102 0.009951 0.969153 0.009951 0.002102 0.993259 -0.002109 -0.009974 -0.969094 -0.009974 -0.002109 0.000000 
5.000000e-01 5.000000e-01 4.999971e-03 5.000000e-01 5.000000e-01 1.515010e+00 -0.993259 0.002102 0.009951 0.969153 0.009951 0.002102 0.993259 -0.002109 -0.009974 -0.969094 -0.009974 -0.002109 0.000000 
5.000000e-01 5.000000e-01 4.999971e-03 5.000000e-01 5.000000e-01 1.515010e+00 -0.993259 0.002102 0.009951 0.969153 0.009951 0.002102 0.993259 -0.002109 -0.009974 -0.969094 -0.009974 -0.002109 0.000000 
5.000000e-01 5.000000e-01 4.999971e-03 5.000000e-01 5.000000e-01 1.515010e+00 -0.993259 0.002102 0.009951 0.969153 0.009951 0.002102 0.993259 -0.002109 -0.009974 -0.969094 -0.009974 -0.002109 0.000000 
5.000000e-01 5.000000e-01 4.999971e-03 5.000000e-01 5.000000e-01 1.515010e+00 -0.993259 0.002102 0.009951 0.969153 0.009951 0.002102 0.993259 -0.002109 -0.009974 -0.969094 -0.009974 -0.002109 0.000000 
5.000000e-01 5.000000e-01 4.999971e-03 5.000000e-01 5.000000e-01 1.515010e+00 -0.993259 0.002102 0.009951 0.969153 0.009951 0.002102 0.993259 -0.002109 -0.009974 -0.969094 -0.009974 -0.002109 0.000000 
5.000000e-01 5.000000e-01 4.999971e-03 5.000000e-01 5.000000e-01 1.515010e+00 -0.993259 0.002102 0.009951 0.969153 0.009951 0.002102 0.993259 -0.002109 -0.009974 -0.969094 -0.009974 -0.002109 0.000000 
5.000000e-01 5.000000e-01 4.999971e-03 5.000000e-01 5.000000e-01 1.515010e+00 -0.993259 0.002102 0.009951 0.969153 0.009951 0.002102 0.993259 -0.002109 -0.009974 -0.969094 -0.009974 -0.002109 0.000000 
5.000000e-01 5.000000e-01 4.999971e-03 5.000000e-01 5.000000e-01 1.515010e+00 -0.993259 0.002102 0.009951 0.969153 0.009951 0.002102 0.993259 -0.002109 -0.009974 -0.969094 -0.009974 -0.002109 0.000000 
5.000000e-01 5.000000e-01 4.999971e-03 5.000000e-01 5.000000e-01 1.515010e+00 -0.993259 0.002102 0.009951 0.969153 0.009951 0.002102 0.993259 -0.002109 -0.009974 -0.969094 -0.009974 -0.002109 0.000000 
5.000000e-01 5.000000e-01 4.999971e-03 5.000000e-01 5.000000e-01 1.515010e+00 -0.993259 0.002102 0.009951 0.969153 0.009951 0.002102 0.993259 -0.002109 -0.009974 -0.969094 -0.009974 -0.002109 0.000000 
5.000000e-01 5.000000e-01 4.999971e-03 5.000000e-01 5.000000e-01 1.515010e+00 -0.993259 0.002102 0.009951 0.969153 0.009951 0.002102 0.993259 -0.002109 -0.009974 -0.969094 -0.009974 -0.002109 0.000000 
5.000000e-01 5.000000e-01 4.999971e-03 5.000000e-01 5.000000e-01 1.515010e+00 -0.993259 0.002102 0.009951 0.969153 0.009951 0.002102 0.993259 -0.002109 -0.009974 -0.969094 -0.009974 -0.002109 0.000000 
5.000000e-01 5.000000e-01 4.999971e-03 5.000000e-01 5.000000e-01 1.515010e+00 -0.993259 0.002102 0.009951 0.969153 0.009951 0.002102 0.993259 -0.002109 -0.009974 -0.969094 -0.009974 -0.002109 0.000000 
5.000000e-01 5.000000e-01 4.999971e-03 5.000000e-01 5.000000e-01 1.515010e+00 -0.993259 0.002102 0.009951 0.969153 0.009951 0.002102 0.993259 -0.002109 -0.009974 -0.969094 -0.009974 -0.002109 0.000000 
5.000000e-01 5.000000e-01 4.999971e-03 5.000000e-01 5.000000e-01 1.515010e+00 -0.993259 0.002102 0.009951 0.969153 0.009951 0.002102 0.993259 -0.002109 -0.009974 -0.969094 -0.009974 -0.002109 0.000000 
5.000000e-01 5.000000e-01 4.999971e-03 5.000000e-01 5.000000e-01 1.515010e+00 -0.993259 0.002102 0.009951 0.969153 0.009951 0.002102 0.993259 -0.002109 -0.009974 -0.969094 -0.009974 -0.002109 0.000000 
5.000000e-01 5.000000e-01 4.999971e-03 5.000000e-01 5.000000e-01 1.515010e+00 -0.993259 0.002102 0.009951 0.969153 0.009951 0.002102 0.993259 -0.002109 -0.009974 -0.969094 -0.009974 -0.002109 0.000000 
5.000000e-01 5.000000e-01 4.999971e-03 5.000000e-01 5.000000e-01 1.515010e+00 -0.993259 0.002102 0.009951 0.969153 0.009951 0.002102 0.993259 -0.002109 -0.009974 -0.969094 -0.009974 -0.002109 0.000000 
5.000000e-01 5.000000e-01 4.999971e-03 5.000000e-01 5.000000e-01 1.515010e+00 -0.993259 0.002102 0.009951 0.969153 0.009951 0.002102 0.993259 -0.002109 -0.009974 -0.969094 -0.009974 -0.002109 0.000000 
5.000000e-01 5.000000e-01 4.999971e-03 5.000000e-01 5.000000e-01 1.515010e+00 -0.993259 0.002102 0.009951 0.969153 0.009951 0.002102 0.993259 -0.002109 -0.009974 -0.969094 -0.009974 -0.002109 0.000000 
5.000000e-01 5.000000e-01 4.999971e-03 5.000000e-01 5.000000e-01 1.515010e+00 -0.993259 0.002102 0.009951 0.969153 0.009951 0.002102 0.993259 -0.002109 -0.009974 -0.969094 -0.009974 -0.002109 0.000000 
5.000000e-01 5.000000e-01 4.999971e-03 5.000000e-01 5.000000e-01 1.515010e+00 -0.993259 0.002102 0.009951 0.969153 0.009951 0.002102 0.993259 -0.002109 -0.009974 -0.969094 -0.009974 -0.002109 0.000000 
5.000000e-01 5.000000e-01 4.999971e-03 5.000000e-01 5.000000e-01 1.515010e+00 -0.993259 0.002102 0.009951 0.969153 0.009951 0.002102 0.993259 -0.002109 -0.009974 -0.969094 -0.009974 -0.002109 0.000000 
5.000000e-01 5.000000e-01 4.999971e-03 5.000000e-01 5.000000e-01 1.515010e+00 -0.993259 0.002102 0.009951 0.969153 0.009951 0.002102 0.993259 -0.002109 -0.009974 -0.969094 -0.009974 -0.002109 0.000000 
5.000000e-01 5.000000e-01 4.999971e-03 5.000000e-01 5.000000e-01 1.515010e+00 -0.993259 0.002102 0.009951 0.969153 0.009951 0.002102 0.993259 -0.002109 -0.009974 -0.969094 -0.009974 -0.002109 0.000000 
5.000000e-01 5.000000e-01 4.999971e-03 5.000000e-01 5.000000e-01 1.515010e+00 -0.993259 0.002102 0.009951 0.969153 0.009951 0.002102 0.993259 -0.002109 -0.009974 -0.969094 -0.009974 -0.002109 0.000000 
5.000000e-01 5.000000e-01 4.999971e-03 5.000000e-01 5.000000e-01 1.515010e+00 -0.993259 0.002102 0.009951 0.969153 0.009951 0.002102 0.993259 -0.002109 -0.009974 -0.969094 -0.009974 -0.002109 0.000000 
5.000000e-01 5.000000e-01 4.999971e-03 5.000000e-01 5.000000e-01 1.515010e+00 -0.993259 0.002102 0.009951 0.969153 0.009951 0.002102 0.993259 -0.002109 -0.009974 -0.969094 -0.009974 -0.002109 0.000000 
5.000000e-01 5.000000e-01 4.999971e-03 5.000000e-01 5.000000e-01 1.515010e+00 -0.993259 0.002102 0.009951 0.969153 0.009951 0.002102 0.993259 -0.002109 -0.009974 -0.969094 -0.009974 -0.002109 0.000000 
5.000000e-01 5.000000e-01 4.999971e-03 5.000000e-01 5.000000e-01 1.515010e+00 -0.993259 0.002102 0.009951 0.969153 0.009951 0.002102 0.993259 -0.002109 -0.009974 -0.969094 -0.009974 -0.002109 0.000000 
5.000000e-01 5.000000e-01 4.999971e-03 5.000000e-01 5.000000e-01 1.515010e+00 -0.993259 0.002102 0.009951 0.969153 0.009951 0.002102 0.993259 -0.002109 -0.009974 -0.969094 -0.009974 -0.002109 0.000000 
5.000000e-01 5.000000e-01 4.999971e-03 5.000000e-01 5.000000e-01 1.515010e+00 -0.993259 0.002102 0.009951 0.969153 0.009951 0.002102 0.993259 -0.002109 -0.009974 -0.969094 -0.009974 -0.002109 0.000000 
5.000000e-01 5.000000e-01 4.999971e-03 5.000000e-01 5.000000e-01 1.515010e+00 -0.993259 0.002102 0.009951 0.969153 0.009951 0.002102 0.993259 -0.002109 -0.009974 -0.969094 -0.009974 -0.002109 0.000000 
5.000000e-01 5.000000e-01 4.999971e-03 5.000000e-01 5.000000e-01 1.515010e+00 -0.993259 0.002102 0.009951 0.969153 0.009951 0.002102 0.993259 -0.002109 -0.009974 -0.969094 -0.009974 -0.002109 0.000000 
5.000000e-01 5.000000e-01 4.999971e-03 5.000000e-01 5.000000e-01 1.515010e+00 -0.993259 0.002102 0.009951 0.969153 0.009951 0.002102 0.993259 -0.002109 -0.009974 -0.969094 -0.009974 -0.002109 0.000000 
5.000000e-01 5.000000e-01 4.999971e-03 5.000000e-01 5.000000e-01 1.515010e+00 -0.993259 0.002102 0.009951 0.969153 0.009951 0.002102 0.993259 -0.002109 -0.009974 -0.969094 -0.009974 -0.002109 0.000000 
5.000000e-01 5.000000e-01 4.999971e-03 5.000000e-01 5.000000e-01 1.515010e+00 -0.993259 0.002102 0.009951 0.969153 0.009951 0.002102 0.993259 -0.002109 -0.009974 -0.969094 -0.009974 -0.002109 0.000000 
5.000000e-01 5.000000e-01 4.999971e-03 5.000000e-01 5.000000e-01 1.515010e+00 -0.993259 0.002102 0.009951 0.969153 0.009951 0.002102 0.993259 -0.002109 -0.009974 -0.969094 -0.009974 -0.002109 0.000000 
5.000000e-01 5.000000e-01 4.999971e-03 5.000000e-01 5.000000e-01 1.515010e+00 -0.993259 0.002102 0.009951 0.969153 0.009951 0.002102 0.993259 -0.002109 -0.009974 -0.969094 -0.009974 -0.002109 0.000000 
5.000000e-01 5.000000e-01 4.999971e-03 5.000000e-01 5.000000e-01 1.515010e+00 -0.993259 0.002102 0.009951 0.969153 0.009951 0.002102 0.993259 -0.002109 -0.009974 -0.969094 -0.009974 -0.002109 0.000000 
5.000000e-01 5.000000e-01 4.999971e-03 5.000000e-01 5.000000e-01 1.515010e+00 -0.993259 0.002102 0.009951 0.969153 0.009951 0.002102 0.993259 -0.002109 -0.009974 -0.969094 -0.009974 -0.002109 0.000000 
5.000000e-01 5.000000e-01 4.999971e-03 5.000000e-01 5.000000e-01 1.515010e+00 -0.993259 0.002102 0.009951 0.969153 0.009951 0.002102 0.993259 -0.002109 -0.009974 -0.969094 -0.009974 -0.002109 0.000000 
5.000000e-01 5.000000e-01 4.999971e-03 5.000000e-01 5.000000e-01 1.515010e+00 -0.993259 0.002102 0.009951 0.969153 0.009951 0.002102 0.993259 -0.002109 -0.009974 -0.969094 -0.009974 -0.002109 0.000000 
5.000000e-01 5.000000e-01 4.999971e-03 5.000000e-01 5.000000e-01 1.515010e+00 -0.993259 0.002102 0.009951 0.969153 0.009951 0.002102 0.993259 -0.002109 -0.009974 -0.969094 -0.009974 -0.002109 0.000000 
5.000000e-01 5.000000e-01 4.999971e-03 5.000000e-01 5.000000e-01 1.515010e+00 -0.993259 0.002102 0.009951 0.969153 0.009951 0.002102 0.993259 -0.002109 -0.009974 -0.969094 -0.009974 -0.002109 0.000000 
5.000000e-01 5.000000e-01 4.999971e-03 5.000000e-01 5.000000e-01 1.515010e+00 -0.993259 0.002102 0.009951 0.969153 0.009951 0.002102 0.993259 -0.002109 -0.009974 -0.969094 -0.009974 -0.002109 0.000000 
5.000000e-01 5.000000e-01 4.999971e-03 5.000000e-01 5.000000e-01 1.515010e+00 -0.993259 0.002102 0.009951 0.969153 0.009951 0.002102 0.993259 -0.002109 -0.009974 -0.969094 -0.009974 -0.002109 0.000000 
5.000000e-01 5.000000e-01 4.999971e-03 5.000000e-01 5.000000e-01 1.515010e+00 -0.993259 0.002102 0.009951 0.969153 0.009951 0.002102 0.993259 -0.002109 -0.009974 -0.969094 -0.009974 -0.002109 0.000000 
5.000000e-01 5.000000e-01 4.999971e-03 5.000000e-01 5.000000e-01 1.515010e+00 -0.993259 0.002102 0.009951 0.969153 0.009951 0.002102 0.993259 -0.002109 -0.009974 -0.969094 -0.009974 -0.002109 0.000000 
5.000000e-01 5.000000e-01 4.999971e-03 5.000000e-01 5.000000e-01 1.515010e+00 -0.993259 0.002102 0.009951 0.969153 0.009951 0.002102 0.993259 -0.002109 -0.009974 -0.969094 -0.009974 -0.002109 0.000000 
5.000000e-01 5.000000e-01 4.999971e-03 5.000000e-01 5.000000e-01 1.515010e+00 -0.993259 0.002102 0.009951 0.969153 0.009951 0.002102 0.993259 -0.002109 -0.009974 -0.969094 -0.009974 -0.002109 0.000000 
5.000000e-01 5.000000e-01 4.999971e-03 5.000000e-01 5.000000e-01 1.515010e+00 -0.993259 0.002102 0.009951 0.969153 0.009951 0.002102 0.993259 -0.002109 -0.009974 -0.969094 -0.009974 -0.002109 0.000000 
5.000000e-01 5.000000e-01 4.999971e-03 5.000000e-01 5.000000e-01 1.515010e+00 -0.993259 0.002102 0.009951 0.969153 0.009951 0.002102 0.993259 -0.002109 -0.009974 -0.969094 -0.009974 -0.002109 0.000000 
5.000000e-01 5.000000e-01 4.999971e-03 5.000000e-01 5.000000e-01 1.515010e+00 -0.993259 0.002102 0.009951 0.969153 0.009951 0.002102 0.993259 -0.002109 -0.009974 -0.969094 -0.009974 -0.002109 0.000000 
5.000000e-01 5.000000e-01 4.999971e-03 5.000000e-01 5.000000e-01 1.515010e+00 -0.993259 0.002102 0.009951 0.969153 0.009951 0.002102 0.993259 -0.002109 -0.009974 -0.969094 -0.009974 -0.002109 0.000000 
5.000000e-01 5.000000e-01 4.999971e-03 5.000000e-01 5.000000e-01 1.515010e+00 -0.993259 0.002102 0.009951 0.969153 0.009951 0.002102 0.993259 -0.002109 -0.009974 -0.969094 -0.009974 -0.002109 0.000000 
5.000000e-01 5.000000e-01 4.999971e-03 5.000000e-01 5.000000e-01 1.515010e+00 -0.993259 0.002102 0.009951 0.969153 0.009951 0.002102 0.993259 -0.002109 -0.009974 -0.969094 -0.009974 -0.002109 0.000000 
5.000000e-01 5.000000e-01 4.999971e-03 5.000000e-01 5.000000e-01 1.515010e+00 -0.993259 0.002102 0.009951 0.969153 0.009951 0.002102 0.993259 -0.002109 -0.009974 -0.969094 -0.009974 -0.002109 0.000000 
5.000000e-01 5.000000e-01 4.999971e-03 5.000000e-01 5.000000e-01 1.515010e+00 -0.993259 0.002102 0.009951 0.969153 0.009951 0.002102 0.993259 -0.002109 -0.009974 -0.969094 -0.009974 -0.002109 0.000000 
5.000000e-01 5.000000e-01 4.999971e-03 5.000000e-01 5.000000e-01 1.515010e+00 -0.993259 0.002102 0.009951 0.969153 0.009951 0.002102 0.993259 -0.002109 -0.009974 -0.969094 -0.009974 -0.002109 0.000000 
5.000000e-01 5.000000e-01 4.999971e-03 5.000000e-01 5.000000e-01 1.515010e+00 -0.993259 0.002102 0.009951 0.969153 0.009951 0.002102 0.993259 -0.002109 -0.009974 -0.969094 -0.009974 -0.002109 0.000000 
5.000000e-01 5.000000e-01 4.999971e-03 5.000000e-01 5.000000e-01 1.515010e+00 -0.993259 0.002102 0.009951 0.969153 0.009951 0.002102 0.993259 -0.002109 -0.009974 -0.969094 -0.009974 -0.002109 0.000000 
5.000000e-01 5.000000e-01 4.999971e-03 5.000000e-01 5.000000e-01 1.515010e+00 -0.993259 0.002102 0.009951 0.969153 0.009951 0.002102 0.993259 -0.002109 -0.009974 -0.969094 -0.009974 -0.002109 0.000000 
5.000000e-01 5.000000e-01 4.999971e-03 5.000000e-01 5.000000e-01 1.515010e+00 -0.993259 0.002102 0.009951 0.969153 0.009951 0.002102 0.993259 -0.002109 -0.009974 -0.969094 -0.009974 -0.002109 0.000000 
5.000000e-01 5.000000e-01 4.999971e-03 5.000000e-01 5.000000e-01 1.515010e+00 -0.993259 0.002102 0.009951 0.969153 0.009951 0.002102 0.993259 -0.002109 -0.009974 -0.969094 -0.009974 -0.002109 0.000000 
5.000000e-01 5.000000e-01 4.999971e-03 5.000000e-01 5.000000e-01 1.515010e+00 -0.993259 0.002102 0.009951 0.969153 0.009951 0.002102 0.993259 -0.002109 -0.009974 -0.969094 -0.009974 -0.002109 0.000000 
5.000000e-01 5.000000e-01 4.999971e-03 5.000000e-01 5.000000e-01 1.515010e+00 -0.993259 0.002102 0.009951 0.969153 0.009951 0.002102 0.993259 -0.002109 -0.009974 -0.969094 -0.009974 -0.002109 0.000000 
5.000000e-01 5.000000e-01 4.999971e-03 5.000000e-01 5.000000e-01 1.515010e+00 -0.993259 0.002102 0.009951 0.969153 0.009951 0.002102 0.993259 -0.002109 -0.009974 -0.969094 -0.009974 -0.002109 0.000000 
5.000000e-01 5.000000e-01 4.999971e-03 5.000000e-01 5.000000e-01 1.515010e+00 -0.993259 0.002102 0.009951 0.969153 0.009951 0.002102 0.993259 -0.002109 -0.009974 -0.969094 -0.009974 -0.002109 0.000000 
5.000000e-01 5.000000e-01 4.999971e-03 5.000000e-01 5.000000e-01 1.515010e+00 -0.993259 0.002102 0.009951 0.969153 0.009951 0.002102 0.993259 -0.002109 -0.009974 -0.969094 -0.009974 -0.002109 0.000000 
5.000000e-01 5.000000e-01 4.999971e-03 5.000000e-01 5.000000e-01 1.515010e+00 -0.993259 0.002102 0.009951 0.969153 0.009951 0.002102 0.993259 -0.002109 -0.009974 -0.969094 -0.009974 -0.002109 0.000000 
5.000000e-01 5.000000e-01 4.999971e-03 5.000000e-01 5.000000e-01 1.515010e+00 -0.993259 0.002102 0.009951 0.969153 0.009951 0.002102 0.993259 -0.002109 -0.009974 -0.969094 -0.009974 -0.002109 0.000000 
5.000000e-01 5.000000e-01 4.999971e-03 5.000000e-01 5.000000e-01 1.515010e+00 -0.993259 0.002102 0.009951 0.969153 0.009951 0.002102 0.993259 -0.002109 -0.009974 -0.969094 -0.009974 -0.002109 0.000000 
5.000000e-01 5.000000e-01 4.999971e-03 5.000000e-01 5.000000e-01 1.515010e+00 -0.993259 0.002102 0.009951 0.969153 0.009951 0.002102 0.993259 -0.002109 -0.009974 -0.969094 -0.009974 -0.002109 0.000000 
5.000000e-01 5.000000e-01 4.999971e-03 5.000000e-01 5.000000e-01 1.515010e+00 -0.993259 0.002102 0.009951 0.969153 0.009951 0.002102 0.993259 -0.002109 -0.009974 -0.969094 -0.009974 -0.002109 0.000000 
5.000000e-01 5.000000e-01 4.999971e-03 5.000000e-01 5.000000e-01 1.515010e+00 -0.993259 0.002102 0.009951 0.969153 0.009951 0.002102 0.993259 -0.002109 -0.009974 -0.969094 -0.009974 -0.002109 0.000000 
5.000000e-01 5.000000e-01 4.999971e-03 5.000000e-01 5.000000e-01 1.515010e+00 -0.993259 0.002102 0.009951 0.969153 0.009951 0.002102 0.993259 -0.002109 -0.009974 -0.969094 -0.009974 -0.002109 0.000000 
5.000000e-01 5.000000e-01 4.999971e-03 5.000000e-01 5.000000e-01 1.515010e+00 -0.993259 0.002102 0.009951 0.969153 0.009951 0.002102 0.993259 -0.002109 -0.009974 -0.969094 -0.009974 -0.002109 0.000000 
5.000000e-01 5.000000e-01 4.999971e-03 5.000000e-01 5.000000e-01 1.515010e+00 -0.993259 0.002102 0.009951 0.969153 0.009951 0.002102 0.993259 -0.002109 -0.009974 -0.969094 -0.009974 -0.002109 0.000000 
5.000000e-01 5.000000e-01 4.999971e-03 5.000000e-01 5.000000e-01 1.515010e+00 -0.993259 0.002102 0.009951 0.969153 0.009951 0.002102 0.993259 -0.002109 -0.009974 -0.969094 -0.009974 -0.002109 0.000000 
5.000000e-01 5.000000e-01 4.999971e-03 5.000000e-01 5.000000e-01 1.515010e+00 -0.993259 0.002102 0.009951 0.969153 0.009951 0.002102 0.993259 -0.002109 -0.009974 -0.969094 -0.009974 -0.002109 0.000000 
5.000000e-01 5.000000e-01 4.999971e-03 5.000000e-01 5.000000e-01 1.515010e+00 -0.993259 0.002102 0.009951 0.969153 0.009951 0.002102 0.993259 -0.002109 -0.009974 -0.969094 -0.009974 -0.002109 0.000000 
5.000000e-01 5.000000e-01 4.999971e-03 5.000000e-01 5.000000e-01 1.515010e+00 -0.993259 0.002102 0.009951 0.969153 0.009951 0.002102 0.993259 -0.002109 -0.009974 -0.969094 -0.009974 -0.002109 0.000000 
5.000000e-01 5.000000e-01 4.999971e-03 5.000000e-01 5.000000e-01 1.515010e+00 -0.993259 0.002102 0.009951 0.969153 0.009951 0.002102 0.993259 -0.002109 -0.009974 -0.969094 -0.009974 -0.002109 0.000000 
5.000000e-01 5.000000e-01 4.999971e-03 5.000000e-01 5.000000e-01 1.515010e+00 -0.993259 0.002102 0.009951 0.969153 0.009951 0.002102 0.993259 -0.002109 -0.009974 -0.969094 -0.009974 -0.002109 0.000000 
5.000000e-01 5.000000e-01 4.999971e-03 5.000000e-01 5.000000e-01 1.515010e+00 -0.993259 0.002102 0.009951 0.969153 0.009951 0.002102 0.993259 -0.002109 -0.009974 -0.969094 -0.009974 -0.002109 0.000000 
5.000000e-01 5.000000e-01 4.999971e-03 5.000000e-01 5.000000e-01 1.515010e+00 -0.993259 0.002102 0.009951 0.969153 0.009951 0.002102 0.993259 -0.002109 -0.009974 -0.969094 -0.009974 -0.002109 0.000000 
5.000000e-01 5.000000e-01 4.999971e-03 5.000000e-01 5.000000e-01 1.515010e+00 -0.993259 0.002102 0.009951 0.969153 0.009951 0.002102 0.993259 -0.002109 -0.009974 -0.969094 -0.009974 -0.002109 0.000000 
5.000000e-01 5.000000e-01 4.999971e-03 5.000000e-01 5.000000e-01 1.515010e+00 -0.993259 0.002102 0.009951 0.969153 0.009951 0.002102 0.993259 -0.002109 -0.009974 -0.969094 -0.009974 -0.002109 0.000000 
5.000000e-01 5.000000e-01 4.999971e-03 5.000000e-01 5.000000e-01 1.515010e+00 -0.993259 0.002102 0.009951 0.969153 0.009951 0.002102 0.993259 -0.002109 -0.009974 -0.969094 -0.009974 -0.002109 0.000000 
5.000000e-01 5.000000e-01 4.999971e-03 5.000000e-01 5.000000e-01 1.515010e+00 -0.993259 0.002102 0.009951 0.969153 0.009951 0.002102 0.993259 -0.002109 -0.009974 -0.969094 -0.009974 -0.002109 0.000000 
5.000000e-01 5.000000e-01 4.999971e-03 5.000000e-01 5.000000e-01 1.515010e+00 -0.993259 0.002102 0.009951 0.969153 0.009951 0.002102 0.993259 -0.002109 -0.009974 -0.969094 -0.009974 -0.002109 0.000000 
5.000000e-01 5.000000e-01 4.999971e-03 5.000000e-01 5.000000e-01 1.515010e+00 -0.993259 0.002102 0.009951 0.969153 0.009951 0.002102 0.993259 -0.002109 -0.009974 -0.969094 -0.009974 -0.002109 0.000000 
5.000000e-01 5.000000e-01 4.999971e-03 5.000000e-01 5.000000e-01 1.515010e+00 -0.993259 0.002102 0.009951 0.969153 0.009951 0.002102 0.993259 -0.002109 -0.009974 -0.969094 -0.009974 -0.002109 0.000000 
5.000000e-01 5.000000e-01 4.999971e-03 5.000000e-01 5.000000e-01 1.515010e+00 -0.993259 0.002102 0.009951 0.969153 0.009951 0.002102 0.993259 -0.002109 -0.009974 -0.969094 -0.009974 -0.002109 0.000000 
5.000000e-01 5.000000e-01 4.999971e-03 5.000000e-01 5.000000e-01 1.515010e+00 -0.993259 0.002102 0.009951 0.969153 0.009951 0.002102 0.993259 -0.002109 -0.009974 -0.969094 -0.009974 -0.002109 0.000000 
5.000000e-01 5.000000e-01 4.999971e-03 5.000000e-01 5.000000e-01 1.515010e+00 -0.993259 0.002102 0.009951 0.969153 0.009951 0.002102 0.993259 -0.002109 -0.009974 -0.969094 -0.009974 -0.002109 0.000000 
5.000000e-01 5.000000e-01 4.999971e-03 5.000000e-01 5.000000e-01 1.515010e+00 -0.993259 0.002102 0.009951 0.969153 0.009951 0.002102 0.993259 -0.002109 -0.009974 -0.969094 -0.009974 -0.002109 0.000000 
5.000000e-01 5.000000e-01 4.999971e-03 5.000000e-01 5.000000e-01 1.515010e+00 -0.993259 0.002102 0.009951 0.969153 0.009951 0.002102 0.993259 -0.002109 -0.009974 -0.969094 -0.009974 -0.002109 0.000000 
5.000000e-01 5.000000e-01 4.999971e-03 5.000000e-01 5.000000e-01 1.515010e+00 -0.993259 0.002102 0.009951 0.969153 0.009951 0.002102 0.993259 -0.002109 -0.009974 -0.969094 -0.009974 -0.002109 0.000000 
5.000000e-01 5.000000e-01 4.999971e-03 5.000000e-01 5.000000e-01 1.515010e+00 -0.993259 0.002102 0.009951 0.969153 0.009951 0.002102 0.993259 -0.002109 -0.009974 -0.969094 -0.009974 -0.002109 0.000000 
5.000000e-01 5.000000e-01 4.999971e-03 5.000000e-01 5.000000e-01 1.515010e+00 -0.993259 0.002102 0.009951 0.969153 0.009951 0.002102 0.993259 -0.002109 -0.009974 -0.969094 -0.009974 -0.002109 0.000000 
5.000000e-01 5.000000e-01 4.999971e-03 5.000000e-01 5.000000e-01 1.515010e+00 -0.993259 0.002102 0.009951 0.969153 0.009951 0.002102 0.993259 -0.002109 -0.009974 -0.969094 -0.009974 -0.002109 0.000000 
5.000000e-01 5.000000e-01 4.999971e-03 5.000000e-01 5.000000e-01 1.515010e+00 -0.993259 0.002102 0.009951 0.969153 0.009951 0.002102 0.993259 -0.002109 -0.009974 -0.969094 -0.009974 -0.002109 0.000000 
5.000000e-01 5.000000e-01 4.999971e-03 5.000000e-01 5.000000e-01 1.515010e+00 -0.993259 0.002102 0.009951 0.969153 0.009951 0.002102 0.993259 -0.002109 -0.009974 -0.969094 -0.009974 -0.002109 0.000000 
5.000000e-01 5.000000e-01 4.999971e-03 5.000000e-01 5.000000e-01 1.515010e+00 -0.993259 0.002102 0.009951 0.969153 0.009951 0.002102 0.993259 -0.002109 -0.009974 -0.969094 -0.009974 -0.002109 0.000000 
5.000000e-01 5.000000e-01 4.999971e-03 5.000000e-01 5.000000e-01 1.515010e+00 -0.993259 0.002102 0.009951 0.969153 0.009951 0.002102 0.993259 -0.002109 -0.009974 -0.969094 -0.009974 -0.002109 0.000000 
5.000000e-01 5.000000e-01 4.999971e-03 5.000000e-01 5.000000e-01 1.515010e+00 -0.993259 0.002102 0.009951 0.969153 0.009951 0.002102 0.993259 -0.002109 -0.009974 -0.969094 -0.009974 -0.002109 0.000000 
5.000000e-01 5.000000e-01 4.999971e-03 5.000000e-01 5.000000e-01 1.515010e+00 -0.993259 0.002102 0.009951 0.969153 0.009951 0.002102 0.993259 -0.002109 -0.009974 -0.969094 -0.009974 -0.002109 0.000000 
5.000000e-01 5.000000e-01 4.999971e-03 5.000000e-01 5.000000e-01 1.515010e+00 -0.993259 0.002102 0.009951 0.969153 0.009951 0.002102 0.993259 -0.002109 -0.009974 -0.969094 -0.009974 -0.002109 0.000000 
5.000000e-01 5.000000e-01 4.999971e-03 5.000000e-01 5.000000e-01 1.515010e+00 -0.993259 0.002102 0.009951 0.969153 0.009951 0.002102 0.993259 -0.002109 -0.009974 -0.969094 -0.009974 -0.002109 0.000000 
5.000000e-01 5.000000e-01 4.999971e-03 5.000000e-01 5.000000e-01 1.515010e+00 -0.993259 0.002102 0.009951 0.969153 0.009951 0.002102 0.993259 -0.002109 -0.009974 -0.969094 -0.009974 -0.002109 0.000000 
5.000000e-01 5.000000e-01 4.999971e-03 5.000000e-01 5.000000e-01 1.515010e+00 -0.993259 0.002102 0.009951 0.969153 0.009951 0.002102 0.993259 -0.002109 -0.009974 -0.969094 -0.009974 -0.002109 0.000000 
5.000000e-01 5.000000e-01 4.999971e-03 5.000000e-01 5.000000e-01 1.515010e+00 -0.993259 0.002102 0.009951 0.969153 0.009951 0.002102 0.993259 -0.002109 -0.009974 -0.969094 -0.009974 -0.002109 0.000000 
5.000000e-01 5.000000e-01 4.999971e-03 5.000000e-01 5.000000e-01 1.515010e+00 -0.993259 0.002102 0.009951 0.969153 0.009951 0.002102 0.993259 -0.002109 -0.009974 -0.969094 -0.009974 -0.002109 0.000000 
5.000000e-01 5.000000e-01 4.999971e-03 5.000000e-01 5.000000e-01 1.515010e+00 -0.993259 0.002102 0.009951 0.969153 0.009951 0.002102 0.993259 -0.002109 -0.009974 -0.969094 -0.009974 -0.002109 0.000000 
5.000000e-01 5.000000e-01 4.999971e-03 5.000000e-01 5.000000e-01 1.515010e+00 -0.993259 0.002102 0.009951 0.969153 0.009951 0.002102 0.993259 -0.002109 -0.009974 -0.969094 -0.009974 -0.002109 0.000000 
5.000000e-01 5.000000e-01 4.999971e-03 5.000000e-01 5.000000e-01 1.515010e+00 -0.993259 0.002102 0.009951 0.969153 0.009951 0.002102 0.993259 -0.002109 -0.009974 -0.969094 -0.009974 -0.002109 0.000000 
5.000000e-01 5.000000e-01 4.999971e-03 5.000000e-01 5.000000e-01 1.515010e+00 -0.993259 0.002102 0.009951 0.969153 0.009951 0.002102 0.993259 -0.002109 -0.009974 -0.969094 -0.009974 -0.002109 0.000000 
5.000000e-01 5.000000e-01 4.999971e-03 5.000000e-01 5.000000e-01 1.515010e+00 -0.993259 0.002102 0.009951 0.969153 0.009951 0.002102 0.993259 -0.002109 -0.009974 -0.969094 -0.009974 -0.002109 0.000000 
5.000000e-01 5.000000e-01 4.999971e-03 5.000000e-01 5.000000e-01 1.515010e+00 -0.993259 0.002102 0.009951 0.969153 0.009951 0.002102 0.993259 -0.002109 -0.009974 -0.969094 -0.009974 -0.002109 0.000000 
5.000000e-01 5.000000e-01 4.999971e-03 5.000000e-01 5.000000e-01 1.515010e+00 -0.993259 0.002102 0.009951 0.969153 0.009951 0.002102 0.993259 -0.002109 -0.009974 -0.969094 -0.009974 -0.002109 0.000000 
5.000000e-01 5.000000e-01 4.999971e-03 5.000000e-01 5.000000e-01 1.515010e+00 -0.993259 0.002102 0.009951 0.969153 0.009951 0.002102 0.993259 -0.002109 -0.009974 -0.969094 -0.009974 -0.002109 0.000000 
5.000000e-01 5.000000e-01 4.999971e-03 5.000000e-01 5.000000e-01 1.515010e+00 -0.993259 0.002102 0.009951 0.969153 0.009951 0.002102 0.993259 -0.002109 -0.009974 -0.969094 -0.009974 -0.002109 0.000000 
5.000000e-01 5.000000e-01 4.999971e-03 5.000000e-01 5.000000e-01 1.515010e+00 -0.993259 0.002102 0.009951 0.969153 0.009951 0.002102 0.993259 -0.002109 -0.009974 -0.969094 -0.009974 -0.002109 0.000000 
5.000000e-01 5.000000e-01 4.999971e-03 5.000000e-01 5.000000e-01 1.515010e+00 -0.993259 0.002102 0.009951 0.969153 0.009951 0.002102 0.993259 -0.002109 -0.009974 -0.969094 -0.009974 -0.002109 0.000000 
5.000000e-01 5.000000e-01 4.999971e-03 5.000000e-01 5.000000e-01 1.515010e+00 -0.993259 0.002102 0.009951 0.969153 0.009951 0.002102 0.993259 -0.002109 -0.009974 -0.969094 -0.009974 -0.002109 0.000000 
5.000000e-01 5.000000e-01 4.999971e-03 5.000000e-01 5.000000e-01 1.515010e+00 -0.993259 0.002102 0.009951 0.969153 0.009951 0.002102 0.993259 -0.002109 -0.009974 -0.969094 -0.009974 -0.002109 0.000000 
5.000000e-01 5.000000e-01 4.999971e-03 5.000000e-01 5.000000e-01 1.515010e+00 -0.993259 0.002102 0.009951 0.969153 0.009951 0.002102 0.993259 -0.002109 -0.009974 -0.969094 -0.009974 -0.002109 0.000000 
5.000000e-01 5.000000e-01 4.999971e-03 5.000000e-01 5.000000e-01 1.515010e+00 -0.993259 0.002102 0.009951 0.969153 0.009951 0.002102 0.993259 -0.002109 -0.009974 -0.969094 -0.009974 -0.002109 0.000000 
5.000000e-01 5.000000e-01 4.999971e-03 5.000000e-01 5.000000e-01 1.515010e+00 -0.993259 0.002102 0.009951 0.969153 0.009951 0.002102 0.993259 -0.002109 -0.009974 -0.969094 -0.009974 -0.002109 0.000000 
5.000000e-01 5.000000e-01 4.999971e-03 5.000000e-01 5.000000e-01 1.515010e+00 -0.993259 0.002102 0.009951 0.969153 0.009951 0.002102 0.993259 -0.002109 -0.009974 -0.969094 -0.009974 -0.002109 0.000000 
5.000000e-01 5.000000e-01 4.999971e-03 5.000000e-01 5.000000e-01 1.515010e+00 -0.993259 0.002102 0.009951 0.969153 0.009951 0.002102 0.993259 -0.002109 -0.009974 -0.969094 -0.009974 -0.002109 0.000000 
5.000000e-01 5.000000e-01 4.999971e-03 5.000000e-01 5.000000e-01 1.515010e+00 -0.993259 0.002102 0.009951 0.969153 0.009951 0.002102 0.993259 -0.002109 -0.009974 -0.969094 -0.009974 -0.002109 0.000000 
5.000000e-01 5.000000e-01 4.999971e-03 5.000000e-01 5.000000e-01 1.515010e+00 -0.993259 0.002102 0.009951 0.969153 0.009951 0.002102 0.993259 -0.002109 -0.009974 -0.969094 -0.009974 -0.002109 0.000000 
5.000000e-01 5.000000e-01 4.999971e-03 5.000000e-01 5.000000e-01 1.515010e+00 -0.993259 0.002102 0.009951 0.969153 0.009951 0.002102 0.993259 -0.002109 -0.009974 -0.969094 -0.009974 -0.002109 0.000000 
5.000000e-01 5.000000e-01 4.999971e-03 5.000000e-01 5.000000e-01 1.515010e+00 -0.993259 0.002102 0.009951 0.969153 0.009951 0.002102 0.993259 -0.002109 -0.009974 -0.969094 -0.009974 -0.002109 0.000000 
5.000000e-01 5.000000e-01 4.999971e-03 5.000000e-01 5.000000e-01 1.515010e+00 -0.993259 0.002102 0.009951 0.969153 0.009951 0.002102 0.993259 -0.002109 -0.009974 -0.969094 -0.009974 -0.002109 0.000000 
5.000000e-01 5.000000e-01 4.999971e-03 5.000000e-01 5.000000e-01 1.515010e+00 -0.993259 0.002102 0.009951 0.969153 0.009951 0.002102 0.993259 -0.002109 -0.009974 -0.969094 -0.009974 -0.002109 0.000000 
5.000000e-01 5.000000e-01 4.999971e-03 5.000000e-01 5.000000e-01 1.515010e+00 -0.993259 0.002102 0.009951 0.969153 0.009951 0.002102 0.993259 -0.002109 -0.009974 -0.969094 -0.009974 -0.002109 0.000000 
5.000000e-01 5.000000e-01 4.999971e-03 5.000000e-01 5.000000e-01 1.515010e+00 -0.993259 0.002102 0.009951 0.969153 0.009951 0.002102 0.993259 -0.002109 -0.009974 -0.969094 -0.009974 -0.002109 0.000000 
5.000000e-01 5.000000e-01 4.999971e-03 5.000000e-01 5.000000e-01 1.515010e+00 -0.993259 0.002102 0.009951 0.969153 0.009951 0.002102 0.993259 -0.002109 -0.009974 -0.969094 -0.009974 -0.002109 0.000000 
5.000000e-01 5.000000e-01 4.999971e-03 5.000000e-01 5.000000e-01 1.515010e+00 -0.993259 0.002102 0.009951 0.969153 0.009951 0.002102 0.993259 -0.002109 -0.009974 -0.969094 -0.009974 -0.002109 0.000000 
5.000000e-01 5.000000e-01 4.999971e-03 5.000000e-01 5.000000e-01 1.515010e+00 -0.993259 0.002102 0.009951 0.969153 0.009951 0.002102 0.993259 -0.002109 -0.009974 -0.969094 -0.009974 -0.002109 0.000000 
5.000000e-01 5.000000e-01 4.999971e-03 5.000000e-01 5.000000e-01 1.515010e+00 -0.993259 0.002102 0.009951 0.969153 0.009951 0.002102 0.993259 -0.002109 -0.009974 -0.969094 -0.009974 -0.002109 0.000000 
5.000000e-01 5.000000e-01 4.999971e-03 5.000000e-01 5.000000e-01 1.515010e+00 -0.993259 0.002102 0.009951 0.969153 0.009951 0.002102 0.993259 -0.002109 -0.009974 -0.969094 -0.009974 -0.002109 0.000000 
5.000000e-01 5.000000e-01 4.999971e-03 5.000000e-01 5.000000e-01 1.515010e+00 -0.993259 0.002102 0.009951 0.969153 0.009951 0.002102 0.993259 -0.002109 -0.009974 -0.969094 -0.009974 -0.002109 0.000000 
5.000000e-01 5.000000e-01 4.999971e-03 5.000000e-01 5.000000e-01 1.515010e+00 -0.993259 0.002102 0.009951 0.969153 0.009951 0.002102 0.993259 -0.002109 -0.009974 -0.969094 -0.009974 -0.002109 0.000000 
5.000000e-01 5.000000e-01 4.999971e-03 5.000000e-01 5.000000e-01 1.515010e+00 -0.993259 0.002102 0.009951 0.969153 0.009951 0.002102 0.993259 -0.002109 -0.009974 -0.969094 -0.009974 -0.002109 0.000000 
5.000000e-01 5.000000e-01 4.999971e-03 5.000000e-01 5.000000e-01 1.515010e+00 -0.993259 0.002102 0.009951 0.969153 0.009951 0.002102 0.993259 -0.002109 -0.009974 -0.969094 -0.009974 -0.002109 0.000000 
5.000000e-01 5.000000e-01 4.999971e-03 5.000000e-01 5.000000e-01 1.515010e+00 -0.993259 0.002102 0.009951 0.969153 0.009951 0.002102 0.993259 -0.002109 -0.009974 -0.969094 -0.009974 -0.002109 0.000000 
5.000000e-01 5.000000e-01 4.999971e-03 5.000000e-01 5.000000e-01 1.515010e+00 -0.993259 0.002102 0.009951 0.969153 0.009951 0.002102 0.993259 -0.002109 -0.009974 -0.969094 -0.009974 -0.002109 0.000000 
5.000000e-01 5.000000e-01 4.999971e-03 5.000000e-01 5.000000e-01 1.515010e+00 -0.993259 0.002102 0.009951 0.969153 0.009951 0.002102 0.993259 -0.002109 -0.009974 -0.969094 -0.009974 -0.002109 0.000000 
5.000000e-01 5.000000e-01 4.999971e-03 5.000000e-01 5.000000e-01 1.515010e+00 -0.993259 0.002102 0.009951 0.969153 0.009951 0.002102 0.993259 -0.002109 -0.009974 -0.969094 -0.009974 -0.002109 0.000000 
5.000000e-01 5.000000e-01 4.999971e-03 5.000000e-01 5.000000e-01 1.515010e+00 -0.993259 0.002102 0.009951 0.969153 0.009951 0.002102 0.993259 -0.002109 -0.009974 -0.969094 -0.009974 -0.002109 0.000000 
5.000000e-01 5.000000e-01 4.999971e-03 5.000000e-01 5.000000e-01 1.515010e+00 -0.993259 0.002102 0.009951 0.969153 0.009951 0.002102 0.993259 -0.002109 -0.009974 -0.969094 -0.009974 -0.002109 0.000000 
5.000000e-01 5.000000e-01 4.999971e-03 5.000000e-01 5.000000e-01 1.515010e+00 -0.993259 0.002102 0.009951 0.969153 0.009951 0.002102 0.993259 -0.002109 -0.009974 -0.969094 -0.009974 -0.002109 0.000000 
5.000000e-01 5.000000e-01 4.999971e-03 5.000000e-01 5.000000e-01 1.515010e+00 -0.993259 0.002102 0.009951 0.969153 0.009951 0.002102 0.993259 -0.002109 -0.009974 -0.969094 -0.009974 -0.002109 0.000000 
5.000000e-01 5.000000e-01 4.999971e-03 5.000000e-01 5.000000e-01 1.515010e+00 -0.993259 0.002102 0.009951 0.969153 0.009951 0.002102 0.993259 -0.002109 -0.009974 -0.969094 -0.009974 -0.002109 0.000000 
5.000000e-01 5.000000e-01 4.999971e-03 5.000000e-01 5.000000e-01 1.515010e+00 -0.993259 0.002102 0.009951 0.969153 0.009951 0.002102 0.993259 -0.002109 -0.009974 -0.969094 -0.009974 -0.002109 0.000000 
5.000000e-01 5.000000e-01 4.999971e-03 5.000000e-01 5.000000e-01 1.515010e+00 -0.993259 0.002102 0.009951 0.969153 0.009951 0.002102 0.993259 -0.002109 -0.009974 -0.969094 -0.009974 -0.002109 0.000000 
5.000000e-01 5.000000e-01 4.999971e-03 5.000000e-01 5.000000e-01 1.515010e+00 -0.993259 0.002102 0.009951 0.969153 0.009951 0.002102 0.993259 -0.002109 -0.009974 -0.969094 -0.009974 -0.002109 0.000000 
5.000000e-01 5.000000e-01 4.999971e-03 5.000000e-01 5.000000e-01 1.515010e+00 -0.993259 0.002102 0.009951 0.969153 0.009951 0.002102 0.993259 -0.002109 -0.009974 -0.969094 -0.009974 -0.002109 0.000000 
5.000000e-01 5.000000e-01 4.999971e-03 5.000000e-01 5.000000e-01 1.515010e+00 -0.993259 0.002102 0.009951 0.969153 0.009951 0.002102 0.993259 -0.002109 -0.009974 -0.969094 -0.009974 -0.002109 0.000000 
5.000000e-01 5.000000e-01 4.999971e-03 5.000000e-01 5.000000e-01 1.515010e+00 -0.993259 0.002102 0.009951 0.969153 0.009951 0.002102 0.993259 -0.002109 -0.009974 -0.969094 -0.009974 -0.002109 0.000000 
5.000000e-01 5.000000e-01 4.999971e-03 5.000000e-01 5.000000e-01 1.515010e+00 -0.993259 0.002102 0.009951 0.969153 0.009951 0.002102 0.993259 -0.002109 -0.009974 -0.969094 -0.009974 -0.002109 0.000000 
5.000000e-01 5.000000e-01 4.999971e-03 5.000000e-01 5.000000e-01 1.515010e+00 -0.993259 0.002102 0.009951 0.969153 0.009951 0.002102 0.993259 -0.002109 -0.009974 -0.969094 -0.009974 -0.002109 0.000000 
5.000000e-01 5.000000e-01 4.999971e-03 5.000000e-01 5.000000e-01 1.515010e+00 -0.993259 0.002102 0.009951 0.969153 0.009951 0.002102 0.993259 -0.002109 -0.009974 -0.969094 -0.009974 -0.002109 0.000000 
5.000000e-01 5.000000e-01 4.999971e-03 5.000000e-01 5.000000e-01 1.515010e+00 -0.993259 0.002102 0.009951 0.969153 0.009951 0.002102 0.993259 -0.002109 -0.009974 -0.969094 -0.009974 -0.002109 0.000000 
5.000000e-01 5.000000e-01 4.999971e-03 5.000000e-01 5.000000e-01 1.515010e+00 -0.993259 0.002102 0.009951 0.969153 0.009951 0.002102 0.993259 -0.002109 -0.009974 -0.969094 -0.009974 -0.002109 0.000000 
5.000000e-01 5.000000e-01 4.999971e-03 5.000000e-01 5.000000e-01 1.515010e+00 -0.993259 0.002102 0.009951 0.969153 0.009951 0.002102 0.993259 -0.002109 -0.009974 -0.969094 -0.009974 -0.002109 0.000000 
5.000000e-01 5.000000e-01 4.999971e-03 5.000000e-01 5.000000e-01 1.515010e+00 -0.993259 0.002102 0.009951 0.969153 0.009951 0.002102 0.993259 -0.002109 -0.009974 -0.969094 -0.009974 -0.002109 0.000000 
5.000000e-01 5.000000e-01 4.999971e-03 5.000000e-01 5.000000e-01 1.515010e+00 -0.993259 0.002102 0.009951 0.969153 0.009951 0.002102 0.993259 -0.002109 -0.009974 -0.969094 -0.009974 -0.002109 0.000000 
5.000000e-01 5.000000e-01 4.999971e-03 5.000000e-01 5.000000e-01 1.515010e+00 -0.993259 0.002102 0.009951 0.969153 0.009951 0.002102 0.993259 -0.002109 -0.009974 -0.969094 -0.009974 -0.002109 0.000000 
5.000000e-01 5.000000e-01 4.999971e-03 5.000000e-01 5.000000e-01 1.515010e+00 -0.993259 0.002102 0.009951 0.969153 0.009951 0.002102 0.993259 -0.002109 -0.009974 -0.969094 -0.009974 -0.002109 0.000000 
5.000000e-01 5.000000e-01 4.999971e-03 5.000000e-01 5.000000e-01 1.515010e+00 -0.993259 0.002102 0.009951 0.969153 0.009951 0.002102 0.993259 -0.002109 -0.009974 -0.969094 -0.009974 -0.002109 0.000000 
5.000000e-01 5.000000e-01 4.999971e-03 5.000000e-01 5.000000e-01 1.515010e+00 -0.993259 0.002102 0.009951 0.969153 0.009951 0.002102 0.993259 -0.002109 -0.009974 -0.969094 -0.009974 -0.002109 0.000000 
5.000000e-01 5.000000e-01 4.999971e-03 5.000000e-01 5.000000e-01 1.515010e+00 -0.993259 0.002102 0.009951 0.969153 0.009951 0.002102 0.993259 -0.002109 -0.009974 -0.969094 -0.009974 -0.002109 0.000000 
5.000000e-01 5.000000e-01 4.999971e-03 5.000000e-01 5.000000e-01 1.515010e+00 -0.993259 0.002102 0.009951 0.969153 0.009951 0.002102 0.993259 -0.002109 -0.009974 -0.969094 -0.009974 -0.002109 0.000000 
5.000000e-01 5.000000e-01 4.999971e-03 5.000000e-01 5.000000e-01 1.515010e+00 -0.993259 0.002102 0.009951 0.969153 0.009951 0.002102 0.993259 -0.002109 -0.009974 -0.969094 -0.009974 -0.002109 0.000000 
5.000000e-01 5.000000e-01 4.999971e-03 5.000000e-01 5.000000e-01 1.515010e+00 -0.993259 0.002102 0.009951 0.969153 0.009951 0.002102 0.993259 -0.002109 -0.009974 -0.969094 -0.009974 -0.002109 0.000000 
5.000000e-01 5.000000e-01 4.999971e-03 5.000000e-01 5.000000e-01 1.515010e+00 -0.993259 0.002102 0.009951 0.969153 0.009951 0.002102 0.993259 -0.002109 -0.009974 -0.969094 -0.009974 -0.002109 0.000000 
5.000000e-01 5.000000e-01 4.999971e-03 5.000000e-01 5.000000e-01 1.515010e+00 -0.993259 0.002102 0.009951 0.969153 0.009951 0.002102 0.993259 -0.002109 -0.009974 -0.969094 -0.009974 -0.002109 0.000000 
5.000000e-01 5.000000e-01 4.999971e-03 5.000000e-01 5.000000e-01 1.515010e+00 -0.993259 0.002102 0.009951 0.969153 0.009951 0.002102 0.993259 -0.002109 -0.009974 -0.969094 -0.009974 -0.002109 0.000000 
5.000000e-01 5.000000e-01 4.999971e-03 5.000000e-01 5.000000e-01 1.515010e+00 -0.993259 0.002102 0.009951 0.969153 0.009951 0.002102 0.993259 -0.002109 -0.009974 -0.969094 -0.009974 -0.002109 0.000000 
5.000000e-01 5.000000e-01 4.999971e-03 5.000000e-01 5.000000e-01 1.515010e+00 -0.993259 0.002102 0.009951 0.969153 0.009951 0.002102 0.993259 -0.002109 -0.009974 -0.969094 -0.009974 -0.002109 0.000000 
5.000000e-01 5.000000e-01 4.999971e-03 5.000000e-01 5.000000e-01 1.515010e+00 -0.993259 0.002102 0.009951 0.969153 0.009951 0.002102 0.993259 -0.002109 -0.009974 -0.969094 -0.009974 -0.002109 0.000000 
5.000000e-01 5.000000e-01 4.999971e-03 5.000000e-01 5.000000e-01 1.515010e+00 -0.993259 0.002102 0.009951 0.969153 0.009951 0.002102 0.993259 -0.002109 -0.009974 -0.969094 -0.009974 -0.002109 0.000000 
5.000000e-01 5.000000e-01 4.999971e-03 5.000000e-01 5.000000e-01 1.515010e+00 -0.993259 0.002102 0.009951 0.969153 0.009951 0.002102 0.993259 -0.002109 -0.009974 -0.969094 -0.009974 -0.002109 0.000000 
