# TeX TeY TeZ ThX ThY THZ P1 P2
5.000000e-01 5.000000e-01 9.900000e-01 5.000000e-01 5.000000e-01 9.900000e-01 0.000000 0.000000 0.000000 0.000000 0.000000 0.000000 0.000000 0.000000 0.000000 0.000000 0.000000 0.000000 0.000000 
5.000000e-01 5.000000e-01 9.795567e-01 5.000000e-01 5.000000e-01 9.979386e-01 -0.012066 0.001075 0.002850 0.004216 0.002850 0.001075 0.012066 -0.002136 -0.002576 -0.002643 -0.002576 -0.002136 0.000000 
5.000000e-01 5.000000e-01 9.690603e-01 5.000000e-01 5.000000e-01 1.005858e+00 -0.024154 0.002168 0.005702 0.008415 0.005702 0.002168 0.024154 -0.004274 -0.005156 -0.005293 -0.005156 -0.004274 0.000000 
5.000000e-01 5.000000e-01 9.585114e-01 5.000000e-01 5.000000e-01 1.013759e+00 -0.036265 0.003276 0.008555 0.012603 0.008555 0.003276 0.036265 -0.006415 -0.007742 -0.007950 -0.007742 -0.006415 0.000000 
5.000000e-01 5.000000e-01 9.479104e-01 5.000000e-01 5.000000e-01 1.021641e+00 -0.048397 0.004397 0.011410 0.016785 0.011410 0.004397 0.048397 -0.008558 -0.010334 -0.010615 -0.010334 -0.008558 0.000000 
5.000000e-01 5.000000e-01 9.372578e-01 5.000000e-01 5.000000e-01 1.029503e+00 -0.060550 0.005525 0.014266 0.020968 0.014266 0.005525 0.060550 -0.010702 -0.012930 -0.013287 -0.012930 -0.010702 0.000000 
5.000000e-01 5.000000e-01 9.265540e-01 5.000000e-01 5.000000e-01 1.037345e+00 -0.072724 0.006652 0.017126 0.025168 0.017126 0.006652 0.072724 -0.012847 -0.015531 -0.015966 -0.015531 -0.012847 0.000000 
5.000000e-01 5.000000e-01 9.157995e-01 5.000000e-01 5.000000e-01 1.045168e+00 -0.084918 0.007784 0.019987 0.029377 0.019987 0.007784 0.084918 -0.014994 -0.018138 -0.018654 -0.018138 -0.014994 0.000000 
5.000000e-01 5.000000e-01 9.049948e-01 5.000000e-01 5.000000e-01 1.052971e+00 -0.097132 0.008917 0.022849 0.033599 0.022849 0.008917 0.097132 -0.017140 -0.020750 -0.021351 -0.020750 -0.017140 0.000000 
5.000000e-01 5.000000e-01 8.941402e-01 5.000000e-01 5.000000e-01 1.060753e+00 -0.109365 0.010050 0.025713 0.037838 0.025713 0.010050 0.109365 -0.019286 -0.023367 -0.024058 -0.023367 -0.019286 0.000000 
5.000000e-01 5.000000e-01 8.832363e-01 5.000000e-01 5.000000e-01 1.068514e+00 -0.121617 0.011172 0.028580 0.042114 0.028580 0.011172 0.121617 -0.021432 -0.025990 -0.026773 -0.025990 -0.021432 0.000000 
5.000000e-01 5.000000e-01 8.722834e-01 5.000000e-01 5.000000e-01 1.076255e+00 -0.133888 0.012284 0.031447 0.046426 0.031447 0.012284 0.133888 -0.023577 -0.028617 -0.029499 -0.028617 -0.023577 0.000000 
5.000000e-01 5.000000e-01 8.612821e-01 5.000000e-01 5.000000e-01 1.083975e+00 -0.146177 0.013387 0.034316 0.050770 0.034316 0.013387 0.146177 -0.025720 -0.031251 -0.032236 -0.031251 -0.025720 0.000000 
5.000000e-01 5.000000e-01 8.502326e-01 5.000000e-01 5.000000e-01 1.091673e+00 -0.158483 0.014481 0.037185 0.055151 0.037185 0.014481 0.158483 -0.027860 -0.033889 -0.034984 -0.033889 -0.027860 0.000000 
5.000000e-01 5.000000e-01 8.391355e-01 5.000000e-01 5.000000e-01 1.099350e+00 -0.170806 0.015559 0.040055 0.059578 0.040055 0.015559 0.170806 -0.029998 -0.036533 -0.037744 -0.036533 -0.029998 0.000000 
5.000000e-01 5.000000e-01 8.279912e-01 5.000000e-01 5.000000e-01 1.107006e+00 -0.183146 0.016611 0.042925 0.064074 0.042925 0.016611 0.183146 -0.032131 -0.039183 -0.040518 -0.039183 -0.032131 0.000000 
5.000000e-01 5.000000e-01 8.168001e-01 5.000000e-01 5.000000e-01 1.114639e+00 -0.195502 0.017646 0.045794 0.068623 0.045794 0.017646 0.195502 -0.034260 -0.041838 -0.043305 -0.041838 -0.034260 0.000000 
5.000000e-01 5.000000e-01 8.055626e-01 5.000000e-01 5.000000e-01 1.122250e+00 -0.207874 0.018661 0.048662 0.073228 0.048662 0.018661 0.207874 -0.036385 -0.044499 -0.046106 -0.044499 -0.036385 0.000000 
5.000000e-01 5.000000e-01 7.942791e-01 5.000000e-01 5.000000e-01 1.129838e+00 -0.220262 0.019654 0.051529 0.077896 0.051529 0.019654 0.220262 -0.038503 -0.047166 -0.048923 -0.047166 -0.038503 0.000000 
5.000000e-01 5.000000e-01 7.829501e-01 5.000000e-01 5.000000e-01 1.137404e+00 -0.232664 0.020605 0.054392 0.082670 0.054392 0.020605 0.232664 -0.040615 -0.049839 -0.051756 -0.049839 -0.040615 0.000000 
5.000000e-01 5.000000e-01 7.715758e-01 5.000000e-01 5.000000e-01 1.144946e+00 -0.245081 0.021529 0.057252 0.087518 0.057252 0.021529 0.245081 -0.042719 -0.052518 -0.054606 -0.052518 -0.042719 0.000000 
5.000000e-01 5.000000e-01 7.601568e-01 5.000000e-01 5.000000e-01 1.152466e+00 -0.257511 0.022426 0.060107 0.092444 0.060107 0.022426 0.257512 -0.044815 -0.055203 -0.057475 -0.055203 -0.044815 0.000000 
5.000000e-01 5.000000e-01 7.486934e-01 5.000000e-01 5.000000e-01 1.159961e+00 -0.269956 0.023296 0.062957 0.097450 0.062957 0.023296 0.269956 -0.046900 -0.057896 -0.060366 -0.057896 -0.046900 0.000000 
5.000000e-01 5.000000e-01 7.371861e-01 5.000000e-01 5.000000e-01 1.167433e+00 -0.282413 0.024109 0.065797 0.102601 0.065797 0.024109 0.282413 -0.048974 -0.060594 -0.063278 -0.060594 -0.048974 0.000000 
5.000000e-01 5.000000e-01 7.256351e-01 5.000000e-01 5.000000e-01 1.174880e+00 -0.294883 0.024889 0.068627 0.107851 0.068627 0.024889 0.294883 -0.051036 -0.063300 -0.066212 -0.063300 -0.051036 0.000000 
5.000000e-01 5.000000e-01 7.140409e-01 5.000000e-01 5.000000e-01 1.182303e+00 -0.307366 0.025634 0.071447 0.113203 0.071447 0.025634 0.307366 -0.053085 -0.066012 -0.069172 -0.066012 -0.053085 0.000000 
5.000000e-01 5.000000e-01 7.024039e-01 5.000000e-01 5.000000e-01 1.189701e+00 -0.319860 0.026340 0.074256 0.118670 0.074256 0.026340 0.319860 -0.055119 -0.068732 -0.072158 -0.068732 -0.055119 0.000000 
5.000000e-01 5.000000e-01 6.907244e-01 5.000000e-01 5.000000e-01 1.197075e+00 -0.332365 0.026981 0.077043 0.124319 0.077043 0.026981 0.332366 -0.057138 -0.071459 -0.075172 -0.071459 -0.057138 0.000000 
5.000000e-01 5.000000e-01 6.790028e-01 5.000000e-01 5.000000e-01 1.204422e+00 -0.344882 0.027582 0.079812 0.130094 0.079812 0.027582 0.344882 -0.059137 -0.074195 -0.078218 -0.074195 -0.059137 0.000000 
5.000000e-01 5.000000e-01 6.672394e-01 5.000000e-01 5.000000e-01 1.211744e+00 -0.357409 0.028142 0.082563 0.136000 0.082563 0.028142 0.357409 -0.061116 -0.076939 -0.081300 -0.076939 -0.061116 0.000000 
5.000000e-01 5.000000e-01 6.554348e-01 5.000000e-01 5.000000e-01 1.219040e+00 -0.369946 0.028648 0.085288 0.142075 0.085288 0.028648 0.369946 -0.063073 -0.079691 -0.084417 -0.079691 -0.063073 0.000000 
5.000000e-01 5.000000e-01 6.435891e-01 5.000000e-01 5.000000e-01 1.226310e+00 -0.382492 0.029086 0.087977 0.148365 0.087977 0.029086 0.382492 -0.065008 -0.082452 -0.087573 -0.082452 -0.065008 0.000000 
5.000000e-01 5.000000e-01 6.317027e-01 5.000000e-01 5.000000e-01 1.233553e+00 -0.395048 0.029479 0.090637 0.154815 0.090637 0.029479 0.395048 -0.066917 -0.085222 -0.090770 -0.085222 -0.066917 0.000000 
5.000000e-01 5.000000e-01 6.197761e-01 5.000000e-01 5.000000e-01 1.240769e+00 -0.407612 0.029826 0.093265 0.161430 0.093265 0.029826 0.407612 -0.068798 -0.088002 -0.094013 -0.088002 -0.068798 0.000000 
5.000000e-01 5.000000e-01 6.078095e-01 5.000000e-01 5.000000e-01 1.247957e+00 -0.420184 0.030098 0.095840 0.168309 0.095840 0.030098 0.420184 -0.070645 -0.090792 -0.097310 -0.090792 -0.070645 0.000000 
5.000000e-01 5.000000e-01 5.958034e-01 5.000000e-01 5.000000e-01 1.255118e+00 -0.432764 0.030309 0.098364 0.175419 0.098364 0.030309 0.432764 -0.072459 -0.093593 -0.100662 -0.093593 -0.072459 0.000000 
5.000000e-01 5.000000e-01 5.837579e-01 5.000000e-01 5.000000e-01 1.262251e+00 -0.445352 0.030470 0.100842 0.182728 0.100842 0.030470 0.445352 -0.074237 -0.096404 -0.104071 -0.096404 -0.074237 0.000000 
5.000000e-01 5.000000e-01 5.716736e-01 5.000000e-01 5.000000e-01 1.269356e+00 -0.457946 0.030573 0.103262 0.190277 0.103262 0.030573 0.457946 -0.075976 -0.099226 -0.107542 -0.099226 -0.075976 0.000000 
5.000000e-01 5.000000e-01 5.595507e-01 5.000000e-01 5.000000e-01 1.276432e+00 -0.470547 0.030589 0.105591 0.198186 0.105591 0.030589 0.470547 -0.077671 -0.102060 -0.111084 -0.102060 -0.077671 0.000000 
5.000000e-01 5.000000e-01 5.473895e-01 5.000000e-01 5.000000e-01 1.283479e+00 -0.483154 0.030555 0.107854 0.206337 0.107854 0.030555 0.483154 -0.079316 -0.104907 -0.114709 -0.104907 -0.079316 0.000000 
5.000000e-01 5.000000e-01 5.351903e-01 5.000000e-01 5.000000e-01 1.290496e+00 -0.495766 0.030469 0.110048 0.214732 0.110048 0.030469 0.495766 -0.080910 -0.107766 -0.118415 -0.107766 -0.080910 0.000000 
5.000000e-01 5.000000e-01 5.229536e-01 5.000000e-01 5.000000e-01 1.297483e+00 -0.508383 0.030291 0.112113 0.223575 0.112113 0.030291 0.508384 -0.082450 -0.110636 -0.122210 -0.110636 -0.082450 0.000000 
5.000000e-01 5.000000e-01 5.106796e-01 5.000000e-01 5.000000e-01 1.304441e+00 -0.521006 0.030053 0.114076 0.232748 0.114076 0.030053 0.521006 -0.083932 -0.113520 -0.126102 -0.113520 -0.083932 0.000000 
5.000000e-01 5.000000e-01 4.983686e-01 5.000000e-01 5.000000e-01 1.311367e+00 -0.533632 0.029763 0.115945 0.242216 0.115945 0.029763 0.533632 -0.085343 -0.116417 -0.130112 -0.116417 -0.085343 0.000000 
5.000000e-01 5.000000e-01 4.860210e-01 5.000000e-01 5.000000e-01 1.318263e+00 -0.546262 0.029394 0.117662 0.252151 0.117662 0.029394 0.546262 -0.086683 -0.119327 -0.134243 -0.119327 -0.086683 0.000000 
5.000000e-01 5.000000e-01 4.736371e-01 5.000000e-01 5.000000e-01 1.325128e+00 -0.558895 0.028949 0.119215 0.262566 0.119215 0.028949 0.558895 -0.087948 -0.122249 -0.138502 -0.122249 -0.087948 0.000000 
5.000000e-01 5.000000e-01 4.612171e-01 5.000000e-01 5.000000e-01 1.331960e+00 -0.571532 0.028455 0.120642 0.273337 0.120642 0.028455 0.571532 -0.089132 -0.125183 -0.142900 -0.125183 -0.089132 0.000000 
5.000000e-01 5.000000e-01 4.487613e-01 5.000000e-01 5.000000e-01 1.338761e+00 -0.584171 0.027891 0.121888 0.284612 0.121888 0.027891 0.584171 -0.090224 -0.128129 -0.147465 -0.128129 -0.090224 0.000000 
5.000000e-01 5.000000e-01 4.362702e-01 5.000000e-01 5.000000e-01 1.345529e+00 -0.596812 0.027244 0.122894 0.296538 0.122894 0.027244 0.596812 -0.091214 -0.131086 -0.152212 -0.131086 -0.091214 0.000000 
5.000000e-01 5.000000e-01 4.237439e-01 5.000000e-01 5.000000e-01 1.352264e+00 -0.609455 0.026550 0.123733 0.308890 0.123733 0.026550 0.609455 -0.092102 -0.134051 -0.157148 -0.134051 -0.092102 0.000000 
5.000000e-01 5.000000e-01 4.111827e-01 5.000000e-01 5.000000e-01 1.358966e+00 -0.622100 0.025792 0.124349 0.321817 0.124349 0.025792 0.622100 -0.092883 -0.137023 -0.162288 -0.137023 -0.092883 0.000000 
5.000000e-01 5.000000e-01 3.985871e-01 5.000000e-01 5.000000e-01 1.365634e+00 -0.634745 0.024951 0.124633 0.335577 0.124633 0.024951 0.634745 -0.093536 -0.139998 -0.167677 -0.139998 -0.093536 0.000000 
5.000000e-01 5.000000e-01 3.859571e-01 5.000000e-01 5.000000e-01 1.372268e+00 -0.647392 0.024068 0.124708 0.349841 0.124708 0.024068 0.647392 -0.094053 -0.142974 -0.173339 -0.142974 -0.094053 0.000000 
5.000000e-01 5.000000e-01 3.732932e-01 5.000000e-01 5.000000e-01 1.378867e+00 -0.660039 0.023124 0.124490 0.364809 0.124490 0.023124 0.660039 -0.094434 -0.145944 -0.179281 -0.145944 -0.094434 0.000000 
5.000000e-01 5.000000e-01 3.605956e-01 5.000000e-01 5.000000e-01 1.385432e+00 -0.672687 0.022103 0.123848 0.380785 0.123848 0.022103 0.672687 -0.094671 -0.148905 -0.185534 -0.148905 -0.094671 0.000000 
5.000000e-01 5.000000e-01 3.478646e-01 5.000000e-01 5.000000e-01 1.391961e+00 -0.685334 0.021047 0.122949 0.397344 0.122949 0.021047 0.685334 -0.094732 -0.151844 -0.192180 -0.151844 -0.094732 0.000000 
5.000000e-01 5.000000e-01 3.351004e-01 5.000000e-01 5.000000e-01 1.398455e+00 -0.697982 0.019930 0.121646 0.414830 0.121646 0.019930 0.697982 -0.094621 -0.154755 -0.199231 -0.154755 -0.094621 0.000000 
5.000000e-01 5.000000e-01 3.223034e-01 5.000000e-01 5.000000e-01 1.404913e+00 -0.710630 0.018750 0.119843 0.433444 0.119843 0.018750 0.710630 -0.094331 -0.157626 -0.206715 -0.157626 -0.094331 0.000000 
5.000000e-01 5.000000e-01 3.094737e-01 5.000000e-01 5.000000e-01 1.411335e+00 -0.723277 0.017541 0.117742 0.452712 0.117742 0.017541 0.723277 -0.093848 -0.160441 -0.214699 -0.160441 -0.093848 0.000000 
5.000000e-01 5.000000e-01 2.966117e-01 5.000000e-01 5.000000e-01 1.417720e+00 -0.735925 0.016269 0.115058 0.473270 0.115058 0.016269 0.735925 -0.093134 -0.163173 -0.223310 -0.163173 -0.093134 0.000000 
5.000000e-01 5.000000e-01 2.837176e-01 5.000000e-01 5.000000e-01 1.424069e+00 -0.748573 0.014954 0.111857 0.494952 0.111857 0.014954 0.748573 -0.092207 -0.165809 -0.232542 -0.165809 -0.092207 0.000000 
5.000000e-01 5.000000e-01 2.707916e-01 5.000000e-01 5.000000e-01 1.430381e+00 -0.761220 0.013618 0.108326 0.517332 0.108326 0.013618 0.761220 -0.091055 -0.168322 -0.242468 -0.168322 -0.091055 0.000000 
5.000000e-01 5.000000e-01 2.578341e-01 5.000000e-01 5.000000e-01 1.436655e+00 -0.773870 0.012214 0.103952 0.541538 0.103952 0.012214 0.773870 -0.089634 -0.170656 -0.253291 -0.170656 -0.089634 0.000000 
5.000000e-01 5.000000e-01 2.448451e-01 5.000000e-01 5.000000e-01 1.442892e+00 -0.786520 0.010791 0.099149 0.566640 0.099149 0.010791 0.786520 -0.087951 -0.172777 -0.265064 -0.172777 -0.087951 0.000000 
5.000000e-01 5.000000e-01 2.318249e-01 5.000000e-01 5.000000e-01 1.449091e+00 -0.799170 0.009343 0.093850 0.592784 0.093850 0.009343 0.799170 -0.086007 -0.174646 -0.277865 -0.174646 -0.086007 0.000000 
5.000000e-01 5.000000e-01 2.187738e-01 5.000000e-01 5.000000e-01 1.455253e+00 -0.811825 0.007848 0.087691 0.620748 0.087691 0.007848 0.811825 -0.083771 -0.176176 -0.291931 -0.176176 -0.083771 0.000000 
5.000000e-01 5.000000e-01 2.056918e-01 5.000000e-01 5.000000e-01 1.461376e+00 -0.824479 0.006347 0.081184 0.649418 0.081184 0.006347 0.824479 -0.081221 -0.177265 -0.307507 -0.177265 -0.081221 0.000000 
5.000000e-01 5.000000e-01 1.925791e-01 5.000000e-01 5.000000e-01 1.467461e+00 -0.837138 0.004812 0.073892 0.679730 0.073892 0.004812 0.837138 -0.078380 -0.177862 -0.324654 -0.177862 -0.078380 0.000000 
5.000000e-01 5.000000e-01 1.794357e-01 5.000000e-01 5.000000e-01 1.473508e+00 -0.849799 0.003263 0.066043 0.711188 0.066043 0.003263 0.849799 -0.075230 -0.177837 -0.343665 -0.177837 -0.075230 0.000000 
5.000000e-01 5.000000e-01 1.662616e-01 5.000000e-01 5.000000e-01 1.479516e+00 -0.862462 0.001710 0.057816 0.743409 0.057816 0.001710 0.862462 -0.071729 -0.176946 -0.365113 -0.176946 -0.071729 0.000000 
5.000000e-01 5.000000e-01 1.530566e-01 5.000000e-01 5.000000e-01 1.485485e+00 -0.875133 0.000133 0.048757 0.777354 0.048757 0.000133 0.875133 -0.067921 -0.175132 -0.389028 -0.175132 -0.067921 0.000000 
5.000000e-01 5.000000e-01 1.398205e-01 5.000000e-01 5.000000e-01 1.491414e+00 -0.887806 -0.001435 0.039499 0.811677 0.039499 -0.001435 0.887806 -0.063799 -0.172198 -0.415811 -0.172198 -0.063799 0.000000 
5.000000e-01 5.000000e-01 1.265526e-01 5.000000e-01 5.000000e-01 1.497302e+00 -0.900487 -0.003008 0.029694 0.847116 0.029694 -0.003008 0.900487 -0.059317 -0.167655 -0.446543 -0.167655 -0.059317 0.000000 
5.000000e-01 5.000000e-01 1.132521e-01 5.000000e-01 5.000000e-01 1.503148e+00 -0.913174 -0.004570 0.019652 0.883011 0.019652 -0.004570 0.913174 -0.054532 -0.161463 -0.481185 -0.161463 -0.054532 0.000000 
5.000000e-01 5.000000e-01 9.991766e-02 5.000000e-01 5.000000e-01 1.508952e+00 -0.925870 -0.006116 0.009428 0.919246 0.009428 -0.006116 0.925870 -0.049450 -0.153328 -0.520314 -0.153328 -0.049450 0.000000 
5.000000e-01 5.000000e-01 8.654771e-02 5.000000e-01 5.000000e-01 1.514729e+00 -0.938593 -0.007653 -0.000993 0.955885 -0.000993 -0.007653 0.938593 -0.044034 -0.142469 -0.565589 -0.142469 -0.044034 0.000000 
5.000000e-01 5.000000e-01 7.314010e-02 5.000000e-01 5.000000e-01 1.515109e+00 -0.947721 -0.006246 0.000076 0.960061 0.000076 -0.006246 0.947721 -0.037690 -0.128207 -0.615927 -0.128207 -0.037690 0.000000 
5.000000e-01 5.000000e-01 5.969241e-02 5.000000e-01 5.000000e-01 1.515109e+00 -0.956647 -0.004623 0.001968 0.961957 0.001968 -0.004623 0.956647 -0.031046 -0.110947 -0.672662 -0.110947 -0.031046 0.000000 
5.000000e-01 5.000000e-01 4.620259e-02 5.000000e-01 5.000000e-01 1.515109e+00 -0.965640 -0.002987 0.003874 0.963867 0.003874 -0.002987 0.965640 -0.024138 -0.090068 -0.737228 -0.090068 -0.024138 0.000000 
5.000000e-01 5.000000e-01 3.266966e-02 5.000000e-01 5.000000e-01 1.515109e+00 -0.974699 -0.001339 0.005793 0.965792 0.005793 -0.001339 0.974699 -0.017036 -0.066202 -0.808224 -0.066202 -0.017036 0.000000 
5.000000e-01 5.000000e-01 1.909501e-02 5.000000e-01 5.000000e-01 1.515109e+00 -0.983822 0.000320 0.007726 0.967730 0.007726 0.000320 0.983822 -0.009769 -0.039615 -0.885055 -0.039615 -0.009769 0.000000 
5.000000e-01 5.000000e-01 5.485835e-03 5.000000e-01 5.000000e-01 1.515109e+00 -0.992998 0.001989 0.009671 0.969678 0.009671 0.001989 0.992998 -0.002386 -0.011026 -0.966174 -0.011026 -0.002386 0.000000 
5.000000e-01 5.000000e-01 4.999984e-03 5.000000e-01 5.000000e-01 1.515109e+00 -0.993325 0.002049 0.009740 0.969748 0.009740 0.002049 0.993325 -0.002121 -0.009988 -0.969108 -0.009988 -0.002121 0.000000 
5.000000e-01 5.000000e-01 4.999984e-03 5.000000e-01 5.000000e-01 1.515109e+00 -0.993325 0.002049 0.009740 0.969748 0.009740 0.002049 0.993325 -0.002121 -0.009988 -0.969108 -0.009988 -0.002121 0.000000 
5.000000e-01 5.000000e-01 4.999984e-03 5.000000e-01 5.000000e-01 1.515109e+00 -0.993325 0.002049 0.009740 0.969748 0.009740 0.002049 0.993325 -0.002121 -0.009988 -0.969108 -0.009988 -0.002121 0.000000 
5.000000e-01 5.000000e-01 4.999984e-03 5.000000e-01 5.000000e-01 1.515109e+00 -0.993325 0.002049 0.009740 0.969748 0.009740 0.002049 0.993325 -0.002121 -0.009988 -0.969108 -0.009988 -0.002121 0.000000 
5.000000e-01 5.000000e-01 4.999984e-03 5.000000e-01 5.000000e-01 1.515109e+00 -0.993325 0.002049 0.009740 0.969748 0.009740 0.002049 0.993325 -0.002121 -0.009988 -0.969108 -0.009988 -0.002121 0.000000 
5.000000e-01 5.000000e-01 4.999984e-03 5.000000e-01 5.000000e-01 1.515109e+00 -0.993325 0.002049 0.009740 0.969748 0.009740 0.002049 0.993325 -0.002121 -0.009988 -0.969108 -0.009988 -0.002121 0.000000 
5.000000e-01 5.000000e-01 4.999984e-03 5.000000e-01 5.000000e-01 1.515109e+00 -0.993325 0.002049 0.009740 0.969748 0.009740 0.002049 0.993325 -0.002121 -0.009988 -0.969108 -0.009988 -0.002121 0.000000 
5.000000e-01 5.000000e-01 4.999984e-03 5.000000e-01 5.000000e-01 1.515109e+00 -0.993325 0.002049 0.009740 0.969748 0.009740 0.002049 0.993325 -0.002121 -0.009988 -0.969108 -0.009988 -0.002121 0.000000 
5.000000e-01 5.000000e-01 4.999984e-03 5.000000e-01 5.000000e-01 1.515109e+00 -0.993325 0.002049 0.009740 0.969748 0.009740 0.002049 0.993325 -0.002121 -0.009988 -0.969108 -0.009988 -0.002121 0.000000 
5.000000e-01 5.000000e-01 4.999984e-03 5.000000e-01 5.000000e-01 1.515109e+00 -0.993325 0.002049 0.009740 0.969748 0.009740 0.002049 0.993325 -0.002121 -0.009988 -0.969108 -0.009988 -0.002121 0.000000 
5.000000e-01 5.000000e-01 4.999984e-03 5.000000e-01 5.000000e-01 1.515109e+00 -0.993325 0.002049 0.009740 0.969748 0.009740 0.002049 0.993325 -0.002121 -0.009988 -0.969108 -0.009988 -0.002121 0.000000 
5.000000e-01 5.000000e-01 4.999984e-03 5.000000e-01 5.000000e-01 1.515109e+00 -0.993325 0.002049 0.009740 0.969748 0.009740 0.002049 0.993325 -0.002121 -0.009988 -0.969108 -0.009988 -0.002121 0.000000 
5.000000e-01 5.000000e-01 4.999984e-03 5.000000e-01 5.000000e-01 1.515109e+00 -0.993325 0.002049 0.009740 0.969748 0.009740 0.002049 0.993325 -0.002121 -0.009988 -0.969108 -0.009988 -0.002121 0.000000 
5.000000e-01 5.000000e-01 4.999984e-03 5.000000e-01 5.000000e-01 1.515109e+00 -0.993325 0.002049 0.009740 0.969748 0.009740 0.002049 0.993325 -0.002121 -0.009988 -0.969108 -0.009988 -0.002121 0.000000 
5.000000e-01 5.000000e-01 4.999984e-03 5.000000e-01 5.000000e-01 1.515109e+00 -0.993325 0.002049 0.009740 0.969748 0.009740 0.002049 0.993325 -0.002121 -0.009988 -0.969108 -0.009988 -0.002121 0.000000 
5.000000e-01 5.000000e-01 4.999984e-03 5.000000e-01 5.000000e-01 1.515109e+00 -0.993325 0.002049 0.009740 0.969748 0.009740 0.002049 0.993325 -0.002121 -0.009988 -0.969108 -0.009988 -0.002121 0.000000 
5.000000e-01 5.000000e-01 4.999984e-03 5.000000e-01 5.000000e-01 1.515109e+00 -0.993325 0.002049 0.009740 0.969748 0.009740 0.002049 0.993325 -0.002121 -0.009988 -0.969108 -0.009988 -0.002121 0.000000 
5.000000e-01 5.000000e-01 4.999984e-03 5.000000e-01 5.000000e-01 1.515109e+00 -0.993325 0.002049 0.009740 0.969748 0.009740 0.002049 0.993325 -0.002121 -0.009988 -0.969108 -0.009988 -0.002121 0.000000 
5.000000e-01 5.000000e-01 4.999984e-03 5.000000e-01 5.000000e-01 1.515109e+00 -0.993325 0.002049 0.009740 0.969748 0.009740 0.002049 0.993325 -0.002121 -0.009988 -0.969108 -0.009988 -0.002121 0.000000 
5.000000e-01 5.000000e-01 4.999984e-03 5.000000e-01 5.000000e-01 1.515109e+00 -0.993325 0.002049 0.009740 0.969748 0.009740 0.002049 0.993325 -0.002121 -0.009988 -0.969108 -0.009988 -0.002121 0.000000 
5.000000e-01 5.000000e-01 4.999984e-03 5.000000e-01 5.000000e-01 1.515109e+00 -0.993325 0.002049 0.009740 0.969748 0.009740 0.002049 0.993325 -0.002121 -0.009988 -0.969108 -0.009988 -0.002121 0.000000 
5.000000e-01 5.000000e-01 4.999984e-03 5.000000e-01 5.000000e-01 1.515109e+00 -0.993325 0.002049 0.009740 0.969748 0.009740 0.002049 0.993325 -0.002121 -0.009988 -0.969108 -0.009988 -0.002121 0.000000 
5.000000e-01 5.000000e-01 4.999984e-03 5.000000e-01 5.000000e-01 1.515109e+00 -0.993325 0.002049 0.009740 0.969748 0.009740 0.002049 0.993325 -0.002121 -0.009988 -0.969108 -0.009988 -0.002121 0.000000 
5.000000e-01 5.000000e-01 4.999984e-03 5.000000e-01 5.000000e-01 1.515109e+00 -0.993325 0.002049 0.009740 0.969748 0.009740 0.002049 0.993325 -0.002121 -0.009988 -0.969108 -0.009988 -0.002121 0.000000 
5.000000e-01 5.000000e-01 4.999984e-03 5.000000e-01 5.000000e-01 1.515109e+00 -0.993325 0.002049 0.009740 0.969748 0.009740 0.002049 0.993325 -0.002121 -0.009988 -0.969108 -0.009988 -0.002121 0.000000 
5.000000e-01 5.000000e-01 4.999984e-03 5.000000e-01 5.000000e-01 1.515109e+00 -0.993325 0.002049 0.009740 0.969748 0.009740 0.002049 0.993325 -0.002121 -0.009988 -0.969108 -0.009988 -0.002121 0.000000 
5.000000e-01 5.000000e-01 4.999984e-03 5.000000e-01 5.000000e-01 1.515109e+00 -0.993325 0.002049 0.009740 0.969748 0.009740 0.002049 0.993325 -0.002121 -0.009988 -0.969108 -0.009988 -0.002121 0.000000 
5.000000e-01 5.000000e-01 4.999984e-03 5.000000e-01 5.000000e-01 1.515109e+00 -0.993325 0.002049 0.009740 0.969748 0.009740 0.002049 0.993325 -0.002121 -0.009988 -0.969108 -0.009988 -0.002121 0.000000 
5.000000e-01 5.000000e-01 4.999984e-03 5.000000e-01 5.000000e-01 1.515109e+00 -0.993325 0.002049 0.009740 0.969748 0.009740 0.002049 0.993325 -0.002121 -0.009988 -0.969108 -0.009988 -0.002121 0.000000 
5.000000e-01 5.000000e-01 4.999984e-03 5.000000e-01 5.000000e-01 1.515109e+00 -0.993325 0.002049 0.009740 0.969748 0.009740 0.002049 0.993325 -0.002121 -0.009988 -0.969108 -0.009988 -0.002121 0.000000 
5.000000e-01 5.000000e-01 4.999984e-03 5.000000e-01 5.000000e-01 1.515109e+00 -0.993325 0.002049 0.009740 0.969748 0.009740 0.002049 0.993325 -0.002121 -0.009988 -0.969108 -0.009988 -0.002121 0.000000 
5.000000e-01 5.000000e-01 4.999984e-03 5.000000e-01 5.000000e-01 1.515109e+00 -0.993325 0.002049 0.009740 0.969748 0.009740 0.002049 0.993325 -0.002121 -0.009988 -0.969108 -0.009988 -0.002121 0.000000 
5.000000e-01 5.000000e-01 4.999984e-03 5.000000e-01 5.000000e-01 1.515109e+00 -0.993325 0.002049 0.009740 0.969748 0.009740 0.002049 0.993325 -0.002121 -0.009988 -0.969108 -0.009988 -0.002121 0.000000 
5.000000e-01 5.000000e-01 4.999984e-03 5.000000e-01 5.000000e-01 1.515109e+00 -0.993325 0.002049 0.009740 0.969748 0.009740 0.002049 0.993325 -0.002121 -0.009988 -0.969108 -0.009988 -0.002121 0.000000 
5.000000e-01 5.000000e-01 4.999984e-03 5.000000e-01 5.000000e-01 1.515109e+00 -0.993325 0.002049 0.009740 0.969748 0.009740 0.002049 0.993325 -0.002121 -0.009988 -0.969108 -0.009988 -0.002121 0.000000 
5.000000e-01 5.000000e-01 4.999984e-03 5.000000e-01 5.000000e-01 1.515109e+00 -0.993325 0.002049 0.009740 0.969748 0.009740 0.002049 0.993325 -0.002121 -0.009988 -0.969108 -0.009988 -0.002121 0.000000 
5.000000e-01 5.000000e-01 4.999984e-03 5.000000e-01 5.000000e-01 1.515109e+00 -0.993325 0.002049 0.009740 0.969748 0.009740 0.002049 0.993325 -0.002121 -0.009988 -0.969108 -0.009988 -0.002121 0.000000 
5.000000e-01 5.000000e-01 4.999984e-03 5.000000e-01 5.000000e-01 1.515109e+00 -0.993325 0.002049 0.009740 0.969748 0.009740 0.002049 0.993325 -0.002121 -0.009988 -0.969108 -0.009988 -0.002121 0.000000 
5.000000e-01 5.000000e-01 4.999984e-03 5.000000e-01 5.000000e-01 1.515109e+00 -0.993325 0.002049 0.009740 0.969748 0.009740 0.002049 0.993325 -0.002121 -0.009988 -0.969108 -0.009988 -0.002121 0.000000 
5.000000e-01 5.000000e-01 4.999984e-03 5.000000e-01 5.000000e-01 1.515109e+00 -0.993325 0.002049 0.009740 0.969748 0.009740 0.002049 0.993325 -0.002121 -0.009988 -0.969108 -0.009988 -0.002121 0.000000 
5.000000e-01 5.000000e-01 4.999984e-03 5.000000e-01 5.000000e-01 1.515109e+00 -0.993325 0.002049 0.009740 0.969748 0.009740 0.002049 0.993325 -0.002121 -0.009988 -0.969108 -0.009988 -0.002121 0.000000 
5.000000e-01 5.000000e-01 4.999984e-03 5.000000e-01 5.000000e-01 1.515109e+00 -0.993325 0.002049 0.009740 0.969748 0.009740 0.002049 0.993325 -0.002121 -0.009988 -0.969108 -0.009988 -0.002121 0.000000 
5.000000e-01 5.000000e-01 4.999984e-03 5.000000e-01 5.000000e-01 1.515109e+00 -0.993325 0.002049 0.009740 0.969748 0.009740 0.002049 0.993325 -0.002121 -0.009988 -0.969108 -0.009988 -0.002121 0.000000 
5.000000e-01 5.000000e-01 4.999984e-03 5.000000e-01 5.000000e-01 1.515109e+00 -0.993325 0.002049 0.009740 0.969748 0.009740 0.002049 0.993325 -0.002121 -0.009988 -0.969108 -0.009988 -0.002121 0.000000 
5.000000e-01 5.000000e-01 4.999984e-03 5.000000e-01 5.000000e-01 1.515109e+00 -0.993325 0.002049 0.009740 0.969748 0.009740 0.002049 0.993325 -0.002121 -0.009988 -0.969108 -0.009988 -0.002121 0.000000 
5.000000e-01 5.000000e-01 4.999984e-03 5.000000e-01 5.000000e-01 1.515109e+00 -0.993325 0.002049 0.009740 0.969748 0.009740 0.002049 0.993325 -0.002121 -0.009988 -0.969108 -0.009988 -0.002121 0.000000 
5.000000e-01 5.000000e-01 4.999984e-03 5.000000e-01 5.000000e-01 1.515109e+00 -0.993325 0.002049 0.009740 0.969748 0.009740 0.002049 0.993325 -0.002121 -0.009988 -0.969108 -0.009988 -0.002121 0.000000 
5.000000e-01 5.000000e-01 4.999984e-03 5.000000e-01 5.000000e-01 1.515109e+00 -0.993325 0.002049 0.009740 0.969748 0.009740 0.002049 0.993325 -0.002121 -0.009988 -0.969108 -0.009988 -0.002121 0.000000 
5.000000e-01 5.000000e-01 4.999984e-03 5.000000e-01 5.000000e-01 1.515109e+00 -0.993325 0.002049 0.009740 0.969748 0.009740 0.002049 0.993325 -0.002121 -0.009988 -0.969108 -0.009988 -0.002121 0.000000 
5.000000e-01 5.000000e-01 4.999984e-03 5.000000e-01 5.000000e-01 1.515109e+00 -0.993325 0.002049 0.009740 0.969748 0.009740 0.002049 0.993325 -0.002121 -0.009988 -0.969108 -0.009988 -0.002121 0.000000 
5.000000e-01 5.000000e-01 4.999984e-03 5.000000e-01 5.000000e-01 1.515109e+00 -0.993325 0.002049 0.009740 0.969748 0.009740 0.002049 0.993325 -0.002121 -0.009988 -0.969108 -0.009988 -0.002121 0.000000 
5.000000e-01 5.000000e-01 4.999984e-03 5.000000e-01 5.000000e-01 1.515109e+00 -0.993325 0.002049 0.009740 0.969748 0.009740 0.002049 0.993325 -0.002121 -0.009988 -0.969108 -0.009988 -0.002121 0.000000 
5.000000e-01 5.000000e-01 4.999984e-03 5.000000e-01 5.000000e-01 1.515109e+00 -0.993325 0.002049 0.009740 0.969748 0.009740 0.002049 0.993325 -0.002121 -0.009988 -0.969108 -0.009988 -0.002121 0.000000 
5.000000e-01 5.000000e-01 4.999984e-03 5.000000e-01 5.000000e-01 1.515109e+00 -0.993325 0.002049 0.009740 0.969748 0.009740 0.002049 0.993325 -0.002121 -0.009988 -0.969108 -0.009988 -0.002121 0.000000 
5.000000e-01 5.000000e-01 4.999984e-03 5.000000e-01 5.000000e-01 1.515109e+00 -0.993325 0.002049 0.009740 0.969748 0.009740 0.002049 0.993325 -0.002121 -0.009988 -0.969108 -0.009988 -0.002121 0.000000 
5.000000e-01 5.000000e-01 4.999984e-03 5.000000e-01 5.000000e-01 1.515109e+00 -0.993325 0.002049 0.009740 0.969748 0.009740 0.002049 0.993325 -0.002121 -0.009988 -0.969108 -0.009988 -0.002121 0.000000 
5.000000e-01 5.000000e-01 4.999984e-03 5.000000e-01 5.000000e-01 1.515109e+00 -0.993325 0.002049 0.009740 0.969748 0.009740 0.002049 0.993325 -0.002121 -0.009988 -0.969108 -0.009988 -0.002121 0.000000 
5.000000e-01 5.000000e-01 4.999984e-03 5.000000e-01 5.000000e-01 1.515109e+00 -0.993325 0.002049 0.009740 0.969748 0.009740 0.002049 0.993325 -0.002121 -0.009988 -0.969108 -0.009988 -0.002121 0.000000 
5.000000e-01 5.000000e-01 4.999984e-03 5.000000e-01 5.000000e-01 1.515109e+00 -0.993325 0.002049 0.009740 0.969748 0.009740 0.002049 0.993325 -0.002121 -0.009988 -0.969108 -0.009988 -0.002121 0.000000 
5.000000e-01 5.000000e-01 4.999984e-03 5.000000e-01 5.000000e-01 1.515109e+00 -0.993325 0.002049 0.009740 0.969748 0.009740 0.002049 0.993325 -0.002121 -0.009988 -0.969108 -0.009988 -0.002121 0.000000 
5.000000e-01 5.000000e-01 4.999984e-03 5.000000e-01 5.000000e-01 1.515109e+00 -0.993325 0.002049 0.009740 0.969748 0.009740 0.002049 0.993325 -0.002121 -0.009988 -0.969108 -0.009988 -0.002121 0.000000 
5.000000e-01 5.000000e-01 4.999984e-03 5.000000e-01 5.000000e-01 1.515109e+00 -0.993325 0.002049 0.009740 0.969748 0.009740 0.002049 0.993325 -0.002121 -0.009988 -0.969108 -0.009988 -0.002121 0.000000 
5.000000e-01 5.000000e-01 4.999984e-03 5.000000e-01 5.000000e-01 1.515109e+00 -0.993325 0.002049 0.009740 0.969748 0.009740 0.002049 0.993325 -0.002121 -0.009988 -0.969108 -0.009988 -0.002121 0.000000 
5.000000e-01 5.000000e-01 4.999984e-03 5.000000e-01 5.000000e-01 1.515109e+00 -0.993325 0.002049 0.009740 0.969748 0.009740 0.002049 0.993325 -0.002121 -0.009988 -0.969108 -0.009988 -0.002121 0.000000 
5.000000e-01 5.000000e-01 4.999984e-03 5.000000e-01 5.000000e-01 1.515109e+00 -0.993325 0.002049 0.009740 0.969748 0.009740 0.002049 0.993325 -0.002121 -0.009988 -0.969108 -0.009988 -0.002121 0.000000 
5.000000e-01 5.000000e-01 4.999984e-03 5.000000e-01 5.000000e-01 1.515109e+00 -0.993325 0.002049 0.009740 0.969748 0.009740 0.002049 0.993325 -0.002121 -0.009988 -0.969108 -0.009988 -0.002121 0.000000 
5.000000e-01 5.000000e-01 4.999984e-03 5.000000e-01 5.000000e-01 1.515109e+00 -0.993325 0.002049 0.009740 0.969748 0.009740 0.002049 0.993325 -0.002121 -0.009988 -0.969108 -0.009988 -0.002121 0.000000 
5.000000e-01 5.000000e-01 4.999984e-03 5.000000e-01 5.000000e-01 1.515109e+00 -0.993325 0.002049 0.009740 0.969748 0.009740 0.002049 0.993325 -0.002121 -0.009988 -0.969108 -0.009988 -0.002121 0.000000 
5.000000e-01 5.000000e-01 4.999984e-03 5.000000e-01 5.000000e-01 1.515109e+00 -0.993325 0.002049 0.009740 0.969748 0.009740 0.002049 0.993325 -0.002121 -0.009988 -0.969108 -0.009988 -0.002121 0.000000 
5.000000e-01 5.000000e-01 4.999984e-03 5.000000e-01 5.000000e-01 1.515109e+00 -0.993325 0.002049 0.009740 0.969748 0.009740 0.002049 0.993325 -0.002121 -0.009988 -0.969108 -0.009988 -0.002121 0.000000 
5.000000e-01 5.000000e-01 4.999984e-03 5.000000e-01 5.000000e-01 1.515109e+00 -0.993325 0.002049 0.009740 0.969748 0.009740 0.002049 0.993325 -0.002121 -0.009988 -0.969108 -0.009988 -0.002121 0.000000 
5.000000e-01 5.000000e-01 4.999984e-03 5.000000e-01 5.000000e-01 1.515109e+00 -0.993325 0.002049 0.009740 0.969748 0.009740 0.002049 0.993325 -0.002121 -0.009988 -0.969108 -0.009988 -0.002121 0.000000 
5.000000e-01 5.000000e-01 4.999984e-03 5.000000e-01 5.000000e-01 1.515109e+00 -0.993325 0.002049 0.009740 0.969748 0.009740 0.002049 0.993325 -0.002121 -0.009988 -0.969108 -0.009988 -0.002121 0.000000 
5.000000e-01 5.000000e-01 4.999984e-03 5.000000e-01 5.000000e-01 1.515109e+00 -0.993325 0.002049 0.009740 0.969748 0.009740 0.002049 0.993325 -0.002121 -0.009988 -0.969108 -0.009988 -0.002121 0.000000 
5.000000e-01 5.000000e-01 4.999984e-03 5.000000e-01 5.000000e-01 1.515109e+00 -0.993325 0.002049 0.009740 0.969748 0.009740 0.002049 0.993325 -0.002121 -0.009988 -0.969108 -0.009988 -0.002121 0.000000 
5.000000e-01 5.000000e-01 4.999984e-03 5.000000e-01 5.000000e-01 1.515109e+00 -0.993325 0.002049 0.009740 0.969748 0.009740 0.002049 0.993325 -0.002121 -0.009988 -0.969108 -0.009988 -0.002121 0.000000 
5.000000e-01 5.000000e-01 4.999984e-03 5.000000e-01 5.000000e-01 1.515109e+00 -0.993325 0.002049 0.009740 0.969748 0.009740 0.002049 0.993325 -0.002121 -0.009988 -0.969108 -0.009988 -0.002121 0.000000 
5.000000e-01 5.000000e-01 4.999984e-03 5.000000e-01 5.000000e-01 1.515109e+00 -0.993325 0.002049 0.009740 0.969748 0.009740 0.002049 0.993325 -0.002121 -0.009988 -0.969108 -0.009988 -0.002121 0.000000 
5.000000e-01 5.000000e-01 4.999984e-03 5.000000e-01 5.000000e-01 1.515109e+00 -0.993325 0.002049 0.009740 0.969748 0.009740 0.002049 0.993325 -0.002121 -0.009988 -0.969108 -0.009988 -0.002121 0.000000 
5.000000e-01 5.000000e-01 4.999984e-03 5.000000e-01 5.000000e-01 1.515109e+00 -0.993325 0.002049 0.009740 0.969748 0.009740 0.002049 0.993325 -0.002121 -0.009988 -0.969108 -0.009988 -0.002121 0.000000 
5.000000e-01 5.000000e-01 4.999984e-03 5.000000e-01 5.000000e-01 1.515109e+00 -0.993325 0.002049 0.009740 0.969748 0.009740 0.002049 0.993325 -0.002121 -0.009988 -0.969108 -0.009988 -0.002121 0.000000 
5.000000e-01 5.000000e-01 4.999984e-03 5.000000e-01 5.000000e-01 1.515109e+00 -0.993325 0.002049 0.009740 0.969748 0.009740 0.002049 0.993325 -0.002121 -0.009988 -0.969108 -0.009988 -0.002121 0.000000 
5.000000e-01 5.000000e-01 4.999984e-03 5.000000e-01 5.000000e-01 1.515109e+00 -0.993325 0.002049 0.009740 0.969748 0.009740 0.002049 0.993325 -0.002121 -0.009988 -0.969108 -0.009988 -0.002121 0.000000 
5.000000e-01 5.000000e-01 4.999984e-03 5.000000e-01 5.000000e-01 1.515109e+00 -0.993325 0.002049 0.009740 0.969748 0.009740 0.002049 0.993325 -0.002121 -0.009988 -0.969108 -0.009988 -0.002121 0.000000 
5.000000e-01 5.000000e-01 4.999984e-03 5.000000e-01 5.000000e-01 1.515109e+00 -0.993325 0.002049 0.009740 0.969748 0.009740 0.002049 0.993325 -0.002121 -0.009988 -0.969108 -0.009988 -0.002121 0.000000 
5.000000e-01 5.000000e-01 4.999984e-03 5.000000e-01 5.000000e-01 1.515109e+00 -0.993325 0.002049 0.009740 0.969748 0.009740 0.002049 0.993325 -0.002121 -0.009988 -0.969108 -0.009988 -0.002121 0.000000 
5.000000e-01 5.000000e-01 4.999984e-03 5.000000e-01 5.000000e-01 1.515109e+00 -0.993325 0.002049 0.009740 0.969748 0.009740 0.002049 0.993325 -0.002121 -0.009988 -0.969108 -0.009988 -0.002121 0.000000 
5.000000e-01 5.000000e-01 4.999984e-03 5.000000e-01 5.000000e-01 1.515109e+00 -0.993325 0.002049 0.009740 0.969748 0.009740 0.002049 0.993325 -0.002121 -0.009988 -0.969108 -0.009988 -0.002121 0.000000 
5.000000e-01 5.000000e-01 4.999984e-03 5.000000e-01 5.000000e-01 1.515109e+00 -0.993325 0.002049 0.009740 0.969748 0.009740 0.002049 0.993325 -0.002121 -0.009988 -0.969108 -0.009988 -0.002121 0.000000 
5.000000e-01 5.000000e-01 4.999984e-03 5.000000e-01 5.000000e-01 1.515109e+00 -0.993325 0.002049 0.009740 0.969748 0.009740 0.002049 0.993325 -0.002121 -0.009988 -0.969108 -0.009988 -0.002121 0.000000 
5.000000e-01 5.000000e-01 4.999984e-03 5.000000e-01 5.000000e-01 1.515109e+00 -0.993325 0.002049 0.009740 0.969748 0.009740 0.002049 0.993325 -0.002121 -0.009988 -0.969108 -0.009988 -0.002121 0.000000 
5.000000e-01 5.000000e-01 4.999984e-03 5.000000e-01 5.000000e-01 1.515109e+00 -0.993325 0.002049 0.009740 0.969748 0.009740 0.002049 0.993325 -0.002121 -0.009988 -0.969108 -0.009988 -0.002121 0.000000 
5.000000e-01 5.000000e-01 4.999984e-03 5.000000e-01 5.000000e-01 1.515109e+00 -0.993325 0.002049 0.009740 0.969748 0.009740 0.002049 0.993325 -0.002121 -0.009988 -0.969108 -0.009988 -0.002121 0.000000 
5.000000e-01 5.000000e-01 4.999984e-03 5.000000e-01 5.000000e-01 1.515109e+00 -0.993325 0.002049 0.009740 0.969748 0.009740 0.002049 0.993325 -0.002121 -0.009988 -0.969108 -0.009988 -0.002121 0.000000 
5.000000e-01 5.000000e-01 4.999984e-03 5.000000e-01 5.000000e-01 1.515109e+00 -0.993325 0.002049 0.009740 0.969748 0.009740 0.002049 0.993325 -0.002121 -0.009988 -0.969108 -0.009988 -0.002121 0.000000 
5.000000e-01 5.000000e-01 4.999984e-03 5.000000e-01 5.000000e-01 1.515109e+00 -0.993325 0.002049 0.009740 0.969748 0.009740 0.002049 0.993325 -0.002121 -0.009988 -0.969108 -0.009988 -0.002121 0.000000 
5.000000e-01 5.000000e-01 4.999984e-03 5.000000e-01 5.000000e-01 1.515109e+00 -0.993325 0.002049 0.009740 0.969748 0.009740 0.002049 0.993325 -0.002121 -0.009988 -0.969108 -0.009988 -0.002121 0.000000 
5.000000e-01 5.000000e-01 4.999984e-03 5.000000e-01 5.000000e-01 1.515109e+00 -0.993325 0.002049 0.009740 0.969748 0.009740 0.002049 0.993325 -0.002121 -0.009988 -0.969108 -0.009988 -0.002121 0.000000 
5.000000e-01 5.000000e-01 4.999984e-03 5.000000e-01 5.000000e-01 1.515109e+00 -0.993325 0.002049 0.009740 0.969748 0.009740 0.002049 0.993325 -0.002121 -0.009988 -0.969108 -0.009988 -0.002121 0.000000 
5.000000e-01 5.000000e-01 4.999984e-03 5.000000e-01 5.000000e-01 1.515109e+00 -0.993325 0.002049 0.009740 0.969748 0.009740 0.002049 0.993325 -0.002121 -0.009988 -0.969108 -0.009988 -0.002121 0.000000 
5.000000e-01 5.000000e-01 4.999984e-03 5.000000e-01 5.000000e-01 1.515109e+00 -0.993325 0.002049 0.009740 0.969748 0.009740 0.002049 0.993325 -0.002121 -0.009988 -0.969108 -0.009988 -0.002121 0.000000 
5.000000e-01 5.000000e-01 4.999984e-03 5.000000e-01 5.000000e-01 1.515109e+00 -0.993325 0.002049 0.009740 0.969748 0.009740 0.002049 0.993325 -0.002121 -0.009988 -0.969108 -0.009988 -0.002121 0.000000 
5.000000e-01 5.000000e-01 4.999984e-03 5.000000e-01 5.000000e-01 1.515109e+00 -0.993325 0.002049 0.009740 0.969748 0.009740 0.002049 0.993325 -0.002121 -0.009988 -0.969108 -0.009988 -0.002121 0.000000 
5.000000e-01 5.000000e-01 4.999984e-03 5.000000e-01 5.000000e-01 1.515109e+00 -0.993325 0.002049 0.009740 0.969748 0.009740 0.002049 0.993325 -0.002121 -0.009988 -0.969108 -0.009988 -0.002121 0.000000 
5.000000e-01 5.000000e-01 4.999984e-03 5.000000e-01 5.000000e-01 1.515109e+00 -0.993325 0.002049 0.009740 0.969748 0.009740 0.002049 0.993325 -0.002121 -0.009988 -0.969108 -0.009988 -0.002121 0.000000 
5.000000e-01 5.000000e-01 4.999984e-03 5.000000e-01 5.000000e-01 1.515109e+00 -0.993325 0.002049 0.009740 0.969748 0.009740 0.002049 0.993325 -0.002121 -0.009988 -0.969108 -0.009988 -0.002121 0.000000 
5.000000e-01 5.000000e-01 4.999984e-03 5.000000e-01 5.000000e-01 1.515109e+00 -0.993325 0.002049 0.009740 0.969748 0.009740 0.002049 0.993325 -0.002121 -0.009988 -0.969108 -0.009988 -0.002121 0.000000 
5.000000e-01 5.000000e-01 4.999984e-03 5.000000e-01 5.000000e-01 1.515109e+00 -0.993325 0.002049 0.009740 0.969748 0.009740 0.002049 0.993325 -0.002121 -0.009988 -0.969108 -0.009988 -0.002121 0.000000 
5.000000e-01 5.000000e-01 4.999984e-03 5.000000e-01 5.000000e-01 1.515109e+00 -0.993325 0.002049 0.009740 0.969748 0.009740 0.002049 0.993325 -0.002121 -0.009988 -0.969108 -0.009988 -0.002121 0.000000 
5.000000e-01 5.000000e-01 4.999984e-03 5.000000e-01 5.000000e-01 1.515109e+00 -0.993325 0.002049 0.009740 0.969748 0.009740 0.002049 0.993325 -0.002121 -0.009988 -0.969108 -0.009988 -0.002121 0.000000 
5.000000e-01 5.000000e-01 4.999984e-03 5.000000e-01 5.000000e-01 1.515109e+00 -0.993325 0.002049 0.009740 0.969748 0.009740 0.002049 0.993325 -0.002121 -0.009988 -0.969108 -0.009988 -0.002121 0.000000 
5.000000e-01 5.000000e-01 4.999984e-03 5.000000e-01 5.000000e-01 1.515109e+00 -0.993325 0.002049 0.009740 0.969748 0.009740 0.002049 0.993325 -0.002121 -0.009988 -0.969108 -0.009988 -0.002121 0.000000 
5.000000e-01 5.000000e-01 4.999984e-03 5.000000e-01 5.000000e-01 1.515109e+00 -0.993325 0.002049 0.009740 0.969748 0.009740 0.002049 0.993325 -0.002121 -0.009988 -0.969108 -0.009988 -0.002121 0.000000 
5.000000e-01 5.000000e-01 4.999984e-03 5.000000e-01 5.000000e-01 1.515109e+00 -0.993325 0.002049 0.009740 0.969748 0.009740 0.002049 0.993325 -0.002121 -0.009988 -0.969108 -0.009988 -0.002121 0.000000 
5.000000e-01 5.000000e-01 4.999984e-03 5.000000e-01 5.000000e-01 1.515109e+00 -0.993325 0.002049 0.009740 0.969748 0.009740 0.002049 0.993325 -0.002121 -0.009988 -0.969108 -0.009988 -0.002121 0.000000 
5.000000e-01 5.000000e-01 4.999984e-03 5.000000e-01 5.000000e-01 1.515109e+00 -0.993325 0.002049 0.009740 0.969748 0.009740 0.002049 0.993325 -0.002121 -0.009988 -0.969108 -0.009988 -0.002121 0.000000 
5.000000e-01 5.000000e-01 4.999984e-03 5.000000e-01 5.000000e-01 1.515109e+00 -0.993325 0.002049 0.009740 0.969748 0.009740 0.002049 0.993325 -0.002121 -0.009988 -0.969108 -0.009988 -0.002121 0.000000 
5.000000e-01 5.000000e-01 4.999984e-03 5.000000e-01 5.000000e-01 1.515109e+00 -0.993325 0.002049 0.009740 0.969748 0.009740 0.002049 0.993325 -0.002121 -0.009988 -0.969108 -0.009988 -0.002121 0.000000 
5.000000e-01 5.000000e-01 4.999984e-03 5.000000e-01 5.000000e-01 1.515109e+00 -0.993325 0.002049 0.009740 0.969748 0.009740 0.002049 0.993325 -0.002121 -0.009988 -0.969108 -0.009988 -0.002121 0.000000 
5.000000e-01 5.000000e-01 4.999984e-03 5.000000e-01 5.000000e-01 1.515109e+00 -0.993325 0.002049 0.009740 0.969748 0.009740 0.002049 0.993325 -0.002121 -0.009988 -0.969108 -0.009988 -0.002121 0.000000 
5.000000e-01 5.000000e-01 4.999984e-03 5.000000e-01 5.000000e-01 1.515109e+00 -0.993325 0.002049 0.009740 0.969748 0.009740 0.002049 0.993325 -0.002121 -0.009988 -0.969108 -0.009988 -0.002121 0.000000 
5.000000e-01 5.000000e-01 4.999984e-03 5.000000e-01 5.000000e-01 1.515109e+00 -0.993325 0.002049 0.009740 0.969748 0.009740 0.002049 0.993325 -0.002121 -0.009988 -0.969108 -0.009988 -0.002121 0.000000 
5.000000e-01 5.000000e-01 4.999984e-03 5.000000e-01 5.000000e-01 1.515109e+00 -0.993325 0.002049 0.009740 0.969748 0.009740 0.002049 0.993325 -0.002121 -0.009988 -0.969108 -0.009988 -0.002121 0.000000 
5.000000e-01 5.000000e-01 4.999984e-03 5.000000e-01 5.000000e-01 1.515109e+00 -0.993325 0.002049 0.009740 0.969748 0.009740 0.002049 0.993325 -0.002121 -0.009988 -0.969108 -0.009988 -0.002121 0.000000 
5.000000e-01 5.000000e-01 4.999984e-03 5.000000e-01 5.000000e-01 1.515109e+00 -0.993325 0.002049 0.009740 0.969748 0.009740 0.002049 0.993325 -0.002121 -0.009988 -0.969108 -0.009988 -0.002121 0.000000 
5.000000e-01 5.000000e-01 4.999984e-03 5.000000e-01 5.000000e-01 1.515109e+00 -0.993325 0.002049 0.009740 0.969748 0.009740 0.002049 0.993325 -0.002121 -0.009988 -0.969108 -0.009988 -0.002121 0.000000 
5.000000e-01 5.000000e-01 4.999984e-03 5.000000e-01 5.000000e-01 1.515109e+00 -0.993325 0.002049 0.009740 0.969748 0.009740 0.002049 0.993325 -0.002121 -0.009988 -0.969108 -0.009988 -0.002121 0.000000 
5.000000e-01 5.000000e-01 4.999984e-03 5.000000e-01 5.000000e-01 1.515109e+00 -0.993325 0.002049 0.009740 0.969748 0.009740 0.002049 0.993325 -0.002121 -0.009988 -0.969108 -0.009988 -0.002121 0.000000 
5.000000e-01 5.000000e-01 4.999984e-03 5.000000e-01 5.000000e-01 1.515109e+00 -0.993325 0.002049 0.009740 0.969748 0.009740 0.002049 0.993325 -0.002121 -0.009988 -0.969108 -0.009988 -0.002121 0.000000 
5.000000e-01 5.000000e-01 4.999984e-03 5.000000e-01 5.000000e-01 1.515109e+00 -0.993325 0.002049 0.009740 0.969748 0.009740 0.002049 0.993325 -0.002121 -0.009988 -0.969108 -0.009988 -0.002121 0.000000 
5.000000e-01 5.000000e-01 4.999984e-03 5.000000e-01 5.000000e-01 1.515109e+00 -0.993325 0.002049 0.009740 0.969748 0.009740 0.002049 0.993325 -0.002121 -0.009988 -0.969108 -0.009988 -0.002121 0.000000 
5.000000e-01 5.000000e-01 4.999984e-03 5.000000e-01 5.000000e-01 1.515109e+00 -0.993325 0.002049 0.009740 0.969748 0.009740 0.002049 0.993325 -0.002121 -0.009988 -0.969108 -0.009988 -0.002121 0.000000 
5.000000e-01 5.000000e-01 4.999984e-03 5.000000e-01 5.000000e-01 1.515109e+00 -0.993325 0.002049 0.009740 0.969748 0.009740 0.002049 0.993325 -0.002121 -0.009988 -0.969108 -0.009988 -0.002121 0.000000 
5.000000e-01 5.000000e-01 4.999984e-03 5.000000e-01 5.000000e-01 1.515109e+00 -0.993325 0.002049 0.009740 0.969748 0.009740 0.002049 0.993325 -0.002121 -0.009988 -0.969108 -0.009988 -0.002121 0.000000 
5.000000e-01 5.000000e-01 4.999984e-03 5.000000e-01 5.000000e-01 1.515109e+00 -0.993325 0.002049 0.009740 0.969748 0.009740 0.002049 0.993325 -0.002121 -0.009988 -0.969108 -0.009988 -0.002121 0.000000 
5.000000e-01 5.000000e-01 4.999984e-03 5.000000e-01 5.000000e-01 1.515109e+00 -0.993325 0.002049 0.009740 0.969748 0.009740 0.002049 0.993325 -0.002121 -0.009988 -0.969108 -0.009988 -0.002121 0.000000 
5.000000e-01 5.000000e-01 4.999984e-03 5.000000e-01 5.000000e-01 1.515109e+00 -0.993325 0.002049 0.009740 0.969748 0.009740 0.002049 0.993325 -0.002121 -0.009988 -0.969108 -0.009988 -0.002121 0.000000 
5.000000e-01 5.000000e-01 4.999984e-03 5.000000e-01 5.000000e-01 1.515109e+00 -0.993325 0.002049 0.009740 0.969748 0.009740 0.002049 0.993325 -0.002121 -0.009988 -0.969108 -0.009988 -0.002121 0.000000 
5.000000e-01 5.000000e-01 4.999984e-03 5.000000e-01 5.000000e-01 1.515109e+00 -0.993325 0.002049 0.009740 0.969748 0.009740 0.002049 0.993325 -0.002121 -0.009988 -0.969108 -0.009988 -0.002121 0.000000 
5.000000e-01 5.000000e-01 4.999984e-03 5.000000e-01 5.000000e-01 1.515109e+00 -0.993325 0.002049 0.009740 0.969748 0.009740 0.002049 0.993325 -0.002121 -0.009988 -0.969108 -0.009988 -0.002121 0.000000 
5.000000e-01 5.000000e-01 4.999984e-03 5.000000e-01 5.000000e-01 1.515109e+00 -0.993325 0.002049 0.009740 0.969748 0.009740 0.002049 0.993325 -0.002121 -0.009988 -0.969108 -0.009988 -0.002121 0.000000 
5.000000e-01 5.000000e-01 4.999984e-03 5.000000e-01 5.000000e-01 1.515109e+00 -0.993325 0.002049 0.009740 0.969748 0.009740 0.002049 0.993325 -0.002121 -0.009988 -0.969108 -0.009988 -0.002121 0.000000 
5.000000e-01 5.000000e-01 4.999984e-03 5.000000e-01 5.000000e-01 1.515109e+00 -0.993325 0.002049 0.009740 0.969748 0.009740 0.002049 0.993325 -0.002121 -0.009988 -0.969108 -0.009988 -0.002121 0.000000 
5.000000e-01 5.000000e-01 4.999984e-03 5.000000e-01 5.000000e-01 1.515109e+00 -0.993325 0.002049 0.009740 0.969748 0.009740 0.002049 0.993325 -0.002121 -0.009988 -0.969108 -0.009988 -0.002121 0.000000 
5.000000e-01 5.000000e-01 4.999984e-03 5.000000e-01 5.000000e-01 1.515109e+00 -0.993325 0.002049 0.009740 0.969748 0.009740 0.002049 0.993325 -0.002121 -0.009988 -0.969108 -0.009988 -0.002121 0.000000 
5.000000e-01 5.000000e-01 4.999984e-03 5.000000e-01 5.000000e-01 1.515109e+00 -0.993325 0.002049 0.009740 0.969748 0.009740 0.002049 0.993325 -0.002121 -0.009988 -0.969108 -0.009988 -0.002121 0.000000 
5.000000e-01 5.000000e-01 4.999984e-03 5.000000e-01 5.000000e-01 1.515109e+00 -0.993325 0.002049 0.009740 0.969748 0.009740 0.002049 0.993325 -0.002121 -0.009988 -0.969108 -0.009988 -0.002121 0.000000 
5.000000e-01 5.000000e-01 4.999984e-03 5.000000e-01 5.000000e-01 1.515109e+00 -0.993325 0.002049 0.009740 0.969748 0.009740 0.002049 0.993325 -0.002121 -0.009988 -0.969108 -0.009988 -0.002121 0.000000 
5.000000e-01 5.000000e-01 4.999984e-03 5.000000e-01 5.000000e-01 1.515109e+00 -0.993325 0.002049 0.009740 0.969748 0.009740 0.002049 0.993325 -0.002121 -0.009988 -0.969108 -0.009988 -0.002121 0.000000 
5.000000e-01 5.000000e-01 4.999984e-03 5.000000e-01 5.000000e-01 1.515109e+00 -0.993325 0.002049 0.009740 0.969748 0.009740 0.002049 0.993325 -0.002121 -0.009988 -0.969108 -0.009988 -0.002121 0.000000 
5.000000e-01 5.000000e-01 4.999984e-03 5.000000e-01 5.000000e-01 1.515109e+00 -0.993325 0.002049 0.009740 0.969748 0.009740 0.002049 0.993325 -0.002121 -0.009988 -0.969108 -0.009988 -0.002121 0.000000 
5.000000e-01 5.000000e-01 4.999984e-03 5.000000e-01 5.000000e-01 1.515109e+00 -0.993325 0.002049 0.009740 0.969748 0.009740 0.002049 0.993325 -0.002121 -0.009988 -0.969108 -0.009988 -0.002121 0.000000 
5.000000e-01 5.000000e-01 4.999984e-03 5.000000e-01 5.000000e-01 1.515109e+00 -0.993325 0.002049 0.009740 0.969748 0.009740 0.002049 0.993325 -0.002121 -0.009988 -0.969108 -0.009988 -0.002121 0.000000 
5.000000e-01 5.000000e-01 4.999984e-03 5.000000e-01 5.000000e-01 1.515109e+00 -0.993325 0.002049 0.009740 0.969748 0.009740 0.002049 0.993325 -0.002121 -0.009988 -0.969108 -0.009988 -0.002121 0.000000 
5.000000e-01 5.000000e-01 4.999984e-03 5.000000e-01 5.000000e-01 1.515109e+00 -0.993325 0.002049 0.009740 0.969748 0.009740 0.002049 0.993325 -0.002121 -0.009988 -0.969108 -0.009988 -0.002121 0.000000 
5.000000e-01 5.000000e-01 4.999984e-03 5.000000e-01 5.000000e-01 1.515109e+00 -0.993325 0.002049 0.009740 0.969748 0.009740 0.002049 0.993325 -0.002121 -0.009988 -0.969108 -0.009988 -0.002121 0.000000 
5.000000e-01 5.000000e-01 4.999984e-03 5.000000e-01 5.000000e-01 1.515109e+00 -0.993325 0.002049 0.009740 0.969748 0.009740 0.002049 0.993325 -0.002121 -0.009988 -0.969108 -0.009988 -0.002121 0.000000 
5.000000e-01 5.000000e-01 4.999984e-03 5.000000e-01 5.000000e-01 1.515109e+00 -0.993325 0.002049 0.009740 0.969748 0.009740 0.002049 0.993325 -0.002121 -0.009988 -0.969108 -0.009988 -0.002121 0.000000 
5.000000e-01 5.000000e-01 4.999984e-03 5.000000e-01 5.000000e-01 1.515109e+00 -0.993325 0.002049 0.009740 0.969748 0.009740 0.002049 0.993325 -0.002121 -0.009988 -0.969108 -0.009988 -0.002121 0.000000 
5.000000e-01 5.000000e-01 4.999984e-03 5.000000e-01 5.000000e-01 1.515109e+00 -0.993325 0.002049 0.009740 0.969748 0.009740 0.002049 0.993325 -0.002121 -0.009988 -0.969108 -0.009988 -0.002121 0.000000 
5.000000e-01 5.000000e-01 4.999984e-03 5.000000e-01 5.000000e-01 1.515109e+00 -0.993325 0.002049 0.009740 0.969748 0.009740 0.002049 0.993325 -0.002121 -0.009988 -0.969108 -0.009988 -0.002121 0.000000 
5.000000e-01 5.000000e-01 4.999984e-03 5.000000e-01 5.000000e-01 1.515109e+00 -0.993325 0.002049 0.009740 0.969748 0.009740 0.002049 0.993325 -0.002121 -0.009988 -0.969108 -0.009988 -0.002121 0.000000 
5.000000e-01 5.000000e-01 4.999984e-03 5.000000e-01 5.000000e-01 1.515109e+00 -0.993325 0.002049 0.009740 0.969748 0.009740 0.002049 0.993325 -0.002121 -0.009988 -0.969108 -0.009988 -0.002121 0.000000 
5.000000e-01 5.000000e-01 4.999984e-03 5.000000e-01 5.000000e-01 1.515109e+00 -0.993325 0.002049 0.009740 0.969748 0.009740 0.002049 0.993325 -0.002121 -0.009988 -0.969108 -0.009988 -0.002121 0.000000 
5.000000e-01 5.000000e-01 4.999984e-03 5.000000e-01 5.000000e-01 1.515109e+00 -0.993325 0.002049 0.009740 0.969748 0.009740 0.002049 0.993325 -0.002121 -0.009988 -0.969108 -0.009988 -0.002121 0.000000 
5.000000e-01 5.000000e-01 4.999984e-03 5.000000e-01 5.000000e-01 1.515109e+00 -0.993325 0.002049 0.009740 0.969748 0.009740 0.002049 0.993325 -0.002121 -0.009988 -0.969108 -0.009988 -0.002121 0.000000 
5.000000e-01 5.000000e-01 4.999984e-03 5.000000e-01 5.000000e-01 1.515109e+00 -0.993325 0.002049 0.009740 0.969748 0.009740 0.002049 0.993325 -0.002121 -0.009988 -0.969108 -0.009988 -0.002121 0.000000 
5.000000e-01 5.000000e-01 4.999984e-03 5.000000e-01 5.000000e-01 1.515109e+00 -0.993325 0.002049 0.009740 0.969748 0.009740 0.002049 0.993325 -0.002121 -0.009988 -0.969108 -0.009988 -0.002121 0.000000 
5.000000e-01 5.000000e-01 4.999984e-03 5.000000e-01 5.000000e-01 1.515109e+00 -0.993325 0.002049 0.009740 0.969748 0.009740 0.002049 0.993325 -0.002121 -0.009988 -0.969108 -0.009988 -0.002121 0.000000 
5.000000e-01 5.000000e-01 4.999984e-03 5.000000e-01 5.000000e-01 1.515109e+00 -0.993325 0.002049 0.009740 0.969748 0.009740 0.002049 0.993325 -0.002121 -0.009988 -0.969108 -0.009988 -0.002121 0.000000 
5.000000e-01 5.000000e-01 4.999984e-03 5.000000e-01 5.000000e-01 1.515109e+00 -0.993325 0.002049 0.009740 0.969748 0.009740 0.002049 0.993325 -0.002121 -0.009988 -0.969108 -0.009988 -0.002121 0.000000 
5.000000e-01 5.000000e-01 4.999984e-03 5.000000e-01 5.000000e-01 1.515109e+00 -0.993325 0.002049 0.009740 0.969748 0.009740 0.002049 0.993325 -0.002121 -0.009988 -0.969108 -0.009988 -0.002121 0.000000 
5.000000e-01 5.000000e-01 4.999984e-03 5.000000e-01 5.000000e-01 1.515109e+00 -0.993325 0.002049 0.009740 0.969748 0.009740 0.002049 0.993325 -0.002121 -0.009988 -0.969108 -0.009988 -0.002121 0.000000 
5.000000e-01 5.000000e-01 4.999984e-03 5.000000e-01 5.000000e-01 1.515109e+00 -0.993325 0.002049 0.009740 0.969748 0.009740 0.002049 0.993325 -0.002121 -0.009988 -0.969108 -0.009988 -0.002121 0.000000 
5.000000e-01 5.000000e-01 4.999984e-03 5.000000e-01 5.000000e-01 1.515109e+00 -0.993325 0.002049 0.009740 0.969748 0.009740 0.002049 0.993325 -0.002121 -0.009988 -0.969108 -0.009988 -0.002121 0.000000 
5.000000e-01 5.000000e-01 4.999984e-03 5.000000e-01 5.000000e-01 1.515109e+00 -0.993325 0.002049 0.009740 0.969748 0.009740 0.002049 0.993325 -0.002121 -0.009988 -0.969108 -0.009988 -0.002121 0.000000 
5.000000e-01 5.000000e-01 4.999984e-03 5.000000e-01 5.000000e-01 1.515109e+00 -0.993325 0.002049 0.009740 0.969748 0.009740 0.002049 0.993325 -0.002121 -0.009988 -0.969108 -0.009988 -0.002121 0.000000 
5.000000e-01 5.000000e-01 4.999984e-03 5.000000e-01 5.000000e-01 1.515109e+00 -0.993325 0.002049 0.009740 0.969748 0.009740 0.002049 0.993325 -0.002121 -0.009988 -0.969108 -0.009988 -0.002121 0.000000 
5.000000e-01 5.000000e-01 4.999984e-03 5.000000e-01 5.000000e-01 1.515109e+00 -0.993325 0.002049 0.009740 0.969748 0.009740 0.002049 0.993325 -0.002121 -0.009988 -0.969108 -0.009988 -0.002121 0.000000 
5.000000e-01 5.000000e-01 4.999984e-03 5.000000e-01 5.000000e-01 1.515109e+00 -0.993325 0.002049 0.009740 0.969748 0.009740 0.002049 0.993325 -0.002121 -0.009988 -0.969108 -0.009988 -0.002121 0.000000 
5.000000e-01 5.000000e-01 4.999984e-03 5.000000e-01 5.000000e-01 1.515109e+00 -0.993325 0.002049 0.009740 0.969748 0.009740 0.002049 0.993325 -0.002121 -0.009988 -0.969108 -0.009988 -0.002121 0.000000 
5.000000e-01 5.000000e-01 4.999984e-03 5.000000e-01 5.000000e-01 1.515109e+00 -0.993325 0.002049 0.009740 0.969748 0.009740 0.002049 0.993325 -0.002121 -0.009988 -0.969108 -0.009988 -0.002121 0.000000 
5.000000e-01 5.000000e-01 4.999984e-03 5.000000e-01 5.000000e-01 1.515109e+00 -0.993325 0.002049 0.009740 0.969748 0.009740 0.002049 0.993325 -0.002121 -0.009988 -0.969108 -0.009988 -0.002121 0.000000 
5.000000e-01 5.000000e-01 4.999984e-03 5.000000e-01 5.000000e-01 1.515109e+00 -0.993325 0.002049 0.009740 0.969748 0.009740 0.002049 0.993325 -0.002121 -0.009988 -0.969108 -0.009988 -0.002121 0.000000 
5.000000e-01 5.000000e-01 4.999984e-03 5.000000e-01 5.000000e-01 1.515109e+00 -0.993325 0.002049 0.009740 0.969748 0.009740 0.002049 0.993325 -0.002121 -0.009988 -0.969108 -0.009988 -0.002121 0.000000 
5.000000e-01 5.000000e-01 4.999984e-03 5.000000e-01 5.000000e-01 1.515109e+00 -0.993325 0.002049 0.009740 0.969748 0.009740 0.002049 0.993325 -0.002121 -0.009988 -0.969108 -0.009988 -0.002121 0.000000 
5.000000e-01 5.000000e-01 4.999984e-03 5.000000e-01 5.000000e-01 1.515109e+00 -0.993325 0.002049 0.009740 0.969748 0.009740 0.002049 0.993325 -0.002121 -0.009988 -0.969108 -0.009988 -0.002121 0.000000 
5.000000e-01 5.000000e-01 4.999984e-03 5.000000e-01 5.000000e-01 1.515109e+00 -0.993325 0.002049 0.009740 0.969748 0.009740 0.002049 0.993325 -0.002121 -0.009988 -0.969108 -0.009988 -0.002121 0.000000 
5.000000e-01 5.000000e-01 4.999984e-03 5.000000e-01 5.000000e-01 1.515109e+00 -0.993325 0.002049 0.009740 0.969748 0.009740 0.002049 0.993325 -0.002121 -0.009988 -0.969108 -0.009988 -0.002121 0.000000 
5.000000e-01 5.000000e-01 4.999984e-03 5.000000e-01 5.000000e-01 1.515109e+00 -0.993325 0.002049 0.009740 0.969748 0.009740 0.002049 0.993325 -0.002121 -0.009988 -0.969108 -0.009988 -0.002121 0.000000 
5.000000e-01 5.000000e-01 4.999984e-03 5.000000e-01 5.000000e-01 1.515109e+00 -0.993325 0.002049 0.009740 0.969748 0.009740 0.002049 0.993325 -0.002121 -0.009988 -0.969108 -0.009988 -0.002121 0.000000 
5.000000e-01 5.000000e-01 4.999984e-03 5.000000e-01 5.000000e-01 1.515109e+00 -0.993325 0.002049 0.009740 0.969748 0.009740 0.002049 0.993325 -0.002121 -0.009988 -0.969108 -0.009988 -0.002121 0.000000 
5.000000e-01 5.000000e-01 4.999984e-03 5.000000e-01 5.000000e-01 1.515109e+00 -0.993325 0.002049 0.009740 0.969748 0.009740 0.002049 0.993325 -0.002121 -0.009988 -0.969108 -0.009988 -0.002121 0.000000 
5.000000e-01 5.000000e-01 4.999984e-03 5.000000e-01 5.000000e-01 1.515109e+00 -0.993325 0.002049 0.009740 0.969748 0.009740 0.002049 0.993325 -0.002121 -0.009988 -0.969108 -0.009988 -0.002121 0.000000 
5.000000e-01 5.000000e-01 4.999984e-03 5.000000e-01 5.000000e-01 1.515109e+00 -0.993325 0.002049 0.009740 0.969748 0.009740 0.002049 0.993325 -0.002121 -0.009988 -0.969108 -0.009988 -0.002121 0.000000 
5.000000e-01 5.000000e-01 4.999984e-03 5.000000e-01 5.000000e-01 1.515109e+00 -0.993325 0.002049 0.009740 0.969748 0.009740 0.002049 0.993325 -0.002121 -0.009988 -0.969108 -0.009988 -0.002121 0.000000 
5.000000e-01 5.000000e-01 4.999984e-03 5.000000e-01 5.000000e-01 1.515109e+00 -0.993325 0.002049 0.009740 0.969748 0.009740 0.002049 0.993325 -0.002121 -0.009988 -0.969108 -0.009988 -0.002121 0.000000 
5.000000e-01 5.000000e-01 4.999984e-03 5.000000e-01 5.000000e-01 1.515109e+00 -0.993325 0.002049 0.009740 0.969748 0.009740 0.002049 0.993325 -0.002121 -0.009988 -0.969108 -0.009988 -0.002121 0.000000 
5.000000e-01 5.000000e-01 4.999984e-03 5.000000e-01 5.000000e-01 1.515109e+00 -0.993325 0.002049 0.009740 0.969748 0.009740 0.002049 0.993325 -0.002121 -0.009988 -0.969108 -0.009988 -0.002121 0.000000 
5.000000e-01 5.000000e-01 4.999984e-03 5.000000e-01 5.000000e-01 1.515109e+00 -0.993325 0.002049 0.009740 0.969748 0.009740 0.002049 0.993325 -0.002121 -0.009988 -0.969108 -0.009988 -0.002121 0.000000 
5.000000e-01 5.000000e-01 4.999984e-03 5.000000e-01 5.000000e-01 1.515109e+00 -0.993325 0.002049 0.009740 0.969748 0.009740 0.002049 0.993325 -0.002121 -0.009988 -0.969108 -0.009988 -0.002121 0.000000 
5.000000e-01 5.000000e-01 4.999984e-03 5.000000e-01 5.000000e-01 1.515109e+00 -0.993325 0.002049 0.009740 0.969748 0.009740 0.002049 0.993325 -0.002121 -0.009988 -0.969108 -0.009988 -0.002121 0.000000 
5.000000e-01 5.000000e-01 4.999984e-03 5.000000e-01 5.000000e-01 1.515109e+00 -0.993325 0.002049 0.009740 0.969748 0.009740 0.002049 0.993325 -0.002121 -0.009988 -0.969108 -0.009988 -0.002121 0.000000 
5.000000e-01 5.000000e-01 4.999984e-03 5.000000e-01 5.000000e-01 1.515109e+00 -0.993325 0.002049 0.009740 0.969748 0.009740 0.002049 0.993325 -0.002121 -0.009988 -0.969108 -0.009988 -0.002121 0.000000 
5.000000e-01 5.000000e-01 4.999984e-03 5.000000e-01 5.000000e-01 1.515109e+00 -0.993325 0.002049 0.009740 0.969748 0.009740 0.002049 0.993325 -0.002121 -0.009988 -0.969108 -0.009988 -0.002121 0.000000 
5.000000e-01 5.000000e-01 4.999984e-03 5.000000e-01 5.000000e-01 1.515109e+00 -0.993325 0.002049 0.009740 0.969748 0.009740 0.002049 0.993325 -0.002121 -0.009988 -0.969108 -0.009988 -0.002121 0.000000 
5.000000e-01 5.000000e-01 4.999984e-03 5.000000e-01 5.000000e-01 1.515109e+00 -0.993325 0.002049 0.009740 0.969748 0.009740 0.002049 0.993325 -0.002121 -0.009988 -0.969108 -0.009988 -0.002121 0.000000 
5.000000e-01 5.000000e-01 4.999984e-03 5.000000e-01 5.000000e-01 1.515109e+00 -0.993325 0.002049 0.009740 0.969748 0.009740 0.002049 0.993325 -0.002121 -0.009988 -0.969108 -0.009988 -0.002121 0.000000 
5.000000e-01 5.000000e-01 4.999984e-03 5.000000e-01 5.000000e-01 1.515109e+00 -0.993325 0.002049 0.009740 0.969748 0.009740 0.002049 0.993325 -0.002121 -0.009988 -0.969108 -0.009988 -0.002121 0.000000 
5.000000e-01 5.000000e-01 4.999984e-03 5.000000e-01 5.000000e-01 1.515109e+00 -0.993325 0.002049 0.009740 0.969748 0.009740 0.002049 0.993325 -0.002121 -0.009988 -0.969108 -0.009988 -0.002121 0.000000 
5.000000e-01 5.000000e-01 4.999984e-03 5.000000e-01 5.000000e-01 1.515109e+00 -0.993325 0.002049 0.009740 0.969748 0.009740 0.002049 0.993325 -0.002121 -0.009988 -0.969108 -0.009988 -0.002121 0.000000 
5.000000e-01 5.000000e-01 4.999984e-03 5.000000e-01 5.000000e-01 1.515109e+00 -0.993325 0.002049 0.009740 0.969748 0.009740 0.002049 0.993325 -0.002121 -0.009988 -0.969108 -0.009988 -0.002121 0.000000 
5.000000e-01 5.000000e-01 4.999984e-03 5.000000e-01 5.000000e-01 1.515109e+00 -0.993325 0.002049 0.009740 0.969748 0.009740 0.002049 0.993325 -0.002121 -0.009988 -0.969108 -0.009988 -0.002121 0.000000 
5.000000e-01 5.000000e-01 4.999984e-03 5.000000e-01 5.000000e-01 1.515109e+00 -0.993325 0.002049 0.009740 0.969748 0.009740 0.002049 0.993325 -0.002121 -0.009988 -0.969108 -0.009988 -0.002121 0.000000 
5.000000e-01 5.000000e-01 4.999984e-03 5.000000e-01 5.000000e-01 1.515109e+00 -0.993325 0.002049 0.009740 0.969748 0.009740 0.002049 0.993325 -0.002121 -0.009988 -0.969108 -0.009988 -0.002121 0.000000 
5.000000e-01 5.000000e-01 4.999984e-03 5.000000e-01 5.000000e-01 1.515109e+00 -0.993325 0.002049 0.009740 0.969748 0.009740 0.002049 0.993325 -0.002121 -0.009988 -0.969108 -0.009988 -0.002121 0.000000 
5.000000e-01 5.000000e-01 4.999984e-03 5.000000e-01 5.000000e-01 1.515109e+00 -0.993325 0.002049 0.009740 0.969748 0.009740 0.002049 0.993325 -0.002121 -0.009988 -0.969108 -0.009988 -0.002121 0.000000 
5.000000e-01 5.000000e-01 4.999984e-03 5.000000e-01 5.000000e-01 1.515109e+00 -0.993325 0.002049 0.009740 0.969748 0.009740 0.002049 0.993325 -0.002121 -0.009988 -0.969108 -0.009988 -0.002121 0.000000 
5.000000e-01 5.000000e-01 4.999984e-03 5.000000e-01 5.000000e-01 1.515109e+00 -0.993325 0.002049 0.009740 0.969748 0.009740 0.002049 0.993325 -0.002121 -0.009988 -0.969108 -0.009988 -0.002121 0.000000 
