# TeX TeY TeZ ThX ThY THZ P1 P2
5.000000e-01 5.000000e-01 1.390000e+00 5.000000e-01 5.000000e-01 1.390000e+00 0.000000 0.000000 0.000000 0.000000 0.000000 0.000000 0.000000 0.000000 0.000000 0.000000 0.000000 0.000000 0.000000 
5.000000e-01 5.000000e-01 1.382390e+00 5.000000e-01 5.000000e-01 1.396505e+00 -0.009280 -0.005584 -0.005989 0.032426 -0.005989 -0.005584 0.009280 -0.001687 -0.001967 -0.001973 -0.001967 -0.001687 0.000000 
5.000000e-01 5.000000e-01 1.374706e+00 5.000000e-01 5.000000e-01 1.402974e+00 -0.018585 -0.011139 -0.011876 0.064615 -0.011876 -0.011139 0.018585 -0.003378 -0.003939 -0.003951 -0.003939 -0.003378 0.000000 
5.000000e-01 5.000000e-01 1.366947e+00 5.000000e-01 5.000000e-01 1.409406e+00 -0.027916 -0.016668 -0.017728 0.096708 -0.017728 -0.016668 0.027916 -0.005074 -0.005917 -0.005935 -0.005917 -0.005074 0.000000 
5.000000e-01 5.000000e-01 1.359115e+00 5.000000e-01 5.000000e-01 1.415803e+00 -0.037274 -0.022204 -0.023888 0.129457 -0.023888 -0.022204 0.037274 -0.006775 -0.007900 -0.007924 -0.007900 -0.006775 0.000000 
5.000000e-01 5.000000e-01 1.351210e+00 5.000000e-01 5.000000e-01 1.422162e+00 -0.046657 -0.027667 -0.029977 0.161944 -0.029977 -0.027667 0.046657 -0.008480 -0.009889 -0.009919 -0.009889 -0.008480 0.000000 
5.000000e-01 5.000000e-01 1.343231e+00 5.000000e-01 5.000000e-01 1.428485e+00 -0.056066 -0.033082 -0.036259 0.194749 -0.036259 -0.033082 0.056066 -0.010190 -0.011883 -0.011920 -0.011883 -0.010190 0.000000 
5.000000e-01 5.000000e-01 1.335180e+00 5.000000e-01 5.000000e-01 1.434771e+00 -0.065504 -0.038468 -0.042951 0.228342 -0.042951 -0.038468 0.065504 -0.011905 -0.013883 -0.013927 -0.013883 -0.011905 0.000000 
5.000000e-01 5.000000e-01 1.327057e+00 5.000000e-01 5.000000e-01 1.441019e+00 -0.074967 -0.043785 -0.049745 0.262028 -0.049745 -0.043785 0.074967 -0.013625 -0.015889 -0.015939 -0.015889 -0.013625 0.000000 
5.000000e-01 5.000000e-01 1.318862e+00 5.000000e-01 5.000000e-01 1.447229e+00 -0.084459 -0.049067 -0.057112 0.296817 -0.057112 -0.049067 0.084459 -0.015349 -0.017901 -0.017958 -0.017901 -0.015349 0.000000 
5.000000e-01 5.000000e-01 1.310596e+00 5.000000e-01 5.000000e-01 1.453402e+00 -0.093978 -0.054272 -0.064792 0.332105 -0.064792 -0.054272 0.093978 -0.017079 -0.019919 -0.019983 -0.019919 -0.017079 0.000000 
5.000000e-01 5.000000e-01 1.302259e+00 5.000000e-01 5.000000e-01 1.459537e+00 -0.103523 -0.059380 -0.072684 0.367652 -0.072684 -0.059380 0.103523 -0.018813 -0.021942 -0.022013 -0.021942 -0.018813 0.000000 
5.000000e-01 5.000000e-01 1.293852e+00 5.000000e-01 5.000000e-01 1.465634e+00 -0.113100 -0.064441 -0.081367 0.404715 -0.081367 -0.064441 0.113100 -0.020552 -0.023972 -0.024051 -0.023972 -0.020552 0.000000 
5.000000e-01 5.000000e-01 1.285375e+00 5.000000e-01 5.000000e-01 1.471692e+00 -0.122702 -0.069409 -0.090222 0.441963 -0.090222 -0.069409 0.122702 -0.022296 -0.026008 -0.026094 -0.026008 -0.022296 0.000000 
5.000000e-01 5.000000e-01 1.276828e+00 5.000000e-01 5.000000e-01 1.477712e+00 -0.132332 -0.074305 -0.099647 0.480235 -0.099647 -0.074305 0.132332 -0.024045 -0.028049 -0.028143 -0.028049 -0.024045 0.000000 
5.000000e-01 5.000000e-01 1.268213e+00 5.000000e-01 5.000000e-01 1.483693e+00 -0.141989 -0.079114 -0.109490 0.519199 -0.109490 -0.079114 0.141989 -0.025798 -0.030097 -0.030199 -0.030097 -0.025798 0.000000 
5.000000e-01 5.000000e-01 1.259530e+00 5.000000e-01 5.000000e-01 1.489634e+00 -0.151670 -0.083824 -0.119527 0.558371 -0.119527 -0.083824 0.151670 -0.027556 -0.032149 -0.032259 -0.032149 -0.027556 0.000000 
5.000000e-01 5.000000e-01 1.250778e+00 5.000000e-01 5.000000e-01 1.495534e+00 -0.161379 -0.088441 -0.130159 0.598580 -0.130159 -0.088441 0.161379 -0.029318 -0.034208 -0.034327 -0.034208 -0.029318 0.000000 
5.000000e-01 5.000000e-01 1.241960e+00 5.000000e-01 5.000000e-01 1.501393e+00 -0.171108 -0.092941 -0.140816 0.638622 -0.140816 -0.092941 0.171108 -0.031084 -0.036271 -0.036399 -0.036271 -0.031084 0.000000 
5.000000e-01 5.000000e-01 1.233074e+00 5.000000e-01 5.000000e-01 1.507210e+00 -0.180858 -0.097343 -0.151773 0.679090 -0.151773 -0.097343 0.180858 -0.032853 -0.038338 -0.038476 -0.038338 -0.032853 0.000000 
5.000000e-01 5.000000e-01 1.224123e+00 5.000000e-01 5.000000e-01 1.512995e+00 -0.190633 -0.101639 -0.162761 0.719434 -0.162761 -0.101639 0.190633 -0.034626 -0.040411 -0.040559 -0.040411 -0.034626 0.000000 
5.000000e-01 5.000000e-01 1.215105e+00 5.000000e-01 5.000000e-01 1.515037e+00 -0.197929 -0.103810 -0.165845 0.737239 -0.165845 -0.103810 0.197929 -0.035948 -0.041959 -0.042115 -0.041959 -0.035948 0.000000 
5.000000e-01 5.000000e-01 1.206023e+00 5.000000e-01 5.000000e-01 1.515037e+00 -0.203889 -0.104774 -0.164514 0.742465 -0.164514 -0.104774 0.203889 -0.037026 -0.043223 -0.043389 -0.043223 -0.037026 0.000000 
5.000000e-01 5.000000e-01 1.196876e+00 5.000000e-01 5.000000e-01 1.515037e+00 -0.209892 -0.105645 -0.163138 0.747458 -0.163138 -0.105645 0.209892 -0.038112 -0.044497 -0.044672 -0.044497 -0.038112 0.000000 
5.000000e-01 5.000000e-01 1.187664e+00 5.000000e-01 5.000000e-01 1.515037e+00 -0.215936 -0.106424 -0.161724 0.752233 -0.161724 -0.106424 0.215937 -0.039205 -0.045780 -0.045965 -0.045780 -0.039205 0.000000 
5.000000e-01 5.000000e-01 1.178389e+00 5.000000e-01 5.000000e-01 1.515037e+00 -0.222023 -0.107114 -0.160276 0.756803 -0.160276 -0.107114 0.222023 -0.040305 -0.047073 -0.047268 -0.047073 -0.040305 0.000000 
5.000000e-01 5.000000e-01 1.169051e+00 5.000000e-01 5.000000e-01 1.515037e+00 -0.228151 -0.107715 -0.158800 0.761181 -0.158800 -0.107715 0.228151 -0.041412 -0.048374 -0.048580 -0.048374 -0.041412 0.000000 
5.000000e-01 5.000000e-01 1.159651e+00 5.000000e-01 5.000000e-01 1.515037e+00 -0.234321 -0.108231 -0.157298 0.765379 -0.157298 -0.108231 0.234321 -0.042525 -0.049684 -0.049902 -0.049684 -0.042525 0.000000 
5.000000e-01 5.000000e-01 1.150188e+00 5.000000e-01 5.000000e-01 1.515037e+00 -0.240531 -0.108661 -0.155776 0.769405 -0.155776 -0.108661 0.240531 -0.043646 -0.051003 -0.051234 -0.051003 -0.043646 0.000000 
5.000000e-01 5.000000e-01 1.140664e+00 5.000000e-01 5.000000e-01 1.515037e+00 -0.246781 -0.109008 -0.154235 0.773268 -0.154235 -0.109008 0.246782 -0.044773 -0.052330 -0.052575 -0.052330 -0.044773 0.000000 
5.000000e-01 5.000000e-01 1.131079e+00 5.000000e-01 5.000000e-01 1.515037e+00 -0.253072 -0.109277 -0.152680 0.776986 -0.152680 -0.109277 0.253072 -0.045906 -0.053667 -0.053926 -0.053667 -0.045906 0.000000 
5.000000e-01 5.000000e-01 1.121434e+00 5.000000e-01 5.000000e-01 1.515037e+00 -0.259403 -0.109470 -0.151112 0.780568 -0.151112 -0.109470 0.259403 -0.047046 -0.055012 -0.055287 -0.055012 -0.047046 0.000000 
5.000000e-01 5.000000e-01 1.111728e+00 5.000000e-01 5.000000e-01 1.515037e+00 -0.265773 -0.109589 -0.149535 0.784021 -0.149535 -0.109589 0.265773 -0.048192 -0.056366 -0.056657 -0.056366 -0.048192 0.000000 
5.000000e-01 5.000000e-01 1.101963e+00 5.000000e-01 5.000000e-01 1.515037e+00 -0.272182 -0.109638 -0.147949 0.787355 -0.147949 -0.109638 0.272182 -0.049344 -0.057728 -0.058037 -0.057728 -0.049344 0.000000 
5.000000e-01 5.000000e-01 1.092139e+00 5.000000e-01 5.000000e-01 1.515037e+00 -0.278629 -0.109618 -0.146355 0.790577 -0.146355 -0.109618 0.278630 -0.050502 -0.059099 -0.059427 -0.059099 -0.050502 0.000000 
5.000000e-01 5.000000e-01 1.082257e+00 5.000000e-01 5.000000e-01 1.515037e+00 -0.285116 -0.109532 -0.144757 0.793693 -0.144757 -0.109532 0.285116 -0.051666 -0.060479 -0.060826 -0.060479 -0.051666 0.000000 
5.000000e-01 5.000000e-01 1.072317e+00 5.000000e-01 5.000000e-01 1.515037e+00 -0.291640 -0.109381 -0.143154 0.796710 -0.143154 -0.109381 0.291640 -0.052835 -0.061867 -0.062235 -0.061867 -0.052835 0.000000 
5.000000e-01 5.000000e-01 1.062319e+00 5.000000e-01 5.000000e-01 1.515037e+00 -0.298202 -0.109170 -0.141547 0.799636 -0.141547 -0.109170 0.298202 -0.054010 -0.063263 -0.063654 -0.063263 -0.054010 0.000000 
5.000000e-01 5.000000e-01 1.052264e+00 5.000000e-01 5.000000e-01 1.515037e+00 -0.304802 -0.108899 -0.139938 0.802475 -0.139938 -0.108899 0.304802 -0.055191 -0.064668 -0.065084 -0.064668 -0.055191 0.000000 
5.000000e-01 5.000000e-01 1.042153e+00 5.000000e-01 5.000000e-01 1.515037e+00 -0.311438 -0.108571 -0.138327 0.805233 -0.138327 -0.108571 0.311438 -0.056376 -0.066081 -0.066523 -0.066081 -0.056376 0.000000 
5.000000e-01 5.000000e-01 1.031986e+00 5.000000e-01 5.000000e-01 1.515037e+00 -0.318112 -0.108188 -0.136714 0.807916 -0.136714 -0.108188 0.318112 -0.057567 -0.067503 -0.067972 -0.067503 -0.057567 0.000000 
5.000000e-01 5.000000e-01 1.021764e+00 5.000000e-01 5.000000e-01 1.515037e+00 -0.324821 -0.107753 -0.135100 0.810528 -0.135100 -0.107753 0.324822 -0.058762 -0.068933 -0.069432 -0.068933 -0.058762 0.000000 
5.000000e-01 5.000000e-01 1.011486e+00 5.000000e-01 5.000000e-01 1.515037e+00 -0.331567 -0.107268 -0.133485 0.813074 -0.133485 -0.107268 0.331568 -0.059962 -0.070371 -0.070902 -0.070371 -0.059962 0.000000 
5.000000e-01 5.000000e-01 1.001154e+00 5.000000e-01 5.000000e-01 1.515037e+00 -0.338349 -0.106735 -0.131870 0.815558 -0.131870 -0.106735 0.338349 -0.061166 -0.071818 -0.072382 -0.071818 -0.061166 0.000000 
5.000000e-01 5.000000e-01 9.907686e-01 5.000000e-01 5.000000e-01 1.515037e+00 -0.345167 -0.106155 -0.130254 0.817985 -0.130254 -0.106155 0.345167 -0.062374 -0.073272 -0.073874 -0.073272 -0.062374 0.000000 
5.000000e-01 5.000000e-01 9.803292e-01 5.000000e-01 5.000000e-01 1.515037e+00 -0.352019 -0.105531 -0.128638 0.820357 -0.128638 -0.105531 0.352019 -0.063586 -0.074735 -0.075376 -0.074735 -0.063586 0.000000 
5.000000e-01 5.000000e-01 9.698367e-01 5.000000e-01 5.000000e-01 1.515037e+00 -0.358906 -0.104864 -0.127022 0.822679 -0.127022 -0.104864 0.358906 -0.064802 -0.076206 -0.076889 -0.076206 -0.064802 0.000000 
5.000000e-01 5.000000e-01 9.592917e-01 5.000000e-01 5.000000e-01 1.515037e+00 -0.365828 -0.104156 -0.125406 0.824952 -0.125406 -0.104156 0.365828 -0.066021 -0.077686 -0.078414 -0.077686 -0.066021 0.000000 
5.000000e-01 5.000000e-01 9.486945e-01 5.000000e-01 5.000000e-01 1.515037e+00 -0.372784 -0.103409 -0.123790 0.827182 -0.123790 -0.103409 0.372784 -0.067244 -0.079173 -0.079950 -0.079173 -0.067244 0.000000 
5.000000e-01 5.000000e-01 9.380457e-01 5.000000e-01 5.000000e-01 1.515037e+00 -0.379774 -0.102625 -0.122173 0.829371 -0.122173 -0.102625 0.379775 -0.068469 -0.080669 -0.081498 -0.080669 -0.068469 0.000000 
5.000000e-01 5.000000e-01 9.273457e-01 5.000000e-01 5.000000e-01 1.515037e+00 -0.386798 -0.101806 -0.120556 0.831523 -0.120556 -0.101806 0.386798 -0.069696 -0.082174 -0.083059 -0.082174 -0.069696 0.000000 
5.000000e-01 5.000000e-01 9.165949e-01 5.000000e-01 5.000000e-01 1.515037e+00 -0.393855 -0.100953 -0.118939 0.833640 -0.118939 -0.100953 0.393855 -0.070926 -0.083686 -0.084631 -0.083686 -0.070926 0.000000 
5.000000e-01 5.000000e-01 9.057939e-01 5.000000e-01 5.000000e-01 1.515037e+00 -0.400945 -0.100068 -0.117321 0.835724 -0.117321 -0.100068 0.400946 -0.072157 -0.085207 -0.086217 -0.085207 -0.072157 0.000000 
5.000000e-01 5.000000e-01 8.949430e-01 5.000000e-01 5.000000e-01 1.515037e+00 -0.408068 -0.099153 -0.115702 0.837778 -0.115702 -0.099153 0.408068 -0.073390 -0.086736 -0.087816 -0.086736 -0.073390 0.000000 
5.000000e-01 5.000000e-01 8.840427e-01 5.000000e-01 5.000000e-01 1.515037e+00 -0.415224 -0.098208 -0.114082 0.839804 -0.114082 -0.098208 0.415224 -0.074624 -0.088274 -0.089429 -0.088274 -0.074624 0.000000 
5.000000e-01 5.000000e-01 8.730934e-01 5.000000e-01 5.000000e-01 1.515037e+00 -0.422411 -0.097235 -0.112461 0.841804 -0.112461 -0.097235 0.422411 -0.075858 -0.089820 -0.091055 -0.089820 -0.075858 0.000000 
5.000000e-01 5.000000e-01 8.620956e-01 5.000000e-01 5.000000e-01 1.515037e+00 -0.429631 -0.096236 -0.110839 0.843780 -0.110839 -0.096236 0.429631 -0.077092 -0.091375 -0.092697 -0.091375 -0.077092 0.000000 
5.000000e-01 5.000000e-01 8.510497e-01 5.000000e-01 5.000000e-01 1.515037e+00 -0.436882 -0.095211 -0.109215 0.845734 -0.109215 -0.095211 0.436882 -0.078326 -0.092938 -0.094354 -0.092938 -0.078326 0.000000 
5.000000e-01 5.000000e-01 8.399561e-01 5.000000e-01 5.000000e-01 1.515037e+00 -0.444164 -0.094162 -0.107589 0.847668 -0.107589 -0.094162 0.444164 -0.079559 -0.094510 -0.096026 -0.094510 -0.079559 0.000000 
5.000000e-01 5.000000e-01 8.288153e-01 5.000000e-01 5.000000e-01 1.515037e+00 -0.451477 -0.093089 -0.105963 0.849581 -0.105963 -0.093089 0.451477 -0.080790 -0.096091 -0.097716 -0.096091 -0.080790 0.000000 
5.000000e-01 5.000000e-01 8.176276e-01 5.000000e-01 5.000000e-01 1.515037e+00 -0.458821 -0.091993 -0.104334 0.851476 -0.104334 -0.091993 0.458821 -0.082018 -0.097680 -0.099424 -0.097680 -0.082018 0.000000 
5.000000e-01 5.000000e-01 8.063935e-01 5.000000e-01 5.000000e-01 1.515037e+00 -0.466196 -0.090877 -0.102703 0.853356 -0.102703 -0.090877 0.466196 -0.083244 -0.099279 -0.101150 -0.099279 -0.083244 0.000000 
5.000000e-01 5.000000e-01 7.951134e-01 5.000000e-01 5.000000e-01 1.515037e+00 -0.473601 -0.089740 -0.101070 0.855222 -0.101070 -0.089740 0.473601 -0.084466 -0.100887 -0.102895 -0.100887 -0.084466 0.000000 
5.000000e-01 5.000000e-01 7.837877e-01 5.000000e-01 5.000000e-01 1.515037e+00 -0.481035 -0.088585 -0.099435 0.857075 -0.099435 -0.088585 0.481035 -0.085683 -0.102504 -0.104660 -0.102504 -0.085683 0.000000 
5.000000e-01 5.000000e-01 7.724168e-01 5.000000e-01 5.000000e-01 1.515037e+00 -0.488500 -0.087411 -0.097797 0.858915 -0.097797 -0.087411 0.488500 -0.086896 -0.104131 -0.106446 -0.104131 -0.086896 0.000000 
5.000000e-01 5.000000e-01 7.610010e-01 5.000000e-01 5.000000e-01 1.515037e+00 -0.495994 -0.086220 -0.096156 0.860745 -0.096156 -0.086220 0.495994 -0.088102 -0.105768 -0.108255 -0.105768 -0.088102 0.000000 
5.000000e-01 5.000000e-01 7.495409e-01 5.000000e-01 5.000000e-01 1.515037e+00 -0.503517 -0.085011 -0.094512 0.862564 -0.094512 -0.085011 0.503517 -0.089300 -0.107414 -0.110088 -0.107414 -0.089300 0.000000 
5.000000e-01 5.000000e-01 7.380368e-01 5.000000e-01 5.000000e-01 1.515037e+00 -0.511068 -0.083786 -0.092866 0.864374 -0.092866 -0.083786 0.511069 -0.090490 -0.109071 -0.111947 -0.109071 -0.090490 0.000000 
5.000000e-01 5.000000e-01 7.264890e-01 5.000000e-01 5.000000e-01 1.515037e+00 -0.518649 -0.082546 -0.091217 0.866175 -0.091217 -0.082546 0.518649 -0.091670 -0.110738 -0.113833 -0.110738 -0.091670 0.000000 
5.000000e-01 5.000000e-01 7.148980e-01 5.000000e-01 5.000000e-01 1.515037e+00 -0.526258 -0.081292 -0.089564 0.867970 -0.089564 -0.081292 0.526258 -0.092840 -0.112415 -0.115748 -0.112415 -0.092840 0.000000 
5.000000e-01 5.000000e-01 7.032641e-01 5.000000e-01 5.000000e-01 1.515037e+00 -0.533895 -0.080023 -0.087908 0.869758 -0.087908 -0.080023 0.533895 -0.093997 -0.114104 -0.117693 -0.114104 -0.093997 0.000000 
5.000000e-01 5.000000e-01 6.915877e-01 5.000000e-01 5.000000e-01 1.515037e+00 -0.541560 -0.078742 -0.086249 0.871541 -0.086249 -0.078742 0.541560 -0.095142 -0.115803 -0.119669 -0.115803 -0.095142 0.000000 
5.000000e-01 5.000000e-01 6.798692e-01 5.000000e-01 5.000000e-01 1.515037e+00 -0.549252 -0.077447 -0.084586 0.873319 -0.084586 -0.077447 0.549252 -0.096271 -0.117514 -0.121681 -0.117514 -0.096271 0.000000 
5.000000e-01 5.000000e-01 6.681090e-01 5.000000e-01 5.000000e-01 1.515037e+00 -0.556972 -0.076140 -0.082920 0.875091 -0.082920 -0.076140 0.556972 -0.097382 -0.119238 -0.123733 -0.119238 -0.097382 0.000000 
5.000000e-01 5.000000e-01 6.563073e-01 5.000000e-01 5.000000e-01 1.515037e+00 -0.564719 -0.074821 -0.081250 0.876860 -0.081250 -0.074821 0.564719 -0.098474 -0.120973 -0.125824 -0.120973 -0.098474 0.000000 
5.000000e-01 5.000000e-01 6.444647e-01 5.000000e-01 5.000000e-01 1.515037e+00 -0.572493 -0.073491 -0.079576 0.878627 -0.079576 -0.073491 0.572493 -0.099546 -0.122721 -0.127958 -0.122721 -0.099546 0.000000 
5.000000e-01 5.000000e-01 6.325813e-01 5.000000e-01 5.000000e-01 1.515037e+00 -0.580294 -0.072150 -0.077898 0.880390 -0.077898 -0.072150 0.580294 -0.100596 -0.124482 -0.130138 -0.124482 -0.100596 0.000000 
5.000000e-01 5.000000e-01 6.206576e-01 5.000000e-01 5.000000e-01 1.515037e+00 -0.588121 -0.070799 -0.076217 0.882152 -0.076217 -0.070799 0.588121 -0.101621 -0.126256 -0.132366 -0.126256 -0.101621 0.000000 
5.000000e-01 5.000000e-01 6.086940e-01 5.000000e-01 5.000000e-01 1.515037e+00 -0.595974 -0.069437 -0.074532 0.883912 -0.074532 -0.069437 0.595974 -0.102617 -0.128044 -0.134651 -0.128044 -0.102617 0.000000 
5.000000e-01 5.000000e-01 5.966907e-01 5.000000e-01 5.000000e-01 1.515037e+00 -0.603854 -0.068066 -0.072842 0.885670 -0.072842 -0.068066 0.603854 -0.103581 -0.129847 -0.136996 -0.129847 -0.103581 0.000000 
5.000000e-01 5.000000e-01 5.846482e-01 5.000000e-01 5.000000e-01 1.515037e+00 -0.611759 -0.066685 -0.071149 0.887428 -0.071149 -0.066685 0.611759 -0.104513 -0.131665 -0.139403 -0.131665 -0.104513 0.000000 
5.000000e-01 5.000000e-01 5.725667e-01 5.000000e-01 5.000000e-01 1.515037e+00 -0.619689 -0.065296 -0.069452 0.889185 -0.069452 -0.065296 0.619689 -0.105409 -0.133497 -0.141876 -0.133497 -0.105409 0.000000 
5.000000e-01 5.000000e-01 5.604466e-01 5.000000e-01 5.000000e-01 1.515037e+00 -0.627645 -0.063899 -0.067750 0.890943 -0.067750 -0.063899 0.627645 -0.106266 -0.135345 -0.144421 -0.135345 -0.106266 0.000000 
5.000000e-01 5.000000e-01 5.482882e-01 5.000000e-01 5.000000e-01 1.515037e+00 -0.635626 -0.062493 -0.066044 0.892700 -0.066044 -0.062493 0.635626 -0.107076 -0.137210 -0.147053 -0.137210 -0.107076 0.000000 
5.000000e-01 5.000000e-01 5.360919e-01 5.000000e-01 5.000000e-01 1.515037e+00 -0.643632 -0.061078 -0.064334 0.894458 -0.064334 -0.061078 0.643632 -0.107838 -0.139091 -0.149773 -0.139091 -0.107838 0.000000 
5.000000e-01 5.000000e-01 5.238579e-01 5.000000e-01 5.000000e-01 1.515037e+00 -0.651662 -0.059657 -0.062620 0.896217 -0.062620 -0.059657 0.651662 -0.108549 -0.140989 -0.152586 -0.140989 -0.108549 0.000000 
5.000000e-01 5.000000e-01 5.115867e-01 5.000000e-01 5.000000e-01 1.515037e+00 -0.659717 -0.058228 -0.060902 0.897977 -0.060902 -0.058228 0.659717 -0.109206 -0.142903 -0.155499 -0.142903 -0.109206 0.000000 
5.000000e-01 5.000000e-01 4.992784e-01 5.000000e-01 5.000000e-01 1.515037e+00 -0.667796 -0.056791 -0.059180 0.899738 -0.059180 -0.056791 0.667796 -0.109800 -0.144834 -0.158526 -0.144834 -0.109800 0.000000 
5.000000e-01 5.000000e-01 4.869335e-01 5.000000e-01 5.000000e-01 1.515037e+00 -0.675899 -0.055348 -0.057453 0.901500 -0.057453 -0.055348 0.675899 -0.110322 -0.146784 -0.161686 -0.146784 -0.110322 0.000000 
5.000000e-01 5.000000e-01 4.745522e-01 5.000000e-01 5.000000e-01 1.515037e+00 -0.684026 -0.053898 -0.055722 0.903265 -0.055722 -0.053898 0.684026 -0.110774 -0.148750 -0.164977 -0.148750 -0.110774 0.000000 
5.000000e-01 5.000000e-01 4.621349e-01 5.000000e-01 5.000000e-01 1.515037e+00 -0.692176 -0.052441 -0.053986 0.905031 -0.053986 -0.052441 0.692176 -0.111149 -0.150733 -0.168412 -0.150733 -0.111149 0.000000 
5.000000e-01 5.000000e-01 4.496817e-01 5.000000e-01 5.000000e-01 1.515037e+00 -0.700350 -0.050978 -0.052247 0.906800 -0.052247 -0.050978 0.700350 -0.111441 -0.152731 -0.172007 -0.152731 -0.111441 0.000000 
5.000000e-01 5.000000e-01 4.371932e-01 5.000000e-01 5.000000e-01 1.515037e+00 -0.708547 -0.049509 -0.050503 0.908570 -0.050503 -0.049509 0.708547 -0.111630 -0.154745 -0.175798 -0.154745 -0.111630 0.000000 
5.000000e-01 5.000000e-01 4.246695e-01 5.000000e-01 5.000000e-01 1.515037e+00 -0.716767 -0.048034 -0.048755 0.910344 -0.048755 -0.048034 0.716767 -0.111721 -0.156772 -0.179780 -0.156772 -0.111721 0.000000 
5.000000e-01 5.000000e-01 4.121109e-01 5.000000e-01 5.000000e-01 1.515037e+00 -0.725009 -0.046553 -0.047002 0.912119 -0.047002 -0.046553 0.725009 -0.111709 -0.158810 -0.183971 -0.158810 -0.111709 0.000000 
5.000000e-01 5.000000e-01 3.995178e-01 5.000000e-01 5.000000e-01 1.515037e+00 -0.733274 -0.045066 -0.045246 0.913898 -0.045246 -0.045066 0.733274 -0.111580 -0.160857 -0.188400 -0.160857 -0.111580 0.000000 
5.000000e-01 5.000000e-01 3.868904e-01 5.000000e-01 5.000000e-01 1.515037e+00 -0.741562 -0.043574 -0.043485 0.915679 -0.043485 -0.043574 0.741562 -0.111314 -0.162909 -0.193118 -0.162909 -0.111314 0.000000 
5.000000e-01 5.000000e-01 3.742290e-01 5.000000e-01 5.000000e-01 1.515037e+00 -0.749872 -0.042076 -0.041719 0.917463 -0.041719 -0.042076 0.749872 -0.110916 -0.164960 -0.198120 -0.164960 -0.110916 0.000000 
5.000000e-01 5.000000e-01 3.615338e-01 5.000000e-01 5.000000e-01 1.515037e+00 -0.758203 -0.040573 -0.039950 0.919250 -0.039950 -0.040573 0.758203 -0.110377 -0.167007 -0.203435 -0.167007 -0.110377 0.000000 
5.000000e-01 5.000000e-01 3.488053e-01 5.000000e-01 5.000000e-01 1.515037e+00 -0.766557 -0.039065 -0.038176 0.921040 -0.038176 -0.039065 0.766557 -0.109677 -0.169039 -0.209125 -0.169039 -0.109677 0.000000 
5.000000e-01 5.000000e-01 3.360435e-01 5.000000e-01 5.000000e-01 1.515037e+00 -0.774932 -0.037552 -0.036398 0.922833 -0.036398 -0.037552 0.774932 -0.108799 -0.171046 -0.215242 -0.171046 -0.108799 0.000000 
5.000000e-01 5.000000e-01 3.232489e-01 5.000000e-01 5.000000e-01 1.515037e+00 -0.783328 -0.036035 -0.034616 0.924629 -0.034616 -0.036035 0.783328 -0.107748 -0.173019 -0.221795 -0.173019 -0.107748 0.000000 
5.000000e-01 5.000000e-01 3.104216e-01 5.000000e-01 5.000000e-01 1.515037e+00 -0.791746 -0.034512 -0.032829 0.926429 -0.032829 -0.034512 0.791746 -0.106513 -0.174943 -0.228832 -0.174943 -0.106513 0.000000 
5.000000e-01 5.000000e-01 2.975620e-01 5.000000e-01 5.000000e-01 1.515037e+00 -0.800185 -0.032985 -0.031039 0.928231 -0.031039 -0.032985 0.800185 -0.105053 -0.176791 -0.236498 -0.176791 -0.105053 0.000000 
5.000000e-01 5.000000e-01 2.846703e-01 5.000000e-01 5.000000e-01 1.515037e+00 -0.808644 -0.031453 -0.029244 0.930038 -0.029244 -0.031453 0.808645 -0.103377 -0.178545 -0.244800 -0.178545 -0.103377 0.000000 
5.000000e-01 5.000000e-01 2.717466e-01 5.000000e-01 5.000000e-01 1.515037e+00 -0.817125 -0.029916 -0.027445 0.931847 -0.027445 -0.029916 0.817125 -0.101481 -0.180183 -0.253797 -0.180183 -0.101481 0.000000 
5.000000e-01 5.000000e-01 2.587914e-01 5.000000e-01 5.000000e-01 1.515037e+00 -0.825626 -0.028376 -0.025642 0.933660 -0.025642 -0.028376 0.825626 -0.099335 -0.181659 -0.263639 -0.181659 -0.099335 0.000000 
5.000000e-01 5.000000e-01 2.458047e-01 5.000000e-01 5.000000e-01 1.515037e+00 -0.834148 -0.026830 -0.023834 0.935477 -0.023834 -0.026830 0.834148 -0.096917 -0.182919 -0.274475 -0.182919 -0.096917 0.000000 
5.000000e-01 5.000000e-01 2.327869e-01 5.000000e-01 5.000000e-01 1.515037e+00 -0.842690 -0.025281 -0.022023 0.937297 -0.022023 -0.025281 0.842690 -0.094242 -0.183934 -0.286339 -0.183934 -0.094242 0.000000 
5.000000e-01 5.000000e-01 2.197380e-01 5.000000e-01 5.000000e-01 1.515037e+00 -0.851253 -0.023727 -0.020207 0.939121 -0.020207 -0.023727 0.851253 -0.091294 -0.184640 -0.299385 -0.184640 -0.091294 0.000000 
5.000000e-01 5.000000e-01 2.066583e-01 5.000000e-01 5.000000e-01 1.515037e+00 -0.859836 -0.022169 -0.018387 0.940949 -0.018387 -0.022169 0.859836 -0.088021 -0.184893 -0.314007 -0.184893 -0.088021 0.000000 
5.000000e-01 5.000000e-01 1.935478e-01 5.000000e-01 5.000000e-01 1.515037e+00 -0.868440 -0.020607 -0.016563 0.942780 -0.016563 -0.020607 0.868440 -0.084461 -0.184663 -0.330192 -0.184663 -0.084461 0.000000 
5.000000e-01 5.000000e-01 1.804067e-01 5.000000e-01 5.000000e-01 1.515037e+00 -0.877065 -0.019041 -0.014735 0.944616 -0.014735 -0.019041 0.877065 -0.080605 -0.183845 -0.348164 -0.183845 -0.080605 0.000000 
5.000000e-01 5.000000e-01 1.672349e-01 5.000000e-01 5.000000e-01 1.515037e+00 -0.885712 -0.017470 -0.012902 0.946455 -0.012902 -0.017470 0.885712 -0.076399 -0.182173 -0.368568 -0.182173 -0.076399 0.000000 
5.000000e-01 5.000000e-01 1.540322e-01 5.000000e-01 5.000000e-01 1.515037e+00 -0.894381 -0.015895 -0.011064 0.948299 -0.011064 -0.015895 0.894381 -0.071882 -0.179571 -0.391475 -0.179571 -0.071882 0.000000 
5.000000e-01 5.000000e-01 1.407983e-01 5.000000e-01 5.000000e-01 1.515037e+00 -0.903074 -0.014315 -0.009222 0.950148 -0.009222 -0.014315 0.903074 -0.067058 -0.175878 -0.417202 -0.175878 -0.067058 0.000000 
5.000000e-01 5.000000e-01 1.275328e-01 5.000000e-01 5.000000e-01 1.515037e+00 -0.911794 -0.012730 -0.007373 0.952001 -0.007373 -0.012730 0.911794 -0.061888 -0.170653 -0.446713 -0.170653 -0.061888 0.000000 
5.000000e-01 5.000000e-01 1.142347e-01 5.000000e-01 5.000000e-01 1.515037e+00 -0.920543 -0.011140 -0.005519 0.953861 -0.005519 -0.011140 0.920543 -0.056405 -0.163732 -0.480270 -0.163732 -0.056405 0.000000 
5.000000e-01 5.000000e-01 1.009029e-01 5.000000e-01 5.000000e-01 1.515037e+00 -0.929325 -0.009543 -0.003658 0.955727 -0.003658 -0.009543 0.929325 -0.050630 -0.154899 -0.518268 -0.154899 -0.050630 0.000000 
5.000000e-01 5.000000e-01 8.753562e-02 5.000000e-01 5.000000e-01 1.515037e+00 -0.938148 -0.007939 -0.001788 0.957602 -0.001788 -0.007939 0.938148 -0.044535 -0.143485 -0.562107 -0.143485 -0.044535 0.000000 
5.000000e-01 5.000000e-01 7.413086e-02 5.000000e-01 5.000000e-01 1.515037e+00 -0.947017 -0.006326 0.000091 0.959487 0.000091 -0.006326 0.947017 -0.038160 -0.129334 -0.612030 -0.129334 -0.038160 0.000000 
5.000000e-01 5.000000e-01 6.068620e-02 5.000000e-01 5.000000e-01 1.515037e+00 -0.955938 -0.004704 0.001982 0.961382 0.001982 -0.004704 0.955938 -0.031534 -0.112303 -0.668263 -0.112303 -0.031534 0.000000 
5.000000e-01 5.000000e-01 4.719953e-02 5.000000e-01 5.000000e-01 1.515037e+00 -0.964926 -0.003069 0.003886 0.963291 0.003886 -0.003069 0.964926 -0.024648 -0.091727 -0.732176 -0.091727 -0.024648 0.000000 
5.000000e-01 5.000000e-01 3.366977e-02 5.000000e-01 5.000000e-01 1.515037e+00 -0.973980 -0.001422 0.005805 0.965215 0.005805 -0.001422 0.973980 -0.017556 -0.068030 -0.802807 -0.068030 -0.017556 0.000000 
5.000000e-01 5.000000e-01 2.009808e-02 5.000000e-01 5.000000e-01 1.515037e+00 -0.983098 0.000236 0.007737 0.967151 0.007737 0.000236 0.983098 -0.010303 -0.041683 -0.879126 -0.041683 -0.010303 0.000000 
5.000000e-01 5.000000e-01 6.490698e-03 5.000000e-01 5.000000e-01 1.515037e+00 -0.992271 0.001905 0.009681 0.969100 0.009681 0.001905 0.992271 -0.002924 -0.013164 -0.960096 -0.013164 -0.002924 0.000000 
5.000000e-01 5.000000e-01 4.999955e-03 5.000000e-01 5.000000e-01 1.515037e+00 -0.993277 0.002088 0.009894 0.969313 0.009894 0.002088 0.993277 -0.002112 -0.009977 -0.969098 -0.009977 -0.002112 0.000000 
5.000000e-01 5.000000e-01 4.999955e-03 5.000000e-01 5.000000e-01 1.515037e+00 -0.993277 0.002088 0.009894 0.969313 0.009894 0.002088 0.993277 -0.002112 -0.009977 -0.969098 -0.009977 -0.002112 0.000000 
5.000000e-01 5.000000e-01 4.999955e-03 5.000000e-01 5.000000e-01 1.515037e+00 -0.993277 0.002088 0.009894 0.969313 0.009894 0.002088 0.993277 -0.002112 -0.009977 -0.969098 -0.009977 -0.002112 0.000000 
5.000000e-01 5.000000e-01 4.999955e-03 5.000000e-01 5.000000e-01 1.515037e+00 -0.993277 0.002088 0.009894 0.969313 0.009894 0.002088 0.993277 -0.002112 -0.009977 -0.969098 -0.009977 -0.002112 0.000000 
5.000000e-01 5.000000e-01 4.999955e-03 5.000000e-01 5.000000e-01 1.515037e+00 -0.993277 0.002088 0.009894 0.969313 0.009894 0.002088 0.993277 -0.002112 -0.009977 -0.969098 -0.009977 -0.002112 0.000000 
5.000000e-01 5.000000e-01 4.999955e-03 5.000000e-01 5.000000e-01 1.515037e+00 -0.993277 0.002088 0.009894 0.969313 0.009894 0.002088 0.993277 -0.002112 -0.009977 -0.969098 -0.009977 -0.002112 0.000000 
5.000000e-01 5.000000e-01 4.999955e-03 5.000000e-01 5.000000e-01 1.515037e+00 -0.993277 0.002088 0.009894 0.969313 0.009894 0.002088 0.993277 -0.002112 -0.009977 -0.969098 -0.009977 -0.002112 0.000000 
5.000000e-01 5.000000e-01 4.999955e-03 5.000000e-01 5.000000e-01 1.515037e+00 -0.993277 0.002088 0.009894 0.969313 0.009894 0.002088 0.993277 -0.002112 -0.009977 -0.969098 -0.009977 -0.002112 0.000000 
5.000000e-01 5.000000e-01 4.999955e-03 5.000000e-01 5.000000e-01 1.515037e+00 -0.993277 0.002088 0.009894 0.969313 0.009894 0.002088 0.993277 -0.002112 -0.009977 -0.969098 -0.009977 -0.002112 0.000000 
5.000000e-01 5.000000e-01 4.999955e-03 5.000000e-01 5.000000e-01 1.515037e+00 -0.993277 0.002088 0.009894 0.969313 0.009894 0.002088 0.993277 -0.002112 -0.009977 -0.969098 -0.009977 -0.002112 0.000000 
5.000000e-01 5.000000e-01 4.999955e-03 5.000000e-01 5.000000e-01 1.515037e+00 -0.993277 0.002088 0.009894 0.969313 0.009894 0.002088 0.993277 -0.002112 -0.009977 -0.969098 -0.009977 -0.002112 0.000000 
5.000000e-01 5.000000e-01 4.999955e-03 5.000000e-01 5.000000e-01 1.515037e+00 -0.993277 0.002088 0.009894 0.969313 0.009894 0.002088 0.993277 -0.002112 -0.009977 -0.969098 -0.009977 -0.002112 0.000000 
5.000000e-01 5.000000e-01 4.999955e-03 5.000000e-01 5.000000e-01 1.515037e+00 -0.993277 0.002088 0.009894 0.969313 0.009894 0.002088 0.993277 -0.002112 -0.009977 -0.969098 -0.009977 -0.002112 0.000000 
5.000000e-01 5.000000e-01 4.999955e-03 5.000000e-01 5.000000e-01 1.515037e+00 -0.993277 0.002088 0.009894 0.969313 0.009894 0.002088 0.993277 -0.002112 -0.009977 -0.969098 -0.009977 -0.002112 0.000000 
5.000000e-01 5.000000e-01 4.999955e-03 5.000000e-01 5.000000e-01 1.515037e+00 -0.993277 0.002088 0.009894 0.969313 0.009894 0.002088 0.993277 -0.002112 -0.009977 -0.969098 -0.009977 -0.002112 0.000000 
5.000000e-01 5.000000e-01 4.999955e-03 5.000000e-01 5.000000e-01 1.515037e+00 -0.993277 0.002088 0.009894 0.969313 0.009894 0.002088 0.993277 -0.002112 -0.009977 -0.969098 -0.009977 -0.002112 0.000000 
5.000000e-01 5.000000e-01 4.999955e-03 5.000000e-01 5.000000e-01 1.515037e+00 -0.993277 0.002088 0.009894 0.969313 0.009894 0.002088 0.993277 -0.002112 -0.009977 -0.969098 -0.009977 -0.002112 0.000000 
5.000000e-01 5.000000e-01 4.999955e-03 5.000000e-01 5.000000e-01 1.515037e+00 -0.993277 0.002088 0.009894 0.969313 0.009894 0.002088 0.993277 -0.002112 -0.009977 -0.969098 -0.009977 -0.002112 0.000000 
5.000000e-01 5.000000e-01 4.999955e-03 5.000000e-01 5.000000e-01 1.515037e+00 -0.993277 0.002088 0.009894 0.969313 0.009894 0.002088 0.993277 -0.002112 -0.009977 -0.969098 -0.009977 -0.002112 0.000000 
5.000000e-01 5.000000e-01 4.999955e-03 5.000000e-01 5.000000e-01 1.515037e+00 -0.993277 0.002088 0.009894 0.969313 0.009894 0.002088 0.993277 -0.002112 -0.009977 -0.969098 -0.009977 -0.002112 0.000000 
5.000000e-01 5.000000e-01 4.999955e-03 5.000000e-01 5.000000e-01 1.515037e+00 -0.993277 0.002088 0.009894 0.969313 0.009894 0.002088 0.993277 -0.002112 -0.009977 -0.969098 -0.009977 -0.002112 0.000000 
5.000000e-01 5.000000e-01 4.999955e-03 5.000000e-01 5.000000e-01 1.515037e+00 -0.993277 0.002088 0.009894 0.969313 0.009894 0.002088 0.993277 -0.002112 -0.009977 -0.969098 -0.009977 -0.002112 0.000000 
5.000000e-01 5.000000e-01 4.999955e-03 5.000000e-01 5.000000e-01 1.515037e+00 -0.993277 0.002088 0.009894 0.969313 0.009894 0.002088 0.993277 -0.002112 -0.009977 -0.969098 -0.009977 -0.002112 0.000000 
5.000000e-01 5.000000e-01 4.999955e-03 5.000000e-01 5.000000e-01 1.515037e+00 -0.993277 0.002088 0.009894 0.969313 0.009894 0.002088 0.993277 -0.002112 -0.009977 -0.969098 -0.009977 -0.002112 0.000000 
5.000000e-01 5.000000e-01 4.999955e-03 5.000000e-01 5.000000e-01 1.515037e+00 -0.993277 0.002088 0.009894 0.969313 0.009894 0.002088 0.993277 -0.002112 -0.009977 -0.969098 -0.009977 -0.002112 0.000000 
5.000000e-01 5.000000e-01 4.999955e-03 5.000000e-01 5.000000e-01 1.515037e+00 -0.993277 0.002088 0.009894 0.969313 0.009894 0.002088 0.993277 -0.002112 -0.009977 -0.969098 -0.009977 -0.002112 0.000000 
5.000000e-01 5.000000e-01 4.999955e-03 5.000000e-01 5.000000e-01 1.515037e+00 -0.993277 0.002088 0.009894 0.969313 0.009894 0.002088 0.993277 -0.002112 -0.009977 -0.969098 -0.009977 -0.002112 0.000000 
5.000000e-01 5.000000e-01 4.999955e-03 5.000000e-01 5.000000e-01 1.515037e+00 -0.993277 0.002088 0.009894 0.969313 0.009894 0.002088 0.993277 -0.002112 -0.009977 -0.969098 -0.009977 -0.002112 0.000000 
5.000000e-01 5.000000e-01 4.999955e-03 5.000000e-01 5.000000e-01 1.515037e+00 -0.993277 0.002088 0.009894 0.969313 0.009894 0.002088 0.993277 -0.002112 -0.009977 -0.969098 -0.009977 -0.002112 0.000000 
5.000000e-01 5.000000e-01 4.999955e-03 5.000000e-01 5.000000e-01 1.515037e+00 -0.993277 0.002088 0.009894 0.969313 0.009894 0.002088 0.993277 -0.002112 -0.009977 -0.969098 -0.009977 -0.002112 0.000000 
5.000000e-01 5.000000e-01 4.999955e-03 5.000000e-01 5.000000e-01 1.515037e+00 -0.993277 0.002088 0.009894 0.969313 0.009894 0.002088 0.993277 -0.002112 -0.009977 -0.969098 -0.009977 -0.002112 0.000000 
5.000000e-01 5.000000e-01 4.999955e-03 5.000000e-01 5.000000e-01 1.515037e+00 -0.993277 0.002088 0.009894 0.969313 0.009894 0.002088 0.993277 -0.002112 -0.009977 -0.969098 -0.009977 -0.002112 0.000000 
5.000000e-01 5.000000e-01 4.999955e-03 5.000000e-01 5.000000e-01 1.515037e+00 -0.993277 0.002088 0.009894 0.969313 0.009894 0.002088 0.993277 -0.002112 -0.009977 -0.969098 -0.009977 -0.002112 0.000000 
5.000000e-01 5.000000e-01 4.999955e-03 5.000000e-01 5.000000e-01 1.515037e+00 -0.993277 0.002088 0.009894 0.969313 0.009894 0.002088 0.993277 -0.002112 -0.009977 -0.969098 -0.009977 -0.002112 0.000000 
5.000000e-01 5.000000e-01 4.999955e-03 5.000000e-01 5.000000e-01 1.515037e+00 -0.993277 0.002088 0.009894 0.969313 0.009894 0.002088 0.993277 -0.002112 -0.009977 -0.969098 -0.009977 -0.002112 0.000000 
5.000000e-01 5.000000e-01 4.999955e-03 5.000000e-01 5.000000e-01 1.515037e+00 -0.993277 0.002088 0.009894 0.969313 0.009894 0.002088 0.993277 -0.002112 -0.009977 -0.969098 -0.009977 -0.002112 0.000000 
5.000000e-01 5.000000e-01 4.999955e-03 5.000000e-01 5.000000e-01 1.515037e+00 -0.993277 0.002088 0.009894 0.969313 0.009894 0.002088 0.993277 -0.002112 -0.009977 -0.969098 -0.009977 -0.002112 0.000000 
5.000000e-01 5.000000e-01 4.999955e-03 5.000000e-01 5.000000e-01 1.515037e+00 -0.993277 0.002088 0.009894 0.969313 0.009894 0.002088 0.993277 -0.002112 -0.009977 -0.969098 -0.009977 -0.002112 0.000000 
5.000000e-01 5.000000e-01 4.999955e-03 5.000000e-01 5.000000e-01 1.515037e+00 -0.993277 0.002088 0.009894 0.969313 0.009894 0.002088 0.993277 -0.002112 -0.009977 -0.969098 -0.009977 -0.002112 0.000000 
5.000000e-01 5.000000e-01 4.999955e-03 5.000000e-01 5.000000e-01 1.515037e+00 -0.993277 0.002088 0.009894 0.969313 0.009894 0.002088 0.993277 -0.002112 -0.009977 -0.969098 -0.009977 -0.002112 0.000000 
5.000000e-01 5.000000e-01 4.999955e-03 5.000000e-01 5.000000e-01 1.515037e+00 -0.993277 0.002088 0.009894 0.969313 0.009894 0.002088 0.993277 -0.002112 -0.009977 -0.969098 -0.009977 -0.002112 0.000000 
5.000000e-01 5.000000e-01 4.999955e-03 5.000000e-01 5.000000e-01 1.515037e+00 -0.993277 0.002088 0.009894 0.969313 0.009894 0.002088 0.993277 -0.002112 -0.009977 -0.969098 -0.009977 -0.002112 0.000000 
5.000000e-01 5.000000e-01 4.999955e-03 5.000000e-01 5.000000e-01 1.515037e+00 -0.993277 0.002088 0.009894 0.969313 0.009894 0.002088 0.993277 -0.002112 -0.009977 -0.969098 -0.009977 -0.002112 0.000000 
5.000000e-01 5.000000e-01 4.999955e-03 5.000000e-01 5.000000e-01 1.515037e+00 -0.993277 0.002088 0.009894 0.969313 0.009894 0.002088 0.993277 -0.002112 -0.009977 -0.969098 -0.009977 -0.002112 0.000000 
5.000000e-01 5.000000e-01 4.999955e-03 5.000000e-01 5.000000e-01 1.515037e+00 -0.993277 0.002088 0.009894 0.969313 0.009894 0.002088 0.993277 -0.002112 -0.009977 -0.969098 -0.009977 -0.002112 0.000000 
5.000000e-01 5.000000e-01 4.999955e-03 5.000000e-01 5.000000e-01 1.515037e+00 -0.993277 0.002088 0.009894 0.969313 0.009894 0.002088 0.993277 -0.002112 -0.009977 -0.969098 -0.009977 -0.002112 0.000000 
5.000000e-01 5.000000e-01 4.999955e-03 5.000000e-01 5.000000e-01 1.515037e+00 -0.993277 0.002088 0.009894 0.969313 0.009894 0.002088 0.993277 -0.002112 -0.009977 -0.969098 -0.009977 -0.002112 0.000000 
5.000000e-01 5.000000e-01 4.999955e-03 5.000000e-01 5.000000e-01 1.515037e+00 -0.993277 0.002088 0.009894 0.969313 0.009894 0.002088 0.993277 -0.002112 -0.009977 -0.969098 -0.009977 -0.002112 0.000000 
5.000000e-01 5.000000e-01 4.999955e-03 5.000000e-01 5.000000e-01 1.515037e+00 -0.993277 0.002088 0.009894 0.969313 0.009894 0.002088 0.993277 -0.002112 -0.009977 -0.969098 -0.009977 -0.002112 0.000000 
5.000000e-01 5.000000e-01 4.999955e-03 5.000000e-01 5.000000e-01 1.515037e+00 -0.993277 0.002088 0.009894 0.969313 0.009894 0.002088 0.993277 -0.002112 -0.009977 -0.969098 -0.009977 -0.002112 0.000000 
5.000000e-01 5.000000e-01 4.999955e-03 5.000000e-01 5.000000e-01 1.515037e+00 -0.993277 0.002088 0.009894 0.969313 0.009894 0.002088 0.993277 -0.002112 -0.009977 -0.969098 -0.009977 -0.002112 0.000000 
5.000000e-01 5.000000e-01 4.999955e-03 5.000000e-01 5.000000e-01 1.515037e+00 -0.993277 0.002088 0.009894 0.969313 0.009894 0.002088 0.993277 -0.002112 -0.009977 -0.969098 -0.009977 -0.002112 0.000000 
5.000000e-01 5.000000e-01 4.999955e-03 5.000000e-01 5.000000e-01 1.515037e+00 -0.993277 0.002088 0.009894 0.969313 0.009894 0.002088 0.993277 -0.002112 -0.009977 -0.969098 -0.009977 -0.002112 0.000000 
5.000000e-01 5.000000e-01 4.999955e-03 5.000000e-01 5.000000e-01 1.515037e+00 -0.993277 0.002088 0.009894 0.969313 0.009894 0.002088 0.993277 -0.002112 -0.009977 -0.969098 -0.009977 -0.002112 0.000000 
5.000000e-01 5.000000e-01 4.999955e-03 5.000000e-01 5.000000e-01 1.515037e+00 -0.993277 0.002088 0.009894 0.969313 0.009894 0.002088 0.993277 -0.002112 -0.009977 -0.969098 -0.009977 -0.002112 0.000000 
5.000000e-01 5.000000e-01 4.999955e-03 5.000000e-01 5.000000e-01 1.515037e+00 -0.993277 0.002088 0.009894 0.969313 0.009894 0.002088 0.993277 -0.002112 -0.009977 -0.969098 -0.009977 -0.002112 0.000000 
5.000000e-01 5.000000e-01 4.999955e-03 5.000000e-01 5.000000e-01 1.515037e+00 -0.993277 0.002088 0.009894 0.969313 0.009894 0.002088 0.993277 -0.002112 -0.009977 -0.969098 -0.009977 -0.002112 0.000000 
5.000000e-01 5.000000e-01 4.999955e-03 5.000000e-01 5.000000e-01 1.515037e+00 -0.993277 0.002088 0.009894 0.969313 0.009894 0.002088 0.993277 -0.002112 -0.009977 -0.969098 -0.009977 -0.002112 0.000000 
5.000000e-01 5.000000e-01 4.999955e-03 5.000000e-01 5.000000e-01 1.515037e+00 -0.993277 0.002088 0.009894 0.969313 0.009894 0.002088 0.993277 -0.002112 -0.009977 -0.969098 -0.009977 -0.002112 0.000000 
5.000000e-01 5.000000e-01 4.999955e-03 5.000000e-01 5.000000e-01 1.515037e+00 -0.993277 0.002088 0.009894 0.969313 0.009894 0.002088 0.993277 -0.002112 -0.009977 -0.969098 -0.009977 -0.002112 0.000000 
5.000000e-01 5.000000e-01 4.999955e-03 5.000000e-01 5.000000e-01 1.515037e+00 -0.993277 0.002088 0.009894 0.969313 0.009894 0.002088 0.993277 -0.002112 -0.009977 -0.969098 -0.009977 -0.002112 0.000000 
5.000000e-01 5.000000e-01 4.999955e-03 5.000000e-01 5.000000e-01 1.515037e+00 -0.993277 0.002088 0.009894 0.969313 0.009894 0.002088 0.993277 -0.002112 -0.009977 -0.969098 -0.009977 -0.002112 0.000000 
5.000000e-01 5.000000e-01 4.999955e-03 5.000000e-01 5.000000e-01 1.515037e+00 -0.993277 0.002088 0.009894 0.969313 0.009894 0.002088 0.993277 -0.002112 -0.009977 -0.969098 -0.009977 -0.002112 0.000000 
5.000000e-01 5.000000e-01 4.999955e-03 5.000000e-01 5.000000e-01 1.515037e+00 -0.993277 0.002088 0.009894 0.969313 0.009894 0.002088 0.993277 -0.002112 -0.009977 -0.969098 -0.009977 -0.002112 0.000000 
5.000000e-01 5.000000e-01 4.999955e-03 5.000000e-01 5.000000e-01 1.515037e+00 -0.993277 0.002088 0.009894 0.969313 0.009894 0.002088 0.993277 -0.002112 -0.009977 -0.969098 -0.009977 -0.002112 0.000000 
5.000000e-01 5.000000e-01 4.999955e-03 5.000000e-01 5.000000e-01 1.515037e+00 -0.993277 0.002088 0.009894 0.969313 0.009894 0.002088 0.993277 -0.002112 -0.009977 -0.969098 -0.009977 -0.002112 0.000000 
5.000000e-01 5.000000e-01 4.999955e-03 5.000000e-01 5.000000e-01 1.515037e+00 -0.993277 0.002088 0.009894 0.969313 0.009894 0.002088 0.993277 -0.002112 -0.009977 -0.969098 -0.009977 -0.002112 0.000000 
5.000000e-01 5.000000e-01 4.999955e-03 5.000000e-01 5.000000e-01 1.515037e+00 -0.993277 0.002088 0.009894 0.969313 0.009894 0.002088 0.993277 -0.002112 -0.009977 -0.969098 -0.009977 -0.002112 0.000000 
5.000000e-01 5.000000e-01 4.999955e-03 5.000000e-01 5.000000e-01 1.515037e+00 -0.993277 0.002088 0.009894 0.969313 0.009894 0.002088 0.993277 -0.002112 -0.009977 -0.969098 -0.009977 -0.002112 0.000000 
5.000000e-01 5.000000e-01 4.999955e-03 5.000000e-01 5.000000e-01 1.515037e+00 -0.993277 0.002088 0.009894 0.969313 0.009894 0.002088 0.993277 -0.002112 -0.009977 -0.969098 -0.009977 -0.002112 0.000000 
5.000000e-01 5.000000e-01 4.999955e-03 5.000000e-01 5.000000e-01 1.515037e+00 -0.993277 0.002088 0.009894 0.969313 0.009894 0.002088 0.993277 -0.002112 -0.009977 -0.969098 -0.009977 -0.002112 0.000000 
5.000000e-01 5.000000e-01 4.999955e-03 5.000000e-01 5.000000e-01 1.515037e+00 -0.993277 0.002088 0.009894 0.969313 0.009894 0.002088 0.993277 -0.002112 -0.009977 -0.969098 -0.009977 -0.002112 0.000000 
5.000000e-01 5.000000e-01 4.999955e-03 5.000000e-01 5.000000e-01 1.515037e+00 -0.993277 0.002088 0.009894 0.969313 0.009894 0.002088 0.993277 -0.002112 -0.009977 -0.969098 -0.009977 -0.002112 0.000000 
5.000000e-01 5.000000e-01 4.999955e-03 5.000000e-01 5.000000e-01 1.515037e+00 -0.993277 0.002088 0.009894 0.969313 0.009894 0.002088 0.993277 -0.002112 -0.009977 -0.969098 -0.009977 -0.002112 0.000000 
5.000000e-01 5.000000e-01 4.999955e-03 5.000000e-01 5.000000e-01 1.515037e+00 -0.993277 0.002088 0.009894 0.969313 0.009894 0.002088 0.993277 -0.002112 -0.009977 -0.969098 -0.009977 -0.002112 0.000000 
5.000000e-01 5.000000e-01 4.999955e-03 5.000000e-01 5.000000e-01 1.515037e+00 -0.993277 0.002088 0.009894 0.969313 0.009894 0.002088 0.993277 -0.002112 -0.009977 -0.969098 -0.009977 -0.002112 0.000000 
5.000000e-01 5.000000e-01 4.999955e-03 5.000000e-01 5.000000e-01 1.515037e+00 -0.993277 0.002088 0.009894 0.969313 0.009894 0.002088 0.993277 -0.002112 -0.009977 -0.969098 -0.009977 -0.002112 0.000000 
5.000000e-01 5.000000e-01 4.999955e-03 5.000000e-01 5.000000e-01 1.515037e+00 -0.993277 0.002088 0.009894 0.969313 0.009894 0.002088 0.993277 -0.002112 -0.009977 -0.969098 -0.009977 -0.002112 0.000000 
5.000000e-01 5.000000e-01 4.999955e-03 5.000000e-01 5.000000e-01 1.515037e+00 -0.993277 0.002088 0.009894 0.969313 0.009894 0.002088 0.993277 -0.002112 -0.009977 -0.969098 -0.009977 -0.002112 0.000000 
5.000000e-01 5.000000e-01 4.999955e-03 5.000000e-01 5.000000e-01 1.515037e+00 -0.993277 0.002088 0.009894 0.969313 0.009894 0.002088 0.993277 -0.002112 -0.009977 -0.969098 -0.009977 -0.002112 0.000000 
5.000000e-01 5.000000e-01 4.999955e-03 5.000000e-01 5.000000e-01 1.515037e+00 -0.993277 0.002088 0.009894 0.969313 0.009894 0.002088 0.993277 -0.002112 -0.009977 -0.969098 -0.009977 -0.002112 0.000000 
5.000000e-01 5.000000e-01 4.999955e-03 5.000000e-01 5.000000e-01 1.515037e+00 -0.993277 0.002088 0.009894 0.969313 0.009894 0.002088 0.993277 -0.002112 -0.009977 -0.969098 -0.009977 -0.002112 0.000000 
5.000000e-01 5.000000e-01 4.999955e-03 5.000000e-01 5.000000e-01 1.515037e+00 -0.993277 0.002088 0.009894 0.969313 0.009894 0.002088 0.993277 -0.002112 -0.009977 -0.969098 -0.009977 -0.002112 0.000000 
5.000000e-01 5.000000e-01 4.999955e-03 5.000000e-01 5.000000e-01 1.515037e+00 -0.993277 0.002088 0.009894 0.969313 0.009894 0.002088 0.993277 -0.002112 -0.009977 -0.969098 -0.009977 -0.002112 0.000000 
5.000000e-01 5.000000e-01 4.999955e-03 5.000000e-01 5.000000e-01 1.515037e+00 -0.993277 0.002088 0.009894 0.969313 0.009894 0.002088 0.993277 -0.002112 -0.009977 -0.969098 -0.009977 -0.002112 0.000000 
5.000000e-01 5.000000e-01 4.999955e-03 5.000000e-01 5.000000e-01 1.515037e+00 -0.993277 0.002088 0.009894 0.969313 0.009894 0.002088 0.993277 -0.002112 -0.009977 -0.969098 -0.009977 -0.002112 0.000000 
5.000000e-01 5.000000e-01 4.999955e-03 5.000000e-01 5.000000e-01 1.515037e+00 -0.993277 0.002088 0.009894 0.969313 0.009894 0.002088 0.993277 -0.002112 -0.009977 -0.969098 -0.009977 -0.002112 0.000000 
5.000000e-01 5.000000e-01 4.999955e-03 5.000000e-01 5.000000e-01 1.515037e+00 -0.993277 0.002088 0.009894 0.969313 0.009894 0.002088 0.993277 -0.002112 -0.009977 -0.969098 -0.009977 -0.002112 0.000000 
5.000000e-01 5.000000e-01 4.999955e-03 5.000000e-01 5.000000e-01 1.515037e+00 -0.993277 0.002088 0.009894 0.969313 0.009894 0.002088 0.993277 -0.002112 -0.009977 -0.969098 -0.009977 -0.002112 0.000000 
5.000000e-01 5.000000e-01 4.999955e-03 5.000000e-01 5.000000e-01 1.515037e+00 -0.993277 0.002088 0.009894 0.969313 0.009894 0.002088 0.993277 -0.002112 -0.009977 -0.969098 -0.009977 -0.002112 0.000000 
5.000000e-01 5.000000e-01 4.999955e-03 5.000000e-01 5.000000e-01 1.515037e+00 -0.993277 0.002088 0.009894 0.969313 0.009894 0.002088 0.993277 -0.002112 -0.009977 -0.969098 -0.009977 -0.002112 0.000000 
5.000000e-01 5.000000e-01 4.999955e-03 5.000000e-01 5.000000e-01 1.515037e+00 -0.993277 0.002088 0.009894 0.969313 0.009894 0.002088 0.993277 -0.002112 -0.009977 -0.969098 -0.009977 -0.002112 0.000000 
5.000000e-01 5.000000e-01 4.999955e-03 5.000000e-01 5.000000e-01 1.515037e+00 -0.993277 0.002088 0.009894 0.969313 0.009894 0.002088 0.993277 -0.002112 -0.009977 -0.969098 -0.009977 -0.002112 0.000000 
5.000000e-01 5.000000e-01 4.999955e-03 5.000000e-01 5.000000e-01 1.515037e+00 -0.993277 0.002088 0.009894 0.969313 0.009894 0.002088 0.993277 -0.002112 -0.009977 -0.969098 -0.009977 -0.002112 0.000000 
5.000000e-01 5.000000e-01 4.999955e-03 5.000000e-01 5.000000e-01 1.515037e+00 -0.993277 0.002088 0.009894 0.969313 0.009894 0.002088 0.993277 -0.002112 -0.009977 -0.969098 -0.009977 -0.002112 0.000000 
5.000000e-01 5.000000e-01 4.999955e-03 5.000000e-01 5.000000e-01 1.515037e+00 -0.993277 0.002088 0.009894 0.969313 0.009894 0.002088 0.993277 -0.002112 -0.009977 -0.969098 -0.009977 -0.002112 0.000000 
5.000000e-01 5.000000e-01 4.999955e-03 5.000000e-01 5.000000e-01 1.515037e+00 -0.993277 0.002088 0.009894 0.969313 0.009894 0.002088 0.993277 -0.002112 -0.009977 -0.969098 -0.009977 -0.002112 0.000000 
5.000000e-01 5.000000e-01 4.999955e-03 5.000000e-01 5.000000e-01 1.515037e+00 -0.993277 0.002088 0.009894 0.969313 0.009894 0.002088 0.993277 -0.002112 -0.009977 -0.969098 -0.009977 -0.002112 0.000000 
5.000000e-01 5.000000e-01 4.999955e-03 5.000000e-01 5.000000e-01 1.515037e+00 -0.993277 0.002088 0.009894 0.969313 0.009894 0.002088 0.993277 -0.002112 -0.009977 -0.969098 -0.009977 -0.002112 0.000000 
5.000000e-01 5.000000e-01 4.999955e-03 5.000000e-01 5.000000e-01 1.515037e+00 -0.993277 0.002088 0.009894 0.969313 0.009894 0.002088 0.993277 -0.002112 -0.009977 -0.969098 -0.009977 -0.002112 0.000000 
5.000000e-01 5.000000e-01 4.999955e-03 5.000000e-01 5.000000e-01 1.515037e+00 -0.993277 0.002088 0.009894 0.969313 0.009894 0.002088 0.993277 -0.002112 -0.009977 -0.969098 -0.009977 -0.002112 0.000000 
5.000000e-01 5.000000e-01 4.999955e-03 5.000000e-01 5.000000e-01 1.515037e+00 -0.993277 0.002088 0.009894 0.969313 0.009894 0.002088 0.993277 -0.002112 -0.009977 -0.969098 -0.009977 -0.002112 0.000000 
5.000000e-01 5.000000e-01 4.999955e-03 5.000000e-01 5.000000e-01 1.515037e+00 -0.993277 0.002088 0.009894 0.969313 0.009894 0.002088 0.993277 -0.002112 -0.009977 -0.969098 -0.009977 -0.002112 0.000000 
5.000000e-01 5.000000e-01 4.999955e-03 5.000000e-01 5.000000e-01 1.515037e+00 -0.993277 0.002088 0.009894 0.969313 0.009894 0.002088 0.993277 -0.002112 -0.009977 -0.969098 -0.009977 -0.002112 0.000000 
5.000000e-01 5.000000e-01 4.999955e-03 5.000000e-01 5.000000e-01 1.515037e+00 -0.993277 0.002088 0.009894 0.969313 0.009894 0.002088 0.993277 -0.002112 -0.009977 -0.969098 -0.009977 -0.002112 0.000000 
5.000000e-01 5.000000e-01 4.999955e-03 5.000000e-01 5.000000e-01 1.515037e+00 -0.993277 0.002088 0.009894 0.969313 0.009894 0.002088 0.993277 -0.002112 -0.009977 -0.969098 -0.009977 -0.002112 0.000000 
5.000000e-01 5.000000e-01 4.999955e-03 5.000000e-01 5.000000e-01 1.515037e+00 -0.993277 0.002088 0.009894 0.969313 0.009894 0.002088 0.993277 -0.002112 -0.009977 -0.969098 -0.009977 -0.002112 0.000000 
5.000000e-01 5.000000e-01 4.999955e-03 5.000000e-01 5.000000e-01 1.515037e+00 -0.993277 0.002088 0.009894 0.969313 0.009894 0.002088 0.993277 -0.002112 -0.009977 -0.969098 -0.009977 -0.002112 0.000000 
5.000000e-01 5.000000e-01 4.999955e-03 5.000000e-01 5.000000e-01 1.515037e+00 -0.993277 0.002088 0.009894 0.969313 0.009894 0.002088 0.993277 -0.002112 -0.009977 -0.969098 -0.009977 -0.002112 0.000000 
5.000000e-01 5.000000e-01 4.999955e-03 5.000000e-01 5.000000e-01 1.515037e+00 -0.993277 0.002088 0.009894 0.969313 0.009894 0.002088 0.993277 -0.002112 -0.009977 -0.969098 -0.009977 -0.002112 0.000000 
5.000000e-01 5.000000e-01 4.999955e-03 5.000000e-01 5.000000e-01 1.515037e+00 -0.993277 0.002088 0.009894 0.969313 0.009894 0.002088 0.993277 -0.002112 -0.009977 -0.969098 -0.009977 -0.002112 0.000000 
5.000000e-01 5.000000e-01 4.999955e-03 5.000000e-01 5.000000e-01 1.515037e+00 -0.993277 0.002088 0.009894 0.969313 0.009894 0.002088 0.993277 -0.002112 -0.009977 -0.969098 -0.009977 -0.002112 0.000000 
5.000000e-01 5.000000e-01 4.999955e-03 5.000000e-01 5.000000e-01 1.515037e+00 -0.993277 0.002088 0.009894 0.969313 0.009894 0.002088 0.993277 -0.002112 -0.009977 -0.969098 -0.009977 -0.002112 0.000000 
5.000000e-01 5.000000e-01 4.999955e-03 5.000000e-01 5.000000e-01 1.515037e+00 -0.993277 0.002088 0.009894 0.969313 0.009894 0.002088 0.993277 -0.002112 -0.009977 -0.969098 -0.009977 -0.002112 0.000000 
5.000000e-01 5.000000e-01 4.999955e-03 5.000000e-01 5.000000e-01 1.515037e+00 -0.993277 0.002088 0.009894 0.969313 0.009894 0.002088 0.993277 -0.002112 -0.009977 -0.969098 -0.009977 -0.002112 0.000000 
5.000000e-01 5.000000e-01 4.999955e-03 5.000000e-01 5.000000e-01 1.515037e+00 -0.993277 0.002088 0.009894 0.969313 0.009894 0.002088 0.993277 -0.002112 -0.009977 -0.969098 -0.009977 -0.002112 0.000000 
5.000000e-01 5.000000e-01 4.999955e-03 5.000000e-01 5.000000e-01 1.515037e+00 -0.993277 0.002088 0.009894 0.969313 0.009894 0.002088 0.993277 -0.002112 -0.009977 -0.969098 -0.009977 -0.002112 0.000000 
5.000000e-01 5.000000e-01 4.999955e-03 5.000000e-01 5.000000e-01 1.515037e+00 -0.993277 0.002088 0.009894 0.969313 0.009894 0.002088 0.993277 -0.002112 -0.009977 -0.969098 -0.009977 -0.002112 0.000000 
5.000000e-01 5.000000e-01 4.999955e-03 5.000000e-01 5.000000e-01 1.515037e+00 -0.993277 0.002088 0.009894 0.969313 0.009894 0.002088 0.993277 -0.002112 -0.009977 -0.969098 -0.009977 -0.002112 0.000000 
5.000000e-01 5.000000e-01 4.999955e-03 5.000000e-01 5.000000e-01 1.515037e+00 -0.993277 0.002088 0.009894 0.969313 0.009894 0.002088 0.993277 -0.002112 -0.009977 -0.969098 -0.009977 -0.002112 0.000000 
5.000000e-01 5.000000e-01 4.999955e-03 5.000000e-01 5.000000e-01 1.515037e+00 -0.993277 0.002088 0.009894 0.969313 0.009894 0.002088 0.993277 -0.002112 -0.009977 -0.969098 -0.009977 -0.002112 0.000000 
5.000000e-01 5.000000e-01 4.999955e-03 5.000000e-01 5.000000e-01 1.515037e+00 -0.993277 0.002088 0.009894 0.969313 0.009894 0.002088 0.993277 -0.002112 -0.009977 -0.969098 -0.009977 -0.002112 0.000000 
5.000000e-01 5.000000e-01 4.999955e-03 5.000000e-01 5.000000e-01 1.515037e+00 -0.993277 0.002088 0.009894 0.969313 0.009894 0.002088 0.993277 -0.002112 -0.009977 -0.969098 -0.009977 -0.002112 0.000000 
5.000000e-01 5.000000e-01 4.999955e-03 5.000000e-01 5.000000e-01 1.515037e+00 -0.993277 0.002088 0.009894 0.969313 0.009894 0.002088 0.993277 -0.002112 -0.009977 -0.969098 -0.009977 -0.002112 0.000000 
5.000000e-01 5.000000e-01 4.999955e-03 5.000000e-01 5.000000e-01 1.515037e+00 -0.993277 0.002088 0.009894 0.969313 0.009894 0.002088 0.993277 -0.002112 -0.009977 -0.969098 -0.009977 -0.002112 0.000000 
5.000000e-01 5.000000e-01 4.999955e-03 5.000000e-01 5.000000e-01 1.515037e+00 -0.993277 0.002088 0.009894 0.969313 0.009894 0.002088 0.993277 -0.002112 -0.009977 -0.969098 -0.009977 -0.002112 0.000000 
5.000000e-01 5.000000e-01 4.999955e-03 5.000000e-01 5.000000e-01 1.515037e+00 -0.993277 0.002088 0.009894 0.969313 0.009894 0.002088 0.993277 -0.002112 -0.009977 -0.969098 -0.009977 -0.002112 0.000000 
5.000000e-01 5.000000e-01 4.999955e-03 5.000000e-01 5.000000e-01 1.515037e+00 -0.993277 0.002088 0.009894 0.969313 0.009894 0.002088 0.993277 -0.002112 -0.009977 -0.969098 -0.009977 -0.002112 0.000000 
5.000000e-01 5.000000e-01 4.999955e-03 5.000000e-01 5.000000e-01 1.515037e+00 -0.993277 0.002088 0.009894 0.969313 0.009894 0.002088 0.993277 -0.002112 -0.009977 -0.969098 -0.009977 -0.002112 0.000000 
5.000000e-01 5.000000e-01 4.999955e-03 5.000000e-01 5.000000e-01 1.515037e+00 -0.993277 0.002088 0.009894 0.969313 0.009894 0.002088 0.993277 -0.002112 -0.009977 -0.969098 -0.009977 -0.002112 0.000000 
5.000000e-01 5.000000e-01 4.999955e-03 5.000000e-01 5.000000e-01 1.515037e+00 -0.993277 0.002088 0.009894 0.969313 0.009894 0.002088 0.993277 -0.002112 -0.009977 -0.969098 -0.009977 -0.002112 0.000000 
5.000000e-01 5.000000e-01 4.999955e-03 5.000000e-01 5.000000e-01 1.515037e+00 -0.993277 0.002088 0.009894 0.969313 0.009894 0.002088 0.993277 -0.002112 -0.009977 -0.969098 -0.009977 -0.002112 0.000000 
5.000000e-01 5.000000e-01 4.999955e-03 5.000000e-01 5.000000e-01 1.515037e+00 -0.993277 0.002088 0.009894 0.969313 0.009894 0.002088 0.993277 -0.002112 -0.009977 -0.969098 -0.009977 -0.002112 0.000000 
5.000000e-01 5.000000e-01 4.999955e-03 5.000000e-01 5.000000e-01 1.515037e+00 -0.993277 0.002088 0.009894 0.969313 0.009894 0.002088 0.993277 -0.002112 -0.009977 -0.969098 -0.009977 -0.002112 0.000000 
5.000000e-01 5.000000e-01 4.999955e-03 5.000000e-01 5.000000e-01 1.515037e+00 -0.993277 0.002088 0.009894 0.969313 0.009894 0.002088 0.993277 -0.002112 -0.009977 -0.969098 -0.009977 -0.002112 0.000000 
5.000000e-01 5.000000e-01 4.999955e-03 5.000000e-01 5.000000e-01 1.515037e+00 -0.993277 0.002088 0.009894 0.969313 0.009894 0.002088 0.993277 -0.002112 -0.009977 -0.969098 -0.009977 -0.002112 0.000000 
5.000000e-01 5.000000e-01 4.999955e-03 5.000000e-01 5.000000e-01 1.515037e+00 -0.993277 0.002088 0.009894 0.969313 0.009894 0.002088 0.993277 -0.002112 -0.009977 -0.969098 -0.009977 -0.002112 0.000000 
5.000000e-01 5.000000e-01 4.999955e-03 5.000000e-01 5.000000e-01 1.515037e+00 -0.993277 0.002088 0.009894 0.969313 0.009894 0.002088 0.993277 -0.002112 -0.009977 -0.969098 -0.009977 -0.002112 0.000000 
5.000000e-01 5.000000e-01 4.999955e-03 5.000000e-01 5.000000e-01 1.515037e+00 -0.993277 0.002088 0.009894 0.969313 0.009894 0.002088 0.993277 -0.002112 -0.009977 -0.969098 -0.009977 -0.002112 0.000000 
5.000000e-01 5.000000e-01 4.999955e-03 5.000000e-01 5.000000e-01 1.515037e+00 -0.993277 0.002088 0.009894 0.969313 0.009894 0.002088 0.993277 -0.002112 -0.009977 -0.969098 -0.009977 -0.002112 0.000000 
5.000000e-01 5.000000e-01 4.999955e-03 5.000000e-01 5.000000e-01 1.515037e+00 -0.993277 0.002088 0.009894 0.969313 0.009894 0.002088 0.993277 -0.002112 -0.009977 -0.969098 -0.009977 -0.002112 0.000000 
5.000000e-01 5.000000e-01 4.999955e-03 5.000000e-01 5.000000e-01 1.515037e+00 -0.993277 0.002088 0.009894 0.969313 0.009894 0.002088 0.993277 -0.002112 -0.009977 -0.969098 -0.009977 -0.002112 0.000000 
5.000000e-01 5.000000e-01 4.999955e-03 5.000000e-01 5.000000e-01 1.515037e+00 -0.993277 0.002088 0.009894 0.969313 0.009894 0.002088 0.993277 -0.002112 -0.009977 -0.969098 -0.009977 -0.002112 0.000000 
5.000000e-01 5.000000e-01 4.999955e-03 5.000000e-01 5.000000e-01 1.515037e+00 -0.993277 0.002088 0.009894 0.969313 0.009894 0.002088 0.993277 -0.002112 -0.009977 -0.969098 -0.009977 -0.002112 0.000000 
5.000000e-01 5.000000e-01 4.999955e-03 5.000000e-01 5.000000e-01 1.515037e+00 -0.993277 0.002088 0.009894 0.969313 0.009894 0.002088 0.993277 -0.002112 -0.009977 -0.969098 -0.009977 -0.002112 0.000000 
5.000000e-01 5.000000e-01 4.999955e-03 5.000000e-01 5.000000e-01 1.515037e+00 -0.993277 0.002088 0.009894 0.969313 0.009894 0.002088 0.993277 -0.002112 -0.009977 -0.969098 -0.009977 -0.002112 0.000000 
5.000000e-01 5.000000e-01 4.999955e-03 5.000000e-01 5.000000e-01 1.515037e+00 -0.993277 0.002088 0.009894 0.969313 0.009894 0.002088 0.993277 -0.002112 -0.009977 -0.969098 -0.009977 -0.002112 0.000000 
5.000000e-01 5.000000e-01 4.999955e-03 5.000000e-01 5.000000e-01 1.515037e+00 -0.993277 0.002088 0.009894 0.969313 0.009894 0.002088 0.993277 -0.002112 -0.009977 -0.969098 -0.009977 -0.002112 0.000000 
5.000000e-01 5.000000e-01 4.999955e-03 5.000000e-01 5.000000e-01 1.515037e+00 -0.993277 0.002088 0.009894 0.969313 0.009894 0.002088 0.993277 -0.002112 -0.009977 -0.969098 -0.009977 -0.002112 0.000000 
5.000000e-01 5.000000e-01 4.999955e-03 5.000000e-01 5.000000e-01 1.515037e+00 -0.993277 0.002088 0.009894 0.969313 0.009894 0.002088 0.993277 -0.002112 -0.009977 -0.969098 -0.009977 -0.002112 0.000000 
5.000000e-01 5.000000e-01 4.999955e-03 5.000000e-01 5.000000e-01 1.515037e+00 -0.993277 0.002088 0.009894 0.969313 0.009894 0.002088 0.993277 -0.002112 -0.009977 -0.969098 -0.009977 -0.002112 0.000000 
5.000000e-01 5.000000e-01 4.999955e-03 5.000000e-01 5.000000e-01 1.515037e+00 -0.993277 0.002088 0.009894 0.969313 0.009894 0.002088 0.993277 -0.002112 -0.009977 -0.969098 -0.009977 -0.002112 0.000000 
5.000000e-01 5.000000e-01 4.999955e-03 5.000000e-01 5.000000e-01 1.515037e+00 -0.993277 0.002088 0.009894 0.969313 0.009894 0.002088 0.993277 -0.002112 -0.009977 -0.969098 -0.009977 -0.002112 0.000000 
5.000000e-01 5.000000e-01 4.999955e-03 5.000000e-01 5.000000e-01 1.515037e+00 -0.993277 0.002088 0.009894 0.969313 0.009894 0.002088 0.993277 -0.002112 -0.009977 -0.969098 -0.009977 -0.002112 0.000000 
5.000000e-01 5.000000e-01 4.999955e-03 5.000000e-01 5.000000e-01 1.515037e+00 -0.993277 0.002088 0.009894 0.969313 0.009894 0.002088 0.993277 -0.002112 -0.009977 -0.969098 -0.009977 -0.002112 0.000000 
5.000000e-01 5.000000e-01 4.999955e-03 5.000000e-01 5.000000e-01 1.515037e+00 -0.993277 0.002088 0.009894 0.969313 0.009894 0.002088 0.993277 -0.002112 -0.009977 -0.969098 -0.009977 -0.002112 0.000000 
5.000000e-01 5.000000e-01 4.999955e-03 5.000000e-01 5.000000e-01 1.515037e+00 -0.993277 0.002088 0.009894 0.969313 0.009894 0.002088 0.993277 -0.002112 -0.009977 -0.969098 -0.009977 -0.002112 0.000000 
5.000000e-01 5.000000e-01 4.999955e-03 5.000000e-01 5.000000e-01 1.515037e+00 -0.993277 0.002088 0.009894 0.969313 0.009894 0.002088 0.993277 -0.002112 -0.009977 -0.969098 -0.009977 -0.002112 0.000000 
5.000000e-01 5.000000e-01 4.999955e-03 5.000000e-01 5.000000e-01 1.515037e+00 -0.993277 0.002088 0.009894 0.969313 0.009894 0.002088 0.993277 -0.002112 -0.009977 -0.969098 -0.009977 -0.002112 0.000000 
5.000000e-01 5.000000e-01 4.999955e-03 5.000000e-01 5.000000e-01 1.515037e+00 -0.993277 0.002088 0.009894 0.969313 0.009894 0.002088 0.993277 -0.002112 -0.009977 -0.969098 -0.009977 -0.002112 0.000000 
5.000000e-01 5.000000e-01 4.999955e-03 5.000000e-01 5.000000e-01 1.515037e+00 -0.993277 0.002088 0.009894 0.969313 0.009894 0.002088 0.993277 -0.002112 -0.009977 -0.969098 -0.009977 -0.002112 0.000000 
5.000000e-01 5.000000e-01 4.999955e-03 5.000000e-01 5.000000e-01 1.515037e+00 -0.993277 0.002088 0.009894 0.969313 0.009894 0.002088 0.993277 -0.002112 -0.009977 -0.969098 -0.009977 -0.002112 0.000000 
5.000000e-01 5.000000e-01 4.999955e-03 5.000000e-01 5.000000e-01 1.515037e+00 -0.993277 0.002088 0.009894 0.969313 0.009894 0.002088 0.993277 -0.002112 -0.009977 -0.969098 -0.009977 -0.002112 0.000000 
5.000000e-01 5.000000e-01 4.999955e-03 5.000000e-01 5.000000e-01 1.515037e+00 -0.993277 0.002088 0.009894 0.969313 0.009894 0.002088 0.993277 -0.002112 -0.009977 -0.969098 -0.009977 -0.002112 0.000000 
5.000000e-01 5.000000e-01 4.999955e-03 5.000000e-01 5.000000e-01 1.515037e+00 -0.993277 0.002088 0.009894 0.969313 0.009894 0.002088 0.993277 -0.002112 -0.009977 -0.969098 -0.009977 -0.002112 0.000000 
5.000000e-01 5.000000e-01 4.999955e-03 5.000000e-01 5.000000e-01 1.515037e+00 -0.993277 0.002088 0.009894 0.969313 0.009894 0.002088 0.993277 -0.002112 -0.009977 -0.969098 -0.009977 -0.002112 0.000000 
5.000000e-01 5.000000e-01 4.999955e-03 5.000000e-01 5.000000e-01 1.515037e+00 -0.993277 0.002088 0.009894 0.969313 0.009894 0.002088 0.993277 -0.002112 -0.009977 -0.969098 -0.009977 -0.002112 0.000000 
5.000000e-01 5.000000e-01 4.999955e-03 5.000000e-01 5.000000e-01 1.515037e+00 -0.993277 0.002088 0.009894 0.969313 0.009894 0.002088 0.993277 -0.002112 -0.009977 -0.969098 -0.009977 -0.002112 0.000000 
5.000000e-01 5.000000e-01 4.999955e-03 5.000000e-01 5.000000e-01 1.515037e+00 -0.993277 0.002088 0.009894 0.969313 0.009894 0.002088 0.993277 -0.002112 -0.009977 -0.969098 -0.009977 -0.002112 0.000000 
5.000000e-01 5.000000e-01 4.999955e-03 5.000000e-01 5.000000e-01 1.515037e+00 -0.993277 0.002088 0.009894 0.969313 0.009894 0.002088 0.993277 -0.002112 -0.009977 -0.969098 -0.009977 -0.002112 0.000000 
5.000000e-01 5.000000e-01 4.999955e-03 5.000000e-01 5.000000e-01 1.515037e+00 -0.993277 0.002088 0.009894 0.969313 0.009894 0.002088 0.993277 -0.002112 -0.009977 -0.969098 -0.009977 -0.002112 0.000000 
5.000000e-01 5.000000e-01 4.999955e-03 5.000000e-01 5.000000e-01 1.515037e+00 -0.993277 0.002088 0.009894 0.969313 0.009894 0.002088 0.993277 -0.002112 -0.009977 -0.969098 -0.009977 -0.002112 0.000000 
5.000000e-01 5.000000e-01 4.999955e-03 5.000000e-01 5.000000e-01 1.515037e+00 -0.993277 0.002088 0.009894 0.969313 0.009894 0.002088 0.993277 -0.002112 -0.009977 -0.969098 -0.009977 -0.002112 0.000000 
5.000000e-01 5.000000e-01 4.999955e-03 5.000000e-01 5.000000e-01 1.515037e+00 -0.993277 0.002088 0.009894 0.969313 0.009894 0.002088 0.993277 -0.002112 -0.009977 -0.969098 -0.009977 -0.002112 0.000000 
5.000000e-01 5.000000e-01 4.999955e-03 5.000000e-01 5.000000e-01 1.515037e+00 -0.993277 0.002088 0.009894 0.969313 0.009894 0.002088 0.993277 -0.002112 -0.009977 -0.969098 -0.009977 -0.002112 0.000000 
