# TeX TeY TeZ ThX ThY THZ P1 P2
5.000000e-01 5.000000e-01 1.270000e+00 5.000000e-01 5.000000e-01 1.270000e+00 0.000000 0.000000 0.000000 0.000000 0.000000 0.000000 0.000000 0.000000 0.000000 0.000000 0.000000 0.000000 0.000000 
5.000000e-01 5.000000e-01 1.261331e+00 5.000000e-01 5.000000e-01 1.277073e+00 -0.010330 -0.002962 0.001500 0.013255 0.001500 -0.002962 0.010330 -0.001873 -0.002191 -0.002202 -0.002191 -0.001873 0.000000 
5.000000e-01 5.000000e-01 1.252593e+00 5.000000e-01 5.000000e-01 1.284117e+00 -0.020686 -0.005885 0.003022 0.026411 0.003022 -0.005885 0.020686 -0.003751 -0.004387 -0.004410 -0.004387 -0.003751 0.000000 
5.000000e-01 5.000000e-01 1.243788e+00 5.000000e-01 5.000000e-01 1.291132e+00 -0.031066 -0.008769 0.004557 0.039491 0.004557 -0.008769 0.031066 -0.005633 -0.006589 -0.006623 -0.006589 -0.005633 0.000000 
5.000000e-01 5.000000e-01 1.234917e+00 5.000000e-01 5.000000e-01 1.298117e+00 -0.041471 -0.011644 0.006048 0.052664 0.006048 -0.011644 0.041471 -0.007519 -0.008796 -0.008842 -0.008796 -0.007519 0.000000 
5.000000e-01 5.000000e-01 1.225979e+00 5.000000e-01 5.000000e-01 1.305071e+00 -0.051900 -0.014500 0.007485 0.065931 0.007485 -0.014500 0.051900 -0.009410 -0.011008 -0.011066 -0.011008 -0.009410 0.000000 
5.000000e-01 5.000000e-01 1.216975e+00 5.000000e-01 5.000000e-01 1.311995e+00 -0.062352 -0.017318 0.008880 0.079227 0.008880 -0.017318 0.062352 -0.011304 -0.013225 -0.013295 -0.013225 -0.011304 0.000000 
5.000000e-01 5.000000e-01 1.207906e+00 5.000000e-01 5.000000e-01 1.318888e+00 -0.072827 -0.020117 0.010191 0.092678 0.010191 -0.020117 0.072827 -0.013202 -0.015447 -0.015530 -0.015447 -0.013202 0.000000 
5.000000e-01 5.000000e-01 1.198772e+00 5.000000e-01 5.000000e-01 1.325750e+00 -0.083324 -0.022914 0.011360 0.106432 0.011360 -0.022914 0.083324 -0.015104 -0.017673 -0.017770 -0.017673 -0.015104 0.000000 
5.000000e-01 5.000000e-01 1.189574e+00 5.000000e-01 5.000000e-01 1.332579e+00 -0.093843 -0.025675 0.012434 0.120325 0.012434 -0.025675 0.093843 -0.017009 -0.019905 -0.020015 -0.019905 -0.017009 0.000000 
5.000000e-01 5.000000e-01 1.180312e+00 5.000000e-01 5.000000e-01 1.339377e+00 -0.104383 -0.028407 0.013383 0.134432 0.013383 -0.028407 0.104383 -0.018918 -0.022141 -0.022265 -0.022141 -0.018918 0.000000 
5.000000e-01 5.000000e-01 1.170987e+00 5.000000e-01 5.000000e-01 1.346142e+00 -0.114943 -0.031148 0.014089 0.149062 0.014089 -0.031148 0.114943 -0.020830 -0.024381 -0.024520 -0.024381 -0.020830 0.000000 
5.000000e-01 5.000000e-01 1.161600e+00 5.000000e-01 5.000000e-01 1.352874e+00 -0.125523 -0.033856 0.014645 0.163946 0.014645 -0.033856 0.125523 -0.022745 -0.026626 -0.026780 -0.026626 -0.022745 0.000000 
5.000000e-01 5.000000e-01 1.152150e+00 5.000000e-01 5.000000e-01 1.359573e+00 -0.136123 -0.036540 0.015028 0.179147 0.015028 -0.036540 0.136123 -0.024663 -0.028876 -0.029045 -0.028876 -0.024663 0.000000 
5.000000e-01 5.000000e-01 1.142638e+00 5.000000e-01 5.000000e-01 1.366238e+00 -0.146743 -0.039243 0.015056 0.195117 0.015056 -0.039243 0.146743 -0.026584 -0.031129 -0.031315 -0.031129 -0.026584 0.000000 
5.000000e-01 5.000000e-01 1.133066e+00 5.000000e-01 5.000000e-01 1.372869e+00 -0.157381 -0.041914 0.014879 0.211449 0.014879 -0.041914 0.157381 -0.028508 -0.033387 -0.033590 -0.033387 -0.028508 0.000000 
5.000000e-01 5.000000e-01 1.123433e+00 5.000000e-01 5.000000e-01 1.379465e+00 -0.168036 -0.044563 0.014462 0.228238 0.014462 -0.044563 0.168036 -0.030434 -0.035649 -0.035870 -0.035649 -0.030434 0.000000 
5.000000e-01 5.000000e-01 1.113740e+00 5.000000e-01 5.000000e-01 1.386027e+00 -0.178711 -0.047232 0.013578 0.246019 0.013578 -0.047232 0.178711 -0.032362 -0.037915 -0.038156 -0.037915 -0.032362 0.000000 
5.000000e-01 5.000000e-01 1.103987e+00 5.000000e-01 5.000000e-01 1.392553e+00 -0.189402 -0.049870 0.012436 0.264270 0.012436 -0.049870 0.189402 -0.034293 -0.040185 -0.040446 -0.040185 -0.034293 0.000000 
5.000000e-01 5.000000e-01 1.094175e+00 5.000000e-01 5.000000e-01 1.399043e+00 -0.200111 -0.052492 0.010948 0.283200 0.010948 -0.052492 0.200111 -0.036226 -0.042459 -0.042741 -0.042459 -0.036226 0.000000 
5.000000e-01 5.000000e-01 1.084305e+00 5.000000e-01 5.000000e-01 1.405498e+00 -0.210838 -0.055127 0.008900 0.303293 0.008900 -0.055127 0.210838 -0.038161 -0.044737 -0.045041 -0.044737 -0.038161 0.000000 
5.000000e-01 5.000000e-01 1.074376e+00 5.000000e-01 5.000000e-01 1.411917e+00 -0.221580 -0.057730 0.006545 0.323950 0.006545 -0.057730 0.221580 -0.040097 -0.047019 -0.047347 -0.047019 -0.040097 0.000000 
5.000000e-01 5.000000e-01 1.064391e+00 5.000000e-01 5.000000e-01 1.418299e+00 -0.232340 -0.060329 0.003680 0.345639 0.003680 -0.060329 0.232340 -0.042036 -0.049305 -0.049657 -0.049305 -0.042036 0.000000 
5.000000e-01 5.000000e-01 1.054348e+00 5.000000e-01 5.000000e-01 1.424644e+00 -0.243117 -0.062925 0.000217 0.368535 0.000217 -0.062925 0.243117 -0.043976 -0.051595 -0.051974 -0.051595 -0.043976 0.000000 
5.000000e-01 5.000000e-01 1.044248e+00 5.000000e-01 5.000000e-01 1.430952e+00 -0.253910 -0.065489 -0.003585 0.392057 -0.003585 -0.065489 0.253910 -0.045918 -0.053889 -0.054296 -0.053889 -0.045918 0.000000 
5.000000e-01 5.000000e-01 1.034093e+00 5.000000e-01 5.000000e-01 1.437223e+00 -0.264720 -0.068061 -0.008147 0.417136 -0.008147 -0.068061 0.264721 -0.047861 -0.056188 -0.056624 -0.056188 -0.047861 0.000000 
5.000000e-01 5.000000e-01 1.023882e+00 5.000000e-01 5.000000e-01 1.443457e+00 -0.275548 -0.070611 -0.013232 0.443235 -0.013232 -0.070611 0.275548 -0.049805 -0.058490 -0.058958 -0.058490 -0.049805 0.000000 
5.000000e-01 5.000000e-01 1.013616e+00 5.000000e-01 5.000000e-01 1.449652e+00 -0.286391 -0.073132 -0.018724 0.470104 -0.018724 -0.073132 0.286391 -0.051750 -0.060796 -0.061298 -0.060796 -0.051750 0.000000 
5.000000e-01 5.000000e-01 1.003295e+00 5.000000e-01 5.000000e-01 1.455810e+00 -0.297254 -0.075664 -0.025176 0.498934 -0.025176 -0.075664 0.297254 -0.053697 -0.063107 -0.063645 -0.063107 -0.053697 0.000000 
5.000000e-01 5.000000e-01 9.929203e-01 5.000000e-01 5.000000e-01 1.461930e+00 -0.308132 -0.078157 -0.031982 0.528412 -0.031982 -0.078157 0.308132 -0.055645 -0.065422 -0.065998 -0.065422 -0.055645 0.000000 
5.000000e-01 5.000000e-01 9.824919e-01 5.000000e-01 5.000000e-01 1.468012e+00 -0.319028 -0.080638 -0.039478 0.559260 -0.039478 -0.080638 0.319028 -0.057593 -0.067742 -0.068358 -0.067742 -0.057593 0.000000 
5.000000e-01 5.000000e-01 9.720104e-01 5.000000e-01 5.000000e-01 1.474056e+00 -0.329942 -0.083100 -0.047631 0.591404 -0.047631 -0.083100 0.329942 -0.059542 -0.070066 -0.070726 -0.070066 -0.059542 0.000000 
5.000000e-01 5.000000e-01 9.614761e-01 5.000000e-01 5.000000e-01 1.480060e+00 -0.340869 -0.085523 -0.056079 0.624073 -0.056079 -0.085523 0.340869 -0.061490 -0.072394 -0.073101 -0.072394 -0.061490 0.000000 
5.000000e-01 5.000000e-01 9.508897e-01 5.000000e-01 5.000000e-01 1.486025e+00 -0.351817 -0.087941 -0.065432 0.658564 -0.065432 -0.087941 0.351817 -0.063439 -0.074728 -0.075484 -0.074728 -0.063439 0.000000 
5.000000e-01 5.000000e-01 9.402515e-01 5.000000e-01 5.000000e-01 1.491950e+00 -0.362776 -0.090316 -0.074985 0.693377 -0.074985 -0.090316 0.362776 -0.065387 -0.077064 -0.077874 -0.077064 -0.065387 0.000000 
5.000000e-01 5.000000e-01 9.295621e-01 5.000000e-01 5.000000e-01 1.497835e+00 -0.373750 -0.092661 -0.085015 0.729101 -0.085015 -0.092661 0.373750 -0.067333 -0.079405 -0.080272 -0.079405 -0.067333 0.000000 
5.000000e-01 5.000000e-01 9.188218e-01 5.000000e-01 5.000000e-01 1.503677e+00 -0.384734 -0.094968 -0.095341 0.765352 -0.095341 -0.094968 0.384734 -0.069278 -0.081750 -0.082678 -0.081750 -0.069278 0.000000 
5.000000e-01 5.000000e-01 9.080311e-01 5.000000e-01 5.000000e-01 1.509477e+00 -0.395726 -0.097230 -0.105800 0.801785 -0.105800 -0.097230 0.395726 -0.071220 -0.084097 -0.085091 -0.084097 -0.071220 0.000000 
5.000000e-01 5.000000e-01 8.971905e-01 5.000000e-01 5.000000e-01 1.515020e+00 -0.406582 -0.099336 -0.116000 0.837253 -0.116000 -0.099336 0.406582 -0.073133 -0.086417 -0.087482 -0.086417 -0.073133 0.000000 
5.000000e-01 5.000000e-01 8.863003e-01 5.000000e-01 5.000000e-01 1.515020e+00 -0.413730 -0.098396 -0.114381 0.839285 -0.114381 -0.098396 0.413730 -0.074366 -0.087953 -0.089092 -0.087953 -0.074366 0.000000 
5.000000e-01 5.000000e-01 8.753612e-01 5.000000e-01 5.000000e-01 1.515020e+00 -0.420911 -0.097429 -0.112760 0.841289 -0.112760 -0.097429 0.420911 -0.075600 -0.089497 -0.090716 -0.089497 -0.075600 0.000000 
5.000000e-01 5.000000e-01 8.643733e-01 5.000000e-01 5.000000e-01 1.515020e+00 -0.428124 -0.096435 -0.111138 0.843270 -0.111138 -0.096435 0.428124 -0.076835 -0.091050 -0.092354 -0.091050 -0.076835 0.000000 
5.000000e-01 5.000000e-01 8.533373e-01 5.000000e-01 5.000000e-01 1.515020e+00 -0.435368 -0.095415 -0.109515 0.845228 -0.109515 -0.095415 0.435368 -0.078069 -0.092612 -0.094008 -0.092612 -0.078069 0.000000 
5.000000e-01 5.000000e-01 8.422536e-01 5.000000e-01 5.000000e-01 1.515020e+00 -0.442644 -0.094371 -0.107890 0.847165 -0.107890 -0.094371 0.442644 -0.079302 -0.094182 -0.095677 -0.094182 -0.079302 0.000000 
5.000000e-01 5.000000e-01 8.311225e-01 5.000000e-01 5.000000e-01 1.515020e+00 -0.449951 -0.093303 -0.106263 0.849084 -0.106263 -0.093303 0.449951 -0.080533 -0.095761 -0.097363 -0.095761 -0.080533 0.000000 
5.000000e-01 5.000000e-01 8.199445e-01 5.000000e-01 5.000000e-01 1.515020e+00 -0.457289 -0.092213 -0.104634 0.850985 -0.104634 -0.092213 0.457289 -0.081763 -0.097348 -0.099066 -0.097348 -0.081763 0.000000 
5.000000e-01 5.000000e-01 8.087199e-01 5.000000e-01 5.000000e-01 1.515020e+00 -0.464657 -0.091101 -0.103004 0.852867 -0.103004 -0.091101 0.464657 -0.082989 -0.098945 -0.100788 -0.098945 -0.082989 0.000000 
5.000000e-01 5.000000e-01 7.974493e-01 5.000000e-01 5.000000e-01 1.515020e+00 -0.472056 -0.089968 -0.101372 0.854735 -0.101372 -0.089968 0.472056 -0.084212 -0.100551 -0.102530 -0.100551 -0.084212 0.000000 
5.000000e-01 5.000000e-01 7.861330e-01 5.000000e-01 5.000000e-01 1.515020e+00 -0.479484 -0.088816 -0.099737 0.856590 -0.099737 -0.088816 0.479484 -0.085430 -0.102167 -0.104291 -0.102167 -0.085430 0.000000 
5.000000e-01 5.000000e-01 7.747714e-01 5.000000e-01 5.000000e-01 1.515020e+00 -0.486943 -0.087645 -0.098099 0.858432 -0.098099 -0.087645 0.486943 -0.086643 -0.103792 -0.106073 -0.103792 -0.086643 0.000000 
5.000000e-01 5.000000e-01 7.633649e-01 5.000000e-01 5.000000e-01 1.515020e+00 -0.494430 -0.086458 -0.096459 0.860264 -0.096459 -0.086458 0.494431 -0.087850 -0.105426 -0.107877 -0.105426 -0.087850 0.000000 
5.000000e-01 5.000000e-01 7.519139e-01 5.000000e-01 5.000000e-01 1.515020e+00 -0.501947 -0.085253 -0.094816 0.862086 -0.094816 -0.085253 0.501947 -0.089051 -0.107070 -0.109705 -0.107070 -0.089051 0.000000 
5.000000e-01 5.000000e-01 7.404188e-01 5.000000e-01 5.000000e-01 1.515020e+00 -0.509493 -0.084032 -0.093170 0.863898 -0.093170 -0.084032 0.509493 -0.090243 -0.108725 -0.111557 -0.108725 -0.090243 0.000000 
5.000000e-01 5.000000e-01 7.288801e-01 5.000000e-01 5.000000e-01 1.515020e+00 -0.517068 -0.082795 -0.091521 0.865701 -0.091521 -0.082795 0.517068 -0.091426 -0.110390 -0.113438 -0.110390 -0.091426 0.000000 
5.000000e-01 5.000000e-01 7.172980e-01 5.000000e-01 5.000000e-01 1.515020e+00 -0.524671 -0.081543 -0.089870 0.867497 -0.089870 -0.081543 0.524671 -0.092597 -0.112065 -0.115347 -0.112065 -0.092597 0.000000 
5.000000e-01 5.000000e-01 7.056729e-01 5.000000e-01 5.000000e-01 1.515020e+00 -0.532302 -0.080277 -0.088214 0.869286 -0.088214 -0.080277 0.532302 -0.093757 -0.113751 -0.117286 -0.113751 -0.093757 0.000000 
5.000000e-01 5.000000e-01 6.940053e-01 5.000000e-01 5.000000e-01 1.515020e+00 -0.539961 -0.078998 -0.086556 0.871070 -0.086556 -0.078998 0.539961 -0.094904 -0.115449 -0.119256 -0.115449 -0.094904 0.000000 
5.000000e-01 5.000000e-01 6.822955e-01 5.000000e-01 5.000000e-01 1.515020e+00 -0.547648 -0.077706 -0.084894 0.872848 -0.084894 -0.077706 0.547648 -0.096036 -0.117157 -0.121261 -0.117157 -0.096036 0.000000 
5.000000e-01 5.000000e-01 6.705438e-01 5.000000e-01 5.000000e-01 1.515020e+00 -0.555362 -0.076402 -0.083228 0.874623 -0.083228 -0.076402 0.555363 -0.097152 -0.118878 -0.123302 -0.118878 -0.097152 0.000000 
5.000000e-01 5.000000e-01 6.587507e-01 5.000000e-01 5.000000e-01 1.515020e+00 -0.563104 -0.075085 -0.081559 0.876393 -0.081559 -0.075085 0.563104 -0.098249 -0.120611 -0.125385 -0.120611 -0.098249 0.000000 
5.000000e-01 5.000000e-01 6.469165e-01 5.000000e-01 5.000000e-01 1.515020e+00 -0.570872 -0.073757 -0.079886 0.878159 -0.079886 -0.073757 0.570872 -0.099325 -0.122356 -0.127510 -0.122356 -0.099325 0.000000 
5.000000e-01 5.000000e-01 6.350415e-01 5.000000e-01 5.000000e-01 1.515020e+00 -0.578668 -0.072418 -0.078209 0.879923 -0.078209 -0.072418 0.578668 -0.100378 -0.124114 -0.129681 -0.124114 -0.100378 0.000000 
5.000000e-01 5.000000e-01 6.231262e-01 5.000000e-01 5.000000e-01 1.515020e+00 -0.586489 -0.071069 -0.076529 0.881685 -0.076529 -0.071069 0.586489 -0.101408 -0.125886 -0.131901 -0.125886 -0.101408 0.000000 
5.000000e-01 5.000000e-01 6.111708e-01 5.000000e-01 5.000000e-01 1.515020e+00 -0.594337 -0.069710 -0.074844 0.883445 -0.074844 -0.069710 0.594337 -0.102411 -0.127671 -0.134172 -0.127671 -0.102411 0.000000 
5.000000e-01 5.000000e-01 5.991757e-01 5.000000e-01 5.000000e-01 1.515020e+00 -0.602211 -0.068341 -0.073155 0.885204 -0.073155 -0.068341 0.602211 -0.103384 -0.129471 -0.136502 -0.129471 -0.103384 0.000000 
5.000000e-01 5.000000e-01 5.871412e-01 5.000000e-01 5.000000e-01 1.515020e+00 -0.610111 -0.066962 -0.071463 0.886962 -0.071463 -0.066962 0.610111 -0.104321 -0.131285 -0.138897 -0.131285 -0.104321 0.000000 
5.000000e-01 5.000000e-01 5.750677e-01 5.000000e-01 5.000000e-01 1.515020e+00 -0.618036 -0.065575 -0.069766 0.888719 -0.069766 -0.065575 0.618036 -0.105224 -0.133115 -0.141358 -0.133115 -0.105224 0.000000 
5.000000e-01 5.000000e-01 5.629556e-01 5.000000e-01 5.000000e-01 1.515020e+00 -0.625987 -0.064179 -0.068066 0.890476 -0.068066 -0.064179 0.625987 -0.106088 -0.134960 -0.143890 -0.134960 -0.106088 0.000000 
5.000000e-01 5.000000e-01 5.508051e-01 5.000000e-01 5.000000e-01 1.515020e+00 -0.633962 -0.062775 -0.066361 0.892234 -0.066361 -0.062775 0.633962 -0.106911 -0.136820 -0.146498 -0.136820 -0.106911 0.000000 
5.000000e-01 5.000000e-01 5.386166e-01 5.000000e-01 5.000000e-01 1.515020e+00 -0.641963 -0.061362 -0.064652 0.893992 -0.064652 -0.061362 0.641963 -0.107684 -0.138698 -0.149198 -0.138698 -0.107684 0.000000 
5.000000e-01 5.000000e-01 5.263904e-01 5.000000e-01 5.000000e-01 1.515020e+00 -0.649988 -0.059942 -0.062939 0.895750 -0.062939 -0.059942 0.649988 -0.108405 -0.140593 -0.151993 -0.140593 -0.108405 0.000000 
5.000000e-01 5.000000e-01 5.141268e-01 5.000000e-01 5.000000e-01 1.515020e+00 -0.658038 -0.058514 -0.061221 0.897510 -0.061221 -0.058514 0.658038 -0.109071 -0.142504 -0.154888 -0.142504 -0.109071 0.000000 
5.000000e-01 5.000000e-01 5.018262e-01 5.000000e-01 5.000000e-01 1.515020e+00 -0.666112 -0.057079 -0.059500 0.899271 -0.059500 -0.057079 0.666112 -0.109679 -0.144432 -0.157890 -0.144432 -0.109679 0.000000 
5.000000e-01 5.000000e-01 4.894888e-01 5.000000e-01 5.000000e-01 1.515020e+00 -0.674210 -0.055638 -0.057774 0.901033 -0.057774 -0.055638 0.674210 -0.110222 -0.146377 -0.161014 -0.146377 -0.110222 0.000000 
5.000000e-01 5.000000e-01 4.771150e-01 5.000000e-01 5.000000e-01 1.515020e+00 -0.682332 -0.054189 -0.056044 0.902797 -0.056044 -0.054189 0.682332 -0.110686 -0.148340 -0.164281 -0.148340 -0.110686 0.000000 
5.000000e-01 5.000000e-01 4.647051e-01 5.000000e-01 5.000000e-01 1.515020e+00 -0.690478 -0.052733 -0.054309 0.904563 -0.054309 -0.052733 0.690478 -0.111075 -0.150319 -0.167690 -0.150319 -0.111075 0.000000 
5.000000e-01 5.000000e-01 4.522593e-01 5.000000e-01 5.000000e-01 1.515020e+00 -0.698647 -0.051272 -0.052570 0.906331 -0.052570 -0.051272 0.698647 -0.111382 -0.152314 -0.171253 -0.152314 -0.111382 0.000000 
5.000000e-01 5.000000e-01 4.397781e-01 5.000000e-01 5.000000e-01 1.515020e+00 -0.706839 -0.049804 -0.050827 0.908102 -0.050827 -0.049804 0.706839 -0.111601 -0.154324 -0.174987 -0.154324 -0.111601 0.000000 
5.000000e-01 5.000000e-01 4.272616e-01 5.000000e-01 5.000000e-01 1.515020e+00 -0.715054 -0.048330 -0.049080 0.909874 -0.049080 -0.048330 0.715054 -0.111710 -0.156349 -0.178935 -0.156349 -0.111710 0.000000 
5.000000e-01 5.000000e-01 4.147102e-01 5.000000e-01 5.000000e-01 1.515020e+00 -0.723292 -0.046850 -0.047329 0.911649 -0.047329 -0.046850 0.723292 -0.111716 -0.158385 -0.183088 -0.158385 -0.111716 0.000000 
5.000000e-01 5.000000e-01 4.021242e-01 5.000000e-01 5.000000e-01 1.515020e+00 -0.731552 -0.045365 -0.045573 0.913427 -0.045573 -0.045365 0.731552 -0.111611 -0.160431 -0.187468 -0.160431 -0.111611 0.000000 
5.000000e-01 5.000000e-01 3.895039e-01 5.000000e-01 5.000000e-01 1.515020e+00 -0.739835 -0.043873 -0.043813 0.915208 -0.043813 -0.043873 0.739835 -0.111383 -0.162482 -0.192105 -0.162482 -0.111383 0.000000 
5.000000e-01 5.000000e-01 3.768495e-01 5.000000e-01 5.000000e-01 1.515020e+00 -0.748140 -0.042377 -0.042048 0.916991 -0.042048 -0.042377 0.748140 -0.111008 -0.164534 -0.197055 -0.164534 -0.111008 0.000000 
5.000000e-01 5.000000e-01 3.641613e-01 5.000000e-01 5.000000e-01 1.515020e+00 -0.756467 -0.040875 -0.040280 0.918777 -0.040280 -0.040875 0.756468 -0.110495 -0.166581 -0.202315 -0.166581 -0.110495 0.000000 
5.000000e-01 5.000000e-01 3.514396e-01 5.000000e-01 5.000000e-01 1.515020e+00 -0.764816 -0.039368 -0.038507 0.920567 -0.038507 -0.039368 0.764816 -0.109833 -0.168618 -0.207915 -0.168618 -0.109833 0.000000 
5.000000e-01 5.000000e-01 3.386847e-01 5.000000e-01 5.000000e-01 1.515020e+00 -0.773187 -0.037856 -0.036729 0.922359 -0.036729 -0.037856 0.773187 -0.108998 -0.170632 -0.213926 -0.170632 -0.108998 0.000000 
5.000000e-01 5.000000e-01 3.258969e-01 5.000000e-01 5.000000e-01 1.515020e+00 -0.781579 -0.036340 -0.034948 0.924155 -0.034948 -0.036340 0.781579 -0.107978 -0.172611 -0.220401 -0.172611 -0.107978 0.000000 
5.000000e-01 5.000000e-01 3.130763e-01 5.000000e-01 5.000000e-01 1.515020e+00 -0.789992 -0.034818 -0.033163 0.925953 -0.033163 -0.034818 0.789992 -0.106775 -0.174545 -0.227353 -0.174545 -0.106775 0.000000 
5.000000e-01 5.000000e-01 3.002234e-01 5.000000e-01 5.000000e-01 1.515020e+00 -0.798427 -0.033292 -0.031373 0.927756 -0.031373 -0.033292 0.798427 -0.105379 -0.176417 -0.234835 -0.176417 -0.105379 0.000000 
5.000000e-01 5.000000e-01 2.873382e-01 5.000000e-01 5.000000e-01 1.515020e+00 -0.806882 -0.031761 -0.029579 0.929561 -0.029579 -0.031761 0.806882 -0.103743 -0.178190 -0.243016 -0.178190 -0.103743 0.000000 
5.000000e-01 5.000000e-01 2.744212e-01 5.000000e-01 5.000000e-01 1.515020e+00 -0.815358 -0.030225 -0.027781 0.931370 -0.027781 -0.030225 0.815359 -0.101885 -0.179849 -0.251890 -0.179849 -0.101885 0.000000 
5.000000e-01 5.000000e-01 2.614725e-01 5.000000e-01 5.000000e-01 1.515020e+00 -0.823855 -0.028685 -0.025978 0.933183 -0.025978 -0.028685 0.823855 -0.099797 -0.181366 -0.261530 -0.181366 -0.099797 0.000000 
5.000000e-01 5.000000e-01 2.484923e-01 5.000000e-01 5.000000e-01 1.515020e+00 -0.832373 -0.027141 -0.024172 0.934999 -0.024172 -0.027141 0.832373 -0.097443 -0.182682 -0.272122 -0.182682 -0.097443 0.000000 
5.000000e-01 5.000000e-01 2.354809e-01 5.000000e-01 5.000000e-01 1.515020e+00 -0.840911 -0.025592 -0.022361 0.936818 -0.022361 -0.025592 0.840911 -0.094812 -0.183742 -0.283802 -0.183742 -0.094812 0.000000 
5.000000e-01 5.000000e-01 2.224384e-01 5.000000e-01 5.000000e-01 1.515020e+00 -0.849469 -0.024039 -0.020546 0.938641 -0.020546 -0.024039 0.849469 -0.091915 -0.184508 -0.296623 -0.184508 -0.091915 0.000000 
5.000000e-01 5.000000e-01 2.093650e-01 5.000000e-01 5.000000e-01 1.515020e+00 -0.858048 -0.022482 -0.018728 0.940468 -0.018728 -0.022482 0.858048 -0.088731 -0.184895 -0.310796 -0.184895 -0.088731 0.000000 
5.000000e-01 5.000000e-01 1.962609e-01 5.000000e-01 5.000000e-01 1.515020e+00 -0.866648 -0.020921 -0.016904 0.942299 -0.016904 -0.020921 0.866648 -0.085219 -0.184753 -0.326702 -0.184753 -0.085219 0.000000 
5.000000e-01 5.000000e-01 1.831261e-01 5.000000e-01 5.000000e-01 1.515020e+00 -0.875268 -0.019356 -0.015077 0.944133 -0.015077 -0.019356 0.875268 -0.081414 -0.184040 -0.344360 -0.184040 -0.081414 0.000000 
5.000000e-01 5.000000e-01 1.699607e-01 5.000000e-01 5.000000e-01 1.515020e+00 -0.883910 -0.017786 -0.013245 0.945972 -0.013245 -0.017786 0.883911 -0.077308 -0.182633 -0.364030 -0.182633 -0.077308 0.000000 
5.000000e-01 5.000000e-01 1.567644e-01 5.000000e-01 5.000000e-01 1.515020e+00 -0.892575 -0.016212 -0.011408 0.947815 -0.011408 -0.016212 0.892575 -0.072841 -0.180198 -0.386497 -0.180198 -0.072841 0.000000 
5.000000e-01 5.000000e-01 1.435370e-01 5.000000e-01 5.000000e-01 1.515020e+00 -0.901264 -0.014633 -0.009567 0.949662 -0.009567 -0.014633 0.901264 -0.068069 -0.176698 -0.411728 -0.176698 -0.068069 0.000000 
5.000000e-01 5.000000e-01 1.302781e-01 5.000000e-01 5.000000e-01 1.515020e+00 -0.909977 -0.013049 -0.007720 0.951515 -0.007720 -0.013049 0.909977 -0.062993 -0.171927 -0.440138 -0.171927 -0.062993 0.000000 
5.000000e-01 5.000000e-01 1.169868e-01 5.000000e-01 5.000000e-01 1.515020e+00 -0.918720 -0.011460 -0.005867 0.953373 -0.005867 -0.011460 0.918720 -0.057564 -0.165327 -0.472938 -0.165327 -0.057564 0.000000 
5.000000e-01 5.000000e-01 1.036621e-01 5.000000e-01 5.000000e-01 1.515020e+00 -0.927496 -0.009864 -0.004007 0.955238 -0.004007 -0.009864 0.927496 -0.051837 -0.156830 -0.510161 -0.156830 -0.051837 0.000000 
5.000000e-01 5.000000e-01 9.030232e-02 5.000000e-01 5.000000e-01 1.515020e+00 -0.936308 -0.008262 -0.002139 0.957111 -0.002139 -0.008262 0.936308 -0.045827 -0.146162 -0.552330 -0.146162 -0.045827 0.000000 
5.000000e-01 5.000000e-01 7.690549e-02 5.000000e-01 5.000000e-01 1.515020e+00 -0.945167 -0.006651 -0.000262 0.958993 -0.000262 -0.006651 0.945167 -0.039500 -0.132514 -0.601141 -0.132514 -0.039500 0.000000 
5.000000e-01 5.000000e-01 6.346930e-02 5.000000e-01 5.000000e-01 1.515020e+00 -0.954078 -0.005030 0.001626 0.960887 0.001626 -0.005030 0.954079 -0.032915 -0.115974 -0.656301 -0.115974 -0.032915 0.000000 
5.000000e-01 5.000000e-01 4.999145e-02 5.000000e-01 5.000000e-01 1.515020e+00 -0.963049 -0.003399 0.003527 0.962792 0.003527 -0.003399 0.963049 -0.026097 -0.096400 -0.718055 -0.096400 -0.026097 0.000000 
5.000000e-01 5.000000e-01 3.647061e-02 5.000000e-01 5.000000e-01 1.515020e+00 -0.972091 -0.001754 0.005443 0.964713 0.005443 -0.001754 0.972091 -0.019036 -0.073179 -0.787662 -0.073179 -0.019036 0.000000 
5.000000e-01 5.000000e-01 2.290731e-02 5.000000e-01 5.000000e-01 1.515020e+00 -0.981197 -0.000098 0.007373 0.966647 0.007373 -0.000098 0.981197 -0.011808 -0.047241 -0.863100 -0.047241 -0.011808 0.000000 
5.000000e-01 5.000000e-01 9.305818e-03 5.000000e-01 5.000000e-01 1.515020e+00 -0.990360 0.001569 0.009315 0.968594 0.009315 0.001569 0.990360 -0.004454 -0.019178 -0.943096 -0.019178 -0.004454 0.000000 
5.000000e-01 5.000000e-01 4.999667e-03 5.000000e-01 5.000000e-01 1.515020e+00 -0.993266 0.002097 0.009930 0.969211 0.009930 0.002097 0.993266 -0.002110 -0.009974 -0.969097 -0.009974 -0.002110 0.000000 
5.000000e-01 5.000000e-01 4.999667e-03 5.000000e-01 5.000000e-01 1.515020e+00 -0.993266 0.002097 0.009930 0.969211 0.009930 0.002097 0.993266 -0.002110 -0.009974 -0.969097 -0.009974 -0.002110 0.000000 
5.000000e-01 5.000000e-01 4.999667e-03 5.000000e-01 5.000000e-01 1.515020e+00 -0.993266 0.002097 0.009930 0.969211 0.009930 0.002097 0.993266 -0.002110 -0.009974 -0.969097 -0.009974 -0.002110 0.000000 
5.000000e-01 5.000000e-01 4.999667e-03 5.000000e-01 5.000000e-01 1.515020e+00 -0.993266 0.002097 0.009930 0.969211 0.009930 0.002097 0.993266 -0.002110 -0.009974 -0.969097 -0.009974 -0.002110 0.000000 
5.000000e-01 5.000000e-01 4.999667e-03 5.000000e-01 5.000000e-01 1.515020e+00 -0.993266 0.002097 0.009930 0.969211 0.009930 0.002097 0.993266 -0.002110 -0.009974 -0.969097 -0.009974 -0.002110 0.000000 
5.000000e-01 5.000000e-01 4.999667e-03 5.000000e-01 5.000000e-01 1.515020e+00 -0.993266 0.002097 0.009930 0.969211 0.009930 0.002097 0.993266 -0.002110 -0.009974 -0.969097 -0.009974 -0.002110 0.000000 
5.000000e-01 5.000000e-01 4.999667e-03 5.000000e-01 5.000000e-01 1.515020e+00 -0.993266 0.002097 0.009930 0.969211 0.009930 0.002097 0.993266 -0.002110 -0.009974 -0.969097 -0.009974 -0.002110 0.000000 
5.000000e-01 5.000000e-01 4.999667e-03 5.000000e-01 5.000000e-01 1.515020e+00 -0.993266 0.002097 0.009930 0.969211 0.009930 0.002097 0.993266 -0.002110 -0.009974 -0.969097 -0.009974 -0.002110 0.000000 
5.000000e-01 5.000000e-01 4.999667e-03 5.000000e-01 5.000000e-01 1.515020e+00 -0.993266 0.002097 0.009930 0.969211 0.009930 0.002097 0.993266 -0.002110 -0.009974 -0.969097 -0.009974 -0.002110 0.000000 
5.000000e-01 5.000000e-01 4.999667e-03 5.000000e-01 5.000000e-01 1.515020e+00 -0.993266 0.002097 0.009930 0.969211 0.009930 0.002097 0.993266 -0.002110 -0.009974 -0.969097 -0.009974 -0.002110 0.000000 
5.000000e-01 5.000000e-01 4.999667e-03 5.000000e-01 5.000000e-01 1.515020e+00 -0.993266 0.002097 0.009930 0.969211 0.009930 0.002097 0.993266 -0.002110 -0.009974 -0.969097 -0.009974 -0.002110 0.000000 
5.000000e-01 5.000000e-01 4.999667e-03 5.000000e-01 5.000000e-01 1.515020e+00 -0.993266 0.002097 0.009930 0.969211 0.009930 0.002097 0.993266 -0.002110 -0.009974 -0.969097 -0.009974 -0.002110 0.000000 
5.000000e-01 5.000000e-01 4.999667e-03 5.000000e-01 5.000000e-01 1.515020e+00 -0.993266 0.002097 0.009930 0.969211 0.009930 0.002097 0.993266 -0.002110 -0.009974 -0.969097 -0.009974 -0.002110 0.000000 
5.000000e-01 5.000000e-01 4.999667e-03 5.000000e-01 5.000000e-01 1.515020e+00 -0.993266 0.002097 0.009930 0.969211 0.009930 0.002097 0.993266 -0.002110 -0.009974 -0.969097 -0.009974 -0.002110 0.000000 
5.000000e-01 5.000000e-01 4.999667e-03 5.000000e-01 5.000000e-01 1.515020e+00 -0.993266 0.002097 0.009930 0.969211 0.009930 0.002097 0.993266 -0.002110 -0.009974 -0.969097 -0.009974 -0.002110 0.000000 
5.000000e-01 5.000000e-01 4.999667e-03 5.000000e-01 5.000000e-01 1.515020e+00 -0.993266 0.002097 0.009930 0.969211 0.009930 0.002097 0.993266 -0.002110 -0.009974 -0.969097 -0.009974 -0.002110 0.000000 
5.000000e-01 5.000000e-01 4.999667e-03 5.000000e-01 5.000000e-01 1.515020e+00 -0.993266 0.002097 0.009930 0.969211 0.009930 0.002097 0.993266 -0.002110 -0.009974 -0.969097 -0.009974 -0.002110 0.000000 
5.000000e-01 5.000000e-01 4.999667e-03 5.000000e-01 5.000000e-01 1.515020e+00 -0.993266 0.002097 0.009930 0.969211 0.009930 0.002097 0.993266 -0.002110 -0.009974 -0.969097 -0.009974 -0.002110 0.000000 
5.000000e-01 5.000000e-01 4.999667e-03 5.000000e-01 5.000000e-01 1.515020e+00 -0.993266 0.002097 0.009930 0.969211 0.009930 0.002097 0.993266 -0.002110 -0.009974 -0.969097 -0.009974 -0.002110 0.000000 
5.000000e-01 5.000000e-01 4.999667e-03 5.000000e-01 5.000000e-01 1.515020e+00 -0.993266 0.002097 0.009930 0.969211 0.009930 0.002097 0.993266 -0.002110 -0.009974 -0.969097 -0.009974 -0.002110 0.000000 
5.000000e-01 5.000000e-01 4.999667e-03 5.000000e-01 5.000000e-01 1.515020e+00 -0.993266 0.002097 0.009930 0.969211 0.009930 0.002097 0.993266 -0.002110 -0.009974 -0.969097 -0.009974 -0.002110 0.000000 
5.000000e-01 5.000000e-01 4.999667e-03 5.000000e-01 5.000000e-01 1.515020e+00 -0.993266 0.002097 0.009930 0.969211 0.009930 0.002097 0.993266 -0.002110 -0.009974 -0.969097 -0.009974 -0.002110 0.000000 
5.000000e-01 5.000000e-01 4.999667e-03 5.000000e-01 5.000000e-01 1.515020e+00 -0.993266 0.002097 0.009930 0.969211 0.009930 0.002097 0.993266 -0.002110 -0.009974 -0.969097 -0.009974 -0.002110 0.000000 
5.000000e-01 5.000000e-01 4.999667e-03 5.000000e-01 5.000000e-01 1.515020e+00 -0.993266 0.002097 0.009930 0.969211 0.009930 0.002097 0.993266 -0.002110 -0.009974 -0.969097 -0.009974 -0.002110 0.000000 
5.000000e-01 5.000000e-01 4.999667e-03 5.000000e-01 5.000000e-01 1.515020e+00 -0.993266 0.002097 0.009930 0.969211 0.009930 0.002097 0.993266 -0.002110 -0.009974 -0.969097 -0.009974 -0.002110 0.000000 
5.000000e-01 5.000000e-01 4.999667e-03 5.000000e-01 5.000000e-01 1.515020e+00 -0.993266 0.002097 0.009930 0.969211 0.009930 0.002097 0.993266 -0.002110 -0.009974 -0.969097 -0.009974 -0.002110 0.000000 
5.000000e-01 5.000000e-01 4.999667e-03 5.000000e-01 5.000000e-01 1.515020e+00 -0.993266 0.002097 0.009930 0.969211 0.009930 0.002097 0.993266 -0.002110 -0.009974 -0.969097 -0.009974 -0.002110 0.000000 
5.000000e-01 5.000000e-01 4.999667e-03 5.000000e-01 5.000000e-01 1.515020e+00 -0.993266 0.002097 0.009930 0.969211 0.009930 0.002097 0.993266 -0.002110 -0.009974 -0.969097 -0.009974 -0.002110 0.000000 
5.000000e-01 5.000000e-01 4.999667e-03 5.000000e-01 5.000000e-01 1.515020e+00 -0.993266 0.002097 0.009930 0.969211 0.009930 0.002097 0.993266 -0.002110 -0.009974 -0.969097 -0.009974 -0.002110 0.000000 
5.000000e-01 5.000000e-01 4.999667e-03 5.000000e-01 5.000000e-01 1.515020e+00 -0.993266 0.002097 0.009930 0.969211 0.009930 0.002097 0.993266 -0.002110 -0.009974 -0.969097 -0.009974 -0.002110 0.000000 
5.000000e-01 5.000000e-01 4.999667e-03 5.000000e-01 5.000000e-01 1.515020e+00 -0.993266 0.002097 0.009930 0.969211 0.009930 0.002097 0.993266 -0.002110 -0.009974 -0.969097 -0.009974 -0.002110 0.000000 
5.000000e-01 5.000000e-01 4.999667e-03 5.000000e-01 5.000000e-01 1.515020e+00 -0.993266 0.002097 0.009930 0.969211 0.009930 0.002097 0.993266 -0.002110 -0.009974 -0.969097 -0.009974 -0.002110 0.000000 
5.000000e-01 5.000000e-01 4.999667e-03 5.000000e-01 5.000000e-01 1.515020e+00 -0.993266 0.002097 0.009930 0.969211 0.009930 0.002097 0.993266 -0.002110 -0.009974 -0.969097 -0.009974 -0.002110 0.000000 
5.000000e-01 5.000000e-01 4.999667e-03 5.000000e-01 5.000000e-01 1.515020e+00 -0.993266 0.002097 0.009930 0.969211 0.009930 0.002097 0.993266 -0.002110 -0.009974 -0.969097 -0.009974 -0.002110 0.000000 
5.000000e-01 5.000000e-01 4.999667e-03 5.000000e-01 5.000000e-01 1.515020e+00 -0.993266 0.002097 0.009930 0.969211 0.009930 0.002097 0.993266 -0.002110 -0.009974 -0.969097 -0.009974 -0.002110 0.000000 
5.000000e-01 5.000000e-01 4.999667e-03 5.000000e-01 5.000000e-01 1.515020e+00 -0.993266 0.002097 0.009930 0.969211 0.009930 0.002097 0.993266 -0.002110 -0.009974 -0.969097 -0.009974 -0.002110 0.000000 
5.000000e-01 5.000000e-01 4.999667e-03 5.000000e-01 5.000000e-01 1.515020e+00 -0.993266 0.002097 0.009930 0.969211 0.009930 0.002097 0.993266 -0.002110 -0.009974 -0.969097 -0.009974 -0.002110 0.000000 
5.000000e-01 5.000000e-01 4.999667e-03 5.000000e-01 5.000000e-01 1.515020e+00 -0.993266 0.002097 0.009930 0.969211 0.009930 0.002097 0.993266 -0.002110 -0.009974 -0.969097 -0.009974 -0.002110 0.000000 
5.000000e-01 5.000000e-01 4.999667e-03 5.000000e-01 5.000000e-01 1.515020e+00 -0.993266 0.002097 0.009930 0.969211 0.009930 0.002097 0.993266 -0.002110 -0.009974 -0.969097 -0.009974 -0.002110 0.000000 
5.000000e-01 5.000000e-01 4.999667e-03 5.000000e-01 5.000000e-01 1.515020e+00 -0.993266 0.002097 0.009930 0.969211 0.009930 0.002097 0.993266 -0.002110 -0.009974 -0.969097 -0.009974 -0.002110 0.000000 
5.000000e-01 5.000000e-01 4.999667e-03 5.000000e-01 5.000000e-01 1.515020e+00 -0.993266 0.002097 0.009930 0.969211 0.009930 0.002097 0.993266 -0.002110 -0.009974 -0.969097 -0.009974 -0.002110 0.000000 
5.000000e-01 5.000000e-01 4.999667e-03 5.000000e-01 5.000000e-01 1.515020e+00 -0.993266 0.002097 0.009930 0.969211 0.009930 0.002097 0.993266 -0.002110 -0.009974 -0.969097 -0.009974 -0.002110 0.000000 
5.000000e-01 5.000000e-01 4.999667e-03 5.000000e-01 5.000000e-01 1.515020e+00 -0.993266 0.002097 0.009930 0.969211 0.009930 0.002097 0.993266 -0.002110 -0.009974 -0.969097 -0.009974 -0.002110 0.000000 
5.000000e-01 5.000000e-01 4.999667e-03 5.000000e-01 5.000000e-01 1.515020e+00 -0.993266 0.002097 0.009930 0.969211 0.009930 0.002097 0.993266 -0.002110 -0.009974 -0.969097 -0.009974 -0.002110 0.000000 
5.000000e-01 5.000000e-01 4.999667e-03 5.000000e-01 5.000000e-01 1.515020e+00 -0.993266 0.002097 0.009930 0.969211 0.009930 0.002097 0.993266 -0.002110 -0.009974 -0.969097 -0.009974 -0.002110 0.000000 
5.000000e-01 5.000000e-01 4.999667e-03 5.000000e-01 5.000000e-01 1.515020e+00 -0.993266 0.002097 0.009930 0.969211 0.009930 0.002097 0.993266 -0.002110 -0.009974 -0.969097 -0.009974 -0.002110 0.000000 
5.000000e-01 5.000000e-01 4.999667e-03 5.000000e-01 5.000000e-01 1.515020e+00 -0.993266 0.002097 0.009930 0.969211 0.009930 0.002097 0.993266 -0.002110 -0.009974 -0.969097 -0.009974 -0.002110 0.000000 
5.000000e-01 5.000000e-01 4.999667e-03 5.000000e-01 5.000000e-01 1.515020e+00 -0.993266 0.002097 0.009930 0.969211 0.009930 0.002097 0.993266 -0.002110 -0.009974 -0.969097 -0.009974 -0.002110 0.000000 
5.000000e-01 5.000000e-01 4.999667e-03 5.000000e-01 5.000000e-01 1.515020e+00 -0.993266 0.002097 0.009930 0.969211 0.009930 0.002097 0.993266 -0.002110 -0.009974 -0.969097 -0.009974 -0.002110 0.000000 
5.000000e-01 5.000000e-01 4.999667e-03 5.000000e-01 5.000000e-01 1.515020e+00 -0.993266 0.002097 0.009930 0.969211 0.009930 0.002097 0.993266 -0.002110 -0.009974 -0.969097 -0.009974 -0.002110 0.000000 
5.000000e-01 5.000000e-01 4.999667e-03 5.000000e-01 5.000000e-01 1.515020e+00 -0.993266 0.002097 0.009930 0.969211 0.009930 0.002097 0.993266 -0.002110 -0.009974 -0.969097 -0.009974 -0.002110 0.000000 
5.000000e-01 5.000000e-01 4.999667e-03 5.000000e-01 5.000000e-01 1.515020e+00 -0.993266 0.002097 0.009930 0.969211 0.009930 0.002097 0.993266 -0.002110 -0.009974 -0.969097 -0.009974 -0.002110 0.000000 
5.000000e-01 5.000000e-01 4.999667e-03 5.000000e-01 5.000000e-01 1.515020e+00 -0.993266 0.002097 0.009930 0.969211 0.009930 0.002097 0.993266 -0.002110 -0.009974 -0.969097 -0.009974 -0.002110 0.000000 
5.000000e-01 5.000000e-01 4.999667e-03 5.000000e-01 5.000000e-01 1.515020e+00 -0.993266 0.002097 0.009930 0.969211 0.009930 0.002097 0.993266 -0.002110 -0.009974 -0.969097 -0.009974 -0.002110 0.000000 
5.000000e-01 5.000000e-01 4.999667e-03 5.000000e-01 5.000000e-01 1.515020e+00 -0.993266 0.002097 0.009930 0.969211 0.009930 0.002097 0.993266 -0.002110 -0.009974 -0.969097 -0.009974 -0.002110 0.000000 
5.000000e-01 5.000000e-01 4.999667e-03 5.000000e-01 5.000000e-01 1.515020e+00 -0.993266 0.002097 0.009930 0.969211 0.009930 0.002097 0.993266 -0.002110 -0.009974 -0.969097 -0.009974 -0.002110 0.000000 
5.000000e-01 5.000000e-01 4.999667e-03 5.000000e-01 5.000000e-01 1.515020e+00 -0.993266 0.002097 0.009930 0.969211 0.009930 0.002097 0.993266 -0.002110 -0.009974 -0.969097 -0.009974 -0.002110 0.000000 
5.000000e-01 5.000000e-01 4.999667e-03 5.000000e-01 5.000000e-01 1.515020e+00 -0.993266 0.002097 0.009930 0.969211 0.009930 0.002097 0.993266 -0.002110 -0.009974 -0.969097 -0.009974 -0.002110 0.000000 
5.000000e-01 5.000000e-01 4.999667e-03 5.000000e-01 5.000000e-01 1.515020e+00 -0.993266 0.002097 0.009930 0.969211 0.009930 0.002097 0.993266 -0.002110 -0.009974 -0.969097 -0.009974 -0.002110 0.000000 
5.000000e-01 5.000000e-01 4.999667e-03 5.000000e-01 5.000000e-01 1.515020e+00 -0.993266 0.002097 0.009930 0.969211 0.009930 0.002097 0.993266 -0.002110 -0.009974 -0.969097 -0.009974 -0.002110 0.000000 
5.000000e-01 5.000000e-01 4.999667e-03 5.000000e-01 5.000000e-01 1.515020e+00 -0.993266 0.002097 0.009930 0.969211 0.009930 0.002097 0.993266 -0.002110 -0.009974 -0.969097 -0.009974 -0.002110 0.000000 
5.000000e-01 5.000000e-01 4.999667e-03 5.000000e-01 5.000000e-01 1.515020e+00 -0.993266 0.002097 0.009930 0.969211 0.009930 0.002097 0.993266 -0.002110 -0.009974 -0.969097 -0.009974 -0.002110 0.000000 
5.000000e-01 5.000000e-01 4.999667e-03 5.000000e-01 5.000000e-01 1.515020e+00 -0.993266 0.002097 0.009930 0.969211 0.009930 0.002097 0.993266 -0.002110 -0.009974 -0.969097 -0.009974 -0.002110 0.000000 
5.000000e-01 5.000000e-01 4.999667e-03 5.000000e-01 5.000000e-01 1.515020e+00 -0.993266 0.002097 0.009930 0.969211 0.009930 0.002097 0.993266 -0.002110 -0.009974 -0.969097 -0.009974 -0.002110 0.000000 
5.000000e-01 5.000000e-01 4.999667e-03 5.000000e-01 5.000000e-01 1.515020e+00 -0.993266 0.002097 0.009930 0.969211 0.009930 0.002097 0.993266 -0.002110 -0.009974 -0.969097 -0.009974 -0.002110 0.000000 
5.000000e-01 5.000000e-01 4.999667e-03 5.000000e-01 5.000000e-01 1.515020e+00 -0.993266 0.002097 0.009930 0.969211 0.009930 0.002097 0.993266 -0.002110 -0.009974 -0.969097 -0.009974 -0.002110 0.000000 
5.000000e-01 5.000000e-01 4.999667e-03 5.000000e-01 5.000000e-01 1.515020e+00 -0.993266 0.002097 0.009930 0.969211 0.009930 0.002097 0.993266 -0.002110 -0.009974 -0.969097 -0.009974 -0.002110 0.000000 
5.000000e-01 5.000000e-01 4.999667e-03 5.000000e-01 5.000000e-01 1.515020e+00 -0.993266 0.002097 0.009930 0.969211 0.009930 0.002097 0.993266 -0.002110 -0.009974 -0.969097 -0.009974 -0.002110 0.000000 
5.000000e-01 5.000000e-01 4.999667e-03 5.000000e-01 5.000000e-01 1.515020e+00 -0.993266 0.002097 0.009930 0.969211 0.009930 0.002097 0.993266 -0.002110 -0.009974 -0.969097 -0.009974 -0.002110 0.000000 
5.000000e-01 5.000000e-01 4.999667e-03 5.000000e-01 5.000000e-01 1.515020e+00 -0.993266 0.002097 0.009930 0.969211 0.009930 0.002097 0.993266 -0.002110 -0.009974 -0.969097 -0.009974 -0.002110 0.000000 
5.000000e-01 5.000000e-01 4.999667e-03 5.000000e-01 5.000000e-01 1.515020e+00 -0.993266 0.002097 0.009930 0.969211 0.009930 0.002097 0.993266 -0.002110 -0.009974 -0.969097 -0.009974 -0.002110 0.000000 
5.000000e-01 5.000000e-01 4.999667e-03 5.000000e-01 5.000000e-01 1.515020e+00 -0.993266 0.002097 0.009930 0.969211 0.009930 0.002097 0.993266 -0.002110 -0.009974 -0.969097 -0.009974 -0.002110 0.000000 
5.000000e-01 5.000000e-01 4.999667e-03 5.000000e-01 5.000000e-01 1.515020e+00 -0.993266 0.002097 0.009930 0.969211 0.009930 0.002097 0.993266 -0.002110 -0.009974 -0.969097 -0.009974 -0.002110 0.000000 
5.000000e-01 5.000000e-01 4.999667e-03 5.000000e-01 5.000000e-01 1.515020e+00 -0.993266 0.002097 0.009930 0.969211 0.009930 0.002097 0.993266 -0.002110 -0.009974 -0.969097 -0.009974 -0.002110 0.000000 
5.000000e-01 5.000000e-01 4.999667e-03 5.000000e-01 5.000000e-01 1.515020e+00 -0.993266 0.002097 0.009930 0.969211 0.009930 0.002097 0.993266 -0.002110 -0.009974 -0.969097 -0.009974 -0.002110 0.000000 
5.000000e-01 5.000000e-01 4.999667e-03 5.000000e-01 5.000000e-01 1.515020e+00 -0.993266 0.002097 0.009930 0.969211 0.009930 0.002097 0.993266 -0.002110 -0.009974 -0.969097 -0.009974 -0.002110 0.000000 
5.000000e-01 5.000000e-01 4.999667e-03 5.000000e-01 5.000000e-01 1.515020e+00 -0.993266 0.002097 0.009930 0.969211 0.009930 0.002097 0.993266 -0.002110 -0.009974 -0.969097 -0.009974 -0.002110 0.000000 
5.000000e-01 5.000000e-01 4.999667e-03 5.000000e-01 5.000000e-01 1.515020e+00 -0.993266 0.002097 0.009930 0.969211 0.009930 0.002097 0.993266 -0.002110 -0.009974 -0.969097 -0.009974 -0.002110 0.000000 
5.000000e-01 5.000000e-01 4.999667e-03 5.000000e-01 5.000000e-01 1.515020e+00 -0.993266 0.002097 0.009930 0.969211 0.009930 0.002097 0.993266 -0.002110 -0.009974 -0.969097 -0.009974 -0.002110 0.000000 
5.000000e-01 5.000000e-01 4.999667e-03 5.000000e-01 5.000000e-01 1.515020e+00 -0.993266 0.002097 0.009930 0.969211 0.009930 0.002097 0.993266 -0.002110 -0.009974 -0.969097 -0.009974 -0.002110 0.000000 
5.000000e-01 5.000000e-01 4.999667e-03 5.000000e-01 5.000000e-01 1.515020e+00 -0.993266 0.002097 0.009930 0.969211 0.009930 0.002097 0.993266 -0.002110 -0.009974 -0.969097 -0.009974 -0.002110 0.000000 
5.000000e-01 5.000000e-01 4.999667e-03 5.000000e-01 5.000000e-01 1.515020e+00 -0.993266 0.002097 0.009930 0.969211 0.009930 0.002097 0.993266 -0.002110 -0.009974 -0.969097 -0.009974 -0.002110 0.000000 
5.000000e-01 5.000000e-01 4.999667e-03 5.000000e-01 5.000000e-01 1.515020e+00 -0.993266 0.002097 0.009930 0.969211 0.009930 0.002097 0.993266 -0.002110 -0.009974 -0.969097 -0.009974 -0.002110 0.000000 
5.000000e-01 5.000000e-01 4.999667e-03 5.000000e-01 5.000000e-01 1.515020e+00 -0.993266 0.002097 0.009930 0.969211 0.009930 0.002097 0.993266 -0.002110 -0.009974 -0.969097 -0.009974 -0.002110 0.000000 
5.000000e-01 5.000000e-01 4.999667e-03 5.000000e-01 5.000000e-01 1.515020e+00 -0.993266 0.002097 0.009930 0.969211 0.009930 0.002097 0.993266 -0.002110 -0.009974 -0.969097 -0.009974 -0.002110 0.000000 
5.000000e-01 5.000000e-01 4.999667e-03 5.000000e-01 5.000000e-01 1.515020e+00 -0.993266 0.002097 0.009930 0.969211 0.009930 0.002097 0.993266 -0.002110 -0.009974 -0.969097 -0.009974 -0.002110 0.000000 
5.000000e-01 5.000000e-01 4.999667e-03 5.000000e-01 5.000000e-01 1.515020e+00 -0.993266 0.002097 0.009930 0.969211 0.009930 0.002097 0.993266 -0.002110 -0.009974 -0.969097 -0.009974 -0.002110 0.000000 
5.000000e-01 5.000000e-01 4.999667e-03 5.000000e-01 5.000000e-01 1.515020e+00 -0.993266 0.002097 0.009930 0.969211 0.009930 0.002097 0.993266 -0.002110 -0.009974 -0.969097 -0.009974 -0.002110 0.000000 
5.000000e-01 5.000000e-01 4.999667e-03 5.000000e-01 5.000000e-01 1.515020e+00 -0.993266 0.002097 0.009930 0.969211 0.009930 0.002097 0.993266 -0.002110 -0.009974 -0.969097 -0.009974 -0.002110 0.000000 
5.000000e-01 5.000000e-01 4.999667e-03 5.000000e-01 5.000000e-01 1.515020e+00 -0.993266 0.002097 0.009930 0.969211 0.009930 0.002097 0.993266 -0.002110 -0.009974 -0.969097 -0.009974 -0.002110 0.000000 
5.000000e-01 5.000000e-01 4.999667e-03 5.000000e-01 5.000000e-01 1.515020e+00 -0.993266 0.002097 0.009930 0.969211 0.009930 0.002097 0.993266 -0.002110 -0.009974 -0.969097 -0.009974 -0.002110 0.000000 
5.000000e-01 5.000000e-01 4.999667e-03 5.000000e-01 5.000000e-01 1.515020e+00 -0.993266 0.002097 0.009930 0.969211 0.009930 0.002097 0.993266 -0.002110 -0.009974 -0.969097 -0.009974 -0.002110 0.000000 
5.000000e-01 5.000000e-01 4.999667e-03 5.000000e-01 5.000000e-01 1.515020e+00 -0.993266 0.002097 0.009930 0.969211 0.009930 0.002097 0.993266 -0.002110 -0.009974 -0.969097 -0.009974 -0.002110 0.000000 
5.000000e-01 5.000000e-01 4.999667e-03 5.000000e-01 5.000000e-01 1.515020e+00 -0.993266 0.002097 0.009930 0.969211 0.009930 0.002097 0.993266 -0.002110 -0.009974 -0.969097 -0.009974 -0.002110 0.000000 
5.000000e-01 5.000000e-01 4.999667e-03 5.000000e-01 5.000000e-01 1.515020e+00 -0.993266 0.002097 0.009930 0.969211 0.009930 0.002097 0.993266 -0.002110 -0.009974 -0.969097 -0.009974 -0.002110 0.000000 
5.000000e-01 5.000000e-01 4.999667e-03 5.000000e-01 5.000000e-01 1.515020e+00 -0.993266 0.002097 0.009930 0.969211 0.009930 0.002097 0.993266 -0.002110 -0.009974 -0.969097 -0.009974 -0.002110 0.000000 
5.000000e-01 5.000000e-01 4.999667e-03 5.000000e-01 5.000000e-01 1.515020e+00 -0.993266 0.002097 0.009930 0.969211 0.009930 0.002097 0.993266 -0.002110 -0.009974 -0.969097 -0.009974 -0.002110 0.000000 
5.000000e-01 5.000000e-01 4.999667e-03 5.000000e-01 5.000000e-01 1.515020e+00 -0.993266 0.002097 0.009930 0.969211 0.009930 0.002097 0.993266 -0.002110 -0.009974 -0.969097 -0.009974 -0.002110 0.000000 
5.000000e-01 5.000000e-01 4.999667e-03 5.000000e-01 5.000000e-01 1.515020e+00 -0.993266 0.002097 0.009930 0.969211 0.009930 0.002097 0.993266 -0.002110 -0.009974 -0.969097 -0.009974 -0.002110 0.000000 
5.000000e-01 5.000000e-01 4.999667e-03 5.000000e-01 5.000000e-01 1.515020e+00 -0.993266 0.002097 0.009930 0.969211 0.009930 0.002097 0.993266 -0.002110 -0.009974 -0.969097 -0.009974 -0.002110 0.000000 
5.000000e-01 5.000000e-01 4.999667e-03 5.000000e-01 5.000000e-01 1.515020e+00 -0.993266 0.002097 0.009930 0.969211 0.009930 0.002097 0.993266 -0.002110 -0.009974 -0.969097 -0.009974 -0.002110 0.000000 
5.000000e-01 5.000000e-01 4.999667e-03 5.000000e-01 5.000000e-01 1.515020e+00 -0.993266 0.002097 0.009930 0.969211 0.009930 0.002097 0.993266 -0.002110 -0.009974 -0.969097 -0.009974 -0.002110 0.000000 
5.000000e-01 5.000000e-01 4.999667e-03 5.000000e-01 5.000000e-01 1.515020e+00 -0.993266 0.002097 0.009930 0.969211 0.009930 0.002097 0.993266 -0.002110 -0.009974 -0.969097 -0.009974 -0.002110 0.000000 
5.000000e-01 5.000000e-01 4.999667e-03 5.000000e-01 5.000000e-01 1.515020e+00 -0.993266 0.002097 0.009930 0.969211 0.009930 0.002097 0.993266 -0.002110 -0.009974 -0.969097 -0.009974 -0.002110 0.000000 
5.000000e-01 5.000000e-01 4.999667e-03 5.000000e-01 5.000000e-01 1.515020e+00 -0.993266 0.002097 0.009930 0.969211 0.009930 0.002097 0.993266 -0.002110 -0.009974 -0.969097 -0.009974 -0.002110 0.000000 
5.000000e-01 5.000000e-01 4.999667e-03 5.000000e-01 5.000000e-01 1.515020e+00 -0.993266 0.002097 0.009930 0.969211 0.009930 0.002097 0.993266 -0.002110 -0.009974 -0.969097 -0.009974 -0.002110 0.000000 
5.000000e-01 5.000000e-01 4.999667e-03 5.000000e-01 5.000000e-01 1.515020e+00 -0.993266 0.002097 0.009930 0.969211 0.009930 0.002097 0.993266 -0.002110 -0.009974 -0.969097 -0.009974 -0.002110 0.000000 
5.000000e-01 5.000000e-01 4.999667e-03 5.000000e-01 5.000000e-01 1.515020e+00 -0.993266 0.002097 0.009930 0.969211 0.009930 0.002097 0.993266 -0.002110 -0.009974 -0.969097 -0.009974 -0.002110 0.000000 
5.000000e-01 5.000000e-01 4.999667e-03 5.000000e-01 5.000000e-01 1.515020e+00 -0.993266 0.002097 0.009930 0.969211 0.009930 0.002097 0.993266 -0.002110 -0.009974 -0.969097 -0.009974 -0.002110 0.000000 
5.000000e-01 5.000000e-01 4.999667e-03 5.000000e-01 5.000000e-01 1.515020e+00 -0.993266 0.002097 0.009930 0.969211 0.009930 0.002097 0.993266 -0.002110 -0.009974 -0.969097 -0.009974 -0.002110 0.000000 
5.000000e-01 5.000000e-01 4.999667e-03 5.000000e-01 5.000000e-01 1.515020e+00 -0.993266 0.002097 0.009930 0.969211 0.009930 0.002097 0.993266 -0.002110 -0.009974 -0.969097 -0.009974 -0.002110 0.000000 
5.000000e-01 5.000000e-01 4.999667e-03 5.000000e-01 5.000000e-01 1.515020e+00 -0.993266 0.002097 0.009930 0.969211 0.009930 0.002097 0.993266 -0.002110 -0.009974 -0.969097 -0.009974 -0.002110 0.000000 
5.000000e-01 5.000000e-01 4.999667e-03 5.000000e-01 5.000000e-01 1.515020e+00 -0.993266 0.002097 0.009930 0.969211 0.009930 0.002097 0.993266 -0.002110 -0.009974 -0.969097 -0.009974 -0.002110 0.000000 
5.000000e-01 5.000000e-01 4.999667e-03 5.000000e-01 5.000000e-01 1.515020e+00 -0.993266 0.002097 0.009930 0.969211 0.009930 0.002097 0.993266 -0.002110 -0.009974 -0.969097 -0.009974 -0.002110 0.000000 
5.000000e-01 5.000000e-01 4.999667e-03 5.000000e-01 5.000000e-01 1.515020e+00 -0.993266 0.002097 0.009930 0.969211 0.009930 0.002097 0.993266 -0.002110 -0.009974 -0.969097 -0.009974 -0.002110 0.000000 
5.000000e-01 5.000000e-01 4.999667e-03 5.000000e-01 5.000000e-01 1.515020e+00 -0.993266 0.002097 0.009930 0.969211 0.009930 0.002097 0.993266 -0.002110 -0.009974 -0.969097 -0.009974 -0.002110 0.000000 
5.000000e-01 5.000000e-01 4.999667e-03 5.000000e-01 5.000000e-01 1.515020e+00 -0.993266 0.002097 0.009930 0.969211 0.009930 0.002097 0.993266 -0.002110 -0.009974 -0.969097 -0.009974 -0.002110 0.000000 
5.000000e-01 5.000000e-01 4.999667e-03 5.000000e-01 5.000000e-01 1.515020e+00 -0.993266 0.002097 0.009930 0.969211 0.009930 0.002097 0.993266 -0.002110 -0.009974 -0.969097 -0.009974 -0.002110 0.000000 
5.000000e-01 5.000000e-01 4.999667e-03 5.000000e-01 5.000000e-01 1.515020e+00 -0.993266 0.002097 0.009930 0.969211 0.009930 0.002097 0.993266 -0.002110 -0.009974 -0.969097 -0.009974 -0.002110 0.000000 
5.000000e-01 5.000000e-01 4.999667e-03 5.000000e-01 5.000000e-01 1.515020e+00 -0.993266 0.002097 0.009930 0.969211 0.009930 0.002097 0.993266 -0.002110 -0.009974 -0.969097 -0.009974 -0.002110 0.000000 
5.000000e-01 5.000000e-01 4.999667e-03 5.000000e-01 5.000000e-01 1.515020e+00 -0.993266 0.002097 0.009930 0.969211 0.009930 0.002097 0.993266 -0.002110 -0.009974 -0.969097 -0.009974 -0.002110 0.000000 
5.000000e-01 5.000000e-01 4.999667e-03 5.000000e-01 5.000000e-01 1.515020e+00 -0.993266 0.002097 0.009930 0.969211 0.009930 0.002097 0.993266 -0.002110 -0.009974 -0.969097 -0.009974 -0.002110 0.000000 
5.000000e-01 5.000000e-01 4.999667e-03 5.000000e-01 5.000000e-01 1.515020e+00 -0.993266 0.002097 0.009930 0.969211 0.009930 0.002097 0.993266 -0.002110 -0.009974 -0.969097 -0.009974 -0.002110 0.000000 
5.000000e-01 5.000000e-01 4.999667e-03 5.000000e-01 5.000000e-01 1.515020e+00 -0.993266 0.002097 0.009930 0.969211 0.009930 0.002097 0.993266 -0.002110 -0.009974 -0.969097 -0.009974 -0.002110 0.000000 
5.000000e-01 5.000000e-01 4.999667e-03 5.000000e-01 5.000000e-01 1.515020e+00 -0.993266 0.002097 0.009930 0.969211 0.009930 0.002097 0.993266 -0.002110 -0.009974 -0.969097 -0.009974 -0.002110 0.000000 
5.000000e-01 5.000000e-01 4.999667e-03 5.000000e-01 5.000000e-01 1.515020e+00 -0.993266 0.002097 0.009930 0.969211 0.009930 0.002097 0.993266 -0.002110 -0.009974 -0.969097 -0.009974 -0.002110 0.000000 
5.000000e-01 5.000000e-01 4.999667e-03 5.000000e-01 5.000000e-01 1.515020e+00 -0.993266 0.002097 0.009930 0.969211 0.009930 0.002097 0.993266 -0.002110 -0.009974 -0.969097 -0.009974 -0.002110 0.000000 
5.000000e-01 5.000000e-01 4.999667e-03 5.000000e-01 5.000000e-01 1.515020e+00 -0.993266 0.002097 0.009930 0.969211 0.009930 0.002097 0.993266 -0.002110 -0.009974 -0.969097 -0.009974 -0.002110 0.000000 
5.000000e-01 5.000000e-01 4.999667e-03 5.000000e-01 5.000000e-01 1.515020e+00 -0.993266 0.002097 0.009930 0.969211 0.009930 0.002097 0.993266 -0.002110 -0.009974 -0.969097 -0.009974 -0.002110 0.000000 
5.000000e-01 5.000000e-01 4.999667e-03 5.000000e-01 5.000000e-01 1.515020e+00 -0.993266 0.002097 0.009930 0.969211 0.009930 0.002097 0.993266 -0.002110 -0.009974 -0.969097 -0.009974 -0.002110 0.000000 
5.000000e-01 5.000000e-01 4.999667e-03 5.000000e-01 5.000000e-01 1.515020e+00 -0.993266 0.002097 0.009930 0.969211 0.009930 0.002097 0.993266 -0.002110 -0.009974 -0.969097 -0.009974 -0.002110 0.000000 
5.000000e-01 5.000000e-01 4.999667e-03 5.000000e-01 5.000000e-01 1.515020e+00 -0.993266 0.002097 0.009930 0.969211 0.009930 0.002097 0.993266 -0.002110 -0.009974 -0.969097 -0.009974 -0.002110 0.000000 
5.000000e-01 5.000000e-01 4.999667e-03 5.000000e-01 5.000000e-01 1.515020e+00 -0.993266 0.002097 0.009930 0.969211 0.009930 0.002097 0.993266 -0.002110 -0.009974 -0.969097 -0.009974 -0.002110 0.000000 
5.000000e-01 5.000000e-01 4.999667e-03 5.000000e-01 5.000000e-01 1.515020e+00 -0.993266 0.002097 0.009930 0.969211 0.009930 0.002097 0.993266 -0.002110 -0.009974 -0.969097 -0.009974 -0.002110 0.000000 
5.000000e-01 5.000000e-01 4.999667e-03 5.000000e-01 5.000000e-01 1.515020e+00 -0.993266 0.002097 0.009930 0.969211 0.009930 0.002097 0.993266 -0.002110 -0.009974 -0.969097 -0.009974 -0.002110 0.000000 
5.000000e-01 5.000000e-01 4.999667e-03 5.000000e-01 5.000000e-01 1.515020e+00 -0.993266 0.002097 0.009930 0.969211 0.009930 0.002097 0.993266 -0.002110 -0.009974 -0.969097 -0.009974 -0.002110 0.000000 
5.000000e-01 5.000000e-01 4.999667e-03 5.000000e-01 5.000000e-01 1.515020e+00 -0.993266 0.002097 0.009930 0.969211 0.009930 0.002097 0.993266 -0.002110 -0.009974 -0.969097 -0.009974 -0.002110 0.000000 
5.000000e-01 5.000000e-01 4.999667e-03 5.000000e-01 5.000000e-01 1.515020e+00 -0.993266 0.002097 0.009930 0.969211 0.009930 0.002097 0.993266 -0.002110 -0.009974 -0.969097 -0.009974 -0.002110 0.000000 
5.000000e-01 5.000000e-01 4.999667e-03 5.000000e-01 5.000000e-01 1.515020e+00 -0.993266 0.002097 0.009930 0.969211 0.009930 0.002097 0.993266 -0.002110 -0.009974 -0.969097 -0.009974 -0.002110 0.000000 
5.000000e-01 5.000000e-01 4.999667e-03 5.000000e-01 5.000000e-01 1.515020e+00 -0.993266 0.002097 0.009930 0.969211 0.009930 0.002097 0.993266 -0.002110 -0.009974 -0.969097 -0.009974 -0.002110 0.000000 
5.000000e-01 5.000000e-01 4.999667e-03 5.000000e-01 5.000000e-01 1.515020e+00 -0.993266 0.002097 0.009930 0.969211 0.009930 0.002097 0.993266 -0.002110 -0.009974 -0.969097 -0.009974 -0.002110 0.000000 
5.000000e-01 5.000000e-01 4.999667e-03 5.000000e-01 5.000000e-01 1.515020e+00 -0.993266 0.002097 0.009930 0.969211 0.009930 0.002097 0.993266 -0.002110 -0.009974 -0.969097 -0.009974 -0.002110 0.000000 
5.000000e-01 5.000000e-01 4.999667e-03 5.000000e-01 5.000000e-01 1.515020e+00 -0.993266 0.002097 0.009930 0.969211 0.009930 0.002097 0.993266 -0.002110 -0.009974 -0.969097 -0.009974 -0.002110 0.000000 
5.000000e-01 5.000000e-01 4.999667e-03 5.000000e-01 5.000000e-01 1.515020e+00 -0.993266 0.002097 0.009930 0.969211 0.009930 0.002097 0.993266 -0.002110 -0.009974 -0.969097 -0.009974 -0.002110 0.000000 
5.000000e-01 5.000000e-01 4.999667e-03 5.000000e-01 5.000000e-01 1.515020e+00 -0.993266 0.002097 0.009930 0.969211 0.009930 0.002097 0.993266 -0.002110 -0.009974 -0.969097 -0.009974 -0.002110 0.000000 
5.000000e-01 5.000000e-01 4.999667e-03 5.000000e-01 5.000000e-01 1.515020e+00 -0.993266 0.002097 0.009930 0.969211 0.009930 0.002097 0.993266 -0.002110 -0.009974 -0.969097 -0.009974 -0.002110 0.000000 
5.000000e-01 5.000000e-01 4.999667e-03 5.000000e-01 5.000000e-01 1.515020e+00 -0.993266 0.002097 0.009930 0.969211 0.009930 0.002097 0.993266 -0.002110 -0.009974 -0.969097 -0.009974 -0.002110 0.000000 
5.000000e-01 5.000000e-01 4.999667e-03 5.000000e-01 5.000000e-01 1.515020e+00 -0.993266 0.002097 0.009930 0.969211 0.009930 0.002097 0.993266 -0.002110 -0.009974 -0.969097 -0.009974 -0.002110 0.000000 
5.000000e-01 5.000000e-01 4.999667e-03 5.000000e-01 5.000000e-01 1.515020e+00 -0.993266 0.002097 0.009930 0.969211 0.009930 0.002097 0.993266 -0.002110 -0.009974 -0.969097 -0.009974 -0.002110 0.000000 
5.000000e-01 5.000000e-01 4.999667e-03 5.000000e-01 5.000000e-01 1.515020e+00 -0.993266 0.002097 0.009930 0.969211 0.009930 0.002097 0.993266 -0.002110 -0.009974 -0.969097 -0.009974 -0.002110 0.000000 
5.000000e-01 5.000000e-01 4.999667e-03 5.000000e-01 5.000000e-01 1.515020e+00 -0.993266 0.002097 0.009930 0.969211 0.009930 0.002097 0.993266 -0.002110 -0.009974 -0.969097 -0.009974 -0.002110 0.000000 
5.000000e-01 5.000000e-01 4.999667e-03 5.000000e-01 5.000000e-01 1.515020e+00 -0.993266 0.002097 0.009930 0.969211 0.009930 0.002097 0.993266 -0.002110 -0.009974 -0.969097 -0.009974 -0.002110 0.000000 
5.000000e-01 5.000000e-01 4.999667e-03 5.000000e-01 5.000000e-01 1.515020e+00 -0.993266 0.002097 0.009930 0.969211 0.009930 0.002097 0.993266 -0.002110 -0.009974 -0.969097 -0.009974 -0.002110 0.000000 
5.000000e-01 5.000000e-01 4.999667e-03 5.000000e-01 5.000000e-01 1.515020e+00 -0.993266 0.002097 0.009930 0.969211 0.009930 0.002097 0.993266 -0.002110 -0.009974 -0.969097 -0.009974 -0.002110 0.000000 
5.000000e-01 5.000000e-01 4.999667e-03 5.000000e-01 5.000000e-01 1.515020e+00 -0.993266 0.002097 0.009930 0.969211 0.009930 0.002097 0.993266 -0.002110 -0.009974 -0.969097 -0.009974 -0.002110 0.000000 
5.000000e-01 5.000000e-01 4.999667e-03 5.000000e-01 5.000000e-01 1.515020e+00 -0.993266 0.002097 0.009930 0.969211 0.009930 0.002097 0.993266 -0.002110 -0.009974 -0.969097 -0.009974 -0.002110 0.000000 
5.000000e-01 5.000000e-01 4.999667e-03 5.000000e-01 5.000000e-01 1.515020e+00 -0.993266 0.002097 0.009930 0.969211 0.009930 0.002097 0.993266 -0.002110 -0.009974 -0.969097 -0.009974 -0.002110 0.000000 
5.000000e-01 5.000000e-01 4.999667e-03 5.000000e-01 5.000000e-01 1.515020e+00 -0.993266 0.002097 0.009930 0.969211 0.009930 0.002097 0.993266 -0.002110 -0.009974 -0.969097 -0.009974 -0.002110 0.000000 
5.000000e-01 5.000000e-01 4.999667e-03 5.000000e-01 5.000000e-01 1.515020e+00 -0.993266 0.002097 0.009930 0.969211 0.009930 0.002097 0.993266 -0.002110 -0.009974 -0.969097 -0.009974 -0.002110 0.000000 
5.000000e-01 5.000000e-01 4.999667e-03 5.000000e-01 5.000000e-01 1.515020e+00 -0.993266 0.002097 0.009930 0.969211 0.009930 0.002097 0.993266 -0.002110 -0.009974 -0.969097 -0.009974 -0.002110 0.000000 
5.000000e-01 5.000000e-01 4.999667e-03 5.000000e-01 5.000000e-01 1.515020e+00 -0.993266 0.002097 0.009930 0.969211 0.009930 0.002097 0.993266 -0.002110 -0.009974 -0.969097 -0.009974 -0.002110 0.000000 
5.000000e-01 5.000000e-01 4.999667e-03 5.000000e-01 5.000000e-01 1.515020e+00 -0.993266 0.002097 0.009930 0.969211 0.009930 0.002097 0.993266 -0.002110 -0.009974 -0.969097 -0.009974 -0.002110 0.000000 
5.000000e-01 5.000000e-01 4.999667e-03 5.000000e-01 5.000000e-01 1.515020e+00 -0.993266 0.002097 0.009930 0.969211 0.009930 0.002097 0.993266 -0.002110 -0.009974 -0.969097 -0.009974 -0.002110 0.000000 
5.000000e-01 5.000000e-01 4.999667e-03 5.000000e-01 5.000000e-01 1.515020e+00 -0.993266 0.002097 0.009930 0.969211 0.009930 0.002097 0.993266 -0.002110 -0.009974 -0.969097 -0.009974 -0.002110 0.000000 
5.000000e-01 5.000000e-01 4.999667e-03 5.000000e-01 5.000000e-01 1.515020e+00 -0.993266 0.002097 0.009930 0.969211 0.009930 0.002097 0.993266 -0.002110 -0.009974 -0.969097 -0.009974 -0.002110 0.000000 
5.000000e-01 5.000000e-01 4.999667e-03 5.000000e-01 5.000000e-01 1.515020e+00 -0.993266 0.002097 0.009930 0.969211 0.009930 0.002097 0.993266 -0.002110 -0.009974 -0.969097 -0.009974 -0.002110 0.000000 
5.000000e-01 5.000000e-01 4.999667e-03 5.000000e-01 5.000000e-01 1.515020e+00 -0.993266 0.002097 0.009930 0.969211 0.009930 0.002097 0.993266 -0.002110 -0.009974 -0.969097 -0.009974 -0.002110 0.000000 
5.000000e-01 5.000000e-01 4.999667e-03 5.000000e-01 5.000000e-01 1.515020e+00 -0.993266 0.002097 0.009930 0.969211 0.009930 0.002097 0.993266 -0.002110 -0.009974 -0.969097 -0.009974 -0.002110 0.000000 
5.000000e-01 5.000000e-01 4.999667e-03 5.000000e-01 5.000000e-01 1.515020e+00 -0.993266 0.002097 0.009930 0.969211 0.009930 0.002097 0.993266 -0.002110 -0.009974 -0.969097 -0.009974 -0.002110 0.000000 
5.000000e-01 5.000000e-01 4.999667e-03 5.000000e-01 5.000000e-01 1.515020e+00 -0.993266 0.002097 0.009930 0.969211 0.009930 0.002097 0.993266 -0.002110 -0.009974 -0.969097 -0.009974 -0.002110 0.000000 
5.000000e-01 5.000000e-01 4.999667e-03 5.000000e-01 5.000000e-01 1.515020e+00 -0.993266 0.002097 0.009930 0.969211 0.009930 0.002097 0.993266 -0.002110 -0.009974 -0.969097 -0.009974 -0.002110 0.000000 
5.000000e-01 5.000000e-01 4.999667e-03 5.000000e-01 5.000000e-01 1.515020e+00 -0.993266 0.002097 0.009930 0.969211 0.009930 0.002097 0.993266 -0.002110 -0.009974 -0.969097 -0.009974 -0.002110 0.000000 
5.000000e-01 5.000000e-01 4.999667e-03 5.000000e-01 5.000000e-01 1.515020e+00 -0.993266 0.002097 0.009930 0.969211 0.009930 0.002097 0.993266 -0.002110 -0.009974 -0.969097 -0.009974 -0.002110 0.000000 
5.000000e-01 5.000000e-01 4.999667e-03 5.000000e-01 5.000000e-01 1.515020e+00 -0.993266 0.002097 0.009930 0.969211 0.009930 0.002097 0.993266 -0.002110 -0.009974 -0.969097 -0.009974 -0.002110 0.000000 
5.000000e-01 5.000000e-01 4.999667e-03 5.000000e-01 5.000000e-01 1.515020e+00 -0.993266 0.002097 0.009930 0.969211 0.009930 0.002097 0.993266 -0.002110 -0.009974 -0.969097 -0.009974 -0.002110 0.000000 
5.000000e-01 5.000000e-01 4.999667e-03 5.000000e-01 5.000000e-01 1.515020e+00 -0.993266 0.002097 0.009930 0.969211 0.009930 0.002097 0.993266 -0.002110 -0.009974 -0.969097 -0.009974 -0.002110 0.000000 
5.000000e-01 5.000000e-01 4.999667e-03 5.000000e-01 5.000000e-01 1.515020e+00 -0.993266 0.002097 0.009930 0.969211 0.009930 0.002097 0.993266 -0.002110 -0.009974 -0.969097 -0.009974 -0.002110 0.000000 
5.000000e-01 5.000000e-01 4.999667e-03 5.000000e-01 5.000000e-01 1.515020e+00 -0.993266 0.002097 0.009930 0.969211 0.009930 0.002097 0.993266 -0.002110 -0.009974 -0.969097 -0.009974 -0.002110 0.000000 
5.000000e-01 5.000000e-01 4.999667e-03 5.000000e-01 5.000000e-01 1.515020e+00 -0.993266 0.002097 0.009930 0.969211 0.009930 0.002097 0.993266 -0.002110 -0.009974 -0.969097 -0.009974 -0.002110 0.000000 
5.000000e-01 5.000000e-01 4.999667e-03 5.000000e-01 5.000000e-01 1.515020e+00 -0.993266 0.002097 0.009930 0.969211 0.009930 0.002097 0.993266 -0.002110 -0.009974 -0.969097 -0.009974 -0.002110 0.000000 
5.000000e-01 5.000000e-01 4.999667e-03 5.000000e-01 5.000000e-01 1.515020e+00 -0.993266 0.002097 0.009930 0.969211 0.009930 0.002097 0.993266 -0.002110 -0.009974 -0.969097 -0.009974 -0.002110 0.000000 
5.000000e-01 5.000000e-01 4.999667e-03 5.000000e-01 5.000000e-01 1.515020e+00 -0.993266 0.002097 0.009930 0.969211 0.009930 0.002097 0.993266 -0.002110 -0.009974 -0.969097 -0.009974 -0.002110 0.000000 
5.000000e-01 5.000000e-01 4.999667e-03 5.000000e-01 5.000000e-01 1.515020e+00 -0.993266 0.002097 0.009930 0.969211 0.009930 0.002097 0.993266 -0.002110 -0.009974 -0.969097 -0.009974 -0.002110 0.000000 
5.000000e-01 5.000000e-01 4.999667e-03 5.000000e-01 5.000000e-01 1.515020e+00 -0.993266 0.002097 0.009930 0.969211 0.009930 0.002097 0.993266 -0.002110 -0.009974 -0.969097 -0.009974 -0.002110 0.000000 
5.000000e-01 5.000000e-01 4.999667e-03 5.000000e-01 5.000000e-01 1.515020e+00 -0.993266 0.002097 0.009930 0.969211 0.009930 0.002097 0.993266 -0.002110 -0.009974 -0.969097 -0.009974 -0.002110 0.000000 
5.000000e-01 5.000000e-01 4.999667e-03 5.000000e-01 5.000000e-01 1.515020e+00 -0.993266 0.002097 0.009930 0.969211 0.009930 0.002097 0.993266 -0.002110 -0.009974 -0.969097 -0.009974 -0.002110 0.000000 
5.000000e-01 5.000000e-01 4.999667e-03 5.000000e-01 5.000000e-01 1.515020e+00 -0.993266 0.002097 0.009930 0.969211 0.009930 0.002097 0.993266 -0.002110 -0.009974 -0.969097 -0.009974 -0.002110 0.000000 
5.000000e-01 5.000000e-01 4.999667e-03 5.000000e-01 5.000000e-01 1.515020e+00 -0.993266 0.002097 0.009930 0.969211 0.009930 0.002097 0.993266 -0.002110 -0.009974 -0.969097 -0.009974 -0.002110 0.000000 
5.000000e-01 5.000000e-01 4.999667e-03 5.000000e-01 5.000000e-01 1.515020e+00 -0.993266 0.002097 0.009930 0.969211 0.009930 0.002097 0.993266 -0.002110 -0.009974 -0.969097 -0.009974 -0.002110 0.000000 
5.000000e-01 5.000000e-01 4.999667e-03 5.000000e-01 5.000000e-01 1.515020e+00 -0.993266 0.002097 0.009930 0.969211 0.009930 0.002097 0.993266 -0.002110 -0.009974 -0.969097 -0.009974 -0.002110 0.000000 
