# TeX TeY TeZ ThX ThY THZ P1 P2
5.000000e-01 5.000000e-01 1.340000e+00 5.000000e-01 5.000000e-01 1.340000e+00 0.000000 0.000000 0.000000 0.000000 0.000000 0.000000 0.000000 0.000000 0.000000 0.000000 0.000000 0.000000 0.000000 
5.000000e-01 5.000000e-01 1.331920e+00 5.000000e-01 5.000000e-01 1.346762e+00 -0.009742 -0.004547 -0.001380 0.021596 -0.001380 -0.004547 0.009742 -0.001769 -0.002065 -0.002073 -0.002065 -0.001769 0.000000 
5.000000e-01 5.000000e-01 1.323768e+00 5.000000e-01 5.000000e-01 1.353491e+00 -0.019510 -0.009057 -0.002705 0.043034 -0.002705 -0.009057 0.019510 -0.003544 -0.004136 -0.004151 -0.004136 -0.003544 0.000000 
5.000000e-01 5.000000e-01 1.315544e+00 5.000000e-01 5.000000e-01 1.360187e+00 -0.029303 -0.013526 -0.003987 0.064329 -0.003987 -0.013526 0.029303 -0.005322 -0.006212 -0.006235 -0.006212 -0.005322 0.000000 
5.000000e-01 5.000000e-01 1.307250e+00 5.000000e-01 5.000000e-01 1.366849e+00 -0.039122 -0.018005 -0.005456 0.086044 -0.005456 -0.018005 0.039122 -0.007105 -0.008293 -0.008324 -0.008293 -0.007105 0.000000 
5.000000e-01 5.000000e-01 1.298884e+00 5.000000e-01 5.000000e-01 1.373476e+00 -0.048964 -0.022438 -0.006978 0.107797 -0.006978 -0.022438 0.048964 -0.008893 -0.010380 -0.010419 -0.010380 -0.008893 0.000000 
5.000000e-01 5.000000e-01 1.290449e+00 5.000000e-01 5.000000e-01 1.380069e+00 -0.058831 -0.026810 -0.008541 0.129534 -0.008541 -0.026810 0.058831 -0.010684 -0.012472 -0.012519 -0.012472 -0.010684 0.000000 
5.000000e-01 5.000000e-01 1.281944e+00 5.000000e-01 5.000000e-01 1.386628e+00 -0.068723 -0.031168 -0.010454 0.151966 -0.010454 -0.031168 0.068723 -0.012480 -0.014569 -0.014625 -0.014569 -0.012480 0.000000 
5.000000e-01 5.000000e-01 1.273369e+00 5.000000e-01 5.000000e-01 1.393151e+00 -0.078638 -0.035468 -0.012519 0.174612 -0.012519 -0.035468 0.078638 -0.014280 -0.016671 -0.016735 -0.016671 -0.014280 0.000000 
5.000000e-01 5.000000e-01 1.264727e+00 5.000000e-01 5.000000e-01 1.399638e+00 -0.088576 -0.039713 -0.014766 0.197535 -0.014766 -0.039713 0.088576 -0.016084 -0.018778 -0.018851 -0.018778 -0.016084 0.000000 
5.000000e-01 5.000000e-01 1.256016e+00 5.000000e-01 5.000000e-01 1.406089e+00 -0.098538 -0.043948 -0.017539 0.221513 -0.017539 -0.043948 0.098538 -0.017892 -0.020890 -0.020973 -0.020890 -0.017892 0.000000 
5.000000e-01 5.000000e-01 1.247237e+00 5.000000e-01 5.000000e-01 1.412505e+00 -0.108523 -0.048115 -0.020539 0.245831 -0.020539 -0.048115 0.108523 -0.019704 -0.023008 -0.023099 -0.023008 -0.019704 0.000000 
5.000000e-01 5.000000e-01 1.238392e+00 5.000000e-01 5.000000e-01 1.418883e+00 -0.118531 -0.052232 -0.023900 0.270795 -0.023900 -0.052232 0.118531 -0.021520 -0.025130 -0.025231 -0.025130 -0.021520 0.000000 
5.000000e-01 5.000000e-01 1.229480e+00 5.000000e-01 5.000000e-01 1.425225e+00 -0.128562 -0.056316 -0.027868 0.296930 -0.027868 -0.056316 0.128563 -0.023340 -0.027257 -0.027368 -0.027257 -0.023340 0.000000 
5.000000e-01 5.000000e-01 1.220501e+00 5.000000e-01 5.000000e-01 1.431530e+00 -0.138616 -0.060320 -0.032116 0.323488 -0.032116 -0.060320 0.138616 -0.025164 -0.029389 -0.029511 -0.029389 -0.025164 0.000000 
5.000000e-01 5.000000e-01 1.211458e+00 5.000000e-01 5.000000e-01 1.437797e+00 -0.148693 -0.064277 -0.036983 0.351213 -0.036983 -0.064277 0.148694 -0.026991 -0.031526 -0.031659 -0.031526 -0.026991 0.000000 
5.000000e-01 5.000000e-01 1.202349e+00 5.000000e-01 5.000000e-01 1.444027e+00 -0.158795 -0.068180 -0.042419 0.379994 -0.042419 -0.068180 0.158795 -0.028822 -0.033668 -0.033813 -0.033668 -0.028822 0.000000 
5.000000e-01 5.000000e-01 1.193176e+00 5.000000e-01 5.000000e-01 1.450220e+00 -0.168917 -0.072008 -0.048167 0.409266 -0.048167 -0.072008 0.168917 -0.030657 -0.035815 -0.035972 -0.035815 -0.030657 0.000000 
5.000000e-01 5.000000e-01 1.183939e+00 5.000000e-01 5.000000e-01 1.456374e+00 -0.179066 -0.075805 -0.054861 0.440398 -0.054861 -0.075805 0.179066 -0.032496 -0.037968 -0.038137 -0.037968 -0.032496 0.000000 
5.000000e-01 5.000000e-01 1.174639e+00 5.000000e-01 5.000000e-01 1.462491e+00 -0.189236 -0.079526 -0.061917 0.472122 -0.061917 -0.079526 0.189236 -0.034338 -0.040126 -0.040308 -0.040126 -0.034338 0.000000 
5.000000e-01 5.000000e-01 1.165276e+00 5.000000e-01 5.000000e-01 1.468569e+00 -0.199429 -0.083184 -0.069536 0.504870 -0.069536 -0.083184 0.199429 -0.036184 -0.042288 -0.042484 -0.042288 -0.036184 0.000000 
5.000000e-01 5.000000e-01 1.155850e+00 5.000000e-01 5.000000e-01 1.474609e+00 -0.209648 -0.086789 -0.077887 0.538999 -0.077887 -0.086789 0.209648 -0.038034 -0.044457 -0.044666 -0.044457 -0.038034 0.000000 
5.000000e-01 5.000000e-01 1.146363e+00 5.000000e-01 5.000000e-01 1.480610e+00 -0.219885 -0.090312 -0.086506 0.573520 -0.086506 -0.090312 0.219885 -0.039887 -0.046629 -0.046854 -0.046629 -0.039887 0.000000 
5.000000e-01 5.000000e-01 1.136814e+00 5.000000e-01 5.000000e-01 1.486571e+00 -0.230148 -0.093783 -0.095923 0.609561 -0.095923 -0.093783 0.230148 -0.041743 -0.048807 -0.049048 -0.048807 -0.041743 0.000000 
5.000000e-01 5.000000e-01 1.127205e+00 5.000000e-01 5.000000e-01 1.492493e+00 -0.240430 -0.097175 -0.105602 0.645983 -0.105602 -0.097175 0.240430 -0.043602 -0.050989 -0.051247 -0.050989 -0.043602 0.000000 
5.000000e-01 5.000000e-01 1.117535e+00 5.000000e-01 5.000000e-01 1.498373e+00 -0.250730 -0.100494 -0.115669 0.683057 -0.115669 -0.100494 0.250730 -0.045463 -0.053176 -0.053451 -0.053176 -0.045463 0.000000 
5.000000e-01 5.000000e-01 1.107805e+00 5.000000e-01 5.000000e-01 1.504212e+00 -0.261048 -0.103741 -0.126079 0.720688 -0.126079 -0.103741 0.261048 -0.047327 -0.055366 -0.055661 -0.055366 -0.047327 0.000000 
5.000000e-01 5.000000e-01 1.098017e+00 5.000000e-01 5.000000e-01 1.510007e+00 -0.271378 -0.106901 -0.136558 0.758296 -0.136558 -0.106901 0.271378 -0.049192 -0.057560 -0.057874 -0.057560 -0.049192 0.000000 
5.000000e-01 5.000000e-01 1.088169e+00 5.000000e-01 5.000000e-01 1.515112e+00 -0.281286 -0.109633 -0.145873 0.792297 -0.145873 -0.109633 0.281286 -0.050979 -0.059664 -0.059999 -0.059664 -0.050979 0.000000 
5.000000e-01 5.000000e-01 1.078263e+00 5.000000e-01 5.000000e-01 1.515112e+00 -0.287787 -0.109521 -0.144272 0.795374 -0.144272 -0.109521 0.287787 -0.052145 -0.061047 -0.061403 -0.061047 -0.052145 0.000000 
5.000000e-01 5.000000e-01 1.068300e+00 5.000000e-01 5.000000e-01 1.515112e+00 -0.294327 -0.109345 -0.142668 0.798354 -0.142668 -0.109345 0.294327 -0.053317 -0.062439 -0.062816 -0.062439 -0.053317 0.000000 
5.000000e-01 5.000000e-01 1.058279e+00 5.000000e-01 5.000000e-01 1.515112e+00 -0.300904 -0.109110 -0.141060 0.801243 -0.141060 -0.109110 0.300904 -0.054494 -0.063838 -0.064239 -0.063838 -0.054494 0.000000 
5.000000e-01 5.000000e-01 1.048202e+00 5.000000e-01 5.000000e-01 1.515112e+00 -0.307519 -0.108815 -0.139450 0.804049 -0.139450 -0.108815 0.307519 -0.055676 -0.065247 -0.065672 -0.065247 -0.055676 0.000000 
5.000000e-01 5.000000e-01 1.038068e+00 5.000000e-01 5.000000e-01 1.515112e+00 -0.314170 -0.108464 -0.137838 0.806775 -0.137838 -0.108464 0.314170 -0.056864 -0.066663 -0.067116 -0.066663 -0.056864 0.000000 
5.000000e-01 5.000000e-01 1.027879e+00 5.000000e-01 5.000000e-01 1.515112e+00 -0.320858 -0.108060 -0.136225 0.809428 -0.136225 -0.108060 0.320858 -0.058056 -0.068088 -0.068569 -0.068088 -0.058056 0.000000 
5.000000e-01 5.000000e-01 1.017634e+00 5.000000e-01 5.000000e-01 1.515112e+00 -0.327583 -0.107604 -0.134610 0.812012 -0.134610 -0.107604 0.327583 -0.059253 -0.069521 -0.070033 -0.069521 -0.059253 0.000000 
5.000000e-01 5.000000e-01 1.007335e+00 5.000000e-01 5.000000e-01 1.515112e+00 -0.334343 -0.107098 -0.132996 0.814531 -0.132996 -0.107098 0.334343 -0.060455 -0.070963 -0.071507 -0.070963 -0.060455 0.000000 
5.000000e-01 5.000000e-01 9.969811e-01 5.000000e-01 5.000000e-01 1.515112e+00 -0.341139 -0.106545 -0.131380 0.816990 -0.131380 -0.106545 0.341139 -0.061661 -0.072413 -0.072992 -0.072413 -0.061661 0.000000 
5.000000e-01 5.000000e-01 9.865737e-01 5.000000e-01 5.000000e-01 1.515112e+00 -0.347971 -0.105947 -0.129765 0.819394 -0.129765 -0.105947 0.347971 -0.062871 -0.073871 -0.074488 -0.073871 -0.062871 0.000000 
5.000000e-01 5.000000e-01 9.761128e-01 5.000000e-01 5.000000e-01 1.515112e+00 -0.354837 -0.105305 -0.128149 0.821745 -0.128149 -0.105305 0.354837 -0.064084 -0.075337 -0.075995 -0.075337 -0.064084 0.000000 
5.000000e-01 5.000000e-01 9.655992e-01 5.000000e-01 5.000000e-01 1.515112e+00 -0.361738 -0.104621 -0.126533 0.824047 -0.126533 -0.104621 0.361739 -0.065301 -0.076812 -0.077512 -0.076812 -0.065301 0.000000 
5.000000e-01 5.000000e-01 9.550331e-01 5.000000e-01 5.000000e-01 1.515112e+00 -0.368674 -0.103898 -0.124917 0.826304 -0.124917 -0.103898 0.368674 -0.066522 -0.078294 -0.079042 -0.078294 -0.066522 0.000000 
5.000000e-01 5.000000e-01 9.444151e-01 5.000000e-01 5.000000e-01 1.515112e+00 -0.375644 -0.103137 -0.123300 0.828518 -0.123300 -0.103137 0.375644 -0.067745 -0.079785 -0.080583 -0.079785 -0.067745 0.000000 
5.000000e-01 5.000000e-01 9.337456e-01 5.000000e-01 5.000000e-01 1.515112e+00 -0.382648 -0.102339 -0.121683 0.830693 -0.121683 -0.102339 0.382648 -0.068971 -0.081285 -0.082136 -0.081285 -0.068971 0.000000 
5.000000e-01 5.000000e-01 9.230251e-01 5.000000e-01 5.000000e-01 1.515112e+00 -0.389685 -0.101507 -0.120066 0.832831 -0.120066 -0.101507 0.389685 -0.070200 -0.082792 -0.083701 -0.082792 -0.070200 0.000000 
5.000000e-01 5.000000e-01 9.122541e-01 5.000000e-01 5.000000e-01 1.515112e+00 -0.396755 -0.100642 -0.118448 0.834936 -0.118448 -0.100642 0.396755 -0.071430 -0.084308 -0.085279 -0.084308 -0.071430 0.000000 
5.000000e-01 5.000000e-01 9.014329e-01 5.000000e-01 5.000000e-01 1.515112e+00 -0.403859 -0.099746 -0.116829 0.837009 -0.116829 -0.099746 0.403859 -0.072662 -0.085832 -0.086869 -0.085832 -0.072662 0.000000 
5.000000e-01 5.000000e-01 8.905621e-01 5.000000e-01 5.000000e-01 1.515112e+00 -0.410995 -0.098819 -0.115210 0.839052 -0.115210 -0.098819 0.410995 -0.073896 -0.087365 -0.088474 -0.087365 -0.073896 0.000000 
5.000000e-01 5.000000e-01 8.796420e-01 5.000000e-01 5.000000e-01 1.515112e+00 -0.418163 -0.097863 -0.113589 0.841067 -0.113589 -0.097863 0.418163 -0.075130 -0.088906 -0.090092 -0.088906 -0.075130 0.000000 
5.000000e-01 5.000000e-01 8.686731e-01 5.000000e-01 5.000000e-01 1.515112e+00 -0.425363 -0.096878 -0.111968 0.843056 -0.111968 -0.096878 0.425363 -0.076364 -0.090455 -0.091725 -0.090455 -0.076364 0.000000 
5.000000e-01 5.000000e-01 8.576559e-01 5.000000e-01 5.000000e-01 1.515112e+00 -0.432596 -0.095867 -0.110346 0.845021 -0.110346 -0.095867 0.432596 -0.077598 -0.092013 -0.093373 -0.092013 -0.077598 0.000000 
5.000000e-01 5.000000e-01 8.465908e-01 5.000000e-01 5.000000e-01 1.515112e+00 -0.439859 -0.094832 -0.108721 0.846966 -0.108721 -0.094832 0.439859 -0.078831 -0.093580 -0.095036 -0.093580 -0.078831 0.000000 
5.000000e-01 5.000000e-01 8.354781e-01 5.000000e-01 5.000000e-01 1.515112e+00 -0.447154 -0.093772 -0.107096 0.848891 -0.107096 -0.093772 0.447154 -0.080063 -0.095156 -0.096716 -0.095156 -0.080063 0.000000 
5.000000e-01 5.000000e-01 8.243184e-01 5.000000e-01 5.000000e-01 1.515112e+00 -0.454480 -0.092691 -0.105468 0.850797 -0.105468 -0.092691 0.454480 -0.081293 -0.096740 -0.098413 -0.096740 -0.081293 0.000000 
5.000000e-01 5.000000e-01 8.131120e-01 5.000000e-01 5.000000e-01 1.515112e+00 -0.461836 -0.091587 -0.103838 0.852687 -0.103838 -0.091587 0.461836 -0.082521 -0.098333 -0.100127 -0.098333 -0.082521 0.000000 
5.000000e-01 5.000000e-01 8.018593e-01 5.000000e-01 5.000000e-01 1.515112e+00 -0.469223 -0.090463 -0.102206 0.854562 -0.102206 -0.090463 0.469223 -0.083746 -0.099936 -0.101860 -0.099936 -0.083746 0.000000 
5.000000e-01 5.000000e-01 7.905608e-01 5.000000e-01 5.000000e-01 1.515112e+00 -0.476640 -0.089319 -0.100572 0.856423 -0.100572 -0.089319 0.476640 -0.084966 -0.101547 -0.103612 -0.101547 -0.084966 0.000000 
5.000000e-01 5.000000e-01 7.792169e-01 5.000000e-01 5.000000e-01 1.515112e+00 -0.484086 -0.088156 -0.098936 0.858270 -0.098936 -0.088156 0.484087 -0.086182 -0.103169 -0.105386 -0.103169 -0.086182 0.000000 
5.000000e-01 5.000000e-01 7.678279e-01 5.000000e-01 5.000000e-01 1.515112e+00 -0.491563 -0.086974 -0.097297 0.860105 -0.097297 -0.086974 0.491563 -0.087391 -0.104799 -0.107182 -0.104799 -0.087391 0.000000 
5.000000e-01 5.000000e-01 7.563942e-01 5.000000e-01 5.000000e-01 1.515112e+00 -0.499068 -0.085775 -0.095655 0.861930 -0.095655 -0.085775 0.499068 -0.088594 -0.106440 -0.109001 -0.106440 -0.088594 0.000000 
5.000000e-01 5.000000e-01 7.449163e-01 5.000000e-01 5.000000e-01 1.515112e+00 -0.506603 -0.084560 -0.094011 0.863745 -0.094011 -0.084560 0.506603 -0.089789 -0.108090 -0.110845 -0.108090 -0.089789 0.000000 
5.000000e-01 5.000000e-01 7.333946e-01 5.000000e-01 5.000000e-01 1.515112e+00 -0.514166 -0.083330 -0.092363 0.865552 -0.092363 -0.083330 0.514167 -0.090975 -0.109751 -0.112714 -0.109751 -0.090975 0.000000 
5.000000e-01 5.000000e-01 7.218294e-01 5.000000e-01 5.000000e-01 1.515112e+00 -0.521758 -0.082084 -0.090712 0.867351 -0.090712 -0.082084 0.521758 -0.092152 -0.111422 -0.114610 -0.111422 -0.092152 0.000000 
5.000000e-01 5.000000e-01 7.102211e-01 5.000000e-01 5.000000e-01 1.515112e+00 -0.529379 -0.080824 -0.089058 0.869144 -0.089058 -0.080824 0.529379 -0.093318 -0.113104 -0.116535 -0.113104 -0.093318 0.000000 
5.000000e-01 5.000000e-01 6.985700e-01 5.000000e-01 5.000000e-01 1.515112e+00 -0.537027 -0.079550 -0.087401 0.870929 -0.087401 -0.079550 0.537027 -0.094469 -0.114797 -0.118494 -0.114797 -0.094469 0.000000 
5.000000e-01 5.000000e-01 6.868767e-01 5.000000e-01 5.000000e-01 1.515112e+00 -0.544703 -0.078263 -0.085740 0.872709 -0.085740 -0.078263 0.544703 -0.095607 -0.116501 -0.120487 -0.116501 -0.095607 0.000000 
5.000000e-01 5.000000e-01 6.751413e-01 5.000000e-01 5.000000e-01 1.515112e+00 -0.552406 -0.076963 -0.084076 0.874485 -0.084076 -0.076963 0.552407 -0.096728 -0.118217 -0.122515 -0.118217 -0.096728 0.000000 
5.000000e-01 5.000000e-01 6.633644e-01 5.000000e-01 5.000000e-01 1.515112e+00 -0.560137 -0.075651 -0.082408 0.876256 -0.082408 -0.075651 0.560137 -0.097833 -0.119945 -0.124581 -0.119945 -0.097833 0.000000 
5.000000e-01 5.000000e-01 6.515462e-01 5.000000e-01 5.000000e-01 1.515112e+00 -0.567895 -0.074328 -0.080737 0.878025 -0.080737 -0.074328 0.567895 -0.098919 -0.121685 -0.126687 -0.121685 -0.098919 0.000000 
5.000000e-01 5.000000e-01 6.396871e-01 5.000000e-01 5.000000e-01 1.515112e+00 -0.575680 -0.072993 -0.079061 0.879790 -0.079061 -0.072993 0.575680 -0.099983 -0.123438 -0.128838 -0.123438 -0.099983 0.000000 
5.000000e-01 5.000000e-01 6.277875e-01 5.000000e-01 5.000000e-01 1.515112e+00 -0.583491 -0.071648 -0.077382 0.881552 -0.077382 -0.071648 0.583492 -0.101021 -0.125205 -0.131040 -0.125205 -0.101021 0.000000 
5.000000e-01 5.000000e-01 6.158477e-01 5.000000e-01 5.000000e-01 1.515112e+00 -0.591329 -0.070292 -0.075699 0.883313 -0.075699 -0.070292 0.591329 -0.102033 -0.126985 -0.133292 -0.126985 -0.102033 0.000000 
5.000000e-01 5.000000e-01 6.038680e-01 5.000000e-01 5.000000e-01 1.515112e+00 -0.599193 -0.068927 -0.074012 0.885072 -0.074012 -0.068927 0.599193 -0.103017 -0.128779 -0.135600 -0.128779 -0.103017 0.000000 
5.000000e-01 5.000000e-01 5.918489e-01 5.000000e-01 5.000000e-01 1.515112e+00 -0.607083 -0.067552 -0.072321 0.886830 -0.072321 -0.067552 0.607083 -0.103971 -0.130588 -0.137966 -0.130588 -0.103971 0.000000 
5.000000e-01 5.000000e-01 5.797907e-01 5.000000e-01 5.000000e-01 1.515112e+00 -0.614998 -0.066169 -0.070626 0.888588 -0.070626 -0.066169 0.614998 -0.104890 -0.132411 -0.140396 -0.132411 -0.104890 0.000000 
5.000000e-01 5.000000e-01 5.676936e-01 5.000000e-01 5.000000e-01 1.515112e+00 -0.622939 -0.064776 -0.068927 0.890345 -0.068927 -0.064776 0.622939 -0.105767 -0.134250 -0.142903 -0.134250 -0.105767 0.000000 
5.000000e-01 5.000000e-01 5.555581e-01 5.000000e-01 5.000000e-01 1.515112e+00 -0.630905 -0.063374 -0.067224 0.892102 -0.067224 -0.063374 0.630905 -0.106604 -0.136105 -0.145485 -0.136105 -0.106604 0.000000 
5.000000e-01 5.000000e-01 5.433844e-01 5.000000e-01 5.000000e-01 1.515112e+00 -0.638895 -0.061965 -0.065517 0.893860 -0.065517 -0.061965 0.638896 -0.107397 -0.137976 -0.148149 -0.137976 -0.107397 0.000000 
5.000000e-01 5.000000e-01 5.311729e-01 5.000000e-01 5.000000e-01 1.515112e+00 -0.646911 -0.060548 -0.063805 0.895618 -0.063805 -0.060548 0.646911 -0.108143 -0.139863 -0.150900 -0.139863 -0.108143 0.000000 
5.000000e-01 5.000000e-01 5.189238e-01 5.000000e-01 5.000000e-01 1.515112e+00 -0.654951 -0.059123 -0.062090 0.897378 -0.062090 -0.059123 0.654952 -0.108832 -0.141767 -0.153753 -0.141767 -0.108832 0.000000 
5.000000e-01 5.000000e-01 5.066377e-01 5.000000e-01 5.000000e-01 1.515112e+00 -0.663016 -0.057691 -0.060370 0.899138 -0.060370 -0.057691 0.663016 -0.109460 -0.143689 -0.156718 -0.143689 -0.109460 0.000000 
5.000000e-01 5.000000e-01 4.943146e-01 5.000000e-01 5.000000e-01 1.515112e+00 -0.671105 -0.056252 -0.058645 0.900900 -0.058645 -0.056252 0.671105 -0.110025 -0.145628 -0.159797 -0.145628 -0.110025 0.000000 
5.000000e-01 5.000000e-01 4.819550e-01 5.000000e-01 5.000000e-01 1.515112e+00 -0.679217 -0.054806 -0.056917 0.902663 -0.056917 -0.054806 0.679217 -0.110524 -0.147584 -0.163001 -0.147584 -0.110524 0.000000 
5.000000e-01 5.000000e-01 4.695592e-01 5.000000e-01 5.000000e-01 1.515112e+00 -0.687354 -0.053353 -0.055184 0.904428 -0.055184 -0.053353 0.687354 -0.110949 -0.149556 -0.166344 -0.149556 -0.110949 0.000000 
5.000000e-01 5.000000e-01 4.571274e-01 5.000000e-01 5.000000e-01 1.515112e+00 -0.695513 -0.051894 -0.053447 0.906195 -0.053447 -0.051894 0.695514 -0.111284 -0.151546 -0.169854 -0.151546 -0.111284 0.000000 
5.000000e-01 5.000000e-01 4.446600e-01 5.000000e-01 5.000000e-01 1.515112e+00 -0.703697 -0.050428 -0.051706 0.907965 -0.051706 -0.050428 0.703697 -0.111533 -0.153551 -0.173529 -0.153551 -0.111533 0.000000 
5.000000e-01 5.000000e-01 4.321572e-01 5.000000e-01 5.000000e-01 1.515112e+00 -0.711903 -0.048957 -0.049960 0.909737 -0.049960 -0.048957 0.711903 -0.111690 -0.155570 -0.177383 -0.155570 -0.111690 0.000000 
5.000000e-01 5.000000e-01 4.196195e-01 5.000000e-01 5.000000e-01 1.515112e+00 -0.720132 -0.047479 -0.048210 0.911511 -0.048210 -0.047479 0.720132 -0.111745 -0.157601 -0.181438 -0.157601 -0.111745 0.000000 
5.000000e-01 5.000000e-01 4.070470e-01 5.000000e-01 5.000000e-01 1.515112e+00 -0.728383 -0.045996 -0.046456 0.913287 -0.046456 -0.045996 0.728384 -0.111677 -0.159644 -0.185741 -0.159644 -0.111677 0.000000 
5.000000e-01 5.000000e-01 3.944400e-01 5.000000e-01 5.000000e-01 1.515112e+00 -0.736658 -0.044507 -0.044698 0.915067 -0.044698 -0.044507 0.736658 -0.111493 -0.161693 -0.190286 -0.161693 -0.111493 0.000000 
5.000000e-01 5.000000e-01 3.817989e-01 5.000000e-01 5.000000e-01 1.515112e+00 -0.744954 -0.043012 -0.042935 0.916849 -0.042935 -0.043012 0.744954 -0.111183 -0.163746 -0.195097 -0.163746 -0.111183 0.000000 
5.000000e-01 5.000000e-01 3.691238e-01 5.000000e-01 5.000000e-01 1.515112e+00 -0.753273 -0.041513 -0.041168 0.918634 -0.041168 -0.041513 0.753273 -0.110732 -0.165796 -0.200217 -0.165796 -0.110732 0.000000 
5.000000e-01 5.000000e-01 3.564152e-01 5.000000e-01 5.000000e-01 1.515112e+00 -0.761613 -0.040008 -0.039397 0.920422 -0.039397 -0.040008 0.761613 -0.110119 -0.167837 -0.205702 -0.167837 -0.110119 0.000000 
5.000000e-01 5.000000e-01 3.436733e-01 5.000000e-01 5.000000e-01 1.515112e+00 -0.769975 -0.038498 -0.037621 0.922213 -0.037621 -0.038498 0.769975 -0.109350 -0.169860 -0.211554 -0.169860 -0.109350 0.000000 
5.000000e-01 5.000000e-01 3.308983e-01 5.000000e-01 5.000000e-01 1.515112e+00 -0.778359 -0.036983 -0.035841 0.924008 -0.035841 -0.036983 0.778359 -0.108416 -0.171858 -0.217811 -0.171858 -0.108416 0.000000 
5.000000e-01 5.000000e-01 3.180905e-01 5.000000e-01 5.000000e-01 1.515112e+00 -0.786764 -0.035463 -0.034057 0.925805 -0.034057 -0.035463 0.786764 -0.107284 -0.173810 -0.224576 -0.173810 -0.107284 0.000000 
5.000000e-01 5.000000e-01 3.052502e-01 5.000000e-01 5.000000e-01 1.515112e+00 -0.795190 -0.033939 -0.032269 0.927606 -0.032269 -0.033939 0.795190 -0.105951 -0.175704 -0.231881 -0.175704 -0.105951 0.000000 
5.000000e-01 5.000000e-01 2.923776e-01 5.000000e-01 5.000000e-01 1.515112e+00 -0.803637 -0.032410 -0.030477 0.929411 -0.030477 -0.032410 0.803638 -0.104417 -0.177522 -0.239761 -0.177522 -0.104417 0.000000 
5.000000e-01 5.000000e-01 2.794730e-01 5.000000e-01 5.000000e-01 1.515112e+00 -0.812106 -0.030876 -0.028680 0.931218 -0.028680 -0.030876 0.812106 -0.102663 -0.179238 -0.248305 -0.179238 -0.102663 0.000000 
5.000000e-01 5.000000e-01 2.665366e-01 5.000000e-01 5.000000e-01 1.515112e+00 -0.820594 -0.029338 -0.026880 0.933029 -0.026880 -0.029338 0.820594 -0.100650 -0.180803 -0.257688 -0.180803 -0.100650 0.000000 
5.000000e-01 5.000000e-01 2.535687e-01 5.000000e-01 5.000000e-01 1.515112e+00 -0.829104 -0.027795 -0.025075 0.934844 -0.025075 -0.027795 0.829104 -0.098398 -0.182201 -0.267907 -0.182201 -0.098398 0.000000 
5.000000e-01 5.000000e-01 2.405694e-01 5.000000e-01 5.000000e-01 1.515112e+00 -0.837634 -0.026248 -0.023266 0.936662 -0.023266 -0.026248 0.837634 -0.095897 -0.183387 -0.279066 -0.183387 -0.095897 0.000000 
5.000000e-01 5.000000e-01 2.275391e-01 5.000000e-01 5.000000e-01 1.515112e+00 -0.846184 -0.024697 -0.021453 0.938484 -0.021453 -0.024697 0.846184 -0.093095 -0.184265 -0.291466 -0.184265 -0.093095 0.000000 
5.000000e-01 5.000000e-01 2.144778e-01 5.000000e-01 5.000000e-01 1.515112e+00 -0.854755 -0.023141 -0.019635 0.940309 -0.019635 -0.023141 0.854755 -0.090010 -0.184790 -0.305155 -0.184790 -0.090010 0.000000 
5.000000e-01 5.000000e-01 2.013857e-01 5.000000e-01 5.000000e-01 1.515112e+00 -0.863347 -0.021582 -0.017814 0.942138 -0.017814 -0.021582 0.863347 -0.086644 -0.184896 -0.320266 -0.184896 -0.086644 0.000000 
5.000000e-01 5.000000e-01 1.882629e-01 5.000000e-01 5.000000e-01 1.515112e+00 -0.871959 -0.020018 -0.015988 0.943971 -0.015988 -0.020018 0.871959 -0.082957 -0.184426 -0.337193 -0.184426 -0.082957 0.000000 
5.000000e-01 5.000000e-01 1.751094e-01 5.000000e-01 5.000000e-01 1.515112e+00 -0.880593 -0.018450 -0.014158 0.945808 -0.014158 -0.018450 0.880593 -0.078947 -0.183252 -0.356194 -0.183252 -0.078947 0.000000 
5.000000e-01 5.000000e-01 1.619252e-01 5.000000e-01 5.000000e-01 1.515112e+00 -0.889248 -0.016877 -0.012323 0.947649 -0.012323 -0.016877 0.889248 -0.074635 -0.181283 -0.377413 -0.181283 -0.074635 0.000000 
5.000000e-01 5.000000e-01 1.487100e-01 5.000000e-01 5.000000e-01 1.515112e+00 -0.897927 -0.015300 -0.010483 0.949495 -0.010483 -0.015300 0.897927 -0.069994 -0.178266 -0.401407 -0.178266 -0.069994 0.000000 
5.000000e-01 5.000000e-01 1.354635e-01 5.000000e-01 5.000000e-01 1.515112e+00 -0.906631 -0.013719 -0.008639 0.951346 -0.008639 -0.013719 0.906631 -0.065014 -0.173918 -0.428767 -0.173918 -0.065014 0.000000 
5.000000e-01 5.000000e-01 1.221850e-01 5.000000e-01 5.000000e-01 1.515112e+00 -0.915362 -0.012132 -0.006788 0.953202 -0.006788 -0.012132 0.915362 -0.059732 -0.168126 -0.459647 -0.168126 -0.059732 0.000000 
5.000000e-01 5.000000e-01 1.088735e-01 5.000000e-01 5.000000e-01 1.515112e+00 -0.924124 -0.010539 -0.004931 0.955064 -0.004931 -0.010539 0.924124 -0.054133 -0.160495 -0.494868 -0.160495 -0.054133 0.000000 
5.000000e-01 5.000000e-01 9.552763e-02 5.000000e-01 5.000000e-01 1.515112e+00 -0.932922 -0.008939 -0.003067 0.956934 -0.003067 -0.008939 0.932922 -0.048212 -0.150541 -0.535417 -0.150541 -0.048212 0.000000 
5.000000e-01 5.000000e-01 8.214555e-02 5.000000e-01 5.000000e-01 1.515112e+00 -0.941761 -0.007332 -0.001194 0.958812 -0.001194 -0.007332 0.941761 -0.042014 -0.138189 -0.581355 -0.138189 -0.042014 0.000000 
5.000000e-01 5.000000e-01 6.872499e-02 5.000000e-01 5.000000e-01 1.515112e+00 -0.950650 -0.005715 0.000690 0.960701 0.000690 -0.005715 0.950650 -0.035538 -0.122923 -0.633728 -0.122923 -0.035538 0.000000 
5.000000e-01 5.000000e-01 5.526368e-02 5.000000e-01 5.000000e-01 1.515112e+00 -0.959599 -0.004088 0.002587 0.962602 0.002587 -0.004088 0.959599 -0.028792 -0.104313 -0.693390 -0.104313 -0.028792 0.000000 
5.000000e-01 5.000000e-01 4.175971e-02 5.000000e-01 5.000000e-01 1.515112e+00 -0.968611 -0.002449 0.004496 0.964516 0.004496 -0.002449 0.968611 -0.021829 -0.082629 -0.759695 -0.082629 -0.021829 0.000000 
5.000000e-01 5.000000e-01 2.821278e-02 5.000000e-01 5.000000e-01 1.515112e+00 -0.977692 -0.000797 0.006421 0.966445 0.006421 -0.000797 0.977692 -0.014665 -0.057755 -0.832852 -0.057755 -0.014665 0.000000 
5.000000e-01 5.000000e-01 1.462517e-02 5.000000e-01 5.000000e-01 1.515112e+00 -0.986837 0.000866 0.008358 0.968387 0.008358 0.000866 0.986837 -0.007348 -0.030307 -0.911526 -0.030307 -0.007348 0.000000 
5.000000e-01 5.000000e-01 4.999980e-03 5.000000e-01 5.000000e-01 1.515112e+00 -0.993327 0.002047 0.009734 0.969766 0.009734 0.002047 0.993327 -0.002121 -0.009988 -0.969108 -0.009988 -0.002121 0.000000 
5.000000e-01 5.000000e-01 4.999980e-03 5.000000e-01 5.000000e-01 1.515112e+00 -0.993327 0.002047 0.009734 0.969766 0.009734 0.002047 0.993327 -0.002121 -0.009988 -0.969108 -0.009988 -0.002121 0.000000 
5.000000e-01 5.000000e-01 4.999980e-03 5.000000e-01 5.000000e-01 1.515112e+00 -0.993327 0.002047 0.009734 0.969766 0.009734 0.002047 0.993327 -0.002121 -0.009988 -0.969108 -0.009988 -0.002121 0.000000 
5.000000e-01 5.000000e-01 4.999980e-03 5.000000e-01 5.000000e-01 1.515112e+00 -0.993327 0.002047 0.009734 0.969766 0.009734 0.002047 0.993327 -0.002121 -0.009988 -0.969108 -0.009988 -0.002121 0.000000 
5.000000e-01 5.000000e-01 4.999980e-03 5.000000e-01 5.000000e-01 1.515112e+00 -0.993327 0.002047 0.009734 0.969766 0.009734 0.002047 0.993327 -0.002121 -0.009988 -0.969108 -0.009988 -0.002121 0.000000 
5.000000e-01 5.000000e-01 4.999980e-03 5.000000e-01 5.000000e-01 1.515112e+00 -0.993327 0.002047 0.009734 0.969766 0.009734 0.002047 0.993327 -0.002121 -0.009988 -0.969108 -0.009988 -0.002121 0.000000 
5.000000e-01 5.000000e-01 4.999980e-03 5.000000e-01 5.000000e-01 1.515112e+00 -0.993327 0.002047 0.009734 0.969766 0.009734 0.002047 0.993327 -0.002121 -0.009988 -0.969108 -0.009988 -0.002121 0.000000 
5.000000e-01 5.000000e-01 4.999980e-03 5.000000e-01 5.000000e-01 1.515112e+00 -0.993327 0.002047 0.009734 0.969766 0.009734 0.002047 0.993327 -0.002121 -0.009988 -0.969108 -0.009988 -0.002121 0.000000 
5.000000e-01 5.000000e-01 4.999980e-03 5.000000e-01 5.000000e-01 1.515112e+00 -0.993327 0.002047 0.009734 0.969766 0.009734 0.002047 0.993327 -0.002121 -0.009988 -0.969108 -0.009988 -0.002121 0.000000 
5.000000e-01 5.000000e-01 4.999980e-03 5.000000e-01 5.000000e-01 1.515112e+00 -0.993327 0.002047 0.009734 0.969766 0.009734 0.002047 0.993327 -0.002121 -0.009988 -0.969108 -0.009988 -0.002121 0.000000 
5.000000e-01 5.000000e-01 4.999980e-03 5.000000e-01 5.000000e-01 1.515112e+00 -0.993327 0.002047 0.009734 0.969766 0.009734 0.002047 0.993327 -0.002121 -0.009988 -0.969108 -0.009988 -0.002121 0.000000 
5.000000e-01 5.000000e-01 4.999980e-03 5.000000e-01 5.000000e-01 1.515112e+00 -0.993327 0.002047 0.009734 0.969766 0.009734 0.002047 0.993327 -0.002121 -0.009988 -0.969108 -0.009988 -0.002121 0.000000 
5.000000e-01 5.000000e-01 4.999980e-03 5.000000e-01 5.000000e-01 1.515112e+00 -0.993327 0.002047 0.009734 0.969766 0.009734 0.002047 0.993327 -0.002121 -0.009988 -0.969108 -0.009988 -0.002121 0.000000 
5.000000e-01 5.000000e-01 4.999980e-03 5.000000e-01 5.000000e-01 1.515112e+00 -0.993327 0.002047 0.009734 0.969766 0.009734 0.002047 0.993327 -0.002121 -0.009988 -0.969108 -0.009988 -0.002121 0.000000 
5.000000e-01 5.000000e-01 4.999980e-03 5.000000e-01 5.000000e-01 1.515112e+00 -0.993327 0.002047 0.009734 0.969766 0.009734 0.002047 0.993327 -0.002121 -0.009988 -0.969108 -0.009988 -0.002121 0.000000 
5.000000e-01 5.000000e-01 4.999980e-03 5.000000e-01 5.000000e-01 1.515112e+00 -0.993327 0.002047 0.009734 0.969766 0.009734 0.002047 0.993327 -0.002121 -0.009988 -0.969108 -0.009988 -0.002121 0.000000 
5.000000e-01 5.000000e-01 4.999980e-03 5.000000e-01 5.000000e-01 1.515112e+00 -0.993327 0.002047 0.009734 0.969766 0.009734 0.002047 0.993327 -0.002121 -0.009988 -0.969108 -0.009988 -0.002121 0.000000 
5.000000e-01 5.000000e-01 4.999980e-03 5.000000e-01 5.000000e-01 1.515112e+00 -0.993327 0.002047 0.009734 0.969766 0.009734 0.002047 0.993327 -0.002121 -0.009988 -0.969108 -0.009988 -0.002121 0.000000 
5.000000e-01 5.000000e-01 4.999980e-03 5.000000e-01 5.000000e-01 1.515112e+00 -0.993327 0.002047 0.009734 0.969766 0.009734 0.002047 0.993327 -0.002121 -0.009988 -0.969108 -0.009988 -0.002121 0.000000 
5.000000e-01 5.000000e-01 4.999980e-03 5.000000e-01 5.000000e-01 1.515112e+00 -0.993327 0.002047 0.009734 0.969766 0.009734 0.002047 0.993327 -0.002121 -0.009988 -0.969108 -0.009988 -0.002121 0.000000 
5.000000e-01 5.000000e-01 4.999980e-03 5.000000e-01 5.000000e-01 1.515112e+00 -0.993327 0.002047 0.009734 0.969766 0.009734 0.002047 0.993327 -0.002121 -0.009988 -0.969108 -0.009988 -0.002121 0.000000 
5.000000e-01 5.000000e-01 4.999980e-03 5.000000e-01 5.000000e-01 1.515112e+00 -0.993327 0.002047 0.009734 0.969766 0.009734 0.002047 0.993327 -0.002121 -0.009988 -0.969108 -0.009988 -0.002121 0.000000 
5.000000e-01 5.000000e-01 4.999980e-03 5.000000e-01 5.000000e-01 1.515112e+00 -0.993327 0.002047 0.009734 0.969766 0.009734 0.002047 0.993327 -0.002121 -0.009988 -0.969108 -0.009988 -0.002121 0.000000 
5.000000e-01 5.000000e-01 4.999980e-03 5.000000e-01 5.000000e-01 1.515112e+00 -0.993327 0.002047 0.009734 0.969766 0.009734 0.002047 0.993327 -0.002121 -0.009988 -0.969108 -0.009988 -0.002121 0.000000 
5.000000e-01 5.000000e-01 4.999980e-03 5.000000e-01 5.000000e-01 1.515112e+00 -0.993327 0.002047 0.009734 0.969766 0.009734 0.002047 0.993327 -0.002121 -0.009988 -0.969108 -0.009988 -0.002121 0.000000 
5.000000e-01 5.000000e-01 4.999980e-03 5.000000e-01 5.000000e-01 1.515112e+00 -0.993327 0.002047 0.009734 0.969766 0.009734 0.002047 0.993327 -0.002121 -0.009988 -0.969108 -0.009988 -0.002121 0.000000 
5.000000e-01 5.000000e-01 4.999980e-03 5.000000e-01 5.000000e-01 1.515112e+00 -0.993327 0.002047 0.009734 0.969766 0.009734 0.002047 0.993327 -0.002121 -0.009988 -0.969108 -0.009988 -0.002121 0.000000 
5.000000e-01 5.000000e-01 4.999980e-03 5.000000e-01 5.000000e-01 1.515112e+00 -0.993327 0.002047 0.009734 0.969766 0.009734 0.002047 0.993327 -0.002121 -0.009988 -0.969108 -0.009988 -0.002121 0.000000 
5.000000e-01 5.000000e-01 4.999980e-03 5.000000e-01 5.000000e-01 1.515112e+00 -0.993327 0.002047 0.009734 0.969766 0.009734 0.002047 0.993327 -0.002121 -0.009988 -0.969108 -0.009988 -0.002121 0.000000 
5.000000e-01 5.000000e-01 4.999980e-03 5.000000e-01 5.000000e-01 1.515112e+00 -0.993327 0.002047 0.009734 0.969766 0.009734 0.002047 0.993327 -0.002121 -0.009988 -0.969108 -0.009988 -0.002121 0.000000 
5.000000e-01 5.000000e-01 4.999980e-03 5.000000e-01 5.000000e-01 1.515112e+00 -0.993327 0.002047 0.009734 0.969766 0.009734 0.002047 0.993327 -0.002121 -0.009988 -0.969108 -0.009988 -0.002121 0.000000 
5.000000e-01 5.000000e-01 4.999980e-03 5.000000e-01 5.000000e-01 1.515112e+00 -0.993327 0.002047 0.009734 0.969766 0.009734 0.002047 0.993327 -0.002121 -0.009988 -0.969108 -0.009988 -0.002121 0.000000 
5.000000e-01 5.000000e-01 4.999980e-03 5.000000e-01 5.000000e-01 1.515112e+00 -0.993327 0.002047 0.009734 0.969766 0.009734 0.002047 0.993327 -0.002121 -0.009988 -0.969108 -0.009988 -0.002121 0.000000 
5.000000e-01 5.000000e-01 4.999980e-03 5.000000e-01 5.000000e-01 1.515112e+00 -0.993327 0.002047 0.009734 0.969766 0.009734 0.002047 0.993327 -0.002121 -0.009988 -0.969108 -0.009988 -0.002121 0.000000 
5.000000e-01 5.000000e-01 4.999980e-03 5.000000e-01 5.000000e-01 1.515112e+00 -0.993327 0.002047 0.009734 0.969766 0.009734 0.002047 0.993327 -0.002121 -0.009988 -0.969108 -0.009988 -0.002121 0.000000 
5.000000e-01 5.000000e-01 4.999980e-03 5.000000e-01 5.000000e-01 1.515112e+00 -0.993327 0.002047 0.009734 0.969766 0.009734 0.002047 0.993327 -0.002121 -0.009988 -0.969108 -0.009988 -0.002121 0.000000 
5.000000e-01 5.000000e-01 4.999980e-03 5.000000e-01 5.000000e-01 1.515112e+00 -0.993327 0.002047 0.009734 0.969766 0.009734 0.002047 0.993327 -0.002121 -0.009988 -0.969108 -0.009988 -0.002121 0.000000 
5.000000e-01 5.000000e-01 4.999980e-03 5.000000e-01 5.000000e-01 1.515112e+00 -0.993327 0.002047 0.009734 0.969766 0.009734 0.002047 0.993327 -0.002121 -0.009988 -0.969108 -0.009988 -0.002121 0.000000 
5.000000e-01 5.000000e-01 4.999980e-03 5.000000e-01 5.000000e-01 1.515112e+00 -0.993327 0.002047 0.009734 0.969766 0.009734 0.002047 0.993327 -0.002121 -0.009988 -0.969108 -0.009988 -0.002121 0.000000 
5.000000e-01 5.000000e-01 4.999980e-03 5.000000e-01 5.000000e-01 1.515112e+00 -0.993327 0.002047 0.009734 0.969766 0.009734 0.002047 0.993327 -0.002121 -0.009988 -0.969108 -0.009988 -0.002121 0.000000 
5.000000e-01 5.000000e-01 4.999980e-03 5.000000e-01 5.000000e-01 1.515112e+00 -0.993327 0.002047 0.009734 0.969766 0.009734 0.002047 0.993327 -0.002121 -0.009988 -0.969108 -0.009988 -0.002121 0.000000 
5.000000e-01 5.000000e-01 4.999980e-03 5.000000e-01 5.000000e-01 1.515112e+00 -0.993327 0.002047 0.009734 0.969766 0.009734 0.002047 0.993327 -0.002121 -0.009988 -0.969108 -0.009988 -0.002121 0.000000 
5.000000e-01 5.000000e-01 4.999980e-03 5.000000e-01 5.000000e-01 1.515112e+00 -0.993327 0.002047 0.009734 0.969766 0.009734 0.002047 0.993327 -0.002121 -0.009988 -0.969108 -0.009988 -0.002121 0.000000 
5.000000e-01 5.000000e-01 4.999980e-03 5.000000e-01 5.000000e-01 1.515112e+00 -0.993327 0.002047 0.009734 0.969766 0.009734 0.002047 0.993327 -0.002121 -0.009988 -0.969108 -0.009988 -0.002121 0.000000 
5.000000e-01 5.000000e-01 4.999980e-03 5.000000e-01 5.000000e-01 1.515112e+00 -0.993327 0.002047 0.009734 0.969766 0.009734 0.002047 0.993327 -0.002121 -0.009988 -0.969108 -0.009988 -0.002121 0.000000 
5.000000e-01 5.000000e-01 4.999980e-03 5.000000e-01 5.000000e-01 1.515112e+00 -0.993327 0.002047 0.009734 0.969766 0.009734 0.002047 0.993327 -0.002121 -0.009988 -0.969108 -0.009988 -0.002121 0.000000 
5.000000e-01 5.000000e-01 4.999980e-03 5.000000e-01 5.000000e-01 1.515112e+00 -0.993327 0.002047 0.009734 0.969766 0.009734 0.002047 0.993327 -0.002121 -0.009988 -0.969108 -0.009988 -0.002121 0.000000 
5.000000e-01 5.000000e-01 4.999980e-03 5.000000e-01 5.000000e-01 1.515112e+00 -0.993327 0.002047 0.009734 0.969766 0.009734 0.002047 0.993327 -0.002121 -0.009988 -0.969108 -0.009988 -0.002121 0.000000 
5.000000e-01 5.000000e-01 4.999980e-03 5.000000e-01 5.000000e-01 1.515112e+00 -0.993327 0.002047 0.009734 0.969766 0.009734 0.002047 0.993327 -0.002121 -0.009988 -0.969108 -0.009988 -0.002121 0.000000 
5.000000e-01 5.000000e-01 4.999980e-03 5.000000e-01 5.000000e-01 1.515112e+00 -0.993327 0.002047 0.009734 0.969766 0.009734 0.002047 0.993327 -0.002121 -0.009988 -0.969108 -0.009988 -0.002121 0.000000 
5.000000e-01 5.000000e-01 4.999980e-03 5.000000e-01 5.000000e-01 1.515112e+00 -0.993327 0.002047 0.009734 0.969766 0.009734 0.002047 0.993327 -0.002121 -0.009988 -0.969108 -0.009988 -0.002121 0.000000 
5.000000e-01 5.000000e-01 4.999980e-03 5.000000e-01 5.000000e-01 1.515112e+00 -0.993327 0.002047 0.009734 0.969766 0.009734 0.002047 0.993327 -0.002121 -0.009988 -0.969108 -0.009988 -0.002121 0.000000 
5.000000e-01 5.000000e-01 4.999980e-03 5.000000e-01 5.000000e-01 1.515112e+00 -0.993327 0.002047 0.009734 0.969766 0.009734 0.002047 0.993327 -0.002121 -0.009988 -0.969108 -0.009988 -0.002121 0.000000 
5.000000e-01 5.000000e-01 4.999980e-03 5.000000e-01 5.000000e-01 1.515112e+00 -0.993327 0.002047 0.009734 0.969766 0.009734 0.002047 0.993327 -0.002121 -0.009988 -0.969108 -0.009988 -0.002121 0.000000 
5.000000e-01 5.000000e-01 4.999980e-03 5.000000e-01 5.000000e-01 1.515112e+00 -0.993327 0.002047 0.009734 0.969766 0.009734 0.002047 0.993327 -0.002121 -0.009988 -0.969108 -0.009988 -0.002121 0.000000 
5.000000e-01 5.000000e-01 4.999980e-03 5.000000e-01 5.000000e-01 1.515112e+00 -0.993327 0.002047 0.009734 0.969766 0.009734 0.002047 0.993327 -0.002121 -0.009988 -0.969108 -0.009988 -0.002121 0.000000 
5.000000e-01 5.000000e-01 4.999980e-03 5.000000e-01 5.000000e-01 1.515112e+00 -0.993327 0.002047 0.009734 0.969766 0.009734 0.002047 0.993327 -0.002121 -0.009988 -0.969108 -0.009988 -0.002121 0.000000 
5.000000e-01 5.000000e-01 4.999980e-03 5.000000e-01 5.000000e-01 1.515112e+00 -0.993327 0.002047 0.009734 0.969766 0.009734 0.002047 0.993327 -0.002121 -0.009988 -0.969108 -0.009988 -0.002121 0.000000 
5.000000e-01 5.000000e-01 4.999980e-03 5.000000e-01 5.000000e-01 1.515112e+00 -0.993327 0.002047 0.009734 0.969766 0.009734 0.002047 0.993327 -0.002121 -0.009988 -0.969108 -0.009988 -0.002121 0.000000 
5.000000e-01 5.000000e-01 4.999980e-03 5.000000e-01 5.000000e-01 1.515112e+00 -0.993327 0.002047 0.009734 0.969766 0.009734 0.002047 0.993327 -0.002121 -0.009988 -0.969108 -0.009988 -0.002121 0.000000 
5.000000e-01 5.000000e-01 4.999980e-03 5.000000e-01 5.000000e-01 1.515112e+00 -0.993327 0.002047 0.009734 0.969766 0.009734 0.002047 0.993327 -0.002121 -0.009988 -0.969108 -0.009988 -0.002121 0.000000 
5.000000e-01 5.000000e-01 4.999980e-03 5.000000e-01 5.000000e-01 1.515112e+00 -0.993327 0.002047 0.009734 0.969766 0.009734 0.002047 0.993327 -0.002121 -0.009988 -0.969108 -0.009988 -0.002121 0.000000 
5.000000e-01 5.000000e-01 4.999980e-03 5.000000e-01 5.000000e-01 1.515112e+00 -0.993327 0.002047 0.009734 0.969766 0.009734 0.002047 0.993327 -0.002121 -0.009988 -0.969108 -0.009988 -0.002121 0.000000 
5.000000e-01 5.000000e-01 4.999980e-03 5.000000e-01 5.000000e-01 1.515112e+00 -0.993327 0.002047 0.009734 0.969766 0.009734 0.002047 0.993327 -0.002121 -0.009988 -0.969108 -0.009988 -0.002121 0.000000 
5.000000e-01 5.000000e-01 4.999980e-03 5.000000e-01 5.000000e-01 1.515112e+00 -0.993327 0.002047 0.009734 0.969766 0.009734 0.002047 0.993327 -0.002121 -0.009988 -0.969108 -0.009988 -0.002121 0.000000 
5.000000e-01 5.000000e-01 4.999980e-03 5.000000e-01 5.000000e-01 1.515112e+00 -0.993327 0.002047 0.009734 0.969766 0.009734 0.002047 0.993327 -0.002121 -0.009988 -0.969108 -0.009988 -0.002121 0.000000 
5.000000e-01 5.000000e-01 4.999980e-03 5.000000e-01 5.000000e-01 1.515112e+00 -0.993327 0.002047 0.009734 0.969766 0.009734 0.002047 0.993327 -0.002121 -0.009988 -0.969108 -0.009988 -0.002121 0.000000 
5.000000e-01 5.000000e-01 4.999980e-03 5.000000e-01 5.000000e-01 1.515112e+00 -0.993327 0.002047 0.009734 0.969766 0.009734 0.002047 0.993327 -0.002121 -0.009988 -0.969108 -0.009988 -0.002121 0.000000 
5.000000e-01 5.000000e-01 4.999980e-03 5.000000e-01 5.000000e-01 1.515112e+00 -0.993327 0.002047 0.009734 0.969766 0.009734 0.002047 0.993327 -0.002121 -0.009988 -0.969108 -0.009988 -0.002121 0.000000 
5.000000e-01 5.000000e-01 4.999980e-03 5.000000e-01 5.000000e-01 1.515112e+00 -0.993327 0.002047 0.009734 0.969766 0.009734 0.002047 0.993327 -0.002121 -0.009988 -0.969108 -0.009988 -0.002121 0.000000 
5.000000e-01 5.000000e-01 4.999980e-03 5.000000e-01 5.000000e-01 1.515112e+00 -0.993327 0.002047 0.009734 0.969766 0.009734 0.002047 0.993327 -0.002121 -0.009988 -0.969108 -0.009988 -0.002121 0.000000 
5.000000e-01 5.000000e-01 4.999980e-03 5.000000e-01 5.000000e-01 1.515112e+00 -0.993327 0.002047 0.009734 0.969766 0.009734 0.002047 0.993327 -0.002121 -0.009988 -0.969108 -0.009988 -0.002121 0.000000 
5.000000e-01 5.000000e-01 4.999980e-03 5.000000e-01 5.000000e-01 1.515112e+00 -0.993327 0.002047 0.009734 0.969766 0.009734 0.002047 0.993327 -0.002121 -0.009988 -0.969108 -0.009988 -0.002121 0.000000 
5.000000e-01 5.000000e-01 4.999980e-03 5.000000e-01 5.000000e-01 1.515112e+00 -0.993327 0.002047 0.009734 0.969766 0.009734 0.002047 0.993327 -0.002121 -0.009988 -0.969108 -0.009988 -0.002121 0.000000 
5.000000e-01 5.000000e-01 4.999980e-03 5.000000e-01 5.000000e-01 1.515112e+00 -0.993327 0.002047 0.009734 0.969766 0.009734 0.002047 0.993327 -0.002121 -0.009988 -0.969108 -0.009988 -0.002121 0.000000 
5.000000e-01 5.000000e-01 4.999980e-03 5.000000e-01 5.000000e-01 1.515112e+00 -0.993327 0.002047 0.009734 0.969766 0.009734 0.002047 0.993327 -0.002121 -0.009988 -0.969108 -0.009988 -0.002121 0.000000 
5.000000e-01 5.000000e-01 4.999980e-03 5.000000e-01 5.000000e-01 1.515112e+00 -0.993327 0.002047 0.009734 0.969766 0.009734 0.002047 0.993327 -0.002121 -0.009988 -0.969108 -0.009988 -0.002121 0.000000 
5.000000e-01 5.000000e-01 4.999980e-03 5.000000e-01 5.000000e-01 1.515112e+00 -0.993327 0.002047 0.009734 0.969766 0.009734 0.002047 0.993327 -0.002121 -0.009988 -0.969108 -0.009988 -0.002121 0.000000 
5.000000e-01 5.000000e-01 4.999980e-03 5.000000e-01 5.000000e-01 1.515112e+00 -0.993327 0.002047 0.009734 0.969766 0.009734 0.002047 0.993327 -0.002121 -0.009988 -0.969108 -0.009988 -0.002121 0.000000 
5.000000e-01 5.000000e-01 4.999980e-03 5.000000e-01 5.000000e-01 1.515112e+00 -0.993327 0.002047 0.009734 0.969766 0.009734 0.002047 0.993327 -0.002121 -0.009988 -0.969108 -0.009988 -0.002121 0.000000 
5.000000e-01 5.000000e-01 4.999980e-03 5.000000e-01 5.000000e-01 1.515112e+00 -0.993327 0.002047 0.009734 0.969766 0.009734 0.002047 0.993327 -0.002121 -0.009988 -0.969108 -0.009988 -0.002121 0.000000 
5.000000e-01 5.000000e-01 4.999980e-03 5.000000e-01 5.000000e-01 1.515112e+00 -0.993327 0.002047 0.009734 0.969766 0.009734 0.002047 0.993327 -0.002121 -0.009988 -0.969108 -0.009988 -0.002121 0.000000 
5.000000e-01 5.000000e-01 4.999980e-03 5.000000e-01 5.000000e-01 1.515112e+00 -0.993327 0.002047 0.009734 0.969766 0.009734 0.002047 0.993327 -0.002121 -0.009988 -0.969108 -0.009988 -0.002121 0.000000 
5.000000e-01 5.000000e-01 4.999980e-03 5.000000e-01 5.000000e-01 1.515112e+00 -0.993327 0.002047 0.009734 0.969766 0.009734 0.002047 0.993327 -0.002121 -0.009988 -0.969108 -0.009988 -0.002121 0.000000 
5.000000e-01 5.000000e-01 4.999980e-03 5.000000e-01 5.000000e-01 1.515112e+00 -0.993327 0.002047 0.009734 0.969766 0.009734 0.002047 0.993327 -0.002121 -0.009988 -0.969108 -0.009988 -0.002121 0.000000 
5.000000e-01 5.000000e-01 4.999980e-03 5.000000e-01 5.000000e-01 1.515112e+00 -0.993327 0.002047 0.009734 0.969766 0.009734 0.002047 0.993327 -0.002121 -0.009988 -0.969108 -0.009988 -0.002121 0.000000 
5.000000e-01 5.000000e-01 4.999980e-03 5.000000e-01 5.000000e-01 1.515112e+00 -0.993327 0.002047 0.009734 0.969766 0.009734 0.002047 0.993327 -0.002121 -0.009988 -0.969108 -0.009988 -0.002121 0.000000 
5.000000e-01 5.000000e-01 4.999980e-03 5.000000e-01 5.000000e-01 1.515112e+00 -0.993327 0.002047 0.009734 0.969766 0.009734 0.002047 0.993327 -0.002121 -0.009988 -0.969108 -0.009988 -0.002121 0.000000 
5.000000e-01 5.000000e-01 4.999980e-03 5.000000e-01 5.000000e-01 1.515112e+00 -0.993327 0.002047 0.009734 0.969766 0.009734 0.002047 0.993327 -0.002121 -0.009988 -0.969108 -0.009988 -0.002121 0.000000 
5.000000e-01 5.000000e-01 4.999980e-03 5.000000e-01 5.000000e-01 1.515112e+00 -0.993327 0.002047 0.009734 0.969766 0.009734 0.002047 0.993327 -0.002121 -0.009988 -0.969108 -0.009988 -0.002121 0.000000 
5.000000e-01 5.000000e-01 4.999980e-03 5.000000e-01 5.000000e-01 1.515112e+00 -0.993327 0.002047 0.009734 0.969766 0.009734 0.002047 0.993327 -0.002121 -0.009988 -0.969108 -0.009988 -0.002121 0.000000 
5.000000e-01 5.000000e-01 4.999980e-03 5.000000e-01 5.000000e-01 1.515112e+00 -0.993327 0.002047 0.009734 0.969766 0.009734 0.002047 0.993327 -0.002121 -0.009988 -0.969108 -0.009988 -0.002121 0.000000 
5.000000e-01 5.000000e-01 4.999980e-03 5.000000e-01 5.000000e-01 1.515112e+00 -0.993327 0.002047 0.009734 0.969766 0.009734 0.002047 0.993327 -0.002121 -0.009988 -0.969108 -0.009988 -0.002121 0.000000 
5.000000e-01 5.000000e-01 4.999980e-03 5.000000e-01 5.000000e-01 1.515112e+00 -0.993327 0.002047 0.009734 0.969766 0.009734 0.002047 0.993327 -0.002121 -0.009988 -0.969108 -0.009988 -0.002121 0.000000 
5.000000e-01 5.000000e-01 4.999980e-03 5.000000e-01 5.000000e-01 1.515112e+00 -0.993327 0.002047 0.009734 0.969766 0.009734 0.002047 0.993327 -0.002121 -0.009988 -0.969108 -0.009988 -0.002121 0.000000 
5.000000e-01 5.000000e-01 4.999980e-03 5.000000e-01 5.000000e-01 1.515112e+00 -0.993327 0.002047 0.009734 0.969766 0.009734 0.002047 0.993327 -0.002121 -0.009988 -0.969108 -0.009988 -0.002121 0.000000 
5.000000e-01 5.000000e-01 4.999980e-03 5.000000e-01 5.000000e-01 1.515112e+00 -0.993327 0.002047 0.009734 0.969766 0.009734 0.002047 0.993327 -0.002121 -0.009988 -0.969108 -0.009988 -0.002121 0.000000 
5.000000e-01 5.000000e-01 4.999980e-03 5.000000e-01 5.000000e-01 1.515112e+00 -0.993327 0.002047 0.009734 0.969766 0.009734 0.002047 0.993327 -0.002121 -0.009988 -0.969108 -0.009988 -0.002121 0.000000 
5.000000e-01 5.000000e-01 4.999980e-03 5.000000e-01 5.000000e-01 1.515112e+00 -0.993327 0.002047 0.009734 0.969766 0.009734 0.002047 0.993327 -0.002121 -0.009988 -0.969108 -0.009988 -0.002121 0.000000 
5.000000e-01 5.000000e-01 4.999980e-03 5.000000e-01 5.000000e-01 1.515112e+00 -0.993327 0.002047 0.009734 0.969766 0.009734 0.002047 0.993327 -0.002121 -0.009988 -0.969108 -0.009988 -0.002121 0.000000 
5.000000e-01 5.000000e-01 4.999980e-03 5.000000e-01 5.000000e-01 1.515112e+00 -0.993327 0.002047 0.009734 0.969766 0.009734 0.002047 0.993327 -0.002121 -0.009988 -0.969108 -0.009988 -0.002121 0.000000 
5.000000e-01 5.000000e-01 4.999980e-03 5.000000e-01 5.000000e-01 1.515112e+00 -0.993327 0.002047 0.009734 0.969766 0.009734 0.002047 0.993327 -0.002121 -0.009988 -0.969108 -0.009988 -0.002121 0.000000 
5.000000e-01 5.000000e-01 4.999980e-03 5.000000e-01 5.000000e-01 1.515112e+00 -0.993327 0.002047 0.009734 0.969766 0.009734 0.002047 0.993327 -0.002121 -0.009988 -0.969108 -0.009988 -0.002121 0.000000 
5.000000e-01 5.000000e-01 4.999980e-03 5.000000e-01 5.000000e-01 1.515112e+00 -0.993327 0.002047 0.009734 0.969766 0.009734 0.002047 0.993327 -0.002121 -0.009988 -0.969108 -0.009988 -0.002121 0.000000 
5.000000e-01 5.000000e-01 4.999980e-03 5.000000e-01 5.000000e-01 1.515112e+00 -0.993327 0.002047 0.009734 0.969766 0.009734 0.002047 0.993327 -0.002121 -0.009988 -0.969108 -0.009988 -0.002121 0.000000 
5.000000e-01 5.000000e-01 4.999980e-03 5.000000e-01 5.000000e-01 1.515112e+00 -0.993327 0.002047 0.009734 0.969766 0.009734 0.002047 0.993327 -0.002121 -0.009988 -0.969108 -0.009988 -0.002121 0.000000 
5.000000e-01 5.000000e-01 4.999980e-03 5.000000e-01 5.000000e-01 1.515112e+00 -0.993327 0.002047 0.009734 0.969766 0.009734 0.002047 0.993327 -0.002121 -0.009988 -0.969108 -0.009988 -0.002121 0.000000 
5.000000e-01 5.000000e-01 4.999980e-03 5.000000e-01 5.000000e-01 1.515112e+00 -0.993327 0.002047 0.009734 0.969766 0.009734 0.002047 0.993327 -0.002121 -0.009988 -0.969108 -0.009988 -0.002121 0.000000 
5.000000e-01 5.000000e-01 4.999980e-03 5.000000e-01 5.000000e-01 1.515112e+00 -0.993327 0.002047 0.009734 0.969766 0.009734 0.002047 0.993327 -0.002121 -0.009988 -0.969108 -0.009988 -0.002121 0.000000 
5.000000e-01 5.000000e-01 4.999980e-03 5.000000e-01 5.000000e-01 1.515112e+00 -0.993327 0.002047 0.009734 0.969766 0.009734 0.002047 0.993327 -0.002121 -0.009988 -0.969108 -0.009988 -0.002121 0.000000 
5.000000e-01 5.000000e-01 4.999980e-03 5.000000e-01 5.000000e-01 1.515112e+00 -0.993327 0.002047 0.009734 0.969766 0.009734 0.002047 0.993327 -0.002121 -0.009988 -0.969108 -0.009988 -0.002121 0.000000 
5.000000e-01 5.000000e-01 4.999980e-03 5.000000e-01 5.000000e-01 1.515112e+00 -0.993327 0.002047 0.009734 0.969766 0.009734 0.002047 0.993327 -0.002121 -0.009988 -0.969108 -0.009988 -0.002121 0.000000 
5.000000e-01 5.000000e-01 4.999980e-03 5.000000e-01 5.000000e-01 1.515112e+00 -0.993327 0.002047 0.009734 0.969766 0.009734 0.002047 0.993327 -0.002121 -0.009988 -0.969108 -0.009988 -0.002121 0.000000 
5.000000e-01 5.000000e-01 4.999980e-03 5.000000e-01 5.000000e-01 1.515112e+00 -0.993327 0.002047 0.009734 0.969766 0.009734 0.002047 0.993327 -0.002121 -0.009988 -0.969108 -0.009988 -0.002121 0.000000 
5.000000e-01 5.000000e-01 4.999980e-03 5.000000e-01 5.000000e-01 1.515112e+00 -0.993327 0.002047 0.009734 0.969766 0.009734 0.002047 0.993327 -0.002121 -0.009988 -0.969108 -0.009988 -0.002121 0.000000 
5.000000e-01 5.000000e-01 4.999980e-03 5.000000e-01 5.000000e-01 1.515112e+00 -0.993327 0.002047 0.009734 0.969766 0.009734 0.002047 0.993327 -0.002121 -0.009988 -0.969108 -0.009988 -0.002121 0.000000 
5.000000e-01 5.000000e-01 4.999980e-03 5.000000e-01 5.000000e-01 1.515112e+00 -0.993327 0.002047 0.009734 0.969766 0.009734 0.002047 0.993327 -0.002121 -0.009988 -0.969108 -0.009988 -0.002121 0.000000 
5.000000e-01 5.000000e-01 4.999980e-03 5.000000e-01 5.000000e-01 1.515112e+00 -0.993327 0.002047 0.009734 0.969766 0.009734 0.002047 0.993327 -0.002121 -0.009988 -0.969108 -0.009988 -0.002121 0.000000 
5.000000e-01 5.000000e-01 4.999980e-03 5.000000e-01 5.000000e-01 1.515112e+00 -0.993327 0.002047 0.009734 0.969766 0.009734 0.002047 0.993327 -0.002121 -0.009988 -0.969108 -0.009988 -0.002121 0.000000 
5.000000e-01 5.000000e-01 4.999980e-03 5.000000e-01 5.000000e-01 1.515112e+00 -0.993327 0.002047 0.009734 0.969766 0.009734 0.002047 0.993327 -0.002121 -0.009988 -0.969108 -0.009988 -0.002121 0.000000 
5.000000e-01 5.000000e-01 4.999980e-03 5.000000e-01 5.000000e-01 1.515112e+00 -0.993327 0.002047 0.009734 0.969766 0.009734 0.002047 0.993327 -0.002121 -0.009988 -0.969108 -0.009988 -0.002121 0.000000 
5.000000e-01 5.000000e-01 4.999980e-03 5.000000e-01 5.000000e-01 1.515112e+00 -0.993327 0.002047 0.009734 0.969766 0.009734 0.002047 0.993327 -0.002121 -0.009988 -0.969108 -0.009988 -0.002121 0.000000 
5.000000e-01 5.000000e-01 4.999980e-03 5.000000e-01 5.000000e-01 1.515112e+00 -0.993327 0.002047 0.009734 0.969766 0.009734 0.002047 0.993327 -0.002121 -0.009988 -0.969108 -0.009988 -0.002121 0.000000 
5.000000e-01 5.000000e-01 4.999980e-03 5.000000e-01 5.000000e-01 1.515112e+00 -0.993327 0.002047 0.009734 0.969766 0.009734 0.002047 0.993327 -0.002121 -0.009988 -0.969108 -0.009988 -0.002121 0.000000 
5.000000e-01 5.000000e-01 4.999980e-03 5.000000e-01 5.000000e-01 1.515112e+00 -0.993327 0.002047 0.009734 0.969766 0.009734 0.002047 0.993327 -0.002121 -0.009988 -0.969108 -0.009988 -0.002121 0.000000 
5.000000e-01 5.000000e-01 4.999980e-03 5.000000e-01 5.000000e-01 1.515112e+00 -0.993327 0.002047 0.009734 0.969766 0.009734 0.002047 0.993327 -0.002121 -0.009988 -0.969108 -0.009988 -0.002121 0.000000 
5.000000e-01 5.000000e-01 4.999980e-03 5.000000e-01 5.000000e-01 1.515112e+00 -0.993327 0.002047 0.009734 0.969766 0.009734 0.002047 0.993327 -0.002121 -0.009988 -0.969108 -0.009988 -0.002121 0.000000 
5.000000e-01 5.000000e-01 4.999980e-03 5.000000e-01 5.000000e-01 1.515112e+00 -0.993327 0.002047 0.009734 0.969766 0.009734 0.002047 0.993327 -0.002121 -0.009988 -0.969108 -0.009988 -0.002121 0.000000 
5.000000e-01 5.000000e-01 4.999980e-03 5.000000e-01 5.000000e-01 1.515112e+00 -0.993327 0.002047 0.009734 0.969766 0.009734 0.002047 0.993327 -0.002121 -0.009988 -0.969108 -0.009988 -0.002121 0.000000 
5.000000e-01 5.000000e-01 4.999980e-03 5.000000e-01 5.000000e-01 1.515112e+00 -0.993327 0.002047 0.009734 0.969766 0.009734 0.002047 0.993327 -0.002121 -0.009988 -0.969108 -0.009988 -0.002121 0.000000 
5.000000e-01 5.000000e-01 4.999980e-03 5.000000e-01 5.000000e-01 1.515112e+00 -0.993327 0.002047 0.009734 0.969766 0.009734 0.002047 0.993327 -0.002121 -0.009988 -0.969108 -0.009988 -0.002121 0.000000 
5.000000e-01 5.000000e-01 4.999980e-03 5.000000e-01 5.000000e-01 1.515112e+00 -0.993327 0.002047 0.009734 0.969766 0.009734 0.002047 0.993327 -0.002121 -0.009988 -0.969108 -0.009988 -0.002121 0.000000 
5.000000e-01 5.000000e-01 4.999980e-03 5.000000e-01 5.000000e-01 1.515112e+00 -0.993327 0.002047 0.009734 0.969766 0.009734 0.002047 0.993327 -0.002121 -0.009988 -0.969108 -0.009988 -0.002121 0.000000 
5.000000e-01 5.000000e-01 4.999980e-03 5.000000e-01 5.000000e-01 1.515112e+00 -0.993327 0.002047 0.009734 0.969766 0.009734 0.002047 0.993327 -0.002121 -0.009988 -0.969108 -0.009988 -0.002121 0.000000 
5.000000e-01 5.000000e-01 4.999980e-03 5.000000e-01 5.000000e-01 1.515112e+00 -0.993327 0.002047 0.009734 0.969766 0.009734 0.002047 0.993327 -0.002121 -0.009988 -0.969108 -0.009988 -0.002121 0.000000 
5.000000e-01 5.000000e-01 4.999980e-03 5.000000e-01 5.000000e-01 1.515112e+00 -0.993327 0.002047 0.009734 0.969766 0.009734 0.002047 0.993327 -0.002121 -0.009988 -0.969108 -0.009988 -0.002121 0.000000 
5.000000e-01 5.000000e-01 4.999980e-03 5.000000e-01 5.000000e-01 1.515112e+00 -0.993327 0.002047 0.009734 0.969766 0.009734 0.002047 0.993327 -0.002121 -0.009988 -0.969108 -0.009988 -0.002121 0.000000 
5.000000e-01 5.000000e-01 4.999980e-03 5.000000e-01 5.000000e-01 1.515112e+00 -0.993327 0.002047 0.009734 0.969766 0.009734 0.002047 0.993327 -0.002121 -0.009988 -0.969108 -0.009988 -0.002121 0.000000 
5.000000e-01 5.000000e-01 4.999980e-03 5.000000e-01 5.000000e-01 1.515112e+00 -0.993327 0.002047 0.009734 0.969766 0.009734 0.002047 0.993327 -0.002121 -0.009988 -0.969108 -0.009988 -0.002121 0.000000 
5.000000e-01 5.000000e-01 4.999980e-03 5.000000e-01 5.000000e-01 1.515112e+00 -0.993327 0.002047 0.009734 0.969766 0.009734 0.002047 0.993327 -0.002121 -0.009988 -0.969108 -0.009988 -0.002121 0.000000 
5.000000e-01 5.000000e-01 4.999980e-03 5.000000e-01 5.000000e-01 1.515112e+00 -0.993327 0.002047 0.009734 0.969766 0.009734 0.002047 0.993327 -0.002121 -0.009988 -0.969108 -0.009988 -0.002121 0.000000 
5.000000e-01 5.000000e-01 4.999980e-03 5.000000e-01 5.000000e-01 1.515112e+00 -0.993327 0.002047 0.009734 0.969766 0.009734 0.002047 0.993327 -0.002121 -0.009988 -0.969108 -0.009988 -0.002121 0.000000 
5.000000e-01 5.000000e-01 4.999980e-03 5.000000e-01 5.000000e-01 1.515112e+00 -0.993327 0.002047 0.009734 0.969766 0.009734 0.002047 0.993327 -0.002121 -0.009988 -0.969108 -0.009988 -0.002121 0.000000 
5.000000e-01 5.000000e-01 4.999980e-03 5.000000e-01 5.000000e-01 1.515112e+00 -0.993327 0.002047 0.009734 0.969766 0.009734 0.002047 0.993327 -0.002121 -0.009988 -0.969108 -0.009988 -0.002121 0.000000 
5.000000e-01 5.000000e-01 4.999980e-03 5.000000e-01 5.000000e-01 1.515112e+00 -0.993327 0.002047 0.009734 0.969766 0.009734 0.002047 0.993327 -0.002121 -0.009988 -0.969108 -0.009988 -0.002121 0.000000 
5.000000e-01 5.000000e-01 4.999980e-03 5.000000e-01 5.000000e-01 1.515112e+00 -0.993327 0.002047 0.009734 0.969766 0.009734 0.002047 0.993327 -0.002121 -0.009988 -0.969108 -0.009988 -0.002121 0.000000 
5.000000e-01 5.000000e-01 4.999980e-03 5.000000e-01 5.000000e-01 1.515112e+00 -0.993327 0.002047 0.009734 0.969766 0.009734 0.002047 0.993327 -0.002121 -0.009988 -0.969108 -0.009988 -0.002121 0.000000 
5.000000e-01 5.000000e-01 4.999980e-03 5.000000e-01 5.000000e-01 1.515112e+00 -0.993327 0.002047 0.009734 0.969766 0.009734 0.002047 0.993327 -0.002121 -0.009988 -0.969108 -0.009988 -0.002121 0.000000 
5.000000e-01 5.000000e-01 4.999980e-03 5.000000e-01 5.000000e-01 1.515112e+00 -0.993327 0.002047 0.009734 0.969766 0.009734 0.002047 0.993327 -0.002121 -0.009988 -0.969108 -0.009988 -0.002121 0.000000 
5.000000e-01 5.000000e-01 4.999980e-03 5.000000e-01 5.000000e-01 1.515112e+00 -0.993327 0.002047 0.009734 0.969766 0.009734 0.002047 0.993327 -0.002121 -0.009988 -0.969108 -0.009988 -0.002121 0.000000 
5.000000e-01 5.000000e-01 4.999980e-03 5.000000e-01 5.000000e-01 1.515112e+00 -0.993327 0.002047 0.009734 0.969766 0.009734 0.002047 0.993327 -0.002121 -0.009988 -0.969108 -0.009988 -0.002121 0.000000 
5.000000e-01 5.000000e-01 4.999980e-03 5.000000e-01 5.000000e-01 1.515112e+00 -0.993327 0.002047 0.009734 0.969766 0.009734 0.002047 0.993327 -0.002121 -0.009988 -0.969108 -0.009988 -0.002121 0.000000 
5.000000e-01 5.000000e-01 4.999980e-03 5.000000e-01 5.000000e-01 1.515112e+00 -0.993327 0.002047 0.009734 0.969766 0.009734 0.002047 0.993327 -0.002121 -0.009988 -0.969108 -0.009988 -0.002121 0.000000 
5.000000e-01 5.000000e-01 4.999980e-03 5.000000e-01 5.000000e-01 1.515112e+00 -0.993327 0.002047 0.009734 0.969766 0.009734 0.002047 0.993327 -0.002121 -0.009988 -0.969108 -0.009988 -0.002121 0.000000 
5.000000e-01 5.000000e-01 4.999980e-03 5.000000e-01 5.000000e-01 1.515112e+00 -0.993327 0.002047 0.009734 0.969766 0.009734 0.002047 0.993327 -0.002121 -0.009988 -0.969108 -0.009988 -0.002121 0.000000 
5.000000e-01 5.000000e-01 4.999980e-03 5.000000e-01 5.000000e-01 1.515112e+00 -0.993327 0.002047 0.009734 0.969766 0.009734 0.002047 0.993327 -0.002121 -0.009988 -0.969108 -0.009988 -0.002121 0.000000 
5.000000e-01 5.000000e-01 4.999980e-03 5.000000e-01 5.000000e-01 1.515112e+00 -0.993327 0.002047 0.009734 0.969766 0.009734 0.002047 0.993327 -0.002121 -0.009988 -0.969108 -0.009988 -0.002121 0.000000 
5.000000e-01 5.000000e-01 4.999980e-03 5.000000e-01 5.000000e-01 1.515112e+00 -0.993327 0.002047 0.009734 0.969766 0.009734 0.002047 0.993327 -0.002121 -0.009988 -0.969108 -0.009988 -0.002121 0.000000 
5.000000e-01 5.000000e-01 4.999980e-03 5.000000e-01 5.000000e-01 1.515112e+00 -0.993327 0.002047 0.009734 0.969766 0.009734 0.002047 0.993327 -0.002121 -0.009988 -0.969108 -0.009988 -0.002121 0.000000 
5.000000e-01 5.000000e-01 4.999980e-03 5.000000e-01 5.000000e-01 1.515112e+00 -0.993327 0.002047 0.009734 0.969766 0.009734 0.002047 0.993327 -0.002121 -0.009988 -0.969108 -0.009988 -0.002121 0.000000 
5.000000e-01 5.000000e-01 4.999980e-03 5.000000e-01 5.000000e-01 1.515112e+00 -0.993327 0.002047 0.009734 0.969766 0.009734 0.002047 0.993327 -0.002121 -0.009988 -0.969108 -0.009988 -0.002121 0.000000 
5.000000e-01 5.000000e-01 4.999980e-03 5.000000e-01 5.000000e-01 1.515112e+00 -0.993327 0.002047 0.009734 0.969766 0.009734 0.002047 0.993327 -0.002121 -0.009988 -0.969108 -0.009988 -0.002121 0.000000 
5.000000e-01 5.000000e-01 4.999980e-03 5.000000e-01 5.000000e-01 1.515112e+00 -0.993327 0.002047 0.009734 0.969766 0.009734 0.002047 0.993327 -0.002121 -0.009988 -0.969108 -0.009988 -0.002121 0.000000 
5.000000e-01 5.000000e-01 4.999980e-03 5.000000e-01 5.000000e-01 1.515112e+00 -0.993327 0.002047 0.009734 0.969766 0.009734 0.002047 0.993327 -0.002121 -0.009988 -0.969108 -0.009988 -0.002121 0.000000 
5.000000e-01 5.000000e-01 4.999980e-03 5.000000e-01 5.000000e-01 1.515112e+00 -0.993327 0.002047 0.009734 0.969766 0.009734 0.002047 0.993327 -0.002121 -0.009988 -0.969108 -0.009988 -0.002121 0.000000 
5.000000e-01 5.000000e-01 4.999980e-03 5.000000e-01 5.000000e-01 1.515112e+00 -0.993327 0.002047 0.009734 0.969766 0.009734 0.002047 0.993327 -0.002121 -0.009988 -0.969108 -0.009988 -0.002121 0.000000 
5.000000e-01 5.000000e-01 4.999980e-03 5.000000e-01 5.000000e-01 1.515112e+00 -0.993327 0.002047 0.009734 0.969766 0.009734 0.002047 0.993327 -0.002121 -0.009988 -0.969108 -0.009988 -0.002121 0.000000 
5.000000e-01 5.000000e-01 4.999980e-03 5.000000e-01 5.000000e-01 1.515112e+00 -0.993327 0.002047 0.009734 0.969766 0.009734 0.002047 0.993327 -0.002121 -0.009988 -0.969108 -0.009988 -0.002121 0.000000 
5.000000e-01 5.000000e-01 4.999980e-03 5.000000e-01 5.000000e-01 1.515112e+00 -0.993327 0.002047 0.009734 0.969766 0.009734 0.002047 0.993327 -0.002121 -0.009988 -0.969108 -0.009988 -0.002121 0.000000 
5.000000e-01 5.000000e-01 4.999980e-03 5.000000e-01 5.000000e-01 1.515112e+00 -0.993327 0.002047 0.009734 0.969766 0.009734 0.002047 0.993327 -0.002121 -0.009988 -0.969108 -0.009988 -0.002121 0.000000 
5.000000e-01 5.000000e-01 4.999980e-03 5.000000e-01 5.000000e-01 1.515112e+00 -0.993327 0.002047 0.009734 0.969766 0.009734 0.002047 0.993327 -0.002121 -0.009988 -0.969108 -0.009988 -0.002121 0.000000 
5.000000e-01 5.000000e-01 4.999980e-03 5.000000e-01 5.000000e-01 1.515112e+00 -0.993327 0.002047 0.009734 0.969766 0.009734 0.002047 0.993327 -0.002121 -0.009988 -0.969108 -0.009988 -0.002121 0.000000 
5.000000e-01 5.000000e-01 4.999980e-03 5.000000e-01 5.000000e-01 1.515112e+00 -0.993327 0.002047 0.009734 0.969766 0.009734 0.002047 0.993327 -0.002121 -0.009988 -0.969108 -0.009988 -0.002121 0.000000 
5.000000e-01 5.000000e-01 4.999980e-03 5.000000e-01 5.000000e-01 1.515112e+00 -0.993327 0.002047 0.009734 0.969766 0.009734 0.002047 0.993327 -0.002121 -0.009988 -0.969108 -0.009988 -0.002121 0.000000 
5.000000e-01 5.000000e-01 4.999980e-03 5.000000e-01 5.000000e-01 1.515112e+00 -0.993327 0.002047 0.009734 0.969766 0.009734 0.002047 0.993327 -0.002121 -0.009988 -0.969108 -0.009988 -0.002121 0.000000 
5.000000e-01 5.000000e-01 4.999980e-03 5.000000e-01 5.000000e-01 1.515112e+00 -0.993327 0.002047 0.009734 0.969766 0.009734 0.002047 0.993327 -0.002121 -0.009988 -0.969108 -0.009988 -0.002121 0.000000 
5.000000e-01 5.000000e-01 4.999980e-03 5.000000e-01 5.000000e-01 1.515112e+00 -0.993327 0.002047 0.009734 0.969766 0.009734 0.002047 0.993327 -0.002121 -0.009988 -0.969108 -0.009988 -0.002121 0.000000 
5.000000e-01 5.000000e-01 4.999980e-03 5.000000e-01 5.000000e-01 1.515112e+00 -0.993327 0.002047 0.009734 0.969766 0.009734 0.002047 0.993327 -0.002121 -0.009988 -0.969108 -0.009988 -0.002121 0.000000 
5.000000e-01 5.000000e-01 4.999980e-03 5.000000e-01 5.000000e-01 1.515112e+00 -0.993327 0.002047 0.009734 0.969766 0.009734 0.002047 0.993327 -0.002121 -0.009988 -0.969108 -0.009988 -0.002121 0.000000 
5.000000e-01 5.000000e-01 4.999980e-03 5.000000e-01 5.000000e-01 1.515112e+00 -0.993327 0.002047 0.009734 0.969766 0.009734 0.002047 0.993327 -0.002121 -0.009988 -0.969108 -0.009988 -0.002121 0.000000 
5.000000e-01 5.000000e-01 4.999980e-03 5.000000e-01 5.000000e-01 1.515112e+00 -0.993327 0.002047 0.009734 0.969766 0.009734 0.002047 0.993327 -0.002121 -0.009988 -0.969108 -0.009988 -0.002121 0.000000 
5.000000e-01 5.000000e-01 4.999980e-03 5.000000e-01 5.000000e-01 1.515112e+00 -0.993327 0.002047 0.009734 0.969766 0.009734 0.002047 0.993327 -0.002121 -0.009988 -0.969108 -0.009988 -0.002121 0.000000 
